0.563876
0.568267
0.546497
0.583230
0.549443
0.567115
0.560782
0.554129
0.543698
0.550728
0.524735
0.550472
0.557307
0.538339
0.528407
0.527910
0.535001
0.501007
0.521948
0.521480
0.526221
0.525573
0.521507
0.486839
0.502184
0.452553
0.505449
0.465179
0.507758
0.518636
0.525875
0.508146
0.472995
0.497859
0.446184
0.467063
0.482553
0.506562
0.458029
0.460458
0.426087
0.489502
0.508688
0.497457
0.442092
0.487747
0.437559
0.469528
0.483931
0.443850
0.457025
0.465365
0.455788
0.474001
0.314684
0.418558
0.436363
0.474313
0.406178
0.439230
0.374676
0.387870
0.435212
0.369204
0.362192
0.356630
0.359692
0.388847
0.337052
0.372990
0.260445
0.435736
0.385095
0.367590
0.304278
0.323784
0.388281
0.356802
0.359362
0.268767
0.351343
0.341646
0.269636
0.268631
0.373441
0.232775
0.336612
0.233494
0.338820
0.326116
0.233706
0.292499
0.330510
0.270307
0.236177
0.287677
0.225020
0.284281
0.302680
0.360653
0.261838
0.185883
0.243016
0.236274
0.206107
0.265854
0.214085
0.213948
0.180290
0.241067
0.281159
0.277106
0.205770
0.265114
0.210550
0.281796
0.223295
0.349554
0.272776
0.189259
0.225921
0.253506
0.182586
0.199992
0.297921
0.260171
0.217836
0.257036
0.186859
0.232213
0.167215
0.167856
0.220889
0.202705
0.227103
0.177053
0.205054
0.236004
0.183125
0.264231
0.195186
0.255112
0.221637
0.211554
0.254555
0.179429
0.230248
0.227988
0.215341
0.199028
0.182929
0.135866
0.243340
0.211645
0.262838
0.209091
0.184058
0.215429
0.174593
0.212134
0.204849
0.171196
0.185441
0.241902
0.148028
0.193418
0.186667
0.215259
0.256805
0.201831
0.164517
0.250032
0.126604
0.134595
0.155659
0.206259
0.142195
0.146315
0.111558
0.139592
0.093194
0.117979
0.113878
0.280327
0.117244
0.190186
0.097904
0.262029
0.139601
0.143728
0.163959
0.063582
0.106811
0.176699
0.335810
0.052543
0.118920
0.252583
0.383161
0.047301
0.232530
0.040716
