0.449315
0.456280
0.441168
0.454143
0.443776
0.431879
0.433320
0.439350
0.424584
0.431575
0.441329
0.453703
0.440057
0.414926
0.405823
0.406859
0.404300
0.413211
0.409025
0.387873
0.396620
0.414318
0.402659
0.402265
0.391527
0.389655
0.410503
0.397687
0.416686
0.388094
0.383640
0.363517
0.403489
0.393126
0.366484
0.384540
0.352926
0.363824
0.385757
0.374605
0.380640
0.368051
0.345023
0.346787
0.324866
0.337815
0.353430
0.346791
0.321852
0.325242
0.291374
0.342718
0.315339
0.292632
0.351950
0.304301
0.336534
0.296275
0.335960
0.279597
0.282323
0.300075
0.302425
0.321641
0.267614
0.282133
0.301258
0.261364
0.299533
0.251393
0.230569
0.305298
0.278639
0.274407
0.245511
0.258870
0.249386
0.224459
0.253941
0.230630
0.245721
0.214862
0.182556
0.230647
0.200611
0.242108
0.246021
0.196188
0.242116
0.205850
0.247872
0.221480
0.212390
0.226750
0.231112
0.173846
0.187113
0.221050
0.199572
0.197141
0.181794
0.129253
0.214815
0.188534
0.207979
0.243090
0.197260
0.115498
0.208116
0.179854
0.197796
0.123001
0.211249
0.135671
0.120211
0.178485
0.106789
0.192363
0.194781
0.104454
0.152770
0.103327
0.193507
0.103200
0.154235
0.163760
0.144107
0.131302
0.144574
0.183443
0.091783
0.077119
0.096972
0.119683
0.142547
0.086695
0.126345
0.133779
0.168997
0.169852
0.146107
0.164207
0.151326
0.117626
0.094230
0.098152
0.076038
0.116996
0.151200
0.088921
0.094902
0.097334
0.132185
0.184870
0.085568
0.096864
0.096017
0.162473
0.096382
0.096119
0.095135
0.095655
0.096660
0.099177
0.106512
0.094225
0.154545
0.093488
0.096439
0.094677
0.077619
0.089597
0.096669
0.089782
0.121323
0.095227
0.095024
0.094835
0.094660
0.149180
0.094851
0.094853
0.093868
0.025425
0.091600
0.102773
0.127274
0.094421
0.094281
0.094152
0.090973
0.094673
0.093907
0.093829
0.093758
0.093703
0.109038
0.094753
0.099289
0.094218
0.093700
0.093198
0.093598
0.093551
0.121508
0.093728
0.092720
0.093597
0.093722
0.093632
0.093569
0.093166
0.151643
0.093702
0.092095
0.093550
0.093488
0.087156
0.093416
0.091884
0.093337
0.093307
0.094243
0.148226
0.092148
0.093356
0.093313
0.093276
0.093245
0.108942
0.093313
0.093266
0.093229
0.093198
0.093172
0.093144
0.094865
0.093110
0.093089
0.093076
0.093066
0.093052
0.093037
0.093030
0.076835
0.093012
0.090376
0.092995
0.090886
0.092977
0.092965
0.092953
0.092947
0.092937
0.092926
0.092916
0.023148
0.092999
0.092968
0.092941
0.092918
0.089783
0.092878
0.092865
0.092856
0.092848
0.092839
0.092830
0.092821
0.092812
0.092803
0.092794
0.093075
0.092777
0.092768
0.092759
0.092750
0.092741
0.092732
0.092724
0.092715
0.092706
0.092697
0.092688
0.092679
0.092670
0.092661
0.092653
0.092644
0.089183
0.092643
0.092627
0.092615
0.092609
0.092599
0.092589
0.092579
0.092569
0.091261
0.091252
0.091242
0.091239
0.091224
0.091221
0.091206
0.091203
0.091188
0.091185
0.091171
0.091167
0.091153
0.091149
0.091135
0.091131
0.091117
0.091113
0.091099
0.091095
0.091081
0.091077
0.091063
0.091059
0.091045
0.091041
0.091027
0.091024
0.091009
0.091000
0.090996
0.090982
0.090978
0.089615
0.090960
0.109993
0.090998
0.090976
0.090958
0.090942
0.090924
0.090912
0.090897
0.090888
0.090875
0.090868
0.090857
0.090846
0.090834
0.090823
0.090818
0.090809
0.090799
0.090790
0.090780
0.090770
0.090761
0.090751
0.089331
