4.192193
4.192070
4.186506
4.189735
4.188307
4.188010
4.188318
4.176204
4.192660
4.186269
4.190024
4.183904
4.192032
4.182311
4.194191
4.188091
4.183654
4.191279
4.186088
4.186134
4.194997
4.185689
4.188141
4.193271
4.170826
4.173253
4.169318
4.183594
4.181045
4.185189
4.171394
4.176054
4.161268
4.161982
4.173622
4.168669
4.174652
4.182586
4.177425
4.184633
4.184790
4.175008
4.164537
4.165824
4.183992
4.176555
4.179972
4.168557
4.168536
4.165289
4.171827
4.162732
4.170828
4.174300
4.151287
4.160006
4.171071
4.174253
4.165646
4.165305
4.150158
4.157154
4.166380
4.157824
4.165544
4.173834
4.155295
4.160564
4.158962
4.159457
4.151630
4.160239
4.150014
4.164494
4.166820
4.150699
4.147295
4.154056
4.145973
4.146032
4.152095
4.158669
4.148825
4.143107
4.152540
4.150753
4.144364
4.144839
4.149787
4.166711
4.163441
4.148586
4.142494
4.169028
4.163668
4.144210
4.145426
4.151546
4.162198
4.147999
4.156284
4.149767
4.141187
4.149436
4.144710
4.147197
4.148826
4.142980
4.150602
4.142049
4.148737
4.140339
4.150436
4.144710
4.141885
4.145424
4.155150
4.144971
4.151320
4.153350
4.149729
4.153476
4.141330
4.143710
4.145932
4.142714
4.140781
4.141432
4.139661
4.149015
4.149438
4.140426
4.149171
4.144875
4.141892
4.141249
4.146140
4.141432
4.140261
4.140336
4.142495
4.147483
4.144267
4.145747
4.140339
4.148213
4.141432
4.149766
4.148085
4.146261
4.139661
4.141432
4.148086
4.147483
4.139661
4.139661
4.140501
4.140260
4.142719
4.137568
4.142380
4.139661
4.137567
4.144266
4.141187
4.142815
4.139661
4.142719
4.139660
4.138952
4.141187
4.140261
4.139661
4.139661
4.141187
4.139661
4.139660
4.138298
4.146115
4.138298
4.139660
4.138298
4.138298
4.138298
4.146115
4.139664
4.139660
4.138298
4.140426
4.138298
4.138298
4.138298
4.141191
4.138298
4.139660
4.140260
4.138298
4.140336
4.139825
4.142657
4.138298
4.138298
4.147320
4.146115
4.138298
4.138298
4.138298
4.138298
4.138898
4.138298
4.140336
4.139660
4.138298
4.138298
4.138298
4.139660
4.142054
4.139825
4.141432
4.138298
4.138298
4.138298
4.138298
4.138298
4.142307
4.138298
4.138298
4.139825
4.138298
4.138298
4.138298
4.138298
4.139660
4.138298
4.146115
4.138298
4.139825
4.139825
4.138298
4.147483
4.138298
4.138298
4.138298
4.138298
4.138298
4.138298
4.139825
4.138298
4.139660
4.138298
4.138298
4.138298
4.138298
4.138298
4.138298
4.138298
4.138298
4.138298
4.138298
4.138298
4.138298
4.138298
4.138298
4.138298
4.138298
4.138298
4.138298
4.138298
4.138298
4.138298
4.138298
4.138298
4.138298
4.138298
4.138298
4.138298
4.138298
4.138298
4.138298
4.138298
4.138298
4.138298
4.139660
4.139660
4.139660
4.139660
4.139660
4.139660
4.139660
4.139660
4.139660
4.139660
4.139660
4.139660
4.139661
4.139661
4.139661
4.139661
4.139661
4.139661
4.139661
4.139661
4.139661
4.139661
4.139661
4.139661
4.139661
4.140261
4.139661
4.139661
4.139661
4.139661
4.139661
4.139661
4.139661
4.139661
4.139661
4.139661
4.139661
4.139661
4.137536
4.139661
4.139661
4.139661
4.139661
4.139661
4.139661
4.139661
4.139661
4.139661
4.139661
4.139661
4.139661
4.139661
4.139661
4.139661
4.139661
4.139661
4.139661
4.139661
4.139661
4.139661
4.139661
4.139661
4.139661
4.139661
4.139661
4.139661
4.139661
4.139661
4.139661
4.139661
4.139661
4.139661
4.139661
4.139661
4.139661
4.139661
4.139661
4.139661
4.139661
4.139661
4.139661
4.139661
4.139661
4.139661
4.139661
4.139661
4.139661
4.139661
4.139661
4.139661
4.139661
4.139661
4.139661
4.139661
4.139661
4.139661
4.139661
4.139661
4.139661
4.139661
4.139661
4.139661
4.139661
4.139661
4.139661
4.139661
4.139661
4.139661
4.139661
4.139661
4.139661
4.139661
4.139661
4.139661
4.139661
4.139661
4.139661
4.139661
4.139661
4.139661
4.139661
4.139661
4.139661
4.139661
4.139661
4.139661
4.139661
4.139661
4.139661
4.139661
4.139661
4.139661
4.139661
4.139661
4.139661
4.139661
4.139661
4.139661
4.139661
