0.381424
0.378646
0.384737
0.379649
0.407265
0.363846
0.380475
0.374658
0.365161
0.376175
0.354519
0.362609
0.345966
0.349174
0.363441
0.346616
0.344270
0.348695
0.332273
0.331794
0.341617
0.335035
0.345828
0.315802
0.304173
0.286756
0.326179
0.306334
0.288731
0.282484
0.281385
0.286845
0.284846
0.301459
0.307080
0.270036
0.274375
0.276750
0.285782
0.262779
0.250888
0.284174
0.242667
0.257930
0.286392
0.243867
0.218560
0.238465
0.219425
0.224291
0.230350
0.218328
0.213239
0.225628
0.231541
0.216460
0.208888
0.191993
0.188920
0.196867
0.202290
0.223735
0.221002
0.225534
0.189805
0.209237
0.224527
0.179119
0.180432
0.210948
0.163279
0.164754
0.150898
0.215704
0.226207
0.218494
0.158344
0.207019
0.202598
0.201177
0.203308
0.165168
0.199085
0.205976
0.205149
0.132423
0.164817
0.199963
0.142569
0.202229
0.131319
0.152071
0.191039
0.196453
0.206519
0.156242
0.128099
0.153884
0.212486
0.194269
0.188098
0.175574
0.135304
0.201282
0.110287
0.129085
0.127625
0.123415
0.117848
0.100111
0.180576
0.092564
0.110806
0.116411
0.092212
0.087029
0.109097
0.161468
0.169221
0.180145
0.107532
0.170784
0.104056
0.109901
0.170150
0.102263
0.105709
0.099511
0.100432
0.094171
0.096080
0.096589
0.090992
0.089894
0.093993
0.145822
0.068717
0.163009
0.087956
0.087409
0.087575
0.084474
0.084735
0.083055
0.052405
0.162853
0.084935
0.052275
0.158816
0.081444
0.076795
0.075842
0.074556
0.073270
0.073711
0.070872
0.071389
0.068964
0.068302
0.072618
0.070372
0.070265
0.073339
0.071364
0.066735
0.068212
0.070085
0.067887
0.070215
0.153341
0.067700
0.067824
0.146485
0.067855
0.067801
0.067776
0.070482
0.066018
0.067887
0.067813
0.067776
0.067753
0.067735
0.070742
0.067750
0.070394
0.070819
0.070315
0.067787
0.070930
0.070716
0.070723
0.065755
0.070048
0.067730
0.067710
0.071636
0.067752
0.067729
0.067795
0.065789
0.067709
0.067691
0.066051
0.067886
0.065201
0.067817
0.067756
0.067726
0.067696
0.067703
0.067693
0.070858
0.067687
0.067698
0.069895
0.067664
0.067681
0.067688
0.069563
0.067677
0.070573
0.067660
0.067668
0.067680
0.067678
0.067676
0.067671
0.067678
0.067668
0.067671
0.067669
0.067664
0.069335
0.067737
0.070367
0.070117
0.067649
0.067634
0.067641
0.067660
0.067651
0.067654
