4.186968
4.189241
4.191421
4.189536
4.190199
4.185534
4.191663
4.186092
4.186313
4.186186
4.189740
4.182531
4.182874
4.175188
4.191699
4.188211
4.189206
4.185992
4.190017
4.189999
4.191410
4.189927
4.180312
4.182931
4.190993
4.191438
4.173694
4.189786
4.175529
4.195671
4.171217
4.180059
4.178958
4.180700
4.180964
4.166562
4.159378
4.178498
4.177238
4.187700
4.172054
4.168139
4.187015
4.165980
4.174520
4.186317
4.182014
4.177072
4.168812
4.167376
4.163413
4.186833
4.151077
4.148565
4.191193
4.146764
4.169606
4.148054
4.155562
4.159172
4.153270
4.193968
4.149058
4.187948
4.176384
4.167265
4.160497
4.190943
4.188580
4.156192
4.173706
4.175213
4.194314
4.150029
4.163770
4.142369
