90.000000
103.000000
92.000000
88.000000
105.000000
98.000000
102.000000
93.000000
95.000000
97.000000
103.000000
108.000000
88.000000
87.000000
97.000000
90.000000
89.000000
110.000000
96.000000
100.000000
87.000000
89.000000
106.000000
96.000000
98.000000
41.000000
40.000000
53.000000
49.000000
46.000000
50.000000
34.000000
53.000000
48.000000
40.000000
42.000000
44.000000
54.000000
61.000000
40.000000
56.000000
44.000000
48.000000
37.000000
48.000000
52.000000
44.000000
44.000000
52.000000
57.000000
31.000000
19.000000
24.000000
15.000000
20.000000
20.000000
28.000000
20.000000
30.000000
31.000000
28.000000
16.000000
29.000000
15.000000
29.000000
30.000000
34.000000
27.000000
24.000000
24.000000
23.000000
29.000000
21.000000
24.000000
24.000000
