0.283988
0.336061
0.334128
0.308226
0.256335
0.253559
0.295040
0.279185
0.234452
0.226004
0.277119
0.248443
0.228425
0.277381
0.254868
0.241593
0.212046
0.275609
0.229688
0.249934
0.218926
0.231052
0.222612
0.239487
0.232557
0.233430
0.174774
0.153321
0.217003
0.188880
0.172036
0.164350
0.156953
0.141561
0.230626
0.232521
0.173863
0.170690
0.116461
0.158012
0.171652
0.147929
0.077641
0.160234
0.136834
0.112915
0.161723
0.182066
0.073652
0.165331
0.146718
0.119233
0.104799
0.157468
0.132682
0.107874
0.068206
0.058167
0.131713
0.096885
0.137474
0.143115
0.163763
0.070436
0.158761
0.187224
0.142105
0.155030
0.102765
0.173237
0.069842
0.163217
0.126779
0.094381
0.057612
0.107510
0.179317
0.200925
0.188471
0.166767
0.192195
0.138207
0.090857
0.114329
0.147573
0.149362
0.112434
0.142865
0.109417
0.147747
0.184399
0.146597
0.050413
0.058155
0.139273
0.092723
0.071805
0.165360
0.077245
0.075219
0.117911
0.168047
0.129521
0.094992
0.138204
0.147999
0.114227
0.161560
0.137942
0.170017
0.153786
0.151593
0.162052
0.148025
0.113820
0.155085
0.162410
0.172971
0.200111
0.134135
0.167364
0.058332
0.131833
0.147258
0.145932
0.136699
0.145732
0.158781
0.108729
0.157064
0.157031
0.156838
0.154336
0.153005
0.100635
0.152602
0.149123
0.099735
0.132879
0.171053
0.150547
0.143536
0.146405
0.147665
0.145809
0.152672
0.076790
0.133271
0.109455
0.138877
0.079731
0.141752
0.147352
0.108294
0.146203
0.145899
0.122936
0.145015
0.145049
0.144696
0.141618
0.163430
0.134550
0.184276
0.143279
0.141554
0.140281
0.144575
0.149961
0.143738
0.138730
0.134435
0.142935
0.143104
0.098270
0.152769
0.134079
0.133002
0.131022
0.139376
0.138467
0.136429
0.085309
0.132932
0.203950
0.139815
0.139550
0.139186
0.139002
0.138118
0.111875
0.138343
0.138105
0.139584
0.136235
0.137410
0.137187
0.136140
0.079922
0.137002
0.136791
0.136584
0.134438
0.136202
0.136005
0.138409
0.135164
0.154786
0.135414
0.135229
0.135929
0.134873
0.134695
0.133705
0.174102
0.134771
0.134591
0.134425
0.134261
0.133164
0.133946
0.134081
0.133696
0.093291
0.131816
0.097661
0.133356
0.133229
0.133101
0.133072
0.132859
0.132743
0.131600
0.132491
0.132387
0.132281
0.132175
0.132077
0.131982
0.155847
0.092868
0.131818
0.131202
0.129693
0.130626
0.130949
0.130867
0.130794
0.090692
0.130769
0.130695
0.130919
0.130545
0.130479
0.155232
0.130346
0.130277
0.130218
0.130160
0.130101
0.130043
0.129984
0.129934
0.129882
0.129830
0.129777
0.127648
0.127606
0.127564
0.127522
0.127480
0.127438
0.127403
0.127366
0.127329
0.127292
0.127255
0.127218
0.127188
0.127155
0.127122
0.127090
0.127057
0.127024
0.126992
0.126989
0.126961
0.126932
0.126903
0.126875
0.126846
0.126813
0.090807
0.126828
0.126802
0.126773
0.126745
0.126716
0.126693
0.126664
0.126635
0.126602
0.126575
0.126549
0.126529
0.126506
0.126482
0.126459
0.126435
0.126411
0.126388
0.125935
0.125913
0.125890
0.125867
0.125844
0.125821
0.125799
0.125776
0.125753
0.125730
0.125707
0.125684
0.125662
0.125639
0.125621
0.125600
0.125579
0.125558
0.125536
0.125515
0.125494
0.125472
0.125451
0.125430
0.125409
0.125387
0.125366
0.125345
0.125324
0.125302
0.125281
0.125260
0.125238
0.125217
0.125196
0.124329
0.125201
0.125180
0.125159
0.125138
0.125117
0.125096
0.125075
0.125054
0.125033
0.125012
0.124991
0.124970
0.124949
0.124928
0.124907
0.124886
0.124865
0.124844
0.124823
0.124802
0.124781
0.124760
0.124739
0.124718
0.124697
0.124676
0.124655
0.124634
0.124613
0.124592
0.124571
0.124550
0.124529
0.124508
0.124487
0.124466
0.124445
0.124423
0.124402
0.124381
0.124360
0.123938
0.123917
0.123896
0.123876
0.123855
