0.399877
0.347514
0.396311
0.398269
0.364172
0.368828
0.363843
0.372009
0.341673
0.358359
0.362041
0.338224
0.356003
0.331089
0.324452
0.345772
0.313513
0.297650
0.301101
0.312662
0.309472
0.325409
0.295097
0.312170
0.314284
0.323307
0.294572
0.305363
0.300315
0.296072
0.295795
0.278853
0.245901
0.242410
0.296201
0.282565
0.273610
0.274188
0.239938
0.280995
0.252568
0.281364
0.271720
0.273230
0.258414
0.303856
0.249681
0.227229
0.238469
0.255900
0.221198
0.206069
0.211654
0.223190
0.231441
0.230461
0.273029
0.227757
0.238521
0.209074
0.208071
0.212799
0.196714
0.199912
0.195323
0.221336
0.196872
0.206277
0.196345
0.180555
0.186508
0.224071
0.189829
0.201446
0.175492
0.189589
0.192116
0.204286
0.193186
0.175310
0.187980
0.183823
0.209682
0.199952
0.185329
0.179184
0.190823
0.200032
0.192962
0.156734
0.150718
0.183729
0.185779
0.186095
0.155871
0.169157
0.160718
0.180603
0.155747
0.179705
0.184705
0.185654
0.170276
0.178987
0.186379
0.149569
0.137234
0.178955
0.175300
0.150684
0.183198
0.179339
0.159872
0.157271
0.180703
0.178037
0.153280
0.164628
0.116620
0.174457
0.170461
0.171674
0.118134
0.178979
0.174105
0.135936
0.171447
0.144075
0.254020
0.177406
0.170585
0.122093
0.174589
0.148810
0.105450
0.235307
0.178061
0.117122
0.169404
0.114562
0.172119
0.174742
0.170835
0.166731
0.170465
0.170095
0.164578
0.167361
0.166539
0.164575
0.171906
0.105687
0.167673
0.170695
0.176004
0.173948
0.166366
0.193982
0.173426
0.169528
0.167912
0.166318
0.172253
0.167892
0.169007
0.169464
0.167825
0.168019
0.171311
0.173398
0.230331
0.166466
0.175568
0.154321
0.173731
0.166904
0.161488
0.167773
0.107799
0.167760
0.169812
0.167335
0.167748
0.167387
0.101504
0.167761
0.179848
0.169809
0.103255
0.167760
0.167755
0.167505
0.170799
0.167743
0.173225
0.167757
0.167744
0.169308
0.167735
0.168947
0.155435
0.167728
0.168039
0.165265
0.278462
0.166193
0.166990
0.166983
0.166975
0.172763
0.166961
0.166948
0.166940
0.166933
0.166925
0.166918
0.166910
0.166216
0.166898
0.166890
0.294979
0.166774
0.166746
0.180766
0.166675
0.164936
0.166620
0.166595
0.166708
0.166555
0.166539
0.168160
0.166506
0.166490
0.165223
0.166456
0.166440
0.166423
0.166407
0.166389
0.166376
0.166358
0.166304
0.166291
0.100163
0.166161
0.166145
0.166135
0.166124
0.165472
0.165458
0.165449
0.165440
0.165431
0.165421
0.165412
0.165403
0.165394
0.165385
0.165376
0.163483
0.165360
0.165351
0.165342
0.165333
0.165323
0.165316
0.165307
0.165298
0.168478
0.165276
0.165263
0.164481
0.165249
0.165240
0.165234
0.165229
0.165223
0.165218
0.165213
0.165207
0.165202
0.165197
0.165188
0.165183
0.165179
0.165174
0.165169
0.165165
0.165160
0.165155
0.165150
0.165146
0.165141
0.165136
0.165132
0.165127
0.165122
0.165118
0.165113
0.165108
0.163270
0.165099
0.165094
0.165090
0.165085
0.165080
0.165076
0.165071
0.165066
0.165062
0.165057
0.165052
0.165048
0.165043
0.165038
0.165034
0.165029
0.165024
0.165020
0.165015
0.165010
0.165005
0.165001
0.164996
0.164991
0.164987
0.164982
0.164977
0.164934
0.164930
0.164922
0.164917
0.164913
0.164909
0.164925
0.164899
0.164895
0.164890
0.164886
0.164882
0.164878
0.164873
0.164869
0.164865
0.164861
0.164856
0.164852
0.164848
0.164843
0.164839
0.164831
