0.213021
0.185757
0.201639
0.177788
0.192568
0.170617
0.185262
0.191212
0.175741
0.178721
0.162174
0.173547
0.169195
0.184334
0.156463
0.154999
0.172243
0.154134
0.161579
0.165072
0.135447
0.145378
0.137693
0.153365
0.146370
0.148520
0.162103
0.150005
0.173932
0.137868
0.165148
0.166422
0.141392
0.119859
0.150220
0.131822
0.135452
0.132443
0.120237
0.103685
0.113113
0.098699
0.109177
0.121037
0.102893
0.092793
0.090663
0.117452
0.090847
0.141969
0.132492
0.155772
0.096095
0.121387
0.131472
0.070330
0.102382
0.147547
0.078633
0.122069
0.156589
0.084358
0.103689
0.132357
0.130575
0.081727
0.140188
0.151072
0.091712
0.077659
0.130904
0.144659
0.096527
0.101913
0.084050
0.074478
0.106116
0.158890
0.108705
0.103749
0.073617
0.137448
0.088584
0.071566
0.144096
0.103646
0.137737
0.088786
0.065917
0.091422
0.103330
0.082597
0.144961
0.123053
0.142844
0.094669
0.147863
0.134273
0.104451
0.114488
0.143179
0.152393
0.102153
0.100149
0.142685
0.101467
0.132280
0.145724
0.095620
0.061252
0.080428
0.105256
0.109501
0.085762
0.136583
0.133342
0.099511
0.096473
0.096395
0.095770
0.099134
0.101218
0.101044
0.058478
0.098232
0.103394
0.092954
0.098317
0.094571
0.154479
0.141043
0.100896
0.113486
0.102662
0.087815
0.088812
0.101712
0.103173
0.104762
0.102027
0.102502
0.107504
0.100522
0.107215
0.103100
0.137691
0.097843
0.063312
0.101105
0.059789
0.092789
0.102094
0.138978
0.100404
0.102810
0.105599
0.100357
0.100258
0.101380
0.138344
0.100129
0.096655
0.101420
0.101649
0.139928
0.138357
0.146629
0.102238
0.099464
0.101666
0.103090
0.104062
0.103422
0.102587
0.101501
0.100207
0.102433
0.094339
0.100111
0.100849
0.102079
0.158960
0.100022
0.099978
0.099962
0.099943
0.099928
0.099915
0.142362
0.099921
0.099531
0.100943
0.101998
0.099973
0.157267
0.100046
0.099942
0.099928
0.099917
0.099898
0.101460
0.099877
0.099866
0.099863
0.099862
0.099856
0.154433
0.099865
0.099857
0.099854
0.099853
0.101150
0.101405
0.101383
0.099863
0.099854
0.152715
0.099874
0.099858
0.099848
0.139287
0.099865
0.099849
0.099847
0.099836
0.099824
0.099821
0.099821
0.099815
0.099816
0.099812
0.099808
0.099804
0.099807
0.099804
0.099802
0.099799
0.099797
0.101345
0.099810
0.099810
0.099798
0.087821
0.101667
0.101200
0.101058
0.101020
0.100999
0.119709
0.100134
0.099927
0.099852
0.099828
0.099819
0.099813
0.099799
0.099797
0.099795
0.099794
0.099792
0.099790
0.099789
0.099787
0.099785
0.099784
0.099782
0.099780
0.099779
0.099778
0.099772
0.099769
0.099766
0.099764
0.099761
0.099759
0.099756
0.099761
0.099752
0.099757
0.099748
0.099746
0.099750
0.099742
0.099746
0.099738
0.099735
0.099740
0.099731
0.099736
0.099727
0.099724
0.099729
0.099720
0.099725
0.099716
0.099714
0.099718
0.099710
0.099714
0.099706
0.099703
0.099708
0.099699
0.099704
0.099695
0.099693
0.099697
0.099688
0.099693
0.099684
0.099682
0.099686
0.099678
0.099682
0.099674
0.099671
0.099676
0.099667
0.099672
0.099663
0.099661
0.099665
0.099657
0.099661
0.099652
0.099650
0.100827
0.100828
0.100830
0.100827
0.100824
0.100821
0.100818
0.100815
0.100819
0.100817
0.100815
0.100813
0.100811
0.100809
0.100808
0.100806
0.100797
0.100801
0.100799
0.100797
0.100795
0.100794
0.100792
0.100790
0.100781
0.100785
