0.480202
0.474432
0.466393
0.467207
0.456733
0.476884
0.439264
0.451123
0.461735
0.447578
0.429944
0.446312
0.454111
0.471689
0.422994
0.441259
0.457742
0.438054
0.393407
0.423505
0.426856
0.408923
0.429072
0.412651
0.424159
0.387414
0.426589
0.426068
0.402453
0.342264
0.418285
0.396825
0.392358
0.414760
0.411577
0.408455
0.402281
0.415293
0.413873
0.366498
0.390034
0.371403
0.362844
0.382680
0.373522
0.365086
0.359119
0.364137
0.366954
0.353765
0.349315
0.315085
0.355172
0.379800
0.289344
0.378980
0.361413
0.371421
0.360375
0.376372
0.370001
0.277742
0.344069
0.302538
0.317048
0.329885
0.308178
0.303527
0.273812
0.335453
0.312399
0.280637
0.247473
0.319399
0.316491
0.335346
