4.192311
4.188176
4.188224
4.188734
4.192605
4.176166
4.180113
4.190110
4.180249
4.186410
4.188298
4.190321
4.176381
4.188482
4.180388
4.170374
4.191242
4.190266
4.190098
4.186211
4.187759
4.191184
4.189684
4.185367
4.187675
4.178375
4.177058
4.180328
4.178813
4.169768
4.188306
4.174611
4.162460
4.174419
4.167018
4.181304
4.177078
4.173310
4.161622
4.169317
4.173565
4.175322
4.180095
4.185159
4.184837
4.177550
4.190247
4.191038
4.177383
4.174038
4.157511
4.171803
4.158577
4.158288
4.176610
4.165008
4.154235
4.152833
4.183602
4.166842
4.160450
4.172900
4.188015
4.155654
4.187453
4.192451
4.188568
4.146099
4.172750
4.151155
4.155723
4.189280
4.164594
4.175405
4.160473
4.152833
4.184361
4.190068
4.146583
4.144364
4.190581
4.185738
4.176964
4.146485
4.183316
4.188192
4.176115
4.177796
4.154068
4.188664
4.157059
4.179830
4.153948
4.157837
4.185702
4.149603
4.153542
4.189708
4.162264
4.169536
4.170703
4.186575
4.154384
4.143327
4.140337
4.183649
4.141353
4.175112
4.180651
4.182074
4.166695
4.182856
4.178921
4.186987
4.145834
4.181621
4.181287
4.178303
4.181393
4.183844
4.177644
4.149922
4.181615
4.185341
4.186781
4.179618
4.176072
4.182424
4.138775
4.183376
4.180996
4.181287
4.180996
4.182568
4.168332
4.180726
4.180755
4.145350
4.178636
4.189818
4.175724
4.179687
4.180223
4.180136
4.180136
4.186814
4.175658
4.183221
4.139660
4.184506
4.175431
4.180199
4.180136
4.178276
4.180996
4.179807
4.179647
4.179247
4.180136
4.180136
4.176276
4.182756
4.181810
4.173363
4.181707
4.175657
4.182077
4.179866
4.181516
4.180755
4.181259
4.181517
4.180136
4.179807
4.178276
4.182077
4.177228
4.177228
4.180571
4.179712
4.179247
4.178921
4.138298
4.175779
4.178140
4.178302
4.178302
4.179781
4.178302
4.177228
4.182307
4.177228
4.177228
4.177847
4.177228
4.177228
4.177228
4.180986
4.174880
4.177228
4.177228
4.177228
4.180656
4.177228
4.177228
4.179711
4.177847
4.185242
4.177228
4.177228
4.178637
4.177228
4.177228
4.178640
4.174948
4.177228
4.177228
4.177228
4.177228
4.179418
4.177228
4.178637
4.177228
4.137567
4.178302
4.138298
4.177228
4.177228
4.177228
4.177295
4.177228
4.177228
4.177847
4.177228
4.177228
4.177228
4.177228
4.177228
4.177228
4.186221
4.176730
4.177228
4.175886
4.176505
4.175886
4.175886
4.175886
4.175886
4.174317
4.175886
4.175886
4.177390
4.175886
4.175886
4.185939
4.175886
4.175886
4.175886
4.175886
4.175886
4.175886
4.175886
4.175886
4.175886
4.175886
4.175886
4.175886
4.175886
4.175886
4.175886
4.175886
4.175886
4.175886
4.175886
4.175886
4.175886
4.175886
4.175886
4.175886
4.175886
4.175886
4.175886
4.175886
4.175886
4.175886
4.175886
4.175886
4.175886
4.175886
4.175886
4.175886
4.175886
4.170746
4.175886
4.175886
4.175886
4.175886
4.175886
4.175886
4.175886
4.175886
4.175886
4.175886
4.175886
4.175886
4.175886
4.175886
4.175886
4.175886
4.175886
4.175886
4.174210
4.174210
4.174210
4.174210
4.174210
4.174210
4.174210
4.174210
4.174210
4.174210
4.174210
4.174210
4.174210
4.174210
4.174210
4.174210
4.174210
4.174210
4.174210
4.174210
4.174210
4.174210
4.174210
4.174210
4.174210
4.174210
4.174210
4.174210
4.174210
4.174210
4.174210
4.174210
4.174210
4.174210
4.174210
4.174210
4.174210
4.174210
4.174210
4.174210
4.174210
4.174210
4.174210
4.174210
4.174210
4.174210
4.174210
4.174210
4.174210
4.174210
4.174210
4.174210
4.174210
4.174210
4.174210
4.174210
4.174210
4.174210
4.174210
4.174210
4.174210
4.174210
4.174210
4.174210
4.174210
4.174210
4.174210
4.174210
4.174210
4.174210
4.174210
4.174210
4.174210
4.174210
4.174210
4.174210
4.174210
4.172117
4.172117
4.172117
4.172117
4.172117
