4.176330
4.186267
4.188150
4.190093
4.180185
4.188407
4.187229
4.176003
4.187967
4.193738
4.190281
4.183702
4.189817
4.191503
4.190062
4.184000
4.179632
4.195224
4.163835
4.191290
4.179329
4.191529
4.191627
4.186005
4.194411
4.186341
4.175464
4.178041
4.172009
4.170651
4.178203
4.173259
4.175926
4.161830
4.177489
4.185661
4.176766
4.179996
4.166187
4.173186
4.169040
4.170877
4.180636
4.163355
4.170338
4.179499
4.178671
4.179678
4.186911
4.173070
4.141897
4.172616
4.166091
4.154348
4.156314
4.157787
4.173123
4.153500
4.145972
4.158628
4.154642
4.155987
4.172291
4.160628
4.149794
4.154838
4.158165
4.160619
4.153649
4.174157
4.157259
4.157922
4.153205
4.156793
4.146667
4.141131
4.140780
4.143589
4.162952
4.156151
