1.000000000000000000000000000000
1.000000000000000000000000000000
1.000000000000000000000000000000
1.000000000000000000000000000000
1.000000000000000000000000000000
1.000000000000000000000000000000
1.000000000000000000000000000000
1.000000000000000000000000000000
0.068719476736000012495608757490
0.167772160000000031265798838831
1.000000000000000000000000000000
1.000000000000000000000000000000
1.000000000000000000000000000000
1.000000000000000000000000000000
1.000000000000000000000000000000
0.001547425049106725689421204528
1.000000000000000000000000000000
0.018014398509481985288793737254
1.000000000000000000000000000000
0.000000000162962878106759024576
0.000068056473384187711516205010
0.000043556142965880136183522836
1.000000000000000000000000000000
1.000000000000000000000000000000
1.000000000000000000000000000000
0.003777893186295716750067175127
1.000000000000000000000000000000
1.000000000000000000000000000000
1.000000000000000000000000000000
