1.962511
4.915094
2.784140
1.574000
1.649337
1.146930
3.359329
2.939114
1.987231
2.470904
4.242211
4.010437
1.323284
1.310157
1.032750
1.573472
1.140557
1.265328
0.864407
1.314357
0.885346
0.672363
0.705428
0.933201
0.668107
0.807616
0.850589
3.468028
0.733312
0.896337
0.914794
0.821013
0.590298
0.512191
0.492487
0.454219
0.348433
0.385226
0.590698
0.845114
3.192505
37.546146
0.451743
0.562382
0.521354
0.713959
0.802311
0.632537
0.496333
0.569108
0.535713
0.572154
0.493042
0.733352
0.528471
0.556432
0.558936
0.572186
0.612992
0.328902
0.387016
0.317668
0.350115
0.461172
0.450503
0.363691
0.370903
0.328771
0.378957
0.422472
0.435717
0.446944
0.318912
0.478013
0.558645
0.512615
0.625269
0.618130
0.711621
0.471424
0.427607
0.394466
0.401957
0.365097
0.359550
0.387169
0.378323
0.377995
0.361528
0.369651
0.346208
0.363607
0.319341
0.376474
0.288166
0.370274
0.259412
0.332987
0.350629
0.427801
0.273273
0.383885
0.243561
0.287454
0.206672
0.274363
0.189827
0.273100
0.190223
0.295990
0.189755
0.282914
0.183325
0.255547
0.188655
0.286041
0.183067
0.283383
0.181049
0.280606
0.184577
0.299243
0.177832
0.291184
0.176560
0.283989
0.180199
0.288218
0.182379
0.311363
0.169284
0.318950
0.174458
0.289720
0.172359
0.293840
0.169236
0.307106
0.170525
0.303238
0.166928
0.284901
0.174717
0.294010
0.176422
0.311695
0.162313
