12.183993026181862973089664592408
12.183993026181902052940131397918
12.183993026181843433164431189653
12.183993026181886065728576795664
12.183993026181896723869613197166
12.183993026181886065728576795664
12.183993026181829222309715987649
12.183993026181951790931634604931
12.183993026181870078517022193410
12.183993026181875407587540394161
0.000000000000006217248937900877
-0.000000000000003774758283725532
12.183993026181886065728576795664
12.183993026181880736658058594912
12.183993026181893171155934396666
12.183993026181878960301219194662
-24.367986052363768578743474790826
0.000000000000000000000000000000
12.183993026181873631230700993910
12.183993026181930474649561801925
36.551979078545691947965678991750
36.551979078545684842538321390748
36.551979078545549839418526971713
24.367986052363743709747723187320
12.183993026181878960301219194662
12.183993026181893171155934396666
12.183993026181878960301219194662
12.183993026181862973089664592408
-0.000000000000000111022302462516
