12.789884102437325097412212926429
12.789884102437364177262679731939
12.789884102437394375328949536197
12.789884102437303781130140123423
12.789884102437381940831073734444
12.789884102437348190051125129685
12.789884102437380164474234334193
12.789884102437417467967861739453
12.789884102437371282690037332941
12.789884102437314439271176524926
4.556138364728146150639531697379
4.556138364728143486104272597004
12.789884102437302004773300723173
12.789884102437319768341694725677
12.789884102437312662914337124676
8.233745737709208256660531333182
-2.799076381233967847350641022786
4.556138364728147926996371097630
12.789884102437337531910088728182
12.789884102437394375328949536197
11.032822118943176548100382206030
11.032822118943172995386703405529
11.032822118943171219029864005279
7.355214745962111777544123469852
3.677607372981056776950481435051
3.677607372981055888772061734926
3.677607372981062106020999635803
3.677607372981055000593642034801
0.000000000000006994405055138486
