12.513833233906440867144738149364
12.513833233906483499708883755375
12.513833233906511921418314159382
12.513833233906419550862665346358
12.513833233906408892721628944855
12.513833233906465736140489752870
12.513833233906497710563598957378
12.513833233906442643501577549614
12.513833233906511921418314159382
12.513833233906428432646862347610
6.243437952716810457332030637190
6.243437952716819339116227638442
12.513833233906442643501577549614
12.513833233906437314431059348863
12.513833233906451525285774550866
6.270395281189646397024262114428
6.189523295771120814379173680209
6.243437952716794470120476034936
12.513833233906453301642613951117
12.513833233906469288854168553371
0.080871985418530967226757866229
0.080871985418530870082243211527
0.080871985418532577050143572706
0.053914656945687533529110169184
0.026957328472844710454126015975
0.026957328472843575944972727143
0.026957328472844821476428478491
0.026957328472842490008076765662
0.000000000000006994405055138486
