12.867598680335083471959478629287
12.867598680335122551809945434798
12.867598680335152749876215239055
12.867598680335062155677405826282
12.867598680335140315378339437302
12.867598680335106564598390832543
12.867598680335138539021500037052
12.867598680335175842515127442311
1784506380010.683349609375000000000000000000
12.867598680335072813818442227785
4.765959694351471043205492605921
4.765959694351468378670233505545
12.867598680335060379320566426031
12.867598680335078142888960428536
12.867598680335071037461602827534
78184090.453778758645057678222656250000
0.320551093982935075832330085177
4.765959694351472819562332006171
12.867598680335095906457354431041
12.867598680335152749876215239055
11.122728119454947659505705814809
11.122728119454944106792027014308
11.122728119454942330435187614057
7.488748408131109535190716997022
3.931935072106624406984565212042
3.931935072106623518806145511917
3.931935072106629291965873562731
3.931935072106622630627725811792
1.000000000000003552713678800501
