12.951082015852579232273456000257
12.951082015852621864837601606268
12.951082015852559692348222597502
12.951082015852602324912368203513
12.951082015852524165211434592493
12.951082015852602324912368203513
12.951082015852636075692316808272
12.951082015852581008630295400508
16.154238745065217841556659550406
12.951082015852568574132419598754
6.106668413755416580102064472158
6.106668413755429902778359974036
12.951082015852581008630295400508
12.951082015852596995841850002762
12.951082015852566797775580198504
28850065982399219428208148480.000000000000000000000000000000
4.204659610823652471367495309096
6.106668413755424573707841773285
12.951082015852591666771331802011
12.951082015852465545435734384228
3.269942895764375023759384930599
3.269942895764368362421237179660
3.269942895764373691491755380412
2.393826066407813257796988182236
1.609394197419624639167068380630
1.609394197419627969836142256099
1.609394197419611760579982728814
1.609394197419629746192981656350
0.999999999999999888977697537484
