1.002882780428319131615921833145
1.002882780428329345667748384585
1.002882780428324682731044958928
1.002882780428328013400118834397
1.002882780428328901578538534523
1.002882780428320907972761233395
1.002882780428326903177094209241
1.002882780428329789756958234648
1.002882780428328457489328684460
1.002882780428327125221699134272
0.999999999999999666933092612453
1.000000000000005329070518200751
1.002882780428329789756958234648
1.002882780428324016597230183834
1.002882780428323572508020333771
3756.797051813408870657440274953842
0.994259298644561972935207450064
24695085612552243991555566097120997549085973512082371093987328.000000000000000000000000000000
1.002882780428327125221699134272
1.002882780428324460686440033896
1210.149776243647465889807790517807
66.543669813223388587175577413291
1.008673200271215764090015909460
1.005773847288392586207805834420
1.002882780428326681132489284209
74566112539907168284155901378560.000000000000000000000000000000
1.002882780428329345667748384585
1.002882780428333564515241960180
0.999999999999999888977697537484
