12.749604170669979197327847941779
12.749604170669927682979505334515
12.749604170669957881045775138773
12.749604170669911695767950732261
12.749604170669924130265826534014
12.749604170670002289966760145035
12.749604170669943670191059936769
12.749604170669888603129038529005
147.518616379971376773028168827295
75.539298980600719346512050833553
6.489676077322704017547039256897
6.489676077322705793903878657147
12.749604170669934788406862935517
12.749604170669950775618417537771
12.749604170669941893834220536519
4094.276206243548131169518455862999
6.489676077322696023941261955770
351.698470496538334373326506465673
12.749604170669943670191059936769
77754949534.015686035156250000000000000000
1.000000000000005551115123125783
1.468216401473673826671983988490
1.000000000000001554312234475219
1.000000000000002664535259100376
1.000000000000001332267629550188
1.000000000000000666133814775094
1.000000000000003108624468950438
1.000000000000000000000000000000
0.999999999999999888977697537484
