12.846806555347118461440913961269
12.846806555347066947092571354005
12.846806555347008327316871145740
12.846806555347050959881016751751
12.846806555347063394378892553505
12.846806555347050959881016751751
12.846806555346990563748477143236
12.846806555347027867242104548495
583790694607.339355468750000000000000000000
12.846806555347038525383140949998
6.667450241125334464697971270652
6.667450241125330023805872770026
12.846806555347050959881016751751
12.846806555347045630810498551000
12.846806555347038525383140949998
12449014.276552533730864524841308593750
7.188517687279902368402417778270
6.667450241125336241054810670903
12.846806555347038525383140949998
12.846806555347050959881016751751
0.677690729734215846491451884503
0.677690729734214403201519871800
0.677690729734215624446846959472
0.768796035527173349244378641743
0.875818951792416977575328473904
0.875818951792417199619933398935
0.875818951792417088597630936420
0.875818951792416977575328473904
0.999999999999999888977697537484
