12.265522370776478666698494635057
12.265522370776517746548961440567
12.265522370776459126773261232302
12.265522370776501759337406838313
12.265522370776512417478443239816
12.265522370776501759337406838313
12.265522370776530181046837242320
12.265522370776480443055334035307
12.265522370776505312051085638814
12.265522370776510641121603839565
0.999999999999999666933092612453
0.999999999999998223643160599750
12.265522370776501759337406838313
12.265522370776496430266888637561
12.265522370776508864764764439315
8027879138.809375762939453125000000000000
0.040968571387606234068812227633
668036288414043925905408.000000000000000000000000000000
12.265522370776489324839531036559
12.265522370776457350416421832051
36.579316931842974724986561341211
36.579316931842996041268634144217
36.579316931842896565285627730191
24.408954623751373702589262393303
12.265522370776507088407925039064
12.265522370776487548482691636309
12.265522370776494653910049237311
12.265522370776523075619479641318
0.999999999999999888977697537484
