12.593240910382759167873700789642
12.593240910382800024081006995402
12.593240910382828445790437399410
12.593240910382737851591627986636
12.593240910382727193450591585133
12.593240910382782260512612992898
12.593240910382814234935722197406
12.593240910382760944230540189892
182.105731717077901521406602114439
74.601662995468373651419824454933
6.399695389842213089082179067191
6.399695389842221970866376068443
12.593240910382760944230540189892
12.593240910382755615160021989141
12.593240910382769826014737191144
4052.148223067105845984769985079765
6.347076155620528403744629031280
346.583313705368595947220455855131
12.593240910382769826014737191144
76789471192.994644165039062500000000000000
1188.307866523580287321237847208977
1856.730265129345070818089880049229
1.041253193553848044317078347376
1.027320611264846750287915710942
1.013569497305898181593875051476
7.273039529908308153949292318430
1.013569497305898181593875051476
1.013569497305897071370850426320
1.000000000000003552713678800501
