12.905922243435545837542122171726
12.905922243435586693749428377487
12.905922243435526297616888768971
12.905922243435568930181034374982
12.905922243435581364678910176735
12.905922243435478335982224962208
12.905922243435602680960982979741
12.905922243435547613898961571977
8290.184154372673219768330454826355
6632.147377779229827865492552518845
5.128576179099864518207141372841
5.128576179099866294563980773091
5305.717970074695585935842245817184
6632.147377779221642413176596164703
12.905922243435556495683158573229
117134477.240737348794937133789062500000
0.621105917431111986815039927023
5.128576179099871623634498973843
12.905922243435556495683158573229
12.905922243435570706537873775233
21.734909282431711829985943040811
17.408563273240591939838850521483
8.994947110350759444941104447935
6.086805512004316298657613515388
3.267319174964035788377714197850
3.267319174964037564734553598100
3.267319174964036232466924047912
3.267319174964036676556133897975
0.999999999999999888977697537484
