12.265522370776478666698494635057
12.265522370776517746548961440567
12.265522370776459126773261232302
12.265522370776501759337406838313
12.265522370776512417478443239816
12.265522370776501759337406838313
12.265522370776444915918546030298
12.265522370776567484540464647580
12.265522370776485772125852236059
12.265522370776491101196370436810
1.000000000000003108624468950438
0.999999999999998223643160599750
12.265522370776501759337406838313
12.265522370776496430266888637561
12.265522370776508864764764439315
8027879138.809347152709960937500000000000
0.040968571387606247946600035448
668036288414034396446720.000000000000000000000000000000
12.265522370776489324839531036559
12.265522370776546168258391844574
36.579316931843038673832779750228
36.579316931843031568405422149226
36.579316931842896565285627730191
24.408954623751348833593510789797
12.265522370776494653910049237311
12.265522370776508864764764439315
12.265522370776494653910049237311
12.265522370776478666698494635057
0.999999999999999888977697537484
