-91.946069
-7.736333
1.754173
-77.107046
-55.032100
-24.870899
-34.811640
-52.233703
-16.434962
-3.571610
3.827562
-19.725516
2.547852
-8.452734
-1.982769
7.485137
-40.039912
-0.069726
-12.455050
7.696787
7.005167
-2.124390
22.414269
-2.532431
19.032055
-2.841578
-2.553892
27.319360
7.532919
11.917944
7.464975
17.383488
22.345975
32.289248
10.841903
22.329970
27.295996
32.274161
10.708717
14.245509
37.283473
27.344929
37.263294
27.336022
22.323644
32.317179
32.315386
17.381302
37.281551
32.287271
37.263294
27.281073
32.309874
37.263292
37.284802
27.316618
37.281551
37.281551
37.263292
27.324035
32.306689
37.281551
27.349853
32.270381
32.281412
37.281551
37.281551
37.281551
37.269736
37.281551
37.281551
37.271494
37.263294
37.263294
37.263294
37.263294
37.262886
37.269912
37.263292
37.281359
37.263292
37.263292
37.263292
37.263292
