1.963188
0.078892
0.104491
0.098966
0.075333
0.119453
0.110086
0.074536
0.086049
0.087445
0.100281
0.075219
0.085527
0.086237
0.085546
0.085276
0.085300
0.086250
0.086062
0.101577
0.075820
0.085799
0.346364
0.096521
0.085589
0.085615
0.109578
0.074951
0.085611
0.085638
0.085622
0.085912
0.085747
0.085611
0.085626
0.085617
0.085625
0.086098
0.085747
0.085611
0.085611
0.085611
0.085611
0.085611
0.085611
0.085611
0.085611
0.085611
0.085611
0.085611
0.085611
0.085611
0.085611
0.085611
0.085611
0.085611
0.085611
0.085611
0.085611
0.085611
0.085611
0.085611
0.085611
0.085611
0.085611
0.085611
0.085611
0.085611
0.085611
0.085611
0.085611
0.085611
0.085611
0.085611
0.085611
0.085611
0.085611
0.085611
0.085611
0.085611
0.085611
0.085611
0.085611
0.085611
0.085611
0.085611
0.085611
0.085611
0.085611
0.085611
0.085611
0.085611
0.085611
0.085611
0.085611
0.085611
0.085611
0.085611
0.085611
0.085611
0.085611
0.085611
0.085611
0.085611
0.085611
0.085611
0.085611
0.085611
0.085611
0.085611
0.085611
0.085611
0.085611
0.085611
0.085611
0.085611
0.085611
0.085611
0.085611
0.085611
0.085611
0.085611
0.085611
0.085611
0.085611
0.085611
0.085611
0.085611
0.085611
0.085611
0.085611
0.085611
0.085611
0.085611
0.085611
0.085611
0.085611
0.085611
0.085611
0.085611
0.085611
0.085611
0.085611
0.085611
0.085611
0.085611
0.085611
0.085611
0.085611
0.085611
0.085611
0.085611
0.085611
0.085611
0.085611
0.085611
0.085611
0.085611
0.085611
0.085611
0.085611
0.085611
0.085611
0.085611
0.085611
0.085611
0.085611
0.085611
0.085611
0.085611
0.085611
0.085611
0.085611
0.085611
0.085611
0.085611
0.085611
0.085611
0.085611
0.085611
0.085611
0.085611
0.085611
0.085611
0.085611
0.085611
0.085611
0.085611
0.085611
0.085611
0.085611
0.085611
0.085611
0.085611
0.085611
0.085611
0.085611
0.085611
0.085611
0.085611
0.085611
0.085611
0.085611
0.085611
0.085611
0.085611
0.085611
0.085611
0.085611
0.157050
0.141656
0.141828
0.141829
0.141829
0.141829
0.141829
0.141829
0.141829
0.141829
0.141829
0.141829
0.141829
0.141829
0.141829
0.141829
0.141829
0.141829
0.141829
0.141829
0.141829
0.141829
0.141829
0.141829
0.141829
0.141829
0.141829
0.141829
0.141829
0.141829
0.141829
0.141829
0.141829
0.141829
0.141829
0.141829
0.141829
0.141829
0.141829
0.141829
0.141829
0.141829
0.141829
0.141829
0.141829
0.141829
0.141829
0.141829
0.141829
0.141829
0.141829
0.141829
0.141829
0.141829
0.141829
0.141829
0.141829
0.141829
0.141829
0.141829
0.141829
0.141829
0.141829
0.141829
0.141829
0.141829
0.141829
0.141829
0.141829
0.141829
0.141829
0.141829
0.141829
0.141829
0.141829
0.141829
0.141829
0.141829
0.141829
0.141829
0.141829
0.141829
0.141829
0.141829
0.141829
0.141829
0.141829
