30.947013
30.759899
30.922026
30.923988
30.614224
30.746584
31.344225
31.022929
30.658673
30.922561
30.865561
30.899571
30.844732
30.949735
30.971364
31.049787
31.039608
30.771359
30.586931
30.895947
30.808617
30.707622
30.628462
30.594702
30.669420
31.157110
31.258367
31.114716
30.825652
31.340111
30.966531
31.112339
31.334279
30.904635
31.141565
31.315180
30.976933
31.254732
31.241803
30.806098
31.915762
30.942772
31.336196
30.909980
31.046451
31.293867
30.993742
31.198404
31.297752
31.479990
31.065077
31.086909
31.030048
31.208312
31.988476
31.710878
32.136071
31.324063
32.160298
31.351923
31.425629
31.460942
31.763012
30.950751
31.029619
31.353285
31.456824
31.302585
31.318067
31.605569
30.975139
32.084362
30.627688
31.092786
31.025278
31.682726
31.374698
31.382695
30.671539
31.523111
31.969972
31.672800
31.057534
30.924141
31.248678
31.751868
31.661547
32.658342
30.707984
31.528521
31.386060
31.501301
31.308473
31.456030
31.565441
29.866862
31.667115
28.059778
31.320273
31.685486
31.358685
31.207947
31.801146
31.652677
31.572663
31.544133
31.062187
31.590565
31.148323
31.327040
31.655623
31.542941
31.297486
30.833070
31.413389
31.609840
31.697583
31.138722
31.556794
31.625440
31.762391
29.250142
31.649842
31.393616
29.338850
30.682053
29.044802
29.271376
31.373325
31.303710
30.773672
31.457302
30.014399
30.596774
30.594193
31.312046
30.606539
31.432045
30.913395
31.724162
31.272695
29.054416
31.741548
30.093327
31.559797
31.765139
30.933786
29.055895
31.658531
31.983510
31.552753
29.402442
31.408258
30.464645
29.503464
29.393811
31.353214
31.248279
31.341882
31.253784
31.252095
31.280072
31.356624
31.655406
31.322338
29.373513
31.284764
22.068272
31.273317
31.336114
25.642652
31.033809
31.331451
31.812772
25.777929
31.685257
30.842975
31.371003
31.319826
31.311434
31.304286
31.211803
31.279862
31.298679
31.293971
31.308109
31.275887
31.277320
31.292667
31.292667
30.617746
31.805091
31.310169
31.302849
31.296245
31.065724
31.295347
31.297768
31.241782
31.303689
30.971535
31.308369
31.113076
31.309948
31.225076
31.286425
31.175096
31.286407
31.302962
31.284329
31.293582
31.297948
31.266776
31.285307
31.285307
31.285075
31.285075
31.293198
31.275770
31.285075
31.293198
31.293731
31.013976
31.293731
31.837279
31.285491
31.284617
31.285488
31.284385
31.284445
31.284445
31.266481
31.892899
31.892899
31.892899
31.892899
31.892899
31.892899
31.858998
31.892899
31.892899
31.892899
31.892899
31.892328
31.892328
31.892328
31.892328
31.890155
31.889968
29.421458
31.892328
31.889968
31.889968
31.889968
31.889968
31.680470
31.889968
31.889968
31.889968
31.889982
31.889982
31.889982
31.889982
31.889982
31.889982
31.889982
31.889982
31.889982
31.889982
31.889982
31.889982
31.886984
31.886984
31.886274
31.886274
31.886274
31.886274
31.886274
31.886274
31.886274
31.886136
31.886136
31.886091
31.886091
31.886091
31.886091
31.886091
31.886091
31.886091
31.886091
31.886091
31.886091
31.890992
31.886106
31.882726
31.882726
31.882726
31.882726
31.882726
31.890992
31.882726
31.882726
31.882726
31.881842
31.881842
31.889931
31.881670
31.881670
31.881670
31.881670
31.881670
31.881670
31.881670
31.881670
31.881380
31.881026
31.881026
31.881026
31.876817
31.846272
31.876817
31.876817
31.876817
31.876817
31.876817
31.876817
31.876817
31.876817
31.876833
31.876833
31.876833
31.876833
31.876932
31.876932
31.876932
31.876932
31.876932
31.876932
31.875831
31.875831
31.875831
31.875831
31.875831
31.875831
31.875831
31.870591
31.870591
31.870591
31.870591
31.870591
31.870591
31.870591
