3.907442
3.913887
3.890242
3.930149
3.838724
3.850452
3.919760
3.764524
3.830002
3.868494
3.840731
3.723300
3.819877
3.764369
3.735947
3.781111
3.753438
3.734580
3.734882
3.800995
3.763764
3.790497
3.760589
3.839430
3.746876
3.635532
3.612584
3.397437
3.653430
3.305600
3.421517
3.558759
3.339360
3.450128
3.729161
3.227021
3.590985
3.529285
3.293559
3.491869
3.291260
3.157121
3.299772
3.508772
3.673244
3.641843
3.295043
3.561950
3.655390
3.630950
3.518380
3.124034
3.197647
3.322808
2.941651
3.285171
3.116887
3.048577
3.543292
3.163472
2.798115
3.414303
3.583419
2.934106
3.359370
3.062850
2.885351
3.543208
3.574270
3.587965
3.278415
3.436697
3.533135
3.465456
3.579060
3.111454
2.986140
3.076247
3.536555
2.989520
3.478634
2.992804
0.848428
3.410001
2.446129
0.856077
1.669635
2.946543
3.365856
3.430660
2.940500
2.669979
2.822030
3.212317
3.633518
3.458859
3.036285
3.080040
3.526971
2.656341
3.207387
2.637162
3.373794
2.555964
3.511525
2.549133
3.447730
2.564326
2.424455
2.606115
3.495751
3.041646
3.509750
2.705081
2.712516
2.574719
0.902472
3.638772
2.745423
2.599941
2.689961
2.566091
2.551951
2.671806
2.522902
2.570812
3.424552
2.579603
3.026352
3.540266
2.596710
2.602360
3.468328
2.721125
2.589421
3.059059
0.935772
3.391990
2.901841
3.079936
2.651966
3.442564
2.666670
2.691888
3.096537
3.270071
2.631530
3.317399
2.635890
2.765851
2.661301
2.680814
2.487214
2.751090
3.514453
2.682639
2.671451
2.734728
0.958079
3.559542
2.696604
2.679974
2.716660
2.743917
3.475813
2.766824
3.518728
2.687935
2.797310
3.671404
2.663916
2.636059
3.682196
2.348744
2.567743
2.655174
2.712913
2.696695
2.680876
2.656114
2.679155
2.701456
3.260319
2.702421
2.695554
2.654595
2.692416
2.650266
2.645850
2.562731
2.686929
2.669160
2.683961
2.678287
2.687446
2.655251
2.703909
2.687670
2.693094
2.736411
2.755227
2.720708
2.712175
2.713669
3.571162
2.720063
2.709696
2.819917
2.722263
2.725694
2.723321
3.579565
2.738501
2.737253
2.728465
2.728523
2.728581
2.704458
2.727143
2.728732
2.701842
0.969541
2.734403
2.733817
2.733323
2.732919
2.732606
2.682408
2.730551
2.730377
2.730202
2.829596
2.722800
2.729352
2.729922
2.729699
2.729566
2.729436
2.729305
2.729265
2.729841
2.728910
2.728870
2.738237
2.729161
2.729121
2.729080
2.729131
2.729685
2.742713
2.729698
2.729656
2.730297
2.730115
2.730024
2.729934
2.730157
2.729926
2.729695
3.106840
2.732354
2.731890
2.731517
2.731142
2.730768
2.730484
2.730202
2.730313
2.730362
2.810495
2.731860
2.731575
2.731290
2.731006
2.730721
2.730527
2.730335
2.730234
2.730222
2.764224
2.728233
2.728176
2.734614
2.735687
2.735348
2.735101
2.734936
2.734457
2.734159
2.733865
2.733459
2.733164
2.732960
2.732850
2.732741
2.732520
2.732502
2.732483
2.730538
2.730379
2.730222
2.730065
2.730365
2.730158
2.729951
2.729384
2.729407
2.729431
2.729455
2.729368
2.729248
0.951457
2.745355
2.744605
2.743745
2.742975
0.955852
2.754946
2.753718
2.752396
0.959655
2.763516
2.761596
2.759779
2.757985
0.961542
2.762272
2.760262
2.764603
0.964047
2.769154
2.766751
2.764365
0.966138
2.774364
2.771748
2.769341
2.773507
0.967566
2.777028
2.774271
2.771655
0.969137
2.782544
2.778385
2.775600
0.970385
2.786165
2.783089
2.778930
2.776557
0.969994
2.787419
2.784435
2.780051
2.777794
0.969638
2.787914
2.784952
2.781253
0.970687
2.791028
2.787949
2.784062
0.971421
2.794293
2.790990
2.787863
0.971982
2.796706
2.793143
2.789953
2.786826
0.970850
2.795509
2.792206
2.789146
0.972413
2.798078
2.794672
2.791251
0.972959
2.800436
2.796980
2.793358
0.973382
2.802378
2.798923
2.795200
0.973689
2.803814
2.800312
2.796945
2.793608
0.972276
2.802363
2.798882
2.795543
2.792536
0.971058
2.801339
2.797926
2.794448
2.791185
0.969781
2.800212
2.796684
0.972052
2.805166
2.801709
0.974039
2.799708
2.806229
2.802680
0.973954
2.800680
2.796994
2.793400
0.973869
2.801742
2.797965
2.794462
0.973838
2.802804
2.799028
0.975616
2.807979
2.804298
2.799912
0.975496
2.808684
2.805002
2.800684
2.797091
0.973533
2.805958
2.802346
2.798205
2.794703
0.971846
2.803575
2.799364
0.973684
2.773161
2.805287
2.801697
0.973973
2.774710
2.771811
0.976425
3.672360
3.677515
3.681042
0.986450
3.663793
3.665663
3.667534
2.824874
3.665630
2.822148
2.818446
0.994940
3.679891
3.684367
2.842105
3.681793
2.838488
2.834598
3.675399
2.832219
2.828429
3.669676
3.671186
0.999107
3.692424
3.693395
3.696107
3.694978
3.695856
3.696735
3.697613
3.695696
3.696393
2.782407
3.693943
2.778632
2.774147
3.690882
3.692518
3.693343
2.774791
2.771877
2.769054
2.724647
0.999109
3.688738
3.690104
2.731478
2.725254
2.718655
