30.750493
30.605194
30.725670
30.593172
30.638054
30.771799
31.053488
30.758148
30.606539
31.053229
30.693880
30.685559
31.053755
30.663361
30.739743
30.848951
30.828189
30.821245
30.895260
30.847299
31.130295
31.014135
30.692493
30.677053
30.871559
31.370045
31.998143
31.402841
30.902964
31.029408
31.488182
30.701872
31.079353
31.216324
32.129207
31.249679
31.239245
31.301042
31.008847
31.006198
30.762162
31.457620
31.077854
30.828889
31.297193
31.024145
30.989258
31.373207
31.151883
31.100953
31.190076
31.640055
32.093183
31.421757
31.322256
32.112158
31.549249
31.540464
31.761849
31.289895
31.541427
31.008417
31.616153
31.184540
31.526814
31.782862
31.040338
30.796051
31.525024
30.989327
31.582347
31.182869
31.777519
31.270028
31.821849
31.864530
31.419535
31.439898
31.256384
31.369313
31.711534
30.917348
31.327790
31.413167
31.510801
31.695073
31.339925
31.510647
30.849984
31.358429
31.362147
31.122975
31.679730
31.001557
31.655452
31.498331
31.322616
31.905492
31.800545
31.529985
31.558410
31.404127
31.798242
31.585977
31.637401
31.649992
31.384415
31.584034
31.877848
31.794873
31.369847
31.634923
31.514423
31.548002
31.549042
31.758413
31.506916
31.338181
31.328407
31.507858
31.503495
31.485246
31.873339
31.356681
31.761396
31.909662
31.709760
31.531318
31.697723
31.778877
31.871320
31.808602
31.518214
31.549801
31.961012
31.220640
31.776847
31.525566
31.536697
31.270131
31.518119
31.539919
31.200806
31.192930
31.443516
31.455214
31.889852
31.680317
31.620250
31.645546
31.530171
31.998571
31.543253
31.301408
31.643129
31.485870
31.912863
31.533509
31.951293
31.746864
31.400544
31.685281
31.300925
31.523776
31.464316
31.825915
31.548807
31.543354
31.536891
31.406592
31.545293
31.530364
31.385342
31.513385
31.575168
31.536891
31.530364
31.509712
31.530364
31.530364
31.896197
31.420085
31.530364
31.406765
31.524159
31.523600
31.519144
31.530034
31.489201
31.465936
31.502484
31.304985
31.523612
31.746679
31.486077
31.732777
31.523612
31.530608
31.523612
31.731709
31.530139
31.530139
31.523612
31.523612
31.460084
31.523612
31.917156
31.523612
31.523612
31.523612
31.525025
31.523612
31.854174
31.523612
31.530139
31.530139
31.523612
31.465777
31.525083
31.519450
31.524990
31.297490
31.518579
31.537298
31.521686
31.518571
31.518571
31.524983
31.518571
31.518571
31.518571
31.518571
31.518571
31.518571
31.518119
31.518119
31.518119
31.518119
31.853347
31.518119
31.524531
31.518119
31.518119
31.525132
31.518119
31.518119
31.518119
31.524623
31.518119
31.508534
31.731963
31.518119
31.294914
31.518119
31.524107
31.518119
31.518119
31.518119
31.518119
31.524531
31.518119
31.518119
31.518119
31.518119
31.524531
31.518119
31.536455
31.518119
31.518119
31.507068
31.518119
31.518119
31.518119
31.832419
31.518119
31.518119
31.518119
31.518119
31.518119
31.518119
31.524623
31.518119
31.518119
31.517423
31.517423
31.517423
31.517423
31.517423
31.517423
31.517423
31.517423
31.517423
31.517423
31.517423
31.517423
31.517423
31.517423
31.517423
31.517423
31.517423
31.517423
31.517423
31.517423
31.517423
31.517423
31.626023
31.517423
31.517423
31.517423
31.517423
31.512243
31.512454
31.512454
31.512454
31.512454
31.512454
31.512454
31.512454
31.512454
31.511370
31.511370
31.511370
31.511370
31.511370
31.511370
31.511370
31.511370
31.511370
31.511370
31.511370
31.511370
31.511370
31.511370
31.511370
31.511370
31.511370
31.511370
31.511370
31.511370
31.511370
31.511370
31.511370
31.511370
31.511370
31.511370
31.511370
31.511370
31.511370
31.511370
31.511370
31.511370
31.511370
31.511370
31.511370
31.511370
31.511370
31.511370
31.511370
31.511370
31.511370
31.511370
31.511370
31.511370
31.511370
31.511370
31.511370
31.511370
31.511370
31.511370
31.441203
31.511370
31.441203
31.511370
31.441203
31.441203
31.441203
31.511370
31.441203
31.441203
31.511370
31.441203
31.441203
31.511370
31.441203
31.441203
31.442283
31.525995
31.442283
31.442283
31.525995
31.442283
31.525995
31.442576
31.525995
31.442576
31.442576
31.442576
31.531211
31.442576
31.442576
31.442576
31.442576
31.531211
31.442555
31.442555
31.442555
