30.683021
30.835914
30.962611
30.840811
30.530369
30.796017
30.989685
30.976897
30.511119
30.675567
31.040981
30.885795
31.055036
30.762647
30.762838
30.911740
30.784023
30.697104
30.815219
30.815239
31.069013
30.974479
30.905995
30.601860
30.483624
30.879853
31.599205
31.185508
30.845075
30.738545
31.619931
31.290257
31.023299
31.076827
30.862480
31.416768
31.377610
31.206971
30.946695
31.112809
31.142661
31.573842
31.294306
31.563917
31.250130
31.088021
31.072935
31.216940
30.832756
30.931920
30.985815
31.584643
31.001150
31.680071
31.667469
31.552082
31.335209
31.071358
31.117900
32.017206
30.682812
31.230588
31.691693
31.442705
31.189828
31.307122
31.074484
31.475422
31.681836
30.782789
31.091725
31.547707
31.624890
31.783478
32.643424
31.818023
32.887680
31.268062
31.608222
31.376257
31.466221
31.309424
31.340571
32.141572
32.007154
31.140567
31.672216
31.255369
30.940686
31.485950
29.229345
31.390772
31.337220
31.837671
31.306443
31.678736
31.995516
31.462821
31.255164
31.980029
29.284311
28.169014
33.093863
31.242325
31.378449
31.637551
31.354761
31.316147
31.642626
29.243098
31.718886
31.859639
28.630714
31.462411
32.705533
31.519797
31.622466
31.324836
33.174421
31.443409
31.494910
30.977974
31.889471
30.960921
31.227967
30.669114
28.312099
28.102643
31.689135
28.773830
31.403828
31.084371
31.307942
31.433902
28.403582
31.511153
29.955957
28.165972
31.794157
31.052421
28.403881
30.987603
30.436118
30.939743
31.304991
28.374245
31.081132
30.938149
30.279518
31.262665
24.880034
31.707412
31.522755
30.349797
28.258075
28.965531
31.091171
28.400020
28.391523
24.847703
28.142522
24.854764
24.816016
24.861808
30.289711
28.717816
24.856523
29.293831
30.940554
27.583788
28.836463
29.353998
31.072339
24.637607
28.681204
24.853693
24.843265
28.709702
24.838636
24.881299
24.853515
24.851501
24.852987
24.577058
24.862614
24.864852
24.853448
28.367916
24.867596
24.867964
28.241176
28.011086
24.853259
24.834143
24.834299
24.835087
24.886141
24.886148
31.594643
31.610393
27.655445
22.980149
24.834980
24.888265
28.364887
28.383606
28.383019
28.382219
28.382774
28.382610
21.521391
28.378564
28.382950
28.382405
28.361916
28.376643
30.764288
30.730177
28.678151
30.763960
30.770477
30.755325
30.354674
30.724886
30.734312
30.724744
30.724744
30.723217
30.730207
30.722248
30.722288
30.721224
30.722139
30.720168
30.688526
30.753027
30.753069
30.751736
30.751448
30.749786
30.707235
30.727914
30.767032
30.764976
30.755300
30.762502
30.720158
30.718086
30.411355
30.715101
30.712640
30.712640
30.408881
30.408881
30.708893
30.705695
30.403956
30.705695
30.701055
30.403300
30.701055
30.408873
30.701055
30.701055
30.463054
30.697092
30.691337
30.463065
30.691337
30.460530
30.691337
30.691337
30.454353
30.691337
30.691337
30.686436
30.453694
30.685750
30.679310
30.679310
30.492128
30.687738
31.270984
30.484274
30.687738
30.484274
30.687738
30.687780
30.681638
30.481609
30.687780
30.681638
30.681638
30.641784
30.506882
30.681638
30.681638
30.680355
30.506902
30.681638
30.680355
30.503848
30.680355
30.680355
30.680355
30.680333
30.499876
30.680333
30.680333
30.680358
30.499916
30.680333
30.686492
30.680358
30.680358
30.494975
30.680358
30.680358
30.494975
30.680358
30.680358
30.680358
30.501623
30.680358
30.680358
30.678757
30.678757
30.500552
30.678757
30.678757
30.678757
30.678757
30.500552
30.678757
30.678757
30.678757
30.494026
30.678757
30.678730
30.678726
30.493976
30.678680
30.678726
30.678726
30.487864
30.678726
30.678726
28.256000
30.678726
30.678726
30.678726
30.678726
30.494022
30.678726
30.678726
30.494274
30.494227
30.678726
30.494227
30.678726
30.494227
30.493976
30.678726
30.678726
30.494227
30.678726
30.494227
30.641893
30.641892
30.641892
30.644958
30.644958
30.644959
30.644979
30.644979
30.644980
30.644980
30.644979
30.644979
30.644979
30.644979
30.647440
30.647439
30.647439
30.647439
30.647439
30.647456
30.647456
30.647456
30.647456
