0.369646
0.361309
0.399985
0.393212
0.361321
0.365549
0.364136
0.346766
0.281244
0.358989
0.289250
0.319831
0.282576
0.307456
0.276681
0.288847
0.261337
0.270410
0.274858
0.272175
0.238020
0.248613
0.236760
0.232265
0.230418
0.300736
0.283595
0.267291
0.269297
0.287470
0.241531
0.260796
0.275921
0.266205
0.281524
0.271241
0.289751
0.245456
0.246460
0.249676
0.247911
0.280519
0.251620
0.254406
0.267681
0.219543
0.256350
0.243476
0.244081
0.280146
0.270533
0.271997
0.264102
0.275891
0.246439
0.285731
0.258057
0.259002
0.283814
0.283058
0.276302
0.251822
0.214600
0.251430
0.270442
0.239396
0.244726
0.229171
0.283347
0.284843
0.257803
0.256050
0.249879
0.288609
0.290335
0.271517
0.274934
0.265769
0.266224
0.278966
0.249237
0.294833
0.250839
0.274777
0.238654
0.251329
0.243511
0.281243
0.230606
0.261496
0.257451
0.274263
0.279790
0.248984
0.273271
0.263586
0.223950
0.204532
0.245388
0.271830
0.281504
0.284465
0.266910
0.300082
0.290110
0.209327
0.238526
0.283590
0.271758
0.228457
0.236765
0.217513
0.208216
0.254481
0.268977
0.254374
0.270779
0.209911
0.258519
0.256115
0.237344
0.280140
0.271727
0.184092
0.289566
0.252374
0.239281
0.211445
0.205732
0.241260
0.221762
0.201073
0.283704
0.231293
0.207780
0.179610
0.203433
0.266299
0.221737
0.193070
0.207433
0.195145
0.249773
0.155506
0.243951
0.238068
0.311838
0.228715
0.239892
0.233275
0.191294
0.215948
0.213214
0.202373
0.182299
0.180172
0.244513
0.198765
0.139692
0.219219
0.215056
0.178644
0.149981
0.227024
0.213649
0.222996
0.194142
0.231939
0.219407
0.185146
0.223951
0.216106
0.222138
0.167748
0.149775
0.228882
0.189584
0.170902
0.215357
0.219777
0.185320
0.212580
0.218266
0.215105
0.216177
0.154876
0.222105
0.201452
0.221097
0.148773
0.231518
0.191222
0.198276
0.211915
0.265493
0.223352
0.225707
0.224654
0.215520
0.175122
0.216014
0.206381
0.225544
0.210262
0.188670
0.193570
0.191213
0.187029
0.188707
0.177554
0.186843
0.181001
0.227861
0.178147
0.209845
0.199143
0.215404
0.150520
0.153038
0.189597
0.152480
0.197627
0.166458
0.189277
0.190091
0.182200
0.123762
0.192545
0.193904
0.185976
0.194114
0.157095
0.185706
0.179867
0.188741
0.175437
0.185403
0.154063
0.177949
0.131538
0.127903
0.151273
0.278893
0.150302
0.142505
0.142862
0.118326
0.216362
0.196418
0.140560
0.128498
0.153782
0.150923
0.154115
0.156188
0.152873
0.217091
0.214499
0.221045
0.211672
0.210698
0.158912
0.212249
0.210395
0.208297
0.143373
0.207790
0.205872
0.204292
0.202194
0.154278
0.153225
0.199615
0.197901
0.157417
0.198940
0.164640
0.198032
0.196506
0.171740
0.195856
0.165484
0.194668
0.193836
0.158119
0.205181
0.204228
0.205542
0.168152
0.203308
0.202510
0.201087
0.202875
0.202184
0.201657
0.201071
0.200785
0.201264
0.201120
0.201190
0.201296
0.200897
0.200936
0.200577
0.200221
0.199954
0.203795
0.204337
0.204156
0.204334
0.203845
0.201060
0.200713
0.200411
0.200164
0.199945
0.199675
0.199504
0.235115
0.199941
0.199746
0.235339
0.200049
0.199843
0.199769
0.199658
0.199619
0.199595
0.200263
0.200036
0.199948
0.199610
0.199558
0.199507
0.199586
0.199546
0.245936
0.199823
0.199844
0.199786
0.199733
0.199690
0.199646
0.199614
0.199586
0.199560
0.199534
0.255818
0.199785
0.199742
0.200447
0.200439
0.200568
0.200095
0.200087
0.200079
0.258422
0.213095
0.212102
0.214914
0.214829
0.214716
0.214653
0.214591
0.267992
0.215053
0.214946
0.214934
0.214863
0.214755
0.214800
0.214908
0.214843
0.214784
0.214741
0.214709
0.214726
0.266533
0.214929
0.214859
0.214794
0.214843
0.214846
0.214810
0.222927
0.222703
0.222520
0.222365
0.222294
0.222166
0.270281
0.222506
0.222322
0.224128
0.224041
0.223871
0.223815
0.223692
0.223592
0.223511
0.223435
0.223471
0.223410
0.273034
0.223651
0.223668
0.223582
0.223506
0.223548
0.223484
0.223431
0.223378
0.223331
0.225187
0.225164
0.225143
0.225214
0.225191
0.225171
0.225154
0.272935
0.225453
0.225397
0.225357
0.225322
0.225287
0.225253
0.225228
0.225205
0.225259
0.225237
0.225219
0.225200
0.225314
0.225296
0.225164
0.225239
0.225229
0.225222
0.228487
0.228471
0.228424
0.270734
0.228003
0.227937
0.228609
0.228576
0.228545
0.228518
0.228495
0.228472
0.228448
0.228403
0.228386
0.228368
0.229090
0.229055
0.237840
0.229148
0.229106
0.229070
0.229037
0.237920
0.229292
0.229116
0.229053
0.229021
0.237904
0.229275
0.229230
0.270659
0.229629
0.229516
0.229420
0.229336
0.229282
0.229235
0.229193
0.229154
0.229120
0.238109
0.229212
0.229169
0.229131
0.229196
0.239767
0.229322
0.229275
0.229235
0.231171
0.243088
0.231271
0.231218
0.231176
0.231140
0.243091
0.231243
0.271501
0.231635
0.231525
