0.168359
0.155576
0.156160
0.149722
0.161320
0.163806
0.161549
0.156475
0.155419
0.159528
0.141399
0.158010
0.161847
0.144218
0.156823
0.149294
0.146241
0.152662
0.147088
0.162501
0.148647
0.161015
0.157945
0.145164
0.154822
0.174939
0.180437
0.185252
0.169981
0.186289
0.175907
0.184331
0.176117
0.172130
0.183893
0.166949
0.177285
0.159693
0.174605
0.191471
0.183256
0.172232
0.184114
0.167062
0.176125
0.186967
0.197299
0.165705
0.159194
0.172155
0.175014
0.195120
0.178305
0.196316
0.188605
0.169868
0.159542
0.202079
0.201556
0.189923
0.215645
0.196669
0.169965
0.199965
0.150229
0.172597
0.210610
0.182276
0.187785
0.191341
0.190247
0.184755
0.183924
0.154866
0.191543
0.130254
0.220688
0.159439
0.188486
0.197819
0.192997
0.205917
0.156001
0.210270
0.161476
0.199064
0.182063
0.157837
0.210957
0.133974
0.179976
0.159716
0.190156
0.158956
0.208403
0.156072
0.196795
0.189119
0.171771
0.202462
0.195164
0.185678
0.157266
0.174125
0.207724
0.215387
0.173687
0.161161
0.157518
0.141261
0.154619
0.122607
0.128532
0.154711
0.176061
0.154985
0.135823
0.191973
0.205642
0.159980
0.193488
0.127064
0.152819
0.134224
0.144047
0.129317
0.157216
0.115346
0.158520
0.114730
0.110221
0.161848
0.141179
0.232519
0.137254
0.137761
0.137873
0.137692
0.150985
0.115417
0.137499
0.215100
0.111014
0.186064
0.166731
0.189634
0.158592
0.142189
0.155129
0.187818
0.155684
0.155011
0.131977
0.148698
0.156646
0.156098
0.196534
0.166273
0.157148
0.176112
0.201692
0.202140
0.162775
0.157119
0.126537
0.127480
0.183888
0.145071
0.185359
0.160313
0.153680
0.165975
0.126776
0.156328
0.121156
0.172150
0.129102
0.096605
0.103318
0.130930
0.196938
0.149702
0.152670
0.158208
0.157030
0.153104
0.159748
0.152791
0.088920
0.154387
0.124396
0.152554
0.164648
0.169319
0.130971
0.165646
0.166140
0.117707
0.168467
0.150449
0.160562
0.190188
0.155034
0.160380
0.167534
0.155171
0.166940
0.123698
0.103703
0.154790
0.165333
0.155333
0.165952
0.166731
0.155829
0.166679
0.166932
0.125676
0.155592
0.117802
0.153861
0.155863
0.155881
0.167596
0.167321
0.167912
0.155693
0.168012
0.131968
0.168073
0.167358
0.167721
0.167862
0.156080
0.156591
0.168184
0.168018
0.156973
0.168480
0.167633
0.157112
0.169101
0.169771
0.157042
0.169744
0.156882
0.169717
0.169569
0.156932
0.170083
0.169926
0.156684
0.169239
0.160052
0.169703
0.169541
0.157487
0.169537
0.169385
0.157648
0.169703
0.169551
0.157745
0.169155
0.157683
0.169866
0.169714
0.157729
0.170217
0.170102
0.237181
0.235473
0.233819
0.232182
0.230546
0.228909
0.226129
0.225681
0.224078
0.223144
0.221548
0.219976
0.218444
0.216921
0.215439
0.214566
0.213361
0.211380
0.210255
0.209276
0.208538
0.207920
0.207330
0.206740
0.206185
0.205656
0.205127
0.204601
0.204092
0.203582
0.203072
0.202562
0.202083
0.201630
0.200616
0.200757
0.200304
0.199851
0.199397
0.198966
0.198548
0.198131
0.197715
0.197315
0.196916
0.196514
0.196141
0.195791
0.195441
0.195096
0.194401
0.194087
0.194311
0.194003
0.193706
0.193076
0.192788
0.192500
0.192226
0.191965
0.191705
0.191458
0.191210
0.190980
0.190759
0.190539
0.190318
0.190099
0.189891
0.189686
0.189490
0.189294
0.189110
0.188926
0.188740
0.188565
0.188421
0.188291
0.188158
0.188039
0.187927
0.187821
0.187725
0.187639
0.187553
0.187468
0.187379
0.187306
0.187233
0.187173
0.187123
0.187072
0.187017
0.186976
0.186942
0.186907
0.186870
0.186840
0.186811
0.186779
0.186749
0.186726
0.186586
0.186698
0.186677
0.186663
0.186649
0.186677
0.186670
0.186663
0.186655
0.186648
0.186641
0.186633
0.186616
0.186700
0.186699
