4.415988
4.379092
4.493653
4.392725
4.379346
4.238292
4.267375
4.334979
4.249717
4.192178
4.332538
3.718952
3.904811
4.164871
4.174601
4.178633
4.138153
4.058311
4.194359
4.174019
4.125947
4.054844
4.072826
3.977701
3.975969
3.883836
3.930354
3.813694
3.838433
3.892408
3.832975
3.946925
3.809062
3.431624
3.241858
3.781077
3.626090
3.671284
3.827563
3.801165
3.718588
3.810827
3.263223
3.707378
3.474695
3.550300
3.358323
3.730162
3.653041
3.202249
1.222959
3.405035
3.746470
3.337624
3.168481
2.969411
2.859565
3.250872
3.360587
3.449960
3.665469
2.701650
3.343306
3.554065
3.380103
2.693186
3.042870
3.402844
3.271564
3.458104
2.653829
3.118770
2.996050
3.315199
3.065573
2.744329
2.786711
2.287019
3.482625
2.428722
2.998038
2.502459
2.884206
2.596266
2.916919
3.315458
3.083327
3.376962
3.399796
2.954625
2.816766
2.824675
3.119634
2.669045
2.414302
2.913246
2.994201
2.996446
1.910799
3.220623
2.416607
2.392658
2.341978
2.110540
2.033690
2.818043
2.377323
2.793818
1.149623
2.777609
2.610995
2.499560
2.752748
2.277561
2.485011
1.823051
2.697977
2.354191
2.508710
2.544650
3.284643
2.151222
2.410955
2.960767
2.895221
2.169497
2.749523
2.127374
2.500026
2.747069
2.226816
2.242415
2.463187
2.523899
2.269766
2.190341
2.303760
2.147633
2.438151
2.648167
2.123513
2.312780
2.412019
2.851473
2.460792
2.665708
3.083686
2.166021
2.119783
2.289643
2.315864
2.652976
1.860840
2.272631
2.459763
2.122107
2.451074
2.134844
0.503065
2.386518
2.189499
2.188765
2.410648
2.243779
2.180928
2.175002
2.188142
2.393605
2.423821
2.459536
2.268573
2.380148
2.182683
2.170823
2.174922
2.240720
2.148254
2.215801
2.180098
2.165915
2.195188
2.459496
2.211660
2.189629
2.180869
0.519749
2.449164
2.244102
2.249968
2.238650
2.330397
2.293992
2.240919
2.181947
2.236124
1.921576
2.231863
2.461635
2.235127
2.368196
2.220207
2.223337
0.535982
2.260634
2.212893
2.181535
2.255379
2.440228
2.529036
2.244523
2.213715
2.250554
2.232724
1.198274
2.236871
2.559362
2.235449
2.206522
2.239180
2.219466
2.240767
2.125555
2.232161
2.230377
2.196291
2.236917
0.634386
2.249944
2.247335
2.249155
2.223528
2.250211
2.229115
2.249170
2.236456
2.216078
2.234207
1.861275
2.273782
2.238718
2.217797
2.244606
2.234271
2.191554
2.232087
2.220421
2.180475
2.241537
2.210171
2.179150
2.228431
2.183575
1.701435
2.224359
2.222985
2.173104
2.226462
2.516750
2.171658
2.220748
2.219740
2.165426
2.219459
2.170165
2.219183
2.170165
2.286909
2.210035
2.218889
2.198742
2.190382
2.180488
2.191667
2.543143
2.182731
2.193844
2.194019
2.194193
2.286380
2.179862
2.181049
2.192326
2.192679
2.182829
2.194049
2.184046
2.195154
2.195417
2.494742
2.194636
2.203637
2.195893
2.217122
2.195920
2.207141
2.217013
2.195855
2.211458
2.207459
2.196296
2.207452
2.217277
2.177731
2.207235
2.217121
2.177710
2.211390
2.217746
2.178294
2.207610
2.207380
2.177998
2.207330
2.177974
2.207280
2.207050
2.188652
2.207176
2.217063
2.177923
2.216092
2.206947
2.177935
2.207160
2.206930
2.177905
2.211373
2.217796
2.178649
2.477478
2.213716
2.213344
2.195001
2.213204
2.220909
2.221175
2.221442
2.195684
2.221778
2.227618
2.195956
2.221924
2.217995
2.196042
2.222023
2.227861
2.196313
2.218133
2.217991
2.196102
2.221944
2.227808
2.196373
2.218129
2.227735
2.196347
2.221730
2.217992
2.196059
2.217983
2.217839
2.195978
2.218422
2.227446
2.196128
2.218460
2.218270
2.195960
2.221577
2.228154
2.196406
2.218657
2.218467
2.202090
2.221710
2.228313
2.202534
2.218858
2.221837
