0.383636
0.368881
0.374653
0.359941
0.357415
0.337807
0.329872
0.230553
0.276056
0.314587
0.333694
0.304864
0.280078
0.274050
0.275894
0.290717
0.274302
0.250244
0.246373
0.255643
0.230123
0.229524
0.238778
0.241558
0.226445
0.269030
0.289992
0.311608
0.247674
0.229818
0.297061
0.231846
0.253228
0.241714
0.224831
0.259418
0.258817
0.258024
0.245432
0.253907
0.243868
0.265040
0.233855
0.256700
0.234092
0.258234
0.258674
0.227044
0.250337
0.247139
0.259358
0.216377
0.253760
0.279682
0.225183
0.261352
0.299529
0.270151
0.262856
0.265329
0.290701
0.253074
0.264617
0.260495
0.250779
0.282093
0.192849
0.280166
0.283091
0.239480
0.214286
0.261660
0.231307
0.260407
0.277564
0.273702
0.288234
0.284015
0.273233
0.247659
0.259733
0.206472
0.277723
0.274795
0.280125
0.264670
0.270020
0.254891
0.287915
0.256219
0.305402
0.234452
0.251189
0.240823
0.254615
0.152303
0.265133
0.164907
0.266633
0.253876
0.210341
0.131964
0.289902
0.269255
0.246637
0.341357
0.275771
0.171919
0.166482
0.282768
0.211317
0.263114
0.224824
0.215326
0.256589
0.160786
0.269254
0.281320
0.249302
0.232064
0.246583
0.228423
0.250277
0.234023
0.208805
0.212826
0.214802
0.211109
0.288771
0.285289
0.147676
0.244323
0.195813
0.211885
0.185349
0.194579
0.209440
0.256362
0.185677
0.289875
0.224272
0.149496
0.238747
0.213359
0.270510
0.244891
0.277963
0.202350
0.229186
0.146893
0.245689
0.118098
0.253016
0.208170
0.116020
0.185970
0.209002
0.205941
0.210938
0.232537
0.212291
0.211198
0.210775
0.271803
0.211803
0.123000
0.213078
0.139851
0.194425
0.212369
0.117905
0.219000
0.197330
0.304140
0.119422
0.311501
0.191037
0.208034
0.216558
0.216613
0.215956
0.218663
0.215132
0.213998
0.213949
0.212664
0.198593
0.206998
0.214894
0.214678
0.223512
0.302940
0.215911
0.215737
0.215918
0.213039
0.217178
0.216854
0.215759
0.216336
0.215621
0.216282
0.217559
0.214677
0.216158
0.217264
0.229160
0.217157
0.217046
0.216910
0.217138
0.216949
0.217214
0.217086
0.217056
0.217259
0.217221
0.216613
0.217271
0.217113
0.216994
0.218540
0.223411
0.218743
0.276957
0.219049
0.219010
0.211353
0.219184
0.218480
0.218451
0.226296
0.258231
0.258035
0.257865
0.257698
0.257535
0.257397
0.256276
0.257115
0.257104
0.256977
0.256856
0.257141
0.257034
0.256930
0.256828
0.257098
0.257384
0.130212
0.256852
0.257031
0.257400
0.257297
0.257203
0.237893
0.256946
0.256861
0.256779
0.256273
0.256191
0.256108
0.256029
0.255953
0.256001
0.255935
0.255873
0.255811
0.255749
0.255690
0.255749
0.258096
0.258033
0.258375
0.258270
0.258201
0.258133
0.258069
0.258004
0.257941
0.257764
0.257711
0.257702
0.257649
0.257596
0.257543
0.257493
0.257451
0.257409
0.257368
0.257334
0.257301
0.256974
0.256845
0.257119
0.257088
0.257052
0.257017
0.256981
0.257094
0.256911
0.256876
0.256840
0.257258
0.257221
0.257343
0.257301
0.257270
0.257243
0.257215
0.257188
0.257160
0.257253
0.257346
0.257651
0.259453
0.259421
0.259388
0.259655
0.258372
0.259589
0.259555
0.259520
0.259485
0.259452
0.259425
0.259395
0.259372
0.258982
0.258955
0.258928
0.259019
0.258608
0.258585
0.258562
0.258539
0.258520
0.257855
0.258815
0.258794
0.258775
0.258757
0.258738
0.258719
0.258701
0.258956
0.258936
0.258916
0.258896
0.258876
0.258859
0.258842
