4.038710
4.078958
4.205763
4.106540
4.057631
3.963755
4.048284
3.717294
3.839540
3.973795
4.077640
3.997397
3.971634
4.048694
4.098496
3.961972
4.075938
3.869306
3.837726
3.881775
3.842727
3.829377
3.832036
3.883010
3.839036
3.281043
3.730540
3.757772
3.237363
3.407564
3.726289
3.412197
3.650620
3.198106
3.474320
3.626972
3.610512
3.350004
3.632185
3.753367
3.708721
3.365439
3.324905
3.678241
3.239132
3.783687
3.430822
3.489807
3.657244
3.613118
3.545354
1.968341
2.621969
2.749329
3.496789
3.577736
3.640242
3.044739
3.386365
3.569327
3.029434
2.606282
3.712898
3.024025
3.014109
3.204472
2.565357
3.113416
2.998447
2.724374
3.167978
3.369692
2.200395
2.827019
2.980279
2.350617
2.747016
2.820870
2.055710
2.307193
2.553442
2.868699
2.379477
3.019112
2.824317
2.471114
2.934950
3.689332
2.848104
2.597955
2.832892
2.635383
2.580469
2.789016
2.468033
0.912188
2.571040
0.929317
2.874930
2.639932
2.701336
2.161067
3.001987
2.442542
2.067853
3.170323
2.798662
3.213394
1.897558
2.995232
2.733206
2.877390
1.864278
1.959777
2.675349
3.451486
2.477477
2.580748
2.463292
2.408956
2.536586
0.892938
2.591685
1.976210
0.904493
1.645399
0.920098
0.967309
2.946083
3.100675
0.933013
2.239301
0.940695
1.622790
1.419067
2.101671
1.601822
2.501017
1.994496
2.630566
2.400417
0.936525
2.547447
0.958844
2.576075
2.523754
2.952830
1.014519
3.056426
2.351845
2.462636
0.437277
2.261119
1.712067
0.424017
0.978133
2.031895
2.167876
2.017772
2.391600
2.044117
1.966805
2.002058
2.638969
1.988250
0.478922
2.023913
1.007518
2.136159
2.034747
0.956721
2.392303
2.157300
2.774611
0.959475
2.904363
1.314965
2.153163
2.033977
2.017979
2.017897
2.120415
2.009927
1.991650
1.997005
1.997041
2.073126
2.099568
1.981522
1.977986
2.436222
2.543960
1.979138
1.967629
1.960038
1.958566
1.959166
1.967631
1.966814
1.963289
2.310303
1.970713
2.035285
1.960357
1.949697
1.946675
2.299551
1.943925
1.963131
1.950064
1.951433
1.967389
1.946459
1.939627
1.939280
1.939834
1.939431
1.949491
1.946488
1.937776
1.944730
1.945344
2.317781
1.945564
2.538543
1.934067
1.933398
1.935302
1.930349
1.930892
1.931347
2.034697
2.488431
2.485832
2.483324
2.480815
2.478457
2.476220
2.458760
2.471567
2.469422
2.467276
2.465207
2.464430
2.462510
2.460589
2.458668
2.456166
2.455689
0.458289
2.459314
2.458126
2.456202
2.454357
2.452523
2.549301
2.447464
2.445812
2.444160
2.442508
2.440856
2.439204
2.437642
2.436081
2.434601
2.433213
2.431833
2.430454
2.429075
2.427696
2.426408
2.425117
2.423691
2.423353
2.421882
2.420411
2.418939
2.417468
2.416087
2.414706
2.414976
2.413733
2.412489
2.411246
2.410002
2.408759
2.407687
2.406626
2.405565
2.404685
2.403805
2.402925
2.410574
2.401163
2.398705
2.397778
2.396850
2.395922
2.394994
2.403848
2.393189
2.392262
2.391334
2.391464
2.390491
2.398638
2.388772
2.388023
2.387279
2.386534
2.385790
2.385046
2.384301
2.383558
2.384401
2.384675
2.383797
2.382918
2.379737
2.362776
2.378022
2.377094
2.376167
2.375239
2.374402
2.373565
2.372815
2.372070
2.371325
2.370579
2.369834
2.369090
2.368430
2.367778
2.367125
2.366561
2.366000
2.365573
2.366012
2.365493
2.364976
2.364460
2.363944
2.363427
2.362911
2.359173
2.358608
2.358044
2.357479
2.357003
2.356530
2.356057
