30.749167
30.805917
30.830236
30.903084
30.909291
30.681595
30.695398
30.856465
30.680327
31.136875
30.815917
30.891573
30.720957
31.038932
30.839328
31.055862
30.872493
30.910086
31.041178
30.905772
30.878908
30.828200
30.727030
30.520198
30.832353
31.212399
31.966125
31.529943
31.388438
30.944134
32.283493
31.148014
31.504358
31.080982
31.436319
31.113033
31.566234
30.947568
31.103473
30.982565
31.243226
31.418464
31.041765
31.230428
31.288537
30.628997
31.117887
31.267471
31.271857
30.699173
31.914180
31.147869
31.380859
31.768386
31.412507
31.171496
31.533462
30.604089
31.151467
31.574813
31.210430
31.074288
31.332984
31.334002
31.261143
31.167881
30.630633
31.196062
30.806815
31.792293
31.088581
32.085628
31.328502
31.315151
32.031928
31.235632
31.317028
30.804748
31.852951
32.148586
31.249893
30.915360
31.118564
31.871643
31.423772
31.773470
32.640875
32.407151
31.870164
30.950707
31.355518
31.841700
31.758450
30.959588
31.588388
31.942825
31.354429
32.993501
31.324992
31.170837
31.251694
32.658051
33.286122
31.752159
32.685635
31.503415
31.435947
31.227298
31.619226
31.558592
32.892565
31.442359
22.759474
31.980322
32.377812
33.169095
33.233387
27.793275
31.674831
32.211344
30.868001
30.823523
32.276417
21.638371
31.812470
32.309115
21.545837
28.163075
28.074220
33.030355
31.992101
28.251088
31.603508
32.418533
28.211311
24.759682
27.996399
33.285417
33.402980
28.214318
31.289593
27.927397
33.304287
28.268190
31.295989
31.126879
31.126092
31.762304
31.347905
31.751457
28.211184
32.419439
31.293193
28.171703
28.171563
28.207877
33.316750
33.417271
26.534745
32.120229
32.056644
28.232868
22.155329
32.041718
31.323014
32.023219
31.216257
32.041070
33.034610
28.201604
31.985863
31.309220
31.991920
28.030879
22.023475
30.893791
28.126441
28.070904
32.013350
31.948438
28.232189
32.009831
32.296207
32.001285
32.003041
25.906440
31.202919
33.402817
31.999095
27.450477
30.896339
33.422605
33.367832
32.006383
32.054433
31.937143
31.918227
31.911132
32.005067
28.115963
33.299947
31.783992
30.919367
32.007713
33.419136
33.407276
33.401324
33.423202
33.402148
28.228463
33.317312
33.423587
31.883962
28.208506
31.824617
33.303444
31.846209
28.084937
28.219503
30.783040
28.141808
33.284901
28.035150
31.698381
33.299150
31.775073
23.696552
31.992933
32.003625
33.311889
32.004622
28.124989
31.938419
33.314591
31.928588
33.315700
31.917515
28.123939
31.683784
23.689498
24.028033
28.120708
31.585543
28.158734
28.042537
27.923212
22.098006
31.762603
31.655560
27.956766
23.964756
22.739963
22.739980
28.289238
29.428503
28.243103
30.392364
30.414075
30.387356
30.383220
30.370492
26.741918
30.337250
30.316548
30.316548
28.196544
30.290830
30.317016
30.316278
30.315819
28.204162
28.229474
30.195386
30.191572
26.594675
30.189407
30.459671
30.191643
30.188534
30.299559
30.185178
30.459795
30.191097
30.187824
28.134865
30.275243
30.273853
30.295395
30.507204
30.267829
30.264474
30.268481
30.287132
30.282927
30.282922
30.278146
30.271658
30.267238
30.267224
30.262513
30.261618
30.261618
30.255804
30.254412
30.254412
30.238557
30.214926
30.238167
30.238154
30.235564
30.213938
30.254853
30.230313
30.225704
30.225704
30.225704
30.219880
30.219880
30.821831
30.219853
30.219853
30.815515
30.219853
30.219853
30.219773
30.219773
30.219618
30.219587
30.264369
30.264849
30.264849
30.264872
30.264872
30.264872
30.264702
30.264702
30.812558
30.264759
30.264657
30.264657
30.264657
30.264657
30.264657
30.264657
30.264600
30.264600
30.264600
30.769269
30.264628
30.264628
30.361764
30.361764
30.361592
30.346024
30.346024
30.346024
30.772687
30.442801
30.456479
30.486676
30.486676
30.486676
30.486676
30.486676
30.744320
30.485792
30.485792
30.480806
30.480808
30.480756
30.480529
30.475431
30.475431
30.475431
30.475431
30.475431
30.469326
30.737771
30.475431
30.475431
30.475431
30.475146
30.469043
30.469043
30.440034
30.440037
30.440037
30.440037
30.432456
30.432456
30.703181
30.440011
30.440037
30.480632
30.480680
30.480680
30.473804
30.473804
30.473804
30.466185
30.466185
30.465502
30.465502
30.706509
30.466159
30.465476
30.465476
30.465502
30.472126
30.472126
30.472126
30.472126
30.472126
30.515687
30.515687
30.515687
30.514809
30.514809
30.514809
30.514809
30.726461
30.514841
30.514841
30.514841
30.514841
30.514841
30.514841
30.514841
30.514841
30.514844
30.514844
30.514844
30.514844
30.507597
30.507597
30.508703
30.507597
30.507597
30.507597
30.539881
30.539881
30.539881
30.741243
30.567953
30.567953
30.539881
30.539881
30.539881
30.539881
30.539881
30.539881
30.539881
30.539881
30.539881
30.539881
30.598442
30.598442
30.616852
30.598442
30.598442
30.598442
30.598442
30.616017
30.597306
30.598442
30.598442
30.598442
30.616017
30.597306
30.597306
30.753883
30.597306
30.597306
30.597306
30.597306
30.597306
30.597306
30.597306
30.597306
30.597306
30.614798
30.597306
30.597306
30.597306
30.595883
30.608978
30.595883
30.595883
30.595883
30.632117
30.672144
30.632117
30.632117
30.632117
30.632117
30.672144
30.632117
30.756680
30.632117
30.632117
