4.097578
4.102954
4.115576
4.202777
4.191823
4.112337
4.156299
4.161018
3.937341
4.183764
4.020640
4.079212
3.925091
4.067612
4.021464
3.967673
4.026471
3.927175
4.021440
3.915097
3.912446
3.923724
3.818744
3.897028
3.865083
3.824623
3.740281
3.750734
3.761041
3.566892
3.714823
3.665883
3.748794
3.733999
3.574634
3.453732
3.638194
3.404931
3.630768
3.380021
3.375994
3.699610
3.738909
3.431603
3.708747
3.707755
3.689202
3.415641
3.739431
3.379344
3.440470
3.048289
3.162264
3.260787
2.539830
2.638036
3.445604
3.108827
3.472696
3.191489
3.055521
3.045644
2.764585
2.663458
3.010773
2.698861
2.652024
3.401395
3.505669
3.419063
3.100063
3.500988
3.705676
3.166543
3.553906
2.334858
2.316175
2.584961
2.678143
3.661026
2.939694
2.794387
2.858822
3.182512
2.976919
2.576977
3.749197
3.650240
2.934600
2.614781
2.832145
3.622921
3.679253
2.766022
3.420176
3.869248
3.013226
3.956715
2.897258
2.816158
2.559118
3.609289
3.642316
3.291112
3.705049
2.713959
2.731570
3.098870
3.632816
2.665418
3.681973
2.411363
1.021084
3.502476
3.754457
3.776397
3.795720
1.026871
3.091484
3.749236
2.584663
2.516869
3.900476
0.490046
3.585649
3.763400
1.047470
1.051240
1.060354
3.816649
3.838537
1.083375
3.514743
3.836200
1.086931
1.083950
1.101531
3.901612
3.848193
1.105961
3.259651
1.110294
3.800638
0.567448
3.105799
3.234229
2.845707
3.828073
2.917713
3.854453
1.095680
3.914877
3.230286
1.090586
1.111016
1.117573
3.942505
2.609685
0.707432
3.957208
4.011355
1.124353
1.122300
3.946762
2.335481
3.921026
1.946262
3.951911
3.894172
1.126842
3.949675
2.222087
3.940170
1.127004
1.126612
2.777433
1.130572
1.104175
3.919703
3.947500
1.133651
3.964419
4.020036
3.953727
3.956480
1.132453
2.713196
3.951688
3.945418
1.130074
2.798188
3.887535
3.866141
3.935408
3.950227
3.794660
3.772223
3.770307
3.932228
1.157916
3.896072
3.948812
2.799257
3.931042
3.907002
3.912405
3.903154
3.931728
3.918762
1.130666
3.926301
3.942829
4.024787
1.129930
4.006530
4.034371
4.022930
1.126643
1.125470
2.792707
1.130724
3.873297
1.127032
3.814970
3.960231
3.916199
1.128273
3.936714
3.953379
3.943575
3.953647
1.128260
3.863919
3.944489
3.855975
3.944254
3.843179
1.127040
3.722330
1.128532
1.132396
1.130055
2.969472
1.123247
1.124454
1.117980
1.120289
3.203641
3.120378
1.119489
1.120511
1.092363
1.098594
1.104500
1.105050
1.105594
1.513489
1.484955
1.344681
1.419673
1.409951
1.075629
1.378472
1.324796
1.314593
1.063844
1.308505
1.300164
1.290077
1.281150
1.046531
1.050918
1.196006
1.180990
1.045553
1.183448
1.408180
1.180724
1.170405
1.344175
1.160590
1.392776
1.162618
1.152259
1.034266
1.222939
1.214276
1.237536
1.417617
1.200445
1.190518
1.181897
1.208933
1.199197
1.194276
1.185163
1.174410
1.171734
1.167331
1.165298
1.160113
1.155608
1.153486
1.125509
1.121161
1.109951
1.127662
1.161298
1.157394
1.151052
1.119585
1.083767
1.079015
1.067037
1.063716
1.060581
1.051780
1.049039
2.536131
1.053416
1.050627
2.535564
1.054578
1.051701
1.049062
1.046586
1.044230
1.041922
1.073086
1.070955
1.069114
1.067627
1.066234
1.065017
1.063888
1.062628
2.498240
1.068241
1.066849
1.065366
1.064060
1.062756
1.061540
1.060503
1.059555
1.058606
1.057746
2.514838
1.061728
1.060646
1.183778
1.183768
1.183860
1.158104
1.158007
1.157912
2.522629
1.279919
1.223364
1.307237
1.305605
1.304081
1.302558
1.301203
2.384112
1.306791
1.304923
1.299398
1.297778
1.296328
1.294956
1.296478
1.295161
1.293944
1.292994
1.292048
1.286064
2.370526
1.298317
1.296742
1.295339
1.294158
1.288134
1.287091
1.302436
1.299557
1.296965
1.294573
1.286370
1.284193
2.358267
1.296371
1.293980
1.314969
1.312286
1.309778
1.312371
1.310285
1.308478
1.300504
1.298882
1.297252
1.295769
2.349730
1.303121
1.301125
1.299364
1.297785
1.301875
1.300527
1.299183
1.297930
1.296769
1.333080
1.332382
1.331685
1.330631
1.329978
1.329417
1.328857
2.364433
1.337239
1.336125
1.335105
1.334085
1.333066
1.332229
1.331485
1.330740
1.330078
1.329471
1.328866
1.328260
1.333005
1.332628
1.333236
1.332542
1.332441
1.332341
1.406518
1.405959
1.405490
2.372763
1.393989
1.392691
1.411950
1.411022
1.410185
1.409440
1.408696
1.407953
1.407391
1.406830
1.406270
1.405800
1.416348
1.415418
1.108472
1.418209
1.417186
1.416255
1.415417
1.107774
1.417324
1.417098
1.416167
1.415330
1.107717
1.417233
1.416165
2.375628
1.424380
1.422476
1.420670
1.419318
1.418065
1.416904
1.415837
1.414862
1.413980
1.106631
1.416594
1.415526
1.414551
1.412856
1.160594
1.415260
1.414146
1.413124
1.478320
1.229090
1.480928
1.479814
1.478793
1.477773
1.228594
1.480479
2.377240
1.488513
1.486658
