30.583294
30.753258
30.924843
30.704339
30.647819
30.740360
30.841769
31.040671
30.974283
30.835629
30.732159
30.577124
30.704458
30.855640
30.901263
30.820475
30.689477
30.797548
31.188308
30.974449
30.895871
30.814346
30.535799
30.738116
30.736738
31.555339
31.325731
31.119258
31.136455
31.133738
30.844606
31.489097
31.268754
31.081863
30.927652
30.908097
31.032777
31.821250
30.895804
30.860696
31.148371
30.806938
31.138894
31.228291
31.018047
31.389074
30.746484
31.409633
31.093032
31.123973
31.192717
31.147093
31.419433
31.423845
31.689248
31.744006
30.564831
31.774094
31.555042
31.291111
31.248508
31.714233
31.639285
30.799145
31.851141
30.749688
31.379061
31.503401
32.944829
31.417008
31.624667
32.047875
31.383873
31.678669
32.802783
31.448897
31.095568
31.484163
33.065376
31.156534
31.929639
31.664954
29.615784
31.490894
30.653360
29.551341
30.291699
31.400464
31.889315
32.136515
31.297863
31.356888
31.377840
30.987024
32.966582
32.912747
31.578367
31.185041
32.234854
31.056746
31.436168
31.080888
31.217928
31.199298
33.352025
31.649624
33.063896
31.229931
31.086189
31.107894
31.680941
31.420347
33.101662
31.663149
31.514052
31.274877
29.240123
33.032444
31.553772
31.323592
31.209326
31.379398
31.556037
31.253411
31.153196
31.217249
32.981092
31.637986
31.168402
32.798091
31.250099
31.343935
33.115175
31.171064
31.349098
31.137409
29.775490
33.201361
31.321725
31.304270
31.237283
32.930940
31.382851
31.233810
31.364515
32.483485
31.545608
31.093948
31.438489
31.724672
31.225850
31.231818
31.282469
31.237550
33.018081
31.222221
31.267289
31.230023
29.948450
32.899932
31.280521
31.295665
31.260668
31.304278
33.094359
31.330861
33.076562
31.348024
31.144915
31.807303
31.625496
30.913908
33.024978
31.428856
31.445173
31.519255
31.224149
31.297425
31.727998
31.185469
31.297305
31.308316
31.736196
31.310590
31.299788
31.698869
31.373854
31.557220
31.200986
31.462890
31.308432
31.201334
31.295072
31.303083
31.302049
31.664016
31.255580
31.180335
31.301983
31.247380
31.461058
31.273255
31.264603
31.264603
33.081947
31.264603
31.326887
31.228087
31.264270
31.087603
31.264146
33.072663
31.272797
31.272797
31.264146
31.264146
31.264146
31.223851
31.261886
31.263553
31.281617
29.932318
31.264146
31.264146
31.264146
31.264146
31.264146
31.707848
31.263553
31.263553
31.263553
31.432004
31.383729
31.263553
31.263250
31.263250
31.263250
31.263250
31.263250
31.263250
31.304432
31.263250
31.263250
31.265726
31.263250
31.263197
31.263197
31.258913
31.258913
31.300621
31.258913
31.258913
31.258758
31.258758
31.258758
31.258758
31.258018
31.258018
31.258018
31.213752
31.257370
31.257370
31.257370
31.257370
31.257370
31.257370
31.257370
31.227001
31.257370
31.418930
31.257370
31.257585
31.257585
31.257585
31.257585
31.257585
31.257585
31.257585
31.257585
31.379709
31.255328
31.255328
31.248636
31.247971
31.247971
31.247971
31.247050
31.247050
31.247007
31.247007
31.241802
31.247007
31.247007
31.247007
31.247007
31.241750
31.247007
31.247007
31.244200
31.244200
31.244200
31.244200
31.243612
31.243612
31.243612
31.244200
31.244200
31.244200
31.244200
31.243052
31.243052
29.928202
31.249257
31.248105
31.247883
31.247883
29.837430
31.249035
31.247883
31.247883
29.837193
31.249035
31.249035
31.242847
31.247883
29.837193
31.257538
31.256383
31.247883
29.837171
31.258188
31.258188
31.258188
29.837171
31.256378
31.256378
31.258188
31.249684
29.837171
31.256378
31.256378
31.258188
29.837065
31.258637
31.256378
31.256378
29.837135
31.253551
31.253551
31.251292
31.255787
29.837135
31.254405
31.254405
31.255787
31.250458
29.837135
31.259491
31.259491
31.255545
29.836965
31.259491
31.259491
31.255545
29.836936
31.259249
31.259249
31.259249
29.838113
31.259249
31.254162
31.254162
31.259249
29.838025
31.254162
31.259249
31.254162
29.836805
31.259249
31.259249
31.257802
29.838025
31.259249
31.259249
31.257802
29.889895
31.259249
31.259249
31.257802
29.889895
31.258959
31.258959
31.258959
31.252716
29.891072
31.258959
31.253873
31.253873
31.258219
29.891072
31.258219
31.258219
31.253132
31.258219
29.890984
31.258219
31.253132
29.890984
31.258219
31.258219
29.890879
31.295355
31.258219
31.258219
29.890879
31.295355
31.295355
31.295355
29.891099
31.295355
31.295355
31.295355
29.891099
31.295355
31.295355
29.891099
31.298092
31.298092
31.295355
29.858614
31.298092
31.298092
31.290269
31.295355
29.858614
31.298092
31.293006
31.290269
31.295355
29.858614
31.298092
31.295355
29.858571
31.419399
31.298092
31.298058
29.858511
31.419365
31.419365
29.858383
33.236322
33.238442
33.238442
28.436144
33.091206
33.091206
33.091206
31.379346
33.091206
31.376406
31.376406
28.438471
33.092490
33.090118
31.379178
33.090118
31.377344
31.376406
33.090118
31.376406
31.376406
33.140174
33.140174
28.438355
33.147418
33.147418
33.142896
33.147418
33.147418
33.147418
33.147418
33.142865
33.142685
31.201922
33.140236
31.201922
31.201922
33.141403
33.141257
33.141257
31.129875
31.129875
31.129875
31.109334
29.284968
33.145066
33.146156
31.108685
31.109334
31.109334
