31.079410
30.619576
30.732888
31.015340
30.880047
30.861264
30.836695
30.689246
31.267230
30.682649
30.797607
30.614085
30.580980
30.632271
30.787471
30.646447
30.589221
30.629380
30.724408
30.910875
30.867908
30.683430
30.460883
30.615952
30.619419
31.083721
31.293676
31.189853
30.473961
30.778942
31.147415
30.694456
31.488644
30.712257
30.993446
31.055818
31.346177
31.100167
31.158655
31.177622
31.259451
30.963412
31.130107
30.568628
31.062594
31.050098
30.414019
31.339022
30.768248
31.101592
31.498991
31.075349
31.111376
31.782816
31.557919
31.755614
31.337474
31.629465
31.356377
31.349826
30.955721
31.431632
31.391628
31.005263
31.158309
31.596372
31.321141
31.519362
30.979130
31.291862
30.764427
30.622723
30.612895
31.139709
31.425297
30.904287
31.772671
33.176588
31.939538
31.701870
31.672111
31.273118
31.230100
30.945801
31.333269
32.253461
32.751159
31.436653
31.364589
31.300154
31.707980
32.061561
32.888348
31.357235
31.216932
31.886071
31.430532
31.383840
31.445275
31.399718
31.432796
33.037476
33.112960
31.610481
33.056885
31.988730
32.091876
31.515106
32.059844
31.592656
31.592991
31.540325
31.864111
31.712602
32.176849
31.949541
33.086485
31.681990
31.384827
33.010319
31.131121
32.353175
31.828060
31.467214
31.542623
31.470809
31.625764
31.314703
31.735644
31.805354
31.034209
30.855679
31.771187
31.983125
31.652360
33.253952
31.594869
31.665408
31.669525
31.710965
29.825138
31.640043
33.174377
31.579144
33.355674
31.940857
31.784411
31.885931
31.430810
31.967852
31.893906
31.866966
31.605355
31.819627
33.257868
31.600321
31.777620
31.643711
31.053492
32.476005
31.621751
31.645434
31.960341
31.784049
31.485260
31.622723
31.625748
31.618034
31.626729
31.626816
31.641287
32.960068
31.647480
31.644838
31.192239
31.626815
31.618380
31.617379
31.626766
32.034033
31.581796
32.066316
31.487231
31.626551
31.632369
31.335441
31.618104
31.576070
31.618104
31.623269
31.618104
31.677881
31.536920
31.627438
31.616601
31.655893
31.869199
31.617964
31.617964
31.601401
31.626348
31.900379
31.406097
31.617886
31.626010
31.622022
31.630396
31.581210
31.597699
31.853809
31.782640
31.621990
31.638749
31.580798
31.630299
31.621893
31.621893
31.621893
31.621893
31.621893
31.621893
31.617614
31.617614
31.617614
31.335630
31.625815
31.617614
31.617614
31.419069
31.504629
31.617434
31.617434
31.617434
31.617434
31.617434
31.617434
31.609923
31.617314
31.617314
31.617314
31.617314
31.617314
31.617314
31.617314
31.617314
31.609535
31.617314
31.617314
31.617089
31.617089
31.617089
31.625694
31.617089
31.025086
31.617089
31.616852
31.625231
31.616852
31.477900
31.630241
31.616852
31.616852
31.625277
31.616852
31.616852
31.621141
31.616852
31.436417
31.616852
31.616852
31.607262
31.616852
31.616852
31.616852
31.616852
31.616852
31.616852
31.616813
31.616813
31.616813
31.616662
31.525229
31.616813
31.616813
31.616813
31.608565
31.671042
31.671042
31.671042
31.671042
31.671042
31.670928
31.670928
31.670928
31.670774
31.670774
31.670774
31.670774
31.670774
31.670774
31.670464
31.670464
31.670464
31.670464
31.670464
31.670440
31.670440
31.670440
31.670440
31.670440
31.670440
31.670440
31.670440
31.670440
31.632023
31.670440
31.670440
31.670440
31.670440
31.670440
31.670440
31.670440
31.670440
31.670440
31.670440
31.670440
31.670440
31.670440
31.670440
31.670440
31.670440
31.670440
31.670440
31.670440
31.670440
31.670440
31.670440
31.670440
31.670440
31.670440
31.670440
31.670440
31.670440
31.670440
31.670440
31.670440
31.670440
31.670440
31.670440
31.670440
31.670440
31.670440
31.670440
31.670440
31.670440
31.670440
31.670440
31.670440
31.670440
31.670440
31.670440
31.670440
31.670440
31.207038
31.207038
31.670440
31.207038
31.207038
