30.796635
30.553017
30.614624
30.551614
30.666218
30.673820
30.952034
30.372261
30.788048
30.760484
30.940579
30.859874
30.901261
31.078543
30.802026
30.965683
30.686534
30.695765
30.907278
30.963022
30.775115
30.831949
31.177200
30.637831
30.982811
30.980209
31.391475
31.537168
30.663702
31.068988
30.846690
31.224875
30.930350
30.833677
30.679600
31.948097
31.313239
31.447795
30.643784
31.272226
31.174933
31.758372
31.176053
30.723535
31.172731
30.746479
30.614890
31.298055
31.281316
31.081052
30.873761
31.074581
33.040657
31.286022
31.205125
31.237960
30.889905
31.485088
31.162195
31.294252
31.271218
31.802628
31.091854
31.192891
30.874616
31.482912
30.573376
31.439463
30.842861
31.097742
31.876751
31.305480
32.065320
31.103436
30.521676
32.209659
31.070195
31.399149
31.171096
31.745006
31.392850
31.697848
31.731223
31.555248
30.913443
31.218562
31.146283
31.595936
30.842499
31.343643
31.472589
31.319129
31.661189
30.520840
30.854876
31.191736
31.498673
31.421955
31.615778
30.907881
31.524540
31.039352
31.016125
30.726783
31.506810
31.292264
30.822000
32.092550
28.689017
29.624402
31.502986
32.868605
28.769214
31.432598
31.300576
31.716307
31.310116
31.387772
31.028954
28.678721
31.409480
30.894372
28.568752
30.714100
29.353046
31.471980
31.452653
30.685798
30.991611
29.914604
30.806693
31.232704
31.239490
31.476421
28.757116
29.956131
29.309003
24.492182
31.713698
28.818353
28.735275
31.404858
28.982706
31.646863
31.292365
31.574032
31.964452
28.975994
31.030341
31.740618
30.485052
31.045844
29.706416
31.189631
31.125413
31.088710
31.585894
30.616762
31.078791
30.327006
29.902875
31.468978
30.699810
31.045063
29.106212
28.746612
31.135558
31.107766
31.225707
31.442757
31.032705
31.094698
29.689731
31.084089
28.772967
31.303632
29.664536
31.033805
31.273402
31.130002
31.456168
31.145840
31.098282
31.145841
31.060173
31.081541
31.147836
31.054915
30.751489
31.047743
29.629662
31.221727
31.118231
31.214162
28.782920
31.121009
31.122369
24.056286
31.127467
31.148058
31.108772
31.381041
31.151882
31.096362
31.107712
31.142736
31.107824
31.061398
31.743820
31.141924
31.074562
31.141774
31.132624
31.097510
31.117969
31.091785
31.084453
28.852740
31.115780
31.865241
31.177835
31.115630
31.124456
31.080943
31.073877
31.071975
31.115679
31.068312
29.623914
31.061212
31.070093
31.061212
31.061096
31.106723
31.106573
31.056564
31.044917
31.140615
31.044917
31.039959
31.140498
31.034236
31.077114
31.131836
31.077114
31.131807
31.077114
31.077114
31.131807
31.061879
31.061879
31.133711
31.066995
31.421090
31.058546
31.058546
31.128227
31.058546
31.058546
31.135533
31.056781
31.056781
31.126759
31.056786
31.126759
31.056640
31.056640
31.126759
31.052254
31.052254
31.091442
31.091442
31.091442
31.091442
31.091442
31.091442
31.098029
31.091442
31.091442
31.084888
31.084888
31.084888
31.084888
31.084888
31.084888
31.082213
31.082213
31.082281
31.082281
31.082281
31.082281
31.082281
31.082281
31.082281
31.082281
31.082281
31.082281
31.082281
31.082281
31.082281
31.082281
31.082281
31.082281
31.082281
31.082364
31.082281
31.082281
31.082281
31.082281
31.082281
31.082281
31.082281
31.082281
31.082281
31.082281
31.082281
31.082281
31.082281
31.082281
31.082281
31.064361
31.064361
31.078945
31.078945
31.078945
31.060997
31.060997
31.060997
31.060997
31.060997
31.060997
31.060997
31.060997
31.060997
31.060997
31.060997
31.060997
31.060997
31.060997
31.060997
31.060997
31.060997
31.060997
31.060997
31.060997
31.060997
31.060997
31.060997
31.060997
31.060997
31.060997
31.060997
31.060997
31.060997
31.060997
31.060997
31.060997
31.060997
31.060997
31.060997
31.060997
31.060997
31.060997
31.060997
31.060997
31.060997
31.060997
31.060997
31.060997
31.060997
31.060997
31.060997
31.067575
31.060997
31.060997
31.060997
31.060997
31.061130
31.061130
31.061130
31.061130
31.061130
31.061130
31.061130
31.061130
31.064494
31.064494
