4.082202
4.118381
4.079569
4.183250
4.168163
4.125583
4.157085
4.196689
4.092337
4.212494
4.189430
4.187595
4.099586
4.193638
4.157368
4.141764
4.211791
4.131702
4.167877
4.144685
4.103388
4.211988
4.054516
4.143523
4.149800
4.083002
4.037059
4.031800
4.087827
3.987719
4.095710
4.078427
4.035433
4.074491
3.923214
3.767341
3.986839
3.773076
3.980112
3.840631
3.797862
4.073567
4.100811
3.955022
4.074963
4.062242
4.141114
3.769861
4.056628
3.717346
3.965325
3.504969
3.664713
3.688430
2.962884
3.203636
3.849425
3.564815
3.814893
3.544022
3.554900
3.494216
3.176813
3.134053
3.440972
3.225091
3.108697
3.735946
3.853268
3.690218
3.452048
4.002338
4.130156
3.531152
4.018196
2.852449
2.871266
3.056726
3.100521
4.184293
3.441901
3.307866
3.214846
3.459748
3.387463
2.980876
4.066058
4.198464
3.351012
3.039623
3.219122
4.081058
4.218070
3.218762
3.699611
4.064971
3.361408
4.140290
3.243961
3.149594
2.937905
4.077369
4.102850
3.531818
4.114110
3.087657
3.134635
3.420902
3.946448
3.051208
4.040554
2.781775
4.014300
4.124385
4.085782
4.000015
3.153790
4.138110
3.018750
2.783399
4.148334
3.817922
4.147745
4.050102
4.177503
3.697976
4.161817
4.008857
4.074716
3.415152
3.940334
3.250263
3.385096
2.978627
4.144889
3.079414
4.157590
4.165346
3.371226
4.033665
4.035069
4.143171
4.178262
4.084994
2.519830
4.060134
2.143247
4.099207
4.012745
4.144257
2.399275
4.130803
2.935690
4.034321
4.121126
4.130340
4.153217
4.121877
4.123817
2.820500
4.055080
4.104910
2.942768
4.044784
4.019303
4.085974
4.053042
3.895277
3.864887
3.854742
4.084895
3.981123
4.108100
2.938370
4.087275
4.053044
4.043981
4.035000
4.059321
4.043237
4.039997
4.058254
4.116703
4.120982
4.086830
4.119455
2.845465
3.976360
3.927749
4.021443
4.027378
4.044243
4.059989
4.007822
4.061099
3.971645
4.010436
3.961909
4.011084
3.949209
3.772643
3.055397
3.237959
3.166432
0.638932
1.585899
1.570358
1.436927
1.527684
1.528614
1.494841
1.461861
1.461861
1.450978
1.461104
1.460365
1.460341
1.361826
1.356065
1.353895
1.630440
1.353192
1.350546
1.582883
1.347186
1.629667
1.348688
1.345415
1.419521
1.418131
1.442259
1.703739
1.412107
1.408753
1.406119
1.433410
1.429205
1.429200
1.424425
1.417936
1.420395
1.420381
1.423467
1.422571
1.422571
1.425594
1.424193
1.424193
1.393049
1.409728
1.409674
1.409661
1.407071
1.382352
1.400049
1.390112
1.384756
1.384756
1.384756
1.378074
1.378074
2.767166
1.378135
1.378135
2.760850
1.378135
1.378135
1.378056
1.378056
1.377900
1.377968
1.414417
1.414025
1.414025
1.414025
1.414025
1.414025
1.413825
1.413825
2.733572
1.413825
1.413723
1.413723
1.413723
1.413723
1.413723
1.413723
1.413723
1.413723
1.413723
2.763230
1.413791
1.413791
1.551371
1.551371
1.551200
1.543706
1.543706
1.543706
2.768654
1.630047
1.573612
1.660020
1.660020
1.660020
1.660020
1.660020
2.592952
1.659137
1.659137
1.655011
1.655011
1.655011
1.654784
1.658258
1.658258
1.658258
1.658258
1.658258
1.653019
2.587983
1.658258
1.658258
1.658258
1.657974
1.652736
1.652736
1.661297
1.661297
1.661297
1.661297
1.655110
1.655110
2.588319
1.661297
1.661297
1.680252
1.680247
1.680247
1.685882
1.685882
1.685882
1.679168
1.679168
1.678485
1.678485
2.599479
1.679168
1.678485
1.678485
1.678485
1.684117
1.684117
1.684117
1.684117
1.684117
1.720139
1.720139
1.720139
1.719261
1.719261
1.719261
1.719261
2.624172
1.719261
1.719261
1.719261
1.719261
1.719261
1.719261
1.719261
1.719261
1.719257
1.719257
1.719257
1.719257
1.725349
1.725349
1.726455
1.725349
1.725349
1.725349
1.799381
1.799381
1.799381
2.639692
1.782132
1.782132
1.799381
1.799381
1.799381
1.799381
1.799381
1.799381
1.799381
1.799381
1.799381
1.799381
1.809407
1.809407
1.493928
1.809407
1.809407
1.809407
1.809407
1.493093
1.808271
1.809407
1.809407
1.809407
1.493093
1.808271
1.808271
2.637821
1.808271
1.808271
1.808271
1.808271
1.808271
1.808271
1.808271
1.808271
1.808271
1.491874
1.808271
1.808271
1.808271
1.806848
1.545352
1.806848
1.806848
1.806848
1.890531
1.614705
1.890531
1.890531
1.890531
1.890531
1.614705
1.890531
2.638290
1.890531
1.890531
