4.093786
4.078518
4.111203
4.124195
4.102887
4.044443
4.094803
4.132789
4.205818
4.117003
4.163552
4.167662
4.034259
4.139414
4.180956
4.145098
3.993795
4.171747
4.028960
4.091336
4.151759
4.172940
4.186981
4.172967
4.145221
4.053857
4.040883
4.065852
3.812649
3.626327
3.842348
4.098878
4.116963
3.714549
3.889607
3.980610
4.076206
3.859536
4.113297
3.773704
4.087606
3.975609
3.568828
3.710532
4.095992
4.146228
3.672314
4.086676
3.914405
4.014638
3.561526
3.541292
4.021243
3.371816
3.562794
3.655633
3.453140
4.057773
3.086373
3.730795
3.203799
3.114131
3.584321
4.073008
3.219918
3.956078
3.653132
4.117652
2.912362
3.512653
3.915658
3.523700
4.057358
4.045882
3.195430
3.848562
3.257758
3.311688
3.343581
3.266319
3.399873
3.545573
3.491400
3.602403
3.355829
3.515219
3.121518
3.410383
3.045351
2.628059
3.031554
3.190913
3.448208
2.625744
3.322027
2.986256
3.592645
3.281457
3.436449
3.434343
3.096267
2.919194
2.553069
1.833219
3.108474
3.127646
2.553586
3.748918
1.384959
3.099665
3.949551
3.225576
3.372367
3.307616
3.334623
3.260994
3.430079
3.120037
1.893409
2.174499
0.444113
2.819763
3.414271
2.454560
2.454037
1.414200
2.466784
3.316691
2.551426
2.781197
1.827463
3.039649
0.040252
3.400907
0.008003
3.120324
2.579316
3.052665
3.414961
2.386182
3.149758
1.989267
2.325709
1.373824
2.598566
2.400527
2.406222
3.035843
2.380677
2.400501
1.616835
0.992900
3.022347
2.261547
2.367066
3.114565
2.487540
3.244214
2.807102
2.454281
2.420229
1.366820
2.394186
3.035796
1.351131
2.485313
2.836616
2.510238
2.945330
2.543942
2.457262
2.443198
2.373467
2.446469
2.426329
2.419603
2.502667
2.410922
1.323548
2.550813
2.485118
3.032178
2.427711
2.482860
2.488043
2.519875
2.413617
2.761190
2.469749
2.456207
2.468257
2.460603
2.468257
2.490980
3.377016
2.459625
2.416502
2.459625
2.493070
2.457934
2.435819
2.452192
2.444877
2.433481
3.550966
2.501785
2.433481
2.442329
2.441360
2.380819
2.432406
2.433384
2.428755
1.315156
2.421655
2.430536
2.421655
2.421560
2.424733
2.424733
2.417038
2.405391
2.434177
2.405391
2.408255
2.434190
2.394881
2.384117
2.425378
2.384117
2.425378
2.384117
2.384117
2.425378
2.368819
2.368819
2.425262
2.373815
2.726713
2.365365
2.365365
2.421669
2.365365
2.365365
2.428975
2.363601
2.363601
2.420201
2.363601
2.420201
2.363487
2.363487
2.420201
2.359196
2.359196
2.606039
2.606039
2.606039
2.606039
2.606039
2.606039
2.612626
2.606039
2.606039
2.599485
2.599485
2.599485
2.599485
2.599485
2.599485
2.596810
2.596810
2.596810
2.596810
2.596810
2.596810
2.596810
2.596810
2.596810
2.596810
2.596810
2.596810
2.596810
2.596810
2.596810
2.596810
2.596810
2.596810
2.596810
2.599756
2.596810
2.596810
2.596810
2.596810
2.596810
2.596810
2.596810
2.596810
2.596810
2.596810
2.596810
2.596810
2.596810
2.596810
2.596810
2.585931
2.585931
2.593474
2.593474
2.593474
2.582568
2.582568
2.582568
2.582568
2.582568
2.582568
2.582568
2.582568
2.582568
2.582568
2.582568
2.582568
2.582568
2.582568
2.582568
2.582568
2.582568
2.582568
2.582568
2.582568
2.582568
2.582568
2.582568
2.582568
2.582568
2.582568
2.582568
2.582568
2.582568
2.582568
2.582568
2.582568
2.582568
2.582568
2.582568
2.582568
2.582568
2.582568
2.582568
2.582568
2.582568
2.582568
2.582568
2.582568
2.582568
2.582568
2.582568
2.589146
2.582568
2.582568
2.582568
2.582568
2.582657
2.582657
2.582657
2.582657
2.582657
2.582657
2.582657
2.582657
2.586021
2.586021
