0.375470
0.365916
0.371031
0.364768
0.353684
0.376592
0.353641
0.331876
0.355063
0.363921
0.367675
0.361855
0.341028
0.353348
0.325574
0.354092
0.333791
0.324285
0.335441
0.333521
0.328711
0.326918
0.335133
0.321136
0.302836
0.330176
0.317501
0.313447
0.322909
0.313419
0.307003
0.310703
0.297707
0.303248
0.314302
0.302465
0.288293
0.299072
0.293474
0.308907
0.310861
0.307725
0.277419
0.284310
0.311155
0.274604
0.279161
0.281118
0.274530
0.275074
0.281270
0.262223
0.310429
0.282861
0.274287
0.276672
0.255237
0.292794
0.268668
0.255200
0.262838
0.255111
0.246336
0.222551
0.252045
0.244156
0.278126
0.237254
0.229503
0.238430
0.256564
0.273796
0.276806
0.272604
0.232843
0.261240
0.239721
0.226886
0.285737
0.218916
0.230109
0.216631
0.212829
0.273506
0.226328
0.243507
0.284403
0.223913
0.241743
0.217696
0.200685
0.216271
0.205766
0.213110
0.235553
0.196566
0.188227
0.216782
0.238233
0.192249
0.196531
0.237296
0.202926
0.213274
0.226648
0.180075
0.188923
0.189618
0.186379
0.198880
0.202546
0.191975
0.198745
0.203422
0.206043
0.194169
0.194693
0.207637
0.246374
0.169726
0.239885
0.208908
0.166194
0.196588
0.202134
0.190271
0.190770
0.188913
0.204280
0.187663
0.243573
0.187518
0.239875
0.183062
0.226190
0.199195
0.199611
0.185795
0.189672
0.192390
0.187963
0.229960
0.234713
0.235326
0.230208
0.223119
0.157165
0.188605
0.233585
0.233441
0.186367
0.184821
0.186328
0.188527
0.233604
0.191391
0.187554
0.186650
0.185718
0.183873
0.185635
0.185630
0.180499
0.185602
0.189702
0.185596
0.178675
0.196287
0.185542
0.185534
0.188818
0.189223
0.179766
0.185511
0.195112
0.187230
0.192198
0.185481
0.185476
0.185470
0.187670
0.187690
0.185453
0.185448
0.185442
0.185437
0.185431
0.224179
0.185642
0.185417
0.189887
0.184647
0.183790
0.183519
0.187023
0.187564
0.181955
0.186210
0.182168
0.182680
0.185355
0.186598
0.191851
0.185326
0.185330
0.184044
0.185320
0.185314
0.186656
0.185303
0.185298
0.185292
0.185287
0.184924
0.185276
0.185271
0.187095
0.185260
0.185254
0.185249
0.185243
0.185238
0.185232
0.187064
0.187363
0.185216
0.185210
0.185205
0.185199
0.185194
0.185188
0.185183
0.185177
0.185171
0.185166
0.187024
0.185155
0.185149
0.188798
0.185146
0.185141
0.185143
0.185137
0.183707
0.185118
0.185120
0.185115
0.185109
0.185104
0.181643
0.185074
0.185069
0.181468
0.185057
0.185051
0.185045
0.185040
0.185034
0.185029
0.185023
0.185018
0.185012
0.185007
0.185001
0.184388
0.184998
0.184993
0.184995
0.184990
0.184985
0.184979
0.184974
0.183527
0.184963
0.184958
0.184952
0.184947
0.184942
0.184936
0.184931
0.184926
0.184921
0.184915
0.184910
0.184905
0.184899
0.184894
0.184889
0.184883
0.184878
0.184873
0.184867
0.184862
0.184857
0.184851
0.184846
0.184841
0.184836
0.184830
0.184825
0.184820
0.184814
0.184809
0.184804
0.184798
0.184793
0.184788
0.184782
0.184777
0.184772
0.184766
0.184761
0.184756
0.184751
0.184745
0.184740
0.184735
0.184729
0.184725
0.184720
0.184714
0.184709
0.184704
0.184698
0.184693
0.184688
0.184682
0.184677
0.184672
0.184666
0.184661
0.184656
0.184651
0.184645
0.184640
0.184635
0.184629
0.184624
0.184619
0.184613
0.184608
0.184603
0.184597
0.184592
0.184587
0.184581
0.184576
0.184571
0.184565
0.184560
0.184555
0.184550
