17.644949
17.657926
17.678269
17.757521
17.727948
17.705849
17.701218
17.690933
17.691352
17.726580
17.699414
17.717503
17.746194
17.678571
17.687464
17.636735
17.643178
17.781579
17.688504
17.780034
17.680478
17.744828
17.686822
17.734529
17.672937
17.714165
17.530219
17.688398
17.644537
17.701147
17.707458
17.653274
17.734068
17.864348
17.724471
17.733647
17.679331
17.681477
17.600596
17.762773
17.594707
17.687901
17.722502
17.771981
17.781121
17.852770
17.641036
17.706232
17.751744
17.824702
17.879410
18.014164
17.959206
17.830651
17.868381
17.911010
18.075423
17.879152
17.729607
17.733374
17.752145
17.822994
17.874576
17.589158
17.691730
17.686750
17.769759
17.730825
17.856020
17.847111
17.797047
17.827386
17.847261
17.905904
17.840212
18.163194
17.982618
17.899167
17.948217
17.765597
18.029962
18.018557
17.937138
17.962887
17.983283
17.874241
17.872499
18.006910
18.016148
17.846174
18.102403
17.837306
18.033383
18.126036
18.035583
18.079319
17.842058
17.923251
18.104295
17.906184
18.253545
18.172871
18.085000
17.930944
18.131176
18.301973
18.004348
18.144045
18.137749
18.235546
18.184353
18.048673
18.257621
18.027539
18.050585
18.128667
18.283772
18.256698
18.168617
17.999882
18.301137
18.154085
18.175049
18.078813
17.981530
18.240243
18.134848
18.021240
18.337590
18.044784
18.257013
18.266478
18.242947
18.135705
18.334126
18.038612
18.571311
18.063545
18.250355
18.147610
18.119646
18.262061
18.132070
18.336854
18.527922
18.293999
18.350009
18.203950
18.221878
18.295415
18.412301
18.337719
18.358196
18.590520
18.334182
18.319578
18.375032
18.251493
18.284103
18.340889
18.683907
18.227150
18.335926
18.206295
18.262588
18.068651
18.317723
18.335990
18.412301
18.412301
18.154938
18.288476
18.412301
18.412301
18.412301
18.577485
18.332335
18.335182
18.412301
18.335612
18.333344
18.412301
18.216964
18.412301
18.201101
18.197176
18.412301
18.259030
18.412301
18.192303
18.412301
18.335929
18.332374
18.412301
18.332922
18.358409
18.412301
18.209298
18.161703
18.280915
18.412301
18.412301
18.258594
18.412301
18.412301
18.408265
18.329817
18.408265
18.408265
18.408265
18.408265
18.365674
18.408265
18.341568
18.408265
18.332387
18.234579
18.408265
18.408265
18.328092
18.395074
18.395256
18.329528
18.377691
18.403231
18.403231
18.244428
18.403231
18.403231
18.403231
18.403231
18.403231
18.327044
18.326761
18.358679
18.408265
18.300517
18.403231
18.403231
18.329214
18.323398
18.403231
18.407177
18.403231
18.403231
18.403231
18.403231
18.403231
18.403231
18.403231
18.403231
18.403231
18.403231
18.403231
18.403231
18.403231
18.403231
18.403231
18.403231
18.403231
18.403231
18.403231
18.337279
18.403231
18.403231
18.403231
18.403231
18.403231
18.403231
18.403231
18.403231
18.403231
18.403231
18.403231
18.403231
18.403231
18.403231
18.545369
18.403231
18.403231
18.403231
18.403231
18.403231
18.403231
18.403231
18.403231
18.329932
18.403231
18.403231
18.403231
18.403231
18.403231
18.403231
18.403231
18.396956
18.396956
18.334338
18.396956
18.396956
18.396956
18.396956
18.396956
18.396956
18.396956
18.396956
18.396956
18.396956
18.396956
18.396956
18.396956
18.396956
18.396956
18.396956
18.396956
18.396956
18.396956
18.396956
18.396956
18.396956
18.396956
18.396956
18.396956
18.396956
18.396956
18.396956
18.396956
18.396956
18.396956
18.396956
18.396956
18.396956
18.396956
18.396956
18.396956
18.396956
18.396956
18.396956
18.396956
18.396956
18.396956
18.396956
18.396956
18.396956
18.396956
18.396956
18.396956
18.396956
18.396956
18.396956
18.396956
18.396956
18.396956
18.396956
18.396956
18.396956
18.396956
18.396956
18.396956
18.396956
18.396956
18.396956
18.396956
18.396956
18.396956
18.396956
18.396956
18.396956
18.396956
18.396956
18.396956
18.396956
18.396956
18.396956
18.396956
18.396956
18.396956
18.389139
18.389139
18.389139
18.389139
18.389139
18.389139
18.389139
18.389139
18.389139
18.389139
18.389139
18.389139
18.389139
18.389139
18.389139
18.389139
18.389139
18.389139
18.389139
18.389139
18.389139
