17.710271
17.599721
17.713297
17.709981
17.629698
17.624525
17.694635
17.562192
17.676237
17.614977
17.663449
17.639842
17.584549
17.689907
17.699558
17.665299
17.674888
17.563383
17.750307
17.642665
17.676946
17.732871
17.691107
17.569234
17.621198
17.688241
17.617625
17.698346
17.635111
17.647444
17.779298
17.700765
17.728479
17.710011
17.730000
17.639705
17.661179
17.948109
17.588828
17.649899
17.765046
17.603870
17.577165
17.705027
17.666605
17.841445
17.652282
17.810413
17.724098
17.599228
17.900010
17.705401
17.854409
17.795670
17.822336
17.647559
17.843409
18.025381
17.836964
17.725090
17.780939
17.796837
17.913312
17.675519
17.930440
17.792285
17.842113
17.982874
17.698052
17.828591
17.834360
17.921526
17.722091
17.859767
17.755660
17.895880
17.973211
18.047231
18.001786
17.747421
17.906825
17.918002
18.038454
18.080542
18.033252
17.846470
17.897344
17.819976
17.939280
17.910490
17.903989
17.934399
18.023581
17.831498
18.069375
18.099813
17.853890
17.783268
17.834937
18.115795
18.169334
18.149022
18.151801
17.982689
18.122059
18.023380
18.070051
18.050572
18.175201
18.108146
18.075487
18.043369
18.036044
18.002623
18.039153
17.960961
18.090648
17.908958
18.078231
17.841030
18.134411
17.955538
17.972343
18.159918
18.080074
18.046307
17.889319
17.916822
18.090442
17.961371
18.145615
18.140464
18.082286
18.205898
18.204935
18.145590
18.128865
18.061962
18.231194
18.246673
17.890605
18.154217
18.175780
18.278567
18.074800
18.111170
18.127471
18.021068
18.080657
18.148129
18.108146
18.205898
6.360704
18.127385
18.170983
6.341757
18.110934
18.140464
18.205898
18.067083
6.360480
18.185660
18.180631
18.000578
18.033095
17.988405
18.046515
17.951650
18.063253
18.094236
18.166552
18.093472
18.141711
18.166552
17.916444
18.166552
18.166530
18.166530
18.166530
18.166530
18.119512
18.101450
18.130834
18.120861
18.166530
18.118358
18.017744
18.109437
18.166530
18.090743
18.166530
18.166530
18.047231
18.166530
18.166530
18.166530
18.166530
18.166530
18.078925
18.097689
18.166530
18.166530
18.166530
18.166530
18.064956
18.166530
18.166530
18.166530
18.166530
18.166530
18.166530
18.102405
18.166530
18.096028
18.088891
18.166530
18.166530
18.166530
18.123736
18.166530
18.042352
18.166530
18.166530
18.303786
18.105157
18.166530
18.174340
18.166530
18.166530
18.166530
18.166530
18.166530
18.166530
18.166530
18.166530
18.166530
18.166530
18.166530
18.166530
18.166530
18.166530
18.241684
18.166530
18.166530
18.166530
18.134375
18.166530
18.125660
18.166530
18.166530
18.166530
18.166530
18.166530
18.166530
18.166530
18.166530
18.166530
18.166530
18.166530
18.166530
18.166530
18.166530
18.166530
18.166530
18.166530
18.166530
18.166530
18.166530
18.166530
18.166530
18.166530
18.166530
18.166530
18.166530
18.166530
18.166530
18.166530
18.166530
18.166530
18.166530
18.166530
18.166530
18.166530
18.166530
18.138354
18.166530
18.166530
18.166530
18.166530
18.166530
18.166530
18.166530
18.166530
18.166530
18.166530
18.166530
18.166530
18.166530
18.166530
18.166530
18.166530
18.166530
18.166530
18.166530
18.166530
18.166530
18.166530
18.166530
18.166530
18.166530
18.166530
18.166530
18.166530
18.166530
18.166530
18.166530
18.166530
18.166530
18.166530
18.166530
18.166530
18.166530
18.166530
18.166530
18.166530
18.166530
18.166530
18.166530
18.166530
18.166530
18.166530
18.166530
18.166530
18.166530
18.166530
18.166530
18.166530
18.166530
18.166530
18.166530
18.166530
18.166530
18.166530
18.166530
18.166530
18.166530
18.166530
18.166530
18.166530
18.166530
18.166530
18.166530
18.166530
18.166530
18.166530
18.166530
18.166530
18.166530
18.166530
18.166530
18.166530
18.166530
18.166530
18.166530
18.166530
18.166530
18.166530
18.166530
18.166530
18.166530
18.166530
18.166530
18.106942
18.166530
18.166530
18.166530
18.166530
18.166530
18.166530
18.166530
18.166530
18.166530
18.166530
18.166530
18.166530
