17.675235
17.735351
17.711040
17.677633
17.720986
17.636898
17.631897
17.670188
17.657355
17.640386
17.816798
17.676431
17.596743
17.706988
17.636420
17.641244
17.651194
17.699094
17.618153
17.656358
17.726892
17.728292
17.648307
17.660074
17.621337
17.668600
17.846059
17.802085
17.707562
17.703275
17.653282
17.685906
17.829275
17.812047
17.664787
17.719074
17.725332
17.677780
17.575058
17.798361
17.671464
17.743156
17.813434
17.758877
17.786692
17.806410
17.824547
17.816796
17.770608
17.914336
17.686356
17.807711
17.956493
17.891642
17.787049
17.797686
17.905714
17.910847
17.829971
17.731093
17.873440
17.746280
17.816484
17.891208
17.863282
17.713614
17.872506
18.003922
17.865958
17.674897
17.789154
17.678289
17.774372
17.931878
17.893635
17.986067
18.020653
18.001686
17.919155
17.993484
17.900360
17.803150
17.879082
17.876630
17.966363
18.013251
17.871355
18.085707
18.126668
18.136640
17.901513
18.149781
17.934190
17.904698
18.117708
18.069563
17.969849
17.993333
17.971810
17.922910
18.340225
18.147491
17.775108
18.154519
18.078353
17.948306
18.184593
18.024306
18.195721
18.094653
17.941907
18.262402
18.148647
18.041663
18.077899
18.007146
18.218768
18.161909
18.135800
18.197749
18.298135
18.092747
18.297339
18.120325
18.096944
18.158224
18.299330
17.965140
18.297339
18.062664
18.291239
18.088857
18.212499
18.157264
18.177692
18.206685
18.113168
18.093132
18.064337
18.416346
18.297347
18.173544
18.128208
18.267784
18.201630
18.229627
18.299051
18.110679
18.399465
18.229357
18.259999
18.130216
18.297347
18.146298
18.297347
18.297347
18.297347
18.218995
18.297347
18.297347
18.199795
18.335996
18.297347
18.223045
18.185935
18.030251
18.297347
18.297347
18.156287
18.218335
18.112748
18.298528
18.210498
18.297347
18.127084
18.297347
18.297347
18.297347
18.297347
18.297347
18.305157
18.297347
18.297347
18.337113
18.297347
18.220357
18.297347
18.297347
18.297347
18.219018
18.219964
18.221968
18.297347
18.297347
18.222670
18.297347
18.330435
18.196703
18.197467
18.297347
18.297347
18.297347
18.297347
18.297347
18.297347
18.297347
18.223808
18.297347
18.297347
18.297347
18.219428
18.297347
18.297347
18.297347
18.297347
18.297347
18.297347
18.297347
18.305157
18.297347
18.201015
18.297347
18.222512
18.297347
18.297347
18.297347
18.297347
18.297347
18.297347
18.297347
18.297347
18.297347
18.297347
18.297347
18.297347
18.226607
18.297347
18.297347
18.297347
18.297347
18.297347
18.297347
18.297347
18.297347
18.297347
18.297347
18.305157
18.297347
18.197174
18.297354
18.297354
18.297354
18.297354
18.297354
18.297354
18.297354
18.297354
18.297354
18.297354
18.297354
18.297354
18.297354
18.297354
18.297354
18.297354
18.297354
18.297354
18.297354
18.141208
18.297354
18.297354
18.297354
18.297354
18.297354
18.297354
18.297354
18.297354
18.297354
18.297354
18.297354
18.297354
18.297354
18.297354
18.297354
18.297354
18.297354
18.297354
18.297354
18.297354
18.297354
18.297354
18.195391
18.297354
18.297354
18.297354
18.297354
18.297354
18.297354
18.297354
18.297354
18.297354
18.297354
18.297354
18.297354
18.297354
18.297354
18.297354
18.297354
18.297354
18.297354
18.297354
18.297354
18.297354
18.297354
18.297354
18.297354
18.297354
18.297354
18.297354
18.297354
18.297354
18.297354
18.297354
18.297354
18.297354
18.297354
18.297354
18.297354
18.297354
18.297354
18.297354
18.297354
18.297354
18.297354
18.297354
18.297354
18.297354
18.297354
18.297354
18.297354
18.297354
18.297354
18.297354
18.297354
18.297354
18.297354
18.297354
18.297354
18.297354
18.297354
18.297354
18.297354
