17.647586
17.683174
17.659583
17.591432
17.729913
17.743077
17.673670
17.737620
17.736897
17.678306
17.737866
17.638854
17.627995
17.652302
17.726679
17.579401
17.691809
17.674138
17.645738
17.543872
17.633496
17.722671
17.735228
17.698935
17.742004
17.697755
17.583363
17.607651
17.722338
17.755603
17.716407
17.625803
17.698239
17.568970
17.748399
17.786200
17.640855
17.764413
17.852468
17.738654
17.724319
17.837473
17.751710
17.731218
17.786892
17.632842
17.801215
17.637172
17.637325
17.657784
17.900889
17.871602
17.772701
17.803300
17.655824
17.876158
17.970278
17.801776
17.871503
17.815850
17.716311
17.770418
17.766923
17.614231
17.620466
17.847219
17.681606
17.760314
17.708355
17.630048
18.004163
17.925040
17.885410
17.755513
17.810051
17.879203
17.942523
17.963941
17.953914
17.891128
17.936023
18.133758
18.059019
18.058091
17.835466
17.750698
17.925900
18.199610
18.048298
17.951212
18.017455
18.149493
18.004769
17.836030
18.173598
17.952393
17.963956
17.905046
17.891879
17.926565
18.044808
18.078111
18.166034
18.004726
18.159657
18.146268
18.259062
18.208505
18.264658
18.194819
18.185117
17.886948
18.212739
18.123473
18.122174
18.349877
18.113082
18.091347
17.939388
18.123331
17.992851
18.053046
17.938447
18.228078
17.999605
18.119126
18.094369
18.252059
18.464642
18.031472
18.120335
18.051788
18.112636
18.077168
18.001334
18.247021
18.245661
18.129198
18.145773
18.407143
18.190031
18.113085
18.245257
18.271617
18.185437
18.283410
18.278212
18.117884
18.550051
18.289179
18.526020
18.466596
18.466596
18.354038
18.451613
18.292544
18.062344
18.427640
18.253522
18.466596
18.236696
18.466596
18.114328
18.328012
18.424580
18.298275
18.466596
18.245958
18.517413
18.465444
18.577875
18.270965
18.487206
18.345758
18.557567
18.309987
18.440907
18.348265
18.466596
18.466596
18.466596
18.474423
18.290582
18.345811
18.144854
18.513277
18.251374
18.466596
18.516213
18.466596
18.582465
18.260820
18.466596
18.466596
18.281389
18.466596
18.466596
18.483703
18.465043
18.466596
18.097852
18.466596
18.466596
18.466596
18.466596
18.405728
18.563479
18.059841
18.474418
18.466596
18.466596
18.466596
18.466596
18.466596
18.299955
18.466596
18.466596
18.212325
18.466596
18.466596
18.466596
18.466596
18.251798
18.466596
18.466596
18.249589
18.466596
18.466596
18.466596
18.466596
18.270024
18.563910
18.466596
18.466596
18.466596
18.466596
18.466596
18.500737
18.466596
18.466596
18.466596
18.314082
18.323942
18.265517
18.466596
18.466596
18.466596
18.466596
18.517502
18.466596
18.466596
18.466596
18.466596
18.466596
18.466596
18.466596
18.466596
18.466596
18.466596
18.466596
18.466596
18.466596
18.466596
18.466596
18.466596
18.563479
18.466596
18.466596
18.466596
18.466596
18.466596
18.466596
18.466596
18.466596
18.466596
18.509992
18.466596
18.466596
18.466596
18.466596
18.466596
18.466596
18.466596
18.466596
18.466596
18.466596
18.466596
18.466596
18.466596
18.466596
18.466596
18.466596
18.466596
18.466596
18.517274
18.466596
18.466596
18.466596
18.466596
18.466596
18.466596
18.466596
18.466596
18.466596
18.466596
18.466596
18.466596
18.466596
18.466596
18.466596
18.466596
18.466596
18.467552
18.467552
18.467552
18.467552
18.467552
18.467552
18.467552
18.467552
18.518622
18.467552
18.467552
18.467552
18.467552
18.467552
18.467552
18.467552
18.467552
18.467552
18.467552
18.467552
18.467552
18.467552
18.467552
18.467552
18.467552
18.467552
18.467552
18.467552
18.467552
18.467552
18.252059
18.467552
18.467552
18.467552
18.467552
18.467552
18.467552
18.467552
18.467552
18.467552
18.467552
18.467552
18.467552
18.467552
18.467552
18.467552
18.467552
18.467552
18.467552
18.467552
18.467552
18.467552
18.467552
18.467552
18.467552
18.467552
18.467552
18.467552
18.467552
18.467552
18.467552
18.467552
18.467552
18.467552
18.467552
18.467552
18.467552
18.467552
18.467552
18.467552
18.467552
18.467552
18.467552
18.467552
18.467552
18.467552
18.467552
18.467552
18.467552
18.467552
18.467552
18.467552
18.467552
18.467552
18.467552
18.467552
18.467552
18.467552
18.467552
18.467552
18.467552
18.467552
18.467552
18.467552
18.467552
18.467552
18.467552
18.467552
18.467552
18.467552
18.467552
18.467552
18.467552
18.467552
18.467552
18.467552
18.467552
18.467552
18.467552
18.467552
18.467552
18.467552
18.467552
18.467552
18.467552
18.467552
18.467552
18.467552
18.467552
18.467552
18.467552
18.467552
18.467552
18.467552
18.467552
18.467552
18.467552
18.467552
18.467552
18.467552
18.467552
