17.577045
17.776222
17.691894
17.744209
17.694206
17.734021
17.663643
17.672857
17.674986
17.667133
17.711850
17.588389
17.668418
17.769235
17.699016
17.672423
17.621598
17.761955
17.741383
17.633377
17.636379
17.709199
17.546755
17.804485
17.708752
17.682590
17.678114
17.706492
17.806951
17.746688
17.748928
17.758909
17.833184
17.682058
17.727607
17.922534
17.832290
17.659196
17.739571
17.557447
17.735914
17.836939
17.641421
17.719062
17.821839
17.627275
17.770281
17.803178
17.777937
17.686383
17.751984
17.766523
17.923878
17.607500
17.887465
17.829173
17.851250
17.800049
17.798936
17.824496
17.713238
17.760030
17.880599
17.997084
17.768820
17.827071
17.814475
17.893364
17.693650
17.735029
17.951527
17.818177
17.800242
17.852480
17.813176
17.876736
17.846229
17.590729
18.050673
17.832512
18.054043
18.024093
17.769625
18.087072
17.917596
17.885306
17.994582
17.888922
18.087581
18.138425
18.018224
17.971144
17.793044
17.835513
17.788727
18.041314
17.920490
17.841114
17.903801
17.867914
17.901339
18.115869
18.007887
18.026164
18.176891
18.197625
18.114694
17.987153
18.172730
18.016732
18.199401
18.301823
18.096214
18.085527
17.994345
18.098498
18.040172
17.945815
18.090330
17.950382
18.032278
17.977615
18.044539
17.913490
18.169127
17.914218
18.191274
18.148353
17.923097
17.946584
18.140654
18.191274
18.191274
18.020299
18.185895
18.089307
18.039699
18.184612
18.006451
18.132010
18.195697
18.004774
18.141712
18.122446
18.191274
17.983710
18.131873
18.021398
18.137135
18.132308
18.013618
18.149491
18.044267
18.082529
18.187936
18.152457
18.121849
18.095548
18.191274
18.090918
18.199079
18.097508
18.205126
18.199079
18.199079
18.119865
18.191274
18.191274
18.298233
17.961099
18.116033
18.191274
18.191274
17.912568
18.191274
18.191274
18.191274
18.191274
18.191274
18.191274
18.191274
18.131397
18.126137
18.191274
18.136640
18.191156
18.121468
18.132308
18.144847
18.191274
18.123811
18.191274
18.129440
18.191274
18.128135
18.081609
18.191274
18.087378
18.191274
18.062759
18.123082
18.191274
18.191274
18.191274
18.191274
18.191274
18.191274
18.191274
18.191274
18.191274
18.191274
18.199079
18.132381
18.191274
18.191274
18.191274
18.191274
18.191274
18.191274
18.191274
18.191274
18.191274
18.191274
18.093419
18.142850
18.191274
18.191274
18.191274
18.191274
18.191274
18.191274
18.191274
18.191274
18.191274
18.136225
18.191274
18.191274
18.191274
18.191274
17.959332
18.166776
18.102719
18.191274
18.191274
18.191274
18.191274
18.191274
18.191274
18.191274
18.191274
18.191274
18.226433
18.191274
18.191274
18.191274
18.191274
18.191274
18.191274
18.191274
18.191274
18.191274
18.191274
18.191274
18.191274
18.191274
18.191274
18.191274
18.191274
18.191274
18.191274
18.191274
18.145363
18.119065
18.191274
18.191274
18.191274
18.191274
18.191274
18.191274
18.191274
18.191274
18.191274
18.191274
18.191274
18.191274
18.191274
18.191274
18.191274
18.191274
18.116800
18.191274
18.191274
18.151126
18.191274
18.191274
18.191274
18.191274
18.191274
18.191274
18.191274
18.191274
18.191274
18.191274
18.191274
18.191274
18.191274
18.191274
18.191274
18.191274
18.191274
18.191274
18.191274
18.191274
18.191274
18.191274
18.191274
18.191274
18.191274
18.191274
18.191274
18.191274
18.191274
18.191274
18.191274
18.191274
18.191274
18.191274
18.191274
18.191274
18.191274
18.191274
18.191274
18.191274
18.191274
18.191274
18.191274
18.191274
18.191274
18.191274
18.191274
18.191274
18.191274
18.191274
18.191274
18.191274
18.191274
18.191274
18.191274
18.191274
18.191274
18.191274
18.191274
