0.247024
0.251162
0.258368
0.244552
0.227760
0.220644
0.224610
0.230103
0.239682
0.234830
0.236007
0.246141
0.219221
0.219025
0.232852
0.219436
0.219239
0.235775
0.225430
0.213771
0.218120
0.217980
0.229224
0.224516
0.207380
0.231502
0.219496
0.203460
0.219466
0.225286
0.213396
0.192934
0.213811
0.202911
0.199507
0.206335
0.209899
0.203981
0.191209
0.234928
0.206511
0.206241
0.200976
0.199726
0.207518
0.196294
0.198230
0.202471
0.197733
0.199328
0.195140
0.193966
0.187813
0.194571
0.170492
0.191786
0.228201
0.188001
0.192311
0.189834
0.178165
0.180250
0.173260
0.185493
0.174819
0.188993
0.163040
0.189619
0.184427
0.173450
0.174148
0.183724
0.171167
0.188721
0.152351
0.194600
0.151847
0.179593
0.188893
0.170109
0.166606
0.195884
0.188857
0.161640
0.190582
0.185636
0.189226
0.186245
0.169195
0.171737
0.193855
0.173086
0.149968
0.187996
0.182448
0.189891
0.165690
0.189951
0.160312
0.169764
0.192178
0.194725
0.196300
0.205084
0.190122
0.153717
0.193677
0.197271
0.190976
0.192084
0.192106
0.184967
0.187357
0.187723
0.156513
0.193622
0.158870
0.130744
0.155600
0.197946
0.178088
0.197082
0.139390
0.180781
0.188065
0.167428
0.153080
0.213418
0.198072
0.161348
0.199482
0.191705
0.196424
0.200949
0.204776
0.196872
0.191007
0.196150
0.189658
0.193948
0.197110
0.191790
0.202516
0.198510
0.186243
0.193782
0.134945
0.201260
0.203962
0.205712
0.199187
0.201335
0.198254
0.201676
0.204350
0.202623
0.191594
0.195808
0.200021
0.196332
0.198067
0.193130
0.201175
0.198517
0.197781
0.196023
0.198171
0.191098
0.197514
0.198463
0.184062
0.192828
0.193240
0.193140
0.197188
0.186662
0.191192
0.191562
0.188102
0.201243
0.171967
0.160626
0.181037
0.160525
0.171077
0.220947
0.171100
0.168831
0.205447
0.146283
0.158449
0.154761
0.174267
0.145878
0.164759
0.169097
0.220496
0.126274
0.200908
0.153853
0.119269
0.153157
0.227371
0.204696
0.208886
0.210292
0.211337
0.211613
0.212276
0.212546
0.212816
0.238393
0.212094
0.212753
0.212943
0.213290
0.213554
0.213424
0.213682
0.213937
0.213798
0.214047
0.213904
0.214147
0.213477
0.213859
0.214102
0.213958
0.214195
0.190910
0.205254
0.207416
0.208656
0.209576
0.209816
0.210398
0.210631
0.210862
0.211089
0.211313
0.211534
0.211403
0.211619
0.211838
0.211362
0.211921
0.211785
0.214866
0.166295
0.221235
0.214517
0.214351
0.214188
0.214031
0.213875
0.214075
0.122796
0.219607
0.219368
0.219127
0.218894
0.218661
0.218433
0.218211
0.217992
0.217780
0.217569
0.217358
0.217146
0.216935
0.216724
0.216512
0.216305
0.216104
0.215903
0.216073
0.215866
0.215659
0.215452
0.214020
0.215036
0.214829
0.214622
0.214415
0.214207
0.214004
0.213807
0.213610
0.213414
0.213217
0.213029
0.212841
0.211877
0.212467
0.212287
0.212110
0.211933
0.211755
0.211578
0.211405
0.211533
0.211359
0.211186
0.211013
0.210840
0.210667
0.210493
0.210320
0.210147
0.209974
0.209800
0.209627
0.209454
0.209284
0.209378
0.209208
0.209039
0.208870
0.208701
0.207607
0.208362
0.208193
0.208024
0.207855
0.207685
0.207516
0.207353
0.207194
0.207259
0.207103
0.206947
0.206791
0.206635
0.206479
0.206323
0.206167
0.206011
0.205855
0.205699
0.205736
0.205575
0.205414
0.205253
0.205097
0.204945
0.204793
0.204641
0.204445
0.204293
0.204141
0.203989
0.203999
0.203842
0.203685
0.203528
0.203370
0.203213
