4.430830
4.499173
4.433194
4.392395
4.410276
4.399708
4.412456
4.384816
4.391434
4.375329
4.362653
4.387046
4.395047
4.393048
4.362056
4.358528
4.353816
4.319145
4.333101
4.363339
4.344220
4.351361
4.314812
4.319485
4.376370
4.285738
4.228577
4.217748
4.244441
4.246174
4.190838
4.249240
4.248147
4.278814
4.211926
4.233149
4.191323
4.196527
4.243761
4.186030
4.252767
4.193363
4.210557
4.174767
4.160092
4.192127
4.158736
4.186909
4.170132
4.206403
4.132576
4.159981
4.129020
4.127491
4.088280
4.086191
4.105850
4.118864
4.148799
4.110417
4.070777
4.049499
4.116188
4.050726
4.100198
4.041814
4.068308
4.166362
4.020239
4.062268
4.060143
4.022079
4.121575
4.136852
4.042587
4.030287
3.966690
4.072459
4.017269
4.017484
4.035255
3.988313
4.036636
3.993993
4.078934
4.028347
4.028329
3.983746
4.022058
3.997163
3.983199
3.978283
4.019972
3.939961
3.996202
3.998147
4.023287
3.918010
4.035800
3.951021
3.966539
3.934440
3.963613
3.973469
3.894774
3.922740
3.954261
3.911347
3.946157
3.931073
3.994074
3.988078
3.925959
3.953568
3.882207
3.877898
3.963788
3.919331
3.966483
3.937188
3.944093
3.867500
3.934312
3.976159
3.931716
3.870135
3.949088
3.954843
3.928668
3.951385
3.860120
3.932656
3.867580
3.860860
3.940394
3.959853
3.936948
3.928162
3.922995
3.905577
3.876017
3.894672
3.909961
3.895484
3.924950
3.894978
3.914652
3.935779
3.866200
3.854418
3.895998
3.855359
0.342388
3.952213
3.940716
0.349925
3.942420
3.973295
3.910099
3.990099
0.367765
3.915218
3.906729
3.898197
3.903463
3.886917
3.934043
3.877748
3.918864
3.867397
3.862899
3.860700
3.861433
3.851551
3.906442
3.844644
3.840864
3.837107
3.833349
3.829591
3.827312
3.830515
3.893760
3.814215
3.811506
3.809268
3.809395
3.797746
3.796633
3.801202
3.789209
3.785495
3.781749
3.778070
3.774356
3.770642
3.766928
3.763214
3.765882
3.760448
3.752169
3.748499
3.744829
3.741203
3.745635
3.733915
3.730289
3.726663
3.723037
3.719411
3.715785
3.718693
3.708630
3.713549
3.706197
3.697893
3.694304
3.690722
3.688930
3.683563
3.688391
3.676406
3.672823
3.750891
3.666060
3.661421
3.666048
3.654414
3.650876
3.647338
3.643800
3.640262
3.636724
3.633185
3.629647
3.626109
3.622570
3.619076
3.615582
3.612088
3.608593
3.685707
3.600848
3.597353
3.593859
3.636886
3.587906
3.585751
3.580923
3.577473
3.574022
3.570572
3.567122
3.563672
3.560236
3.556871
3.553604
3.550407
3.547283
3.544257
3.541289
3.538331
3.535489
3.532701
3.529922
3.527218
3.524567
3.521962
3.519401
3.516885
3.514374
3.511945
3.509522
3.507100
3.504762
3.502472
3.500184
3.497981
3.495826
3.493672
3.491560
3.489494
3.487472
3.485451
3.533085
3.481404
3.479473
3.477630
3.475788
3.473946
3.472193
3.470441
3.468688
3.466981
3.465317
3.463655
3.462036
3.460506
3.459022
3.457537
3.456097
3.454702
3.453307
3.451956
3.450650
3.449345
3.448039
3.446778
3.445562
3.444345
3.443174
3.442047
3.440920
3.439794
3.438712
3.437674
3.436637
3.435645
3.434697
3.433749
3.432802
3.431899
3.431041
3.430182
3.429324
3.428511
3.427739
3.427014
3.426290
3.425610
3.424974
3.424339
3.423704
3.423069
3.422478
3.421887
3.421341
3.420795
3.420250
3.419749
3.419247
3.418746
3.418290
3.417834
3.417421
3.417009
3.416641
3.416274
3.415906
3.415583
3.415260
3.414937
3.414614
3.414291
3.414013
3.413735
3.413456
3.413178
3.412900
3.412667
3.412433
3.412200
3.411966
3.411733
3.411499
3.411310
3.411122
3.410933
3.410744
3.410555
3.410367
3.410178
3.414959
3.409845
3.409701
3.409557
3.409413
3.409269
3.409125
3.408981
3.408837
3.408737
3.408638
3.408539
3.408439
