17.690322
17.685853
17.714183
17.636678
17.738955
17.709429
17.730018
17.659607
17.718167
17.745879
17.668557
17.658884
17.705790
17.644268
17.744263
17.635300
17.673372
17.637295
17.657705
17.714770
17.765482
17.656062
17.730721
17.698582
17.740416
17.711843
17.692219
17.663756
17.838235
17.878688
17.653327
17.870112
17.756000
17.719074
17.708311
17.797797
17.731933
17.743755
17.710533
17.728466
17.725147
17.798104
17.707500
17.778679
17.765030
17.672293
17.686540
17.686267
17.754001
17.819721
17.941319
17.768102
17.696104
17.738938
17.635364
17.913446
17.928385
17.888511
17.820126
18.001023
17.857483
17.810148
17.907469
17.730533
17.593820
17.986627
17.908198
17.732823
17.792107
17.855247
17.880189
17.975759
17.916326
17.878218
17.735959
18.056258
17.928149
17.919862
18.085918
17.856995
18.075423
18.010927
17.809821
18.151656
18.032152
17.769364
17.863790
17.694850
18.003720
17.944997
17.885642
17.963716
18.020787
17.850616
17.821009
17.871808
17.967335
18.012277
17.869569
17.996955
17.939829
17.764517
18.075995
17.923531
18.088988
17.970108
17.780204
17.794029
17.958842
18.058831
18.005243
18.109830
18.058914
18.089857
18.124060
18.033525
18.083157
17.974767
18.069525
17.870195
17.889092
18.165455
18.101341
18.020789
18.072336
18.030555
17.986604
18.057525
18.057072
18.150068
17.989248
17.988964
18.082920
18.082462
18.079148
18.079010
18.200847
17.990095
18.217306
18.071143
18.054600
18.082462
18.073520
18.129784
18.156751
17.986867
18.135548
18.065288
18.157885
18.095532
18.079150
18.066476
18.017164
17.980629
18.003364
18.095532
18.106277
18.077481
18.076278
18.074882
18.050800
18.020147
18.073722
18.032056
18.074882
18.111807
18.139750
6.256050
18.112612
18.046222
18.074882
18.068975
18.118217
18.075735
18.003191
18.140341
18.000587
18.029091
18.292010
18.074882
17.997527
18.137909
18.074882
17.875644
18.074882
18.080123
18.085749
18.005280
17.980400
18.074882
18.074882
18.074882
18.074882
18.074882
6.357628
18.074882
18.014513
18.069711
18.074882
6.352465
18.074882
17.983502
18.074882
18.074882
18.074882
18.074882
18.074882
18.080123
18.074882
18.074882
18.074882
18.163374
18.074882
18.074882
6.357793
6.197642
18.011209
18.011209
18.056480
18.011209
18.011209
18.077352
6.344008
18.073966
11.394457
6.353019
6.344008
6.353019
6.344008
18.073966
6.313223
18.073966
6.344008
6.343191
6.344008
6.344008
18.073966
6.344008
6.353019
18.004914
18.004914
18.004914
18.004914
18.004914
18.004914
18.004914
18.004914
18.004914
18.004914
18.004914
13.146494
18.004914
18.004914
18.004914
18.004914
18.004914
18.004914
18.004914
17.966841
18.004914
18.004914
18.004914
18.004914
18.004914
18.004914
18.004914
18.004914
6.341721
18.004914
18.004914
18.004914
18.004914
18.004914
18.004914
18.004914
18.004914
18.062328
18.004914
18.004914
18.004914
18.004914
18.004914
18.004914
18.004914
18.004914
18.004914
18.004914
18.004914
18.004914
18.004914
18.004914
18.004914
18.004914
18.004914
18.004914
18.004914
18.004914
18.004914
18.004914
18.004914
18.004914
18.004914
18.004914
18.004914
18.004914
18.004914
18.004914
18.004914
18.004914
18.004914
18.004914
18.004914
18.004914
18.004914
18.004914
18.004914
18.004914
18.004914
18.004914
18.004914
18.004914
18.004914
17.959096
18.004914
18.004914
18.004914
18.004914
18.004914
18.004914
18.004914
18.004914
18.004914
18.004914
18.004914
18.004915
18.004915
18.004915
18.004915
18.004915
18.004915
18.004915
18.004915
18.004915
18.004915
18.004915
18.004915
18.004915
18.004915
18.004915
18.004915
18.004915
18.004915
18.004915
18.004915
18.004915
18.004915
18.004915
18.004915
18.004915
18.004915
18.004915
18.004915
18.004915
18.004915
18.004915
18.004915
18.004915
18.004915
18.004915
18.004915
18.004915
18.004915
18.004915
18.004915
18.004915
18.004915
18.004915
18.004915
18.004915
18.004915
18.004915
18.004915
18.004915
18.004915
18.004915
18.004915
18.004915
18.004915
18.004915
18.004915
18.004915
18.004915
18.004915
18.004915
18.004915
18.004915
18.004915
