4.216572
4.246075
4.247374
4.259737
4.242474
4.230576
4.246542
4.250365
4.251559
4.235847
4.238529
4.232582
4.235371
4.232112
4.237964
4.248993
4.243602
4.239590
4.234187
4.246715
4.215113
4.242742
4.230969
4.240655
4.240194
4.219837
4.197553
4.224298
4.221418
4.204891
4.219082
4.213012
4.220114
4.197117
4.208638
4.235100
4.222632
4.215362
4.208416
4.232002
4.193077
4.243881
4.188946
4.204774
4.204002
4.200485
4.208899
4.232731
4.221761
4.228789
4.224368
4.206966
4.186319
4.180131
4.148025
4.182715
4.205451
4.172783
4.228771
4.179369
4.183725
4.222207
4.192916
4.176663
4.173213
4.161857
4.209256
4.207343
4.180879
4.171601
4.227837
4.203821
4.199530
4.173635
4.193883
4.176852
4.196601
4.188900
4.196297
4.196586
4.194928
4.194732
4.160122
4.177806
4.170587
4.223830
4.186562
4.161141
4.192332
4.211560
4.165806
4.174445
4.160385
4.160095
4.152658
4.202739
4.159037
4.183366
4.212556
4.142925
4.150852
4.138553
4.179350
4.185676
4.208526
4.138128
4.177026
4.181294
4.200254
4.103215
4.177941
4.214454
4.170971
4.113683
4.194488
4.190025
4.161482
4.141808
4.137095
4.129405
4.136275
4.164973
4.215031
4.143916
4.214409
4.136729
4.136604
4.172743
4.086560
4.152415
4.147977
4.135440
4.135199
4.128772
4.132239
4.132977
4.133477
4.145945
4.128156
4.074306
4.146026
4.168262
4.159505
4.108320
4.132419
4.096353
4.124306
4.134168
4.143795
4.128491
4.133415
4.132454
4.130997
4.127124
4.186982
4.141742
4.128049
4.169701
4.129127
4.130363
4.138908
4.168794
4.130317
4.138203
4.137963
4.129596
4.127213
4.126971
4.126729
4.162817
4.178354
4.126027
4.125784
4.127567
4.125314
4.125072
4.124831
4.124590
4.124349
4.124108
4.123867
4.125785
4.153497
4.123173
4.117515
4.159165
4.113777
4.116252
4.162711
4.121776
4.113596
4.121296
4.161810
4.120834
4.113045
4.122211
4.120131
4.121836
4.119668
4.117698
4.117745
4.118951
4.118711
4.118470
4.118230
4.117990
4.117749
4.117509
4.117269
4.117028
4.116788
4.126834
4.106808
4.116066
4.115826
4.115586
4.115346
4.115106
4.114865
4.114625
4.114385
4.114144
4.113904
4.112429
4.105940
4.113187
4.112947
4.112707
4.112467
4.112226
4.111987
4.111746
4.111506
4.111266
4.109823
4.110788
4.110548
4.110308
4.110068
4.143417
4.111370
4.150717
4.109150
4.108910
4.108670
4.108430
4.108190
4.107950
4.107709
4.107470
4.107229
4.145234
4.106778
4.106538
4.106298
4.106058
4.105818
4.105578
4.105338
4.105098
4.104857
4.104618
4.104377
4.104137
4.103898
4.103657
4.103417
4.103177
4.102937
4.102697
4.102457
4.077841
4.092270
4.101759
4.101519
4.101279
4.101039
4.100799
4.100559
4.100319
4.100079
4.099838
4.099598
4.099358
4.099118
4.098878
4.098638
4.098398
4.098157
4.096750
4.097679
4.097439
4.098991
4.096959
4.096719
4.096479
4.096239
4.095999
4.095758
4.095519
4.095278
4.095038
4.094798
4.094558
4.094318
4.094078
4.093838
4.093598
4.093358
4.093118
4.092878
4.092638
4.092398
4.092158
4.091918
4.091678
4.091438
4.091197
4.090958
4.090718
4.090477
4.090238
4.089997
4.089757
4.089518
4.089278
4.089038
4.088798
4.088558
4.088318
4.088078
4.087838
4.087598
4.087358
4.087118
4.086878
4.086638
4.086398
4.086158
4.085918
4.085679
4.085438
4.085198
4.084959
4.084719
4.084479
4.084239
4.083999
4.083759
4.083519
4.083279
4.083039
