0.410563
0.425201
0.412290
0.420660
0.427100
0.411388
0.429626
0.418461
0.400906
0.411942
0.411464
0.388292
0.405661
0.392489
0.360007
0.389102
0.379904
0.403333
0.396955
0.359145
0.371684
0.397344
0.373753
0.380494
0.371748
0.334954
0.371086
0.356218
0.344266
0.375811
0.337478
0.335718
0.374813
0.348070
0.345729
0.346571
0.353200
0.317409
0.314703
0.335036
0.318610
0.331804
0.366215
0.348833
0.318661
0.306319
0.306792
0.314937
0.307013
0.312299
0.333543
0.285295
0.337432
0.302768
0.291411
0.324387
0.295363
0.294974
0.307166
0.290075
0.271020
0.295273
0.287296
0.253785
0.251037
0.302587
0.320712
0.264765
0.267171
0.251263
0.270883
0.276756
0.300365
0.261265
0.259389
0.250797
0.238276
0.264926
0.303900
0.227112
0.288692
0.316994
0.235817
0.231971
0.215584
0.310287
0.202268
0.206671
0.199451
0.253576
0.250907
0.235569
0.214056
0.221277
0.234256
0.209960
0.261790
0.226154
0.213592
0.232967
0.215625
0.249101
0.272306
0.206874
0.208802
0.228797
0.209590
0.188078
0.214351
0.220766
0.203229
0.205224
0.202009
0.202351
0.224963
0.207206
0.179121
0.221965
0.219235
0.207876
0.203619
0.196266
0.202557
0.287875
0.200202
0.197221
0.170980
0.200194
0.198836
0.197771
0.196439
0.193833
0.210962
0.201210
0.197330
0.198512
0.198794
0.206672
0.261650
0.196533
0.185927
0.199755
0.203965
0.193895
0.191762
0.198346
0.207756
0.193612
0.195566
0.274009
0.197481
0.194996
0.198583
0.195660
0.195016
0.197732
0.194013
0.194975
0.194962
0.194968
0.200084
0.194953
0.194955
0.196881
0.194943
0.194935
0.202608
0.206751
0.198343
0.198057
0.194950
0.194931
0.194924
0.192686
0.194893
0.194814
0.194976
0.196426
0.194970
0.194919
0.194899
0.194873
0.197016
0.194965
0.194921
0.194899
0.194878
0.196093
0.194848
0.194831
0.194825
0.197020
0.194818
0.194819
0.196115
0.266292
0.192742
0.161551
0.194798
0.194795
0.194788
0.267221
0.191853
0.196817
0.194774
0.197324
0.194763
0.194763
0.196724
0.194748
0.197283
0.194744
0.196751
0.194754
0.194750
0.197931
0.194741
0.194737
0.195467
0.194728
0.194724
0.194728
0.199861
0.195503
0.195957
0.194713
0.194716
0.196775
0.194715
0.194710
0.194705
0.194700
0.194695
0.194690
0.194685
0.194680
0.194675
0.194670
0.194665
0.194660
0.191038
0.194648
0.194643
0.194631
0.194634
0.194622
0.194625
0.195994
0.194623
0.194618
0.193426
0.194607
0.194602
0.194597
0.194592
0.197148
0.194582
0.194577
0.194572
0.194567
0.194562
0.197153
0.194553
0.194540
0.194544
0.194531
0.194535
0.194530
0.194517
0.194521
0.194508
0.194512
0.194499
0.194503
0.194498
0.194485
0.194488
0.194476
0.194479
0.195250
0.194461
0.196514
0.194468
0.195467
0.194456
0.194451
0.194446
0.194441
0.194436
0.194431
0.194426
0.194421
0.194416
0.194403
0.194407
0.194394
0.194398
0.194393
0.194380
0.194384
0.194371
0.194375
0.194362
0.194366
0.194361
0.194348
0.194352
0.194339
0.194343
0.194330
0.194334
0.194321
0.194325
0.194320
0.194307
0.194311
0.194298
0.194302
0.194289
0.194293
0.194287
0.194275
0.194278
0.194266
0.194269
0.194257
0.194260
0.194255
0.194243
0.194246
0.194234
0.194237
0.194225
0.194228
0.194223
0.194211
0.194214
0.194202
0.194205
0.194192
0.194196
0.194183
0.194187
0.194182
0.194169
0.194173
0.194160
0.194164
0.194151
0.194155
0.194150
0.194137
