17.692483
17.667513
17.669346
17.672535
17.695972
17.723231
17.716338
17.699062
17.710016
17.714174
17.630997
17.651304
17.716225
17.607443
17.651464
17.709520
17.666869
17.680184
17.693708
17.719026
17.611184
17.766593
17.653492
17.738256
17.640454
17.781808
17.714353
17.678039
17.683297
17.757962
17.746939
17.594279
17.737805
17.687689
17.751976
17.744598
17.825948
17.842520
17.708401
17.665077
17.791374
17.692096
17.756136
17.736480
17.801957
17.716454
17.725233
17.786682
17.759283
17.791253
17.782364
17.713038
17.747621
17.774518
17.711661
17.845517
17.915708
17.778008
17.905474
17.761122
17.903564
17.926866
17.652928
17.941293
17.857750
17.837658
17.827849
17.966788
17.803085
17.766713
17.861217
17.662533
17.772929
17.897315
17.894598
17.999577
17.788369
17.805950
18.152146
17.857533
17.855867
18.109678
17.922604
17.719654
17.869567
17.928111
17.898979
17.750611
17.839641
18.149701
17.948896
17.949070
17.946508
18.060977
18.110575
18.061137
18.099091
17.873707
18.214696
18.020159
18.065866
18.124830
18.116458
18.088332
17.969238
18.061759
18.027533
17.887923
18.103103
18.061570
17.946238
17.990677
17.726083
17.984151
18.019314
18.125188
18.091646
18.022225
18.221017
18.039814
17.983105
18.126730
18.182740
17.932872
17.984473
17.939899
18.062100
18.009399
18.039887
18.144627
18.149175
18.107103
18.118673
18.042190
18.099477
17.850754
18.060645
18.081682
18.114235
18.017993
17.851892
18.125763
18.141344
18.186006
18.130193
18.021211
18.211698
18.039340
18.221714
18.140471
18.058900
18.110370
18.165968
18.141344
18.085978
18.149175
18.214668
18.165089
18.141344
18.045910
18.218220
18.043004
18.149175
18.017661
18.135365
18.149175
18.141344
18.065230
18.225368
18.030770
18.141344
18.110370
18.056266
18.038311
18.041445
18.108808
18.141344
18.141344
18.141344
18.109423
18.141344
18.039009
18.141344
18.141344
18.053401
18.122286
18.141344
18.141344
18.058006
18.141344
18.141344
18.149175
18.141344
18.128135
18.141344
18.136967
18.051734
18.141344
18.141344
18.141344
18.108808
18.141344
18.141344
18.152373
18.103191
18.141344
18.141344
18.141344
18.141344
18.141344
18.109423
18.167470
18.141344
18.110078
18.133374
18.141344
18.141344
18.166214
18.141344
18.141344
18.141344
18.087719
18.064415
18.141344
18.141344
18.141344
18.141344
18.141344
18.109423
18.141344
18.141344
18.141344
18.090299
18.141344
18.141344
18.141344
18.141344
18.141344
18.141344
18.141344
18.141344
18.149175
18.141344
18.129926
18.141344
18.141344
18.141344
18.141344
18.141344
18.141344
18.100418
18.141344
18.141344
18.141344
18.141344
18.141344
18.141344
18.141344
18.113668
18.141344
18.141344
18.141344
18.141344
18.141344
18.141344
18.141344
18.141344
18.141344
18.141344
18.141344
18.141344
18.141344
18.141344
18.141344
18.141344
18.141344
18.109423
18.141344
18.141344
18.141344
18.141344
18.141344
18.141344
18.141344
18.141344
18.141344
18.141344
18.141344
18.141344
18.141344
18.141344
18.141344
18.141344
18.141344
18.141344
18.141344
18.141344
18.141344
18.141344
18.141344
18.141344
18.141344
18.141344
18.141344
18.141344
18.141344
18.141344
18.141344
18.141344
18.141344
18.141344
18.141344
18.141344
18.141344
18.141344
18.141344
18.141344
18.141344
18.141344
18.141344
18.141344
18.141344
18.141344
18.141344
18.141344
18.141344
18.141344
18.141344
18.141344
18.141344
18.141344
18.141344
18.141344
18.141344
18.141344
18.141344
18.141344
18.141344
18.141344
18.141344
18.141344
18.141344
18.141344
18.141344
18.141344
18.141344
18.141344
18.141344
18.141344
18.141344
18.141344
18.141344
