4.264285
4.250598
4.264176
4.256584
4.263926
4.255770
4.254623
4.271803
4.277975
4.238777
4.289372
4.268778
4.253878
4.263328
4.265419
4.252803
4.272193
4.267964
4.271355
4.268424
4.255682
4.242268
4.261921
4.258941
4.262554
4.233258
4.242470
4.214541
4.236238
4.192937
4.228722
4.217829
4.210959
4.222847
4.247137
4.253195
4.246526
4.219199
4.236842
4.228982
4.141432
4.240861
4.272110
4.217645
4.241013
4.215920
4.238850
4.219794
4.220679
4.236005
4.211835
4.157894
4.252131
4.209601
4.247876
4.192518
4.205845
4.192536
4.209201
4.214942
4.219435
4.215157
4.260514
4.206728
4.267941
4.199282
4.223423
4.215964
4.215100
4.177621
4.231266
4.183694
4.203231
4.240933
4.205764
4.299621
4.195719
4.185850
4.279928
4.206889
4.255385
4.209068
4.183980
4.225641
4.199042
4.211244
4.238198
4.238616
4.210277
4.268403
4.259948
4.194383
4.216124
4.189132
4.194159
4.194939
4.164652
4.172300
4.203602
4.185295
4.207401
4.188102
4.120589
4.277025
4.172125
4.226825
4.191107
4.204735
4.218313
4.248102
4.224678
4.249883
4.193755
4.228156
4.285424
4.188741
4.241818
4.219784
4.214351
4.244824
4.183203
4.188852
4.177914
4.202544
4.159859
4.214395
4.143766
4.223989
4.237051
4.171916
4.190851
4.163307
4.205983
4.205243
4.207731
4.085084
4.145706
4.226524
4.188511
4.217092
4.140740
4.252331
4.234575
4.178782
4.227995
4.216590
4.214369
4.160334
4.228448
4.199652
4.137589
4.097087
4.096744
4.208797
4.155123
4.100234
4.144659
4.181125
4.183064
4.233316
4.139039
4.143121
4.206906
4.195919
4.242611
4.095433
4.178901
4.236025
4.207607
4.182730
4.136204
4.091390
4.132694
4.205385
4.197717
4.130113
4.099228
4.199292
4.210008
4.210629
4.130389
4.214350
4.130669
4.127568
4.127192
4.214073
4.126525
4.136970
4.197015
4.125531
4.087353
4.124800
4.236518
4.124178
4.210412
4.180816
4.123296
4.213895
4.176078
4.170831
4.122085
4.121709
4.123381
4.120956
4.120580
4.233945
4.119852
4.119476
4.121153
4.120778
4.080756
4.117974
4.119655
4.126362
4.116845
4.125611
4.125236
4.115714
4.115338
4.168865
4.123863
4.202835
4.186518
4.113768
4.113392
4.113015
4.112639
4.112263
4.111886
4.111510
4.111134
4.110757
4.110381
4.110004
4.109628
4.109252
4.108875
4.108499
4.108122
4.107746
4.107369
4.106992
4.205727
4.222245
4.106025
4.178813
4.105332
4.104955
4.104578
4.104201
4.103825
4.103447
4.103070
4.102694
4.102317
4.101941
4.101564
4.101187
4.100811
4.100434
4.100058
4.099681
4.099304
4.098927
4.098550
4.098174
4.097797
4.097420
4.097043
4.098770
4.096290
4.095913
4.097642
4.095160
4.094783
4.094406
4.094029
4.093652
4.093275
4.092898
4.092521
4.092144
4.194412
4.091466
4.091089
4.090712
4.090334
4.089958
4.089581
4.089203
4.088826
4.088449
4.088072
4.087695
4.087318
4.086941
4.086564
4.086187
4.085810
4.085433
4.085056
4.084679
4.084302
4.083925
4.083548
4.083170
4.082793
4.082416
4.082038
4.081661
4.081283
4.080905
4.080527
4.080150
4.079772
4.079393
4.079015
4.078638
4.078259
4.077881
4.077503
4.077125
4.076747
4.076369
4.075991
4.075612
4.075233
4.074854
4.074474
4.074095
4.073716
4.073336
4.072957
4.072577
4.072197
4.071818
4.071438
4.071059
4.070679
4.070299
4.069919
4.069539
4.069159
4.068779
4.068398
4.068018
4.067638
4.067258
4.066878
4.066498
4.066118
4.065738
4.065358
4.064977
4.064597
4.064217
4.063837
4.063457
4.063076
4.062696
4.062316
4.061936
4.061555
4.061175
4.060795
4.060415
4.060035
4.059654
4.059274
4.058894
4.058514
4.058133
4.057753
4.057373
4.056993
4.056613
4.056232
4.055852
4.055472
4.055092
4.054712
4.056527
4.053952
