0.332140
0.324155
0.330610
0.323436
0.335034
0.335916
0.323314
0.321944
0.321950
0.307017
0.323684
0.316475
0.319998
0.313071
0.310186
0.313245
0.303690
0.313772
0.312058
0.312857
0.304191
0.305003
0.316923
0.304315
0.310125
0.299190
0.320249
0.307896
0.308892
0.309759
0.282604
0.308319
0.294093
0.306306
0.304055
0.287857
0.277587
0.270511
0.301870
0.284936
0.287618
0.300743
0.288279
0.278997
0.283749
0.284216
0.264321
0.291774
0.283460
0.269943
0.272854
0.293336
0.275849
0.281649
0.269905
0.266014
0.270111
0.254280
0.252005
0.275182
0.255996
0.281848
0.252226
0.278985
0.266348
0.276437
0.280919
0.275161
0.247094
0.238150
0.265339
0.237787
0.233552
0.233905
0.259331
0.297158
0.242356
0.261079
0.277351
0.281052
0.272400
0.251672
0.264174
0.238910
0.238003
0.217930
0.252161
0.215294
0.247953
0.256328
0.260954
0.259650
0.248935
0.259695
0.224901
0.237533
0.255975
0.208673
0.219372
0.231927
0.221818
0.199199
0.277307
0.237110
0.236051
0.249629
0.228807
0.204892
0.219013
0.206659
0.244210
0.244378
0.217949
0.235350
0.207734
0.241580
0.195737
0.238140
0.221677
0.206222
0.191585
0.190071
0.190966
0.203406
0.175305
0.184314
0.199731
0.183692
0.191278
0.197144
0.223046
0.223172
0.177027
0.201427
0.181526
0.204562
0.209693
0.171095
0.177244
0.172971
0.174484
0.209195
0.164273
0.163895
0.160063
0.171870
0.146892
0.173752
0.167446
0.177401
0.156518
0.155404
0.165884
0.153619
0.170441
0.151244
0.150078
0.158054
0.146321
0.146674
0.145509
0.144392
0.143180
0.142015
0.140849
0.148868
0.136597
0.148976
0.184306
0.144755
0.135826
0.135435
0.139396
0.150334
0.141661
0.133825
0.133573
0.133351
0.133142
0.133184
0.131948
0.132507
0.140656
0.131893
0.130004
0.131562
0.131401
0.136677
0.131089
0.130946
0.130814
0.130683
0.132266
0.130253
0.132178
0.131004
0.129454
0.129349
0.130222
0.128983
0.128895
0.128810
0.160964
0.128458
0.128376
0.128297
0.128218
0.126816
0.127997
0.126838
0.127846
0.127780
0.130358
0.127625
0.127558
0.127492
0.128620
0.127740
0.127303
0.127244
0.127189
0.127134
0.127076
0.125689
0.126931
0.126881
0.126830
0.126786
0.126741
0.126697
0.126652
0.126608
0.126564
0.127222
0.126473
0.126429
0.126385
0.126338
0.126299
0.127780
0.126220
0.126180
0.126141
0.126101
0.126061
0.126019
0.125983
0.125948
0.125912
0.125874
0.125843
0.125812
0.125780
0.125749
0.125718
0.125686
0.125655
0.125623
0.125592
0.125561
0.125529
0.127350
0.125465
0.125434
0.125402
0.125368
0.125340
0.125312
0.125285
0.125257
0.125230
0.125202
0.125175
0.125231
0.125121
0.125097
0.125073
0.125049
0.125025
0.125001
0.124977
0.124950
0.124929
0.125926
0.124887
0.124866
0.124845
0.124824
0.124804
0.124783
0.124762
0.124741
0.124720
0.124699
0.124678
0.124660
0.124643
0.124625
0.124607
0.124590
0.124572
0.124555
0.124537
0.124519
0.124502
0.124484
0.124466
0.124449
0.124428
0.124410
0.124397
0.124384
0.124372
0.124359
0.124346
0.124334
0.124321
0.124308
0.124296
0.124283
0.124270
0.148135
0.124160
0.124140
0.124129
0.124119
0.124108
0.124097
0.124087
0.124076
0.124066
0.124055
0.124044
0.124034
0.124023
0.124013
0.124002
0.123991
0.123981
0.123970
0.123959
0.123949
0.123938
0.123928
0.123917
0.123906
0.123896
0.123885
0.123871
0.123862
0.123853
0.123844
