4.235799
4.234818
4.224236
4.233696
4.235034
4.241355
4.198080
4.246190
4.234782
4.243845
4.238207
4.194156
4.228941
4.235780
4.214972
4.212744
4.233111
4.219955
4.234534
4.240960
4.251438
4.241763
4.233828
4.232917
4.238357
4.213900
4.208735
4.208226
4.214674
4.205992
4.219434
4.213132
4.193087
4.222706
4.237490
4.211877
4.223059
4.199136
4.224578
4.205238
4.192098
4.201426
4.188146
4.210785
4.189489
4.230821
4.204677
4.211227
4.214626
4.226520
4.188556
4.193629
4.211442
4.189562
4.155685
4.158849
4.181577
4.195637
4.221426
4.191504
4.191850
4.186075
4.209313
4.193075
4.204766
4.209712
4.174081
4.181767
4.196607
4.175249
4.179739
4.199646
4.175341
4.191803
4.179200
4.191802
4.183205
4.178215
4.177425
4.148695
4.156700
4.170430
4.187969
4.185601
4.211005
4.166374
4.160786
4.179291
4.179640
4.157808
4.106693
4.171907
4.150381
4.154717
4.174521
4.183839
4.175489
4.193113
4.176578
4.173432
4.203689
4.131666
4.184052
4.227952
4.188553
4.163317
4.137712
4.182988
4.209602
4.196229
4.149960
4.125827
4.213783
4.200059
4.193624
4.153738
4.199327
4.202460
4.154534
4.185359
4.205129
4.169355
4.212061
4.179160
4.178236
4.138765
4.189826
4.220351
4.179141
4.202412
4.112402
4.179674
4.208752
4.165115
4.135270
4.195595
4.170723
4.210727
4.142791
4.118821
4.156470
4.156161
4.153827
4.185908
4.168678
4.132586
4.144845
4.154255
4.140481
4.116457
4.205360
4.106070
4.209013
4.198486
4.152385
4.103811
4.137666
4.134560
4.201016
4.199697
4.172528
4.134727
4.117432
4.102350
4.157430
4.198197
4.100777
4.115428
4.201377
4.126451
4.096588
4.096134
4.145394
4.108916
4.090449
4.194057
4.198411
4.087576
4.195866
4.120735
4.191727
4.171711
4.190131
4.140736
4.156291
4.167987
4.092564
4.169293
4.187854
4.089701
4.145892
4.191071
4.088498
4.145585
4.186164
4.173857
4.096863
4.088353
4.182666
4.085800
4.085345
4.087473
4.084436
4.083982
4.083528
4.087987
4.085546
4.155773
4.081849
4.178147
4.083939
4.080576
4.083022
4.079668
4.126865
4.078902
4.185014
4.078119
4.077665
4.079818
4.076756
4.175812
4.173743
4.075451
4.074996
4.074541
4.074085
4.073630
4.073175
4.157882
4.072401
4.071946
4.067079
4.071060
4.070604
4.099068
4.069859
4.069404
4.068948
4.068493
4.070675
4.067582
4.067126
4.066670
4.066215
4.065758
4.065302
4.066470
4.064392
4.063937
4.063482
4.063026
4.062572
4.062116
4.061661
4.061205
4.060750
4.060295
4.059839
4.059384
4.058928
4.058473
4.058017
4.057562
4.057106
4.129690
4.056286
4.055830
4.155297
4.054995
4.054539
4.054083
4.053627
4.158465
4.052726
4.052270
4.051814
4.051358
4.050902
4.050446
4.049990
4.049533
4.049077
4.048621
4.048165
4.047709
4.047252
4.046796
4.049051
4.045882
4.045423
4.044963
4.044504
4.044045
4.043586
4.043126
4.085694
4.042364
4.041904
4.041445
4.040986
4.040526
4.040067
4.039607
4.039148
4.038688
4.038229
4.037769
4.037310
4.036850
4.038112
4.035932
4.035472
4.035013
4.034553
4.034093
4.033634
4.033175
4.032715
4.032256
4.031796
4.031337
4.030878
4.030418
4.029959
4.029499
4.029040
4.028580
4.028121
4.027661
4.027202
4.026742
4.026282
4.025822
4.025362
4.024903
4.024443
4.023983
4.023522
4.023062
4.022602
4.022141
4.021680
4.021219
4.020759
4.020298
4.019837
4.019376
4.018915
4.018454
4.017992
4.017531
4.017070
4.016608
4.016147
4.015685
4.015223
4.014761
4.014300
4.013839
4.013378
4.012917
4.012455
4.011994
4.011533
4.011071
4.010610
4.010148
4.009686
4.009224
4.008763
4.008301
4.007839
4.007377
4.006916
4.006454
4.005991
4.005530
4.005068
4.004606
4.004143
4.003679
4.003215
4.002752
4.002288
4.001824
4.001360
4.000896
4.000432
3.999968
3.999503
3.999039
3.998575
3.998110
3.997646
3.997181
3.996717
