17.618201
17.610006
17.665211
17.722160
17.732191
17.701842
17.667199
17.744185
17.741711
17.705206
17.652916
17.729955
17.694809
17.745458
17.694472
17.737787
17.698753
17.693390
17.642123
17.630185
17.686733
17.709759
17.754397
17.641841
17.625416
17.788307
17.750201
17.726951
17.677037
17.711974
17.776450
17.661298
17.555474
17.728882
17.699888
17.694318
17.787125
17.713788
17.884895
17.769945
17.760258
17.706692
17.631884
17.780282
17.655373
17.654551
17.745992
17.686209
17.713289
17.648960
17.854475
17.809533
17.987862
17.792631
17.863979
17.797723
17.648858
17.800615
17.726340
17.861495
18.044775
17.816578
17.903252
17.678469
17.803871
17.957011
17.740910
17.895958
17.867275
17.925783
17.940646
17.908309
17.760272
17.669839
17.869253
17.832047
17.737506
18.051623
17.963505
17.945975
18.000814
17.823889
18.007550
17.831326
18.125504
17.858713
17.963484
17.982378
17.928204
17.926441
17.832537
17.949430
17.912009
17.867263
17.810746
17.963166
18.046121
17.974863
17.625150
18.012353
18.100758
18.158961
17.980934
18.140637
18.155511
18.005292
18.028696
17.969104
18.024737
18.067581
18.083394
18.131348
18.100004
18.091065
17.983249
18.144782
17.882175
18.100590
18.042986
17.903841
18.009275
18.212428
18.154789
18.145929
17.781320
18.188733
17.977786
18.005366
18.144253
18.010744
18.109775
18.138539
18.090782
18.071593
18.031923
18.306955
18.068536
17.853890
6.341982
18.092063
18.090687
18.188733
18.231255
17.996500
18.188733
18.079674
18.188724
18.188733
18.186983
18.195756
18.188733
18.188733
18.166108
17.993876
18.120094
18.068853
18.262496
18.188912
18.120067
18.005662
18.188733
18.193217
18.134430
18.165688
18.194509
18.188733
18.188721
18.192703
18.207079
18.130702
18.188733
18.134737
18.141856
18.264090
18.304959
18.188723
6.368570
18.188733
18.039871
18.188891
18.188733
18.108650
18.188733
18.039685
18.188733
18.106766
18.188733
18.188733
18.114638
18.112296
6.368570
18.118047
18.188733
18.146992
18.188733
18.188733
6.368570
18.052161
18.188733
18.121423
18.110804
6.368519
18.188724
6.368570
18.188733
18.188733
6.368570
6.368519
18.188733
18.188733
6.368570
18.188733
6.368570
18.188733
18.188733
6.368570
18.188733
6.368570
18.224990
18.091016
18.188733
18.103319
18.188733
6.332477
6.356911
6.368570
18.188914
18.188914
18.188914
18.188914
18.188914
18.188914
18.188914
18.188914
18.188914
18.188914
18.188914
18.188914
18.188905
18.107791
18.188905
18.188905
18.188905
18.188893
18.188905
18.188905
18.188905
18.188905
18.188905
18.188914
18.188905
18.188905
18.188905
18.019593
18.188905
18.188905
18.188905
18.107155
18.188905
18.074026
18.188905
18.188893
18.188905
18.188905
18.188905
18.188905
18.188905
18.095886
18.188905
18.188905
18.188905
6.352061
18.188905
18.188905
18.188905
18.188905
18.188905
18.188905
18.232090
18.188905
18.188905
18.188905
18.188905
18.188905
18.188905
18.188905
18.188905
18.188905
18.188905
18.188905
18.188905
18.188905
18.188905
18.188905
18.188905
18.188905
18.188905
18.188905
18.188905
18.188905
18.188905
18.188905
18.188905
6.338233
18.188914
18.188905
18.188905
18.188905
18.188905
18.188905
18.188905
18.188905
18.188905
18.188905
18.188905
18.188905
18.188905
18.188905
18.188905
18.188905
18.188905
18.188905
18.188905
18.188905
18.188905
18.188905
18.188905
18.188905
18.188905
18.188905
18.188905
18.188905
18.188905
18.188905
18.188905
18.188905
18.188905
18.188905
18.188905
18.188905
18.188905
18.188905
18.188905
18.188905
18.188905
18.188905
18.188905
18.188905
18.188905
18.188905
18.188905
18.188905
18.188905
18.188905
18.188905
18.188905
18.188905
18.188905
18.188905
18.188905
18.188905
18.188905
18.188905
18.188905
18.188905
18.188905
18.188905
18.188905
18.188905
18.188905
18.188905
18.188905
18.188905
18.188905
18.188905
18.188905
18.188905
18.188905
18.188905
18.188905
18.188905
18.188905
18.188905
18.188905
18.188905
18.188905
18.188905
18.188905
18.188905
18.188905
18.188905
18.188905
18.188905
18.188905
18.188905
18.188905
18.188905
18.188905
18.188905
18.188905
18.188905
18.188905
18.188905
18.188905
18.188713
18.188713
18.188713
18.188713
18.188713
18.188713
18.188713
18.188713
18.188713
18.188713
18.188713
