17.697481
17.776475
17.690490
17.687831
17.739271
17.675810
17.780134
17.675162
17.673949
17.748626
17.670747
17.707046
17.660777
17.723374
17.702525
17.641386
17.723383
17.734488
17.563668
17.636386
17.674956
17.738251
17.754683
17.714907
17.630140
17.738977
17.662701
17.886460
17.755535
17.741175
17.715963
17.751491
17.742050
17.811811
17.818784
17.649893
17.711573
17.753456
17.705141
17.789826
17.769930
17.575705
17.677391
17.642598
17.688203
17.688426
17.693828
17.818279
17.652478
17.711389
17.768771
17.831447
17.797748
17.936361
17.875048
17.707412
17.945885
17.752462
17.886290
17.978970
17.824274
17.845101
18.074613
17.686824
17.892715
17.803783
17.951749
17.776629
17.796529
17.820733
17.885575
17.752311
17.854151
17.792787
17.734743
17.827608
18.066246
17.897352
18.036945
18.063605
18.118876
18.006880
17.909883
18.220674
17.941817
17.926956
17.985059
17.984944
17.912651
18.146429
17.787730
18.090914
17.881923
18.028786
17.864917
17.917485
17.968366
17.972103
18.280489
18.095076
17.950184
18.047856
18.141860
18.283963
18.032581
18.080647
17.968504
17.929027
18.076244
18.234302
18.161750
18.153826
17.941798
17.872124
18.127838
17.916271
18.097897
18.043369
18.045592
17.988220
18.046676
18.048639
18.278991
17.981833
18.022478
18.107486
18.192579
18.111101
18.192716
17.984876
18.046097
18.089877
18.080132
18.128713
18.192713
18.079970
18.092270
17.930925
18.192713
18.222795
18.106584
18.203171
18.140777
18.207603
18.069044
17.925448
18.129357
18.110335
18.011687
18.192713
18.192713
18.192579
18.221323
17.990549
18.027238
18.192716
18.193233
18.071358
18.191329
18.085559
18.161239
18.259470
18.192716
18.151723
18.228503
18.192716
18.132026
18.192719
18.227249
18.050798
18.189468
18.191609
18.193501
18.192719
18.289298
18.192719
18.152530
18.126476
18.276926
18.192719
18.297645
18.192719
18.105986
18.192719
18.192719
18.192719
18.111741
18.192156
18.192721
18.051003
18.225411
18.192719
18.153146
18.191609
18.192719
18.192719
18.143670
18.192716
18.192719
18.126476
18.192719
18.192719
18.168263
18.151722
18.192719
18.192719
18.192719
18.192719
18.192719
18.192719
18.192719
18.192719
18.135560
18.192721
18.145507
18.192721
18.192721
18.192721
18.192721
18.192721
18.192721
18.192723
18.192723
18.193697
18.150776
18.192723
18.192724
18.192723
18.192723
18.192723
18.192723
18.192724
18.192724
18.192724
18.192724
18.192724
18.192724
18.192124
18.192724
18.192725
18.192725
18.192725
18.192725
18.192725
18.192725
18.192619
18.192726
18.192726
18.192726
18.192726
18.192726
18.192726
18.192726
18.192727
18.192727
18.192727
18.192727
18.192727
18.192727
18.192727
18.192727
18.192727
18.192727
18.192728
18.192728
18.192728
18.192728
18.192728
18.192728
18.192728
18.192728
18.192728
18.192729
18.192729
18.192729
18.192729
18.192729
18.192729
18.192729
18.192729
18.192729
18.192729
18.192729
18.192729
18.192729
18.192729
18.192729
18.192729
9.551462
18.171465
18.192729
18.192729
18.192729
18.192729
18.192729
18.192729
18.192729
18.192724
18.192729
18.192729
18.192729
18.192729
18.192729
18.192729
6.368689
18.192729
18.192729
18.192729
18.192729
18.192729
18.192729
18.192729
18.192729
18.192729
18.192729
18.192729
18.192729
18.192729
18.192729
18.192729
6.368689
18.192729
18.192729
18.192729
18.192729
18.192729
18.192729
18.192729
18.192729
18.192729
18.192729
18.192729
18.192729
18.192729
18.192729
18.192729
18.192729
6.368689
18.192729
18.192729
18.192729
18.192729
18.192729
18.192729
18.192729
18.192729
18.192729
18.192729
18.192729
18.192729
18.192729
18.192729
18.192729
18.192729
6.368689
18.192729
18.192729
18.192729
18.192729
18.192729
18.192729
18.192729
18.192729
18.192729
18.192729
18.192729
18.192729
18.192729
18.192729
18.192729
6.368689
18.192729
18.192729
18.192729
18.192729
18.192729
18.192729
18.192729
18.192729
18.192729
18.192729
18.192729
18.192729
18.192729
18.192729
18.192729
18.192729
18.192729
18.192729
18.192729
18.192729
18.192729
18.192729
18.192729
18.192729
18.192729
18.192729
18.192729
18.192729
18.192729
18.192729
18.192729
18.192729
18.192729
18.192729
18.192729
18.192729
18.192729
18.192729
18.192729
18.192729
18.192729
18.192729
18.192729
18.192729
18.192729
18.192729
18.192729
18.192729
18.192729
18.192729
18.192729
18.192729
18.192729
18.192729
18.192729
18.192729
18.192729
18.192729
18.192729
18.192729
18.192729
18.192729
18.192729
18.192729
18.192729
18.192729
18.192729
18.192729
18.192729
18.192729
18.192729
18.192729
18.192729
18.192729
18.192729
18.192729
18.192729
18.192729
18.192729
18.192729
18.192729
18.192729
18.192729
18.192729
18.192729
18.192729
18.192729
18.192729
18.192729
18.192729
18.192729
18.192729
18.192729
18.192729
18.192729
18.192729
18.192729
18.192729
18.192729
18.192729
18.192729
18.192729
18.192729
18.192729
18.192729
18.192729
18.192729
18.192729
18.192729
18.192729
18.192729
18.192729
18.192729
18.192729
18.192729
18.192729
18.192729
18.192729
18.192729
18.192729
18.192729
18.192729
18.192729
18.192729
18.192729
18.192729
18.192729
18.192729
18.192729
