4.574730
4.541383
4.521837
4.532762
4.549463
4.493970
4.517143
4.543611
4.502226
4.521405
4.523479
4.508347
4.463245
4.476330
4.537108
4.513074
4.485876
4.476139
4.508009
4.447605
4.495478
4.466733
4.490503
4.486655
4.468156
4.443261
4.431839
4.389543
4.487499
4.483200
4.412682
4.446524
4.438773
4.428167
4.451994
4.462550
4.455321
4.443285
4.451787
4.392934
4.443800
4.358098
4.418731
4.426436
4.436061
4.389276
4.451478
4.432339
4.412513
4.405390
4.330992
4.436729
4.430518
4.350747
4.427289
4.362347
4.320513
4.335550
4.427845
4.345814
4.270182
4.308464
4.330230
4.351204
4.327789
4.329234
4.383947
4.374082
4.400457
4.323604
4.293038
4.313125
4.338955
4.301257
4.242380
4.274886
4.271036
4.296172
4.219325
4.239498
4.228642
4.329907
4.244294
4.242491
4.248930
4.218399
4.284027
4.229742
4.247492
4.235171
4.227791
4.233772
4.220451
4.232761
4.198246
4.241497
4.261093
4.241544
4.214219
4.295371
4.188852
4.212107
4.183882
4.178013
4.202107
4.181193
4.209162
4.174183
4.255464
4.145500
4.148564
4.149285
4.168725
4.168812
4.217883
4.150842
4.143947
4.111487
4.196805
4.151437
4.147007
4.160595
4.154630
4.199174
4.204420
4.146853
4.002385
4.112753
4.076623
4.105548
4.159916
4.099884
4.172788
4.070018
4.167615
4.099928
4.054893
4.029366
4.075090
3.993050
4.126131
4.078371
4.030232
3.942149
4.019061
4.026118
4.047447
4.007991
4.035071
4.085638
4.079930
4.016469
4.041873
4.001972
4.007782
3.896772
4.026732
3.889499
3.995358
3.987705
4.069009
3.994280
3.881670
3.866225
3.930050
3.858549
3.967369
3.919057
3.912229
3.955746
4.017837
3.902154
3.992352
3.966259
3.826434
3.822302
3.920213
3.815661
3.823382
3.979393
3.804143
3.800128
3.796151
3.934636
3.960474
3.956384
3.782352
3.886010
3.774771
3.869499
3.898030
3.863402
3.762396
3.876087
3.826918
3.789843
3.747622
3.880808
3.741157
3.748905
3.733851
3.730260
3.726670
3.723118
3.719605
3.716092
3.712618
3.709144
3.705709
3.831839
3.699392
3.696034
3.692677
3.689358
3.686078
3.682798
3.679596
3.676433
3.673270
3.670145
3.667059
3.664013
3.661401
3.757186
3.655700
3.792785
3.650506
3.647615
3.768025
3.642628
3.639814
3.637039
3.634303
3.631605
3.629039
3.647128
3.624566
3.622765
3.690588
3.610973
3.616551
3.615393
3.614316
3.613653
3.623853
3.611670
3.776927
3.609233
3.608588
3.607944
3.607378
3.606852
3.606326
3.605879
3.605432
3.605023
3.604655
3.604286
3.603957
3.716259
3.614070
3.602158
3.601986
3.601814
3.601642
3.601470
3.710156
3.714773
3.598964
3.599028
3.599092
3.599155
3.599219
3.599283
3.599346
3.599410
3.599474
3.702106
3.597355
3.597613
3.597795
3.597976
3.598118
3.598260
3.724450
3.597167
3.597426
3.597684
3.597903
3.722528
3.595591
3.595967
3.596303
3.596601
3.596859
3.597117
3.597375
3.597594
3.608315
3.598347
3.598487
3.598628
3.619316
3.598651
3.619315
3.619273
3.619231
3.707738
3.618700
3.618740
3.618780
3.598238
3.618981
3.618980
3.598455
3.619141
3.727545
3.617884
3.618006
3.618127
3.618248
3.597780
3.618491
3.618531
3.598076
3.618773
3.618814
3.598372
3.619015
3.619014
3.619012
3.598588
3.619173
3.619132
3.619090
3.598687
3.619251
3.619209
3.619167
3.598747
3.619288
3.619246
3.619205
3.598807
3.619325
3.619284
3.619242
3.598868
3.619362
3.619321
3.619279
3.598888
3.619359
3.619317
3.619276
3.598948
3.619396
3.619355
3.599009
3.619434
3.619392
3.619351
3.619309
3.599030
3.619430
3.619388
3.599090
3.619468
3.619426
3.619385
3.599111
3.619464
3.619423
3.619381
3.619339
3.599131
3.619460
3.619418
3.599192
3.619498
3.619456
3.619415
3.619373
3.599212
3.619493
3.619452
3.619410
3.599272
3.619531
3.697097
3.695968
3.694880
3.693871
3.692903
3.691974
3.691086
3.690238
3.689429
3.688701
3.688013
3.687365
3.686757
3.686189
3.685621
3.685093
3.684606
3.684158
3.683750
3.683382
3.683014
3.682687
3.682359
3.682071
3.681784
3.681536
3.681289
3.681041
3.680794
3.680586
3.680378
3.680171
3.679964
3.679796
3.679628
3.679461
3.679294
3.679126
3.678958
3.678791
3.678663
3.678536
3.678409
3.678281
3.678154
3.678026
3.677899
3.677772
3.677644
3.677517
3.677389
3.677262
3.677135
3.677007
3.676879
3.676752
3.676625
3.676497
3.676370
3.676242
3.676115
3.675987
3.675860
3.675733
3.675605
3.675478
3.675350
3.675263
3.675136
3.675008
3.674921
3.674793
3.674666
3.674578
3.674451
3.674324
3.674236
3.674109
3.673981
3.673894
3.673766
3.673679
3.673552
3.673424
3.673337
3.673209
3.673082
3.672994
3.672867
3.672740
3.672652
3.672525
3.672397
3.672310
3.672183
3.672055
3.671968
3.671840
3.671753
3.671625
