17.649001
17.710668
17.573631
17.690504
17.749712
17.617958
17.809154
17.696204
17.645171
17.693022
17.743931
17.760171
17.626717
17.675166
17.719973
17.709232
17.689866
17.694225
17.689640
17.663832
17.728216
17.653468
17.668588
17.720393
17.644497
17.704982
17.678676
17.786118
17.628442
17.724278
17.755275
17.813968
17.720385
17.741959
17.707898
17.654764
17.728356
17.771422
17.682783
17.729504
17.715987
17.818569
17.592564
17.722720
17.696517
17.725395
17.789226
17.746960
17.691000
17.714927
17.820887
17.883288
17.824243
17.800394
17.797456
17.787450
17.707654
17.939183
17.841359
17.674755
17.768056
17.792698
18.127677
17.750647
17.803789
17.859540
17.791447
17.957770
17.865749
17.885394
17.606557
17.813329
17.795838
17.849642
17.818713
18.039131
17.856600
18.041504
17.916796
18.051362
17.906099
17.817331
18.152915
17.856356
18.031001
18.024092
18.019501
17.905489
17.944681
18.070145
18.074526
17.823380
17.774483
17.741697
18.074140
17.899122
18.178159
17.976829
18.048172
18.020310
18.140371
18.104052
18.299458
18.197730
18.188048
18.003294
18.135765
18.043632
18.046946
17.998461
18.068347
18.235000
18.053247
18.085561
18.154838
18.143324
18.067860
17.898813
17.738809
17.884433
18.165938
18.236419
17.995704
18.083849
18.363112
18.120142
18.200364
18.027157
18.132208
18.151895
18.076959
18.033184
17.965082
18.127265
18.125474
18.207152
18.111095
18.289692
18.171350
18.113461
18.139571
18.310498
18.130013
18.040038
18.090065
18.076032
18.319007
18.220458
18.208431
18.108813
18.163377
18.207152
18.222304
18.189157
18.287230
18.178368
18.322111
18.191403
18.251401
18.016277
18.332270
18.342921
18.218309
18.199274
18.136332
18.199274
18.243523
18.098854
18.117789
18.199274
18.580648
18.199274
18.199274
18.189447
18.632759
18.297677
18.119429
18.366721
18.215969
18.118015
18.199274
18.186854
18.207152
18.199274
18.199274
18.081030
18.199274
18.199274
18.204224
18.121331
18.214759
18.154905
18.144375
18.141785
18.060289
18.146762
18.208391
18.199274
18.162328
18.192420
18.571306
18.199274
18.554235
18.121725
18.119703
18.199274
18.451205
18.191868
18.199274
18.207152
18.199274
18.199274
18.099462
18.199274
18.088224
18.199274
18.199274
18.199274
18.208260
18.199274
18.199274
18.119512
18.199274
18.199274
18.199274
18.199274
18.205903
18.199274
18.199274
18.142579
18.199274
18.199274
18.199274
18.199274
18.199274
18.199274
18.199274
18.199274
18.199274
18.199274
18.117596
18.199274
18.199274
18.079554
18.199274
18.199274
18.199274
18.199274
18.199274
18.199274
18.199274
18.199274
18.199274
18.199274
18.199274
18.199274
18.129426
18.199274
18.199274
18.199274
18.199274
18.199274
18.199274
18.140930
18.199274
18.199274
18.199274
18.199274
18.199274
18.199274
18.494342
18.199274
18.199274
18.199274
18.199274
18.199274
18.199274
18.199274
18.199274
18.199274
18.199274
18.199274
18.199274
18.199274
18.199274
18.199274
18.199274
18.199274
18.199274
18.199274
18.199274
18.199274
18.199274
18.199274
18.199274
18.119063
18.199274
18.199274
18.199274
18.199274
18.199274
18.199274
18.199274
18.199274
18.199274
18.199274
18.199274
18.199274
18.199274
18.579896
18.199274
18.199274
18.199274
18.199274
18.199274
18.199274
18.199274
18.199274
18.199274
18.199274
18.199274
18.199274
18.199274
18.199274
18.199274
18.199274
18.199274
18.199274
18.199274
18.199274
18.199274
18.199274
18.199274
18.199274
18.199274
18.199274
18.199274
18.199274
18.199274
18.199274
18.199274
18.199274
18.199274
18.199274
18.199274
18.199274
18.199274
18.199274
18.199274
18.199274
18.199274
18.199274
18.199274
18.199274
18.199274
18.199274
18.199274
18.199274
18.199274
18.199274
18.199274
18.199274
18.199274
18.199274
18.199274
18.199274
18.199274
18.199274
18.199274
18.199274
18.199274
18.243593
18.243593
18.243593
18.243593
18.243593
18.243593
18.243593
18.243593
18.243593
18.243593
18.243593
18.243593
18.243593
18.243593
18.243593
18.243593
18.243593
18.243593
18.243593
18.243593
18.243593
18.243593
18.243593
18.243593
18.243593
18.243593
18.243593
18.243593
18.182043
18.243593
18.243593
18.243593
18.243593
18.243593
18.243593
18.243593
18.243593
18.243593
18.243593
