0.665709
0.666808
0.671906
0.669934
0.671882
0.671224
0.662445
0.695993
0.668977
0.676721
0.644047
0.691287
0.631027
0.664804
0.688163
0.697378
0.662558
0.653087
0.650929
0.683221
0.677350
0.636964
0.667648
0.617600
0.679895
0.698045
0.708545
0.667859
0.675110
0.679506
0.679752
0.675425
0.705374
0.694615
0.631178
0.694227
0.679269
0.715383
0.690573
0.681615
0.682136
0.672063
0.679750
0.682577
0.653663
0.705627
0.641838
0.695027
0.659067
0.658934
0.720689
0.714129
0.673590
0.727256
0.652871
0.716446
0.700612
0.701167
0.675075
0.726308
0.682430
0.678608
0.684588
0.651011
0.483803
0.597480
0.614654
0.655403
0.728334
0.675220
0.675414
0.682391
0.710276
0.570939
0.684021
0.555448
0.687850
0.575688
0.658470
0.323079
0.626927
0.698442
0.544220
0.697498
0.490860
0.594195
0.523666
0.672508
0.543723
0.479611
0.630698
0.639949
0.682870
0.642632
0.622451
0.662695
0.625374
0.641894
0.615838
0.485100
0.394693
0.403188
0.445765
0.505124
0.709827
0.543124
0.490100
0.366335
0.456987
0.491258
0.705966
0.664941
0.605205
0.462912
0.582592
0.547619
0.366474
0.671500
0.645289
0.573477
0.321268
0.392890
0.609934
0.377504
0.670578
0.535766
0.389387
0.238850
0.356432
0.450047
0.608083
0.477655
0.294079
0.302528
0.578703
0.310999
0.687439
0.420927
0.378910
0.619248
0.601692
0.629474
0.501706
0.327922
0.628909
0.439367
0.628670
0.509981
0.630064
0.294748
0.611119
0.231812
0.628164
0.517697
0.068654
0.628517
0.625572
0.628216
0.628128
0.627912
0.627761
0.236589
0.639972
0.188000
0.331950
0.627608
0.526597
0.627334
0.627260
0.627031
0.621839
0.579022
0.626560
0.626409
0.639617
0.626089
0.622641
0.625784
0.622901
0.622723
0.625330
0.625179
0.625027
0.624875
0.624723
0.406089
0.624524
0.635812
0.620729
0.621714
0.623900
0.623344
0.098302
0.624152
0.623999
0.638077
0.623679
0.623527
0.623049
0.617676
0.623069
0.622917
0.622765
0.622613
0.622461
0.622309
0.622176
0.093362
0.622664
0.622513
0.622361
0.622209
0.622057
0.573725
0.621740
0.621588
0.612357
0.618168
0.618018
0.617869
0.571543
0.614554
0.617406
0.068680
0.617794
0.620825
0.620673
0.620521
0.620369
0.617571
0.620065
0.619913
0.619760
0.619608
0.619456
0.619304
0.619152
0.615906
0.615756
0.615607
0.615457
0.615309
0.615163
0.612577
0.614870
0.614724
0.614578
0.611731
0.569181
0.614124
0.613977
0.613831
0.610665
0.610521
0.610377
0.610234
0.610090
0.609948
0.609808
0.609667
0.609526
0.609385
0.609245
0.609104
0.608963
0.608823
0.608682
0.605600
0.605462
0.605324
0.605186
0.605047
0.604909
0.604771
0.604632
0.604494
0.604356
0.604218
0.604079
0.600719
0.603802
0.603664
0.600654
0.600518
0.600382
0.600246
0.600110
0.608706
0.599836
0.599700
0.599565
0.599429
0.599293
0.599157
0.599021
0.596932
0.595774
0.598613
0.598477
0.598342
0.598206
0.598070
0.597934
0.597800
0.597663
0.597527
0.597391
0.597255
0.597119
0.596984
0.596848
0.596712
0.596576
0.596441
0.596305
0.596169
0.596033
0.595897
0.595762
0.595626
0.595490
0.595354
0.595219
0.595083
0.594947
0.594811
0.594676
0.594540
0.594404
0.594268
0.594133
0.593997
0.593861
0.593725
0.593589
0.593454
0.593318
0.593182
0.593046
0.590170
0.590037
0.589904
0.589770
0.589637
0.589504
0.589370
0.589237
0.589104
0.588970
0.588837
0.588703
0.588570
