17.739301
17.724502
17.632728
17.565312
17.658969
17.608627
17.754047
17.701675
17.713610
17.726545
17.729849
17.762953
17.683601
17.691744
17.655468
17.681793
17.682799
17.689363
17.642877
17.691522
17.657308
17.656756
17.641357
17.613250
17.617286
17.832311
17.735383
17.816899
17.729574
17.674455
17.770640
17.791547
17.716106
17.830688
17.722697
17.829166
17.748151
17.819730
17.643916
17.716800
17.694291
17.729392
17.853969
17.710968
17.774207
17.716068
17.842792
17.755451
17.725614
17.763523
17.978918
18.081768
17.764506
17.858233
17.723955
17.871611
17.912578
18.149650
17.953431
17.955663
17.786908
17.745810
17.795437
18.112237
17.805511
17.744994
17.869894
17.894203
17.975289
17.651220
17.935103
17.715036
17.783409
17.938154
17.894159
17.902392
18.009467
17.999446
18.002465
17.825102
17.903053
18.005641
18.138585
18.132119
17.951662
18.212951
17.882020
17.945418
17.968717
17.948209
17.710161
18.106908
17.891082
17.927922
18.063242
18.006612
17.962136
17.859626
17.934157
18.030673
18.116165
18.026149
18.139161
18.026678
18.134687
18.016111
17.952634
18.240713
18.024375
18.196231
18.068770
18.258716
18.133927
17.904152
18.124957
18.166716
18.034198
17.968852
17.996922
18.211400
18.115042
18.180936
18.060158
18.148638
17.750292
18.098709
18.145724
18.046562
18.159417
18.255225
18.315584
18.135921
18.180756
18.160355
18.338970
18.192516
18.173167
18.083319
18.274942
18.123803
17.828819
18.335981
18.234931
18.031328
18.335970
18.206592
18.335981
18.175382
18.170500
18.006562
18.085992
18.115867
18.335970
18.192521
6.251678
18.335981
18.259147
18.335981
18.335970
18.335981
18.335981
18.241082
18.198189
18.318606
18.005409
18.335981
17.915307
18.335981
18.335970
18.335981
18.171508
18.176209
18.335981
18.335981
18.265787
18.335981
18.338331
18.335981
18.260604
18.258666
18.335981
18.335981
18.335981
18.335981
18.335981
18.234366
18.335981
18.241750
18.336040
18.258075
18.335981
18.295427
11.001806
18.335981
18.335981
18.316590
18.335981
18.335981
18.335981
18.269410
18.335981
18.335981
18.335981
18.335981
18.335981
18.335981
18.335970
6.270202
18.335981
18.335981
18.335981
18.335981
18.335981
18.181539
18.335981
18.335981
18.250171
18.336040
18.336040
18.336040
18.147121
18.338610
18.336040
6.400195
18.339105
18.335981
18.335981
18.335981
18.335981
18.261999
18.335981
18.335981
18.335981
18.335981
18.335981
18.335981
18.335981
18.336040
18.336040
18.336040
18.336040
18.336040
18.336040
18.260126
18.336040
18.336040
18.336040
18.258927
18.183069
18.336040
18.336040
18.336040
18.336087
18.336087
18.336087
18.336087
18.336087
18.336087
18.336087
18.336087
18.336087
18.336087
18.336087
18.336087
18.336087
18.336087
18.336087
18.336124
18.336124
18.336124
18.336124
18.336124
18.336124
18.336124
18.336124
18.336124
18.336124
18.336124
18.336124
18.337906
18.336124
18.336124
18.336154
18.336154
18.336154
18.336154
18.336154
18.336040
18.336154
18.336154
18.336154
18.336154
18.336154
18.336154
18.336154
18.257293
18.338106
18.336154
18.336154
18.336154
18.336154
18.336154
18.336154
18.336143
18.336154
18.336154
18.336154
18.336154
18.336154
18.336154
18.336154
18.336154
18.336154
18.336154
18.336154
18.336154
18.336154
18.336154
18.336154
18.336154
18.336154
18.336154
18.336154
18.336154
18.336154
18.336154
18.336154
18.336154
18.336154
18.336154
18.336154
18.336154
18.336154
18.336154
18.336154
18.336154
18.336154
18.336154
18.336154
18.336178
18.336178
18.336178
18.336178
18.336178
18.336178
18.336178
18.336178
18.336178
18.336178
18.336178
18.336178
18.336178
