4.196582
4.195813
4.212495
4.225099
4.249444
4.127286
4.107100
4.197284
4.143690
4.229627
4.149883
4.145419
4.118763
4.149923
4.152210
4.129716
4.207460
4.208569
4.134616
4.090999
4.105222
4.143013
4.040816
4.159754
4.154462
4.110914
4.093463
4.078030
3.981086
4.086975
4.069241
4.102624
4.106596
4.039594
3.986195
4.097473
4.113240
4.099464
4.078047
3.997207
4.065535
3.998336
3.990424
4.161982
4.051552
3.895844
4.085376
4.076887
4.049755
4.012236
3.884106
3.907811
4.033738
4.050683
4.036485
3.952050
4.010378
4.098233
3.973547
3.847026
3.850851
4.077855
3.821266
3.862315
4.091767
3.824888
4.137347
3.889820
4.001932
3.970945
3.982503
3.871861
3.968554
3.932667
3.944251
3.724007
3.944401
3.711531
3.916430
3.958006
3.758120
3.932202
3.863817
3.844467
3.734221
3.777837
3.665914
3.813402
3.679425
3.754417
3.655543
3.732087
3.790710
3.830595
3.833433
3.721656
3.898620
3.759450
3.687848
3.630621
3.761898
3.714193
3.778783
3.925900
3.679018
3.647260
3.621850
3.665028
3.765208
3.736522
3.620093
3.732601
3.651196
3.663082
3.756908
3.725442
3.651855
3.684827
3.669479
3.587953
3.557402
3.825980
3.679155
3.582585
3.672665
3.652048
3.611022
3.560074
3.702415
3.571462
3.585428
3.558536
3.530159
3.680313
3.551574
3.559899
3.571805
3.605609
3.538769
3.610088
3.561290
3.528748
3.617211
3.602631
3.625371
3.535033
3.639704
3.544456
3.588941
3.503931
3.538630
3.606192
3.522918
3.518383
3.525438
3.501193
3.737499
3.575042
3.516396
3.529912
3.520953
3.524348
3.511638
3.491313
3.441204
3.695069
3.508919
3.527793
3.517005
3.490603
3.507412
3.505924
3.506055
3.522315
3.502555
3.508821
3.497408
3.500415
3.793256
3.501377
3.505311
3.500133
3.499469
3.498521
3.497645
3.499673
3.498399
3.495974
3.495389
3.494804
3.494259
3.493714
3.493168
3.492663
3.588138
3.509711
3.490645
3.489364
3.496987
3.505213
3.489005
3.488579
3.495970
3.487775
3.487348
3.486961
3.486574
3.486226
3.485878
3.572641
3.496964
3.488626
3.538950
3.486074
3.497556
3.489563
3.484977
3.484629
3.484281
3.491621
3.483751
3.592130
3.481359
3.481051
3.484099
3.480557
3.480289
3.480021
3.482372
3.479569
3.568564
3.483178
3.482831
3.482483
3.482136
3.481788
3.481440
3.481093
3.480745
3.480397
3.480089
3.479782
3.479474
3.479166
3.478858
3.478550
3.478242
3.477934
3.477626
3.477318
3.477010
3.476702
3.476434
3.478035
3.477036
3.477636
3.477348
3.477060
3.476772
3.476484
3.476196
3.475907
3.475619
3.475331
3.475043
3.474755
3.474467
3.474218
3.513754
3.563529
3.476538
3.476210
3.475882
3.475554
3.475226
3.474938
3.474650
3.474362
3.471885
3.473881
3.473593
3.473304
3.476313
3.472731
3.472443
3.472155
3.471867
3.471579
3.471290
3.471042
3.470793
3.469127
3.493061
3.491748
3.490436
3.489160
3.487888
3.486617
3.485422
3.484231
3.483080
3.481930
3.480779
3.479665
3.478555
3.477445
3.476372
3.475303
3.474233
3.473164
3.472095
3.471026
3.469994
3.468965
3.467937
3.466946
3.465958
3.464970
3.463982
3.462994
3.462044
3.461097
3.460149
3.459202
3.458255
3.457346
3.456439
3.455533
3.454626
3.453758
3.452892
3.452026
3.451160
3.450294
3.449467
3.448641
3.447816
3.447030
3.446245
3.445461
3.444676
3.443891
3.443107
3.442362
3.441657
3.440953
3.440288
3.439625
3.438962
3.438298
3.437635
3.436972
3.436309
3.435645
3.435021
3.434399
3.433816
3.433274
3.432733
3.432191
3.431649
3.431108
3.430567
3.430025
3.429483
3.428942
3.428480
3.428019
3.427559
3.427099
3.426639
3.426178
3.425718
3.425298
3.424878
3.424459
3.424039
3.423620
3.423200
3.422820
3.422441
3.422103
3.421764
3.421426
3.421088
3.420750
3.420412
3.420074
3.419735
3.419397
3.419059
3.418721
