17.677881
17.636262
17.723998
17.689333
17.763124
17.613244
17.580144
17.719702
17.749783
17.741959
17.645189
17.578171
17.745876
17.743071
17.773329
17.647758
17.661062
17.651078
17.727799
17.616647
17.722899
17.705194
17.538388
17.639315
17.710821
17.749170
17.647900
17.641071
17.718205
17.675868
17.791865
17.728450
17.737285
17.573490
17.722813
17.635391
17.674152
17.512141
17.582829
17.741093
17.643936
17.661766
17.667376
17.750784
17.622589
17.706461
17.668661
17.629538
17.622306
17.697636
17.836192
17.784803
17.960233
17.790324
17.867092
17.993201
17.771646
17.728635
17.799176
17.849958
17.804959
17.552232
17.801898
18.032041
17.843986
17.840059
17.864034
17.834146
17.607011
17.795202
17.760216
17.890009
17.643217
17.885465
17.790182
17.982120
17.966869
18.049702
18.015951
17.991543
17.888348
17.984167
17.905426
17.638458
18.046737
17.796627
17.889291
18.067074
17.914721
17.782741
17.801594
18.016750
18.082500
17.929221
17.983900
18.021469
18.020508
17.886559
17.891356
18.093617
18.143567
18.097873
17.927773
17.942147
18.052170
17.989011
18.020033
18.076414
18.060544
18.035108
17.962689
18.142952
17.967026
17.901140
17.901079
18.191674
18.019339
18.209824
17.835568
17.942851
17.970437
18.000338
17.879471
17.860970
18.065093
17.856088
17.920785
18.072489
17.850501
18.084039
17.903861
17.870504
17.820359
17.704774
18.114428
18.116996
18.091274
18.099178
18.092044
17.987026
18.011300
18.154679
18.028760
17.930368
17.984363
18.009911
18.151040
17.942462
18.065887
18.069338
18.058285
17.986200
18.097592
18.058285
18.015406
18.009211
18.051501
18.115725
18.057108
18.007321
18.086630
18.058285
18.010618
18.140408
18.020758
18.058285
18.073092
18.038237
18.046235
17.845859
18.157890
18.008055
18.058285
18.104655
18.058285
17.932327
18.111790
18.058285
18.017716
18.058285
18.006798
18.058285
17.895586
18.058285
17.931195
18.100878
18.058285
18.058285
18.058285
18.014849
18.070560
18.004208
18.058285
17.954704
18.058285
18.066164
18.141723
18.058285
18.004208
18.058285
18.058285
18.058285
18.149996
18.004528
18.004528
18.004528
18.004528
18.004528
18.004528
18.004528
18.004528
18.004528
18.004528
18.004528
17.988014
18.005930
18.004528
18.045996
17.949259
18.004528
18.004528
18.004528
18.037726
17.989943
18.004528
18.004528
18.069418
18.090425
18.004528
18.004528
18.004528
18.004528
18.004528
18.004528
18.004528
18.004528
18.004528
18.004528
18.004528
18.004528
18.004528
18.004528
18.004528
18.004528
18.004528
18.004528
18.004528
18.004528
18.004528
18.004528
18.004528
18.004528
18.098225
18.187983
18.004528
18.004528
18.004528
18.004528
18.004528
18.004528
18.004528
18.004528
18.004528
18.059483
18.004528
18.004528
18.004528
18.004528
18.004528
18.004528
18.004528
18.004528
18.004528
18.004528
18.004528
18.004528
18.004528
18.004528
18.004528
18.004528
18.004528
18.004528
18.004528
18.004528
18.004528
18.006351
18.004528
18.004528
18.004528
18.004528
18.004528
18.004528
18.004528
18.004528
18.004528
18.004528
18.004528
18.004528
18.004528
18.059483
18.004528
18.004528
18.004528
18.004528
18.004528
18.004528
18.004528
18.004528
18.004528
18.004528
18.004528
18.004528
18.004528
18.004528
18.004528
18.004528
18.004528
18.004528
18.004528
18.004528
18.004528
18.004528
18.004528
18.004528
18.004528
18.004528
18.004528
18.004528
18.004528
18.004528
18.004528
18.004528
18.004528
18.004528
18.004528
18.004528
18.004528
18.004528
18.004528
18.004528
18.004528
18.004528
18.004528
18.004528
18.004528
18.004528
18.004528
18.004528
18.004528
18.004528
18.004528
18.004528
18.004528
18.004528
