0.545035
0.547447
0.587660
0.497101
0.555303
0.483751
0.516069
0.535960
0.522012
0.484651
0.476293
0.473233
0.442148
0.493419
0.428395
0.492526
0.461059
0.481910
0.461898
0.487051
0.461641
0.436163
0.616585
0.450670
0.452923
0.466966
0.465279
0.477365
0.472106
0.452909
0.468335
0.475077
0.413260
0.442653
0.467589
0.414621
0.448064
0.419818
0.644146
0.455668
0.393746
0.461193
0.450436
0.436253
0.371599
0.421707
0.404541
0.344571
0.424350
0.761977
0.697414
0.490916
0.368450
0.390013
0.431618
0.700319
0.322378
0.384050
0.351599
0.722247
0.374428
0.335357
0.432107
0.373089
0.702499
0.383978
0.363358
0.346667
0.355439
0.694207
0.496033
0.624763
0.346590
0.316781
0.323045
0.744849
0.701237
0.290923
0.247507
0.750108
0.295929
0.537030
0.701389
0.281419
0.718112
0.607127
0.318964
0.266356
0.638057
0.756060
0.698807
0.286233
0.740084
0.264101
0.291213
0.726119
0.661364
0.699486
0.635282
0.622711
0.641219
0.636518
0.639119
0.716694
0.715379
0.215734
0.239479
0.586372
0.639762
0.260243
0.193697
0.651529
0.725935
0.643412
0.726071
0.237638
0.692926
0.245282
0.693332
0.585861
0.715324
0.649682
0.284437
0.593194
0.716589
0.637179
0.701506
0.689223
0.693568
0.630300
0.702579
0.730623
0.660170
0.694099
0.241974
0.697974
0.694052
0.624764
0.698999
0.699668
0.744789
0.719265
0.640949
0.742149
0.702113
0.731417
0.717168
0.728317
0.629656
0.259960
0.720347
0.606656
0.699531
0.718504
0.700199
0.716577
0.700822
0.636729
0.701858
0.745767
0.700506
0.728594
0.703173
0.718089
0.704515
0.703371
0.704772
0.734794
0.168483
0.721974
0.728476
0.711365
0.712744
0.714023
0.728166
0.644352
0.716658
0.715961
0.718211
0.719406
0.710985
0.720659
0.462567
0.727603
0.762725
0.726317
0.727359
0.748180
0.729256
0.730247
0.731204
0.759789
0.660373
0.405325
0.664053
0.733222
0.763387
0.733006
0.737138
0.639619
0.727376
0.728909
0.728917
0.729670
0.752689
0.730556
0.731228
0.670449
0.732281
0.732830
0.733344
0.733825
0.734272
0.734684
0.735097
0.730244
0.735771
0.761197
0.644922
0.735568
0.735879
0.690071
0.736453
0.736696
0.754143
0.777432
0.735996
0.736274
0.736552
0.736796
0.737006
0.737182
0.737358
0.104608
0.740272
0.740075
0.739911
0.739748
0.739619
0.739489
0.739394
0.739299
0.739188
0.739093
0.739065
0.739037
0.792448
0.737415
0.737558
0.737666
0.737774
0.737882
0.737956
0.738030
0.738104
0.738144
0.762227
0.738192
0.738232
0.738271
0.738311
0.738351
0.738391
0.738397
0.738402
0.738408
0.738414
0.738420
0.738425
0.763106
0.736799
0.736975
0.737151
0.737293
0.737434
0.737542
0.737650
0.751977
0.737780
0.737854
0.737928
0.737967
0.738007
0.738047
0.738087
0.738127
0.738167
0.738173
0.738179
0.738185
0.738191
0.738197
0.738203
0.738209
0.738215
0.738221
0.738227
0.738234
0.738240
0.738246
0.783907
0.736349
0.736559
0.736736
0.736879
0.737021
0.737164
0.737273
0.737381
0.737455
0.737529
0.737604
0.737678
0.737718
0.737758
0.737798
0.737839
0.737879
0.737919
0.737925
0.737932
0.737938
0.737944
0.737951
0.737957
0.737963
0.737969
0.737975
0.737981
0.737988
0.737994
0.738000
0.738006
0.738012
0.738018
0.738024
0.738030
0.738036
0.738042
0.738048
0.738020
0.738025
0.737997
0.738003
0.738009
0.737981
0.737987
0.737958
0.737964
0.737970
0.737941
0.737947
0.737919
0.737924
0.737930
0.737902
0.737907
0.737879
0.737885
0.737857
0.737863
0.737868
0.737840
0.737846
0.742212
0.742199
0.742220
0.742207
0.742194
0.742181
0.742168
0.753211
0.741066
0.741189
0.741279
0.741368
0.741457
0.741546
0.741601
0.741656
0.741711
0.741765
0.741786
0.741807
0.741827
0.741848
0.741869
0.741890
0.741911
0.741931
0.741952
0.741973
0.741960
0.741947
0.741934
0.741921
0.741907
0.741894
0.741881
0.741868
0.741855
