0.653277
0.649286
0.645372
0.633257
0.657421
0.656192
0.649450
0.658190
0.660581
0.671745
0.627732
0.644898
0.637069
0.653465
0.635417
0.637256
0.626982
0.628579
0.629545
0.648994
0.593394
0.628621
0.637103
0.638681
0.606241
0.648870
0.651849
0.659123
0.673227
0.650422
0.686250
0.668790
0.662064
0.651936
0.659772
0.667590
0.670618
0.657012
0.673444
0.674267
0.676207
0.658286
0.673127
0.666649
0.663698
0.651129
0.683679
0.681207
0.688257
0.646514
0.657827
0.667091
0.650525
0.656527
0.623271
0.578741
0.688626
0.680888
0.626367
0.564729
0.612605
0.634185
0.643698
0.634455
0.686600
0.617898
0.657367
0.611837
0.682945
0.686699
0.707634
0.620002
0.606928
0.683950
0.600405
0.522905
0.436204
0.667877
0.678548
0.649183
0.604271
0.649285
0.607539
0.626826
0.611662
0.648813
0.661196
0.660027
0.492254
0.592266
0.696747
0.675420
0.636750
0.615366
0.649130
0.603660
0.606051
0.699758
0.711585
0.624115
0.609378
0.630496
0.537924
0.561623
0.639187
0.581731
0.597351
0.638195
0.632381
0.626249
0.576560
0.557651
0.454410
0.558334
0.624455
0.524599
0.405132
0.528368
0.613932
0.614260
0.536888
0.311054
0.611200
0.624666
0.465176
0.636344
0.354214
0.253436
0.604188
0.542083
0.329704
0.234064
0.404298
0.280649
0.670471
0.606096
0.493192
0.553012
0.622617
0.481971
0.599423
0.345616
0.587273
0.542973
0.412975
0.630031
0.535076
0.568376
0.352186
0.485370
0.611913
0.408882
0.237948
0.626649
0.533776
0.084035
0.196488
0.425522
0.609038
0.198027
0.295061
0.185771
0.495701
0.190390
0.267697
0.255080
0.297800
0.292614
0.629102
0.373203
0.208915
0.272763
0.589454
0.079215
0.516658
0.413158
0.082525
0.078624
0.173812
0.288487
0.492765
0.224048
0.382248
0.080107
0.559824
0.555692
0.077975
0.097185
0.276081
0.232549
0.077090
0.615453
0.388028
0.076869
0.352268
0.224649
0.627451
0.167508
0.164747
0.484430
0.116445
0.075848
0.383634
0.075523
0.075104
0.074686
0.074269
0.080830
0.079643
0.073057
0.072640
0.072222
0.071804
0.283175
0.060714
0.142014
0.070056
0.070282
0.152447
0.244283
0.249241
0.169931
0.069302
0.298341
0.171701
0.487929
0.217123
0.068736
0.291180
0.068346
0.067933
0.223187
0.067448
0.067034
0.152365
0.066338
0.065926
0.156737
0.172288
0.065063
0.438890
0.165205
0.212152
0.520442
0.064625
0.064214
0.146904
0.063506
0.063096
0.294309
0.062713
0.062304
0.388753
0.061989
0.061580
0.061172
0.060764
0.060358
0.059953
0.059548
0.059143
0.058738
0.188242
0.058196
0.057793
0.057394
0.220581
0.056939
0.480854
0.056679
0.246264
0.056265
0.055875
0.055486
0.055098
0.664766
0.054814
0.054425
0.054036
0.053648
0.053261
0.052874
0.052488
0.052102
0.051715
0.051329
0.050945
0.229668
0.482804
0.482597
0.482390
0.483818
0.483608
0.483399
0.483192
0.482986
0.482779
0.482573
0.482366
0.482159
0.481953
0.479634
0.483156
0.482947
0.482737
0.482528
0.482320
0.482114
0.481908
0.481702
0.483097
0.482888
0.482679
0.482470
0.482261
0.482052
0.481843
0.481634
0.481425
0.482812
0.482601
0.482393
0.482184
0.481976
0.481767
0.481558
0.481350
0.481141
0.650395
0.480767
0.482137
0.481925
0.481714
0.481502
0.481290
0.481080
0.480872
0.480664
0.480456
0.481826
0.481615
0.481403
0.481192
0.480981
0.480770
0.480558
0.480347
0.480135
0.479924
0.479716
0.479508
0.480868
0.480657
0.480445
0.480234
0.480023
0.479812
0.479600
0.479389
0.479178
0.478967
0.478755
0.478544
0.478334
0.478127
0.479471
0.479260
0.479049
0.478838
0.478627
0.478416
0.478205
0.477994
0.479326
0.479112
0.480444
0.480226
0.480009
0.479791
0.479576
0.479362
0.479148
0.478934
0.480255
0.480038
0.479821
0.479603
0.479386
0.479169
0.478952
0.478735
0.478518
0.478300
0.478083
0.477866
0.477651
0.478954
0.478737
0.478520
0.478303
0.478086
0.477869
0.477653
0.477436
0.477219
0.477002
0.476785
0.476568
0.476351
0.476134
0.475917
0.475701
0.475488
0.475275
0.475061
0.474848
0.474635
0.474421
0.474208
0.475484
0.475267
0.475050
0.474834
0.474617
0.474400
0.474184
0.473967
0.473750
0.473534
