0.794041
0.825779
0.744934
0.771114
0.830690
0.800877
0.796325
0.735214
0.737635
0.743951
0.813317
0.747070
0.775430
0.751806
0.735120
0.754140
0.722949
0.747777
0.755212
0.655673
0.949111
0.740918
0.674889
0.732931
0.660262
0.929381
0.671656
0.741714
0.664675
0.659210
0.799877
0.834713
0.696498
0.588400
0.562666
0.637350
0.574944
0.630221
0.670783
0.641450
0.648258
0.601036
0.568794
0.585848
0.875514
0.569968
0.594913
0.590860
0.544969
0.567246
0.500522
0.506026
0.495703
0.535202
0.585231
0.455632
0.823810
0.480113
0.582375
0.647290
0.525739
0.441741
0.527370
0.560503
0.663709
0.421082
0.466340
0.737069
0.443624
0.399273
0.368942
0.496862
0.430589
0.404899
0.717661
0.688383
0.710154
0.370735
0.411104
0.819090
0.628181
0.357640
0.648069
0.621036
0.698844
0.749608
0.732325
0.684134
0.387467
0.343525
0.366321
0.344608
0.363404
0.360155
0.340490
0.316572
0.657997
0.403042
0.557192
0.390321
0.706457
0.661756
0.717216
0.320825
0.681131
0.363135
0.689811
0.689244
0.685677
0.684916
0.684856
0.344066
0.685321
0.625383
0.618834
0.287387
0.666436
0.688636
0.617857
0.585300
0.653240
0.658582
0.661879
0.612666
0.668744
0.670157
0.596992
0.661346
0.653249
0.667755
0.626529
0.239057
0.656046
0.662164
0.702581
0.186492
0.630001
0.609752
0.651833
0.697244
0.638803
0.622129
0.642525
0.641755
0.620905
0.640471
0.435608
0.685294
0.615490
0.603677
0.620571
0.621495
0.565874
0.678226
0.229073
0.623308
0.620599
0.616857
0.619655
0.614014
0.614787
0.615726
0.616559
0.618439
0.676874
0.624916
0.616717
0.615237
0.616170
0.616919
0.581708
0.633070
0.622103
0.636311
0.625582
0.617040
0.617843
0.618615
0.619357
0.643636
0.618433
0.621635
0.619902
0.149209
0.625456
0.250635
0.623088
0.620247
0.620897
0.621516
0.606706
0.622314
0.622761
0.623226
0.623661
0.624035
0.572853
0.622760
0.669756
0.623307
0.623661
0.636051
0.624303
0.624646
0.624323
0.623216
0.517769
0.624009
0.646204
0.623619
0.624023
0.624396
0.624864
0.622969
0.623435
0.623870
0.624274
0.635014
0.624755
0.625066
0.625346
0.625595
0.628245
0.643344
0.624414
0.624756
0.625068
0.625348
0.625598
0.686172
0.624782
0.625094
0.625375
0.625625
0.625844
0.626064
0.631990
0.626379
0.626537
0.626663
0.626759
0.626855
0.626950
0.627015
0.589904
0.626905
0.626969
0.626989
0.630716
0.627000
0.627064
0.627129
0.627163
0.627197
0.627231
0.627264
0.143507
0.629287
0.629013
0.628769
0.628557
0.626236
0.627503
0.627506
0.627508
0.627511
0.627513
0.627516
0.627519
0.627521
0.627524
0.627527
0.598563
0.627532
0.627535
0.627537
0.627540
0.627543
0.627545
0.627548
0.627550
0.627553
0.627556
0.627558
0.627561
0.627564
0.627566
0.627569
0.627572
0.615298
0.627119
0.627183
0.627248
0.627281
0.627315
0.627348
0.627382
0.627415
0.620617
0.620635
0.620653
0.620640
0.620658
0.620645
0.620663
0.620650
0.620668
0.620655
0.620673
0.620660
0.620678
0.620665
0.620682
0.620669
0.620687
0.620673
0.620691
0.620678
0.620695
0.620682
0.620699
0.620686
0.620704
0.620690
0.620708
0.620695
0.620713
0.620731
0.620717
0.620735
0.620722
0.620740
0.620727
0.558995
0.619269
0.619473
0.619646
0.619787
0.619929
0.620040
0.620150
0.620230
0.620310
0.620359
0.620408
0.620456
0.620505
0.620554
0.620572
0.620590
0.620608
0.620626
0.620643
0.620661
0.620679
0.620697
0.620715
