13.999701
13.936266
13.921626
13.904976
13.849834
13.887684
13.913004
13.896248
13.912345
13.932875
13.919837
13.933957
13.865629
13.901682
13.936249
13.948035
13.972615
13.904331
13.907974
13.835511
13.904351
13.852608
13.829003
13.868117
13.930377
13.927545
14.046099
14.039151
13.932626
13.951422
13.954399
14.003574
13.960563
14.036561
13.839484
14.000217
13.934324
13.981158
13.872193
14.062853
13.973375
14.095673
13.979824
13.934907
13.927614
13.962270
13.840873
13.906968
13.842771
13.934392
14.011478
14.085791
14.049992
14.136627
14.220813
14.013047
14.068667
13.946702
14.143901
13.959920
14.146313
14.130586
14.293852
14.014676
13.852202
14.122945
13.974999
14.075713
14.027255
14.069198
14.273462
14.089015
14.027885
13.971443
14.168251
14.182153
14.443654
14.183334
14.414525
14.133016
14.149957
14.358462
14.230704
14.169069
14.565531
14.194475
14.343846
14.174218
14.164287
14.154910
14.135212
14.260324
14.075692
14.255252
14.153161
14.243356
14.182855
14.219959
14.130339
14.308187
14.325285
14.240193
14.215676
14.288943
14.257042
14.268314
14.339316
14.423877
14.339150
14.327328
14.395293
14.268370
14.137343
14.197224
14.453584
14.243793
14.436068
14.152912
14.101660
14.103893
14.295729
14.401431
14.359568
14.242638
14.312913
14.393641
14.526083
14.402614
14.447480
14.317214
14.234511
14.497645
14.217871
14.476512
14.310947
14.525081
14.319668
14.246939
14.330339
14.395828
14.310880
14.475732
14.353978
14.329441
14.541872
14.263671
14.393795
14.352591
14.281666
14.362559
14.308101
14.475732
14.351296
14.475732
14.367195
14.475732
14.476512
14.187646
14.359968
14.333615
14.475732
14.475732
14.299398
14.476512
14.258907
14.358210
14.440312
14.363066
14.475732
14.417619
14.526965
14.419324
14.294793
14.324938
14.475732
14.349955
14.362136
14.475732
14.475732
14.476512
14.475732
14.475732
14.475732
14.454388
14.475732
14.370502
14.355813
14.375780
14.475732
14.475732
14.381283
14.475732
14.405274
14.475732
14.475732
14.475732
14.475732
14.475732
14.227317
14.475732
14.475732
14.475732
14.475732
14.475732
14.475732
14.475732
14.475732
14.475732
14.475732
14.475732
14.445714
14.414139
14.475732
14.475732
14.401781
14.418569
14.475732
14.425057
14.475732
14.286084
14.475732
14.475732
14.416818
14.386894
14.475732
14.475732
14.475732
14.475732
14.475732
14.475732
14.475732
14.475732
14.475732
14.341045
14.475732
14.475732
14.475732
14.475732
14.475732
14.475732
14.475732
14.475732
14.475732
14.475732
14.418183
14.475732
14.475732
14.442940
14.475732
14.475732
14.475732
14.475732
14.475732
14.475732
14.475732
14.475732
14.475732
14.475732
14.475732
14.475732
14.475732
14.475732
14.475732
14.475732
14.475732
14.475732
14.475732
14.475732
14.475732
14.475732
14.475732
14.475732
14.475732
14.475732
14.475732
14.475732
14.475732
14.475732
14.475732
14.475732
14.475732
14.475732
14.475732
14.475732
14.475732
14.475732
14.475732
14.475732
14.475732
14.475732
14.475732
14.475732
14.475732
14.475732
14.475732
14.475732
14.475732
14.475732
14.475732
14.475732
14.475732
14.475732
14.475732
14.475732
14.475732
14.475732
14.475732
14.475732
14.475732
14.475732
14.475732
14.378383
14.475732
14.475732
14.475732
14.475732
14.475732
14.475732
14.475732
14.475732
14.475732
14.475732
14.475732
14.475732
14.475732
14.475732
14.475732
14.475732
14.475732
14.475732
14.475732
14.475732
14.475732
14.475732
14.475732
14.475732
14.475732
14.375171
14.475732
14.475732
14.475732
14.475732
14.475732
14.475732
14.475732
14.475732
14.475732
14.475732
14.475732
14.475732
14.475732
14.475732
