4.261970
4.240526
4.203368
4.246181
4.219575
4.264803
4.263769
4.239414
4.260406
4.239083
4.248704
4.247334
4.261776
4.255723
4.259163
4.222318
4.241381
4.257930
4.240965
4.235786
4.261394
4.206874
4.256751
4.235605
4.247189
4.218013
4.191042
4.203429
4.205729
4.197407
4.220860
4.194793
4.217657
4.220731
4.186501
4.199217
4.227081
4.181701
4.206190
4.218776
4.181738
4.225533
4.197806
4.227700
4.201995
4.179901
4.198012
4.185613
4.203184
4.216370
4.228601
4.190685
4.191359
4.200438
4.205717
4.196957
4.153473
4.183327
4.184219
4.153686
4.183568
4.171890
4.211197
4.213761
4.173574
4.192749
4.169549
4.170444
4.182257
4.172709
4.258655
4.167138
4.169511
4.153569
4.200967
4.147580
4.175779
4.154060
4.156994
4.172904
4.166386
4.121529
4.162003
4.141817
4.166042
4.137864
4.153234
4.170426
4.121285
4.149420
4.169069
4.174185
4.120968
4.179469
4.160826
4.169878
4.144796
4.123471
4.176631
4.157750
4.147984
4.109525
4.191468
4.133220
4.131106
4.139693
4.112802
4.141015
4.152666
4.121336
4.113419
4.140670
4.144581
4.119016
4.138428
4.129907
4.143245
4.109713
4.141110
4.134760
4.133486
4.121277
4.115729
4.163092
4.115024
4.130806
4.111786
4.104616
4.125369
4.108024
4.137012
4.138434
4.148279
4.101634
4.113586
4.105086
4.100994
4.132931
4.112755
4.128358
4.136802
4.121088
4.101592
4.132854
4.099103
4.104629
4.095738
4.101626
4.107039
4.101692
4.114730
4.098336
4.098914
4.158016
4.094006
4.126139
4.093431
4.093136
4.096228
4.122860
4.091565
4.102737
4.128155
4.091412
4.089704
4.129807
4.091601
4.091961
4.112568
4.088950
4.089362
4.108998
4.099551
4.088487
4.090870
4.087902
4.120683
4.098102
4.087033
4.081913
4.087272
4.086978
4.086684
4.088017
4.086094
4.092950
4.085505
4.086227
4.084917
4.121700
4.090518
4.084079
4.083786
4.080681
4.083209
4.086437
4.084125
4.082334
4.082040
4.082119
4.082953
4.081159
4.080865
4.080572
4.091060
4.079983
4.103301
4.079410
4.081582
4.088831
4.078537
4.078243
4.077950
4.077656
4.077363
4.077069
4.076775
4.076481
4.078747
4.075900
4.075610
4.075319
4.075029
4.074739
4.090076
4.074152
4.073862
4.073572
4.073282
4.072991
4.072701
4.072411
4.072121
4.071831
4.071540
4.071250
4.070960
4.070670
4.070380
4.094252
4.069813
4.069523
4.069232
4.070475
4.068652
4.066866
4.068069
4.067778
4.067488
4.067197
4.066907
4.066617
4.066326
4.066036
4.065746
4.065455
4.065165
4.064875
4.064584
4.064294
4.064003
4.063713
4.063422
4.073215
4.062840
4.062553
4.062266
4.061979
4.061692
4.061405
4.061118
4.060831
4.060544
4.060256
4.059969
4.059682
4.059395
4.059108
4.058821
4.058534
4.058247
4.057960
4.057673
4.057385
4.057098
4.056811
4.056524
4.056237
4.055950
4.055663
4.055375
4.055088
4.054801
4.054514
4.054227
4.053939
4.053652
4.053365
4.053078
4.052791
4.052504
4.052217
4.051929
4.051642
4.051355
4.051068
4.050781
4.050493
4.050206
4.049919
4.049632
4.049345
4.049058
4.048774
4.048491
4.048207
4.047923
4.047639
4.047356
4.047072
4.046788
4.046504
4.046221
4.045937
4.045653
4.045370
4.045086
4.044802
4.044518
4.044235
4.043951
4.043667
4.043384
4.043100
4.042816
4.042532
4.042249
4.041965
4.041681
4.041398
4.041114
4.040830
4.040546
4.040263
4.039979
4.039695
4.039412
4.039128
4.038844
4.038560
4.038277
4.037993
