0.337261
0.332580
0.271915
0.315347
0.327732
0.294406
0.312066
0.296731
0.318775
0.306969
0.289745
0.298348
0.272072
0.300445
0.281788
0.277998
0.284656
0.273144
0.285310
0.279740
0.267981
0.268217
0.245238
0.253527
0.263004
0.276873
0.251008
0.267070
0.291498
0.248123
0.276956
0.260399
0.227227
0.251481
0.259107
0.243070
0.257816
0.226492
0.203044
0.262444
0.198958
0.188199
0.242744
0.247240
0.205980
0.224056
0.177808
0.188927
0.244003
0.194206
0.208292
0.176172
0.137927
0.202682
0.193131
0.198073
0.102425
0.231856
0.201770
0.183569
0.229806
0.149276
0.178036
0.153659
0.177282
0.128961
0.187612
0.189986
0.158491
0.183007
0.159623
0.202901
0.166107
0.175055
0.138066
0.183674
0.186137
0.153367
0.115567
0.182053
0.151219
0.151799
0.151054
0.119469
0.144657
0.140247
0.140606
0.127682
0.106813
0.193521
0.175635
0.134903
0.183860
0.122873
0.131377
0.179284
0.157887
0.145523
0.153029
0.152782
0.127542
0.153912
0.136880
0.167547
0.130460
0.096587
0.109837
0.167397
0.168491
0.123166
0.091395
0.161924
0.188663
0.129877
0.115443
0.094682
0.134898
0.080345
0.132008
0.168341
0.126013
0.166480
0.076352
0.103870
0.164168
0.108741
0.119326
0.129977
0.133392
0.111843
0.115800
0.123188
0.114331
0.131469
0.107726
0.156843
0.128214
0.124929
0.131214
0.130178
0.131868
0.123600
0.117840
0.122701
0.128999
0.175729
0.131416
0.180466
0.120444
0.118062
0.129724
0.137482
0.129172
0.151224
0.128898
0.143960
0.128643
0.110938
0.165069
0.135332
0.127152
0.116589
0.124494
0.118504
0.162367
0.127581
0.127050
0.173343
0.044657
0.116293
0.120327
0.122727
0.123928
0.123711
0.115803
0.125827
0.122806
0.105718
0.122278
0.119897
0.108226
0.121461
0.061985
0.121505
0.113009
0.118611
0.119400
0.118001
0.118848
0.118568
0.118303
0.196829
0.168125
0.050197
0.108779
0.116076
0.172590
0.116825
0.117992
0.116299
0.115476
0.116310
0.115115
0.114944
0.105154
0.113091
0.114602
0.118198
0.114406
0.114307
0.114217
0.114137
0.114066
0.114003
0.113938
0.112850
0.113846
0.113466
0.112954
0.113839
0.113798
0.113104
0.113723
0.113694
0.111981
0.111524
0.113728
0.113693
0.113655
0.113628
0.113605
0.113586
0.113563
0.010310
0.113560
0.113542
0.113522
0.111884
0.113490
0.113478
0.113461
0.111424
0.113439
0.113428
0.113413
0.113403
0.211626
0.113426
0.113407
0.113395
0.113379
0.113363
0.113355
0.113341
0.113328
0.113321
0.116939
0.113301
0.113289
0.113278
0.113266
0.113255
0.113243
0.113239
0.113229
0.113219
0.113209
0.113199
0.113189
0.168589
0.113230
0.113214
0.113191
0.113177
0.113157
0.113147
0.113131
0.114934
0.113110
0.113097
0.111991
0.113077
0.113066
0.113054
0.113043
0.113031
0.113019
0.113015
0.113005
0.112995
0.112985
0.112975
0.112964
0.112954
0.112944
0.112934
0.112924
0.112914
0.112904
0.112894
0.171392
0.112955
0.111079
0.112909
0.112894
0.112875
0.112855
0.112844
0.112828
0.112819
0.112806
0.112792
0.112779
0.112772
0.112761
0.112749
0.112738
0.112726
0.112714
0.112710
0.112700
0.112690
0.112679
0.112669
0.112659
0.112649
0.112639
0.112629
0.112457
0.112609
0.112598
0.112588
0.112578
0.112568
0.112558
0.112548
0.112538
0.112527
0.112517
0.112507
0.112504
0.112488
0.112485
0.112469
0.112459
0.112455
0.112439
0.112436
0.112420
0.112410
0.112407
0.112391
0.112387
0.112372
0.112361
0.112358
0.112342
0.112339
0.112323
0.112320
0.112304
0.112294
0.112290
0.112274
0.112798
0.112789
0.112772
0.112768
0.112759
0.112749
0.112739
0.110853
0.112751
0.112733
0.112722
0.112707
0.112692
0.112677
0.112670
0.112658
0.112645
0.112632
0.112627
0.112616
0.112605
0.112594
0.112583
0.112573
0.112562
0.112551
0.112540
0.112529
0.112525
0.112516
0.112506
0.112496
0.112486
0.112477
0.112467
0.112457
0.112448
