17.703330
17.777213
17.680602
17.658063
17.709733
17.661272
17.669219
17.643327
17.697428
17.760064
17.722614
17.567504
17.687453
17.485130
17.494647
17.684983
17.527469
17.711986
17.679806
17.723831
17.683320
17.636638
17.616055
17.661201
17.629895
17.555192
17.886643
17.597385
17.744152
17.730926
17.714511
17.781378
17.666379
17.740209
17.692399
17.967852
17.655943
17.777438
17.711522
17.654533
17.672594
17.674796
17.653205
17.634597
17.674793
17.832044
17.693709
17.722071
17.712837
17.638733
17.877957
17.846737
17.984204
17.751053
17.879363
17.881093
17.774197
17.736025
17.770723
17.672559
17.992997
17.881451
17.895041
17.970978
17.949055
17.815863
17.622451
17.802977
17.815643
17.776268
18.029729
17.686923
17.802622
17.788610
17.884201
17.940238
17.969172
17.918471
17.841754
17.893217
17.725812
18.068122
17.842022
17.640444
17.638106
18.073468
17.935229
17.987369
17.807547
18.169360
17.820580
17.838839
18.066181
17.861907
17.854637
17.972496
17.714485
18.003814
17.988053
17.937274
18.013462
17.943953
17.942108
17.889458
18.112712
17.994274
18.001582
17.929783
17.796946
17.904370
17.890179
18.057207
17.903987
18.058389
17.889466
18.005476
18.004837
18.141543
18.065529
17.937037
17.914095
18.203825
17.979272
18.062634
17.916618
18.099670
17.951147
18.136467
18.233610
17.899642
18.080200
18.145129
18.013677
17.972796
17.938931
18.104338
18.101896
18.011056
18.210212
18.145715
18.130556
17.965551
17.992855
18.071294
18.028900
18.028980
18.064006
18.173770
18.150633
17.880759
18.169288
18.144919
18.121603
18.125454
18.021506
18.191167
18.132423
18.224293
18.148617
18.132010
18.191274
18.191274
18.130009
18.191274
17.996575
18.191274
18.214922
18.206152
18.191274
18.191274
18.065900
18.072968
18.200843
18.191274
18.144964
18.130556
18.103162
18.191274
18.191274
18.191274
18.119865
18.150764
18.191274
18.191274
18.191274
18.191274
18.191274
18.090314
18.117214
18.191274
18.110938
18.204669
18.044376
18.106832
18.123698
18.063792
18.091045
18.120605
18.093248
18.065623
18.191274
18.199079
18.166444
18.191274
18.191274
18.116682
18.191274
18.191274
18.199079
18.191274
18.191274
18.191274
18.191274
18.116193
18.191274
18.191274
18.127623
18.191274
18.191274
18.191274
18.191274
18.191274
18.191274
18.115369
18.094637
18.191274
18.191274
18.191274
18.191274
18.191274
18.191274
18.191274
18.191274
18.191274
18.191274
18.132423
18.191274
18.191274
18.077754
18.191274
18.191274
18.191274
18.191274
18.137426
18.191274
18.191274
18.191274
18.191274
18.191274
18.093217
18.191274
18.191274
18.095142
18.191274
18.191274
18.191274
18.191274
18.191274
18.191274
18.191274
18.191274
18.191274
18.191274
18.191274
18.116519
18.191274
18.191274
18.191274
18.191274
18.191274
18.191274
18.191274
18.142489
18.191274
18.191274
18.191274
18.191274
18.191274
18.191274
18.191274
18.191274
18.191274
18.191274
18.191274
18.191274
18.191274
18.191274
18.191274
18.191274
18.191274
18.191274
18.191274
18.191274
18.191274
18.191274
18.191274
18.191274
18.191274
18.191274
18.191274
18.191274
18.191274
18.191274
18.191274
18.191274
18.191274
18.191274
18.191274
18.191274
18.191274
18.191274
18.191274
18.191274
18.191274
18.191274
18.191274
18.191274
18.191274
18.191274
18.191274
18.191274
18.191274
18.191274
18.191274
18.191274
18.191274
18.191274
18.191274
18.191274
18.191274
18.191274
18.191274
18.191274
18.191274
18.191274
18.191274
18.191274
18.191274
18.191274
18.191274
18.191274
18.191274
18.191274
18.191274
18.191274
18.191274
18.191274
18.191274
18.191274
18.191274
18.191274
18.191274
