0.370919
0.400737
0.385007
0.353366
0.369559
0.365971
0.377862
0.375824
0.360636
0.351787
0.345099
0.365009
0.356105
0.359347
0.332793
0.361778
0.350475
0.341466
0.348189
0.353834
0.335022
0.335434
0.331852
0.341867
0.329294
0.343958
0.332665
0.330830
0.343352
0.348725
0.326340
0.330078
0.339940
0.294361
0.322108
0.321664
0.318638
0.330069
0.317433
0.320105
0.330905
0.303685
0.301718
0.313675
0.308621
0.313119
0.308060
0.337116
0.273942
0.343943
0.311222
0.309634
0.273237
0.277848
0.296913
0.277904
0.293756
0.247798
0.313118
0.266091
0.273587
0.286434
0.254082
0.289845
0.284118
0.267852
0.282553
0.287632
0.277565
0.286624
0.293077
0.282273
0.277125
0.267803
0.290096
0.270228
0.265426
0.196158
0.287132
0.264051
0.192112
0.261628
0.222172
0.234364
0.227508
0.240072
0.252909
0.211797
0.228585
0.257788
0.260494
0.264322
0.194901
0.247924
0.206207
0.252250
0.237748
0.251211
0.241155
0.252921
0.206128
0.252507
0.219651
0.136643
0.245634
0.226449
0.198476
0.213210
0.225089
0.192595
0.272757
0.254020
0.244133
0.172061
0.239828
0.238810
0.228758
0.171300
0.218827
0.228051
0.221759
0.242006
0.177236
0.226832
0.181643
0.179919
0.179809
0.226503
0.179575
0.238697
0.194903
0.180150
0.198529
0.183463
0.161375
0.197003
0.203892
0.195384
0.167578
0.223106
0.183888
0.187290
0.221501
0.220114
0.192734
0.157341
0.179859
0.151770
0.203051
0.186233
0.175773
0.192980
0.107712
0.210996
0.148670
0.108713
0.181239
0.127408
0.136930
0.119618
0.087194
0.258940
0.258624
0.256645
0.254568
0.254195
0.269052
0.251070
0.262661
0.250230
0.250192
0.247611
0.248645
0.246284
0.253713
0.243923
0.242645
0.241367
0.240088
0.238810
0.236717
0.233235
0.255220
0.232825
0.232648
0.230523
0.227899
0.228161
0.227622
0.225883
0.225126
0.223877
0.220277
0.221381
0.220133
0.218884
0.217636
0.216387
0.215007
0.212819
0.212700
0.211481
0.210262
0.209066
0.208286
0.206674
0.205484
0.204294
0.203104
0.201914
0.200724
0.198622
0.198404
0.197449
0.195274
0.195010
0.193747
0.192585
0.190967
0.190264
0.187791
0.187944
0.186783
0.169418
0.184606
0.183089
0.180213
0.180845
0.179712
0.178579
0.177446
0.176314
0.175181
0.174049
0.172916
0.171783
0.170650
0.169541
0.168436
0.167331
0.166226
0.145148
0.163760
0.162655
0.161550
0.191559
0.159663
0.159558
0.157455
0.156366
0.155289
0.154212
0.153134
0.152057
0.150982
0.149938
0.148951
0.148006
0.147101
0.146232
0.145410
0.144607
0.143836
0.143111
0.142399
0.141706
0.141045
0.140398
0.139775
0.139170
0.138582
0.138010
0.137461
0.136913
0.136377
0.135870
0.135377
0.134890
0.134447
0.134007
0.133569
0.133152
0.132746
0.132356
0.169311
0.131591
0.131228
0.130874
0.130546
0.130217
0.129888
0.129589
0.129289
0.128988
0.128705
0.128433
0.128164
0.127915
0.127685
0.127463
0.127244
0.127035
0.126837
0.126638
0.126450
0.126274
0.126098
0.125924
0.125760
0.125605
0.125448
0.125302
0.125166
0.125030
0.124895
0.124769
0.124651
0.124531
0.124420
0.124318
0.124216
0.124113
0.124019
0.123932
0.123845
0.123758
0.123677
0.123608
0.123542
0.123474
0.123411
0.123357
0.123303
0.123249
0.123193
0.123145
0.123094
0.123051
0.123007
0.122961
0.122922
0.122883
0.122842
0.122808
0.122775
0.122745
0.122713
0.122687
0.122661
0.122632
0.122609
0.122586
0.122563
0.122541
0.122515
0.122495
0.122476
0.122456
0.122436
0.122413
0.122396
0.122379
0.122369
0.122353
0.122336
0.122315
0.122301
0.122286
0.122271
0.122257
0.122242
0.122228
0.121602
0.122194
0.122182
0.122169
0.122157
0.122144
0.122132
0.122119
0.122106
0.122090
0.122079
0.122068
0.122057
