4.333539
4.335979
4.339077
4.350983
4.340266
4.322303
4.326032
4.337797
4.327950
4.323528
4.333451
4.338342
4.335019
4.332031
4.343668
4.335641
4.334895
4.329373
4.340733
4.323061
4.324552
4.332437
4.337379
4.333427
4.317853
4.317489
4.319754
4.316506
4.332684
4.314947
4.321220
4.319522
4.321199
4.336389
4.312279
4.320116
4.330490
4.315926
4.333760
4.324491
4.307391
4.316099
4.321783
4.315423
4.321785
4.313012
4.313856
4.322818
4.312987
4.293224
4.315292
4.302064
4.322824
4.315354
4.304221
4.318031
4.233232
4.311297
4.301804
4.346077
4.336284
4.292040
4.322761
4.326205
4.303987
4.308979
4.326049
4.334382
4.337058
4.313891
4.224440
4.337195
4.303719
4.317406
4.315379
4.334064
4.317612
4.322931
4.301756
4.311590
4.336232
4.313816
4.348383
4.266055
4.276812
4.329418
4.298806
4.297439
4.308377
4.291610
4.333528
4.295707
4.313868
4.298803
4.311535
4.322519
4.299407
4.332938
4.339012
4.294514
4.316668
4.309407
4.297911
4.331919
4.306933
4.304862
4.311193
4.302178
4.297313
4.334851
4.310714
4.301860
4.307433
4.279577
4.320072
4.317937
4.297088
4.300463
4.301815
4.311775
4.308908
4.325276
4.295567
4.294827
4.275786
4.277728
4.327440
4.303761
4.313311
4.303385
4.302404
4.306667
4.299446
4.285423
4.302800
4.306141
4.302883
4.295393
4.317154
4.327573
4.282637
4.224893
4.304717
4.305541
4.294413
4.308152
4.292608
4.302385
4.305730
4.307477
4.303794
4.317677
4.298639
4.297695
4.297488
4.300395
4.294623
4.296867
4.297576
4.323776
4.296257
4.284070
4.304448
4.293117
4.275733
4.295275
4.291581
4.299600
4.296175
4.294459
4.284755
4.289342
4.293853
4.293651
4.294565
4.293250
4.276688
4.285276
4.297203
4.292498
4.292297
4.293674
4.291896
4.291696
4.291495
4.291294
4.293254
4.290895
4.290695
4.290216
4.293459
4.288618
4.289891
4.289690
4.289489
4.289289
4.289088
4.288887
4.288686
4.293880
4.292892
4.288085
4.287884
4.287683
4.287482
4.287282
4.287081
4.286880
4.286679
4.281429
4.286277
4.287418
4.284882
4.285679
4.285478
4.285277
4.285077
4.284876
4.287843
4.284474
4.284274
4.284073
4.283873
4.283672
4.283472
4.283271
4.283071
4.279280
4.282670
4.282469
4.283585
4.282067
4.279375
4.282948
4.281476
4.281276
4.281075
4.280875
4.280674
4.280207
4.280006
4.279805
4.279604
4.279403
4.279202
4.284949
4.278799
4.278597
4.261618
4.278225
4.278024
4.277823
4.277622
4.277421
4.277220
4.277020
4.276818
4.276618
4.276417
4.276216
4.276015
4.275814
4.275613
4.275413
4.275211
4.275011
4.274810
4.274609
4.274408
4.274208
4.274007
4.273806
4.273605
4.273405
4.273204
4.273003
4.272802
4.272602
4.272401
4.272200
4.271999
4.271799
4.271598
4.271397
4.271196
4.270996
4.270795
4.270594
4.270394
4.270193
4.269992
4.269792
4.269591
4.269391
4.269190
4.268989
4.268789
4.268588
4.268387
4.268187
4.267986
4.267786
4.267585
4.267385
4.267185
4.266984
4.266784
4.266583
4.266383
4.266182
4.265982
4.265781
4.265581
4.265381
4.265181
4.264980
4.264780
4.264579
4.264379
4.264179
4.263978
4.263778
4.263577
4.263377
4.263177
4.262977
4.262776
4.262576
4.262375
4.262175
4.261974
4.261774
4.261574
4.261373
4.261173
4.260972
4.260772
4.260571
4.260371
4.260170
4.259970
4.259519
4.259318
4.259117
4.258916
4.258715
4.258513
4.258312
4.258111
4.257910
4.257709
4.257507
