17.625864
17.573577
17.692686
17.714145
17.564067
17.554454
17.714637
17.722373
17.677142
17.593158
17.621074
17.618922
17.576229
17.612316
17.627309
17.715598
17.604189
17.696752
17.734735
17.717865
17.657061
17.632598
17.570461
17.684166
17.675729
17.731185
17.701003
17.770950
17.749729
17.645376
17.799041
17.665754
17.718275
17.741487
17.834904
17.796233
17.739352
17.800873
17.763394
17.751375
17.644411
17.780428
17.773508
17.701868
17.763022
17.719668
17.751427
17.680766
17.781657
17.714864
17.835679
17.705105
17.786873
17.818386
17.936943
17.866331
17.882732
17.891651
17.760677
17.778837
17.661854
17.811834
17.664422
17.794546
17.798356
17.713837
17.982995
17.913984
17.785043
17.964358
17.920771
17.836809
17.948763
17.696242
17.882355
17.892329
17.821419
17.924219
17.859731
17.967086
17.929336
17.913519
18.029359
18.022256
18.047679
18.115409
17.990465
17.871139
17.979259
17.847946
17.917034
17.667825
17.946483
17.862722
18.051999
18.001675
17.772328
18.043431
17.927153
17.913343
18.023712
18.127324
18.009414
18.000730
18.318797
17.927818
18.267706
18.196934
18.271013
18.081000
18.057906
18.062957
17.911497
18.046233
18.069188
18.147498
18.265390
18.157230
17.978287
17.953228
18.157886
18.126783
17.943635
18.192326
18.077367
18.093698
18.165890
18.295532
18.104970
18.128517
18.065088
18.170247
17.978826
18.312367
17.986007
18.141585
18.242996
18.100919
18.247028
18.050050
18.326342
17.875367
18.084404
18.221095
18.136149
18.090718
18.125785
17.954631
17.912768
18.019357
18.108728
18.109881
18.153367
18.577514
18.116620
18.036484
18.117773
18.109881
18.143461
18.090383
18.190908
18.145771
18.108700
18.296570
18.100236
17.967525
18.067867
18.149556
17.948514
18.580722
18.109881
18.053362
18.105058
18.061285
18.091232
18.033730
18.135291
18.109881
18.136408
18.109881
18.064617
18.071470
18.146027
18.126026
18.130465
18.109881
18.109881
18.109881
18.109881
18.164110
18.109881
18.090654
18.109881
18.081562
18.581622
18.109881
18.124707
18.109881
18.132452
18.134376
18.109881
18.109881
18.109881
18.164110
18.117773
18.109881
18.109881
18.109881
18.134664
18.109881
18.082391
18.135673
18.109881
18.030106
18.109881
18.111757
18.111757
18.117773
18.111757
18.111757
18.111757
18.111757
18.111757
18.111757
18.111757
18.033524
18.111757
18.111757
18.119649
18.111757
18.111757
18.111757
18.111757
18.090724
18.111757
18.111757
18.296508
18.111757
18.111757
18.111757
18.111757
18.111757
18.091592
18.111757
18.111757
18.111757
18.111757
18.111757
18.111757
18.111757
18.119649
18.111757
18.111757
18.111757
18.111757
18.097059
18.111757
18.111757
18.111757
18.111757
18.111757
18.145443
18.111757
18.132486
18.132486
18.132486
18.132486
18.132486
18.132486
18.132486
18.132486
18.132486
18.132486
18.132486
18.132486
18.132486
18.132486
18.132486
18.132486
18.132486
18.132486
18.132486
18.132486
18.132486
18.132486
18.132486
18.132486
18.132486
18.132486
18.132486
18.132486
18.132486
18.132486
18.132486
18.132486
18.132486
18.132486
18.132486
18.132486
18.132486
18.132486
18.132486
18.132486
18.132486
18.132486
18.132486
18.132486
18.132486
18.132486
18.132486
18.132486
18.132486
18.132486
18.132486
18.132486
18.132486
18.132486
18.132486
18.132486
18.132486
18.132486
18.132486
18.132486
18.139820
18.132486
18.132486
18.132486
18.132486
18.132486
18.132486
18.132486
18.132486
18.132486
18.132486
18.132486
18.132486
18.132486
18.132873
18.132486
18.132486
18.132486
18.132486
18.132486
18.132486
18.132486
18.132486
18.132486
18.132486
18.132486
18.132486
18.132486
18.132486
18.132486
18.132486
18.132486
18.132486
18.132486
18.132486
18.132486
18.148541
18.148541
18.148541
18.148541
18.148541
18.148541
18.148541
18.148541
18.148541
18.148541
18.148541
18.148541
18.148541
18.148541
18.148541
18.148541
18.148541
18.148541
18.148541
18.148541
18.148541
18.148541
18.148541
18.148541
18.148541
18.148541
18.148541
18.148541
18.148541
18.148541
18.148541
18.148541
18.148541
18.148541
18.148541
18.148541
18.148541
18.148541
18.148541
18.148541
18.148541
18.148541
18.148541
18.148541
18.148541
18.148541
18.148541
18.148541
18.148541
18.148541
18.148541
18.148541
18.148541
18.148541
18.148541
18.148541
18.148541
18.148541
18.148541
18.148541
18.148541
18.148541
18.148541
18.148541
18.148541
