4.329362
4.328013
4.316673
4.317229
4.327977
4.338130
4.318885
4.336051
4.325448
4.312706
4.319360
4.330965
4.319118
4.301813
4.325700
4.311608
4.312208
4.334179
4.311729
4.304324
4.313628
4.326563
4.326710
4.308671
4.297298
4.314406
4.267266
4.304460
4.285862
4.298277
4.307574
4.280456
4.331318
4.309213
4.295206
4.285501
4.327518
4.268786
4.310201
4.305235
4.301815
4.294686
4.269102
4.263429
4.296487
4.260985
4.292500
4.248393
4.267200
4.309810
4.263584
4.303476
4.265518
4.243715
4.232560
4.289805
4.278523
4.258846
4.254066
4.298133
4.269013
4.263083
4.264968
4.254133
4.275655
4.273365
4.263622
4.232409
4.266437
4.301538
4.256836
4.288992
4.276370
4.258891
4.265521
4.248765
4.278399
4.249143
4.283239
4.236874
4.269293
4.257617
4.238533
4.260840
4.293838
4.243816
4.271163
4.296789
4.259877
4.288377
4.283280
4.256500
4.266677
4.244552
4.265655
4.246268
4.263832
4.218504
4.260645
4.283932
4.266289
4.281116
4.248536
4.205253
4.234467
4.260414
4.270810
4.227106
4.241406
4.223553
4.221390
4.280696
4.278765
4.219923
4.224367
4.275433
4.257314
4.235358
4.276740
4.213816
4.227914
4.276469
4.234455
4.229117
4.231686
4.230075
4.221623
4.214845
4.241246
4.198602
4.226305
4.243527
4.217434
4.220472
4.236343
4.225350
4.238700
4.218912
0.586495
4.259840
4.219501
4.227443
4.230371
4.214584
4.227190
4.216969
4.226529
4.226522
4.227765
4.247489
4.226278
4.226103
4.219518
4.212325
4.218255
4.216175
4.205342
4.226036
4.215130
4.206199
4.224283
4.227749
4.226973
4.217018
4.203779
4.223382
4.223341
4.265154
4.223969
4.213387
4.222526
4.224159
4.217509
4.223245
4.217525
4.222125
0.583192
4.222225
4.213586
4.223147
4.222135
4.210239
4.222897
4.203420
4.222474
4.223136
4.223025
4.222974
4.231927
4.227928
0.583474
4.217229
4.223892
4.210368
4.223274
4.223793
0.583878
4.195701
4.224422
4.213118
4.227719
0.533788
4.224887
0.584422
4.226000
4.225870
0.584886
0.528834
4.228038
4.228128
0.586155
4.229665
0.587154
4.230373
4.230470
0.587564
4.231187
0.587933
4.237636
4.234426
4.231636
4.219545
4.231479
0.590067
0.588477
0.588930
4.234537
4.234806
4.234617
4.234411
4.234462
4.234117
4.233984
4.233859
4.233729
4.233597
4.233463
4.233334
4.233197
4.232856
4.232934
4.232805
4.232675
4.232816
4.232347
4.232279
4.232151
4.232014
4.231885
4.231740
4.231628
4.231494
4.231366
4.207376
4.231093
4.230970
4.230840
4.233910
4.230577
4.220797
4.230310
4.230608
4.230051
4.229919
4.229790
4.229661
4.229527
4.229886
4.229271
4.229146
4.229016
0.585730
4.229730
4.229522
4.229308
4.229067
4.228815
4.228568
4.231077
4.228106
4.227908
4.227768
4.227636
4.227503
4.227369
4.227242
4.227116
4.226985
4.226858
4.226724
4.226595
4.226464
4.226335
4.226205
4.226076
4.225947
4.225819
4.225644
4.225558
4.225424
4.225299
4.225172
4.225037
0.583129
4.225929
4.225646
4.225406
4.225158
4.224908
4.224679
4.224449
4.224228
4.224018
4.223820
4.223641
4.223484
4.223361
4.223232
4.223103
4.222973
4.222846
4.222720
4.222598
4.222465
4.222341
4.222211
4.222084
4.221955
4.221828
4.221704
4.221577
4.221450
4.221324
4.221196
4.221068
4.220937
4.220816
4.220688
4.220560
4.220434
4.220312
4.220185
4.220054
4.219933
4.219809
4.219681
4.219555
4.219433
4.219300
4.219181
4.219051
4.218925
4.218802
4.218678
4.218556
4.218423
4.218300
4.218174
4.218055
4.217930
4.217802
4.217675
4.217556
4.217430
4.217304
4.217178
4.217051
4.216928
4.216802
4.216678
4.216556
4.216427
4.216310
4.216185
4.216061
4.215938
4.215816
4.215691
4.215567
4.215444
4.215317
4.215198
4.215078
4.214953
4.214830
4.214708
4.214586
4.214460
4.214341
4.214218
4.214100
4.213975
4.213851
4.213730
4.213606
4.213488
4.213367
4.213245
4.213119
4.213000
4.212878
4.212757
4.212638
4.212517
4.212203
4.212082
4.211964
4.211844
4.211725
4.211604
4.211483
4.211362
4.211244
4.211126
4.211007
