4.151589
4.169385
4.141634
4.160332
4.173848
4.142178
4.150219
4.164850
4.156890
4.157933
4.132047
4.161132
4.154214
4.157553
4.141365
4.178174
4.153722
4.152458
4.117551
4.150892
4.154949
4.148805
4.149827
4.154354
4.118709
4.153621
4.159074
4.179200
4.128893
4.137216
4.139510
4.141597
4.142720
4.188856
4.126530
4.125852
4.142106
4.168281
4.139297
4.150598
4.115056
4.106164
4.151012
4.101206
4.105187
4.123919
4.127773
4.124256
4.138239
4.130845
4.128291
4.121844
4.076825
4.140577
4.115976
4.072294
4.154465
4.132476
4.106424
4.101087
4.138362
4.115584
4.148094
4.122320
4.049269
4.167310
4.111016
4.100751
4.090588
4.169991
4.128953
4.111326
4.109920
4.110110
4.123883
4.069153
4.120889
4.105922
4.092279
4.111905
4.149267
4.136890
4.100039
4.069427
4.135559
4.065038
4.135792
4.155359
4.131760
4.098556
4.103956
4.102761
4.091852
4.111933
4.122536
4.055374
4.150654
4.133286
4.097901
4.098517
4.120321
4.081297
4.086436
4.036848
4.049011
4.108591
4.059688
4.096532
4.138079
4.109322
4.143717
4.070007
4.122950
4.033701
4.063829
4.097711
4.060821
4.100460
4.116214
4.095623
4.136008
4.057999
4.151847
4.070600
4.143167
4.093593
4.062447
4.131418
4.090845
4.017781
4.093440
4.101332
4.098029
4.098879
4.126597
4.130102
4.011253
4.089882
4.135465
4.087802
4.038115
4.094487
4.072807
4.077560
4.082390
4.093464
4.075721
4.013540
4.135404
4.155900
4.104671
4.120283
4.092750
4.085942
4.010493
4.102499
4.137111
4.089460
4.065161
4.108437
4.100032
3.998446
4.048975
4.043843
4.000916
4.088553
4.105069
4.135268
4.059804
3.993006
4.044129
4.059720
4.114340
3.992915
4.108199
4.136638
4.089904
3.994946
4.105056
3.993228
3.992639
3.992050
4.095833
3.990874
4.094154
3.989921
3.997302
4.075470
3.988387
4.068395
4.102402
4.113554
4.097306
3.985918
4.071955
3.984963
3.984373
3.983783
3.983194
4.069363
4.114263
3.981503
3.980912
3.988247
3.979730
3.979139
3.978548
3.977957
4.025544
3.976996
3.976404
4.083031
3.975353
3.978197
3.974171
3.973579
4.070497
3.972433
4.081207
3.971360
3.970769
3.978069
3.969584
3.968993
4.031677
3.968025
3.967434
3.966842
3.966251
3.965660
4.104151
3.964298
3.964104
4.048953
3.963124
3.962533
3.961943
3.961352
3.960762
3.960172
3.959581
3.958991
3.961040
3.957825
3.957234
3.956644
3.956053
3.955463
3.954872
3.957768
3.953695
3.953104
3.952514
3.951924
3.951334
3.950745
3.950155
3.949565
3.948977
3.948393
3.947817
3.947241
3.946665
3.946089
3.945513
3.944937
3.944361
3.943785
3.943210
3.942634
3.942058
3.941482
3.940906
3.940330
3.939754
3.939178
3.938603
3.938916
3.937481
3.983457
3.936571
3.936004
3.935437
3.934870
3.934302
3.933735
3.933167
3.932600
3.932032
3.931464
3.930896
3.930328
3.929760
3.929206
3.928654
3.928102
4.024607
3.927005
3.926453
3.925902
3.925350
3.924915
3.924259
3.923707
3.923155
3.922603
3.922051
3.921499
3.920947
3.920395
3.919843
3.919291
3.918738
3.918186
3.917634
3.917082
3.916530
3.915978
3.915426
3.914873
3.914321
3.913769
3.913217
3.912664
3.912112
3.911559
3.911007
3.910454
3.909902
3.909349
3.908797
3.908244
4.043715
3.907295
3.906742
3.906188
3.905636
3.905082
3.904529
3.903976
3.903422
3.902869
3.902316
3.901754
3.901191
3.900628
3.900064
3.899501
3.898937
3.898374
3.897810
3.897247
3.896683
3.896119
3.895555
3.894992
3.894428
3.893864
3.893301
3.892737
3.892173
3.891610
3.891046
3.890482
3.889919
3.889355
3.888791
3.888227
3.887663
3.887099
3.886535
3.885972
3.885407
3.886265
3.884282
3.883718
3.883154
3.882590
3.882025
3.881461
3.880897
3.880332
3.879768
3.879204
3.878639
3.878075
3.877511
3.876946
3.876381
3.875817
3.875252
3.874688
3.874123
3.873559
3.872994
3.872429
3.871865
3.871300
3.870735
3.870170
3.869605
3.869040
3.868475
3.867910
3.867344
3.866778
3.866212
3.865646
3.865080
3.864514
3.863948
3.863381
3.862815
3.862249
3.861682
3.861116
3.860550
3.859984
3.859418
3.858852
3.858286
3.857719
3.857153
3.856586
3.856019
3.855453
3.854886
3.854319
3.853754
3.853201
3.852649
3.852096
3.851544
3.850991
3.850439
3.849886
3.849334
3.848781
3.848228
3.847675
3.847122
3.846570
3.846016
3.845464
3.844910
3.844357
3.843804
3.843251
3.842711
3.842176
3.841641
3.841107
3.840572
3.840037
3.839503
3.838968
3.838433
3.837898
3.837363
3.836828
3.836293
3.835758
3.835223
3.834688
3.834152
3.833617
3.833082
3.832547
3.832011
3.831476
3.830941
3.830405
3.829870
3.829334
3.828798
3.828263
3.827727
3.827191
3.826655
3.826119
3.825583
3.825047
3.824511
3.823975
3.823439
3.822903
3.822366
3.821830
3.821293
3.820757
3.820220
3.819684
3.819147
3.818610
3.818073
3.817536
3.816999
3.816462
3.815924
3.815387
