17.686031
17.617471
17.613402
17.770240
17.638140
17.650619
17.668289
17.721247
17.734998
17.690586
17.675829
17.629227
17.646675
17.681534
17.693170
17.738047
17.670266
17.650472
17.716112
17.654409
17.610056
17.704542
17.689099
17.605456
17.591118
17.762994
17.840461
17.617390
17.831790
17.662296
17.705583
17.780215
17.650009
17.629994
17.774280
17.832592
17.794724
17.727814
17.845350
17.724712
17.825555
17.706595
17.734573
17.739618
17.700583
17.804650
17.651289
17.693430
17.654811
17.826560
17.887518
17.689533
17.875358
17.777745
17.823216
18.065472
17.875773
17.917531
17.759175
17.827329
18.031797
17.829016
17.788048
17.861099
17.703386
17.891930
17.936277
17.660699
17.840253
17.852756
17.751185
17.698087
17.900910
17.860058
17.734105
17.944288
18.070986
17.801965
18.039933
17.964454
17.924149
18.060651
18.209775
17.996058
18.011010
18.078872
17.933894
18.175243
18.027107
18.013470
18.028109
17.982214
17.832288
17.904590
17.990364
18.061928
17.903758
17.962392
17.844047
18.047518
18.147361
18.063462
17.872438
18.186445
18.090279
18.038437
18.623133
18.054801
18.005537
18.126118
18.231250
18.160368
18.396077
18.247588
18.114864
18.271240
18.028276
18.131890
17.990342
18.239937
17.910026
18.235964
18.176808
18.070794
18.155546
18.323989
18.565436
18.285057
18.213622
18.281739
18.094559
18.298916
18.208811
18.115383
18.220125
18.194560
18.110383
18.218458
18.353187
18.307307
18.189859
18.233390
18.168561
18.350742
18.147570
18.267387
18.166772
18.104440
17.998902
18.192063
18.270980
18.212783
18.350742
18.146965
18.350742
18.229579
18.350742
18.315294
18.580547
18.165602
18.303919
18.310227
18.224156
18.197012
18.303056
18.200616
18.239781
18.335158
18.308548
18.140475
18.189134
18.129359
18.350722
18.168979
18.144968
18.310206
18.310206
18.228207
18.073677
18.318024
18.298596
18.230668
18.255934
18.310206
18.310206
18.297201
18.232292
18.310206
18.310206
18.310206
18.310206
18.310206
18.242710
18.310206
18.310206
18.310206
18.310206
18.310206
18.135933
18.206628
18.310206
18.310206
18.259170
18.243693
18.217188
18.310206
18.310206
18.310206
18.310206
18.310206
18.310206
18.310206
18.230944
18.310206
18.310206
18.294183
18.310206
18.310206
18.310206
18.310206
18.310206
18.228180
18.310206
18.175512
18.232572
18.310206
18.310206
18.310206
18.310206
18.067404
18.307083
18.310206
18.310206
18.310206
18.310206
18.310206
18.310206
18.232799
18.200854
18.310206
18.310206
18.310206
18.310206
18.310206
18.580656
18.310206
18.260685
18.310206
18.310206
18.262409
18.310206
18.310206
18.260242
18.075526
18.310206
18.310206
18.310206
18.310206
18.310206
18.310206
18.310206
18.310206
18.310206
18.310206
18.310206
18.310206
18.310206
18.310206
18.310206
18.310206
18.310206
18.310206
18.310206
18.310206
18.352539
18.352539
18.352539
18.352539
18.352539
18.352539
18.352539
18.352539
18.352539
18.352539
18.352539
18.352539
18.352539
18.352539
18.352539
18.352539
18.352539
18.199101
18.352539
18.352539
18.352539
18.352539
18.066659
18.352539
18.352539
18.352539
18.352539
18.352539
18.352539
18.352539
18.352539
18.352539
18.352539
18.352539
18.310206
18.310206
18.310206
18.310206
18.310206
18.310206
18.310206
18.310206
18.310206
18.310206
18.348999
18.310206
18.310206
18.310206
18.310206
18.310206
18.310206
18.310206
18.310206
18.310206
18.310206
18.310206
18.310206
18.310206
18.310206
18.310206
18.310206
18.310206
18.310206
18.310206
18.310206
18.310206
18.310206
18.310206
18.310206
18.310206
18.310206
18.310206
18.310206
18.310206
18.310206
18.310206
18.310206
18.252536
18.310206
18.310206
18.310206
18.310206
18.310206
18.310206
18.310206
18.310206
18.310206
18.310206
18.310206
18.310206
18.310206
18.310206
18.310206
18.310206
18.310206
18.310206
18.310206
18.310206
18.310206
18.310206
18.310206
18.310206
18.310206
18.310206
18.310206
18.310206
18.310206
18.310206
18.310206
18.310206
18.310206
18.310206
18.310206
18.310206
18.310206
18.310206
18.310206
18.310206
18.310206
18.310206
18.310206
18.310206
18.310206
