0.261469
0.273376
0.275764
0.262630
0.249323
0.257564
0.278454
0.250027
0.252447
0.236835
0.242950
0.247597
0.243130
0.224895
0.226393
0.237503
0.225432
0.232273
0.346034
0.230083
0.232592
0.231020
0.211873
0.210225
0.223088
0.218874
0.217583
0.213098
0.205116
0.183393
0.290103
0.202923
0.207326
0.208935
0.217650
0.206397
0.199567
0.599368
0.198308
0.193613
0.221232
0.186613
0.190624
0.189533
0.203002
0.183610
0.186842
0.566885
0.262576
0.181570
0.177116
0.418921
0.164944
0.175518
0.182844
0.554437
0.163215
0.189449
0.321839
0.560883
0.424240
0.162356
0.162735
0.571052
0.172678
0.564636
0.152340
0.568072
0.157001
0.561956
0.551669
0.182225
0.152181
0.156901
0.193001
0.504254
0.551808
0.555541
0.417606
0.550655
0.184055
0.138780
0.143839
0.544505
0.519930
0.499853
0.174199
0.310266
0.465483
0.164953
0.172999
0.215232
0.145756
0.546304
0.558760
0.534357
0.528567
0.565556
0.562474
0.527988
0.443121
0.521260
0.467789
0.164066
0.232715
0.562770
0.198912
0.552627
0.501730
0.534501
0.532305
0.558231
0.529815
0.505758
0.538572
0.563466
0.432939
0.202638
0.422815
0.530367
0.530827
0.538789
0.542412
0.528687
0.560964
0.531908
0.529484
0.532071
0.534749
0.549441
0.531985
0.503530
0.568530
0.561466
0.524300
0.541246
0.561963
0.526938
0.546297
0.508977
0.541922
0.548253
0.545890
0.541954
0.542249
0.548324
0.552868
0.174673
0.546531
0.551936
0.543620
0.547874
0.549499
0.558963
0.176276
0.551665
0.551704
0.553040
0.543403
0.557652
0.567696
0.557223
0.557248
0.184095
0.560948
0.584605
0.567788
0.563285
0.562218
0.569523
0.564081
0.156248
0.560768
0.568019
0.562563
0.569239
0.482321
0.572290
0.572933
0.575338
0.575559
0.576865
0.578171
0.596223
0.578455
0.579735
0.581657
0.585356
0.588615
0.584009
0.578682
0.596513
0.579575
0.580829
0.599543
0.604524
0.581028
0.582281
0.584730
0.585872
0.586024
0.587862
0.588477
0.143259
0.593327
0.594552
0.598394
0.561422
0.595936
0.196304
0.598444
0.587671
0.596098
0.609201
0.597556
0.598169
0.125454
0.602710
0.603896
0.606277
0.607786
0.606825
0.605864
0.604903
0.603942
0.602937
0.601976
0.601014
0.600052
0.599089
0.596786
0.632071
0.598159
0.597197
0.596234
0.595296
0.594358
0.594565
0.592517
0.592127
0.590690
0.589801
0.588822
0.587933
0.587043
0.586154
0.587022
0.586342
0.585452
0.584562
0.583672
0.582781
0.581890
0.580999
0.580108
0.579217
0.578325
0.577434
0.575591
0.577767
0.576875
0.576008
0.575141
0.574274
0.573406
0.572538
0.571670
0.570801
0.570058
0.569214
0.568371
0.591107
0.566136
0.568186
0.563423
0.566542
0.565698
0.564854
0.564010
0.563191
0.562371
0.561551
0.560097
0.561988
0.561168
0.560373
0.559578
0.558808
0.558062
0.557342
0.556634
0.555913
0.555192
0.554497
0.553801
0.553129
0.552458
0.551907
0.551115
0.551363
0.551729
0.551083
0.550436
0.549790
0.549168
0.548547
0.547925
0.547303
0.546706
0.546109
0.545512
0.544915
0.544318
0.543771
0.543225
0.542703
0.542181
0.541659
0.541163
0.540666
0.540169
0.539697
0.539226
0.544240
0.540027
0.539556
0.539084
0.538612
0.538140
0.537668
0.537221
0.536775
0.536328
0.535880
0.535458
0.535036
0.534614
0.534192
0.533770
0.533347
0.532925
0.532503
0.532080
0.531683
0.531286
0.530914
0.530542
0.530169
0.529797
0.529425
0.529052
0.528680
0.528307
0.527935
0.527563
0.527309
0.526843
0.526495
0.526148
0.525826
0.525529
0.525232
0.524935
0.524638
0.524341
0.524044
0.523747
0.523450
0.523153
0.522881
0.522609
0.522337
0.522065
0.521794
0.521547
