4.245503
4.261606
4.236137
4.276959
4.253076
4.249629
4.233122
4.254394
4.234183
4.250387
4.246226
4.208803
4.256725
4.227348
4.249158
4.244093
4.235715
4.245803
4.243186
4.241892
4.242103
4.234120
4.245612
4.238235
4.254479
4.212114
4.230492
4.236771
4.217326
4.219559
4.218918
4.222878
4.226854
4.228131
4.227398
4.234841
4.230362
4.226037
4.230042
4.233636
4.221561
4.228089
4.217181
4.225956
4.242268
4.190803
4.224152
4.241894
4.238380
4.234007
4.221579
4.211358
4.221307
4.202824
4.219935
4.182159
4.169685
4.208198
4.200908
4.202169
4.170681
4.204962
4.203775
4.207758
4.204522
4.216551
4.213233
4.173082
4.206234
4.220876
4.216219
4.229121
4.228643
4.201807
4.139206
4.148661
4.195024
4.178643
4.176565
4.156718
4.209797
4.185787
4.193455
4.181005
4.194431
4.176739
4.142629
4.192134
4.199108
4.167900
4.185001
4.156821
4.214847
4.199029
4.125564
4.179698
4.186155
4.200507
4.218381
4.141844
4.164363
4.162887
4.180512
4.139732
4.130117
4.151573
4.165624
4.212986
4.092868
4.156240
4.224560
4.186428
4.194765
4.170426
4.175970
4.171966
4.163249
4.165964
4.206772
4.156410
4.199149
4.190423
4.135473
4.179745
4.184086
4.157487
4.195939
4.170160
4.158311
4.197931
4.199808
4.098178
4.162640
4.210252
4.204371
4.089251
4.090305
4.183107
4.130481
4.197186
4.178393
4.147439
4.199163
4.158195
4.086436
4.201300
4.187985
4.143852
4.182843
4.088206
4.162080
4.201093
4.086910
4.187565
4.086100
4.196098
4.185345
4.136140
4.150399
4.084574
4.081423
4.149005
4.085185
4.083294
4.148365
4.132999
4.174590
4.166477
4.183147
4.078434
4.078027
4.080564
4.187988
4.151885
4.174974
4.145252
4.179164
4.147604
4.186775
4.076514
4.077487
4.074323
4.155200
4.073612
4.082996
4.074305
4.072389
4.176353
4.071617
4.177641
4.070876
4.119700
4.176476
4.069854
4.155843
4.126603
4.084159
4.068422
4.068015
4.183621
4.067242
4.137049
4.066592
4.175857
4.136127
4.065542
4.065134
4.176680
4.182274
4.064080
4.146451
4.063362
4.062969
4.168106
4.062267
4.061873
4.061480
4.098942
4.060872
4.060478
4.172991
4.102484
4.059532
4.059138
4.171443
4.058437
4.058043
4.057650
4.057256
4.056861
4.056468
4.056074
4.058851
4.112727
4.055031
4.174857
4.054276
4.053881
4.053487
4.053093
4.052699
4.052305
4.051911
4.051517
4.102308
4.050866
4.050472
4.051518
4.158514
4.049304
4.048910
4.048516
4.048121
4.167186
4.055772
4.046989
4.046595
4.046200
4.045806
4.045412
4.045017
4.044623
4.044229
4.043834
4.043439
4.043045
4.042651
4.042256
4.041862
4.041468
4.041073
4.040679
4.040284
4.039889
4.039495
4.039100
4.038705
4.038310
4.037915
4.037520
4.037126
4.036731
4.108909
4.135216
4.035740
4.035345
4.034950
4.034555
4.034160
4.033765
4.033370
4.032975
4.032580
4.032185
4.031790
4.031395
4.031000
4.030605
4.030210
4.095625
4.029570
4.029174
4.028780
4.028384
4.027989
4.027594
4.027199
4.026804
4.026409
4.026014
4.025619
4.025224
4.024828
4.024433
4.024038
4.023643
4.023247
4.022852
4.022457
4.022061
4.021666
4.021271
4.020875
4.020480
4.020085
4.019689
4.019294
4.018898
4.018503
4.018108
4.017712
4.017317
4.016922
4.016526
4.016130
4.015735
4.015339
4.014944
4.014548
4.014153
4.013757
4.013362
4.012966
4.012570
4.012175
4.011779
4.011383
4.010987
4.010591
4.010195
4.009799
4.009403
4.009007
4.008611
4.008215
4.007820
4.007423
4.007028
4.006632
4.006236
4.005840
4.005444
4.005048
4.004652
4.004256
4.003860
4.003465
4.003069
4.002673
4.002277
4.001882
4.001486
4.001091
4.000696
4.000301
3.999906
3.999523
3.999139
3.998755
3.998372
3.997988
3.997605
3.997221
3.996837
3.996453
3.996069
3.995686
3.995302
3.994918
3.994533
3.994147
3.993762
3.993376
3.992991
3.992605
3.992220
3.991834
3.991449
3.991063
3.990677
