0.428126
0.437660
0.426047
0.435463
0.427403
0.427052
0.425940
0.432078
0.416755
0.427229
0.426651
0.434991
0.436679
0.430930
0.430156
0.439899
0.425163
0.442486
0.432274
0.423406
0.419889
0.417321
0.430745
0.425258
0.439808
0.443853
0.441172
0.444548
0.440845
0.444906
0.441061
0.430250
0.443082
0.435320
0.436931
0.435056
0.424421
0.440360
0.429588
0.438323
0.441124
0.444162
0.448197
0.431777
0.439336
0.422364
0.440439
0.440970
0.438662
0.438528
0.447881
0.450577
0.453421
0.439636
0.440522
0.444346
0.473838
0.440815
0.456612
0.442696
0.456069
0.454062
0.461685
0.452054
0.458015
0.450015
0.447071
0.444612
0.460215
0.456622
0.456674
0.443952
0.451210
0.446061
0.440633
0.438519
0.466892
0.432369
0.463712
0.421548
0.455948
0.422558
0.453642
0.450996
0.438535
0.454553
0.432579
0.454430
0.461572
0.419655
0.429179
0.454598
0.457474
0.455647
0.450773
0.461386
0.430489
0.465056
0.465799
0.436181
0.402306
0.444385
0.458555
0.430639
0.434338
0.463353
0.432929
0.415914
0.442729
0.471260
0.444187
0.290205
0.426123
0.473610
0.389486
0.439214
0.446625
0.446458
0.453188
0.418067
0.369207
0.437792
0.351573
0.452750
0.450612
0.428384
0.351969
0.451319
0.420771
0.472238
0.293458
0.434450
0.417653
0.412928
0.425779
0.376721
0.426782
0.304968
0.426266
0.291164
0.417614
0.429975
0.418257
0.454770
0.413924
0.425660
0.414910
0.417577
0.445917
0.422724
0.380785
0.285616
0.353396
0.374871
0.428527
0.289392
0.425382
0.281429
0.346691
0.324024
0.408984
0.422465
0.288438
0.288641
0.417594
0.369660
0.287696
0.286880
0.291341
0.422170
0.287459
0.287241
0.449552
0.411701
0.281617
0.363586
0.303242
0.281979
0.305241
0.420785
0.307194
0.470920
0.370837
0.415822
0.465404
0.339660
0.283885
0.313981
0.465385
0.284154
0.426502
0.284857
0.283577
0.451965
0.358192
0.402212
0.282599
0.281885
0.335512
0.282282
0.282064
0.281053
0.281628
0.281410
0.281192
0.279709
0.280833
0.397587
0.280387
0.353193
0.279666
0.279776
0.279033
0.279340
0.405582
0.278973
0.380910
0.278597
0.278379
0.277354
0.277943
0.289838
0.308691
0.277317
0.277098
0.276880
0.276662
0.276443
0.276225
0.397811
0.275854
0.275635
0.271613
0.275210
0.274992
0.408787
0.274634
0.274415
0.274197
0.273978
0.272977
0.273542
0.273323
0.273104
0.272885
0.272667
0.272448
0.271409
0.272011
0.271792
0.271574
0.271356
0.271137
0.270919
0.270700
0.270482
0.270264
0.270045
0.269827
0.269608
0.269389
0.269171
0.268952
0.268734
0.268515
0.338124
0.268122
0.267903
0.326930
0.267502
0.267283
0.267065
0.266846
0.273247
0.266413
0.266195
0.265976
0.265757
0.265538
0.265319
0.265100
0.264882
0.264663
0.264444
0.264225
0.264006
0.263787
0.263568
0.262924
0.263130
0.262910
0.262689
0.262469
0.262249
0.262028
0.261808
0.395874
0.261442
0.261222
0.261002
0.260781
0.260561
0.260341
0.260120
0.259900
0.259679
0.259459
0.259239
0.259018
0.258798
0.257790
0.258357
0.258137
0.257916
0.257696
0.257475
0.257255
0.257035
0.256814
0.256594
0.256373
0.256153
0.255933
0.255712
0.255492
0.255271
0.255051
0.254831
0.254610
0.254390
0.254169
0.253949
0.253728
0.253508
0.253287
0.253067
0.252846
0.252625
0.252405
0.252184
0.251963
0.251742
0.251521
0.251300
0.251079
0.250858
0.250637
0.250416
0.250195
0.249974
0.249752
0.249531
0.249310
0.249088
0.248867
0.248646
0.248424
0.248203
0.247981
0.247760
0.247539
0.247317
0.247096
0.246875
0.246654
0.246432
0.246211
0.245990
0.245768
0.245547
0.245325
0.245104
0.244882
0.244661
0.244439
0.244218
0.243996
0.243774
0.243553
0.243331
0.243110
0.242887
0.242665
0.242442
0.242220
0.241998
0.241775
0.241552
0.241330
0.241107
0.240885
0.240662
0.240439
0.240216
0.239994
0.239771
0.239548
