0.423357
0.421010
0.438467
0.434587
0.430768
0.436703
0.432716
0.438476
0.435447
0.425608
0.431289
0.443135
0.423916
0.422362
0.417100
0.441382
0.432169
0.418485
0.429378
0.435928
0.416610
0.413391
0.421849
0.414405
0.440662
0.443899
0.440898
0.437060
0.451884
0.446452
0.354194
0.392341
0.424614
0.448257
0.451660
0.457558
0.435127
0.447034
0.430585
0.444630
0.443658
0.402815
0.428604
0.438304
0.444335
0.379952
0.445977
0.419275
0.442977
0.442060
0.386320
0.446682
0.392401
0.333915
0.457819
0.454355
0.450434
0.454009
0.450066
0.361997
0.394195
0.461992
0.432836
0.433699
0.392050
0.454035
0.362526
0.414223
0.455449
0.447038
0.382168
0.433140
0.466845
0.432089
0.435622
0.404478
0.457219
0.456947
0.368702
0.408501
0.407516
0.238557
0.404936
0.292343
0.461277
0.371534
0.452820
0.440718
0.447564
0.231919
0.447533
0.420884
0.455626
0.376651
0.439100
0.263883
0.420574
0.379311
0.415523
0.301215
0.377623
0.299717
0.274812
0.446392
0.277841
0.437265
0.352262
0.432426
0.421979
0.269236
0.273472
0.238218
0.436045
0.386978
0.366903
0.362550
0.278215
0.385847
0.385177
0.369230
0.432219
0.376106
0.415308
0.214338
0.364672
0.413097
0.226340
0.387728
0.213926
0.353121
0.221605
0.288238
0.285043
0.138629
0.340332
0.205050
0.427034
0.282038
0.426294
0.429117
0.252357
0.244006
0.375379
0.469756
0.466298
0.124307
0.230501
0.334979
0.284313
0.320347
0.266832
0.155554
0.369196
0.118490
0.394681
0.274992
0.185465
0.223405
0.229632
0.393366
0.382435
0.392000
0.193509
0.394257
0.393058
0.306814
0.163473
0.057729
0.178848
0.393055
0.393375
0.392505
0.122162
0.391231
0.407886
0.154085
0.391809
0.392392
0.306445
0.393038
0.391220
0.203252
0.392889
0.432280
0.392704
0.118426
0.118864
0.393576
0.271425
0.392961
0.392873
0.392784
0.392695
0.392606
0.056186
0.392899
0.391422
0.392592
0.392634
0.063174
0.392909
0.290217
0.392782
0.392692
0.392604
0.392515
0.392427
0.107029
0.392631
0.392543
0.392454
0.211674
0.392367
0.392279
0.056052
0.055785
0.395239
0.395147
0.247210
0.395034
0.394942
0.201997
0.062771
0.274991
0.081430
0.061800
0.061661
0.061220
0.060875
0.169328
0.060381
0.224767
0.059987
0.059813
0.059204
0.058812
0.144674
0.058273
0.057746
0.399025
0.398937
0.398849
0.398761
0.398673
0.398585
0.398496
0.398408
0.398320
0.398232
0.398144
0.079341
0.398371
0.398283
0.398195
0.398106
0.398018
0.397930
0.397842
0.395740
0.397666
0.397577
0.397489
0.397401
0.397313
0.397225
0.397136
0.397048
0.059790
0.397334
0.397247
0.397158
0.397070
0.396982
0.396894
0.396806
0.396718
0.395554
0.396541
0.396452
0.396364
0.396276
0.396188
0.396100
0.396011
0.395923
0.395835
0.395747
0.395661
0.395575
0.395489
0.395402
0.395316
0.395230
0.395144
0.395057
0.394971
0.394885
0.394798
0.394712
0.394626
0.394539
0.394453
0.394368
0.394282
0.394196
0.394109
0.394023
0.393937
0.393850
0.393764
0.393678
0.393589
0.393503
0.393416
0.393330
0.393243
0.393157
0.393071
0.392984
0.392898
0.392811
0.392725
0.369804
0.392557
0.392471
0.392384
0.392298
0.392212
0.392126
0.392039
0.391953
0.391867
0.391781
0.391694
0.391606
0.391520
0.391436
0.391352
0.391267
0.391183
0.391099
0.391014
0.390930
0.390846
0.390761
0.390677
0.390593
0.390508
0.390424
0.390339
0.390255
0.390171
0.390086
0.390002
0.389918
0.389833
0.389749
0.389665
0.389580
0.389496
0.389412
0.389327
0.389243
0.389159
0.389074
0.388990
0.388906
0.388821
0.388737
0.388653
0.388565
0.388481
0.388397
0.388312
0.388228
0.388143
0.388059
0.387975
0.387890
0.387806
0.387721
0.387637
0.387552
0.387468
0.387384
0.387299
0.387215
0.387130
0.387046
0.386961
0.386877
0.386794
0.386711
0.386629
0.386546
0.386464
0.386381
