0.729800
0.738281
0.709724
0.711505
0.692589
0.702862
0.710557
0.733705
0.687486
0.701167
0.683691
0.676818
0.563892
0.686718
0.649055
0.632866
0.604581
0.620881
0.665345
0.609453
0.690743
0.658542
0.606927
0.637766
0.585579
0.578691
0.556194
0.544128
0.551802
0.546785
0.541451
0.519005
0.615862
0.517700
0.830679
0.522555
0.525177
0.524429
0.616530
0.510643
0.492162
0.508796
0.500924
0.482370
0.498517
0.490417
0.695693
0.486645
0.576310
0.459861
0.710353
0.461661
0.665728
0.759537
0.813356
0.453458
0.454920
0.528616
0.619904
0.618977
0.769272
0.690897
0.439708
0.453900
0.430968
0.448593
0.780970
0.410686
0.595027
0.548417
0.504126
0.605624
0.721106
0.428578
0.713884
0.515496
0.420951
0.566038
0.459667
0.400785
0.539979
0.543381
0.393833
0.474244
0.543597
0.544950
0.537839
0.382237
0.722828
0.382774
0.633010
0.382680
0.380025
0.519384
0.374714
0.351300
0.524543
0.690694
0.517196
0.539866
0.511912
0.356905
0.671726
0.554832
0.676938
0.502133
0.496822
0.495670
0.493122
0.329738
0.513590
0.314915
0.465191
0.439912
0.478033
0.402377
0.473338
0.477187
0.472333
0.466274
0.466496
0.383526
0.633007
0.533865
0.411758
0.442588
0.299119
0.430139
0.626162
0.292814
0.446844
0.274920
0.431091
0.435126
0.583680
0.434094
0.431425
0.421917
0.274827
0.579732
0.423258
0.421055
0.420649
0.420343
0.416151
0.414072
0.404043
0.412394
0.414787
0.401089
0.409255
0.408397
0.410608
0.405832
0.405690
0.404638
0.403187
0.403895
0.406049
0.401306
0.400697
0.400378
0.400059
0.398123
0.398163
0.399316
0.334102
0.384885
0.395460
0.395229
0.232231
0.394376
0.396128
0.393829
0.393144
0.392943
0.393570
0.390199
0.390027
0.389855
0.389698
0.389526
0.389354
0.380265
0.388923
0.544247
0.378377
0.388739
0.386226
0.386113
0.386000
0.385607
0.385495
0.385558
0.385445
0.385332
0.385220
0.385107
0.368195
0.384969
0.384857
0.384744
0.384631
0.384518
0.384405
0.384293
0.384180
0.384067
0.383980
0.383898
0.373018
0.383763
0.383651
0.383569
0.383860
0.383198
0.383130
0.383048
0.382966
0.387641
0.380923
0.380899
0.380875
0.380851
0.380715
0.380691
0.380668
0.380644
0.380621
0.380597
0.380574
0.380550
0.380527
0.380503
0.380405
0.380382
0.380358
0.380335
0.380311
0.380288
0.380264
0.380241
0.380217
0.380193
0.380170
0.380147
0.380123
0.371339
0.380200
0.380147
0.380094
0.380041
0.379988
0.379935
0.379882
0.379858
0.379835
0.379782
0.379758
0.379705
0.379681
0.379628
0.379604
0.379580
0.379527
0.379504
0.379451
0.379427
0.379374
0.379350
0.379327
0.379273
0.379250
0.379197
0.379173
0.379120
0.379096
0.379073
0.379019
0.378996
0.378943
0.378919
0.378896
0.378843
0.378819
0.378766
0.378742
0.378689
0.378666
0.378642
0.378589
0.378565
0.378512
0.378488
0.378435
0.378411
0.378387
0.378334
0.378310
0.378257
0.378233
0.378209
0.378155
0.378131
0.378078
0.378054
0.378001
0.377977
0.377953
0.377899
0.377876
0.377822
0.377609
0.377585
0.377561
0.377537
0.377513
0.377489
0.377465
0.377441
0.377418
0.377394
0.377370
0.377346
0.377322
0.377298
0.377274
0.377251
0.377227
0.377203
0.377150
0.377126
0.377073
0.377049
0.377025
0.376972
0.376949
0.376896
0.376792
0.376769
0.376745
0.376721
0.376698
0.376674
0.376651
0.376627
0.376575
0.376551
0.376498
0.376474
0.376451
0.376398
