0.577049
0.568969
0.559096
0.567720
0.552736
0.566230
0.521606
0.561430
0.557554
0.550291
0.531536
0.559133
0.566641
0.522747
0.551545
0.554963
0.538560
0.541933
0.551705
0.570267
0.570995
0.556841
0.535660
0.523907
0.529532
0.569284
0.561328
0.564367
0.560620
0.577192
0.566361
0.571144
0.574014
0.521985
0.555453
0.526183
0.573146
0.572515
0.568649
0.567817
0.571868
0.576608
0.524279
0.590827
0.557117
0.557172
0.564374
0.541508
0.574592
0.571306
0.558526
0.577551
0.573086
0.573679
0.548087
0.530260
0.538755
0.560547
0.523260
0.533139
0.532284
0.531215
0.530171
0.588176
0.545113
0.543493
0.574315
0.560630
0.563513
0.576395
0.558108
0.525290
0.561663
0.576306
0.562922
0.540779
0.551618
0.575825
0.595344
0.547092
0.544202
0.531147
0.587811
0.544842
0.552904
0.510608
0.553580
0.554023
0.534940
0.540416
0.548346
0.554815
0.531222
0.547080
0.538355
0.543183
0.541041
0.533952
0.529855
0.529715
0.557714
0.550131
0.519044
0.546476
0.555348
0.533875
0.532900
0.581200
0.551046
0.580273
0.532508
0.585227
0.510048
0.529029
0.526189
0.521261
0.543583
0.596252
0.558548
0.545002
0.584360
0.551235
0.519228
0.547514
0.540714
0.538022
0.543297
0.506855
0.516831
0.584128
0.515934
0.516073
0.519089
0.516580
0.547393
0.556583
0.532612
0.517138
0.544132
0.539912
0.538174
0.543236
0.544815
0.523945
0.524999
0.507786
0.549920
0.505668
0.507606
0.542383
0.508361
0.526582
0.519299
0.507794
0.540057
0.505878
0.508256
0.544971
0.506735
0.522262
0.537940
0.506316
0.503777
0.545420
0.503782
0.505569
0.542907
0.538338
0.542740
0.514012
0.522733
0.503217
0.504301
0.543003
0.503918
0.528317
0.542036
0.503368
0.501102
0.502988
0.501404
0.502603
0.516112
0.502228
0.517264
0.507837
0.501681
0.501469
0.501279
0.493205
0.538424
0.500987
0.500615
0.513163
0.500144
0.496913
0.537171
0.499595
0.499833
0.499223
0.499037
0.498852
0.521445
0.498838
0.498648
0.498458
0.498268
0.498078
0.497888
0.497698
0.497508
0.497318
0.497128
0.496938
0.511414
0.493277
0.496376
0.495421
0.509350
0.495816
0.495625
0.495435
0.493334
0.512115
0.494872
0.494681
0.531722
0.502906
0.494126
0.493936
0.493745
0.493555
0.493364
0.493174
0.492983
0.492793
0.492602
0.492412
0.492221
0.492030
0.491840
0.491649
0.491459
0.491268
0.491077
0.490887
0.490696
0.490505
0.490314
0.490127
0.489940
0.489754
0.499970
0.530232
0.489210
0.489024
0.488838
0.488652
0.488466
0.488279
0.488093
0.487907
0.487721
0.485840
0.487348
0.487162
0.486976
0.486790
0.486605
0.486419
0.486233
0.486047
0.485862
0.485676
0.485490
0.485305
0.485119
0.484934
0.484748
0.484563
0.484377
0.484192
0.484006
0.483821
0.483635
0.480219
0.483263
0.483078
0.482892
0.482707
0.482522
0.482336
0.482151
0.481966
0.481780
0.481595
0.481409
0.481224
0.481038
0.479310
0.480667
0.480482
0.480296
0.480111
0.479925
0.479742
0.479562
0.479381
0.479200
0.479020
0.478839
0.478659
0.478479
0.478299
0.478118
0.477938
0.477758
0.477578
0.477398
0.477218
0.477038
0.476858
0.476678
0.476498
0.476318
0.476138
0.475958
0.475778
0.475598
0.475418
0.475238
0.475058
0.474878
0.474698
0.474518
0.474338
0.474158
0.473978
0.473798
0.473618
0.473438
0.473259
0.473079
0.472899
0.472719
0.472539
0.472359
0.472179
0.471999
0.471819
0.471638
0.471458
0.471278
0.471098
