17.623226
17.590884
17.761970
17.654554
17.688340
17.737990
17.651125
17.629135
17.724324
17.735695
17.681250
17.721192
17.633775
17.679968
17.690522
17.663978
17.729672
17.563096
17.752114
17.769549
17.659313
17.766605
17.584970
17.694177
17.666109
17.669871
17.764146
17.640813
17.692278
17.725262
17.802896
17.766976
17.676416
17.748481
17.659936
17.869929
17.666145
17.695622
17.667601
17.619110
17.805061
17.680170
17.694378
17.770464
17.765665
17.659543
17.745717
17.790972
17.745807
17.585679
17.846160
17.897821
17.919781
17.814829
17.805440
17.731289
17.948586
17.670792
17.844610
17.891475
17.875529
17.858809
17.974225
18.030029
17.959970
17.837314
17.934610
17.955731
17.742670
17.780035
17.711283
17.820659
17.694971
17.917181
17.859111
18.096934
18.115893
17.945844
18.059679
18.057668
17.938500
17.935647
17.973079
17.836077
17.721233
17.965803
17.837658
17.966260
17.919837
17.932815
17.754218
18.015394
17.941292
17.822215
17.852352
18.032760
17.896794
18.056737
18.014359
18.030711
18.069027
18.017827
18.216829
18.101381
18.206473
18.112013
18.050753
18.159560
18.200080
18.093448
18.148139
18.163457
18.415509
18.225933
17.988200
18.251810
17.970086
18.146524
17.838247
18.109451
18.210287
18.000612
18.034378
17.938618
17.939484
18.581224
18.141207
18.061312
18.054902
18.249971
18.224793
18.071753
18.116429
18.012614
18.124186
18.202342
18.076430
17.901688
18.204391
18.198286
17.995346
17.994886
18.050406
18.225389
18.136509
18.146864
18.130263
18.211791
18.003341
18.061994
18.068762
18.194376
18.126960
18.134404
18.146412
18.277245
18.155201
18.310251
18.054182
18.122824
18.255050
18.194376
18.182630
18.096150
18.196501
18.067337
18.083432
18.150817
18.194376
18.202193
18.123731
18.023773
18.255784
18.194376
18.040490
18.194376
18.194376
18.128950
18.203636
18.194692
18.194376
18.194692
18.125877
18.122933
18.194376
18.194376
18.194376
18.188933
18.295269
18.263601
18.126895
18.194376
18.194376
18.194376
18.126830
18.124386
18.129611
18.233312
18.194376
18.129992
18.194376
18.128133
18.194376
18.194376
18.202193
18.129469
18.194376
18.194376
18.145374
18.449375
18.004065
18.194376
18.133464
18.194376
18.194376
18.194376
18.194376
18.192305
18.057317
18.194376
18.194376
18.194376
18.194376
18.194376
18.194376
18.194376
18.194376
18.194376
18.194376
18.144996
18.194376
18.194376
18.194376
18.194376
18.194376
18.194376
18.125597
18.194376
18.194376
18.194376
18.133009
18.194376
18.125274
18.194376
18.194376
18.194376
18.194376
18.194376
18.194376
18.281319
18.194376
18.194376
18.194376
18.194376
18.194376
18.194376
18.194376
18.194376
18.194376
18.194376
18.194376
18.318159
18.342247
18.194376
18.194376
18.194376
18.194376
18.166975
18.194376
18.194376
18.194376
18.194376
18.582704
18.194376
18.194376
18.194376
18.194376
18.194376
18.194376
18.194376
18.194376
18.194376
18.194376
18.194376
18.194376
18.194376
18.194376
18.194376
18.194376
18.194376
18.194376
18.194376
18.194376
18.194376
18.194376
18.194376
18.194376
18.194376
18.194376
18.194376
18.194376
18.194376
18.194376
18.194376
18.194376
18.194376
18.194376
18.194376
18.194376
18.194376
18.194376
18.194376
18.194376
18.194376
18.194376
18.194376
18.194376
18.194376
18.194376
18.194376
18.194376
18.194376
18.194376
18.194376
18.194376
18.194376
18.194376
18.194376
18.194376
18.194376
18.194376
18.194376
18.194376
18.194376
18.194376
18.194376
18.194376
18.194376
18.194376
18.194376
18.194376
18.194376
18.194376
18.194376
18.194376
18.194376
18.194376
18.194376
18.194376
18.194376
18.194376
18.194376
18.194376
18.194376
18.194376
18.194376
18.194376
18.194376
18.194376
18.194376
18.194376
18.194376
18.194376
18.194376
18.194376
18.194376
18.194376
18.194376
18.194376
18.194376
18.194376
18.194376
18.194376
