0.398416
0.367030
0.394790
0.390761
0.381574
0.378034
0.362235
0.403753
0.369707
0.350164
0.373557
0.354546
0.354525
0.357683
0.346389
0.342104
0.348315
0.353859
0.356884
0.349981
0.318699
0.324809
0.351303
0.330494
0.337107
0.322254
0.335270
0.328939
0.330859
0.345003
0.316396
0.309535
0.326993
0.331047
0.322179
0.342563
0.331218
0.306727
0.306599
0.333647
0.313075
0.324340
0.333921
0.310404
0.308662
0.313656
0.297917
0.293419
0.301087
0.291215
0.314684
0.298011
0.308812
0.297531
0.287168
0.300637
0.301781
0.340318
0.316119
0.306878
0.292419
0.284623
0.284711
0.314069
0.380514
0.324958
0.297662
0.268862
0.292923
0.272216
0.282571
0.268586
0.271077
0.258145
0.265661
0.300219
0.264058
0.289317
0.299013
0.271631
0.278290
0.307152
0.307579
0.304345
0.294631
0.307270
0.297143
0.305655
0.310308
0.301125
0.253139
0.261749
0.303083
0.289901
0.247463
0.258553
0.291698
0.245059
0.290917
0.284076
0.246430
0.309918
0.303435
0.301186
0.300061
0.300243
0.306725
0.301475
0.286843
0.299757
0.296673
0.234576
0.299877
0.297995
0.292325
0.298585
0.225120
0.314994
0.235308
0.296087
0.312675
0.238348
0.331265
0.285763
0.330168
0.328185
0.317729
0.306706
0.302034
0.295104
0.227032
0.339146
0.306993
0.247465
0.237615
0.306586
0.315333
0.222174
0.310243
0.348888
0.292757
0.299724
0.291679
0.320667
0.331407
0.294765
0.253525
0.333875
0.314475
0.331503
0.325922
0.308116
0.217472
0.321258
0.312110
0.322274
0.261451
0.306350
0.319058
0.321335
0.305794
0.314567
0.314622
0.316566
0.314243
0.314392
0.305036
0.315687
0.314988
0.318477
0.315653
0.312034
0.305120
0.316584
0.311778
0.284897
0.311009
0.323149
0.328448
0.323815
0.323689
0.323425
0.323282
0.323128
0.306886
0.320832
0.323943
0.322904
0.326309
0.320019
0.322010
0.311478
0.321326
0.321023
0.311953
0.320751
0.320738
0.321787
0.321455
0.311879
0.322580
0.322228
0.321296
0.320170
0.319612
0.317204
0.281046
0.319788
0.319435
0.319089
0.318743
0.318398
0.318052
0.317706
0.316273
0.317015
0.315242
0.315237
0.315973
0.315622
0.315283
0.314956
0.314634
0.314313
0.313991
0.313669
0.313347
0.313026
0.312704
0.312382
0.311987
0.311656
0.311324
0.310992
0.310660
0.310328
0.309996
0.309664
0.307186
0.309001
0.308669
0.308337
0.321513
0.311457
0.311113
0.310760
0.310407
0.310054
0.309701
0.306540
0.308997
0.308644
0.308160
0.307796
0.307432
0.307068
0.306704
0.306340
0.305976
0.307519
0.305264
0.304936
0.304607
0.304278
0.303949
0.303621
0.303292
0.302963
0.301486
0.302311
0.302000
0.303366
0.301121
0.300799
0.300477
0.300155
0.299833
0.299511
0.299189
0.298867
0.298545
0.298223
0.297901
0.297579
0.295979
0.296953
0.296631
0.296309
0.295987
0.295673
0.295011
0.294702
0.294403
0.294104
0.293805
0.293507
0.293208
0.292909
0.292610
0.292312
0.294773
0.291723
0.291425
0.291126
0.290827
0.290528
0.290230
0.289931
0.289632
0.289333
0.289035
0.288260
0.287951
0.287642
0.287333
0.287024
0.286715
0.286406
0.286108
0.285816
0.285523
0.285231
0.284939
0.284646
0.284354
0.284062
0.283769
0.283477
0.283191
0.282915
0.282638
0.282362
0.281490
0.281204
0.280917
0.280631
0.280345
0.280059
0.279773
0.279487
0.279200
0.278914
0.278628
0.278342
0.278056
0.277770
0.277494
0.277224
0.276954
0.276684
0.276414
0.276143
0.275873
0.275603
0.275333
0.275063
0.274061
0.273781
0.273501
0.273221
0.272941
0.272661
0.272381
0.272107
0.271843
0.271579
0.271315
0.271051
0.270786
0.270522
0.270258
0.270003
0.269754
0.269513
0.269279
0.269045
0.268811
0.269563
0.268403
0.268169
0.267084
0.266855
0.266626
0.266398
0.266169
0.265940
0.265711
0.265483
0.265254
0.265025
0.264796
0.264568
0.264339
0.264110
0.263881
0.263653
0.263424
0.263195
0.262966
0.262738
0.262509
0.262287
0.262072
0.261858
0.261643
0.261429
0.260220
0.259996
0.259773
0.259550
0.259326
0.259103
0.258880
0.258657
0.258447
0.258280
0.258147
0.258044
0.257969
0.257905
0.257864
0.257828
0.257792
0.257759
0.257728
0.257700
0.257681
0.257665
0.257651
0.257638
0.257627
