0.517973
0.526037
0.529061
0.523660
0.521019
0.522172
0.508123
0.513877
0.517510
0.501374
0.524753
0.521619
0.514933
0.517201
0.503454
0.502305
0.488660
0.508211
0.501429
0.502677
0.503254
0.496798
0.499858
0.497672
0.486525
0.519342
0.528081
0.468741
0.511985
0.488969
0.499610
0.500904
0.478289
0.468262
0.488664
0.473559
0.474977
0.501152
0.477230
0.493072
0.474454
0.491388
0.496589
0.445904
0.492171
0.493173
0.459730
0.448401
0.448868
0.461467
0.444807
0.451340
0.464612
0.474756
0.446355
0.471450
0.487217
0.457640
0.462890
0.440901
0.496729
0.480802
0.455352
0.457504
0.451782
0.432610
0.450341
0.460851
0.429462
0.434527
0.486567
0.453893
0.487153
0.447502
0.435409
0.442877
0.453599
0.429730
0.453359
0.464427
0.430261
0.429185
0.419551
0.444314
0.420024
0.446448
0.374960
0.423193
0.413351
0.409433
0.422131
0.446736
0.422340
0.409634
0.434051
0.426512
0.391582
0.398913
0.418269
0.377266
0.393930
0.388426
0.418074
0.419186
0.397674
0.398331
0.320122
0.399562
0.384856
0.410431
0.339070
0.410070
0.379399
0.351626
0.368021
0.381313
0.380344
0.383887
0.367270
0.346416
0.369608
0.366387
0.354605
0.357763
0.407188
0.300638
0.269776
0.285946
0.303481
0.291951
0.358165
0.293938
0.341907
0.350993
0.283011
0.314068
0.332906
0.366648
0.273071
0.293142
0.285254
0.329444
0.316427
0.270180
0.281275
0.265629
0.336430
0.321290
0.330408
0.258140
0.257278
0.259592
0.254584
0.323802
0.251334
0.274794
0.247760
0.325536
0.269422
0.297000
0.256263
0.238816
0.274844
0.296460
0.231126
0.241498
0.229719
0.228560
0.227934
0.312678
0.280891
0.276664
0.221409
0.304997
0.297945
0.218101
0.216609
0.213867
0.287777
0.212409
0.208586
0.208724
0.260731
0.207206
0.205850
0.204626
0.202441
0.201888
0.200596
0.199317
0.198050
0.196800
0.194781
0.194349
0.193141
0.191949
0.190767
0.189602
0.267189
0.237857
0.186526
0.185406
0.223052
0.198732
0.266076
0.181084
0.180019
0.178969
0.177926
0.176898
0.175878
0.174873
0.172780
0.172892
0.171915
0.171133
0.169999
0.169060
0.168121
0.167196
0.166279
0.188398
0.164357
0.217708
0.161748
0.161776
0.160922
0.160079
0.159246
0.228036
0.158514
0.156931
0.156138
0.155352
0.154579
0.153813
0.153059
0.151268
0.199510
0.150809
0.150093
0.149386
0.148689
0.148001
0.092223
0.146010
0.167433
0.144563
0.143939
0.142980
0.142750
0.142151
0.148638
0.211684
0.140355
0.139800
0.139251
0.138711
0.138182
0.137663
0.137166
0.136682
0.136209
0.135749
0.135295
0.134852
0.134421
0.133997
0.133584
0.133181
0.132787
0.132403
0.132032
0.131671
0.130850
0.130503
0.130167
0.129843
0.129530
0.129229
0.128938
0.128654
0.128381
0.128120
0.127870
0.127630
0.127403
0.127191
0.126989
0.126798
0.126616
0.161443
0.126104
0.125968
0.125845
0.125736
0.197139
0.125441
0.125371
0.125310
0.125255
0.125204
0.125161
0.125122
0.125087
0.125055
0.125026
0.125000
0.125489
0.125470
0.125450
0.125432
0.125416
0.125400
0.125386
0.125372
0.125357
0.125345
0.124882
0.125318
0.125307
0.125295
0.125284
0.125273
0.125261
0.125248
0.125238
0.125227
0.125217
0.125206
0.125196
0.125185
0.125175
0.125164
0.125154
0.125143
0.125132
0.125120
0.125110
0.125100
0.125092
0.125080
0.125070
0.125060
0.125050
0.125040
0.125030
0.125022
0.125010
0.125000
0.124990
0.143905
0.124949
0.124939
0.124931
0.124921
0.124911
0.124901
0.124894
0.124884
0.124874
0.124865
0.124855
0.124847
0.124838
0.124828
0.124818
0.124809
0.124799
0.124789
0.124780
0.124770
0.124761
0.124753
0.124743
0.124733
0.124723
0.124713
0.124703
0.124693
0.124683
0.124673
0.124663
0.124653
0.124643
0.124633
0.124623
0.124613
0.124603
0.124593
0.124583
0.124573
0.124563
0.124553
0.124543
0.124533
0.124523
