17.717931
17.653608
17.736875
17.661136
17.669477
17.663960
17.713900
17.680082
17.641498
17.675793
17.682737
17.723527
17.658325
17.692608
17.734445
17.685151
17.671682
17.679349
17.688333
17.770321
17.647083
17.609414
17.674109
17.727750
17.669359
17.735958
17.766763
17.837467
17.699900
17.795147
17.627264
17.654143
17.622782
17.744575
17.764719
17.734047
17.714382
17.602624
17.709799
17.744074
17.887168
17.762229
17.665803
17.778853
17.651747
17.656687
17.804109
17.695481
17.732509
17.669773
17.877509
17.824547
17.840562
17.990984
17.785649
17.840611
17.761492
17.713834
17.904628
17.831685
17.895894
17.678937
17.730282
18.096707
17.942083
17.975321
17.724506
17.864352
17.765880
17.700392
17.869571
17.934554
17.787530
17.921770
17.955364
18.013872
18.131691
17.871393
17.854000
17.858841
18.148456
17.791541
17.877274
17.962469
17.842671
17.997098
17.789812
17.908792
17.992691
17.877454
17.967634
17.873222
18.006349
17.894192
18.060608
18.061639
17.863127
17.793546
17.913148
17.809001
18.115457
18.077128
17.978645
17.956681
17.926543
18.115486
18.069940
18.087061
18.141584
17.938540
17.927612
18.024854
17.959278
18.077140
17.973401
18.025792
17.882891
17.791484
18.080309
18.059030
18.048356
18.244339
17.819305
17.946460
17.933506
17.888213
17.985823
18.184222
17.994007
18.002563
17.927857
18.128602
17.942395
17.997584
17.873024
18.222670
18.044427
18.233328
18.076164
17.999344
18.015096
18.058507
18.076039
18.072166
17.964854
18.006684
17.971098
18.038753
18.112131
17.994413
18.108665
17.981666
18.185527
17.998819
18.044315
18.144532
18.044308
18.052185
18.044308
18.061323
17.968544
17.951024
18.078530
18.044308
18.044308
17.898315
18.033678
18.001541
18.044308
17.968157
18.084650
18.123740
18.044308
18.044308
17.951846
18.063592
17.955431
18.044308
17.990104
18.044308
18.044308
18.044308
18.044308
18.044308
18.044308
18.028806
17.970590
17.942686
18.025781
17.999789
18.040105
18.044308
18.044308
18.044308
18.040477
17.981666
18.044308
18.044308
17.953545
18.126155
18.044308
18.044308
18.033696
18.044308
18.044308
18.044308
18.047812
17.974678
18.044308
18.020810
18.044308
18.044308
18.044308
18.044308
18.044308
18.044308
18.081060
18.044308
18.154908
18.044308
18.044308
18.003041
18.066104
18.043453
18.044308
18.044308
18.044308
18.044308
18.044308
18.044308
18.044308
18.044308
18.044308
18.044308
18.044308
18.044308
18.044308
18.044308
18.044308
18.044308
18.044308
18.044308
18.044308
18.047812
18.044308
18.044308
18.044308
18.044308
18.044308
18.044308
18.044308
18.044308
18.044308
18.044308
18.044308
18.044308
18.044308
18.044308
18.044308
18.044308
18.044308
18.044308
18.044308
18.044308
18.044308
18.044308
18.044308
18.044308
18.044308
18.044308
18.044308
18.044308
18.044308
18.044308
18.044308
18.044308
18.044308
18.044308
18.044308
18.044308
18.044308
18.044308
18.044308
18.044308
18.044308
18.044308
18.044308
18.044308
18.044308
18.044308
18.044308
18.044308
18.044308
18.044308
18.044308
18.044308
18.044308
18.044308
18.044308
18.044308
18.044308
18.044308
18.044308
18.044308
18.044308
18.044308
18.044308
18.044308
18.044308
18.044308
18.044308
18.044308
18.044308
18.044308
18.044308
18.044308
18.044308
18.044308
18.044308
18.044308
18.044308
18.044308
18.044308
18.044308
18.044308
18.044308
18.044308
18.044308
18.044308
18.044308
18.044308
18.044308
18.044308
18.044308
18.044308
18.044308
18.044308
18.044308
18.044308
18.044308
18.044308
18.044308
18.044308
18.044308
18.044308
18.044308
18.044308
18.044308
18.044308
18.044308
18.044308
18.044308
