17.697510
17.752637
17.584904
17.729305
17.654653
17.691217
17.667918
17.563106
17.701492
17.703580
17.680965
17.613669
17.705356
17.636808
17.699279
17.704120
17.723827
17.643587
17.644313
17.615439
17.680164
17.689537
17.669301
17.669080
17.694245
17.702994
17.777868
17.726311
17.625231
17.635895
17.695347
17.688186
17.626933
17.741204
17.675933
17.696797
17.739216
17.682918
17.871525
17.680232
17.755638
17.915901
17.582048
17.497613
17.676819
17.592498
17.733133
17.744300
17.709059
17.828292
17.793335
17.734222
17.819845
17.903464
18.161292
17.921723
17.797105
17.914624
17.952690
17.853475
17.775682
17.908763
17.722990
17.803758
17.615751
17.652280
17.816931
17.697183
17.745969
17.860712
17.710394
17.821286
17.891800
17.861265
17.923009
17.873488
17.656094
18.078234
17.958835
17.928978
17.913775
17.736731
17.876699
17.874826
17.853484
18.017025
17.782260
17.937453
18.085334
17.791675
17.904885
17.967482
17.983279
17.998435
17.791536
18.067207
17.852279
17.961429
17.974941
18.117520
17.863866
17.926048
18.107261
17.980701
18.184548
18.091912
18.027429
17.981369
18.113461
18.178271
18.038439
17.875600
17.865489
17.842528
18.013666
18.005164
17.921677
18.065343
17.991376
17.963820
18.061676
17.843320
18.106743
18.050388
17.895047
18.099118
18.111271
18.106408
18.044585
18.170469
18.148951
17.937222
18.036625
18.009972
17.948930
18.538738
18.165064
18.160049
18.170469
18.179088
18.053143
18.177660
18.079615
18.124821
18.170461
18.130271
18.197571
18.094945
18.235813
18.132294
18.095005
18.276727
18.140676
18.170469
18.170469
18.124821
18.107376
18.178279
18.091687
18.170469
18.084754
18.095086
18.185605
18.110795
18.001201
18.150826
17.991817
18.097648
18.109187
18.170469
18.170469
18.068947
18.170469
18.035549
18.178279
18.170469
18.170469
18.170469
18.104046
18.170469
18.170469
18.144317
18.170469
18.170469
18.170469
18.099097
18.170469
18.170469
18.170469
18.170469
18.170469
18.097221
18.097970
18.170469
18.170469
18.094797
18.098069
18.093865
18.118946
18.170469
18.170469
18.170469
18.170469
18.073710
18.187347
18.086039
18.187347
18.187347
18.187347
18.187347
18.187347
18.187347
18.187347
18.081951
18.187347
18.187347
18.187347
18.187347
18.071101
18.187347
18.130407
18.187347
18.187347
18.105282
18.187347
18.187347
18.187347
18.187347
18.187347
18.187347
18.115940
18.187347
18.187347
18.187347
18.187347
18.187347
18.178279
18.187347
18.187347
18.187347
18.187347
18.187347
18.187347
18.187347
18.187347
18.187347
18.187347
18.125361
18.187347
18.178271
18.187347
18.187347
18.187347
18.088026
18.187347
18.187347
18.187347
18.187347
18.187347
18.187347
18.187347
18.187347
18.187347
18.187347
18.187347
18.187347
18.187347
18.187347
18.187347
18.187347
18.187347
18.187347
18.187347
18.187347
18.187347
18.187347
18.127915
18.187347
18.187347
18.187347
18.187347
18.187347
18.187347
18.187347
18.187347
18.187347
18.115149
18.187347
18.187347
18.187347
18.187347
18.187347
18.187347
18.187347
18.187347
18.187347
18.187347
18.187347
18.187347
18.187347
18.187347
18.187347
18.187347
18.187347
18.187347
18.187347
18.187347
18.187347
18.187347
18.187347
18.187347
18.187347
18.187347
18.187347
18.187347
18.187347
18.187347
18.187347
18.187347
18.187347
18.187347
18.187347
18.187347
18.187347
18.187347
18.187347
18.187347
18.187347
18.187347
18.187347
18.187347
18.187347
18.187347
18.187347
18.187347
18.187347
18.187347
18.187347
18.187347
18.187347
18.187347
18.187347
18.187347
18.187347
18.187347
18.187347
18.187347
18.187347
18.187347
18.187347
18.187347
18.187347
18.187347
18.187347
