4.191926
4.197596
4.199353
4.178534
4.181675
4.121477
4.146936
4.188950
4.130807
4.178768
4.153655
4.116871
4.146800
4.128510
4.131843
4.124588
4.159420
4.126606
4.124261
4.122400
4.088755
4.145763
4.077193
4.154193
4.125045
3.995818
4.010091
4.044490
4.046678
4.037111
4.066366
3.935822
4.001060
4.045641
4.070762
4.028946
3.964102
4.033348
4.059464
3.989286
4.046455
4.011915
4.052796
3.968838
3.990322
3.973518
4.028380
3.951638
3.991868
3.986981
3.924673
3.934688
3.790971
3.987614
3.997195
3.956421
4.002711
3.883131
3.945684
3.889382
3.879747
3.889157
4.038432
3.799316
3.973844
3.964742
3.942709
3.892524
3.948607
3.855163
3.840201
3.856809
3.977990
3.951687
3.864160
3.814897
3.783480
3.856500
3.841134
3.816478
3.785534
3.846899
3.788746
3.892136
3.854917
3.786238
3.818369
3.808563
3.964056
3.837364
3.833335
3.772142
3.798104
3.853953
3.768849
3.804514
3.805428
3.760418
3.741777
3.740182
3.726740
3.736643
3.721307
3.748035
3.727625
3.717995
3.746126
3.861056
3.825574
3.722237
3.719819
3.728281
3.700234
3.714411
3.801781
3.687010
3.808885
3.699428
3.682305
3.784638
3.686950
3.690937
3.808531
3.689966
3.689712
3.713105
3.672060
3.670483
3.678795
3.660380
3.663657
3.765062
3.780205
3.676538
3.661829
3.723190
3.652981
3.760706
3.839039
3.649965
3.631167
3.644371
3.724383
3.675712
3.623211
3.631125
3.631598
3.629987
3.641171
3.619459
3.620888
3.618867
3.625124
3.619857
3.612862
3.610841
3.694438
3.612269
3.604419
3.602398
3.602951
3.589408
3.596963
3.642565
3.693644
3.588865
3.696861
3.593432
3.585782
3.587268
3.559869
3.692920
3.575706
3.605115
3.553612
3.567888
3.565953
3.564017
3.589847
3.560348
3.567831
3.556891
3.555071
3.553264
3.556362
3.549599
3.547911
3.546234
3.544557
3.545879
3.541324
3.544709
3.633575
3.541390
3.537897
3.538421
3.531822
3.512440
3.531650
3.535921
3.525974
3.524545
3.523184
3.521493
3.525043
3.518770
3.517434
3.516097
3.514799
3.513505
3.512186
3.625115
3.512275
3.507998
3.506748
3.505499
3.504288
3.503082
3.501875
3.500711
3.499590
3.498509
3.497431
3.496353
3.495316
3.494281
3.493837
3.492213
3.491178
3.490144
3.489150
3.488159
3.487168
3.489296
3.490579
3.484496
3.483591
3.482686
3.481781
3.480875
3.480011
3.479150
3.478288
3.477426
3.476605
3.475787
3.474969
3.474150
3.473332
3.476218
3.471527
3.470750
3.469975
3.469200
3.551964
3.466761
3.466029
3.465297
3.464566
3.463834
3.463103
3.462413
3.461725
3.461036
3.460348
3.459702
3.459057
3.458412
3.457767
3.457123
3.456478
3.455833
3.455188
3.454585
3.453984
3.453382
3.452404
3.452773
3.452257
3.451742
3.451226
3.450711
3.450195
3.449680
3.449164
3.448649
3.448133
3.447660
3.447188
3.446716
3.446244
3.445772
3.445342
3.444956
3.444570
3.444184
3.443798
3.443412
3.443026
3.442640
3.442254
3.441910
3.441567
3.441225
3.440882
3.440539
3.440196
3.439853
3.439511
3.444477
3.438912
3.438612
3.438313
3.438014
3.437715
3.437457
3.437201
3.436944
3.436687
3.436430
3.436215
3.436002
3.435789
3.435575
3.435362
3.435148
3.434935
3.434721
3.434508
3.434294
3.434081
3.433867
3.433654
3.433441
3.433227
3.433057
3.432887
3.432716
3.432547
3.432377
3.432207
3.432037
3.431867
3.431697
3.431527
3.431399
3.431273
3.431146
3.431020
3.430893
3.430767
3.430640
3.430513
3.430387
3.430260
3.430134
3.430007
3.429881
3.429754
3.429627
3.429501
3.429374
3.429248
3.429121
3.428995
3.428868
3.428741
3.428615
3.428488
3.428362
3.428235
3.428109
3.427982
3.427855
3.427729
3.427603
3.427476
