4.238282
4.226715
4.233359
4.251400
4.190197
4.240718
4.242176
4.240631
4.206944
4.236610
4.237908
4.207036
4.225523
4.208569
4.230192
4.250752
4.212200
4.225239
4.230089
4.233919
4.205763
4.221043
4.227751
4.257665
4.231889
4.216475
4.218054
4.197895
4.219307
4.201946
4.148759
4.193043
4.186679
4.192698
4.208912
4.216094
4.194447
4.204695
4.194505
4.221030
4.175335
4.209404
4.190485
4.202686
4.205070
4.194683
4.189659
4.201162
4.201549
4.212149
4.176553
4.196700
4.188312
4.181073
4.154267
4.157351
4.189077
4.190858
4.186683
4.183443
4.183283
4.196313
4.185889
4.190835
4.172741
4.173713
4.144813
4.161705
4.208259
4.203715
4.189815
4.155147
4.189198
4.164179
4.168656
4.153051
4.113964
4.161612
4.173177
4.143514
4.163755
4.123683
4.117752
4.221235
4.168753
4.175111
4.158199
4.159044
4.119251
4.174058
4.141390
4.180985
4.124535
4.127391
4.147539
4.109748
4.178540
4.126637
4.108186
4.158958
4.165186
4.094382
4.104481
4.151124
4.152390
4.142441
4.175936
4.164976
4.121902
4.136817
4.107189
4.111589
4.124734
4.159077
4.114414
4.138422
4.116807
4.139807
4.105022
4.093988
4.144476
4.098041
4.179831
4.098117
4.185317
4.130644
4.139759
4.096361
4.163567
4.114406
4.095756
4.104510
4.096386
4.096196
4.103931
4.093711
4.095935
4.105706
4.094538
4.139609
4.105257
4.143716
4.093014
4.126852
4.101137
4.143920
4.092166
4.090129
4.102529
4.089109
4.127118
4.104070
4.129766
4.088217
4.092148
4.105742
4.108051
4.093154
4.086619
4.094717
4.086936
4.096040
4.085303
4.086535
4.100333
4.084288
4.087614
4.083606
4.083264
4.086020
4.084448
4.086780
4.086287
4.099322
4.132339
4.080958
4.080616
4.080274
4.083648
4.079594
4.080156
4.078918
4.078576
4.078233
4.072291
4.077556
4.077213
4.083699
4.076564
4.082323
4.075889
4.075546
4.075786
4.074861
4.074522
4.074183
4.075640
4.082731
4.073205
4.082053
4.072524
4.072184
4.071845
4.071505
4.071165
4.072002
4.070487
4.070148
4.069808
4.078671
4.069127
4.068787
4.068447
4.068108
4.071684
4.071350
4.109221
4.067414
4.066455
4.066115
4.116404
4.065477
4.065137
4.064797
4.064457
4.064117
4.063776
4.063437
4.063096
4.062756
4.062415
4.062074
4.061733
4.061393
4.061052
4.061355
4.060370
4.060029
4.102129
4.059389
4.059047
4.058706
4.058365
4.058023
4.057683
4.074603
4.057009
4.056667
4.056325
4.055984
4.055642
4.055301
4.054959
4.054617
4.054276
4.053934
4.053592
4.053249
4.052907
4.052566
4.052224
4.067318
4.051548
4.051205
4.050863
4.050520
4.050178
4.049835
4.049492
4.049150
4.048806
4.048463
4.048120
4.056554
4.047459
4.047115
4.046772
4.046428
4.046085
4.045741
4.045397
4.045053
4.044709
4.044365
4.044021
4.043677
4.043333
4.042989
4.042645
4.042301
4.041956
4.041612
4.041267
4.083811
4.040630
4.040286
4.039941
4.039597
4.039251
4.038907
4.038562
4.038217
4.037871
4.037526
4.037180
4.036839
4.036496
4.036154
4.035812
4.035470
4.035128
4.034786
4.034443
4.101448
4.033781
4.033438
4.033096
4.032753
4.032412
4.032069
4.031727
4.031384
4.031042
4.030700
4.030357
4.030015
4.029672
4.029330
4.028987
4.028645
4.028302
4.027960
4.027617
4.027275
4.026932
4.026589
4.026247
4.025905
4.025562
4.025219
4.024877
4.024534
4.024192
4.023849
4.023507
4.023164
4.022822
4.022480
4.022137
4.021795
4.021452
4.021111
4.020768
4.020426
4.020084
4.019742
4.019400
4.019058
4.018715
4.018373
4.018031
4.017689
4.017347
4.017005
4.016663
4.016321
4.015978
4.015636
4.015294
4.014952
4.014610
4.014267
4.013925
4.013583
4.013241
4.012899
4.012557
4.012214
4.011872
4.011530
4.011188
4.010846
4.010503
4.010161
4.009819
4.009476
4.009134
4.008791
4.008449
4.008107
4.007764
4.007421
4.007079
4.006736
4.006394
4.006051
4.005709
4.005366
4.005023
4.004681
4.004338
4.003995
4.003653
4.003310
4.002967
4.002624
4.002282
4.001939
4.001596
4.001254
4.000911
4.000568
4.000225
3.999882
