0.516018
0.517085
0.528382
0.569751
0.516091
0.519687
0.513005
0.503388
0.530569
0.489363
0.504813
0.502895
0.502264
0.488933
0.512753
0.490727
0.502933
0.440981
0.458214
0.499713
0.494649
0.471288
0.473799
0.460866
0.462634
0.464066
0.467334
0.463336
0.465054
0.501815
0.451230
0.472302
0.456837
0.446058
0.447933
0.444485
0.446019
0.444537
0.445237
0.434086
0.458246
0.423416
0.435686
0.413687
0.407169
0.456126
0.403710
0.404160
0.402080
0.414558
0.433226
0.409286
0.435707
0.398094
0.411428
0.386067
0.466531
0.400754
0.376587
0.383146
0.381388
0.412945
0.401884
0.389316
0.417888
0.400327
0.375122
0.400700
0.390701
0.359709
0.382069
0.364653
0.374641
0.379594
0.354663
0.394531
0.355737
0.388458
0.388361
0.398387
0.372769
0.364062
0.372300
0.381027
0.360826
0.361168
0.348321
0.345297
0.382557
0.349788
0.377264
0.360573
0.385461
0.368966
0.345632
0.348214
0.346771
0.356927
0.358048
0.343834
0.359278
0.372910
0.345068
0.333432
0.346162
0.340904
0.360316
0.366149
0.357802
0.346107
0.347430
0.354349
0.345741
0.348339
0.341988
0.350529
0.323714
0.307313
0.342285
0.344922
0.343043
0.319474
0.331232
0.343686
0.315614
0.312335
0.344244
0.339989
0.335297
0.345052
0.339289
0.338357
0.336514
0.338099
0.335382
0.335385
0.325351
0.337861
0.335580
0.330736
0.296291
0.301956
0.365238
0.270057
0.332868
0.332322
0.332758
0.327275
0.328229
0.358535
0.328798
0.274711
0.324008
0.327341
0.323666
0.326282
0.325762
0.322833
0.319041
0.320359
0.323739
0.324908
0.322736
0.316967
0.322951
0.323915
0.320713
0.314309
0.319765
0.319293
0.319694
0.318342
0.318705
0.310893
0.301919
0.316311
0.315863
0.316341
0.308712
0.314520
0.314072
0.313624
0.321151
0.308958
0.312281
0.311832
0.311384
0.307343
0.307965
0.310051
0.309603
0.311396
0.308703
0.308254
0.307806
0.301650
0.306917
0.303351
0.306073
0.305439
0.305292
0.304910
0.304528
0.304146
0.244025
0.285837
0.302555
0.304392
0.301770
0.301388
0.301005
0.300623
0.300241
0.296891
0.299900
0.299085
0.298702
0.298320
0.297938
0.297567
0.291253
0.294693
0.296560
0.296199
0.292691
0.301958
0.295124
0.292648
0.294396
0.294044
0.293703
0.293362
0.293021
0.294020
0.291178
0.292092
0.292347
0.292005
0.291664
0.291338
0.291016
0.290694
0.290379
0.289984
0.287494
0.289617
0.289315
0.289012
0.288709
0.288406
0.288103
0.287800
0.288094
0.287191
0.286889
0.286586
0.286283
0.285980
0.285677
0.285374
0.285071
0.284768
0.284465
0.284163
0.283860
0.283557
0.283267
0.282982
0.284957
0.282551
0.282496
0.282492
0.282489
0.282488
0.282487
0.282485
0.282484
0.282482
0.282482
0.282480
0.282478
0.282477
0.282476
0.282474
0.282473
0.282472
0.282470
0.282469
0.282468
0.282467
0.282466
0.282463
0.282463
0.282461
0.282460
0.282458
0.282457
0.282455
0.282454
0.282453
0.282452
0.282451
0.282449
0.282448
0.282447
0.282446
0.282444
0.282442
0.282442
0.282439
0.282439
0.282437
0.282435
0.282434
0.282433
0.282432
0.282431
0.282429
0.282428
0.282427
0.282426
0.164166
0.282658
0.282581
0.282508
0.282447
0.282423
0.282416
0.282412
0.282411
0.282409
0.282408
0.282407
0.282406
0.282404
0.282403
0.282402
0.282400
0.282399
0.282398
0.282396
0.282395
0.282393
0.282392
0.282391
0.282389
0.282388
0.282387
0.282386
0.282384
0.282383
0.282382
0.282380
0.282379
0.282378
0.282377
0.282374
0.282373
0.282372
0.282371
0.282369
0.282368
0.282367
0.282366
0.282364
0.282363
0.282362
0.282360
0.282359
0.282358
0.282357
0.282355
0.282354
0.282352
0.282352
0.282349
0.282348
0.282347
0.282346
0.282344
0.282343
0.282342
0.282340
0.282339
0.282338
0.282337
0.282335
0.282334
0.282333
0.282332
0.282330
0.282329
0.282328
0.282325
0.282326
0.282323
0.282322
0.282320
0.282319
0.282318
0.282317
0.282315
0.282334
0.282260
0.282213
0.282203
0.282196
0.282196
0.282194
0.282192
0.282191
0.282189
0.282188
0.282186
0.282185
0.282184
0.282182
0.282181
0.282180
0.282178
0.282177
0.282176
