0.415422
0.443641
0.420887
0.409585
0.420825
0.401806
0.411246
0.403379
0.404816
0.393570
0.397170
0.375957
0.394130
0.403789
0.382561
0.383312
0.381119
0.380094
0.384461
0.385683
0.389005
0.380828
0.368371
0.358063
0.367419
0.379506
0.351536
0.352896
0.342547
0.347497
0.343462
0.351483
0.357485
0.344305
0.321764
0.331851
0.338739
0.334645
0.317735
0.336808
0.318128
0.346664
0.329452
0.312771
0.329606
0.311413
0.299008
0.303252
0.302078
0.294796
0.329850
0.291248
0.292578
0.311151
0.310457
0.283329
0.284251
0.278747
0.301531
0.284581
0.280758
0.263570
0.274471
0.268497
0.271779
0.268316
0.278017
0.248684
0.266166
0.255464
0.259414
0.232507
0.237952
0.234466
0.232955
0.260963
0.237296
0.252954
0.247297
0.241724
0.229238
0.230460
0.200754
0.217314
0.237747
0.188010
0.212809
0.219209
0.236973
0.183625
0.222306
0.203249
0.201131
0.178597
0.195619
0.197021
0.231864
0.199134
0.190420
0.163903
0.166882
0.182515
0.194376
0.175778
0.209172
0.188728
0.178323
0.164007
0.149635
0.171953
0.177806
0.132394
0.125765
0.159131
0.161968
0.158106
0.147003
0.163031
0.152837
0.146500
0.151654
0.140608
0.169161
0.153433
0.118267
0.107967
0.098678
0.130205
0.166700
0.109293
0.132929
0.091712
0.127588
0.096455
0.126951
0.127338
0.094923
0.096250
0.102917
0.121334
0.116297
0.092170
0.111308
0.113776
0.119562
0.085913
0.092238
0.092098
0.085236
0.084727
0.087493
0.090277
0.107267
0.089997
0.085053
0.089860
0.090757
0.091501
0.104333
0.085720
0.089522
0.089495
0.099404
0.090783
0.082746
0.077577
0.079198
0.087074
0.089172
0.090541
0.076196
0.090457
0.078184
0.092340
0.089044
0.095238
0.074833
0.088944
0.088933
0.090233
0.088912
0.088902
0.088891
0.088547
0.088868
0.121804
0.079569
0.075498
0.088796
0.088788
0.074881
0.088775
0.089479
0.088757
0.088749
0.088741
0.088733
0.088724
0.084145
0.088708
0.088700
0.088691
0.088683
0.088675
0.088667
0.088659
0.088650
0.088642
0.088629
0.088622
0.088073
0.087654
0.088600
0.088593
0.083759
0.091379
0.088574
0.089857
0.088560
0.089681
0.088581
0.088566
0.089627
0.084071
0.088543
0.088535
0.088526
0.088518
0.088510
0.088501
0.088493
0.088484
0.088476
0.083087
0.088462
0.088454
0.088445
0.088437
0.088428
0.088420
0.088411
0.088403
0.088394
0.088386
0.089175
0.088369
0.088361
0.091914
0.088353
0.088345
0.088337
0.088330
0.088322
0.088315
0.088295
0.088287
0.088291
0.088271
0.088275
0.088255
0.088259
0.088240
0.088231
0.088235
0.088215
0.088219
0.088200
0.088203
0.088184
0.088175
0.088179
0.088160
0.088163
0.088144
0.088148
0.088128
0.088120
0.088124
0.088104
0.088108
0.088088
0.088080
0.088084
0.088064
0.088068
0.088048
0.088052
0.088032
0.088024
0.088028
0.088008
0.088012
0.087993
0.087996
0.087977
0.087969
0.087972
0.087953
0.087957
0.087937
0.087929
0.087933
0.087913
0.087917
0.087897
0.087901
0.087882
0.087873
0.087877
0.087857
0.087861
0.073801
0.087843
0.087834
0.087826
0.087818
0.087809
0.087801
0.087792
0.087784
0.087776
0.087767
0.087759
0.087751
0.087742
0.087734
0.087725
0.087717
0.087709
0.087713
0.087693
0.087697
0.087677
0.087669
0.087673
0.087653
0.087657
0.083497
0.087632
0.087623
0.087615
0.087607
0.087598
0.087590
0.087582
0.087586
0.087566
0.087570
0.087550
0.087542
0.087546
0.087527
