0.706157
0.717371
0.746149
0.720353
0.721369
0.728782
0.754087
0.728247
0.719045
0.747118
0.736895
0.740899
0.738273
0.727573
0.702788
0.718241
0.731027
0.716438
0.736498
0.718398
0.712066
0.701165
0.719266
0.732415
0.738299
0.780927
0.727670
0.733879
0.769346
0.757612
0.759579
0.748809
0.754172
0.753588
0.755291
0.768017
0.775471
0.754654
0.771272
0.757404
0.724935
0.761467
0.749240
0.755860
0.770052
0.763150
0.744061
0.735204
0.743188
0.751391
0.745758
0.764662
0.733804
0.765752
0.745523
0.722763
0.782546
0.728849
0.787713
0.750702
0.734247
0.742970
0.769413
0.776772
0.717849
0.745630
0.778057
0.759489
0.755313
0.742483
0.730220
0.747941
0.715350
0.731319
0.722755
0.720085
0.586784
0.736350
0.755641
0.718383
0.658441
0.688652
0.717065
0.693922
0.704749
0.786085
0.670554
0.766343
0.494011
0.778832
0.741443
0.683173
0.742950
0.750365
0.763329
0.718782
0.718489
0.741494
0.783165
0.684799
0.725510
0.589689
0.676636
0.602240
0.661780
0.794693
0.711596
0.658463
0.720530
0.798756
0.744997
0.617688
0.732686
0.640345
0.739090
0.652916
0.775699
0.714368
0.515998
0.703757
0.738469
0.755806
0.613284
0.674500
0.724946
0.480531
0.581179
0.580045
0.659608
0.610309
0.276317
0.706130
0.580514
0.740328
0.674345
0.747109
0.685578
0.729203
0.685232
0.596389
0.726979
0.661913
0.718524
0.758311
0.749207
0.569549
0.734513
0.638905
0.465969
0.360831
0.640370
0.737039
0.592794
0.711856
0.571646
0.532240
0.611323
0.571768
0.573668
0.573411
0.567544
0.572802
0.569535
0.308594
0.715871
0.529067
0.704536
0.560670
0.715351
0.701011
0.570120
0.528253
0.556420
0.690947
0.678211
0.568722
0.565321
0.565771
0.567810
0.565693
0.706942
0.556838
0.716461
0.560827
0.564097
0.672611
0.565666
0.564296
0.563664
0.708226
0.710306
0.659926
0.564070
0.563766
0.560360
0.574344
0.580325
0.562577
0.387267
0.560607
0.561526
0.561223
0.576233
0.560629
0.096687
0.559182
0.512820
0.558539
0.558237
0.557935
0.557633
0.619381
0.557070
0.556768
0.556466
0.556165
0.718919
0.555658
0.555356
0.555054
0.554752
0.554450
0.554148
0.101024
0.278102
0.552178
0.551876
0.550806
0.551274
0.552754
0.706200
0.552239
0.551937
0.551636
0.540348
0.549805
0.550753
0.651116
0.550224
0.549926
0.549627
0.549328
0.549030
0.690588
0.545009
0.548217
0.547919
0.089846
0.546539
0.546241
0.545943
0.545645
0.545347
0.543945
0.544752
0.544454
0.544157
0.543859
0.543562
0.543264
0.542966
0.542669
0.542512
0.542074
0.541777
0.541480
0.541183
0.540885
0.540588
0.540291
0.539994
0.539697
0.539400
0.539103
0.538806
0.538509
0.538212
0.537915
0.537618
0.537321
0.537024
0.536728
0.536431
0.536134
0.535837
0.535540
0.535244
0.534947
0.534650
0.534354
0.534057
0.533760
0.533464
0.533167
0.532871
0.532574
0.530510
0.530213
0.531683
0.531387
0.531090
0.530794
0.530497
0.530201
0.064395
0.527042
0.526745
0.526448
0.526151
0.525854
0.524145
0.525261
0.524964
0.524667
0.524370
0.528769
0.528473
0.528178
0.527883
0.527588
0.527293
0.526998
0.526703
0.526408
0.526113
0.525819
0.525524
0.525229
0.524934
0.524639
0.524344
0.524049
0.523755
0.523460
0.523166
0.522871
0.522576
0.522282
0.521987
0.521693
0.521398
0.521104
0.520809
0.520515
0.515603
0.519923
0.519629
0.519335
0.519041
0.518746
0.518452
0.518158
0.517864
0.517570
0.517277
0.516983
0.516689
0.516395
0.516101
0.515807
0.515514
0.515220
0.514926
0.514633
0.514339
0.514046
0.513752
0.513459
0.513166
0.512873
0.512580
0.512287
0.511994
0.511701
0.511408
0.511115
0.510823
0.510532
0.510240
0.509949
0.509658
0.509367
0.509075
0.508784
0.508493
0.508202
0.507911
0.507620
0.507329
0.507037
0.506746
0.506455
0.506164
0.505873
0.505582
0.505291
0.505000
0.504710
0.504419
0.504128
0.503837
0.503546
0.503255
0.502964
0.502673
0.502382
0.502091
0.501801
0.501510
0.501219
0.500928
0.500638
0.500352
0.500067
0.499781
0.499495
0.499210
0.498924
0.498639
0.498353
0.498068
0.497782
0.497497
0.497211
0.496926
0.496643
0.496362
0.496082
0.495801
0.495521
0.495240
0.494960
0.494679
0.494399
0.494119
0.493838
0.493558
0.493280
0.493005
0.492730
0.492454
0.492179
0.491903
0.491628
0.491353
0.491077
0.490802
0.490527
0.490255
0.489984
0.489714
0.489443
0.489173
0.488902
0.488632
0.488362
0.488092
0.487821
0.487551
0.487281
0.487011
0.486744
0.486479
0.486214
0.485948
0.485683
0.485418
0.485153
0.484888
0.484623
0.484358
0.484093
0.483828
0.483563
0.483299
0.483039
0.482779
0.482519
0.482259
0.481999
0.481739
0.481480
0.481220
0.480961
0.480702
0.480442
0.480183
0.479924
0.479665
0.479409
0.479155
0.478900
0.478646
0.478392
0.478138
0.477885
0.477631
0.477377
0.477124
0.475423
