0.176820
0.185925
0.181262
0.393044
0.178719
0.154172
0.171662
0.151826
0.155403
0.146404
0.172448
0.179181
0.153765
0.148390
0.191649
0.261067
0.186910
0.125147
0.130560
0.203257
0.174038
0.108902
0.129304
0.133774
0.218696
0.200247
0.168627
0.198936
0.194806
0.173045
0.172509
0.224029
0.176615
0.192318
0.394899
0.436308
0.156774
0.160516
0.554708
0.218226
0.163235
0.181514
0.220136
0.257014
0.220603
0.212315
0.227121
0.227225
0.224370
0.177478
0.463351
0.310824
0.210585
0.334669
0.248505
0.223459
0.205603
0.436940
0.217323
0.242895
0.162057
0.344931
0.551237
0.527563
0.276285
0.197316
0.236170
0.294067
0.248297
0.251228
0.294329
0.521404
0.235406
0.322361
0.228037
0.509266
0.525857
0.345245
0.535568
0.459343
0.202317
0.556694
0.535419
0.357637
0.329587
0.213684
0.354814
0.521589
0.295048
0.248883
0.254728
0.272393
0.360654
0.274170
0.336889
0.349048
0.200690
0.266524
0.338538
0.550096
0.346189
0.348190
0.255100
0.560061
0.345253
0.344097
0.340225
0.335971
0.332620
0.563481
0.341476
0.343494
0.333399
0.339238
0.332447
0.192862
0.340621
0.341010
0.560643
0.516517
0.344112
0.344436
0.292203
0.342928
0.337878
0.339313
0.543312
0.337970
0.282103
0.337962
0.348080
0.336414
0.333840
0.332773
0.336388
0.335293
0.334363
0.337123
0.548257
0.270632
0.334413
0.343807
0.297819
0.334197
0.334116
0.552584
0.334326
0.333224
0.333988
0.266315
0.334590
0.334181
0.333457
0.333318
0.333208
0.333128
0.333078
0.333028
0.333008
0.332958
0.332937
0.547935
0.332233
0.333830
0.336433
0.337601
0.330025
0.335441
0.333349
0.336281
0.335216
0.334539
0.334221
0.328655
0.335629
0.334774
0.334426
0.334152
0.334071
0.333842
0.328456
0.334038
0.333868
0.335749
0.334493
0.334235
0.334006
0.333836
0.333696
0.333298
0.548469
0.333782
0.331449
0.333830
0.334005
0.333173
0.333184
0.333193
0.333202
0.333212
0.331931
0.334848
0.334530
0.334301
0.335668
0.334932
0.334614
0.334414
0.334244
0.334104
0.333964
0.333884
0.333804
0.333723
0.333673
0.333622
0.333571
0.333550
0.333529
0.333508
0.333517
0.312023
0.333907
0.333856
0.333791
0.333740
0.333719
0.333699
0.333679
0.333658
0.333666
0.333675
0.333684
0.333693
0.333701
0.333710
0.333719
0.333727
0.333736
0.333745
0.333753
0.333762
0.333771
0.333779
0.333788
0.333797
0.334013
0.333992
0.333971
0.333980
0.333988
0.333997
0.334006
0.334014
0.334023
0.334032
0.334040
0.334049
0.333459
0.333558
0.333631
0.333699
0.333769
0.333837
0.333905
0.333914
0.333922
0.333931
0.333940
0.333948
0.333957
0.334025
0.334033
0.334042
0.334050
0.334059
0.334068
0.334076
0.334115
0.334123
0.334132
0.334141
0.334179
0.334187
0.334196
0.334205
0.334243
0.334252
0.334260
0.334269
0.342442
0.334643
0.334652
0.334661
0.334669
0.332373
0.334773
0.334752
0.334761
0.334948
0.334927
0.334906
0.334885
0.334864
0.334872
0.334881
0.334889
0.334898
0.334906
0.334915
0.334924
0.334932
0.334941
0.334949
0.334958
0.334967
0.334975
0.334984
0.334993
0.335001
0.335010
0.335019
0.335027
0.335036
0.335045
0.335053
0.335062
0.335071
0.335079
0.335088
0.335097
0.335106
0.335114
0.335123
0.335132
0.335140
0.335149
0.335158
0.335167
0.335175
0.335184
0.335193
0.335201
0.335210
0.335219
0.335228
0.335236
0.335245
0.335254
0.335262
0.335271
0.335280
