0.899315
0.890735
0.887989
0.861864
0.865062
0.884886
0.866654
0.869526
0.877164
0.856159
0.863647
0.864345
0.942834
0.889188
0.860856
0.841141
0.865102
0.835205
0.852854
0.866034
0.816553
0.852505
0.859819
0.852670
0.832249
0.848548
0.828365
0.844680
0.821963
0.818819
0.830019
0.840257
0.859912
0.749974
0.854560
0.824031
0.854881
0.756167
0.759990
0.761065
0.856614
0.813753
0.838625
0.774642
0.807881
0.812162
0.751416
0.749074
0.883611
0.789834
0.801067
0.770283
0.791731
0.819981
0.807402
0.740722
0.794428
0.778910
0.721935
0.738507
0.789223
0.770459
0.702474
0.787802
0.696501
0.738483
0.743154
0.761167
0.726228
0.696165
0.721016
0.717526
0.675968
0.744402
0.721797
0.720936
0.717750
0.688540
0.760850
0.706722
0.737845
0.724093
0.768286
0.665393
0.688795
0.784172
0.684516
0.790448
0.644838
0.740943
0.641740
0.693420
0.690978
0.673302
0.737573
0.697667
0.703980
0.666962
0.703169
0.701697
0.657472
0.687246
0.733894
0.611987
0.635688
0.721551
0.690578
0.674489
0.638640
0.678207
0.598253
0.631692
0.695198
0.606054
0.662392
0.598793
0.604865
0.641295
0.607538
0.679056
0.613487
0.670930
0.577718
0.622533
0.629445
0.615811
0.592047
0.599226
0.588092
0.562935
0.582827
0.583409
0.582333
0.577937
0.572430
0.574085
0.572122
0.559531
0.583817
0.599437
0.559896
0.562086
0.560531
0.551958
0.547944
0.547072
0.618753
0.546223
0.547180
0.549851
0.543157
0.545689
0.539205
0.535811
0.535253
0.533293
0.519174
0.528518
0.593143
0.509971
0.523011
0.535424
0.519677
0.530071
0.511734
0.513991
0.512132
0.511633
0.508482
0.508567
0.491162
0.503051
0.501240
0.499446
0.497906
0.509418
0.494028
0.496783
0.489615
0.488841
0.487139
0.485436
0.483734
0.482031
0.480345
0.478688
0.458417
0.473025
0.480731
0.471824
0.472030
0.467358
0.467299
0.465711
0.463875
0.462573
0.459895
0.459440
0.457895
0.456366
0.454845
0.453319
0.452987
0.450327
0.460531
0.445374
0.443715
0.444307
0.426561
0.441639
0.440242
0.438844
0.437455
0.436083
0.434726
0.433369
0.432012
0.430655
0.429297
0.427940
0.426583
0.425250
0.423963
0.422687
0.417928
0.421251
0.418917
0.417717
0.416518
0.415343
0.414181
0.413020
0.411858
0.410696
0.409534
0.408373
0.407211
0.406049
0.389471
0.403895
0.402808
0.401720
0.400632
0.399545
0.398457
0.397370
0.396299
0.395247
0.394195
0.393144
0.398755
0.390957
0.389941
0.388925
0.397100
0.386905
0.385906
0.384948
0.384002
0.383574
0.382626
0.381679
0.380731
0.379783
0.378981
0.377870
0.376923
0.375975
0.374701
0.373752
0.372813
0.371898
0.370983
0.370068
0.369152
0.368237
0.367341
0.366459
0.365577
0.364696
0.363814
0.362942
0.362093
0.361243
0.360406
0.359588
0.358770
0.357975
0.357188
0.356400
0.355613
0.354826
0.354039
0.353252
0.352465
0.351678
0.350906
0.350150
0.349394
0.348637
0.347881
0.347138
0.346412
0.345685
0.344958
0.344232
0.343505
0.342779
0.342052
0.341326
0.340599
0.339873
0.339146
0.338420
0.337693
0.336967
0.336240
0.335529
0.334832
0.334135
0.333438
0.332761
0.332114
0.340583
0.330862
0.330221
0.329581
0.328941
0.328301
0.327661
0.327021
0.326380
0.325740
0.325100
0.324460
0.323820
0.323179
0.322539
0.321899
0.321279
0.320666
0.320053
0.319441
0.318828
0.318229
0.317643
0.317057
0.316472
0.315886
0.315300
0.314714
0.314128
0.313542
0.312956
0.312370
0.311784
0.311198
0.310612
0.310027
0.309441
0.308863
0.308304
0.307744
0.307184
0.306625
0.306065
0.305506
0.304946
0.304386
0.303827
0.303267
0.302733
0.302223
0.301713
0.301218
0.300732
0.300247
0.299762
0.299277
0.298791
0.298306
0.297821
0.297339
0.296892
0.296462
0.296044
0.295626
0.295214
0.294824
0.294448
0.294072
0.293696
0.293331
0.292994
0.292658
0.292322
0.291995
0.291683
0.291383
0.291084
0.290795
0.290514
0.290238
0.289976
0.289728
0.289481
0.289234
0.288992
0.288781
0.288581
0.288390
0.288205
0.288025
0.287867
0.287710
0.287553
0.287396
0.287245
0.287104
0.286972
0.286840
0.286712
0.286592
0.286472
0.286351
0.286237
0.286138
0.286040
0.285942
0.285843
0.285745
0.285650
0.285565
0.285486
0.285407
0.285328
0.285250
0.285175
0.285108
0.285046
0.284985
0.284923
0.284864
0.284810
0.284757
0.284703
0.284650
0.284597
0.284551
0.284512
0.284472
0.284433
0.284393
0.284354
0.284314
0.284275
0.284235
0.284198
0.284166
0.284139
