0.252181
0.228429
0.243485
0.214751
0.225883
0.222006
0.235461
0.237253
0.205898
0.212928
0.213808
0.208227
0.201226
0.209015
0.204429
0.196274
0.201261
0.186953
0.190312
0.195987
0.196817
0.179364
0.180399
0.176506
0.207197
0.188012
0.181820
0.179553
0.173202
0.191915
0.182887
0.174338
0.192592
0.164508
0.164354
0.165894
0.170537
0.160008
0.159739
0.151328
0.161825
0.144807
0.152269
0.192865
0.144821
0.140168
0.140394
0.133980
0.139616
0.130218
0.130237
0.168211
0.137777
0.168813
0.129462
0.148759
0.179904
0.130076
0.126541
0.138373
0.137351
0.133199
0.106604
0.128388
0.160620
0.178643
0.088093
0.113469
0.153734
0.118406
0.144292
0.112008
0.101680
0.115172
0.093957
0.087522
0.091325
0.092242
0.119585
0.106897
0.089777
0.078275
0.090894
0.146779
0.134710
0.141573
0.104637
0.146041
0.111621
0.079981
0.115223
0.097970
0.093679
0.135841
0.097184
0.114053
0.135226
0.094488
0.095002
0.107555
0.082657
0.115245
0.102426
0.101516
0.138385
0.146515
0.095389
0.138159
0.090995
0.081313
0.137564
0.085640
0.128945
0.088304
0.095125
0.089571
0.086859
0.093777
0.089981
0.085648
0.083491
0.146368
0.092800
0.090094
0.088979
0.084509
0.086101
0.083863
0.084868
0.080780
0.081370
0.086209
0.086044
0.080692
0.126051
0.144586
0.134316
0.083856
0.086883
0.057665
0.082811
0.055889
0.128588
0.090571
0.085875
0.085910
0.083381
0.140921
0.084284
0.090842
0.086931
0.086643
0.084242
0.058062
0.085822
0.084206
0.087490
0.085880
0.081676
0.085653
0.078074
0.084973
0.086386
0.082547
0.084167
0.093543
0.084139
0.084114
0.079233
0.084154
0.090310
0.082292
0.083908
0.085068
0.084116
0.084109
0.084103
0.084096
0.084089
0.082497
0.084077
0.084071
0.084064
0.085434
0.084041
0.084035
0.079059
0.093109
0.085655
0.084082
0.084584
0.084050
0.085470
0.085526
0.085511
0.090495
0.083998
0.083989
0.085529
0.081616
0.094050
0.083943
0.083946
0.083939
0.085012
0.083926
0.083908
0.083907
0.083900
0.083893
0.126627
0.083881
0.083022
0.084739
0.083863
0.083856
0.083850
0.083832
0.082484
0.085373
0.083870
0.083861
0.083852
0.083843
0.083834
0.083825
0.083815
0.083806
0.083797
0.083788
0.083779
0.083770
0.083760
0.083751
0.083742
0.083733
0.083724
0.083715
0.083705
0.083696
0.083687
0.083636
0.083627
0.085188
0.083609
0.083611
0.090504
0.083599
0.083592
0.083586
0.083579
0.083572
0.083566
0.083559
0.083553
0.083546
0.083540
0.083533
0.083526
0.083513
0.081280
0.083499
0.083493
0.083486
0.083480
0.083473
0.083467
0.083460
0.083453
0.083434
0.083423
0.083417
0.083410
0.083404
0.083397
0.083391
0.083367
0.083360
0.082469
0.083345
0.083338
0.083331
0.083325
0.083318
0.083312
0.083305
0.083299
0.083292
0.083286
0.083279
0.083273
0.083266
0.083260
0.083253
0.083247
0.083240
0.083234
0.083227
0.083221
0.083204
0.083207
0.083200
0.083194
0.083187
0.083170
0.083174
0.083167
0.083161
0.083154
0.083137
0.083140
0.083134
0.083127
0.083121
0.083104
0.083107
0.083101
0.083094
0.083088
0.083071
0.083074
0.083067
0.083061
0.083054
0.083037
0.083041
0.083034
0.083028
0.083021
0.083004
0.083007
0.083001
0.082994
0.145780
0.145777
0.145773
0.145769
0.082979
0.145763
0.145760
0.145756
0.145752
0.082983
0.145746
0.145743
0.145739
0.145735
0.082987
0.145729
0.145722
0.145719
0.145716
0.082986
0.145711
0.145709
0.145706
0.082984
0.145700
0.145698
0.145695
0.145692
0.082986
0.145687
0.145685
0.145682
0.145679
0.082987
0.145674
0.145671
0.145669
0.082986
0.145663
0.145661
0.145658
0.145655
0.082988
0.145650
0.145648
0.145645
0.082986
0.145639
0.145633
0.145630
0.145628
0.082983
0.145621
0.145619
0.145616
0.082976
0.145610
0.145608
0.145605
0.082970
0.145599
0.145597
0.145594
0.082964
0.145588
0.145585
0.145583
0.145580
0.082948
0.145573
0.145571
0.145568
0.082930
0.145561
0.145559
0.145556
0.145554
0.082923
0.145547
0.145544
0.145542
0.082913
0.145535
0.145532
0.145530
0.145527
0.082906
0.145520
0.145518
0.145515
0.082897
0.145508
0.145506
0.145503
0.145500
0.082890
0.145493
0.145491
0.145488
0.082880
0.145485
0.145480
0.145477
0.145474
0.082876
0.145467
0.145465
0.145462
0.082866
0.145459
0.145454
0.145451
0.145448
0.082852
0.145441
0.145439
0.145436
0.082843
0.145433
0.145428
0.145425
0.145422
0.082838
0.145415
0.145413
0.145410
0.082829
0.145407
0.145402
0.145399
0.145396
0.082824
0.145389
0.145387
0.145384
0.082815
0.145381
0.145375
0.145373
0.082807
0.145370
0.145364
0.145361
0.145359
0.082803
0.145356
0.145350
0.145347
0.145345
0.082798
0.145337
0.145335
0.145333
0.082789
0.145330
0.145324
0.145321
0.145318
0.082784
0.145311
0.145309
0.145307
0.082775
0.145304
0.145298
0.145295
0.145292
