0.574375
0.566153
0.568799
0.592106
0.558936
0.590332
0.600372
0.561098
0.573828
0.563539
0.576859
0.541196
0.559470
0.561507
0.577059
0.581984
0.567709
0.554615
0.563699
0.567051
0.566839
0.553555
0.581496
0.538484
0.553676
0.608748
0.566448
0.594856
0.583195
0.584595
0.586131
0.605363
0.546695
0.575367
0.589230
0.564493
0.604142
0.617642
0.587205
0.583098
0.558405
0.577937
0.566438
0.546539
0.549918
0.583190
0.566137
0.581569
0.585143
0.518349
0.589134
0.542873
0.614138
0.600941
0.606254
0.574108
0.578344
0.548710
0.532002
0.569119
0.571019
0.572911
0.572136
0.553583
0.591311
0.577885
0.559733
0.572554
0.573432
0.613507
0.602939
0.636928
0.570657
0.477496
0.590998
0.433188
0.612932
0.464989
0.534914
0.490253
0.566323
0.513354
0.580055
0.539722
0.586749
0.556304
0.525535
0.444765
0.567142
0.544673
0.462208
0.556606
0.548081
0.524712
0.566915
0.511631
0.554689
0.603369
0.503597
0.520645
0.491533
0.496235
0.524177
0.495320
0.555263
0.390856
0.479658
0.487767
0.532548
0.577609
0.617763
0.396207
0.425668
0.542044
0.533398
0.483601
0.432984
0.428741
0.420697
0.498970
0.508595
0.481852
0.449470
0.582562
0.508149
0.355710
0.534359
0.522497
0.445968
0.560233
0.511835
0.484821
0.514050
0.478463
0.424158
0.541940
0.414358
0.580809
0.445846
0.552006
0.499155
0.419652
0.417769
0.293452
0.339749
0.386908
0.456704
0.578279
0.379968
0.422929
0.425192
0.421960
0.430012
0.335684
0.421774
0.448366
0.420497
0.419123
0.509766
0.418443
0.544801
0.557631
0.420059
0.211560
0.250223
0.527899
0.387740
0.419985
0.421947
0.421712
0.517098
0.516400
0.421078
0.420843
0.420608
0.430579
0.497400
0.417636
0.419649
0.417381
0.416799
0.417919
0.450756
0.418481
0.477405
0.460435
0.417783
0.413487
0.417321
0.463040
0.416858
0.413311
0.413119
0.416167
0.413632
0.439814
0.415462
0.492055
0.466251
0.530212
0.414589
0.414486
0.409420
0.413899
0.413670
0.415135
0.412686
0.414666
0.414431
0.414196
0.413961
0.413590
0.413494
0.300455
0.413209
0.411125
0.486408
0.412511
0.412276
0.411758
0.422025
0.414234
0.411091
0.423245
0.412605
0.412369
0.474914
0.411909
0.411674
0.411438
0.411203
0.410968
0.408610
0.408592
0.411093
0.407407
0.458913
0.409552
0.409317
0.406899
0.405683
0.408614
0.415162
0.408147
0.407912
0.407677
0.407443
0.407208
0.406973
0.406741
0.406511
0.406282
0.406052
0.405822
0.405592
0.405362
0.405133
0.404903
0.404673
0.404444
0.404214
0.403984
0.373359
0.403554
0.403324
0.403094
0.402865
0.402635
0.402405
0.402175
0.401944
0.401714
0.401483
0.401253
0.401022
0.400792
0.400561
0.304406
0.399998
0.399769
0.399543
0.399317
0.399090
0.398864
0.398638
0.398412
0.396157
0.397959
0.397733
0.397507
0.397281
0.397054
0.396828
0.396602
0.397951
0.397720
0.409709
0.397259
0.397028
0.396796
0.396565
0.396334
0.396102
0.395871
0.395640
0.395408
0.395177
0.394946
0.394714
0.394485
0.394258
0.394031
0.393805
0.393578
0.393351
0.393125
0.392898
0.392672
0.392445
0.392218
0.391992
0.391765
0.391539
0.391312
0.391086
0.390859
0.390632
0.390406
0.390179
0.389952
0.389726
0.389499
0.389272
0.389046
0.388819
0.388592
0.388365
0.388139
0.387912
0.387688
0.387465
0.387243
0.387021
0.386799
0.386577
0.386355
0.386132
0.385910
0.385689
0.385467
0.385245
0.385024
0.384802
0.384581
0.384360
0.384138
0.383916
0.383695
0.383474
0.383253
0.383032
0.382811
0.382590
0.382370
0.382149
0.381928
0.381708
0.381487
0.381267
0.381049
0.380833
0.380617
0.380401
0.380186
0.379970
0.379754
0.380961
0.380740
0.380520
0.380300
0.380080
0.379859
0.379639
0.379419
0.379199
0.378979
0.378759
0.378539
0.378319
0.378099
0.377879
0.377659
0.377439
0.377219
0.376999
0.376779
0.376559
