17.730358
17.720759
17.666410
17.681474
17.636616
17.680898
17.682177
17.670287
17.702722
17.681265
17.681314
17.690064
17.714492
17.674259
17.711636
17.673340
17.553143
17.729691
17.722391
17.707381
17.506254
17.694165
17.567854
17.679933
17.695584
17.732135
17.767578
17.713366
17.806564
17.850029
17.747598
17.714955
17.639023
17.723439
17.769759
17.692843
17.759772
17.765548
17.765545
17.597841
17.588800
17.755874
17.699780
17.744976
17.729736
17.634528
17.662942
17.640301
17.796700
17.793096
17.739300
18.213840
17.854689
17.940415
17.716366
17.767917
17.981103
18.024637
17.875778
17.945399
17.883218
17.936930
17.982668
17.901933
17.734591
17.834756
17.820265
17.918629
17.809463
17.839633
17.756843
17.845596
17.945658
17.724880
17.898218
17.993399
18.003179
17.880170
17.993293
17.941220
18.013571
17.900576
17.785160
17.970084
18.044566
18.040936
17.983845
17.910944
18.099832
18.016756
18.092343
17.962086
18.174634
18.058861
18.016966
17.897561
17.857339
17.983169
18.074717
17.894929
18.077663
18.102452
18.272626
18.049859
18.164908
18.047603
18.101011
18.084582
18.212483
18.271480
18.045207
18.071050
18.076860
18.048475
18.165682
18.211583
18.108070
18.276257
18.167150
18.150827
18.053960
18.066207
18.185618
18.193421
18.105287
18.181445
18.124571
18.236239
18.273277
18.240794
18.255244
18.333370
18.123369
18.590554
18.513242
18.284122
18.329989
18.271240
18.337900
18.171919
18.172731
18.202378
18.282988
18.334809
18.217214
18.169367
18.180278
18.227415
18.017225
18.233063
18.324300
18.324875
18.189755
18.377063
18.259190
18.239448
18.553673
18.582657
18.243078
18.329113
18.324300
18.329334
18.237044
18.222858
18.575898
18.358540
18.263194
18.318025
18.268660
18.210573
18.289693
18.150798
18.318025
18.215194
18.183528
18.121135
18.362487
18.290742
18.310207
18.310207
18.310207
18.310207
18.310207
18.310207
18.310207
18.200656
18.325204
18.311641
18.310207
18.175694
18.310207
18.297591
18.310207
18.310207
18.350024
18.312362
18.150738
18.318025
18.230945
18.323284
18.220317
18.369387
18.267375
18.310207
18.310207
18.310207
18.318025
18.310207
18.259529
18.310207
18.310207
18.323413
18.310207
18.310207
18.310207
18.310207
18.310207
18.321170
18.310207
18.310207
18.310207
18.310207
18.310207
18.310207
18.310207
18.282794
18.310207
18.310207
18.310207
18.310207
18.310207
18.310207
18.310207
18.252935
18.310207
18.310207
18.349545
18.310207
18.310207
18.310207
18.150763
18.310207
18.243693
18.310207
18.310207
18.232792
18.310207
18.310207
18.310207
18.310207
18.310207
18.310207
18.310207
18.581043
18.310207
18.262214
18.310207
18.310207
18.310207
18.168616
18.310207
18.310207
18.310207
18.310207
18.310207
18.288453
18.310207
18.310207
18.310207
18.310207
18.310207
18.310207
18.310207
18.310207
18.310207
18.310207
18.310207
18.310207
18.310207
18.310207
18.310207
18.310207
18.310207
18.310207
18.310207
18.310207
18.310207
18.310207
18.310207
18.310207
18.310207
18.318025
18.310207
18.310207
18.310207
18.310207
18.310207
18.310207
18.310207
18.310207
18.310207
18.310207
18.310207
18.310207
18.310207
18.310207
18.310207
18.310207
18.310207
18.310207
18.310207
18.310207
18.310207
18.310207
18.310207
18.310207
18.310207
18.310207
18.310207
18.310207
18.310207
18.310207
18.310207
18.310207
18.310207
18.310207
18.310207
18.310207
18.310207
18.310207
18.310207
18.310207
18.310207
18.310207
18.310207
18.310207
18.310207
18.310207
18.310207
18.310207
18.310207
18.310207
18.310207
18.310207
18.310207
18.310207
18.310207
18.350743
18.350743
18.350743
18.350743
18.350743
18.350743
18.350743
18.350743
18.350743
18.350743
18.350743
18.350743
18.350743
