0.342506
0.335108
0.343380
0.446269
0.354617
0.275191
0.327058
0.334758
0.345674
0.337454
0.327328
0.333121
0.336704
0.335444
0.324114
0.273163
0.321091
0.307389
0.308262
0.317954
0.287385
0.305136
0.301109
0.289955
0.272922
0.307287
0.300629
0.336623
0.710379
0.280518
0.297381
0.292185
0.285937
0.275043
0.620780
0.378536
0.286501
0.272164
0.265087
0.270567
0.275525
0.243537
0.257954
0.253337
0.248994
0.238233
0.233768
0.242103
0.241115
0.576097
0.521016
0.649917
0.238925
0.239369
0.502058
0.248889
0.245721
0.565157
0.253111
0.246729
0.637006
0.226126
0.282434
0.520154
0.480757
0.250838
0.493460
0.625126
0.220371
0.218764
0.588202
0.525226
0.572247
0.377533
0.372587
0.264278
0.389295
0.605969
0.263165
0.392339
0.279708
0.575251
0.355017
0.205979
0.617529
0.335871
0.493219
0.336596
0.286399
0.353163
0.206515
0.286379
0.491434
0.569066
0.512350
0.332147
0.579612
0.582313
0.275037
0.339408
0.549016
0.541675
0.214110
0.344505
0.582358
0.344039
0.522840
0.575427
0.348555
0.301803
0.305514
0.343845
0.294858
0.312752
0.556029
0.550494
0.343349
0.352648
0.293259
0.364810
0.351017
0.349746
0.348240
0.300830
0.351693
0.347431
0.347870
0.345021
0.352258
0.544933
0.563604
0.347527
0.393965
0.348142
0.342662
0.348122
0.350200
0.349596
0.352476
0.351702
0.348073
0.347893
0.346350
0.349156
0.348400
0.535699
0.351675
0.301668
0.346878
0.304024
0.356700
0.351004
0.552183
0.349681
0.349691
0.345105
0.349515
0.348979
0.349015
0.534911
0.348384
0.350770
0.347820
0.348020
0.537673
0.534954
0.553142
0.348676
0.348222
0.347872
0.347550
0.347249
0.345608
0.348146
0.348080
0.349046
0.348691
0.354988
0.348570
0.348115
0.348018
0.546800
0.348074
0.347699
0.347378
0.347165
0.346978
0.346818
0.554748
0.346969
0.346809
0.346783
0.345118
0.347918
0.547212
0.348054
0.347732
0.347412
0.347198
0.347038
0.346878
0.346692
0.346585
0.346479
0.346399
0.346346
0.554878
0.346769
0.346662
0.346556
0.346476
0.346423
0.346357
0.347127
0.347127
0.346967
0.529948
0.347320
0.347160
0.347000
0.554329
0.347318
0.347158
0.346998
0.346891
0.346785
0.346678
0.346599
0.346546
0.346493
0.346466
0.346440
0.346414
0.346387
0.346388
0.346388
0.346388
0.346389
0.346389
0.347318
0.347158
0.347051
0.291205
0.343631
0.344919
0.345597
0.345903
0.346103
0.563426
0.344077
0.344928
0.345381
0.345595
0.345728
0.345836
0.345916
0.345943
0.345971
0.345998
0.346025
0.346052
0.346079
0.346107
0.346134
0.346161
0.346188
0.346215
0.346243
0.345639
0.346376
0.346377
0.346377
0.346378
0.346378
0.346379
0.346379
0.346380
0.346407
0.346407
0.346434
0.346435
0.346435
0.346462
0.346463
0.346490
0.346490
0.346491
0.346518
0.346519
0.346546
0.346546
0.346547
0.346574
0.346575
0.346602
0.346602
0.346603
0.346630
0.346630
0.346658
0.346658
0.346659
0.346686
0.346686
0.346713
0.346714
0.346714
0.346742
0.346742
0.346769
0.346770
0.346770
0.346797
0.346798
0.346825
0.346826
0.346826
0.346853
0.346854
0.346881
0.346881
0.346882
0.346909
0.346909
0.346936
0.346937
0.347519
0.347453
0.347413
0.347399
0.347386
0.347373
0.347359
0.347346
0.347333
0.347346
0.347360
0.347373
0.347386
0.347400
0.347413
0.347427
0.347440
0.347427
0.347440
0.347454
0.347467
0.347481
0.347494
0.347508
0.347521
0.347508
