17.569259
17.712396
17.644670
17.608344
17.721232
17.707672
17.680799
17.725203
17.629607
17.722739
17.698630
17.746741
17.681008
17.653937
17.650007
17.721611
17.613910
17.731113
17.750702
17.687418
17.553657
17.673107
17.784922
17.706833
17.715147
17.644270
17.728293
17.677833
17.722806
17.745417
17.765230
17.721673
17.745603
17.731634
17.897022
17.681689
17.633368
17.827797
17.643683
17.656682
17.716382
17.721094
17.766703
17.689761
17.758044
17.526478
17.737258
17.792119
17.704256
17.723321
17.897713
17.817465
17.878061
17.873039
17.786030
17.762403
17.868813
17.806135
17.793080
17.918328
17.937251
17.776960
17.924350
17.879553
17.800910
17.946176
17.877285
17.769199
17.915080
17.596462
17.742525
17.818110
17.901152
17.731493
17.711084
18.062936
18.078393
18.102814
18.094527
18.103753
18.067377
17.922190
18.147704
17.792389
17.822050
18.069478
18.078315
18.008564
18.006501
17.900625
17.935285
18.038849
17.926156
17.910272
18.085938
17.884705
17.906979
17.906604
17.930095
17.922930
18.075308
18.082460
18.093737
17.842021
18.097284
18.066480
18.038925
18.119038
17.967666
18.058017
18.196433
18.059057
18.174332
18.070012
18.068390
18.105248
17.884692
18.137983
18.041656
17.964527
17.937466
18.168556
18.040391
18.139096
18.197588
17.991985
18.095515
18.116592
18.246253
18.097811
17.994514
18.131169
18.150783
18.142667
18.049230
18.199369
18.197588
18.164166
18.118623
18.197588
18.068091
18.056813
18.091430
18.127662
18.131564
18.098132
18.088102
18.171573
18.214159
18.138226
18.138987
18.197584
6.550946
17.955894
18.286754
11.097641
18.182601
17.992105
6.373892
18.128057
6.326027
18.196028
18.116888
18.189322
18.149007
18.111962
18.046427
18.196028
18.155731
18.195908
18.191841
18.181637
18.148505
18.196017
18.250568
6.407319
18.196028
18.095213
18.185624
18.195989
18.195979
18.195979
18.195967
18.195951
18.151397
18.195908
18.168878
18.195878
18.156615
18.115591
18.195840
18.227148
18.195840
18.195840
18.092041
18.118369
18.081766
18.195661
18.195661
18.092493
18.195455
18.195455
18.053070
18.124408
18.094802
18.173047
18.053603
18.195311
18.195311
18.195311
18.195311
18.195311
18.195311
18.195311
18.155014
18.195311
18.123259
18.155014
18.195132
18.195132
18.195132
18.195132
18.195132
18.195132
18.195132
18.195132
18.195132
18.195132
18.195132
18.195132
18.194908
18.194908
18.194908
18.194908
18.194908
18.194908
18.194908
18.194908
18.114833
18.194908
18.194908
18.194908
6.283462
18.194279
18.194279
18.194279
18.194279
18.194279
18.194279
18.109807
18.194279
18.194279
18.193842
18.193842
18.193842
18.193842
18.193842
18.193842
18.193842
18.160497
18.193842
18.193842
18.193842
18.193842
18.193842
18.193842
18.193842
18.193842
18.153545
18.193842
18.193842
18.147360
18.193296
18.193296
18.193296
18.193296
18.193296
18.193296
18.193296
18.193296
18.193296
18.193296
18.193296
18.193296
18.193296
18.193296
18.193296
18.193296
18.193296
18.193296
18.192613
18.192613
18.192613
18.192613
18.192613
18.192613
18.192613
18.192613
18.192613
18.192613
18.150450
18.192613
18.192613
18.192613
18.192613
18.192613
18.192613
18.192613
18.192613
18.192613
18.192613
18.191760
18.191760
18.191760
18.191760
18.191760
18.191760
18.191760
18.191760
18.191760
18.191760
18.191760
18.191760
18.191760
18.191760
18.191760
18.191760
18.191760
18.191760
18.191760
18.191760
18.191760
18.190695
18.190695
18.190695
18.190695
18.190695
18.190695
18.190695
18.190695
18.190695
18.190695
18.190695
18.190695
18.190695
18.190695
18.190695
18.190695
18.190695
18.190695
18.190695
18.190695
18.190695
18.190695
18.190695
18.190695
18.189363
18.189363
18.189363
18.189363
18.189363
18.189363
18.189363
18.189363
18.189363
18.189363
18.189363
18.189363
18.189363
18.189363
18.189363
18.189363
18.189363
18.189363
18.189363
18.189363
18.189363
18.107590
18.189363
18.189363
18.187700
18.187700
18.187700
18.187700
18.187700
18.187700
18.187700
18.187700
18.187700
18.187700
18.187700
18.187700
18.187700
18.187700
18.187700
18.187700
18.187700
18.187700
18.187700
18.187700
18.187700
18.187700
18.187700
18.187700
18.187700
18.187700
18.185624
18.185624
18.185624
18.185624
18.185624
18.185624
18.185624
18.185624
18.185624
18.185624
18.185624
18.185624
18.185624
18.185624
18.185624
18.185624
18.185624
18.185624
18.185624
18.185624
18.185624
18.185624
18.185624
18.185624
18.185624
