17.668199
17.717610
17.686189
17.684439
17.659569
17.705404
17.699834
17.707262
17.676148
17.704442
17.657381
17.641219
17.747800
17.746368
17.737079
17.705208
17.754015
17.762460
17.631132
17.817015
17.680656
17.608849
17.694739
17.599208
17.734111
17.852302
17.685176
17.735735
17.786731
17.718722
17.711719
17.747693
17.759608
17.913638
17.808000
17.716152
17.715744
17.829977
17.565870
17.756409
17.756593
17.708490
17.835335
17.567977
17.645133
17.816275
17.713825
17.713341
17.757599
17.740335
17.892203
17.827922
17.875003
17.731446
17.815611
17.786835
17.734134
17.662301
17.821572
18.014917
17.815456
17.820061
17.904192
18.185878
17.960813
17.909331
17.821074
17.894937
17.770763
17.732996
17.786271
17.782675
18.076128
18.136760
17.612143
17.853330
17.957752
17.808072
17.884261
18.151202
18.045621
17.959754
17.832771
17.882858
17.966717
17.871336
17.993539
18.077311
17.917058
17.882628
18.072337
17.899387
17.968200
17.920587
17.904762
17.890732
17.952161
17.808451
17.966337
17.951731
18.080237
18.173050
18.095317
18.228705
18.040435
18.173072
18.187800
18.134779
18.128511
18.202221
18.108073
18.177961
17.840988
17.981052
18.528698
18.134086
17.966451
17.955322
18.108620
17.898770
18.201347
18.326457
18.140402
17.953007
17.918586
18.144909
18.315190
18.207408
18.153061
18.150209
18.148273
18.156414
18.035838
18.158261
18.228437
18.206522
18.069385
18.126518
18.199572
18.146507
18.219813
18.170420
18.367325
18.279711
18.228323
18.319857
18.272558
18.082121
18.222281
18.315168
18.162342
18.228323
18.530515
18.238770
18.228323
18.259013
18.275134
18.266318
18.284583
18.228323
18.173104
18.625334
18.209830
18.279507
18.130175
18.244094
18.303628
18.228180
18.323351
18.239953
18.228180
18.284323
18.159761
18.228180
18.158448
18.165420
18.228180
18.228180
18.175238
18.228573
18.175251
18.228001
18.280826
18.228001
18.161337
18.144053
18.091048
18.141701
18.228001
18.228001
18.280950
18.181394
18.157924
18.227777
18.163039
18.227777
18.227777
18.227777
18.252917
18.140417
18.227777
18.220100
18.284166
18.298508
18.227777
18.227777
18.154588
18.227777
18.226737
18.227497
18.161644
18.227497
18.227497
18.125836
18.154347
18.227497
18.162266
18.227497
18.227497
18.151691
18.227497
18.227497
18.164178
18.156492
18.227148
18.141679
18.227148
18.227148
18.227148
18.227148
18.227148
18.227148
18.173372
18.227148
18.227148
18.158946
18.227148
18.227148
18.192545
18.321856
18.283056
18.227148
18.227148
18.226711
18.226711
18.247679
18.226711
18.226711
18.226711
18.226711
18.226711
18.226711
18.320516
18.226711
18.226711
18.226711
18.226711
18.226711
18.226711
18.226711
18.226711
18.226711
18.226165
18.226165
18.226165
18.226165
18.226165
18.226165
18.226165
18.226559
18.183667
18.157659
18.226165
18.226165
18.226165
18.226165
18.226165
18.226165
18.226165
18.226165
18.226165
18.226165
18.225483
18.225483
18.225483
18.582264
18.225483
18.225483
18.225483
18.225483
18.225483
18.225483
18.225483
18.225483
18.225483
18.225483
18.225483
18.225483
18.225483
18.225483
18.225483
18.225483
18.225483
18.225483
18.225483
18.225483
18.225483
18.225483
18.224631
18.224631
18.224631
18.156379
18.224631
18.224631
18.224631
18.224631
18.224631
18.224631
18.224631
18.224631
18.224631
18.224631
18.224631
18.224631
18.224631
18.224631
18.224631
18.224631
18.224631
18.224631
18.224631
18.224631
18.224631
18.224631
18.224631
18.223566
18.223566
18.223566
18.223566
18.223566
18.223566
18.297662
18.223566
18.223566
18.223566
18.223566
18.223566
18.223566
18.223566
18.223566
18.223566
18.223566
18.223566
18.223566
18.223566
18.223566
18.332239
18.332239
18.332239
18.332239
18.332239
18.332239
18.332239
18.332239
18.332239
18.332239
18.332239
18.332239
18.332239
18.332239
18.330909
18.330909
18.330909
18.330909
18.330909
18.330909
18.330909
18.330909
18.330909
18.330909
18.330909
18.330909
18.330909
18.330909
18.330909
18.330909
18.330909
18.330909
18.330909
18.330909
18.330909
18.330909
18.330909
18.330909
18.330909
18.330909
18.330909
18.330909
18.330909
18.330909
18.330909
18.330909
18.330909
18.330909
18.330909
18.330909
18.330909
18.330909
18.330909
18.330909
18.330909
18.330909
18.330909
18.330909
18.330909
18.330909
18.330909
18.330909
18.330909
18.330909
18.330909
18.330909
18.330909
18.330909
18.330909
18.330909
18.330909
18.330909
18.330909
18.330909
18.330909
18.330909
18.330909
18.330909
18.330909
18.330909
18.330909
18.330909
18.330909
18.330909
18.330909
18.330909
18.330909
18.330909
18.330909
18.330909
18.330909
18.330909
18.330909
18.330909
18.330909
18.330909
18.330909
18.330909
18.330909
18.330909
18.330909
18.330909
18.330909
18.330909
18.330909
18.330909
18.330909
18.330909
18.330909
18.330909
18.330909
18.330909
18.330909
18.330909
18.330909
18.330909
18.330909
18.330909
18.330909
18.330909
18.330909
18.330909
18.330909
18.330909
