0.409156
0.408514
0.424424
0.402975
0.397514
0.419512
0.415373
0.398981
0.410387
0.426443
0.401567
0.401984
0.410078
0.405150
0.376936
0.412257
0.409505
0.420786
0.416796
0.396609
0.410339
0.382395
0.419964
0.405101
0.408797
0.431199
0.410852
0.431567
0.414036
0.428787
0.433692
0.438418
0.379595
0.420077
0.432620
0.410960
0.427247
0.385101
0.424710
0.427404
0.398348
0.442303
0.428471
0.425813
0.425915
0.417489
0.438901
0.420333
0.419862
0.419829
0.441573
0.446887
0.442176
0.371391
0.425653
0.304964
0.433882
0.355466
0.388959
0.433884
0.436374
0.332661
0.437470
0.428461
0.410737
0.365640
0.430907
0.389547
0.440530
0.418022
0.438935
0.410539
0.435023
0.277835
0.419828
0.340289
0.333092
0.453502
0.340252
0.408553
0.322541
0.446920
0.372979
0.433710
0.389235
0.454642
0.308734
0.444361
0.439323
0.452845
0.243164
0.372271
0.366313
0.371480
0.438124
0.367785
0.404903
0.440305
0.435901
0.236767
0.318374
0.357150
0.456011
0.450711
0.375751
0.284043
0.305041
0.337913
0.339798
0.449788
0.297021
0.328834
0.338249
0.437924
0.378075
0.268123
0.247082
0.328459
0.364497
0.216050
0.430731
0.226807
0.182495
0.452328
0.436433
0.157408
0.363921
0.212634
0.197215
0.289920
0.341218
0.329771
0.239410
0.338018
0.304919
0.306404
0.149385
0.412167
0.223374
0.450942
0.360565
0.247144
0.404611
0.140378
0.335843
0.287649
0.220783
0.123889
0.310856
0.244729
0.186027
0.132471
0.392983
0.303896
0.123080
0.250788
0.217909
0.163830
0.315319
0.418383
0.247135
0.228374
0.095551
0.238096
0.305408
0.249999
0.323940
0.201401
0.288049
0.233174
0.111138
0.197550
0.330105
0.167441
0.333743
0.161800
0.131503
0.069084
0.068617
0.151755
0.142809
0.351509
0.161402
0.182975
0.090465
0.065549
0.066869
0.066403
0.202424
0.114916
0.337878
0.064042
0.178550
0.061148
0.119374
0.073291
0.165099
0.059951
0.160735
0.198267
0.194918
0.082190
0.060288
0.285308
0.331191
0.296923
0.299749
0.302636
0.060682
0.307826
0.309856
0.310866
0.311883
0.333307
0.315962
0.313902
0.314941
0.314905
0.315952
0.317005
0.318067
0.318029
0.319098
0.320175
0.339178
0.321216
0.321176
0.322269
0.322228
0.323328
0.323287
0.324396
0.324115
0.323288
0.325431
0.322726
0.326515
0.326473
0.326431
0.327564
0.326367
0.343783
0.327430
0.328572
0.195367
0.314978
0.329702
0.415602
0.329593
0.329548
0.330706
0.330660
0.330615
0.330569
0.331735
0.331689
0.330432
0.330387
0.330341
0.330295
0.330250
0.330204
0.330159
0.330113
0.330068
0.330022
0.329977
0.329931
0.328358
0.329840
0.329795
0.329749
0.329704
0.329658
0.329638
0.329567
0.329522
0.329476
0.329431
0.329385
0.329340
0.329294
0.329249
0.329203
0.329158
0.329112
0.329067
0.329021
0.328976
0.328932
0.328887
0.328843
0.328799
0.328755
0.328710
0.328666
0.327443
0.327119
0.327074
0.327029
0.326984
0.326940
0.326895
0.326851
0.326806
0.326761
0.326717
0.326672
0.326628
0.326583
0.326538
0.326494
0.326449
0.326405
0.326360
0.326316
0.326271
0.326227
0.326182
0.326138
0.326094
0.326049
0.326005
0.325960
0.325916
0.325871
0.325827
0.325782
0.325738
0.325694
0.325649
0.324456
0.324413
0.324369
0.324326
0.324283
0.324239
0.324196
0.324152
0.324109
0.324066
0.324022
0.323979
0.323935
0.323892
0.323849
0.323807
0.323765
0.323723
0.323681
0.323639
0.323597
