0.671338
0.654774
0.677285
0.698505
0.657491
0.651669
0.675899
0.638932
0.633924
0.644387
0.675468
0.650208
0.671397
0.673222
0.614697
0.667067
0.632031
0.676841
0.626972
0.618374
0.637182
0.595892
0.632518
0.612148
0.598916
0.676484
0.661078
0.646006
0.595513
0.631966
0.649279
0.623947
0.629621
0.612731
0.632316
0.615100
0.643076
0.662239
0.612270
0.612329
0.600570
0.589478
0.595030
0.567950
0.595859
0.593460
0.595091
0.635418
0.573585
0.604359
0.545361
0.589185
0.617814
0.608766
0.556468
0.594515
0.618947
0.613131
0.540030
0.542016
0.606865
0.554517
0.576948
0.579202
0.555108
0.557824
0.565744
0.511282
0.581550
0.585736
0.543060
0.539818
0.580293
0.608394
0.527328
0.589596
0.502704
0.565329
0.577984
0.557129
0.513467
0.518627
0.521705
0.548168
0.491479
0.470671
0.512325
0.526957
0.489712
0.508417
0.506121
0.484801
0.524119
0.506182
0.473935
0.561954
0.511265
0.483752
0.516593
0.487099
0.473240
0.444649
0.459814
0.478171
0.456169
0.475977
0.482452
0.433244
0.457840
0.483690
0.513586
0.417383
0.461511
0.434892
0.533837
0.484822
0.472379
0.439355
0.451374
0.410347
0.449642
0.419782
0.413563
0.452193
0.447440
0.406234
0.427096
0.450740
0.406122
0.410667
0.390544
0.372792
0.425870
0.439468
0.406453
0.390262
0.372098
0.388146
0.386347
0.399679
0.397293
0.417727
0.385966
0.378625
0.388508
0.393991
0.373176
0.397878
0.417193
0.373429
0.367801
0.368090
0.338485
0.356182
0.356242
0.358603
0.373911
0.354060
0.367236
0.373627
0.351443
0.346439
0.348680
0.339101
0.333356
0.392974
0.351761
0.334781
0.337880
0.392666
0.370647
0.339497
0.318916
0.437525
0.329803
0.330178
0.328986
0.327904
0.307929
0.326271
0.351528
0.324318
0.323464
0.322656
0.321862
0.306607
0.336118
0.327846
0.329787
0.316557
0.316835
0.316235
0.357820
0.314947
0.314399
0.313869
0.312622
0.359781
0.311555
0.328732
0.315521
0.310528
0.310082
0.309071
0.309201
0.311087
0.308339
0.307937
0.307551
0.307181
0.306811
0.306442
0.319248
0.305489
0.305136
0.304787
0.304438
0.304096
0.303766
0.333947
0.302939
0.302644
0.302353
0.302062
0.296799
0.301518
0.303590
0.300954
0.300680
0.309284
0.300008
0.299736
0.299488
0.299249
0.335738
0.298444
0.297777
0.298013
0.334688
0.297413
0.297204
0.296998
0.296793
0.296383
0.296480
0.296289
0.296098
0.294521
0.295754
0.295568
0.295391
0.295215
0.295038
0.294861
0.294685
0.294508
0.294331
0.294155
0.293983
0.293820
0.293657
0.293494
0.293331
0.293168
0.293010
0.292861
0.292711
0.292561
0.292412
0.292262
0.292113
0.310399
0.291639
0.291512
0.291388
0.291264
0.291139
0.291020
0.290908
0.290796
0.290695
0.290594
0.290493
0.290392
0.290293
0.290203
0.290113
0.290022
0.289933
0.289841
0.289761
0.289680
0.289606
0.289534
0.289463
0.289392
0.289321
0.289250
0.289179
0.289108
0.289037
0.288975
0.288912
0.288850
0.288787
0.288724
0.288662
0.288599
0.288537
0.288474
0.288412
0.288349
0.288298
0.288236
0.288181
0.288126
0.288072
0.288017
0.287962
0.287908
0.287853
0.287798
0.287744
0.287689
0.287633
0.287586
0.287539
0.287491
0.287444
0.287397
0.287349
0.287302
0.287255
0.287208
0.287160
0.287113
0.287066
0.287021
0.286981
0.287614
0.286904
0.286870
0.286837
0.286803
0.286769
0.286735
0.286702
0.286668
0.286634
0.286600
0.286567
0.286533
