13.896007
13.957122
13.966655
13.929051
13.852260
13.899523
13.872542
13.965278
13.815013
13.986650
13.899778
13.776759
13.988677
13.947174
13.982252
13.880208
13.770013
13.949465
13.909814
13.943454
13.919133
13.875879
13.888570
14.002783
13.868661
14.024058
13.912452
13.925315
14.048284
14.048440
13.828364
14.011192
13.945866
14.098040
13.976247
13.925681
14.006215
14.065436
13.980807
13.913117
13.998041
14.059594
13.908474
14.025250
14.208222
13.986183
13.831361
13.898910
13.992208
14.110601
14.023365
14.176548
14.157258
13.934133
13.909266
14.061955
14.061080
14.152895
13.985450
14.142363
14.180489
14.139568
13.920799
14.030190
13.878145
14.016345
14.010204
14.085716
14.150722
14.177302
14.198396
14.230426
14.168932
14.161355
14.147971
14.160417
14.167417
14.232728
14.269915
14.293087
14.162593
14.255986
14.118577
14.267477
14.314187
14.017204
14.140423
14.331420
14.032496
14.086760
14.236457
14.193479
14.138680
14.073704
14.029830
14.169208
14.231590
14.481827
14.380338
14.178841
14.226452
14.467694
14.138597
14.385040
14.183317
14.519710
14.303926
14.416188
14.247149
14.244578
14.261734
14.349734
14.311723
14.217966
14.168381
14.281811
14.328108
14.213871
14.139129
14.235203
14.261776
14.232743
14.268454
14.101703
14.226212
14.302553
14.104732
14.361676
14.243103
14.223401
14.499691
14.265848
14.283256
14.205598
14.158515
14.308673
14.307183
14.241264
14.255267
14.388309
14.203874
14.470586
14.191521
14.274614
14.218208
14.215748
14.307658
14.240199
14.155180
14.144183
14.379024
14.264462
14.357733
14.420199
14.269893
14.323496
14.269893
14.263992
14.269893
14.232072
14.270675
14.233110
14.269893
14.167645
14.535200
14.216051
14.265835
14.442699
14.269893
14.166312
14.379358
14.221589
14.269893
14.341547
14.269893
14.269893
14.269893
14.269893
14.209840
14.269893
14.269893
14.269893
14.226426
14.269893
14.269893
14.269893
14.269893
14.269893
14.500767
14.270675
14.191849
14.269893
14.329153
14.269893
14.276958
14.269893
14.269893
14.269893
14.269893
14.269893
14.234475
14.269893
14.269893
14.269893
14.269893
14.269893
14.269893
14.269893
14.269893
14.395903
14.269893
14.262929
14.269893
14.269893
14.269893
14.269893
14.263335
14.269893
14.269893
14.269893
14.269893
14.269893
14.269893
14.251959
14.286167
14.269893
14.269893
14.269893
14.269893
14.269893
14.326002
14.269893
14.269893
14.269893
14.269893
14.269893
14.269893
14.269893
14.269893
14.269893
14.269893
14.269893
14.268357
14.269893
14.269893
14.385588
14.269893
14.269893
14.269893
14.269893
14.269893
14.269893
14.269893
14.269893
14.269893
14.269893
14.269893
14.269893
14.269893
14.359013
14.269893
14.269893
14.269893
14.269893
14.269893
14.269893
14.269893
14.269893
14.269893
14.269893
14.269893
14.269893
14.269893
14.269893
14.269893
14.269893
14.269893
14.269893
14.253533
14.269893
14.269893
14.269893
14.269893
14.269893
14.269893
14.269893
14.269893
14.269893
14.269893
14.269893
14.269893
14.269893
14.269893
14.269893
14.269893
14.269893
14.269893
14.269893
14.269893
14.269893
14.269893
14.269893
14.269893
14.269893
14.269893
14.269893
14.269893
14.269893
14.269893
14.269893
14.269893
14.269893
14.269893
14.269893
14.269893
14.269893
14.269893
14.269893
14.269893
14.269893
14.269893
14.269893
14.269893
14.269893
14.269893
14.269893
14.269893
14.269893
14.269893
14.269893
14.269893
14.269893
14.269893
14.269893
14.269893
14.269893
14.269893
14.269893
14.269893
14.269893
14.269893
14.269893
14.269893
14.269893
14.269893
14.269893
14.269893
14.269893
14.269893
14.269893
14.269893
14.269893
