13.819734
13.950701
13.825583
13.919694
13.965773
13.807419
13.891432
13.896539
13.893666
13.921506
13.864682
13.945560
13.811934
13.972322
13.899109
13.908000
13.889604
13.860914
13.804468
13.905998
13.898546
13.911774
13.896579
13.889521
13.886560
13.994609
13.900298
13.986683
13.925672
13.895086
14.008007
13.841165
14.060549
13.966407
13.949174
13.889595
13.945431
13.953138
14.100690
13.906912
13.956230
13.864103
13.902975
13.783544
13.985008
13.971764
14.019902
14.026245
13.952455
14.058938
14.059446
14.069371
14.106486
14.135540
13.879676
14.068505
13.958286
14.084835
14.158705
14.023705
14.063272
13.993537
14.087264
14.321015
14.054797
14.056444
14.272940
14.268054
14.310474
14.143013
14.136294
14.027021
14.177464
14.110896
13.981134
14.296854
14.224312
14.061241
14.226767
14.268693
14.314387
14.349802
14.400508
14.213731
14.230800
14.125766
14.453215
14.134242
14.290489
14.059875
13.999739
14.195759
14.315702
14.188409
14.316596
14.125715
14.206661
14.008995
14.348441
14.123895
14.333629
14.335549
14.463475
14.342975
14.477343
14.410278
14.425366
14.323778
14.433864
14.320228
14.290285
14.312063
14.395873
14.297382
14.446435
14.064538
14.367743
14.115841
14.292815
14.274022
14.189202
14.258564
14.281921
14.311312
14.442472
14.488581
14.510157
14.473178
14.581475
14.440982
14.153294
14.529867
14.518670
14.363870
14.309261
14.802268
14.377698
14.567441
14.507380
14.574194
14.342871
14.360450
14.569510
14.297201
14.424197
14.578227
14.378102
14.364775
14.339506
14.329680
14.581475
14.394537
14.503717
14.450760
14.581475
14.581475
14.579876
14.436580
14.565731
14.907481
14.386987
14.581475
14.905248
14.424270
14.332996
14.244799
14.578327
14.619592
14.575007
14.620803
14.318582
14.519236
14.581475
14.581475
14.384285
14.581475
14.361220
14.624335
14.625117
14.624335
14.508462
14.624335
14.624335
14.583820
14.625117
14.597707
14.531964
14.624335
14.468353
14.518730
14.624335
14.841723
14.526757
14.624335
14.519718
14.303402
14.624335
14.580027
14.571972
14.375384
14.624335
14.624335
14.462348
14.625117
14.624335
14.624335
14.624335
14.624335
14.545976
14.624335
14.571934
14.358943
14.624335
14.624335
14.624335
14.539413
14.493731
14.571808
14.488220
14.624335
14.624335
14.624335
14.624335
14.624335
14.655860
14.624335
14.624335
14.542236
14.624335
14.624335
14.624335
14.624335
14.555550
14.624335
14.625117
14.624335
14.574301
14.599596
14.624335
14.495876
14.624335
14.624335
14.624335
14.624335
14.624335
14.624335
14.571984
14.624335
14.527224
14.624335
14.624335
14.624335
14.624335
14.624335
14.624335
14.624335
14.624335
14.624335
14.624335
14.624335
14.624335
14.624335
14.624335
14.624335
14.624335
14.624335
14.624335
14.624335
14.624335
14.624335
14.624335
14.624335
14.624335
14.624335
14.624335
14.624335
14.624335
14.624335
14.624335
14.624335
14.624335
14.624335
14.579464
14.579464
14.579464
14.579464
14.579464
14.579464
14.579464
14.579464
14.579464
14.579464
14.579464
14.579464
14.579464
14.579464
14.579464
14.579464
14.579464
14.579464
14.579464
14.579464
14.579464
14.579464
14.579464
14.579464
14.579464
14.500067
14.579464
14.579464
14.579464
14.579464
14.579464
14.579464
14.579464
14.579464
14.579464
14.579464
14.579464
14.579464
14.772458
14.579464
14.579464
14.579464
14.579464
14.579464
14.579464
14.579464
14.579464
14.579464
14.579464
14.579464
14.579464
14.579464
14.579464
14.579464
14.579464
14.579464
14.579464
14.579464
14.579464
14.579464
14.579464
14.579464
14.579464
14.579464
14.579464
14.579464
14.579464
14.579464
14.579464
14.579464
14.579464
14.579464
14.579464
14.579464
14.579464
14.579464
14.579464
14.579464
14.579464
14.579464
14.579464
14.579464
14.579464
14.579464
14.579464
14.579464
14.579464
14.579464
14.579464
14.579464
14.579464
14.579464
14.579464
14.579464
14.579464
14.579464
14.579464
14.579464
14.579464
14.579464
14.579464
14.579464
14.579464
14.579464
14.579464
14.579464
14.579464
14.579464
14.579464
14.579464
14.579464
14.579464
14.579464
14.579464
14.579464
14.579464
14.579464
14.579464
14.579464
14.579464
14.579464
14.579464
14.579464
14.579464
14.579464
14.579464
14.579464
14.579464
14.579464
14.579464
14.579464
14.579464
14.579464
14.579464
14.579464
14.579464
14.579464
14.579464
14.579464
