0.264091
0.265497
0.223036
0.266179
0.262086
0.250229
0.234543
0.247486
0.239704
0.236396
0.248622
0.233990
0.222254
0.253332
0.237499
0.220208
0.217203
0.220602
0.220404
0.217691
0.207249
0.202321
0.205687
0.188223
0.205835
0.199003
0.199714
0.196022
0.204211
0.186321
0.231638
0.189480
0.216001
0.188061
0.167985
0.173630
0.165819
0.188442
0.175586
0.182806
0.167980
0.209507
0.155831
0.147057
0.138591
0.160462
0.161035
0.152292
0.144525
0.166001
0.177265
0.114068
0.144957
0.164582
0.165882
0.131457
0.129915
0.165584
0.182211
0.138209
0.164665
0.127288
0.148811
0.175588
0.103705
0.085304
0.164146
0.122529
0.158067
0.129226
0.141819
0.125802
0.133125
0.121243
0.087853
0.124721
0.149205
0.143628
0.137870
0.147974
0.097314
0.101264
0.142433
0.157155
0.112480
0.112141
0.114564
0.084281
0.117404
0.145554
0.091841
0.110307
0.102840
0.085609
0.128880
0.114094
0.132796
0.116228
0.074778
0.109054
0.097457
0.108151
0.100023
0.118994
0.090207
0.094700
0.148668
0.123473
0.123816
0.116712
0.100419
0.074324
0.056465
0.070356
0.108632
0.117269
0.104000
0.123759
0.124048
0.122022
0.112199
0.112305
0.136510
0.131064
0.098496
0.124112
0.107125
0.104338
0.108820
0.104484
0.121468
0.102260
0.109001
0.094120
0.123197
0.072086
0.112858
0.107566
0.106192
0.091251
0.111275
0.109779
0.105561
0.134723
0.134287
0.092250
0.104150
0.106177
0.087616
0.103840
0.107516
0.057360
0.107449
0.145507
0.107274
0.106748
0.105086
0.050473
0.108708
0.060257
0.088846
0.104124
0.079917
0.085083
0.139761
0.111346
0.094553
0.102976
0.099833
0.102244
0.112965
0.101413
0.101873
0.101456
0.102279
0.101242
0.112965
0.099752
0.100194
0.098993
0.115728
0.098903
0.098545
0.097451
0.098563
0.093830
0.093118
0.097257
0.094058
0.086334
0.097092
0.044119
0.095059
0.095826
0.155451
0.135717
0.096147
0.086837
0.096444
0.137584
0.095975
0.095718
0.095846
0.093595
0.094998
0.094787
0.094586
0.094383
0.092961
0.094054
0.091138
0.140114
0.094249
0.094082
0.093925
0.082241
0.091437
0.092768
0.089579
0.093492
0.093370
0.093257
0.093154
0.093060
0.094154
0.092893
0.092816
0.091383
0.092690
0.092638
0.092592
0.092551
0.085976
0.092518
0.092673
0.092450
0.093221
0.092974
0.092373
0.089834
0.092396
0.092363
0.092339
0.092318
0.092294
0.092277
0.092831
0.092243
0.113281
0.092318
0.092287
0.092255
0.092230
0.092209
0.092185
0.092168
0.092148
0.092134
0.092116
0.092099
0.092088
0.092073
0.092058
0.092049
0.092036
0.092023
0.092010
0.091997
0.091990
0.091978
0.091966
0.091954
0.091943
0.091931
0.091919
0.091908
0.091896
0.091884
0.091872
0.091861
0.091855
0.091838
0.091867
0.091857
0.091848
0.091838
0.091829
0.091819
0.091803
0.091799
0.091789
0.091779
0.091770
0.091760
0.091751
0.091741
0.091731
0.091722
0.091712
0.091702
0.091693
0.091683
0.091673
0.091664
0.091654
0.091644
0.091635
0.090294
0.091615
0.091606
0.091596
0.091586
0.091577
0.091567
0.091557
0.091548
0.091538
0.091528
0.091518
0.091509
0.036854
0.091551
0.091534
0.091519
0.091500
0.091483
0.091467
0.091457
0.091442
0.091433
0.091419
0.091410
0.091401
0.091392
0.091378
0.091369
0.091360
0.091351
0.091342
0.091333
0.091324
0.091309
0.091299
0.091289
0.091280
0.091270
0.091266
0.091251
0.091241
0.091232
0.091222
0.091212
0.091202
0.091193
0.091183
0.091173
0.091163
0.091153
0.091144
0.091134
0.091124
0.091114
0.091105
0.091095
0.091085
0.091075
0.091066
0.091056
0.091046
0.091036
0.091026
0.091017
0.091007
0.090997
0.090987
0.090977
0.090968
0.090958
0.090948
0.090938
0.090928
0.090918
0.090909
0.090899
0.090889
0.090879
0.090869
0.090859
0.090850
0.090840
0.090830
0.090820
0.090810
0.090800
0.090791
0.090781
0.090771
0.090761
0.090751
0.090741
0.090732
0.090722
0.090712
0.090702
0.090692
0.090682
0.090672
0.090662
0.090653
0.090643
0.090633
0.090623
0.090613
0.090603
0.090593
0.090583
0.090573
0.090564
0.090554
0.090544
0.090534
