17.757149
17.681873
17.705897
17.670884
17.658943
17.705387
17.588930
17.802511
17.539485
17.770485
17.668350
17.682851
17.688463
17.590131
17.652610
17.717943
17.635718
17.790549
17.698497
17.674555
17.713777
17.657804
17.717366
17.697060
17.724551
17.742061
17.646387
17.765204
17.847754
17.807681
17.687901
17.928142
17.743066
17.739080
17.750926
17.785100
17.789873
17.748917
17.552656
17.748332
17.700308
17.730568
17.705607
17.657881
17.778146
17.588303
17.872654
17.773686
17.764175
17.775059
17.850883
17.835486
17.882227
17.853844
18.020813
18.063872
17.824297
17.765022
17.932327
17.795695
17.848624
17.714825
17.575458
17.748411
17.673348
17.755479
17.689741
17.699717
17.889080
18.000374
17.977807
18.003133
17.893738
17.906173
17.954370
17.850543
17.792356
18.101228
18.018428
17.847811
18.052048
18.003326
17.913691
17.988395
17.891594
17.622106
17.723036
17.655073
17.864732
18.015997
18.028769
17.778070
17.985454
17.970739
17.757659
17.979379
17.858210
17.987258
17.779925
17.870488
18.138380
17.906026
17.874873
18.115588
17.983484
18.165095
17.998267
17.880403
18.090924
18.003693
18.027836
18.205881
18.082043
17.931780
17.869381
17.942198
18.021306
17.973544
17.844220
18.083400
17.826686
17.988839
17.992595
18.023108
18.008077
18.023633
17.966400
18.142224
18.046126
18.219769
17.917803
18.083638
18.062856
17.991465
18.208733
17.857351
18.033139
18.052245
17.939841
17.977682
18.087169
18.030722
18.030174
18.158340
18.179074
18.076135
18.015000
17.988967
17.942710
18.077540
18.038301
18.038301
18.046126
18.016464
18.038301
18.038301
18.130228
18.092773
18.038301
18.038301
17.966504
17.952892
18.033139
18.158491
18.083638
18.038301
18.170358
18.046126
17.939299
18.016043
17.970215
18.032275
18.038301
18.224059
17.990534
18.038301
18.038301
18.038301
17.931352
18.038301
17.912151
18.038301
18.038301
18.038301
18.020683
18.038301
18.038301
18.038301
18.038301
17.976778
18.055565
17.977830
18.127634
17.993035
17.958283
17.991369
18.039405
18.012029
17.971277
18.047228
18.039405
18.039405
18.069783
18.039405
17.978934
18.039405
18.039405
18.039405
18.039405
18.039405
18.033484
18.057901
17.938415
18.039405
18.039405
18.039405
18.039405
18.039405
18.039405
18.039405
18.039405
18.039405
18.039405
18.039405
18.039405
18.039405
18.034234
18.039405
18.039405
18.039405
18.039405
18.039405
18.039405
17.962519
17.996921
18.039405
18.039405
18.039405
18.039405
18.039405
18.039405
18.039405
18.039405
18.039405
18.039405
18.039405
18.039405
18.039405
18.039405
17.977023
18.039405
18.039405
18.039405
18.039405
18.054055
18.039405
18.039405
18.039405
18.039405
18.039405
18.039405
18.039405
18.039405
18.039405
18.039405
18.039405
18.039405
18.039405
18.039405
18.039405
18.039405
18.039405
18.039405
18.039405
18.039405
18.039405
18.070661
18.039405
18.039405
18.039405
18.039405
18.039405
18.039405
18.039405
18.039405
18.039405
18.039405
18.039405
18.039405
18.039405
18.039405
18.039405
18.039405
18.039405
18.039405
18.039405
18.039405
18.039405
18.039405
18.039405
18.039405
18.039405
18.039405
18.039405
18.039405
18.039405
18.039405
18.039405
18.039405
17.981565
18.039405
18.039405
18.039405
18.039405
18.039405
18.039405
18.039405
18.039405
18.039405
18.039405
18.039405
18.039405
18.039405
18.039405
18.039405
18.039405
18.039405
18.039405
18.039405
18.039405
18.039405
18.039405
18.039405
18.039405
18.039405
18.039405
18.039405
18.039405
18.039405
18.039405
18.039405
18.039405
18.039405
18.039405
18.039405
18.039405
18.039405
18.039405
18.039405
18.039405
18.039405
18.039405
18.039405
18.039405
18.039405
18.039405
18.039405
18.039405
18.039405
18.039405
18.039405
18.039405
18.039405
18.039405
18.039405
18.039405
18.039405
18.039405
18.039405
18.039405
18.039405
18.039405
18.039405
18.039405
18.039405
18.039405
18.039405
