4.186919
4.191327
4.185433
4.164476
4.188643
4.191885
4.188450
4.191492
4.193976
4.192341
4.180509
4.183196
4.190076
4.183423
4.194532
4.176426
4.183837
4.182715
4.190055
4.192552
4.188607
4.192674
4.180391
4.191865
4.191259
4.153411
4.170465
4.173657
4.175330
4.172552
4.168464
4.185413
4.178153
4.179609
4.167305
4.174834
4.167674
4.158083
4.175789
4.166427
4.169579
4.186947
4.172109
4.187169
4.187618
4.179712
4.168503
4.171295
4.168312
4.178491
4.165246
4.160340
4.154252
4.171179
4.165484
4.151478
4.151901
4.149860
4.163787
4.147419
4.176586
4.158167
4.149623
4.163806
4.157750
4.163768
4.156127
4.178960
4.154062
4.162784
4.148297
4.163477
4.154974
4.150233
4.164751
4.153546
4.154360
4.156100
4.160209
4.167564
4.157291
4.158660
4.140199
4.150535
4.147835
4.149811
4.145749
4.141968
4.153646
4.153409
4.169605
4.155071
4.165878
4.149922
4.151961
4.155010
4.161207
4.151763
4.154677
4.159016
4.140341
4.154535
4.151321
4.144486
4.152117
4.152304
4.140337
4.140335
4.139665
4.153763
4.142598
4.148212
4.148988
4.150542
4.150374
4.138833
4.147483
4.142050
4.153692
4.145775
4.149015
4.142659
4.141191
4.140260
4.142845
4.146115
4.139660
4.149015
4.147483
4.150378
4.143153
4.141187
4.136737
4.139660
4.139660
4.139825
4.147483
4.138298
4.138298
4.141187
4.139660
4.139642
4.136112
4.141187
4.139665
4.139644
4.139825
4.141557
4.141187
4.138898
4.140329
4.149759
4.138298
4.147648
4.139639
4.138298
4.139660
4.147648
4.139654
4.141187
4.138298
4.141886
4.138298
4.135531
4.136112
4.139660
4.149015
4.139660
4.139549
4.139660
4.138954
4.139825
4.142388
4.142657
4.148569
4.138298
4.138298
4.138298
4.147483
4.138298
4.139660
4.138298
4.138298
4.138298
4.138298
4.135948
4.140335
4.139660
4.139661
4.139825
4.138298
4.138298
4.139661
4.138298
4.138298
4.138298
4.146115
4.139660
4.138298
4.139660
4.139660
4.138298
4.138298
4.138298
4.138298
4.139825
4.138298
4.138298
4.138298
4.138298
4.138298
4.138298
4.141187
4.138298
4.138298
4.138298
4.138298
4.138298
4.138298
4.139660
4.138298
4.138298
4.138298
4.138298
4.147648
4.138298
4.139825
4.138298
4.138298
4.139660
4.138298
4.138298
4.138298
4.138298
4.141337
4.138298
4.146115
4.138298
4.139660
4.138298
4.138298
4.138298
4.138298
4.139660
4.138298
4.138298
4.138298
4.139825
4.138298
4.138298
4.138298
4.138298
4.138298
4.138298
4.138298
4.138298
4.138298
4.138298
4.138298
4.138298
4.138298
4.138298
4.138298
4.138298
4.138298
4.138298
4.138298
4.138298
4.138298
4.138298
4.138298
4.139660
4.138298
4.138298
4.138298
4.138298
4.138298
4.138298
4.138298
4.138298
4.138298
4.138298
4.138298
4.138298
4.138298
4.138298
4.138298
4.138298
4.138298
4.138298
4.138298
4.138298
4.138298
4.138298
4.138298
4.138298
4.138298
4.138298
4.138298
4.138298
4.138298
4.138298
4.138298
4.138298
4.138298
4.138298
4.138298
4.138298
4.138298
4.138298
4.138298
4.138298
4.138298
4.138298
4.138298
4.138298
4.138298
4.138298
4.138298
4.138298
4.138298
4.138298
4.138298
4.138298
4.138298
4.138298
4.138298
4.138298
4.138298
4.138298
4.138298
4.138298
4.138298
4.138298
4.138298
4.138298
4.138298
4.138298
4.138298
4.139825
4.138298
4.138298
4.138298
4.138298
4.138298
4.138298
4.138298
4.138298
4.138298
4.138298
4.138298
4.138298
