4.186116
4.190193
4.187886
4.192203
4.185779
4.190319
4.183367
4.192891
4.183713
4.175701
4.180384
4.189741
4.195102
4.191240
4.188730
4.194059
4.179474
4.193471
4.193148
4.194908
4.191139
4.188127
4.188101
4.193897
4.190157
4.178595
4.179163
4.173177
4.184934
4.178601
4.180361
4.167981
4.180626
4.174456
4.164686
4.179239
4.154151
4.175151
4.176319
4.158636
4.180377
4.178607
4.169332
4.175538
4.174706
4.158832
4.178768
4.164977
4.189435
4.184884
4.157498
4.165407
4.158562
4.169237
4.165858
4.169895
4.156999
4.154311
4.162657
4.167360
4.153858
4.158761
4.157664
4.149355
4.164790
4.163056
4.169046
4.170109
4.155145
4.149058
4.148665
4.166388
4.160196
4.151930
4.169654
4.160937
4.147991
4.141182
4.170531
4.181594
4.158265
4.158190
4.156485
4.174008
4.165918
4.162051
4.139825
4.151094
4.168826
4.181979
4.151798
4.159911
4.145100
4.157215
4.188718
4.156279
4.143721
4.186528
4.156349
4.147626
4.142095
4.180067
4.140947
4.155075
4.145560
4.174120
4.187677
4.172478
4.183892
4.176213
4.151476
4.184923
4.184161
4.183558
4.144456
4.142983
4.149600
4.162915
4.156249
4.141187
4.142659
4.175051
4.141187
4.169003
4.148250
4.169361
4.183433
4.170579
4.139664
4.141187
4.149934
4.140260
4.172772
4.141187
4.139117
4.168503
4.180626
4.169361
4.149651
4.184244
4.177062
4.151322
4.181599
4.181794
4.169361
4.177947
4.142306
4.156892
4.174091
4.170909
4.179685
4.137536
4.169361
4.169361
4.148212
4.179073
4.145350
4.139660
4.170937
4.175656
4.166017
4.139665
4.139660
4.140260
4.176775
4.167286
4.168615
4.174350
4.162748
4.167286
4.167286
4.170579
4.138898
4.170746
4.181030
4.167894
4.137536
4.164384
4.167286
4.183892
4.169441
4.167286
4.145350
4.181028
4.167286
4.167286
4.181028
4.167286
4.167286
4.167286
4.153764
4.167286
4.179073
4.167286
4.167286
4.167286
4.167286
4.158802
4.167286
4.139660
4.167894
4.167286
4.167286
4.167286
4.169361
4.168832
4.174805
4.167286
4.167286
4.167286
4.167286
4.167286
4.167286
4.167894
4.167286
4.167286
4.167286
4.167286
4.167286
4.167286
4.167286
4.167286
4.139660
4.139660
4.167286
4.167286
4.167286
4.167286
4.167286
4.173502
4.167286
4.167286
4.167894
4.167286
4.137536
4.167286
4.167286
4.173502
4.167286
4.167894
4.173502
4.167286
4.167286
4.167286
4.173502
4.167286
4.167286
4.168832
4.167286
4.167286
4.167286
4.167286
4.167286
4.167286
4.167286
4.168832
4.167286
4.167286
4.167286
4.167286
4.167286
4.167286
4.167286
4.167286
4.167286
4.167286
4.167286
4.167286
4.167286
4.167286
4.167286
4.167286
4.167286
4.167286
4.167286
4.167286
4.167286
4.167286
4.167286
4.167286
4.167286
4.167286
4.167286
4.167286
4.167286
4.167286
4.167286
4.167286
4.167286
4.167286
4.167286
4.167286
4.167286
4.167286
4.167286
4.167286
4.167286
4.167286
4.167286
4.167286
4.167286
4.167286
4.167286
4.167286
4.167286
4.167286
4.167286
4.167286
4.167286
4.167286
4.167286
4.167286
4.167286
4.167286
4.167286
4.167286
4.167286
4.167286
4.167286
4.167286
4.167286
4.167286
4.167286
4.167286
4.167894
4.167286
4.167286
4.167286
4.164695
4.164695
4.164695
4.164695
4.164695
4.164695
4.164695
4.164695
4.164695
4.164695
4.164695
4.164695
4.164695
4.164695
4.164695
4.164695
4.164695
4.164695
4.164695
4.164695
4.164695
4.164695
4.164695
4.164695
4.164695
4.164695
4.164695
