4.188141
4.183831
4.171321
4.188394
4.186178
4.183665
4.193192
4.191288
4.193320
4.190280
4.189833
4.189961
4.195577
4.183736
4.189853
4.190161
4.188020
4.191874
4.182972
4.189969
4.187664
4.188277
4.187062
4.191338
4.191206
4.176784
4.169773
4.152647
4.182516
4.174108
4.179991
4.174796
4.177252
4.166701
4.180024
4.184078
4.164268
4.189989
4.177800
4.173821
4.182673
4.171261
4.174565
4.174216
4.170074
4.173546
4.180882
4.159672
4.176485
4.183457
4.157274
4.152626
4.173788
4.162665
4.153211
4.164892
4.173105
4.163318
4.154020
4.144624
4.166421
4.169232
4.163715
4.169620
4.158033
4.162464
4.156088
4.154216
4.163253
4.169522
4.169786
4.156760
4.160315
4.167366
4.164174
4.164157
4.163520
4.163367
4.156361
4.149884
4.165540
4.144653
4.143106
4.163819
4.157326
4.153850
4.157808
4.150122
4.144324
4.161864
4.168400
4.151212
4.160010
4.145842
4.143047
4.151651
4.165966
4.152193
4.147743
4.144482
4.144755
4.152029
4.150631
4.156701
4.151813
4.151960
4.152894
4.145801
4.153076
4.145744
4.145423
4.149652
4.147417
4.147251
4.153671
4.141110
4.143811
4.143940
4.153859
4.154269
4.138841
4.149795
4.160574
4.145237
4.143299
4.144755
4.141371
4.150274
4.143266
4.142855
4.149812
4.141981
4.150573
4.144814
4.154119
4.143038
4.141915
4.141344
4.154851
4.143627
4.143918
4.143298
4.141981
4.142472
4.155833
4.144649
4.141605
4.142266
4.136112
4.145422
4.150541
4.143785
4.142822
4.141981
4.151972
4.149812
4.144813
4.142855
4.141981
4.142689
4.144813
4.141915
4.149812
4.143875
4.142855
4.149812
4.141981
4.142576
4.144813
4.151184
4.141981
4.141915
4.145598
4.143266
4.143266
4.141998
4.141981
4.141981
4.141981
4.141981
4.141981
4.142266
4.141981
4.141981
4.141915
4.141883
4.141981
4.141981
4.142270
4.141981
4.141981
4.149812
4.141981
4.144065
4.141981
4.142855
4.141915
4.141981
4.141981
4.141981
4.141998
4.141981
4.141981
4.150738
4.141915
4.141981
4.141981
4.141981
4.141981
4.141981
4.141981
4.136112
4.141981
4.142266
4.142855
4.141981
4.141981
4.142683
4.141981
4.141981
4.141981
4.142657
4.143292
4.141981
4.141981
4.141981
4.141981
4.141981
4.141981
4.141981
4.141981
4.141981
4.142855
4.141981
4.141981
4.141981
4.141981
4.141981
4.141981
4.141981
4.141981
4.149812
4.141981
4.141950
4.141981
4.141981
4.141981
4.141981
4.141981
4.141981
4.142657
4.141981
4.141981
4.141981
4.141981
4.141981
4.141981
4.141981
4.141915
4.141981
4.141981
4.141981
4.141981
4.141981
4.141981
4.141981
4.141981
4.141981
4.141981
4.141981
4.141981
4.141981
4.141981
4.141981
4.141981
4.141981
4.141981
4.141981
4.141981
4.141981
4.141981
4.141981
4.141981
4.141981
4.141981
4.141981
4.141981
4.141981
4.141981
4.141981
4.141981
4.141981
4.141981
4.141981
4.141981
4.141981
4.141981
4.141981
4.141981
4.141981
4.141981
4.141981
4.141981
4.141981
4.141981
4.141981
4.141981
4.141981
4.141981
4.141981
4.141981
4.141981
4.141981
4.141981
4.141981
4.141981
4.141981
4.141981
4.141981
4.141981
4.141981
4.141981
4.141981
4.141981
4.141981
4.141981
4.141981
4.141981
4.141981
4.141981
4.141981
4.141981
4.141981
4.141981
4.141981
4.141981
4.141981
4.141981
4.141981
4.141981
4.141981
4.141981
4.141981
4.141981
4.141981
4.141981
4.141981
4.141981
4.141981
4.141981
4.141981
4.141981
