4.192590
4.182471
4.190176
4.192718
4.187730
4.189531
4.187219
4.184172
4.188411
4.185998
4.191259
4.183222
4.183905
4.189864
4.194454
4.180059
4.186316
4.189773
4.187812
4.186098
4.193114
4.189887
4.191327
4.182369
4.187944
4.177645
4.168023
4.175599
4.177068
4.159755
4.165524
4.175884
4.159754
4.193630
4.175320
4.177682
4.166460
4.175368
4.176830
4.161185
4.183335
4.179513
4.185095
4.167344
4.170341
4.178075
4.173095
4.166966
4.190597
4.154960
4.154191
4.155129
4.186200
4.182524
4.158103
4.186520
4.155608
4.186671
4.147259
4.190257
4.171773
4.155054
4.186316
4.160307
4.157811
4.171757
4.167029
4.157222
4.146222
4.158821
4.167225
4.147086
4.187993
4.162158
4.146293
4.170352
4.159630
4.187355
4.150360
4.169234
4.187701
4.149253
4.183356
4.178848
4.189002
4.187784
4.186909
4.186792
4.186541
4.175474
4.158190
4.149434
4.184888
4.165912
4.182575
4.180653
4.186566
4.155325
4.185934
4.174190
4.182544
4.170324
4.181129
4.186599
4.163863
4.182192
4.180052
4.180803
4.186113
4.180626
4.138675
4.173769
4.176016
4.187027
4.160301
4.147967
4.181765
4.185978
4.180206
4.179956
4.179683
4.147425
4.184303
4.184107
4.182574
4.178393
4.184506
4.184552
4.183945
4.179720
4.177781
4.179073
4.178393
4.175294
4.179685
4.181596
4.179685
4.180626
4.182209
4.134584
4.180557
4.181129
4.136713
4.134584
4.179685
4.183324
4.182640
4.181423
4.176517
4.176847
4.180626
4.175294
4.180802
4.183784
4.180802
4.179073
4.175294
4.179685
4.155055
4.150026
4.137148
4.145892
4.138075
4.138510
4.141130
4.137258
4.136548
4.135947
4.137089
4.136548
4.135947
4.142070
4.135947
4.135947
4.135947
4.135947
4.135947
4.137475
4.144360
4.140260
4.137475
4.135947
4.137475
4.138075
4.138393
4.135947
4.136548
4.135947
4.135947
4.138075
4.135947
4.135947
4.135947
4.135947
4.135947
4.136548
4.137475
4.135947
4.135947
4.135947
4.135947
4.136548
4.135947
4.135947
4.135947
4.135947
4.135947
4.135947
4.136548
4.135947
4.136548
4.137475
4.135947
4.135947
4.135947
4.137475
4.135947
4.138075
4.135947
4.135947
4.134584
4.139002
4.135947
4.143757
4.135947
4.135947
4.135947
4.135947
4.135947
4.135947
4.135947
4.135947
4.135947
4.135947
4.135947
4.135947
4.135947
4.135947
4.134584
4.135947
4.135947
4.135947
4.139660
4.135947
4.136548
4.135947
4.135947
4.135947
4.135947
4.135947
4.135947
4.135947
4.135947
4.135947
4.135947
4.135947
4.135947
4.135947
4.135947
4.135947
4.135947
4.135947
4.135947
4.135947
4.135947
4.135947
4.135947
4.135947
4.135947
4.135947
4.135947
4.135947
4.135947
4.135947
4.135947
4.135947
4.135947
4.135947
4.135947
4.135947
4.135947
4.139660
4.135947
4.135947
4.135947
4.135947
4.135947
4.135947
4.135947
4.135947
4.135947
4.135947
4.135947
4.135947
4.135947
4.135947
4.135947
4.135947
4.135947
4.135947
4.135947
4.135947
4.135947
4.135947
4.135947
4.135947
4.135947
4.135947
4.135947
4.135947
4.135947
4.135947
4.135947
4.135947
4.135947
4.135947
4.135947
4.135947
4.135947
4.135947
4.135947
4.135947
4.135947
4.135947
4.135947
4.135947
4.135947
4.135947
4.135947
4.135947
4.135947
4.135947
4.135947
4.135947
4.135947
4.135947
4.135947
4.135947
4.135947
4.135947
4.135947
4.135947
4.135947
4.135947
4.135947
4.135947
4.135947
4.135947
4.135947
4.135947
4.135947
4.135947
4.135947
4.135947
4.135947
4.135947
4.135947
4.135947
4.135947
4.135947
4.135947
4.135947
4.135947
4.135947
4.135947
4.135947
4.135947
4.135947
4.135947
4.136548
4.135947
4.135947
4.135947
4.135947
4.135947
4.135947
4.135947
4.135947
4.135947
4.135947
4.135947
4.135947
