4.188466
4.186421
4.191224
4.179777
4.193090
4.188404
4.192079
4.190597
4.192716
4.188142
4.190017
4.194613
4.187755
4.193540
4.190172
4.190902
4.194747
4.188448
4.185703
4.195545
4.192565
4.191259
4.194053
4.185854
4.186039
4.176284
4.169475
4.181848
4.181613
4.185210
4.188646
4.170508
4.183137
4.182090
4.181734
4.190689
4.176914
4.180767
4.181178
4.181657
4.180225
4.179508
4.166134
4.171983
4.180823
4.188147
4.178229
4.182564
4.185816
4.181590
4.189902
4.190134
4.157105
4.166746
4.152428
4.178955
4.174157
4.180223
4.167386
4.173367
4.188282
4.164185
4.170097
4.172456
4.160593
4.165977
4.180253
4.173543
4.174161
4.186864
4.180969
4.169147
4.173793
4.163978
4.171375
4.188567
4.166846
4.187007
4.176145
4.186182
4.153074
4.167440
4.185128
4.170250
4.188602
4.176923
4.169595
4.187516
4.182461
4.179141
4.173458
4.165186
4.159246
4.186540
4.154153
4.186263
4.163222
4.165511
4.168234
4.187725
4.178391
4.185293
4.183187
4.163343
4.176727
4.165780
4.158498
4.180293
4.175500
4.182243
4.161324
4.187954
4.188599
4.179073
4.183684
4.168196
4.176582
4.180501
4.187058
4.160646
4.183545
4.184334
4.181990
4.181377
4.181194
4.180020
4.180296
4.176272
4.173980
4.156029
4.179987
4.158850
4.150979
4.182693
4.185437
4.148653
4.182192
4.182497
4.176573
4.181594
4.180020
4.181594
4.179861
4.180020
4.177053
4.180020
4.180020
4.180640
4.152393
4.180020
4.180020
4.178419
4.179073
4.173817
4.152168
4.147648
4.180017
4.179678
4.180530
4.180020
4.180641
4.180639
4.178419
4.155635
4.180020
4.180020
4.182317
4.172566
4.173924
4.180020
4.174508
4.180391
4.153644
4.148653
4.180018
4.180020
4.180296
4.180017
4.180020
4.180023
4.180020
4.180549
4.180020
4.180998
4.180020
4.180020
4.182215
4.182573
4.182925
4.180019
4.181988
4.180020
4.180020
4.178135
4.180020
4.171832
4.180640
4.180020
4.180020
4.180020
4.180020
4.180020
4.180020
4.180020
4.180020
4.180020
4.181594
4.180640
4.180020
4.182340
4.180020
4.180020
4.180020
4.180020
4.180020
4.180020
4.180020
4.180020
4.180020
4.180020
4.180020
4.180020
4.180020
4.180020
4.180998
4.180020
4.180020
4.180020
4.180020
4.180020
4.180020
4.180020
4.180020
4.180020
4.180020
4.180020
4.180020
4.180020
4.179053
4.180020
4.180020
4.180020
4.180641
4.180020
4.182002
4.180020
4.180019
4.180020
4.180020
4.180020
4.180020
4.180020
4.180475
4.180020
4.180020
4.180020
4.180020
4.180020
4.180020
4.180020
4.180020
4.180020
4.180020
4.180020
4.180020
4.180020
4.180020
4.180020
4.180020
4.180020
4.180020
4.180020
4.180020
4.180020
4.180020
4.180020
4.180020
4.180020
4.180020
4.180020
4.180020
4.180020
4.180020
4.180020
4.180020
4.180020
4.180020
4.180020
4.180020
4.180020
4.180020
4.180020
4.180020
4.180020
4.180020
4.180020
4.180020
4.180020
4.180020
4.180020
4.180020
4.180020
4.180020
4.180020
4.180020
4.180020
4.180020
4.180020
4.180020
4.180020
4.180020
4.180020
4.180020
4.180020
4.180020
4.180020
4.180020
4.180020
4.180020
4.180020
4.180020
4.180020
4.180020
4.180020
4.180020
4.180020
4.180020
4.180020
4.180020
4.180020
4.180020
4.180020
4.180020
4.180020
4.180020
4.180020
4.180020
4.180020
4.180020
4.180020
4.180020
4.180020
4.180020
4.180020
4.180020
4.180020
4.180020
4.180020
4.180020
4.180020
4.180020
4.180020
4.180020
4.180020
4.180020
4.180020
4.180020
4.180020
4.180020
4.180020
4.180020
4.180020
4.180020
4.180020
4.180020
4.180020
4.180020
4.180020
4.180020
4.180020
4.180020
4.180020
4.180020
4.180020
4.180020
4.180020
4.180020
4.180020
4.180020
4.180020
4.180020
4.180020
4.180020
4.180020
4.180020
4.180020
4.180020
4.180020
4.180020
4.180020
4.180020
4.180020
4.180020
4.180020
4.180020
4.180020
4.180020
4.180020
