4.175775
4.185968
4.192511
4.169996
4.189996
4.176414
4.176199
4.189526
4.186484
4.187874
4.188000
4.192476
4.189815
4.192717
4.188264
4.183333
4.186107
4.186938
4.191980
4.185814
4.191438
4.190161
4.176445
4.195335
4.190296
4.166795
4.179764
4.179419
4.174973
4.179992
4.177567
4.175068
4.181386
4.185775
4.181370
4.185777
4.171081
4.161946
4.179992
4.185297
4.178453
4.169850
4.181603
4.191513
4.162698
4.180538
4.168785
4.169716
4.181860
4.183975
4.170606
4.163082
4.173232
4.156063
4.155965
4.162062
4.162897
4.160758
4.189878
4.169548
4.151540
4.165692
4.173313
4.170352
4.163139
4.155913
4.158158
4.152331
4.157105
4.147453
4.149455
4.162160
4.159392
4.176839
4.158553
4.181272
4.143599
4.176866
4.173126
4.188321
4.143454
4.182816
4.153523
4.187379
4.174086
4.184002
4.153910
4.187131
4.154415
4.145913
4.187775
4.170061
4.169118
4.143425
4.152883
4.149359
4.164904
4.163976
4.174492
4.186908
4.149015
4.166677
4.157538
4.174864
4.147485
4.180306
4.153378
4.167713
4.168669
4.141771
4.149736
4.183854
4.164454
4.169634
4.170682
4.171088
4.162067
4.165086
4.168332
4.170045
4.149180
4.145805
4.181282
4.142816
4.185080
4.182441
4.179688
4.166239
4.172745
4.166078
4.141433
4.166076
4.168499
4.143434
4.162840
4.177295
4.142223
4.156094
4.150602
4.159406
4.175290
4.164456
4.169442
4.181028
4.139064
4.183553
4.158804
4.153764
4.182887
4.163959
4.161460
4.162843
4.158379
4.145350
4.161487
4.157589
4.164695
4.164383
4.174805
4.165303
4.133798
4.153927
4.163003
4.182434
4.181028
4.166077
4.177589
4.162067
4.161460
4.161460
4.164808
4.159607
4.161460
4.161460
4.161460
4.138298
4.172353
4.162067
4.161460
4.163003
4.162067
4.161460
4.164453
4.161460
4.154367
4.154367
4.161460
4.163610
4.161460
4.160504
4.161460
4.163003
4.162840
4.161460
4.163003
4.157424
4.161460
4.171023
4.155312
4.173740
4.161460
4.161460
4.163332
4.161460
4.161460
4.157424
4.158964
4.157424
4.157424
4.157424
4.157424
4.157424
4.157424
4.181028
4.157424
4.158030
4.158687
4.157424
4.157424
4.153927
4.161460
4.152995
4.152995
4.153710
4.152391
4.152391
4.167286
4.152391
4.152391
4.152391
4.152391
4.152391
4.153927
4.152995
4.152391
4.157424
4.138298
4.152391
4.152391
4.153927
4.153764
4.152391
4.164695
4.152391
4.152391
4.152391
4.152391
4.152391
4.152391
4.152391
4.152391
4.152391
4.152391
4.152391
4.152391
4.152391
4.152391
4.152391
4.152391
4.152391
4.152391
4.152391
4.176730
4.152391
4.152391
4.152391
4.152391
4.152391
4.152391
4.152391
4.152391
4.152391
4.152391
4.152391
4.152391
4.152391
4.152391
4.137536
4.152391
4.152391
4.152391
4.152391
4.152391
4.152391
4.152391
4.152391
4.153927
4.152391
4.152391
4.152391
4.152391
4.152391
4.152391
4.152391
4.146115
4.146115
4.162840
4.146115
4.146115
4.146115
4.146115
4.146115
4.146115
4.146115
4.146115
4.146115
4.146115
4.146115
4.146115
4.146115
4.146115
4.146115
4.146115
4.146115
4.146115
4.146115
4.146115
4.146115
4.146115
4.146115
4.146115
4.146115
4.146115
4.146115
4.146115
4.146115
4.146115
4.146115
4.146115
4.146115
4.146115
4.146115
4.146115
4.146115
4.146115
4.146115
4.146115
4.146115
4.146115
4.146115
4.146115
4.146115
4.146115
4.146115
4.146115
4.146115
4.146115
4.146115
4.146115
4.146115
4.146115
4.146115
4.146115
4.146115
4.146115
4.146115
4.146115
4.146115
4.146115
4.146115
4.146115
4.146115
4.146115
4.146115
4.146115
4.146115
4.146115
4.146115
4.146115
4.146115
4.146115
4.146115
4.146115
4.146115
4.146115
4.146115
4.138298
4.138298
4.138298
4.138298
4.138298
4.138298
4.138298
4.138298
4.138298
4.138298
4.138298
4.138298
4.138298
4.138298
4.138298
4.138298
4.138298
4.138298
4.138298
4.138298
4.138298
