4.190155
4.182037
4.169786
4.187840
4.192954
4.194020
4.194380
4.189926
4.191279
4.192348
4.183851
4.179578
4.187947
4.191223
4.189696
4.192335
4.190113
4.183052
4.171344
4.189503
4.186901
4.185253
4.179913
4.175689
4.194587
4.168898
4.176742
4.196108
4.166820
4.166718
4.175698
4.193599
4.164280
4.194855
4.187032
4.164739
4.169189
4.164832
4.193747
4.176001
4.177902
4.173767
4.161128
4.176175
4.167087
4.164841
4.168185
4.146036
4.158891
4.171813
4.188266
4.191320
4.156906
4.186070
4.153829
4.154048
4.171494
4.165500
4.145705
4.193171
4.168537
4.156414
4.167807
4.168195
4.161950
4.145265
4.168537
4.147029
4.189826
4.151360
4.152149
4.180615
4.154213
4.159626
4.150732
4.186797
4.152057
4.169361
4.184414
4.149883
4.143983
4.184168
4.187515
4.152118
4.185984
4.186780
4.185749
4.188043
4.138993
4.166907
4.185242
4.154416
4.149850
4.185824
4.190260
4.187288
4.167292
4.185349
4.143103
4.147867
4.183737
4.184892
4.181423
4.182780
4.185918
4.160138
4.185094
4.183976
4.183163
4.181184
4.183324
4.160011
4.185193
4.185994
4.147444
4.186305
4.166474
4.153638
4.146813
4.185196
4.175068
4.184541
4.157138
4.183105
4.182034
4.180811
4.139021
4.180802
4.182378
4.167622
4.182998
4.180606
4.180626
4.182577
4.181423
4.181757
4.183161
4.180626
4.175658
4.182402
4.182208
4.180792
4.180626
4.182728
4.183349
4.182370
4.139914
4.184404
4.181595
4.180802
4.181757
4.180626
4.180626
4.180626
4.183324
4.183790
4.180626
4.180475
4.180802
4.181757
4.180626
4.183748
4.180626
4.180626
4.181757
4.181423
4.180626
4.182378
4.181717
4.180802
4.180626
4.180802
4.181757
4.180626
4.181757
4.182998
4.180626
4.180626
4.179073
4.180626
4.180626
4.178936
4.183166
4.183651
4.181129
4.180626
4.180626
4.181129
4.182378
4.182998
4.180626
4.180618
4.181757
4.181129
4.181129
4.181118
4.181750
4.181129
4.181129
4.181129
4.181129
4.181129
4.181129
4.181129
4.180001
4.181129
4.181129
4.181129
4.181129
4.181129
4.181129
4.181129
4.181129
4.181129
4.181129
4.181129
4.181129
4.182704
4.181129
4.181129
4.181129
4.181129
4.180802
4.180626
4.180626
4.180626
4.180626
4.180626
4.180626
4.180626
4.180626
4.180626
4.180626
4.180626
4.180626
4.180626
4.180626
4.180626
4.180626
4.180626
4.180625
4.183173
4.180601
4.180625
4.180625
4.180625
4.180625
4.180625
4.180625
4.180619
4.180619
4.180619
4.180619
4.180619
4.180619
4.180619
4.180619
4.180619
4.180619
4.180619
4.180619
4.180619
4.180619
4.180619
4.180619
4.180619
4.180619
4.180618
4.180618
4.180618
4.180618
4.181748
4.180618
4.180618
4.180618
4.180618
4.180618
4.180618
4.180618
4.180618
4.180618
4.180618
4.180618
4.180618
4.180794
4.180618
4.180618
4.180618
4.180618
4.180618
4.180618
4.180618
4.180616
4.180616
4.180616
4.180616
4.180616
4.180616
4.180616
4.180616
4.180616
4.180616
4.180616
4.180616
4.180616
4.180616
4.180613
4.180613
4.180613
4.180613
4.180613
4.180789
4.180613
4.180613
4.180613
4.180613
4.180613
4.180613
4.180613
4.180613
4.180610
4.180610
4.180610
4.180610
4.180610
4.180610
4.180610
4.180610
4.180610
4.180610
4.180610
4.180606
4.180606
4.180606
4.180606
4.180606
4.180606
4.180606
4.180606
4.180606
4.180606
4.180606
4.180606
4.180601
4.180601
4.180601
4.180601
4.180601
4.180601
