4.179979
4.189839
4.189750
4.186004
4.188015
4.187596
4.183777
4.185048
4.180356
4.193080
4.192124
4.190662
4.182948
4.191942
4.192925
4.189071
4.193457
4.194586
4.190956
4.176360
4.185787
4.180320
4.193927
4.194774
4.193670
4.173946
4.179665
4.168730
4.182051
4.158884
4.184081
4.172158
4.173404
4.180832
4.179674
4.184550
4.168531
4.165517
4.178470
4.179485
4.176396
4.166964
4.174214
4.183244
4.174431
4.171598
4.178825
4.168415
4.158621
4.150753
4.163811
4.161756
4.152081
4.167026
4.171357
4.187596
4.173107
4.170016
4.176555
4.176778
4.171259
4.167019
4.174901
4.161345
4.161645
4.170370
4.162077
4.167555
4.158836
4.162192
4.156960
4.177989
4.170592
4.143629
4.171987
4.146172
4.146129
4.141187
4.149643
4.163443
4.160232
4.154294
4.143037
4.154865
4.151311
4.183181
4.154450
4.151160
4.155801
4.156084
4.147512
4.168755
4.160078
4.155774
4.160749
4.166301
4.176937
4.161245
4.140744
4.151563
4.148213
4.151312
4.162990
4.144384
4.153522
4.138617
4.150700
4.138993
4.143425
4.155076
4.144363
4.149088
4.151476
4.144364
4.143692
4.139826
4.144192
4.146658
4.148593
4.151313
4.149320
4.142216
4.144298
4.153831
4.146780
4.146303
4.144972
4.155635
4.157023
4.139437
4.154417
4.152930
4.146974
4.145238
4.144651
4.142659
4.153028
4.149114
4.142815
4.145074
4.152094
4.155149
4.142817
4.141885
4.145427
4.142980
4.148215
4.144529
4.149930
4.147073
4.141432
4.142816
4.141287
4.141432
4.154359
4.142980
4.142306
4.148213
4.141983
4.150700
4.152874
4.141432
4.142306
4.141886
4.142306
4.141432
4.142817
4.144364
4.141885
4.143367
4.163447
4.142980
4.141432
4.140946
4.141432
4.150702
4.141886
4.141432
4.142306
4.141432
4.143911
4.141432
4.142494
4.141432
4.141884
4.144077
4.141432
4.141432
4.141432
4.139660
4.140337
4.141187
4.141432
4.142815
4.141432
4.149311
4.143425
4.141432
4.141187
4.141432
4.141432
4.141432
4.150481
4.141187
4.141187
4.141187
4.141187
4.141187
4.141187
4.141187
4.141187
4.141187
4.141187
4.141187
4.142815
4.142049
4.141187
4.141983
4.141885
4.141187
4.141187
4.141187
4.142980
4.141885
4.141187
4.141187
4.142817
4.141287
4.141187
4.141187
4.141187
4.141187
4.141187
4.141187
4.141187
4.141187
4.141187
4.141187
4.141187
4.141187
4.141187
4.141187
4.141187
4.141187
4.141187
4.141187
4.141187
4.141187
4.141187
4.141187
4.141187
4.141187
4.141190
4.141886
4.141187
4.141187
4.141187
4.141187
4.141187
4.141187
4.141187
4.141187
4.141187
4.141432
4.141187
4.141187
4.141187
4.141187
4.141187
4.141187
4.141187
4.141187
4.141187
4.141187
4.141187
4.141187
4.141187
4.141187
4.141187
4.141187
4.141187
4.141187
4.141187
4.141187
4.141187
4.142049
4.141187
4.141187
4.141187
4.141187
4.141187
4.141187
4.141187
4.141187
4.141187
4.141187
4.141187
4.141187
4.141187
4.141432
4.141187
4.141187
4.141187
4.141187
4.141187
4.141187
4.141187
4.141187
4.141187
4.141187
4.141187
4.141187
4.141187
4.141187
4.141187
4.141187
4.141187
4.141187
4.141187
4.141187
4.141187
4.141187
4.141187
4.141187
4.141187
4.141187
4.141187
4.141187
4.141187
4.141187
4.141187
4.141187
4.141187
4.141187
4.141187
4.141187
4.141187
4.141187
4.141187
4.141187
4.141187
4.141187
4.141187
4.141187
4.141187
4.141187
4.141187
4.141187
4.141187
4.141187
4.141187
4.141187
4.141187
4.141187
