4.187831
4.192410
4.190294
4.182502
4.190154
4.191968
4.183573
4.188377
4.183480
4.176111
4.183771
4.191581
4.190197
4.176356
4.185649
4.180441
4.186166
4.189783
4.191124
4.183127
4.192710
4.180314
4.192540
4.179487
4.186164
4.173106
4.173879
4.183080
4.178788
4.155779
4.169875
4.188249
4.164218
4.182483
4.174432
4.165279
4.167630
4.181201
4.179866
4.174794
4.176241
4.181407
4.151205
4.174126
4.172226
4.164446
4.177307
4.170449
4.160936
4.175015
4.155643
4.156673
4.163930
4.164746
4.174436
4.181180
4.147255
4.164919
4.167142
4.164554
4.162679
4.166012
4.174233
4.168892
4.154690
4.146875
4.185354
4.151959
4.163893
4.173229
4.160949
4.171345
4.182132
4.167255
4.176392
4.146080
4.180397
4.172742
4.150546
4.143433
4.145915
4.152932
4.141064
4.148642
4.186720
4.147451
4.163741
4.163574
4.176087
4.145336
4.148863
4.151156
4.171008
4.189416
4.178999
4.152543
4.159647
4.187627
4.150936
4.143267
4.163245
4.143268
4.151566
4.178505
4.151420
4.140339
4.141343
4.140337
4.146490
4.139825
4.148597
4.151877
4.145914
4.143370
4.141110
4.149963
4.152608
4.154480
4.145647
4.167213
4.171627
4.153547
4.170229
4.155925
4.141207
4.142295
4.143329
4.140743
4.144329
4.144088
4.142270
4.161010
4.144102
4.152764
4.150115
4.142718
4.141788
4.164381
4.167620
4.152215
4.153763
4.141191
4.138898
4.141944
4.140426
4.138298
4.141287
4.144268
4.140652
4.152996
4.141249
4.141249
4.141249
4.149213
4.141249
4.157424
4.139600
4.160615
4.181260
4.141249
4.142306
4.141249
4.177643
4.141249
4.141249
4.146115
4.141249
4.141287
4.142176
4.141958
4.141335
4.142149
4.141335
4.141287
4.140652
4.152391
4.141249
4.161460
4.141249
4.141249
4.141249
4.149076
4.138300
4.141287
4.142723
4.141335
4.139660
4.141249
4.141111
4.141249
4.137536
4.149858
4.141249
4.141249
4.141335
4.141249
4.141249
4.142223
4.142014
4.141249
4.139632
4.141249
4.141249
4.141249
4.141249
4.143592
4.140652
4.139666
4.149076
4.141249
4.141249
4.141249
4.141249
4.141249
4.139825
4.141249
4.141249
4.166078
4.141249
4.141249
4.141249
4.141249
4.141287
4.141249
4.141249
4.142651
4.141249
4.141249
4.141249
4.141249
4.145099
4.140652
4.141249
4.141249
4.141249
4.141249
4.141249
4.141335
4.141249
4.141249
4.141249
4.157424
4.141335
4.138298
4.141249
4.141249
4.141249
4.141249
4.142176
4.141249
4.141249
4.141249
4.141249
4.141249
4.141249
4.141249
4.141249
4.141249
4.141249
4.141249
4.141249
4.141249
4.141249
4.141249
4.141249
4.140652
4.141249
4.141249
4.141249
4.141249
4.141249
4.141249
4.141249
4.141249
4.141249
4.137536
4.141249
4.141249
4.141249
4.141249
4.141249
4.141249
4.141249
4.141249
4.141249
4.141249
4.141249
4.141249
4.141249
4.141249
4.141249
4.141249
4.141249
4.141249
4.142176
4.141249
4.141249
4.141249
4.141249
4.141249
4.141249
4.141249
4.141249
4.141249
4.141249
4.141249
4.141249
4.141249
4.141249
4.141249
4.141249
4.141249
4.141249
4.141249
4.141249
4.141249
4.141249
4.141249
4.141249
4.141249
4.142176
4.141249
4.141249
4.141249
4.141249
4.141249
4.141249
4.141249
4.141249
4.141249
4.141249
4.141249
4.141249
4.141249
4.141249
4.141249
4.141249
4.141249
4.141249
4.141249
4.141249
4.141249
4.140743
4.141249
4.141249
4.141249
4.141249
4.141249
4.141249
4.141249
4.141249
4.141249
4.141249
4.141249
4.141249
4.141249
4.141249
4.141249
4.141249
4.141249
4.141249
4.141249
4.141249
4.141249
4.141249
4.141249
4.141249
4.141249
4.141249
4.141249
4.141249
4.141249
4.141249
4.141249
4.141249
4.141249
4.141249
4.141249
4.141249
4.141249
4.141249
4.141249
4.141249
4.141249
4.141249
4.141249
4.141249
4.141249
4.141249
4.141249
4.141249
4.141249
4.141249
4.141249
4.141249
4.141249
4.141249
4.141249
4.141249
4.141249
4.141249
4.141249
4.141249
4.141249
4.141249
4.141249
4.141249
4.141249
4.141249
4.141249
4.141249
4.141249
4.141249
4.141249
4.141249
4.141249
4.141249
4.141249
4.141249
4.141249
4.141249
4.141249
4.141249
4.141249
4.141249
4.141249
4.141249
4.141249
4.141249
4.141249
4.141249
4.141249
4.141249
4.141249
4.141249
4.141249
4.141249
4.141249
4.141249
4.141249
4.141249
4.141249
4.141249
