4.186332
4.187615
4.185683
4.192480
4.195057
4.188325
4.180541
4.193825
4.192622
4.192933
4.186263
4.179620
4.188310
4.186303
4.189781
4.188098
4.183327
4.192053
4.183584
4.183820
4.186095
4.192951
4.186015
4.189905
4.183034
4.178411
4.178849
4.175491
4.175319
4.178471
4.182466
4.181661
4.173664
4.168186
4.187574
4.185029
4.187247
4.176210
4.174763
4.154702
4.184431
4.176922
4.168857
4.165891
4.166862
4.160786
4.187390
4.168138
4.182910
4.168442
4.163123
4.167583
4.165187
4.168924
4.176358
4.172397
4.151569
4.156589
4.164701
4.166095
4.166674
4.147195
4.164076
4.166675
4.154577
4.158733
4.164508
4.174840
4.157689
4.166355
4.172261
4.151735
4.163142
4.164302
4.153704
4.157488
4.148455
4.154766
4.152389
4.147804
4.157830
4.153919
4.169051
4.149285
4.154862
4.145810
4.154930
4.153319
4.154893
4.148320
4.149498
4.160938
4.167162
4.160691
4.161104
4.158157
4.166134
4.149570
4.171904
4.153730
4.141947
4.144713
4.143678
4.138299
4.156898
4.143632
4.144693
4.148704
4.151214
4.152155
4.146273
4.146144
4.145098
4.145034
4.155756
4.162474
4.143628
4.147642
4.151215
4.146838
4.144266
4.163855
4.151566
4.146256
4.142718
4.150007
4.154157
4.142494
4.152605
4.141944
4.152312
4.140652
4.142718
4.144267
4.140652
4.148578
4.148640
4.146810
4.146144
4.146072
4.151378
4.143936
4.149076
4.138898
4.153966
4.141335
4.143932
4.144102
4.143327
4.142718
4.145041
4.142719
4.140652
4.143033
4.141335
4.142058
4.137567
4.150767
4.140652
4.145648
4.141271
4.148578
4.140652
4.143327
4.142676
4.141329
4.140652
4.155537
4.149213
4.142058
4.140652
4.141335
4.141335
4.144260
4.141335
4.141271
4.141335
4.140652
4.137567
4.140652
4.142884
4.140652
4.140652
4.141335
4.140652
4.142223
4.141335
4.140652
4.140652
4.140652
4.140652
4.140652
4.140652
4.140652
4.146679
4.149199
4.141335
4.140652
4.141271
4.149825
4.140652
4.140652
4.143493
4.140652
4.140652
4.140652
4.140652
4.140652
4.140652
4.137536
4.141271
4.140652
4.142719
4.140652
4.148578
4.142884
4.140652
4.140652
4.140652
4.141271
4.140652
4.142058
4.140652
4.140652
4.141271
4.140652
4.140652
4.140652
4.144980
4.140652
4.137536
4.140652
4.140652
4.140652
4.140652
4.140652
4.140652
4.140652
4.140652
4.140652
4.140652
4.140652
4.140652
4.140652
4.140652
4.140652
4.140652
4.140652
4.140652
4.140652
4.140652
4.140652
4.140652
4.141335
4.142223
4.141335
4.141335
4.141335
4.141335
4.141335
4.141335
4.141335
4.141335
4.141335
4.141335
4.141335
4.141335
4.141335
4.142058
4.137536
4.141335
4.141335
4.141335
4.141335
4.141335
4.141335
4.141335
4.141335
4.145088
4.141335
4.141335
4.141335
4.141944
4.141335
4.141335
4.141335
4.141335
4.141335
4.141335
4.141335
4.141335
4.141335
4.141335
4.141335
4.141335
4.141335
4.141335
4.141335
4.141335
4.141335
4.141335
4.141335
4.141335
4.141335
4.141335
4.141335
4.141335
4.141335
4.141335
4.141335
4.141335
4.141335
4.141335
4.141335
4.141335
4.141335
4.141335
4.141335
4.141335
4.141335
4.141335
4.141335
4.141335
4.141335
4.141335
4.141335
4.141335
4.141335
4.141335
4.141335
4.141335
4.141335
4.141335
4.141335
4.141335
4.141335
4.141335
4.141335
4.141335
4.141335
4.141335
4.141335
4.141335
4.141335
4.141335
4.141335
4.141335
4.141335
4.141335
4.141335
4.141335
4.141335
4.141335
4.141335
4.141335
4.141335
4.141335
4.141335
4.141335
4.141335
4.141335
4.141335
4.141335
4.141335
4.141335
4.141335
4.141335
4.141335
4.141335
4.141335
4.141335
4.141335
4.141335
4.141335
4.141335
4.141335
4.141335
4.141335
4.141335
4.141335
4.141335
4.141335
4.141335
4.141335
4.141335
4.141335
4.141335
4.141335
4.141335
4.141335
4.141335
4.141335
