4.189959
4.193566
4.188499
4.188315
4.187883
4.192086
4.185830
4.175734
4.186041
4.189759
4.185514
4.191557
4.183609
4.193719
4.195915
4.192662
4.189800
4.179778
4.180376
4.192443
4.188252
4.186492
4.190028
4.192096
4.182932
4.174750
4.176503
4.174367
4.180676
4.154012
4.180758
4.178193
4.185728
4.167350
4.170688
4.170948
4.156737
4.176457
4.180301
4.176743
4.178271
4.173192
4.158142
4.169502
4.163071
4.176170
4.179824
4.172829
4.167866
4.164983
4.151825
4.146092
4.158262
4.165286
4.158091
4.157782
4.157609
4.162253
4.162062
4.171819
4.147648
4.163342
4.150933
4.153012
4.145561
4.147033
4.165470
4.157500
4.161282
4.164600
4.148971
4.150858
4.169768
4.153155
4.145383
4.141519
4.151399
4.149375
4.146446
4.155425
4.143901
4.159037
4.142662
4.147988
4.148843
4.140615
4.143126
4.148794
4.155337
4.155004
4.141120
4.155844
4.149054
4.142110
4.156572
4.144682
4.143289
4.162989
4.148794
4.140111
4.146077
4.153964
4.142206
4.142272
4.153540
4.137475
4.138841
4.138841
4.140302
4.145893
4.144524
4.135185
4.135785
4.139102
4.148374
4.135785
4.151727
4.139826
4.139021
4.138841
4.142991
4.137678
4.137313
4.143005
4.144524
4.136713
4.136713
4.136112
4.147262
4.134584
4.137631
4.135185
4.137475
4.137640
4.136112
4.142388
4.136713
4.136548
4.141026
4.136713
4.143941
4.138240
4.136548
4.143338
4.135185
4.145127
4.139003
4.137659
4.136112
4.139846
4.135185
4.134584
4.143757
4.136112
4.134584
4.135185
4.138577
4.134584
4.134584
4.134584
4.135785
4.134584
4.134584
4.138240
4.134584
4.134584
4.136548
4.138075
4.135185
4.135785
4.134584
4.134584
4.134584
4.142991
4.134584
4.136548
4.134584
4.137030
4.134584
4.134584
4.134584
4.134584
4.135947
4.134584
4.134584
4.134584
4.134584
4.135785
4.134584
4.134584
4.134584
4.135185
4.134584
4.134584
4.135185
4.138298
4.143921
4.135185
4.134584
4.134584
4.134584
4.138298
4.135185
4.135185
4.134584
4.136112
4.134584
4.134584
4.135185
4.134584
4.135185
4.134584
4.135185
4.134584
4.134584
4.135785
4.134584
4.134584
4.136112
4.134584
4.134584
4.134584
4.136713
4.136112
4.142388
4.134584
4.134584
4.135185
4.134584
4.134584
4.134584
4.134584
4.134584
4.134584
4.134584
4.134584
4.134584
4.134584
4.134584
4.134584
4.135185
4.134584
4.134584
4.134584
4.134584
4.134584
4.134584
4.135185
4.134584
4.134584
4.136713
4.134584
4.134584
4.134584
4.134584
4.135185
4.134584
4.134584
4.134584
4.134584
4.134584
4.135185
4.134584
4.134584
4.134584
4.134584
4.134584
4.134584
4.134584
4.134584
4.134584
4.134584
4.134584
4.134584
4.134584
4.134584
4.134584
4.134584
4.134584
4.136112
4.134584
4.135185
4.134584
4.135185
4.134584
4.134584
4.134584
4.134584
4.134584
4.134584
4.134584
4.134584
4.134584
4.134584
4.134584
4.134584
4.134584
4.134584
4.134584
4.134584
4.134584
4.134584
4.134584
4.134584
4.134584
4.134584
4.134584
4.134584
4.134584
4.134584
4.134584
4.134584
4.134584
4.134584
4.134584
4.134584
4.134584
4.134584
4.134584
4.134584
4.134584
4.134584
4.134584
4.134584
4.134584
4.134584
4.134584
4.134584
4.134584
4.134584
4.134584
4.134584
4.134584
4.134584
4.134584
4.134584
4.134584
4.134584
4.134584
4.134584
4.134584
4.134584
4.134584
4.134584
4.134584
4.134584
4.134584
4.134584
4.134584
4.134584
4.134584
4.134584
