4.183391
4.186298
4.187971
4.190957
4.188049
4.193901
4.178827
4.188567
4.190208
4.194642
4.189737
4.178864
4.189941
4.171008
4.185826
4.186181
4.186309
4.180465
4.187896
4.189794
4.186028
4.183329
4.189643
4.187546
4.191561
4.167785
4.179570
4.177942
4.168416
4.170907
4.166834
4.169653
4.173904
4.168869
4.175598
4.161299
4.168865
4.171157
4.174690
4.181006
4.170724
4.179719
4.168141
4.182730
4.180799
4.173239
4.175785
4.181972
4.182682
4.172880
4.166862
4.162920
4.160037
4.151519
4.164960
4.173474
4.165688
4.166368
4.146448
4.164978
4.166705
4.148189
4.161758
4.149704
4.145191
4.165349
4.152586
4.165004
4.162049
4.166659
4.164200
4.171806
4.176482
4.164033
4.138421
4.143874
4.140203
4.152672
4.142921
4.149779
4.148190
4.163703
4.140949
4.141766
4.155707
4.139276
4.141185
4.136701
4.139761
4.143853
4.143141
4.156197
4.157133
4.152918
4.147832
4.145876
4.143552
4.166591
4.161913
4.148918
4.138393
4.146241
4.139526
4.140530
4.135947
4.140085
4.147483
4.145208
4.140260
4.136112
4.137318
4.150026
4.145589
4.157858
4.137310
4.147425
4.136112
4.137479
4.153255
4.138892
4.138841
4.140465
4.139257
4.148346
4.140320
4.135951
4.135348
4.149593
4.134584
4.136713
4.142050
4.139324
4.138586
4.147599
4.144751
4.133821
4.135349
4.133798
4.137494
4.146987
4.138898
4.134584
4.150911
4.138175
4.133821
4.133798
4.137494
4.139002
4.138841
4.141509
4.137479
4.137479
4.135349
4.135892
4.135349
4.143204
4.133798
4.137640
4.135950
4.135349
4.133821
4.142388
4.136878
4.135349
4.134584
4.146115
4.133798
4.137479
4.142388
4.133821
4.133821
4.135349
4.135183
4.136733
4.136113
4.134584
4.133798
4.136713
4.135348
4.135349
4.135349
4.133821
4.133798
4.133821
4.143155
4.135349
4.133821
4.134584
4.133821
4.134584
4.133821
4.134584
4.134584
4.133821
4.134584
4.137311
4.147884
4.133821
4.133821
4.133798
4.133821
4.134584
4.133821
4.134586
4.134584
4.133821
4.133821
4.133798
4.133798
4.133821
4.133798
4.133821
4.133821
4.134584
4.133821
4.133821
4.133821
4.135947
4.133821
4.133821
4.133798
4.134584
4.133821
4.133821
4.133798
4.133821
4.133821
4.133821
4.133821
4.133821
4.133821
4.133821
4.135349
4.134584
4.133821
4.142388
4.133821
4.133821
4.133821
4.133821
4.133821
4.133821
4.133821
4.133821
4.134584
4.133821
4.133821
4.135349
4.135351
4.133821
4.133821
4.133821
4.133821
4.134584
4.141622
4.133821
4.133821
4.133821
4.133821
4.133821
4.133821
4.133821
4.133821
4.133821
4.133821
4.133821
4.133821
4.133821
4.133821
4.133821
4.133821
4.133821
4.133821
4.133821
4.133821
4.133821
4.133821
4.133821
4.133821
4.133821
4.133821
4.133821
4.134584
4.133798
4.133821
4.133821
4.133821
4.133821
4.133821
4.133821
4.133821
4.133821
4.133821
4.133821
4.133821
4.133821
4.133821
4.133821
4.133821
4.134584
4.133821
4.133821
4.133821
4.133821
4.133821
4.133821
4.133821
4.133821
4.133821
4.133821
4.133821
4.133821
4.133821
4.133821
4.133821
4.133821
4.133821
4.133821
4.133821
4.133821
4.133821
4.133821
4.133821
4.133821
4.133821
4.133821
4.133821
4.133821
4.133821
4.133821
4.133821
4.133821
4.133821
4.133821
4.133821
4.133821
4.133821
4.133821
4.133821
4.133821
4.133821
4.133821
4.133821
4.133821
4.133821
4.133821
4.133821
4.133821
4.133821
4.133821
4.133821
4.133821
4.133821
4.133821
4.133821
4.133821
4.133821
4.133821
4.133821
4.133821
4.133821
4.133821
4.133821
4.133821
4.133821
4.133821
4.133821
4.133821
4.133821
4.133821
4.133821
4.133821
4.133821
4.133821
4.133821
4.133821
4.133821
4.133821
4.133821
4.133821
4.133821
4.133821
4.133821
4.133821
4.133821
4.133821
4.133821
4.133821
4.133821
4.133821
4.133821
4.133821
4.133821
4.133821
4.133821
4.133821
4.133821
4.133821
4.133821
4.133821
