4.185868
4.185949
4.192199
4.190622
4.190293
4.187876
4.183111
4.193714
4.188488
4.175783
4.192714
4.185230
4.185674
4.193530
4.183762
4.180204
4.192508
4.189912
4.192693
4.191971
4.186043
4.183631
4.187937
4.191571
4.189451
4.177741
4.176567
4.167378
4.182679
4.162924
4.169056
4.162906
4.165234
4.175235
4.171864
4.185172
4.186661
4.162702
4.176201
4.176037
4.170691
4.171789
4.173989
4.168672
4.178886
4.166612
4.170391
4.161073
4.182099
4.174025
4.160010
4.163714
4.156257
4.155287
4.157658
4.152298
4.163815
4.159440
4.150098
4.145628
4.157740
4.163461
4.155997
4.167222
4.163982
4.163471
4.165235
4.157588
4.169671
4.160788
4.165643
4.147003
4.149686
4.156719
4.160199
4.151801
4.141188
4.141779
4.154621
4.165681
4.156816
4.149115
4.144043
4.158745
4.140464
4.152480
4.154856
4.140370
4.149479
4.163960
4.148185
4.140222
4.150100
4.153619
4.150058
4.155380
4.143102
4.139920
4.153193
4.140724
4.135183
4.143559
4.135785
4.138891
4.138298
4.141714
4.146057
4.147485
4.146057
4.137831
4.153100
4.136899
4.137494
4.140200
4.152651
4.138655
4.138782
4.156927
4.133798
4.156759
4.151563
4.139783
4.137475
4.147425
4.139825
4.134584
4.133821
4.135947
4.141166
4.141187
4.137475
4.150959
4.143921
4.148653
4.135947
4.149017
4.136878
4.133798
4.134584
4.137475
4.138298
4.141969
4.151143
4.135947
4.137476
4.142388
4.137030
4.137475
4.136893
4.135348
4.133821
4.137536
4.137536
4.139007
4.138298
4.139064
4.141622
4.138298
4.134584
4.134584
4.136878
4.141622
4.134584
4.139117
4.141649
4.139064
4.136112
4.134588
4.137640
4.139603
4.136878
4.137536
4.135349
4.135185
4.144524
4.133821
4.145350
4.135348
4.134584
4.134408
4.135349
4.133798
4.135349
4.133821
4.133821
4.134584
4.133821
4.143155
4.135947
4.133821
4.139064
4.133821
4.134408
4.133821
4.133798
4.143921
4.133821
4.133798
4.134584
4.134584
4.133821
4.133821
4.135349
4.133821
4.133821
4.133798
4.133821
4.133821
4.135349
4.135349
4.137536
4.133821
4.135349
4.141622
4.133821
4.141622
4.141622
4.133821
4.133821
4.134584
4.141622
4.134584
4.134584
4.133821
4.133821
4.133821
4.133821
4.133821
4.133821
4.133821
4.133821
4.133821
4.133821
4.133821
4.133821
4.133821
4.133821
4.133821
4.133821
4.133821
4.133821
4.133821
4.133798
4.134584
4.133821
4.133798
4.133821
4.133821
4.133821
4.133821
4.133821
4.133821
4.133821
4.133821
4.133821
4.133821
4.133821
4.133821
4.133821
4.133821
4.133821
4.133821
4.133821
4.133821
4.133821
4.133821
4.133821
4.133821
4.133821
4.135349
4.133821
4.133821
4.135349
4.133821
4.133821
4.133821
4.133821
4.133821
4.133821
4.133821
4.133821
4.133821
4.133798
4.133821
4.133821
4.133821
4.133821
4.133821
4.133821
4.133821
4.133821
4.133821
4.133821
4.133821
4.133821
4.133821
4.133821
4.133821
4.133821
4.133821
4.133821
4.133821
4.133821
4.133821
4.133821
4.133821
4.133821
4.133821
4.133821
4.133821
4.133821
4.133821
4.133821
4.133821
4.133821
4.133821
4.133821
4.133821
4.133821
4.133821
4.133821
4.133821
4.133821
4.133821
4.133821
4.133821
4.133821
4.133821
4.133821
4.133821
4.133821
4.133821
4.133821
4.133821
4.133821
4.133821
4.133821
4.133821
4.133821
4.133821
4.133821
4.133821
4.133821
4.133821
4.133821
4.133821
4.133821
4.133821
4.133821
4.133821
4.133821
4.133821
4.133821
4.133821
4.133821
4.133821
4.133821
4.133821
4.133821
4.133821
4.133821
4.133821
4.133821
4.133821
4.133821
4.133821
4.133821
4.133821
4.133821
4.133821
4.133821
4.133821
4.133821
4.133821
4.133821
4.133821
4.133821
4.133821
4.133821
4.133821
4.133821
4.135349
4.133821
