4.184808
4.191010
4.180167
4.180127
4.191591
4.189963
4.174456
4.185304
4.190930
4.188052
4.183335
4.185929
4.192478
4.192258
4.191365
4.192647
4.186398
4.191303
4.176237
4.189389
4.189934
4.191363
4.188435
4.183534
4.179916
4.174590
4.161887
4.172309
4.180851
4.187140
4.173969
4.170680
4.172566
4.177033
4.167941
4.180994
4.153197
4.184285
4.176580
4.173290
4.180896
4.183592
4.173319
4.165352
4.188176
4.154827
4.183796
4.181795
4.182296
4.187733
4.164971
4.155867
4.155016
4.176842
4.166259
4.170687
4.158446
4.151064
4.166437
4.154567
4.144422
4.162623
4.158607
4.148105
4.166750
4.163928
4.148255
4.161070
4.172589
4.154137
4.164898
4.146590
4.164032
4.149184
4.160787
4.149294
4.150701
4.154004
4.141921
4.144933
4.154942
4.152584
4.157711
4.161152
4.152602
4.147578
4.147520
4.154809
4.145290
4.146844
4.153652
4.144464
4.154128
4.154034
4.150537
4.141637
4.171066
4.157077
4.145139
4.141664
4.153100
4.151319
4.152332
4.145099
4.145214
4.157418
4.143106
4.157532
4.141770
4.140179
4.162286
4.143955
4.163283
4.140912
4.141818
4.146848
4.148914
4.151010
4.139755
4.143040
4.150027
4.144075
4.150421
4.143438
4.147359
4.139656
4.147479
4.140427
4.138300
4.140355
4.139339
4.139640
4.138900
4.148571
4.148520
4.145640
4.144371
4.139827
4.140040
4.134584
4.139827
4.145290
4.143266
4.140838
4.138900
4.141434
4.141027
4.150598
4.138300
4.140464
4.140041
4.140427
4.138300
4.136112
4.139827
4.138300
4.138900
4.139827
4.139755
4.139827
4.135947
4.138393
4.140427
4.139640
4.138300
4.140261
4.138300
4.138300
4.138393
4.138300
4.141310
4.138300
4.139845
4.139827
4.138300
4.138300
4.138300
4.138300
4.138300
4.138300
4.138300
4.138300
4.138300
4.139827
4.138300
4.138300
4.139920
4.140261
4.138393
4.138300
4.139827
4.138300
4.138900
4.138900
4.139827
4.147485
4.138300
4.138300
4.139827
4.138900
4.141189
4.138300
4.138300
4.138300
4.146117
4.138300
4.138300
4.138300
4.138300
4.138300
4.142492
4.138300
4.140240
4.139827
4.138300
4.138300
4.138300
4.138993
4.146117
4.139827
4.138300
4.138300
4.138300
4.138300
4.138300
4.138300
4.138300
4.138300
4.138300
4.138300
4.138300
4.138300
4.138300
4.138300
4.138300
4.138300
4.138300
4.138300
4.138300
4.138300
4.138300
4.138300
4.138300
4.138900
4.138300
4.138300
4.139661
4.138300
4.138300
4.138300
4.138300
4.138300
4.138300
4.138300
4.138300
4.138300
4.138300
4.138300
4.138300
4.138300
4.138900
4.138300
4.138300
4.138300
4.138300
4.138300
4.138300
4.138300
4.138300
4.138300
4.138300
4.138300
4.138300
4.138300
4.138300
4.138300
4.138300
4.138300
4.138300
4.138300
4.138300
4.138300
4.138300
4.138300
4.138300
4.138300
4.138300
4.138300
4.138300
4.138300
4.138300
4.138300
4.138300
4.138300
4.138300
4.138300
4.138300
4.138300
4.138300
4.138300
4.138300
4.138300
4.138300
4.138300
4.138300
4.138300
4.138300
4.138300
4.138300
4.138300
4.138300
4.138300
4.138300
4.138300
4.138300
4.138300
4.138300
4.138300
4.138300
4.138300
4.138300
4.138300
4.138300
4.138300
4.138300
4.138300
4.138300
4.138300
4.138300
4.138300
4.138300
4.138300
4.138300
4.142689
4.142689
4.142689
4.142689
4.138300
4.142689
4.142689
4.142689
4.142689
4.138300
4.142689
4.142689
4.142689
4.142689
4.138300
4.142689
4.142689
4.142689
4.142689
4.138300
4.142689
4.142689
4.142689
4.138300
4.142689
4.142689
4.142689
4.142689
4.138300
4.142689
4.142689
4.142689
4.142689
4.138300
4.142689
4.142689
4.142689
4.138300
4.142689
4.142689
4.142689
4.142689
4.138300
4.142689
4.142689
4.142689
4.138300
4.142689
4.142689
4.142689
4.142689
4.138300
4.142689
4.142689
4.142689
4.138300
4.142689
4.142689
4.142689
4.138300
4.142689
4.142689
4.142689
4.138300
4.142689
4.142689
4.142689
4.142689
4.138300
4.142689
4.142689
4.142689
4.138300
4.142689
4.142689
4.142689
4.142689
4.138300
4.142689
4.142689
4.142689
4.138300
4.142689
4.142689
4.142689
4.142689
4.138300
4.142689
4.142689
4.142689
4.138300
4.142689
4.142689
4.142689
4.142689
4.138300
4.142689
4.142689
4.142689
4.138300
4.142689
4.142689
4.142689
4.142689
4.138300
4.142689
4.142689
4.142689
4.138300
4.142689
4.142689
4.142689
4.142689
4.138300
4.142689
4.142689
4.142689
4.138300
4.142689
4.142689
4.142689
4.142689
4.138300
4.142689
4.142689
4.142689
4.138300
4.142689
4.142689
4.142689
4.142689
4.138300
4.142689
4.142689
4.142689
4.138300
4.142689
4.142689
4.142689
4.138300
4.142689
4.142689
4.142689
4.142689
4.138300
4.142689
4.142689
4.142689
4.142689
4.138300
4.142689
4.142689
4.142689
4.138300
4.142689
4.142689
4.142689
4.142689
4.138300
4.142689
4.142689
4.142689
4.138300
4.142689
4.142689
4.142689
4.142689
