4.193316
4.187811
4.191497
4.183445
4.187718
4.171254
4.180079
4.185767
4.183036
4.190010
4.186060
4.186421
4.180080
4.190315
4.189564
4.191596
4.186377
4.183590
4.190167
4.194266
4.191327
4.187894
4.189049
4.194179
4.190331
4.179457
4.174696
4.169048
4.181996
4.181316
4.155926
4.163742
4.153971
4.183382
4.181464
4.176326
4.178132
4.177249
4.179547
4.172222
4.174513
4.164098
4.181206
4.174680
4.179995
4.175777
4.186276
4.177493
4.173504
4.170475
4.165192
4.171747
4.156043
4.159872
4.174767
4.164994
4.168468
4.171189
4.166733
4.159613
4.164730
4.175376
4.155414
4.153160
4.150383
4.156592
4.174057
4.172041
4.168613
4.150110
4.162992
4.151562
4.169687
4.164976
4.151986
4.167669
4.151095
4.160708
4.165061
4.156504
4.150442
4.167741
4.156227
4.146328
4.157742
4.159309
4.143100
4.157220
4.154181
4.149832
4.142515
4.145424
4.149694
4.164921
4.148215
4.150328
4.144814
4.153827
4.163132
4.143945
4.145014
4.158257
4.147072
4.150280
4.144011
4.144980
4.150377
4.144045
4.153927
4.148164
4.142815
4.144263
4.146939
4.143723
4.142492
4.148485
4.154352
4.147733
4.144486
4.145237
4.152963
4.144976
4.147176
4.153376
4.161502
4.141605
4.144327
4.145452
4.146396
4.141605
4.145338
4.145522
4.139498
4.144980
4.139550
4.149311
4.146683
4.156648
4.145502
4.145709
4.155638
4.141026
4.137536
4.144327
4.137536
4.145806
4.143267
4.148734
4.145560
4.144042
4.146236
4.144371
4.141819
4.144690
4.141788
4.144327
4.146167
4.144327
4.142307
4.141788
4.138299
4.144208
4.152215
4.144327
4.154322
4.144327
4.141887
4.145039
4.145589
4.141187
4.143631
4.148993
4.144210
4.143370
4.144327
4.144327
4.144462
4.144327
4.152215
4.141788
4.144327
4.144327
4.144327
4.142822
4.141788
4.142658
4.144327
4.142307
4.144327
4.144980
4.151701
4.144980
4.144327
4.143954
4.145039
4.141249
4.144327
4.144337
4.144327
4.152215
4.144327
4.144327
4.144327
4.144327
4.144327
4.144327
4.144327
4.144327
4.144327
4.141605
4.144327
4.144327
4.144327
4.144327
4.144327
4.144327
4.144327
4.144327
4.144327
4.144327
4.144327
4.144327
4.144327
4.142822
4.144327
4.142822
4.144327
4.144327
4.142822
4.144327
4.144327
4.144327
4.144327
4.144327
4.144327
4.155992
4.144327
4.144327
4.145350
4.144327
4.144327
4.144327
4.144327
4.144327
4.152215
4.144327
4.142658
4.144327
4.144327
4.144327
4.144327
4.144327
4.144327
4.144327
4.144327
4.144327
4.144327
4.144327
4.144327
4.145104
4.152215
4.144327
4.144327
4.144327
4.144327
4.144327
4.144468
4.143954
4.144327
4.144327
4.144327
4.144327
4.144327
4.144327
4.144327
4.144327
4.144327
4.143811
4.144327
4.144327
4.144327
4.144327
4.144327
4.144327
4.141605
4.144327
4.144327
4.144327
4.144327
4.141788
4.144327
4.144327
4.144327
4.144327
4.144327
4.144327
4.144327
4.144327
4.148091
4.144327
4.144327
4.144327
4.141249
4.144327
4.141249
4.141249
4.141249
4.145104
4.141249
4.141249
4.141249
4.144327
4.141249
4.141249
4.144327
4.141249
4.141287
4.141249
4.141249
4.141249
4.141249
4.144327
4.141249
4.141249
4.144327
4.141249
4.141249
4.144327
4.141249
4.141249
4.141249
4.144327
4.141249
4.141249
4.141249
4.144327
4.141249
4.141249
4.141249
4.144327
4.141249
4.141249
4.141249
4.144327
4.141249
4.141249
4.141249
4.144327
4.141249
4.141249
4.141249
4.144327
4.141249
4.141249
4.141249
4.144327
4.141249
4.141249
4.144327
4.141249
4.141249
4.141249
4.141249
4.144327
4.141249
4.141249
4.144327
4.141249
4.141249
4.141249
4.144327
4.141249
4.141249
4.141249
4.141249
4.144327
4.141249
4.141249
4.144327
4.141249
4.141249
4.141249
4.141249
4.144327
4.141249
4.141249
4.141249
4.144327
4.141249
4.141892
4.141892
4.141892
4.141892
4.141892
4.141892
4.141892
4.141892
4.141892
4.141892
4.141892
4.141892
4.141892
4.141892
4.141892
4.141892
4.141892
4.141892
4.141892
4.141892
4.141892
4.141892
4.141892
4.141892
4.141892
4.141892
4.141892
4.141892
4.141892
4.141892
4.141892
4.141892
4.141892
4.141892
4.141892
4.141892
4.141892
4.141892
4.141892
4.141892
4.141892
4.141892
4.141892
4.141892
4.141892
4.141892
4.141892
4.141892
4.141892
4.141892
4.141892
4.141892
4.141892
4.141892
4.141892
4.141892
4.141892
4.141892
4.141892
4.141892
4.141892
4.141892
4.141892
4.141892
4.141892
4.141892
4.141892
4.141892
4.141892
4.141892
4.141892
4.141892
4.141892
4.141892
4.141892
4.141892
4.141892
4.141892
4.141892
4.141892
4.141892
4.141892
4.141892
4.141892
4.141892
4.141892
4.141892
4.141892
4.141892
4.141892
4.141892
4.141892
4.141892
4.141892
4.141892
4.141892
4.141892
4.141892
4.141892
4.141892
