0.000000 0.000000 0.000000 0.000000 0.000000 0.000000 0.000000 0.000000 0.000000 0.000000 0.000000 0.000000 0.000000 0.000000 0.000000 0.000000 0.000000 0.000000 0.000000 0.000000 0.000000
0.084166 0.084166 0.084166 0.084166 0.084166 0.084166 0.084166 0.084166 0.000500 0.007281 0.055382 0.009319 0.005825 0.014219 0.014219 0.000004 0.018197 0.018197 0.000256 0.004660 1.000000
0.084733 0.084733 0.084733 0.084733 0.084733 0.084733 0.084733 0.084733 0.000165 0.014316 0.028614 0.055758 0.014316 0.005865 0.017893 0.000001 0.035751 0.107969 0.000165 0.003754 1.000000
0.084202 0.084202 0.084202 0.084202 0.084202 0.084202 0.084202 0.084202 0.000105 0.014225 0.028432 0.035524 0.017779 0.027767 0.014225 0.000001 0.055406 0.107298 0.000084 0.002387 1.000000
0.084183 0.084183 0.084183 0.084183 0.084183 0.084183 0.084183 0.084183 0.027761 0.011378 0.028426 0.007457 0.017775 0.009103 0.011378 0.000001 0.028426 0.086174 0.000014 0.000782 1.000000
0.084184 0.084184 0.084184 0.084184 0.084184 0.084184 0.084184 0.084184 0.000131 0.027761 0.022747 0.069124 0.017775 0.034686 0.009103 0.000003 0.007457 0.044364 0.000043 0.003729 1.000000
0.084174 0.084174 0.084174 0.084174 0.084174 0.084174 0.084174 0.084174 0.000164 0.017773 0.014561 0.028423 0.043323 0.022212 0.011377 0.000002 0.018199 0.035512 0.000067 0.002386 1.000000
0.084706 0.084706 0.084706 0.084706 0.084706 0.084706 0.084706 0.084706 0.000322 0.007328 0.035739 0.028605 0.011450 0.011450 0.014311 0.000003 0.028605 0.055740 0.000132 0.003002 1.000000
0.084209 0.084209 0.084209 0.084209 0.084209 0.084209 0.084209 0.084209 0.000067 0.014226 0.069145 0.044378 0.022222 0.027769 0.022222 0.000001 0.086201 0.069145 0.000054 0.001910 1.000000
0.084176 0.084176 0.084176 0.084176 0.084176 0.084176 0.084176 0.084176 0.000205 0.022213 0.018200 0.044360 0.002386 0.017773 0.017773 0.000001 0.055389 0.035513 0.000205 0.004661 1.000000
0.084725 0.084725 0.084725 0.084725 0.084725 0.084725 0.084725 0.084725 0.000165 0.011452 0.028611 0.055753 0.022360 0.022360 0.007330 0.000001 0.086729 0.035748 0.000054 0.005864 1.000000
0.084167 0.084167 0.084167 0.084167 0.084167 0.084167 0.084167 0.084167 0.000320 0.022210 0.018198 0.018198 0.014219 0.017771 0.022210 0.000002 0.028420 0.022743 0.000054 0.002982 1.000000
0.084189 0.084189 0.084189 0.084189 0.084189 0.084189 0.084189 0.084189 0.000205 0.034688 0.086180 0.022749 0.009104 0.014223 0.009104 0.000002 0.055397 0.014564 0.000501 0.000626 1.000000
0.084187 0.084187 0.084187 0.084187 0.084187 0.084187 0.084187 0.084187 0.000054 0.022216 0.035518 0.069126 0.027762 0.027762 0.034687 0.000004 0.022748 0.018202 0.000043 0.001527 1.000000
0.084220 0.084220 0.084220 0.084220 0.084220 0.084220 0.084220 0.084220 0.000084 0.022225 0.022757 0.086212 0.014228 0.022225 0.034701 0.000000 0.055418 0.107321 0.000054 0.001910 1.000000
0.084181 0.084181 0.084181 0.084181 0.084181 0.084181 0.084181 0.084181 0.007282 0.005826 0.022747 0.044362 0.007282 0.034685 0.005826 0.000002 0.069121 0.028425 0.000014 0.002386 1.000000
0.084189 0.084189 0.084189 0.084189 0.084189 0.084189 0.084189 0.084189 0.000501 0.022216 0.028428 0.107282 0.011379 0.011379 0.011379 0.000006 0.003819 0.001001 0.000084 0.011379 1.000000
0.084170 0.084170 0.084170 0.084170 0.084170 0.084170 0.084170 0.084170 0.000205 0.022211 0.018198 0.044357 0.011376 0.007281 0.017772 0.000004 0.007456 0.044357 0.000131 0.004660 1.000000
0.084185 0.084185 0.084185 0.084185 0.084185 0.084185 0.084185 0.084185 0.000256 0.004661 0.069125 0.069125 0.011378 0.011378 0.027761 0.000002 0.022748 0.022748 0.000054 0.007283 1.000000
0.084166 0.084166 0.084166 0.084166 0.084166 0.084166 0.084166 0.084166 0.000400 0.014219 0.014560 0.022743 0.022210 0.009101 0.022210 0.000003 0.011649 0.035509 0.000067 0.003728 1.000000
0.084186 0.084186 0.084186 0.084186 0.084186 0.084186 0.084186 0.084186 0.000164 0.009103 0.018202 0.022748 0.022216 0.067521 0.022216 0.000003 0.018202 0.028427 0.000043 0.002387 1.000000
0.084206 0.084206 0.084206 0.084206 0.084206 0.084206 0.084206 0.084206 0.000054 0.017780 0.055409 0.107304 0.027768 0.022221 0.022221 0.000001 0.028434 0.044376 0.000054 0.001910 1.000000
0.084199 0.084199 0.084199 0.084199 0.084199 0.084199 0.084199 0.084199 0.000067 0.017778 0.069136 0.035523 0.022219 0.067530 0.011380 0.000002 0.022751 0.028431 0.000043 0.002387 1.000000
0.084186 0.084186 0.084186 0.084186 0.084186 0.084186 0.084186 0.084186 0.000131 0.014222 0.055395 0.018202 0.017775 0.043329 0.014222 0.000001 0.055395 0.035517 0.000067 0.002387 1.000000
0.084184 0.084184 0.084184 0.084184 0.084184 0.084184 0.084184 0.084184 0.000164 0.034686 0.022747 0.022747 0.017775 0.011378 0.004661 0.000002 0.086174 0.014563 0.000205 0.003729 1.000000
0.084172 0.084172 0.084172 0.084172 0.084172 0.084172 0.084172 0.084172 0.000205 0.017773 0.028422 0.035511 0.009102 0.017773 0.009102 0.000001 0.022744 0.055386 0.000131 0.004660 1.000000
0.084231 0.084231 0.084231 0.084231 0.084231 0.084231 0.084231 0.084231 0.000084 0.022227 0.044389 0.069162 0.054134 0.067556 0.000256 0.000001 0.035536 0.086223 0.000084 0.011385 1.000000
0.084260 0.084260 0.084260 0.084260 0.084260 0.084260 0.084260 0.084260 0.000014 0.067580 0.069186 0.107372 0.043368 0.017791 0.067580 0.000002 0.011662 0.069186 0.000022 0.001223 1.000000
0.084186 0.084186 0.084186 0.084186 0.084186 0.084186 0.084186 0.084186 0.000256 0.027762 0.044365 0.055396 0.027762 0.022215 0.022215 0.000006 0.000055 0.055396 0.000054 0.003729 1.000000
0.084273 0.084273 0.084273 0.084273 0.084273 0.084273 0.084273 0.084273 0.084273 0.000321 0.086266 0.086266 0.043375 0.022239 0.043375 0.000000 0.018221 0.107388 0.000002 0.001223 1.000000
0.084270 0.084270 0.084270 0.084270 0.084270 0.084270 0.084270 0.084270 0.000626 0.003733 0.069195 0.086263 0.067588 0.034722 0.027790 0.000000 0.133380 0.069195 0.000005 0.001529 1.000000
0.084278 0.084278 0.084278 0.084278 0.084278 0.084278 0.084278 0.084278 0.000018 0.054164 0.107394 0.086271 0.014238 0.067594 0.017795 0.000000 0.069201 0.107394 0.000034 0.001529 1.000000
0.084244 0.084244 0.084244 0.084244 0.084244 0.084244 0.084244 0.084244 0.000105 0.067567 0.086236 0.107352 0.043360 0.043360 0.027781 0.000007 0.011660 0.000035 0.000018 0.003732 1.000000
0.084319 0.084319 0.084319 0.084319 0.084319 0.084319 0.084319 0.084319 0.000034 0.054191 0.086313 0.069235 0.054191 0.054191 0.043399 0.000000 0.165210 0.086313 0.000002 0.001912 1.000000
0.084212 0.084212 0.084212 0.084212 0.084212 0.084212 0.084212 0.084212 0.000501 0.011382 0.107312 0.044379 0.017781 0.054122 0.017781 0.000006 0.000108 0.055413 0.000011 0.009106 1.000000
0.084781 0.084781 0.084781 0.084781 0.084781 0.084781 0.084781 0.084781 0.000035 0.068000 0.069616 0.086785 0.054490 0.043639 0.054490 0.000007 0.000169 0.028630 0.000014 0.001923 1.000000
0.084302 0.084302 0.084302 0.084302 0.084302 0.084302 0.084302 0.084302 0.000014 0.043389 0.165177 0.086295 0.054180 0.022246 0.043389 0.000001 0.018227 0.107424 0.000022 0.001224 1.000000
0.084221 0.084221 0.084221 0.084221 0.084221 0.084221 0.084221 0.084221 0.002984 0.067548 0.044384 0.069154 0.011383 0.011383 0.043348 0.000003 0.007461 0.086213 0.000002 0.000626 1.000000
0.084839 0.084839 0.084839 0.084839 0.084839 0.084839 0.084839 0.084839 0.000014 0.022390 0.134262 0.086845 0.068047 0.034959 0.068047 0.000000 0.055829 0.108103 0.000014 0.001232 1.000000
0.084237 0.084237 0.084237 0.084237 0.084237 0.084237 0.084237 0.084237 0.000131 0.067562 0.035539 0.133330 0.034708 0.011385 0.027779 0.000007 0.000028 0.044393 0.000043 0.004664 1.000000
0.084260 0.084260 0.084260 0.084260 0.084260 0.084260 0.084260 0.084260 0.000501 0.005832 0.107372 0.133365 0.034718 0.002986 0.027786 0.000001 0.055445 0.086253 0.004665 0.000018 1.000000
0.084289 0.084289 0.084289 0.084289 0.084289 0.084289 0.084289 0.084289 0.000131 0.043383 0.086282 0.069211 0.054172 0.054172 0.017798 0.000009 0.165153 0.000069 0.000002 0.009114 1.000000
0.084235 0.084235 0.084235 0.084235 0.084235 0.084235 0.084235 0.084235 0.000054 0.034707 0.044391 0.086227 0.017786 0.043355 0.034707 0.000000 0.086227 0.086227 0.000005 0.005830 1.000000
0.084261 0.084261 0.084261 0.084261 0.084261 0.084261 0.084261 0.084261 0.000022 0.054153 0.055445 0.086253 0.034718 0.017791 0.054153 0.000000 0.107373 0.086253 0.000028 0.001223 1.000000
0.084266 0.084266 0.084266 0.084266 0.084266 0.084266 0.084266 0.084266 0.000014 0.034720 0.133375 0.055449 0.043371 0.017793 0.027788 0.000006 0.000410 0.055449 0.000005 0.084266 1.000000
0.084267 0.084267 0.084267 0.084267 0.084267 0.084267 0.084267 0.084267 0.000164 0.034721 0.086260 0.055449 0.027789 0.027789 0.054157 0.000000 0.133376 0.069192 0.000000 0.034721 1.000000
0.084314 0.084314 0.084314 0.084314 0.084314 0.084314 0.084314 0.084314 0.000007 0.054188 0.133449 0.107440 0.084314 0.043396 0.043396 0.000000 0.069231 0.069231 0.000009 0.001530 1.000000
0.084776 0.084776 0.084776 0.084776 0.084776 0.084776 0.084776 0.084776 0.000022 0.054487 0.069613 0.035769 0.067996 0.043636 0.017902 0.000000 0.055787 0.086781 0.000011 0.002404 1.000000
0.084379 0.084379 0.084379 0.084379 0.084379 0.084379 0.084379 0.084379 0.000014 0.034767 0.107521 0.107521 0.067676 0.034767 0.022267 0.000000 0.165322 0.165322 0.000014 0.002392 1.000000
0.084298 0.084298 0.084298 0.084298 0.084298 0.084298 0.084298 0.084298 0.000011 0.034734 0.133425 0.133425 0.043388 0.043388 0.043388 0.000000 0.086292 0.055470 0.000014 0.001529 1.000000
0.084273 0.084273 0.084273 0.084273 0.084273 0.084273 0.084273 0.084273 0.000043 0.014237 0.107388 0.107388 0.067590 0.043375 0.017794 0.000000 0.086266 0.069197 0.000005 0.005832 1.000000
0.084353 0.084353 0.084353 0.084353 0.084353 0.084353 0.084353 0.084353 0.000022 0.084353 0.107489 0.133508 0.054213 0.054213 0.067655 0.000006 0.000035 0.133508 0.000009 0.001913 1.000000
0.084292 0.084292 0.084292 0.084292 0.084292 0.084292 0.084292 0.084292 0.000043 0.034731 0.133414 0.086285 0.067606 0.067606 0.043384 0.000007 0.000035 0.086285 0.000011 0.002390 1.000000
0.084332 0.084332 0.084332 0.084332 0.084332 0.084332 0.084332 0.084332 0.084332 0.004669 0.086326 0.165234 0.043405 0.067638 0.002391 0.000001 0.003060 0.107462 0.000000 0.003735 1.000000
0.084344 0.084344 0.084344 0.084344 0.084344 0.084344 0.084344 0.084344 0.000028 0.043411 0.165256 0.086338 0.043411 0.067647 0.067647 0.000006 0.000055 0.133494 0.000011 0.001913 1.000000
0.084396 0.084396 0.084396 0.084396 0.084396 0.084396 0.084396 0.084396 0.084396 0.084396 0.133576 0.165355 0.067690 0.000784 0.054241 0.000000 0.000411 0.107544 0.000000 0.003738 1.000000
0.084388 0.084388 0.084388 0.084388 0.084388 0.084388 0.084388 0.084388 0.000014 0.043434 0.165339 0.133563 0.084388 0.067683 0.054235 0.000001 0.133563 0.022803 0.000000 0.007300 1.000000
0.084422 0.084422 0.084422 0.084422 0.084422 0.084422 0.084422 0.084422 0.000206 0.000000 0.107576 0.133616 0.067711 0.084422 0.067711 0.000000 0.086418 0.165404 0.000206 0.084422 1.000000
0.084388 0.084388 0.084388 0.084388 0.084388 0.084388 0.084388 0.084388 0.000018 0.027829 0.165340 0.133563 0.067683 0.067683 0.067683 0.000000 0.133563 0.069292 0.000001 0.003738 1.000000
0.084410 0.084410 0.084410 0.084410 0.084410 0.084410 0.084410 0.084410 0.000022 0.067701 0.165380 0.133597 0.067701 0.054250 0.084410 0.000000 0.069310 0.107561 0.000000 0.054250 1.000000
0.084253 0.084253 0.084253 0.084253 0.084253 0.084253 0.084253 0.084253 0.000164 0.054148 0.086246 0.133354 0.043364 0.022233 0.043364 0.000007 0.035546 0.000055 0.000003 0.009111 1.000000
0.084337 0.084337 0.084337 0.084337 0.084337 0.084337 0.084337 0.084337 0.000009 0.054203 0.107469 0.055496 0.067642 0.027812 0.067642 0.000000 0.133485 0.133485 0.000014 0.001224 1.000000
0.084350 0.084350 0.084350 0.084350 0.084350 0.084350 0.084350 0.084350 0.000007 0.043415 0.107486 0.107486 0.067653 0.043415 0.054211 0.000000 0.133505 0.133505 0.000009 0.001913 1.000000
0.084260 0.084260 0.084260 0.084260 0.084260 0.084260 0.084260 0.084260 0.000009 0.067580 0.055444 0.044405 0.043368 0.067580 0.067580 0.000001 0.086253 0.018218 0.000011 0.001529 1.000000
0.084864 0.084864 0.084864 0.084864 0.084864 0.084864 0.084864 0.084864 0.034970 0.000106 0.134300 0.134300 0.034970 0.043682 0.068067 0.000000 0.014682 0.134300 0.000001 0.002406 1.000000
0.084371 0.084371 0.084371 0.084371 0.084371 0.084371 0.084371 0.084371 0.000004 0.054224 0.086366 0.133536 0.084371 0.054224 0.067669 0.000000 0.133536 0.107511 0.000006 0.002392 1.000000
0.084393 0.084393 0.084393 0.084393 0.084393 0.084393 0.084393 0.084393 0.000206 0.007301 0.086389 0.133572 0.067688 0.043437 0.054239 0.000000 0.165350 0.165350 0.000001 0.004673 1.000000
0.084868 0.084868 0.084868 0.084868 0.084868 0.084868 0.084868 0.084868 0.000003 0.054547 0.044729 0.166243 0.054547 0.054547 0.068070 0.000005 0.001577 0.055848 0.000001 0.084868 1.000000
0.084374 0.084374 0.084374 0.084374 0.084374 0.084374 0.084374 0.084374 0.084374 0.000067 0.069281 0.107516 0.043427 0.054227 0.054227 0.000000 0.165314 0.133542 0.000001 0.002990 1.000000
0.084271 0.084271 0.084271 0.084271 0.084271 0.084271 0.084271 0.084271 0.000034 0.067589 0.086264 0.107386 0.027790 0.067589 0.034722 0.000006 0.000055 0.086264 0.000014 0.003733 1.000000
0.084422 0.084422 0.084422 0.084422 0.084422 0.084422 0.084422 0.084422 0.084422 0.002992 0.165403 0.165403 0.043452 0.022278 0.009129 0.000000 0.004787 0.165403 0.000000 0.067710 1.000000
0.084960 0.084960 0.084960 0.084960 0.084960 0.084960 0.084960 0.084960 0.000001 0.068145 0.134450 0.134450 0.068145 0.068145 0.054607 0.000002 0.166416 0.006022 0.000001 0.084960 1.000000
0.084301 0.084301 0.084301 0.084301 0.084301 0.084301 0.084301 0.084301 0.000164 0.067613 0.133428 0.055472 0.054179 0.034735 0.084301 0.000006 0.000069 0.086295 0.000000 0.022246 1.000000
0.084393 0.084393 0.084393 0.084393 0.084393 0.084393 0.084393 0.084393 0.000002 0.054239 0.107540 0.165349 0.067687 0.067687 0.043437 0.000004 0.001568 0.133571 0.000001 0.084393 1.000000
0.084294 0.084294 0.084294 0.084294 0.084294 0.084294 0.084294 0.084294 0.000018 0.067607 0.086287 0.086287 0.084294 0.034732 0.054175 0.000007 0.000108 0.107415 0.000007 0.003734 1.000000
0.084447 0.084447 0.084447 0.084447 0.084447 0.084447 0.084447 0.084447 0.084447 0.084447 0.165451 0.133655 0.054274 0.084447 0.000784 0.000000 0.000411 0.165451 0.000000 0.004676 1.000000
0.084376 0.084376 0.084376 0.084376 0.084376 0.084376 0.084376 0.084376 0.000022 0.067673 0.133544 0.165316 0.084376 0.084376 0.054228 0.000007 0.000069 0.055521 0.000002 0.005840 1.000000
0.084433 0.084433 0.084433 0.084433 0.084433 0.084433 0.084433 0.084433 0.084433 0.084433 0.133633 0.165424 0.054265 0.000980 0.043458 0.000000 0.000411 0.133633 0.000000 0.084433 1.000000
0.084404 0.084404 0.084404 0.084404 0.084404 0.084404 0.084404 0.084404 0.000004 0.067696 0.133588 0.165369 0.067696 0.067696 0.067696 0.000006 0.000055 0.086400 0.000001 0.084404 1.000000
0.084401 0.084401 0.084401 0.084401 0.084401 0.084401 0.084401 0.084401 0.000084 0.084401 0.133584 0.133584 0.067694 0.084401 0.084401 0.000006 0.028500 0.000035 0.000000 0.084401 1.000000
0.084473 0.084473 0.084473 0.084473 0.084473 0.084473 0.084473 0.084473 0.000001 0.054291 0.133695 0.165499 0.067751 0.067751 0.067751 0.000000 0.165499 0.107640 0.000000 0.084473 1.000000
0.084439 0.084439 0.084439 0.084439 0.084439 0.084439 0.084439 0.084439 0.000002 0.084439 0.133643 0.133643 0.067725 0.084439 0.067725 0.000000 0.133643 0.133643 0.000004 0.002992 1.000000
0.084423 0.084423 0.084423 0.084423 0.084423 0.084423 0.084423 0.084423 0.000067 0.084423 0.165406 0.107578 0.067711 0.084423 0.084423 0.000006 0.000035 0.107578 0.000000 0.067711 1.000000
0.084359 0.084359 0.084359 0.084359 0.084359 0.084359 0.084359 0.084359 0.000067 0.067660 0.165286 0.107497 0.054217 0.067660 0.043420 0.000007 0.000035 0.133519 0.000000 0.014252 1.000000
0.084434 0.084434 0.084434 0.084434 0.084434 0.084434 0.084434 0.084434 0.084434 0.000034 0.133634 0.165426 0.054265 0.067720 0.067720 0.000000 0.011686 0.133634 0.000000 0.084434 1.000000
0.084381 0.084381 0.084381 0.084381 0.084381 0.084381 0.084381 0.084381 0.000022 0.054231 0.165326 0.165326 0.084381 0.043431 0.084381 0.000006 0.028493 0.000086 0.000004 0.004672 1.000000
0.084381 0.084381 0.084381 0.084381 0.084381 0.084381 0.084381 0.084381 0.000084 0.084381 0.165327 0.086377 0.084381 0.084381 0.084381 0.000007 0.007475 0.000329 0.000000 0.034768 1.000000
0.084375 0.084375 0.084375 0.084375 0.084375 0.084375 0.084375 0.084375 0.000131 0.034766 0.165314 0.165314 0.084375 0.067672 0.067672 0.000007 0.035598 0.000055 0.000000 0.011404 1.000000
0.084341 0.084341 0.084341 0.084341 0.084341 0.084341 0.084341 0.084341 0.000014 0.084341 0.086335 0.165250 0.067645 0.067645 0.067645 0.000006 0.028480 0.000069 0.000005 0.005837 1.000000
0.084003 0.084003 0.084003 0.084003 0.084003 0.084003 0.084003 0.084003 0.000014 0.084003 0.164616 0.164616 0.084003 0.084003 0.084003 0.000000 0.107048 0.164616 0.000000 0.067373 1.000000
0.084438 0.084438 0.084438 0.084438 0.084438 0.084438 0.084438 0.084438 0.084438 0.000784 0.165434 0.133641 0.084438 0.084438 0.004675 0.000000 0.133641 0.107597 0.000000 0.011413 1.000000
0.084412 0.084412 0.084412 0.084412 0.084412 0.084412 0.084412 0.084412 0.000007 0.067702 0.133600 0.165384 0.067702 0.084412 0.084412 0.000007 0.022810 0.000069 0.000000 0.084412 1.000000
0.084386 0.084386 0.084386 0.084386 0.084386 0.084386 0.084386 0.084386 0.000028 0.067682 0.133560 0.165336 0.084386 0.054235 0.067682 0.000006 0.107531 0.000263 0.000000 0.022269 1.000000
0.084473 0.084473 0.084473 0.084473 0.084473 0.084473 0.084473 0.084473 0.084473 0.034806 0.165499 0.133694 0.002395 0.084473 0.084473 0.000000 0.165499 0.069362 0.000000 0.067751 1.000000
0.084373 0.084373 0.084373 0.084373 0.084373 0.084373 0.084373 0.084373 0.000084 0.054226 0.133540 0.165311 0.067671 0.017815 0.084373 0.000007 0.035597 0.000044 0.000000 0.084373 1.000000
0.084313 0.084313 0.084313 0.084313 0.084313 0.084313 0.084313 0.084313 0.084313 0.000783 0.107439 0.086307 0.084313 0.084313 0.043396 0.000005 0.018230 0.000086 0.000000 0.014244 1.000000
0.084374 0.084374 0.084374 0.084374 0.084374 0.084374 0.084374 0.084374 0.000054 0.084374 0.133541 0.107515 0.054226 0.084374 0.067672 0.000006 0.000035 0.133541 0.000000 0.014254 0.338038
0.084435 0.084435 0.084435 0.084435 0.084435 0.084435 0.084435 0.084435 0.000004 0.067721 0.165427 0.133636 0.084435 0.084435 0.043459 0.000000 0.107592 0.133636 0.000001 0.007305 1.000000
0.084406 0.084406 0.084406 0.084406 0.084406 0.084406 0.084406 0.084406 0.000054 0.084406 0.133590 0.165373 0.084406 0.067697 0.067697 0.000006 0.000028 0.107556 0.000000 0.017822 1.000000
0.084450 0.084450 0.084450 0.084450 0.084450 0.084450 0.084450 0.084450 0.000001 0.043467 0.133659 0.165456 0.067733 0.067733 0.054276 0.000000 0.086447 0.165456 0.000000 0.084450 1.000000
0.083973 0.083973 0.083973 0.083973 0.083973 0.083973 0.083973 0.083973 0.009080 0.000054 0.164558 0.164558 0.083973 0.067348 0.067348 0.000000 0.164558 0.132920 0.000000 0.083973 1.000000
0.084429 0.084429 0.084429 0.084429 0.084429 0.084429 0.084429 0.084429 0.000084 0.054262 0.165416 0.133626 0.067716 0.054262 0.084429 0.000007 0.000035 0.165416 0.000000 0.054262 1.000000
0.084423 0.084423 0.084423 0.084423 0.084423 0.084423 0.084423 0.084423 0.000005 0.084423 0.107578 0.165406 0.084423 0.067711 0.067711 0.000007 0.000044 0.107578 0.000000 0.084423 1.000000
0.084477 0.084477 0.084477 0.084477 0.084477 0.084477 0.084477 0.084477 0.000003 0.084477 0.165508 0.165508 0.067755 0.084477 0.067755 0.000007 0.000035 0.133702 0.000000 0.084477 1.000000
0.084447 0.084447 0.084447 0.084447 0.084447 0.084447 0.084447 0.084447 0.000018 0.084447 0.165450 0.165450 0.067730 0.084447 0.067730 0.000006 0.000028 0.133654 0.000000 0.027849 0.339698
0.084395 0.084395 0.084395 0.084395 0.084395 0.084395 0.084395 0.084395 0.000034 0.067689 0.165353 0.133574 0.084395 0.067689 0.084395 0.000007 0.000028 0.086391 0.000000 0.014258 1.000000
0.084401 0.084401 0.084401 0.084401 0.084401 0.084401 0.084401 0.084401 0.000003 0.084401 0.107550 0.107550 0.067694 0.084401 0.084401 0.000005 0.000642 0.165364 0.000003 0.004673 1.000000
0.084409 0.084409 0.084409 0.084409 0.084409 0.084409 0.084409 0.084409 0.000034 0.084409 0.165380 0.107560 0.084409 0.084409 0.054250 0.000006 0.000028 0.133596 0.000000 0.014260 1.000000
0.084429 0.084429 0.084429 0.084429 0.084429 0.084429 0.084429 0.084429 0.000011 0.054262 0.165417 0.165417 0.067716 0.084429 0.084429 0.000006 0.035621 0.000069 0.000000 0.084429 1.000000
0.084444 0.084444 0.084444 0.084444 0.084444 0.084444 0.084444 0.084444 0.000007 0.084444 0.165445 0.133650 0.084444 0.084444 0.084444 0.000007 0.000028 0.133650 0.000003 0.004676 1.000000
0.084427 0.084427 0.084427 0.084427 0.084427 0.084427 0.084427 0.084427 0.000034 0.054261 0.165414 0.107583 0.084427 0.084427 0.084427 0.000006 0.000055 0.107583 0.000000 0.084427 1.000000
0.084451 0.084451 0.084451 0.084451 0.084451 0.084451 0.084451 0.084451 0.000043 0.067734 0.133661 0.165458 0.084451 0.084451 0.084451 0.000006 0.000028 0.107613 0.000000 0.084451 1.000000
0.083964 0.083964 0.083964 0.083964 0.083964 0.083964 0.083964 0.083964 0.000002 0.083964 0.164541 0.164541 0.067341 0.067341 0.083964 0.000006 0.000044 0.164541 0.000001 0.083964 1.000000
0.084413 0.084413 0.084413 0.084413 0.084413 0.084413 0.084413 0.084413 0.000043 0.084413 0.133603 0.165388 0.084413 0.067704 0.067704 0.000007 0.035614 0.000044 0.000000 0.084413 1.000000
0.084392 0.084392 0.084392 0.084392 0.084392 0.084392 0.084392 0.084392 0.000043 0.084392 0.133570 0.165348 0.084392 0.067687 0.084392 0.000007 0.009345 0.000263 0.000000 0.027830 1.000000
0.083986 0.083986 0.083986 0.083986 0.083986 0.083986 0.083986 0.083986 0.000001 0.067359 0.164584 0.132941 0.053975 0.083986 0.067359 0.000000 0.164584 0.164584 0.000000 0.083986 1.000000
0.084404 0.084404 0.084404 0.084404 0.084404 0.084404 0.084404 0.084404 0.000005 0.084404 0.133588 0.107553 0.084404 0.084404 0.084404 0.000006 0.000086 0.055540 0.000000 0.084404 1.000000
0.084443 0.084443 0.084443 0.084443 0.084443 0.084443 0.084443 0.084443 0.000002 0.067728 0.133649 0.165443 0.084443 0.067728 0.084443 0.000001 0.009350 0.165443 0.000002 0.004676 1.000000
0.083994 0.083994 0.083994 0.083994 0.083994 0.083994 0.083994 0.083994 0.083994 0.083994 0.164597 0.164597 0.067365 0.083994 0.000399 0.000000 0.164597 0.085980 0.000000 0.083994 1.000000
0.084003 0.084003 0.084003 0.084003 0.084003 0.084003 0.084003 0.084003 0.084003 0.000018 0.164616 0.164616 0.067373 0.084003 0.084003 0.000000 0.164616 0.107048 0.000000 0.084003 1.000000
0.084409 0.084409 0.084409 0.084409 0.084409 0.084409 0.084409 0.084409 0.000022 0.084409 0.165379 0.133596 0.084409 0.084409 0.084409 0.000007 0.000069 0.055543 0.000000 0.014260 1.000000
0.084469 0.084469 0.084469 0.084469 0.084469 0.084469 0.084469 0.084469 0.084469 0.000000 0.165493 0.133690 0.067749 0.084469 0.054289 0.000000 0.007483 0.165493 0.000002 0.084469 1.000000
0.084431 0.084431 0.084431 0.084431 0.084431 0.084431 0.084431 0.084431 0.000034 0.084431 0.165421 0.107588 0.084431 0.084431 0.084431 0.000007 0.000044 0.069328 0.000000 0.084431 1.000003
0.085002 0.085002 0.085002 0.085002 0.085002 0.085002 0.085002 0.085002 0.054634 0.085002 0.108309 0.108309 0.085002 0.085002 0.085002 0.000000 0.166494 0.001974 0.000000 0.085002 1.000000
0.084420 0.084420 0.084420 0.084420 0.084420 0.084420 0.084420 0.084420 0.000084 0.084420 0.165399 0.133612 0.084420 0.084420 0.084420 0.000007 0.044490 0.000035 0.000000 0.054256 1.000000
0.084465 0.084465 0.084465 0.084465 0.084465 0.084465 0.084465 0.084465 0.000004 0.067745 0.165484 0.165484 0.067745 0.084465 0.067745 0.000007 0.000035 0.133683 0.000000 0.084465 1.000000
0.083967 0.083967 0.083967 0.083967 0.083967 0.083967 0.083967 0.083967 0.083967 0.083967 0.132910 0.164547 0.053963 0.083967 0.067343 0.000006 0.000000 0.164547 0.000027 0.083967 0.336174
0.083999 0.083999 0.083999 0.083999 0.083999 0.083999 0.083999 0.083999 0.000001 0.083999 0.132960 0.164607 0.083999 0.067369 0.053983 0.000000 0.164607 0.164607 0.000000 0.083999 1.000000
0.084490 0.084490 0.084490 0.084490 0.084490 0.084490 0.084490 0.084490 0.000004 0.084490 0.165531 0.165531 0.067765 0.084490 0.084490 0.000007 0.000035 0.133721 0.000000 0.084490 0.324235
0.084462 0.084462 0.084462 0.084462 0.084462 0.084462 0.084462 0.084462 0.000043 0.084462 0.165478 0.165478 0.084462 0.084462 0.084462 0.000007 0.035635 0.000055 0.000000 0.084462 0.352834
0.083965 0.083965 0.083965 0.083965 0.083965 0.083965 0.083965 0.083965 0.000000 0.083965 0.164543 0.164543 0.083965 0.083965 0.083965 0.000002 0.005950 0.132908 0.000000 0.083965 1.000000
0.084454 0.084454 0.084454 0.084454 0.084454 0.084454 0.084454 0.084454 0.000005 0.067736 0.133665 0.165463 0.084454 0.084454 0.067736 0.000007 0.000028 0.133665 0.000000 0.084454 0.339602
0.083965 0.083965 0.083965 0.083965 0.083965 0.083965 0.083965 0.083965 0.000004 0.083965 0.164543 0.164543 0.083965 0.083965 0.083965 0.000007 0.000028 0.132908 0.000000 0.083965 1.000000
0.083965 0.083965 0.083965 0.083965 0.083965 0.083965 0.083965 0.083965 0.000034 0.083965 0.132908 0.164543 0.083965 0.083965 0.083965 0.000006 0.000022 0.164543 0.000000 0.083965 1.000000
0.084448 0.084448 0.084448 0.084448 0.084448 0.084448 0.084448 0.084448 0.000011 0.084448 0.165452 0.165452 0.084448 0.084448 0.054274 0.000007 0.000035 0.133656 0.000001 0.009132 0.342708
0.084477 0.084477 0.084477 0.084477 0.084477 0.084477 0.084477 0.084477 0.000005 0.084477 0.165508 0.165508 0.084477 0.067755 0.067755 0.000006 0.000028 0.133702 0.000000 0.084477 0.339495
0.084479 0.084479 0.084479 0.084479 0.084479 0.084479 0.084479 0.084479 0.000028 0.084479 0.133704 0.165510 0.084479 0.084479 0.084479 0.000007 0.000028 0.133704 0.000000 0.084479 1.000000
0.084441 0.084441 0.084441 0.084441 0.084441 0.084441 0.084441 0.084441 0.000028 0.084441 0.165439 0.165439 0.084441 0.067726 0.084441 0.000006 0.000035 0.107600 0.000000 0.014266 1.000000
0.083965 0.083965 0.083965 0.083965 0.083965 0.083965 0.083965 0.083965 0.000004 0.083965 0.164543 0.164543 0.083965 0.083965 0.083965 0.000006 0.000035 0.132908 0.000000 0.083965 1.000000
0.083988 0.083988 0.083988 0.083988 0.083988 0.083988 0.083988 0.083988 0.000003 0.083988 0.164587 0.164587 0.083988 0.083988 0.083988 0.000006 0.000044 0.164587 0.000000 0.083988 1.000000
0.084457 0.084457 0.084457 0.084457 0.084457 0.084457 0.084457 0.084457 0.000006 0.067739 0.165469 0.165469 0.054280 0.067739 0.084457 0.000006 0.000028 0.133670 0.000000 0.084457 1.000000
0.084457 0.084457 0.084457 0.084457 0.084457 0.084457 0.084457 0.084457 0.000022 0.084457 0.165469 0.165469 0.084457 0.084457 0.067738 0.000007 0.000035 0.133670 0.000000 0.017833 1.000000
0.084490 0.084490 0.084490 0.084490 0.084490 0.084490 0.084490 0.084490 0.000028 0.084490 0.165531 0.133721 0.084490 0.067765 0.084490 0.000007 0.000023 0.165531 0.000000 0.084490 1.000000
0.083965 0.083965 0.083965 0.083965 0.083965 0.083965 0.083965 0.083965 0.000004 0.083965 0.164543 0.164543 0.083965 0.083965 0.083965 0.000006 0.000035 0.132908 0.000000 0.083965 0.342644
0.084454 0.084454 0.084454 0.084454 0.084454 0.084454 0.084454 0.084454 0.000003 0.054278 0.165464 0.165464 0.084454 0.067736 0.084454 0.000007 0.000044 0.107617 0.000001 0.084454 1.000000
0.084441 0.084441 0.084441 0.084441 0.084441 0.084441 0.084441 0.084441 0.000067 0.084441 0.165440 0.165440 0.084441 0.084441 0.084441 0.000007 0.035626 0.000055 0.000000 0.054270 1.000000
0.084462 0.084462 0.084462 0.084462 0.084462 0.084462 0.084462 0.084462 0.000005 0.084462 0.165479 0.165479 0.084462 0.067743 0.067743 0.000006 0.000035 0.107627 0.000000 0.084462 1.000000
0.083994 0.083994 0.083994 0.083994 0.083994 0.083994 0.083994 0.083994 0.083994 0.083994 0.164598 0.107036 0.083994 0.083994 0.017734 0.000000 0.164598 0.132953 0.000000 0.083994 1.000000
0.084430 0.084430 0.084430 0.084430 0.084430 0.084430 0.084430 0.084430 0.000005 0.084430 0.133629 0.165419 0.067717 0.084430 0.084430 0.000006 0.000086 0.055557 0.000000 0.084430 0.338158
0.084468 0.084468 0.084468 0.084468 0.084468 0.084468 0.084468 0.084468 0.000022 0.084468 0.165491 0.165491 0.084468 0.084468 0.084468 0.000007 0.000023 0.133688 0.000000 0.014270 0.351826
0.084490 0.084490 0.084490 0.084490 0.084490 0.084490 0.084490 0.084490 0.000003 0.067765 0.165531 0.165531 0.084490 0.084490 0.084490 0.000007 0.000035 0.133721 0.000000 0.084490 0.339438
0.084479 0.084479 0.084479 0.084479 0.084479 0.084479 0.084479 0.084479 0.000004 0.084479 0.165510 0.133704 0.084479 0.084479 0.084479 0.000007 0.000028 0.133704 0.000000 0.084479 1.000016
0.083965 0.083965 0.083965 0.083965 0.083965 0.083965 0.083965 0.083965 0.000005 0.083965 0.164543 0.164543 0.083965 0.083965 0.083965 0.000006 0.000035 0.132908 0.000000 0.083965 0.342644
0.083965 0.083965 0.083965 0.083965 0.083965 0.083965 0.083965 0.083965 0.000004 0.083965 0.164543 0.164543 0.083965 0.083965 0.083965 0.000006 0.000035 0.132908 0.000000 0.083965 1.000000
0.083965 0.083965 0.083965 0.083965 0.083965 0.083965 0.083965 0.083965 0.000004 0.083965 0.164543 0.164543 0.083965 0.083965 0.083965 0.000006 0.000035 0.132908 0.000000 0.083965 0.342644
0.084451 0.084451 0.084451 0.084451 0.084451 0.084451 0.084451 0.084451 0.000004 0.084451 0.107613 0.165458 0.084451 0.084451 0.067734 0.000007 0.000035 0.133661 0.000000 0.084451 0.339615
0.084433 0.084433 0.084433 0.084433 0.084433 0.084433 0.084433 0.084433 0.000028 0.084433 0.133632 0.165424 0.084433 0.084433 0.067719 0.000006 0.000035 0.133632 0.000000 0.014264 0.343012
0.083965 0.083965 0.083965 0.083965 0.083965 0.083965 0.083965 0.083965 0.000034 0.083965 0.164543 0.164543 0.083965 0.083965 0.083965 0.000007 0.000028 0.132908 0.000000 0.083965 1.000000
0.083965 0.083965 0.083965 0.083965 0.083965 0.083965 0.083965 0.083965 0.000004 0.083965 0.164543 0.164543 0.083965 0.083965 0.083965 0.000006 0.000035 0.132908 0.000000 0.083965 1.000000
0.084490 0.084490 0.084490 0.084490 0.084490 0.084490 0.084490 0.084490 0.000004 0.084490 0.165531 0.165531 0.084490 0.084490 0.067765 0.000007 0.000035 0.133721 0.000000 0.084490 0.339475
0.084479 0.084479 0.084479 0.084479 0.084479 0.084479 0.084479 0.084479 0.000022 0.084479 0.165510 0.133704 0.084479 0.084479 0.084479 0.000007 0.000044 0.133704 0.000000 0.084479 1.000000
0.083965 0.083965 0.083965 0.083965 0.083965 0.083965 0.083965 0.083965 0.000004 0.083965 0.164543 0.164543 0.083965 0.083965 0.083965 0.000006 0.000035 0.132908 0.000000 0.083965 1.000000
0.084437 0.084437 0.084437 0.084437 0.084437 0.084437 0.084437 0.084437 0.000002 0.084437 0.133639 0.165432 0.084437 0.084437 0.084437 0.000007 0.000086 0.028513 0.000001 0.084437 1.000000
0.083965 0.083965 0.083965 0.083965 0.083965 0.083965 0.083965 0.083965 0.000004 0.083965 0.164543 0.164543 0.083965 0.083965 0.083965 0.000006 0.000035 0.132908 0.000000 0.083965 0.342644
0.083965 0.083965 0.083965 0.083965 0.083965 0.083965 0.083965 0.083965 0.000004 0.083965 0.164543 0.164543 0.083965 0.083965 0.083965 0.000006 0.000035 0.132908 0.000000 0.083965 1.000003
0.084479 0.084479 0.084479 0.084479 0.084479 0.084479 0.084479 0.084479 0.000004 0.084479 0.133704 0.165510 0.084479 0.084479 0.084479 0.000007 0.000028 0.133704 0.000000 0.084479 0.339488
0.084477 0.084477 0.084477 0.084477 0.084477 0.084477 0.084477 0.084477 0.000003 0.084477 0.165508 0.165508 0.084477 0.067755 0.067755 0.000007 0.000023 0.133702 0.000001 0.084477 1.000000
0.083965 0.083965 0.083965 0.083965 0.083965 0.083965 0.083965 0.083965 0.000004 0.083965 0.164543 0.164543 0.083965 0.083965 0.083965 0.000006 0.000035 0.132908 0.000000 0.083965 1.000000
0.084462 0.084462 0.084462 0.084462 0.084462 0.084462 0.084462 0.084462 0.000054 0.084462 0.165478 0.165478 0.084462 0.084462 0.084462 0.000006 0.035635 0.000044 0.000000 0.084462 0.352660
0.084479 0.084479 0.084479 0.084479 0.084479 0.084479 0.084479 0.084479 0.000004 0.084479 0.133704 0.165510 0.084479 0.084479 0.084479 0.000007 0.000028 0.133704 0.000000 0.084479 1.000000
0.084490 0.084490 0.084490 0.084490 0.084490 0.084490 0.084490 0.084490 0.000004 0.084490 0.165531 0.165531 0.084490 0.084490 0.067765 0.000007 0.000035 0.133721 0.000000 0.084490 0.339436
0.083965 0.083965 0.083965 0.083965 0.083965 0.083965 0.083965 0.083965 0.000004 0.083965 0.164543 0.164543 0.083965 0.083965 0.083965 0.000006 0.000035 0.132908 0.000000 0.083965 0.342623
0.084490 0.084490 0.084490 0.084490 0.084490 0.084490 0.084490 0.084490 0.000004 0.084490 0.165531 0.165531 0.084490 0.067765 0.084490 0.000007 0.000035 0.133721 0.000000 0.084490 0.328555
0.084479 0.084479 0.084479 0.084479 0.084479 0.084479 0.084479 0.084479 0.000043 0.084479 0.133704 0.165510 0.084479 0.084479 0.084479 0.000007 0.000028 0.133704 0.000000 0.084479 1.000000
0.083965 0.083965 0.083965 0.083965 0.083965 0.083965 0.083965 0.083965 0.000004 0.083965 0.164543 0.164543 0.083965 0.083965 0.083965 0.000006 0.000035 0.132908 0.000000 0.083965 1.000000
0.084479 0.084479 0.084479 0.084479 0.084479 0.084479 0.084479 0.084479 0.000028 0.084479 0.133704 0.165510 0.084479 0.084479 0.084479 0.000007 0.000028 0.133704 0.000000 0.084479 0.339508
0.084449 0.084449 0.084449 0.084449 0.084449 0.084449 0.084449 0.084449 0.000054 0.084449 0.165455 0.165455 0.067732 0.084449 0.084449 0.000007 0.035630 0.000055 0.000000 0.084449 1.000000
0.083965 0.083965 0.083965 0.083965 0.083965 0.083965 0.083965 0.083965 0.000004 0.083965 0.164543 0.164543 0.083965 0.083965 0.083965 0.000006 0.000035 0.132908 0.000000 0.083965 0.334807
0.083965 0.083965 0.083965 0.083965 0.083965 0.083965 0.083965 0.083965 0.000004 0.083965 0.164543 0.164543 0.083965 0.083965 0.083965 0.000006 0.000035 0.132908 0.000000 0.083965 0.334807
0.083988 0.083988 0.083988 0.083988 0.083988 0.083988 0.083988 0.083988 0.000004 0.083988 0.164587 0.164587 0.083988 0.083988 0.083988 0.000006 0.000028 0.164587 0.000000 0.083988 1.000000
0.083965 0.083965 0.083965 0.083965 0.083965 0.083965 0.083965 0.083965 0.000004 0.083965 0.164543 0.164543 0.083965 0.083965 0.083965 0.000006 0.000035 0.132908 0.000000 0.083965 0.342644
0.083965 0.083965 0.083965 0.083965 0.083965 0.083965 0.083965 0.083965 0.000004 0.083965 0.164543 0.164543 0.083965 0.083965 0.083965 0.000006 0.000035 0.132908 0.000000 0.083965 0.342644
0.084462 0.084462 0.084462 0.084462 0.084462 0.084462 0.084462 0.084462 0.000005 0.084462 0.165478 0.165478 0.084462 0.084462 0.084462 0.000006 0.035635 0.000069 0.000000 0.084462 1.000000
0.084440 0.084440 0.084440 0.084440 0.084440 0.084440 0.084440 0.084440 0.000043 0.067725 0.165437 0.165437 0.084440 0.084440 0.084440 0.000006 0.000035 0.107599 0.000000 0.007305 0.341356
0.084448 0.084448 0.084448 0.084448 0.084448 0.084448 0.084448 0.084448 0.000004 0.084448 0.107609 0.165452 0.084448 0.084448 0.084448 0.000007 0.000044 0.107609 0.000000 0.084448 0.341398
0.084487 0.084487 0.084487 0.084487 0.084487 0.084487 0.084487 0.084487 0.000002 0.084487 0.165525 0.165525 0.084487 0.084487 0.084487 0.000007 0.000028 0.107658 0.000001 0.084487 1.000000
0.083965 0.083965 0.083965 0.083965 0.083965 0.083965 0.083965 0.083965 0.000004 0.083965 0.164543 0.164543 0.083965 0.083965 0.083965 0.000006 0.000035 0.132908 0.000000 0.083965 0.342644
0.083965 0.083965 0.083965 0.083965 0.083965 0.083965 0.083965 0.083965 0.000004 0.083965 0.164543 0.164543 0.083965 0.083965 0.083965 0.000006 0.000035 0.132908 0.000000 0.083965 0.342644
0.084487 0.084487 0.084487 0.084487 0.084487 0.084487 0.084487 0.084487 0.000002 0.084487 0.165525 0.165525 0.084487 0.084487 0.084487 0.000007 0.000028 0.107658 0.000001 0.084487 0.339450
0.084462 0.084462 0.084462 0.084462 0.084462 0.084462 0.084462 0.084462 0.000043 0.084462 0.165478 0.165478 0.084462 0.084462 0.084462 0.000007 0.035635 0.000055 0.000000 0.084462 0.352834
0.084449 0.084449 0.084449 0.084449 0.084449 0.084449 0.084449 0.084449 0.000043 0.084449 0.165455 0.165455 0.084449 0.067732 0.084449 0.000007 0.035630 0.000055 0.000000 0.084449 0.352892
0.083965 0.083965 0.083965 0.083965 0.083965 0.083965 0.083965 0.083965 0.000004 0.083965 0.164543 0.164543 0.083965 0.083965 0.083965 0.000006 0.000035 0.132908 0.000000 0.083965 0.342644
0.083965 0.083965 0.083965 0.083965 0.083965 0.083965 0.083965 0.083965 0.000004 0.083965 0.164543 0.164543 0.083965 0.083965 0.083965 0.000006 0.000035 0.132908 0.000000 0.083965 1.000000
0.084479 0.084479 0.084479 0.084479 0.084479 0.084479 0.084479 0.084479 0.000028 0.084479 0.133704 0.165510 0.084479 0.084479 0.084479 0.000007 0.000028 0.133704 0.000000 0.084479 1.000000
0.084487 0.084487 0.084487 0.084487 0.084487 0.084487 0.084487 0.084487 0.000003 0.084487 0.165525 0.165525 0.084487 0.084487 0.084487 0.000007 0.000044 0.107658 0.000000 0.084487 0.339444
0.084487 0.084487 0.084487 0.084487 0.084487 0.084487 0.084487 0.084487 0.000003 0.084487 0.165525 0.165525 0.084487 0.084487 0.084487 0.000007 0.000044 0.107658 0.000000 0.084487 0.338280
0.084487 0.084487 0.084487 0.084487 0.084487 0.084487 0.084487 0.084487 0.000003 0.084487 0.165525 0.165525 0.084487 0.084487 0.084487 0.000007 0.000044 0.107658 0.000000 0.084487 1.000000
0.084474 0.084474 0.084474 0.084474 0.084474 0.084474 0.084474 0.084474 0.000004 0.067753 0.165502 0.165502 0.084474 0.084474 0.084474 0.000007 0.000044 0.107642 0.000000 0.084474 1.000000
0.084487 0.084487 0.084487 0.084487 0.084487 0.084487 0.084487 0.084487 0.000003 0.084487 0.165525 0.165525 0.084487 0.084487 0.084487 0.000007 0.000044 0.107658 0.000000 0.084487 1.000000
0.084487 0.084487 0.084487 0.084487 0.084487 0.084487 0.084487 0.084487 0.000003 0.084487 0.165525 0.165525 0.084487 0.084487 0.084487 0.000007 0.000044 0.107658 0.000000 0.084487 1.000000
0.084487 0.084487 0.084487 0.084487 0.084487 0.084487 0.084487 0.084487 0.000003 0.084487 0.165525 0.165525 0.084487 0.084487 0.084487 0.000007 0.000044 0.107658 0.000000 0.084487 1.000000
0.084487 0.084487 0.084487 0.084487 0.084487 0.084487 0.084487 0.084487 0.000003 0.084487 0.165525 0.165525 0.084487 0.084487 0.084487 0.000007 0.000044 0.107658 0.000000 0.084487 1.000000
0.084487 0.084487 0.084487 0.084487 0.084487 0.084487 0.084487 0.084487 0.000003 0.084487 0.165525 0.165525 0.084487 0.084487 0.084487 0.000007 0.000044 0.107658 0.000000 0.084487 1.000000
0.084487 0.084487 0.084487 0.084487 0.084487 0.084487 0.084487 0.084487 0.000003 0.084487 0.165525 0.165525 0.084487 0.084487 0.084487 0.000007 0.000044 0.107658 0.000000 0.084487 1.000000
0.084487 0.084487 0.084487 0.084487 0.084487 0.084487 0.084487 0.084487 0.000003 0.084487 0.165525 0.165525 0.084487 0.084487 0.084487 0.000007 0.000044 0.107658 0.000000 0.084487 1.000000
0.084487 0.084487 0.084487 0.084487 0.084487 0.084487 0.084487 0.084487 0.000003 0.084487 0.165525 0.165525 0.084487 0.084487 0.084487 0.000007 0.000044 0.107658 0.000000 0.084487 1.000000
0.084487 0.084487 0.084487 0.084487 0.084487 0.084487 0.084487 0.084487 0.000003 0.084487 0.165525 0.165525 0.084487 0.084487 0.084487 0.000007 0.000044 0.107658 0.000000 0.084487 1.000000
0.084487 0.084487 0.084487 0.084487 0.084487 0.084487 0.084487 0.084487 0.000003 0.084487 0.165525 0.165525 0.084487 0.084487 0.084487 0.000007 0.000044 0.107658 0.000000 0.084487 1.000000
0.084487 0.084487 0.084487 0.084487 0.084487 0.084487 0.084487 0.084487 0.000003 0.084487 0.165525 0.165525 0.084487 0.084487 0.084487 0.000007 0.000044 0.107658 0.000000 0.084487 1.000000
0.084487 0.084487 0.084487 0.084487 0.084487 0.084487 0.084487 0.084487 0.000003 0.084487 0.165525 0.165525 0.084487 0.084487 0.084487 0.000007 0.000044 0.107658 0.000000 0.084487 1.000000
0.084487 0.084487 0.084487 0.084487 0.084487 0.084487 0.084487 0.084487 0.000003 0.084487 0.165525 0.165525 0.084487 0.084487 0.084487 0.000007 0.000044 0.107658 0.000000 0.084487 1.000000
0.084487 0.084487 0.084487 0.084487 0.084487 0.084487 0.084487 0.084487 0.000003 0.084487 0.165525 0.165525 0.084487 0.084487 0.084487 0.000007 0.000044 0.107658 0.000000 0.084487 1.000000
0.084487 0.084487 0.084487 0.084487 0.084487 0.084487 0.084487 0.084487 0.000003 0.084487 0.165525 0.165525 0.084487 0.084487 0.084487 0.000007 0.000044 0.107658 0.000000 0.084487 1.000000
0.084487 0.084487 0.084487 0.084487 0.084487 0.084487 0.084487 0.084487 0.000003 0.084487 0.165525 0.165525 0.084487 0.084487 0.084487 0.000007 0.000044 0.107658 0.000000 0.084487 1.000000
0.084487 0.084487 0.084487 0.084487 0.084487 0.084487 0.084487 0.084487 0.000003 0.084487 0.165525 0.165525 0.084487 0.084487 0.084487 0.000007 0.000044 0.107658 0.000000 0.084487 1.000000
0.084487 0.084487 0.084487 0.084487 0.084487 0.084487 0.084487 0.084487 0.000003 0.084487 0.165525 0.165525 0.084487 0.084487 0.084487 0.000007 0.000044 0.107658 0.000000 0.084487 1.000000
0.084487 0.084487 0.084487 0.084487 0.084487 0.084487 0.084487 0.084487 0.000003 0.084487 0.165525 0.165525 0.084487 0.084487 0.084487 0.000007 0.000044 0.107658 0.000000 0.084487 1.000000
0.084487 0.084487 0.084487 0.084487 0.084487 0.084487 0.084487 0.084487 0.000003 0.084487 0.165525 0.165525 0.084487 0.084487 0.084487 0.000007 0.000044 0.107658 0.000000 0.084487 1.000000
0.084463 0.084463 0.084463 0.084463 0.084463 0.084463 0.084463 0.084463 0.000004 0.084463 0.133680 0.165481 0.084463 0.084463 0.084463 0.000006 0.000044 0.107628 0.000000 0.084463 1.000000
0.084487 0.084487 0.084487 0.084487 0.084487 0.084487 0.084487 0.084487 0.000003 0.084487 0.165525 0.165525 0.084487 0.084487 0.084487 0.000007 0.000044 0.107658 0.000000 0.084487 1.000000
0.084487 0.084487 0.084487 0.084487 0.084487 0.084487 0.084487 0.084487 0.000003 0.084487 0.165525 0.165525 0.084487 0.084487 0.084487 0.000007 0.000044 0.107658 0.000000 0.084487 1.000000
0.084487 0.084487 0.084487 0.084487 0.084487 0.084487 0.084487 0.084487 0.000003 0.084487 0.165525 0.165525 0.084487 0.084487 0.084487 0.000007 0.000044 0.107658 0.000000 0.084487 1.000000
0.084487 0.084487 0.084487 0.084487 0.084487 0.084487 0.084487 0.084487 0.000003 0.084487 0.165525 0.165525 0.084487 0.084487 0.084487 0.000007 0.000044 0.107658 0.000000 0.084487 1.000000
0.084490 0.084490 0.084490 0.084490 0.084490 0.084490 0.084490 0.084490 0.000004 0.084490 0.165531 0.165531 0.084490 0.067765 0.084490 0.000007 0.000035 0.133721 0.000000 0.084490 1.000001
0.083965 0.083965 0.083965 0.083965 0.083965 0.083965 0.083965 0.083965 0.000004 0.083965 0.164543 0.164543 0.083965 0.083965 0.083965 0.000006 0.000035 0.132908 0.000000 0.083965 1.000000
0.083965 0.083965 0.083965 0.083965 0.083965 0.083965 0.083965 0.083965 0.000004 0.083965 0.164543 0.164543 0.083965 0.083965 0.083965 0.000006 0.000035 0.132908 0.000000 0.083965 1.000000
0.083965 0.083965 0.083965 0.083965 0.083965 0.083965 0.083965 0.083965 0.000004 0.083965 0.164543 0.164543 0.083965 0.083965 0.083965 0.000006 0.000035 0.132908 0.000000 0.083965 1.000000
0.083965 0.083965 0.083965 0.083965 0.083965 0.083965 0.083965 0.083965 0.000004 0.083965 0.164543 0.164543 0.083965 0.083965 0.083965 0.000006 0.000035 0.132908 0.000000 0.083965 1.000000
0.083965 0.083965 0.083965 0.083965 0.083965 0.083965 0.083965 0.083965 0.000004 0.083965 0.164543 0.164543 0.083965 0.083965 0.083965 0.000006 0.000035 0.132908 0.000000 0.083965 1.000000
0.083965 0.083965 0.083965 0.083965 0.083965 0.083965 0.083965 0.083965 0.000004 0.083965 0.164543 0.164543 0.083965 0.083965 0.083965 0.000006 0.000035 0.132908 0.000000 0.083965 1.000000
0.083965 0.083965 0.083965 0.083965 0.083965 0.083965 0.083965 0.083965 0.000004 0.083965 0.164543 0.164543 0.083965 0.083965 0.083965 0.000006 0.000035 0.132908 0.000000 0.083965 1.000000
0.083965 0.083965 0.083965 0.083965 0.083965 0.083965 0.083965 0.083965 0.000004 0.083965 0.164543 0.164543 0.083965 0.083965 0.083965 0.000006 0.000035 0.132908 0.000000 0.083965 1.000000
0.083965 0.083965 0.083965 0.083965 0.083965 0.083965 0.083965 0.083965 0.000004 0.083965 0.164543 0.164543 0.083965 0.083965 0.083965 0.000006 0.000035 0.132908 0.000000 0.083965 1.000000
0.083965 0.083965 0.083965 0.083965 0.083965 0.083965 0.083965 0.083965 0.000004 0.083965 0.164543 0.164543 0.083965 0.083965 0.083965 0.000006 0.000035 0.132908 0.000000 0.083965 1.000000
0.083965 0.083965 0.083965 0.083965 0.083965 0.083965 0.083965 0.083965 0.000004 0.083965 0.164543 0.164543 0.083965 0.083965 0.083965 0.000006 0.000035 0.132908 0.000000 0.083965 1.000000
0.083965 0.083965 0.083965 0.083965 0.083965 0.083965 0.083965 0.083965 0.000004 0.083965 0.164543 0.164543 0.083965 0.083965 0.083965 0.000006 0.000035 0.132908 0.000000 0.083965 1.000000
0.083965 0.083965 0.083965 0.083965 0.083965 0.083965 0.083965 0.083965 0.000004 0.083965 0.164543 0.164543 0.083965 0.083965 0.083965 0.000006 0.000035 0.132908 0.000000 0.083965 1.000000
0.083965 0.083965 0.083965 0.083965 0.083965 0.083965 0.083965 0.083965 0.000004 0.083965 0.164543 0.164543 0.083965 0.083965 0.083965 0.000006 0.000035 0.132908 0.000000 0.083965 1.000000
0.083965 0.083965 0.083965 0.083965 0.083965 0.083965 0.083965 0.083965 0.000004 0.083965 0.164543 0.164543 0.083965 0.083965 0.083965 0.000006 0.000035 0.132908 0.000000 0.083965 1.000000
0.083965 0.083965 0.083965 0.083965 0.083965 0.083965 0.083965 0.083965 0.000004 0.083965 0.164543 0.164543 0.083965 0.083965 0.083965 0.000006 0.000035 0.132908 0.000000 0.083965 1.000000
0.083965 0.083965 0.083965 0.083965 0.083965 0.083965 0.083965 0.083965 0.000004 0.083965 0.164543 0.164543 0.083965 0.083965 0.083965 0.000006 0.000035 0.132908 0.000000 0.083965 1.000000
0.083965 0.083965 0.083965 0.083965 0.083965 0.083965 0.083965 0.083965 0.000004 0.083965 0.164543 0.164543 0.083965 0.083965 0.083965 0.000006 0.000035 0.132908 0.000000 0.083965 1.000000
0.084444 0.084444 0.084444 0.084444 0.084444 0.084444 0.084444 0.084444 0.000043 0.084444 0.165445 0.133650 0.084444 0.084444 0.084444 0.000006 0.000035 0.133650 0.000000 0.007305 0.342941
0.083965 0.083965 0.083965 0.083965 0.083965 0.083965 0.083965 0.083965 0.000004 0.083965 0.164543 0.164543 0.083965 0.083965 0.083965 0.000006 0.000035 0.132908 0.000000 0.083965 1.000000
0.083965 0.083965 0.083965 0.083965 0.083965 0.083965 0.083965 0.083965 0.000004 0.083965 0.164543 0.164543 0.083965 0.083965 0.083965 0.000006 0.000035 0.132908 0.000000 0.083965 1.000000
0.083965 0.083965 0.083965 0.083965 0.083965 0.083965 0.083965 0.083965 0.000004 0.083965 0.164543 0.164543 0.083965 0.083965 0.083965 0.000006 0.000035 0.132908 0.000000 0.083965 1.000000
0.083965 0.083965 0.083965 0.083965 0.083965 0.083965 0.083965 0.083965 0.000004 0.083965 0.164543 0.164543 0.083965 0.083965 0.083965 0.000006 0.000035 0.132908 0.000000 0.083965 1.000000
0.083965 0.083965 0.083965 0.083965 0.083965 0.083965 0.083965 0.083965 0.000004 0.083965 0.164543 0.164543 0.083965 0.083965 0.083965 0.000006 0.000035 0.132908 0.000000 0.083965 1.000000
0.083965 0.083965 0.083965 0.083965 0.083965 0.083965 0.083965 0.083965 0.000004 0.083965 0.164543 0.164543 0.083965 0.083965 0.083965 0.000006 0.000035 0.132908 0.000000 0.083965 1.000000
0.083965 0.083965 0.083965 0.083965 0.083965 0.083965 0.083965 0.083965 0.000004 0.083965 0.164543 0.164543 0.083965 0.083965 0.083965 0.000006 0.000035 0.132908 0.000000 0.083965 1.000000
0.083965 0.083965 0.083965 0.083965 0.083965 0.083965 0.083965 0.083965 0.000004 0.083965 0.164543 0.164543 0.083965 0.083965 0.083965 0.000006 0.000035 0.132908 0.000000 0.083965 1.000000
0.083965 0.083965 0.083965 0.083965 0.083965 0.083965 0.083965 0.083965 0.000004 0.083965 0.164543 0.164543 0.083965 0.083965 0.083965 0.000006 0.000035 0.132908 0.000000 0.083965 1.000000
0.083965 0.083965 0.083965 0.083965 0.083965 0.083965 0.083965 0.083965 0.000004 0.083965 0.164543 0.164543 0.083965 0.083965 0.083965 0.000006 0.000035 0.132908 0.000000 0.083965 1.000000
0.083965 0.083965 0.083965 0.083965 0.083965 0.083965 0.083965 0.083965 0.000004 0.083965 0.164543 0.164543 0.083965 0.083965 0.083965 0.000006 0.000035 0.132908 0.000000 0.083965 1.000000
0.083965 0.083965 0.083965 0.083965 0.083965 0.083965 0.083965 0.083965 0.000004 0.083965 0.164543 0.164543 0.083965 0.083965 0.083965 0.000006 0.000035 0.132908 0.000000 0.083965 1.000000
0.083965 0.083965 0.083965 0.083965 0.083965 0.083965 0.083965 0.083965 0.000004 0.083965 0.164543 0.164543 0.083965 0.083965 0.083965 0.000006 0.000035 0.132908 0.000000 0.083965 1.000000
0.083965 0.083965 0.083965 0.083965 0.083965 0.083965 0.083965 0.083965 0.000004 0.083965 0.164543 0.164543 0.083965 0.083965 0.083965 0.000006 0.000035 0.132908 0.000000 0.083965 1.000000
0.083965 0.083965 0.083965 0.083965 0.083965 0.083965 0.083965 0.083965 0.000004 0.083965 0.164543 0.164543 0.083965 0.083965 0.083965 0.000006 0.000035 0.132908 0.000000 0.083965 1.000000
0.083965 0.083965 0.083965 0.083965 0.083965 0.083965 0.083965 0.083965 0.000004 0.083965 0.164543 0.164543 0.083965 0.083965 0.083965 0.000006 0.000035 0.132908 0.000000 0.083965 1.000000
0.083965 0.083965 0.083965 0.083965 0.083965 0.083965 0.083965 0.083965 0.000004 0.083965 0.164543 0.164543 0.083965 0.083965 0.083965 0.000006 0.000035 0.132908 0.000000 0.083965 1.000000
0.083965 0.083965 0.083965 0.083965 0.083965 0.083965 0.083965 0.083965 0.000004 0.083965 0.164543 0.164543 0.083965 0.083965 0.083965 0.000006 0.000035 0.132908 0.000000 0.083965 1.000000
0.083965 0.083965 0.083965 0.083965 0.083965 0.083965 0.083965 0.083965 0.000004 0.083965 0.164543 0.164543 0.083965 0.083965 0.083965 0.000006 0.000035 0.132908 0.000000 0.083965 1.000000
0.083965 0.083965 0.083965 0.083965 0.083965 0.083965 0.083965 0.083965 0.000004 0.083965 0.164543 0.164543 0.083965 0.083965 0.083965 0.000006 0.000035 0.132908 0.000000 0.083965 1.000000
0.083965 0.083965 0.083965 0.083965 0.083965 0.083965 0.083965 0.083965 0.000004 0.083965 0.164543 0.164543 0.083965 0.083965 0.083965 0.000006 0.000035 0.132908 0.000000 0.083965 1.000000
0.083965 0.083965 0.083965 0.083965 0.083965 0.083965 0.083965 0.083965 0.000004 0.083965 0.164543 0.164543 0.083965 0.083965 0.083965 0.000006 0.000035 0.132908 0.000000 0.083965 1.000000
0.083965 0.083965 0.083965 0.083965 0.083965 0.083965 0.083965 0.083965 0.000004 0.083965 0.164543 0.164543 0.083965 0.083965 0.083965 0.000006 0.000035 0.132908 0.000000 0.083965 1.000000
0.083965 0.083965 0.083965 0.083965 0.083965 0.083965 0.083965 0.083965 0.000004 0.083965 0.164543 0.164543 0.083965 0.083965 0.083965 0.000006 0.000035 0.132908 0.000000 0.083965 1.000000
0.083965 0.083965 0.083965 0.083965 0.083965 0.083965 0.083965 0.083965 0.000004 0.083965 0.164543 0.164543 0.083965 0.083965 0.083965 0.000006 0.000035 0.132908 0.000000 0.083965 1.000000
0.083965 0.083965 0.083965 0.083965 0.083965 0.083965 0.083965 0.083965 0.000004 0.083965 0.164543 0.164543 0.083965 0.083965 0.083965 0.000006 0.000035 0.132908 0.000000 0.083965 1.000000
0.083965 0.083965 0.083965 0.083965 0.083965 0.083965 0.083965 0.083965 0.000004 0.083965 0.164543 0.164543 0.083965 0.083965 0.083965 0.000006 0.000035 0.132908 0.000000 0.083965 1.000000
0.083965 0.083965 0.083965 0.083965 0.083965 0.083965 0.083965 0.083965 0.000004 0.083965 0.164543 0.164543 0.083965 0.083965 0.083965 0.000006 0.000035 0.132908 0.000000 0.083965 1.000000
0.083965 0.083965 0.083965 0.083965 0.083965 0.083965 0.083965 0.083965 0.000004 0.083965 0.164543 0.164543 0.083965 0.083965 0.083965 0.000006 0.000035 0.132908 0.000000 0.083965 1.000000
0.084479 0.084479 0.084479 0.084479 0.084479 0.084479 0.084479 0.084479 0.000004 0.084479 0.133704 0.165510 0.084479 0.084479 0.084479 0.000006 0.000035 0.133704 0.000000 0.084479 1.000000
0.083965 0.083965 0.083965 0.083965 0.083965 0.083965 0.083965 0.083965 0.000004 0.083965 0.164543 0.164543 0.083965 0.083965 0.083965 0.000006 0.000035 0.132908 0.000000 0.083965 1.000000
0.083965 0.083965 0.083965 0.083965 0.083965 0.083965 0.083965 0.083965 0.000004 0.083965 0.164543 0.164543 0.083965 0.083965 0.083965 0.000006 0.000035 0.132908 0.000000 0.083965 1.000000
0.083965 0.083965 0.083965 0.083965 0.083965 0.083965 0.083965 0.083965 0.000004 0.083965 0.164543 0.164543 0.083965 0.083965 0.083965 0.000006 0.000035 0.132908 0.000000 0.083965 1.000000
0.083965 0.083965 0.083965 0.083965 0.083965 0.083965 0.083965 0.083965 0.000004 0.083965 0.164543 0.164543 0.083965 0.083965 0.083965 0.000006 0.000035 0.132908 0.000000 0.083965 1.000000
0.083965 0.083965 0.083965 0.083965 0.083965 0.083965 0.083965 0.083965 0.000004 0.083965 0.164543 0.164543 0.083965 0.083965 0.083965 0.000006 0.000035 0.132908 0.000000 0.083965 1.000000
0.083965 0.083965 0.083965 0.083965 0.083965 0.083965 0.083965 0.083965 0.000004 0.083965 0.164543 0.164543 0.083965 0.083965 0.083965 0.000006 0.000035 0.132908 0.000000 0.083965 1.000000
0.083965 0.083965 0.083965 0.083965 0.083965 0.083965 0.083965 0.083965 0.000004 0.083965 0.164543 0.164543 0.083965 0.083965 0.083965 0.000006 0.000035 0.132908 0.000000 0.083965 1.000000
0.083965 0.083965 0.083965 0.083965 0.083965 0.083965 0.083965 0.083965 0.000004 0.083965 0.164543 0.164543 0.083965 0.083965 0.083965 0.000006 0.000035 0.132908 0.000000 0.083965 1.000000
0.083965 0.083965 0.083965 0.083965 0.083965 0.083965 0.083965 0.083965 0.000004 0.083965 0.164543 0.164543 0.083965 0.083965 0.083965 0.000006 0.000035 0.132908 0.000000 0.083965 1.000000
0.083965 0.083965 0.083965 0.083965 0.083965 0.083965 0.083965 0.083965 0.000004 0.083965 0.164543 0.164543 0.083965 0.083965 0.083965 0.000006 0.000035 0.132908 0.000000 0.083965 1.000000
0.083965 0.083965 0.083965 0.083965 0.083965 0.083965 0.083965 0.083965 0.000004 0.083965 0.164543 0.164543 0.083965 0.083965 0.083965 0.000006 0.000035 0.132908 0.000000 0.083965 1.000000
0.083965 0.083965 0.083965 0.083965 0.083965 0.083965 0.083965 0.083965 0.000004 0.083965 0.164543 0.164543 0.083965 0.083965 0.083965 0.000006 0.000035 0.132908 0.000000 0.083965 1.000000
0.084490 0.084490 0.084490 0.084490 0.084490 0.084490 0.084490 0.084490 0.000004 0.084490 0.165531 0.165531 0.067765 0.084490 0.084490 0.000007 0.000035 0.133721 0.000000 0.084490 1.000000
0.083965 0.083965 0.083965 0.083965 0.083965 0.083965 0.083965 0.083965 0.000004 0.083965 0.164543 0.164543 0.083965 0.083965 0.083965 0.000006 0.000035 0.132908 0.000000 0.083965 1.000000
0.083965 0.083965 0.083965 0.083965 0.083965 0.083965 0.083965 0.083965 0.000004 0.083965 0.164543 0.164543 0.083965 0.083965 0.083965 0.000006 0.000035 0.132908 0.000000 0.083965 1.000000
0.083965 0.083965 0.083965 0.083965 0.083965 0.083965 0.083965 0.083965 0.000004 0.083965 0.164543 0.164543 0.083965 0.083965 0.083965 0.000006 0.000035 0.132908 0.000000 0.083965 1.000000
0.083965 0.083965 0.083965 0.083965 0.083965 0.083965 0.083965 0.083965 0.000004 0.083965 0.164543 0.164543 0.083965 0.083965 0.083965 0.000006 0.000035 0.132908 0.000000 0.083965 1.000000
0.083965 0.083965 0.083965 0.083965 0.083965 0.083965 0.083965 0.083965 0.000004 0.083965 0.164543 0.164543 0.083965 0.083965 0.083965 0.000006 0.000035 0.132908 0.000000 0.083965 1.000000
0.083965 0.083965 0.083965 0.083965 0.083965 0.083965 0.083965 0.083965 0.000004 0.083965 0.164543 0.164543 0.083965 0.083965 0.083965 0.000006 0.000035 0.132908 0.000000 0.083965 1.000000
0.083965 0.083965 0.083965 0.083965 0.083965 0.083965 0.083965 0.083965 0.000004 0.083965 0.164543 0.164543 0.083965 0.083965 0.083965 0.000006 0.000035 0.132908 0.000000 0.083965 1.000000
0.083965 0.083965 0.083965 0.083965 0.083965 0.083965 0.083965 0.083965 0.000004 0.083965 0.164543 0.164543 0.083965 0.083965 0.083965 0.000006 0.000035 0.132908 0.000000 0.083965 1.000000
0.083965 0.083965 0.083965 0.083965 0.083965 0.083965 0.083965 0.083965 0.000004 0.083965 0.164543 0.164543 0.083965 0.083965 0.083965 0.000006 0.000035 0.132908 0.000000 0.083965 1.000000
0.083965 0.083965 0.083965 0.083965 0.083965 0.083965 0.083965 0.083965 0.000004 0.083965 0.164543 0.164543 0.083965 0.083965 0.083965 0.000006 0.000035 0.132908 0.000000 0.083965 1.000000
0.083965 0.083965 0.083965 0.083965 0.083965 0.083965 0.083965 0.083965 0.000004 0.083965 0.164543 0.164543 0.083965 0.083965 0.083965 0.000006 0.000035 0.132908 0.000000 0.083965 1.000000
0.083965 0.083965 0.083965 0.083965 0.083965 0.083965 0.083965 0.083965 0.000004 0.083965 0.164543 0.164543 0.083965 0.083965 0.083965 0.000006 0.000035 0.132908 0.000000 0.083965 1.000000
0.083965 0.083965 0.083965 0.083965 0.083965 0.083965 0.083965 0.083965 0.000004 0.083965 0.164543 0.164543 0.083965 0.083965 0.083965 0.000006 0.000035 0.132908 0.000000 0.083965 1.000000
0.083965 0.083965 0.083965 0.083965 0.083965 0.083965 0.083965 0.083965 0.000004 0.083965 0.164543 0.164543 0.083965 0.083965 0.083965 0.000006 0.000035 0.132908 0.000000 0.083965 1.000000
0.083965 0.083965 0.083965 0.083965 0.083965 0.083965 0.083965 0.083965 0.000004 0.083965 0.164543 0.164543 0.083965 0.083965 0.083965 0.000006 0.000035 0.132908 0.000000 0.083965 1.000000
0.083965 0.083965 0.083965 0.083965 0.083965 0.083965 0.083965 0.083965 0.000004 0.083965 0.164543 0.164543 0.083965 0.083965 0.083965 0.000006 0.000035 0.132908 0.000000 0.083965 1.000000
0.083965 0.083965 0.083965 0.083965 0.083965 0.083965 0.083965 0.083965 0.000004 0.083965 0.164543 0.164543 0.083965 0.083965 0.083965 0.000006 0.000035 0.132908 0.000000 0.083965 1.000000
0.083965 0.083965 0.083965 0.083965 0.083965 0.083965 0.083965 0.083965 0.000004 0.083965 0.164543 0.164543 0.083965 0.083965 0.083965 0.000006 0.000035 0.132908 0.000000 0.083965 1.000000
0.083965 0.083965 0.083965 0.083965 0.083965 0.083965 0.083965 0.083965 0.000004 0.083965 0.164543 0.164543 0.083965 0.083965 0.083965 0.000006 0.000035 0.132908 0.000000 0.083965 1.000000
0.083965 0.083965 0.083965 0.083965 0.083965 0.083965 0.083965 0.083965 0.000004 0.083965 0.164543 0.164543 0.083965 0.083965 0.083965 0.000006 0.000035 0.132908 0.000000 0.083965 1.000000
0.083965 0.083965 0.083965 0.083965 0.083965 0.083965 0.083965 0.083965 0.000004 0.083965 0.164543 0.164543 0.083965 0.083965 0.083965 0.000006 0.000035 0.132908 0.000000 0.083965 1.000000
0.083965 0.083965 0.083965 0.083965 0.083965 0.083965 0.083965 0.083965 0.000004 0.083965 0.164543 0.164543 0.083965 0.083965 0.083965 0.000006 0.000035 0.132908 0.000000 0.083965 1.000000
0.083965 0.083965 0.083965 0.083965 0.083965 0.083965 0.083965 0.083965 0.000004 0.083965 0.164543 0.164543 0.083965 0.083965 0.083965 0.000006 0.000035 0.132908 0.000000 0.083965 1.000000
0.083965 0.083965 0.083965 0.083965 0.083965 0.083965 0.083965 0.083965 0.000004 0.083965 0.164543 0.164543 0.083965 0.083965 0.083965 0.000006 0.000035 0.132908 0.000000 0.083965 1.000000
0.083965 0.083965 0.083965 0.083965 0.083965 0.083965 0.083965 0.083965 0.000004 0.083965 0.164543 0.164543 0.083965 0.083965 0.083965 0.000006 0.000035 0.132908 0.000000 0.083965 1.000000
0.083965 0.083965 0.083965 0.083965 0.083965 0.083965 0.083965 0.083965 0.000004 0.083965 0.164543 0.164543 0.083965 0.083965 0.083965 0.000006 0.000035 0.132908 0.000000 0.083965 1.000000
0.084490 0.084490 0.084490 0.084490 0.084490 0.084490 0.084490 0.084490 0.000004 0.084490 0.165531 0.165531 0.067765 0.084490 0.084490 0.000007 0.000035 0.133721 0.000000 0.084490 1.000000
0.083965 0.083965 0.083965 0.083965 0.083965 0.083965 0.083965 0.083965 0.000004 0.083965 0.164543 0.164543 0.083965 0.083965 0.083965 0.000006 0.000035 0.132908 0.000000 0.083965 1.000000
0.083965 0.083965 0.083965 0.083965 0.083965 0.083965 0.083965 0.083965 0.000004 0.083965 0.164543 0.164543 0.083965 0.083965 0.083965 0.000006 0.000035 0.132908 0.000000 0.083965 1.000000
0.083965 0.083965 0.083965 0.083965 0.083965 0.083965 0.083965 0.083965 0.000004 0.083965 0.164543 0.164543 0.083965 0.083965 0.083965 0.000006 0.000035 0.132908 0.000000 0.083965 1.000000
0.083965 0.083965 0.083965 0.083965 0.083965 0.083965 0.083965 0.083965 0.000004 0.083965 0.164543 0.164543 0.083965 0.083965 0.083965 0.000006 0.000035 0.132908 0.000000 0.083965 1.000000
0.083965 0.083965 0.083965 0.083965 0.083965 0.083965 0.083965 0.083965 0.000004 0.083965 0.164543 0.164543 0.083965 0.083965 0.083965 0.000006 0.000035 0.132908 0.000000 0.083965 1.000000
0.083965 0.083965 0.083965 0.083965 0.083965 0.083965 0.083965 0.083965 0.000004 0.083965 0.164543 0.164543 0.083965 0.083965 0.083965 0.000006 0.000035 0.132908 0.000000 0.083965 1.000000
0.083965 0.083965 0.083965 0.083965 0.083965 0.083965 0.083965 0.083965 0.000004 0.083965 0.164543 0.164543 0.083965 0.083965 0.083965 0.000006 0.000035 0.132908 0.000000 0.083965 1.000000
0.083965 0.083965 0.083965 0.083965 0.083965 0.083965 0.083965 0.083965 0.000004 0.083965 0.164543 0.164543 0.083965 0.083965 0.083965 0.000006 0.000035 0.132908 0.000000 0.083965 1.000000
0.083965 0.083965 0.083965 0.083965 0.083965 0.083965 0.083965 0.083965 0.000004 0.083965 0.164543 0.164543 0.083965 0.083965 0.083965 0.000006 0.000035 0.132908 0.000000 0.083965 1.000000
0.083965 0.083965 0.083965 0.083965 0.083965 0.083965 0.083965 0.083965 0.000004 0.083965 0.164543 0.164543 0.083965 0.083965 0.083965 0.000006 0.000035 0.132908 0.000000 0.083965 1.000000
0.083965 0.083965 0.083965 0.083965 0.083965 0.083965 0.083965 0.083965 0.000004 0.083965 0.164543 0.164543 0.083965 0.083965 0.083965 0.000006 0.000035 0.132908 0.000000 0.083965 1.000000
0.083965 0.083965 0.083965 0.083965 0.083965 0.083965 0.083965 0.083965 0.000004 0.083965 0.164543 0.164543 0.083965 0.083965 0.083965 0.000006 0.000035 0.132908 0.000000 0.083965 1.000000
0.083965 0.083965 0.083965 0.083965 0.083965 0.083965 0.083965 0.083965 0.000004 0.083965 0.164543 0.164543 0.083965 0.083965 0.083965 0.000006 0.000035 0.132908 0.000000 0.083965 1.000000
0.083965 0.083965 0.083965 0.083965 0.083965 0.083965 0.083965 0.083965 0.000004 0.083965 0.164543 0.164543 0.083965 0.083965 0.083965 0.000006 0.000035 0.132908 0.000000 0.083965 1.000000
0.083965 0.083965 0.083965 0.083965 0.083965 0.083965 0.083965 0.083965 0.000004 0.083965 0.164543 0.164543 0.083965 0.083965 0.083965 0.000006 0.000035 0.132908 0.000000 0.083965 1.000000
0.083965 0.083965 0.083965 0.083965 0.083965 0.083965 0.083965 0.083965 0.000004 0.083965 0.164543 0.164543 0.083965 0.083965 0.083965 0.000006 0.000035 0.132908 0.000000 0.083965 1.000000
0.083965 0.083965 0.083965 0.083965 0.083965 0.083965 0.083965 0.083965 0.000004 0.083965 0.164543 0.164543 0.083965 0.083965 0.083965 0.000006 0.000035 0.132908 0.000000 0.083965 1.000000
0.083965 0.083965 0.083965 0.083965 0.083965 0.083965 0.083965 0.083965 0.000004 0.083965 0.164543 0.164543 0.083965 0.083965 0.083965 0.000006 0.000035 0.132908 0.000000 0.083965 1.000000
0.083965 0.083965 0.083965 0.083965 0.083965 0.083965 0.083965 0.083965 0.000004 0.083965 0.164543 0.164543 0.083965 0.083965 0.083965 0.000006 0.000035 0.132908 0.000000 0.083965 1.000000
0.083965 0.083965 0.083965 0.083965 0.083965 0.083965 0.083965 0.083965 0.000004 0.083965 0.164543 0.164543 0.083965 0.083965 0.083965 0.000006 0.000035 0.132908 0.000000 0.083965 1.000000
0.083965 0.083965 0.083965 0.083965 0.083965 0.083965 0.083965 0.083965 0.000004 0.083965 0.164543 0.164543 0.083965 0.083965 0.083965 0.000006 0.000035 0.132908 0.000000 0.083965 1.000000
0.083965 0.083965 0.083965 0.083965 0.083965 0.083965 0.083965 0.083965 0.000004 0.083965 0.164543 0.164543 0.083965 0.083965 0.083965 0.000006 0.000035 0.132908 0.000000 0.083965 1.000000
0.083965 0.083965 0.083965 0.083965 0.083965 0.083965 0.083965 0.083965 0.000004 0.083965 0.164543 0.164543 0.083965 0.083965 0.083965 0.000006 0.000035 0.132908 0.000000 0.083965 1.000000
0.083965 0.083965 0.083965 0.083965 0.083965 0.083965 0.083965 0.083965 0.000004 0.083965 0.164543 0.164543 0.083965 0.083965 0.083965 0.000006 0.000035 0.132908 0.000000 0.083965 1.000000
0.083965 0.083965 0.083965 0.083965 0.083965 0.083965 0.083965 0.083965 0.000004 0.083965 0.164543 0.164543 0.083965 0.083965 0.083965 0.000006 0.000035 0.132908 0.000000 0.083965 1.000000
0.083965 0.083965 0.083965 0.083965 0.083965 0.083965 0.083965 0.083965 0.000004 0.083965 0.164543 0.164543 0.083965 0.083965 0.083965 0.000006 0.000035 0.132908 0.000000 0.083965 1.000000
0.083965 0.083965 0.083965 0.083965 0.083965 0.083965 0.083965 0.083965 0.000004 0.083965 0.164543 0.164543 0.083965 0.083965 0.083965 0.000006 0.000035 0.132908 0.000000 0.083965 1.000000
0.083965 0.083965 0.083965 0.083965 0.083965 0.083965 0.083965 0.083965 0.000004 0.083965 0.164543 0.164543 0.083965 0.083965 0.083965 0.000006 0.000035 0.132908 0.000000 0.083965 1.000000
0.083965 0.083965 0.083965 0.083965 0.083965 0.083965 0.083965 0.083965 0.000004 0.083965 0.164543 0.164543 0.083965 0.083965 0.083965 0.000006 0.000035 0.132908 0.000000 0.083965 1.000000
0.083965 0.083965 0.083965 0.083965 0.083965 0.083965 0.083965 0.083965 0.000004 0.083965 0.164543 0.164543 0.083965 0.083965 0.083965 0.000006 0.000035 0.132908 0.000000 0.083965 1.000000
0.083965 0.083965 0.083965 0.083965 0.083965 0.083965 0.083965 0.083965 0.000004 0.083965 0.164543 0.164543 0.083965 0.083965 0.083965 0.000006 0.000035 0.132908 0.000000 0.083965 1.000000
0.083965 0.083965 0.083965 0.083965 0.083965 0.083965 0.083965 0.083965 0.000004 0.083965 0.164543 0.164543 0.083965 0.083965 0.083965 0.000006 0.000035 0.132908 0.000000 0.083965 1.000000
0.083965 0.083965 0.083965 0.083965 0.083965 0.083965 0.083965 0.083965 0.000004 0.083965 0.164543 0.164543 0.083965 0.083965 0.083965 0.000006 0.000035 0.132908 0.000000 0.083965 1.000000
0.083965 0.083965 0.083965 0.083965 0.083965 0.083965 0.083965 0.083965 0.000004 0.083965 0.164543 0.164543 0.083965 0.083965 0.083965 0.000006 0.000035 0.132908 0.000000 0.083965 1.000000
0.083965 0.083965 0.083965 0.083965 0.083965 0.083965 0.083965 0.083965 0.000004 0.083965 0.164543 0.164543 0.083965 0.083965 0.083965 0.000006 0.000035 0.132908 0.000000 0.083965 1.000000
0.083965 0.083965 0.083965 0.083965 0.083965 0.083965 0.083965 0.083965 0.000004 0.083965 0.164543 0.164543 0.083965 0.083965 0.083965 0.000006 0.000035 0.132908 0.000000 0.083965 1.000000
0.083965 0.083965 0.083965 0.083965 0.083965 0.083965 0.083965 0.083965 0.000004 0.083965 0.164543 0.164543 0.083965 0.083965 0.083965 0.000006 0.000035 0.132908 0.000000 0.083965 1.000000
