0.000000 0.000000 0.000000 0.000000 0.000000 0.000000 0.000000 0.000000 0.000000 0.000000 0.000000 0.000000 0.000000 0.000000 0.000000 0.000000 0.000000 0.000000 0.000000 0.000000 0.000000
0.084716 0.084716 0.084716 0.084716 0.084716 0.084716 0.084716 0.084716 0.000787 0.000014 0.035743 0.044647 0.043605 0.003753 0.002402 0.000002 0.035743 0.028608 0.022357 0.022357 1.000000
0.084181 0.084181 0.084181 0.084181 0.084181 0.084181 0.084181 0.084181 0.000782 0.000018 0.028425 0.044363 0.027760 0.022214 0.002386 0.000001 0.044363 0.055392 0.017774 0.007282 1.000000
0.084175 0.084175 0.084175 0.084175 0.084175 0.084175 0.084175 0.084175 0.000782 0.000014 0.022745 0.028423 0.022213 0.034682 0.001527 0.000002 0.044360 0.022745 0.022213 0.014220 1.000000
0.084706 0.084706 0.084706 0.084706 0.084706 0.084706 0.084706 0.084706 0.002401 0.000022 0.009380 0.009380 0.027935 0.027935 0.001537 0.000002 0.018316 0.055741 0.009160 0.014311 1.000000
0.084176 0.084176 0.084176 0.084176 0.084176 0.084176 0.084176 0.084176 0.001222 0.000014 0.022745 0.035513 0.027758 0.009102 0.001222 0.000005 0.005965 0.028423 0.022213 0.043324 1.000000
0.084705 0.084705 0.084705 0.084705 0.084705 0.084705 0.084705 0.084705 0.000787 0.000011 0.044642 0.028604 0.022354 0.017887 0.001921 0.000004 0.018316 0.022890 0.022354 0.017887 1.000000
0.084176 0.084176 0.084176 0.084176 0.084176 0.084176 0.084176 0.084176 0.001909 0.000009 0.004772 0.011650 0.009102 0.027758 0.002983 0.000002 0.055389 0.014562 0.027758 0.034683 1.000000
0.084175 0.084175 0.084175 0.084175 0.084175 0.084175 0.084175 0.084175 0.000977 0.000011 0.055388 0.018199 0.014220 0.027758 0.003728 0.000002 0.044359 0.011650 0.014220 0.017773 1.000000
0.084169 0.084169 0.084169 0.084169 0.084169 0.084169 0.084169 0.084169 0.003728 0.000018 0.009320 0.035510 0.005825 0.017772 0.005825 0.000002 0.044356 0.035510 0.009101 0.011376 1.000000
0.084203 0.084203 0.084203 0.084203 0.084203 0.084203 0.084203 0.084203 0.000400 0.000007 0.044374 0.107299 0.011381 0.014225 0.005827 0.000002 0.022753 0.055406 0.017779 0.027767 1.000000
0.084182 0.084182 0.084182 0.084182 0.084182 0.084182 0.084182 0.084182 0.002386 0.000014 0.055393 0.044363 0.022214 0.022214 0.000256 0.000001 0.035516 0.035516 0.022214 0.022214 1.000000
0.084166 0.084166 0.084166 0.084166 0.084166 0.084166 0.084166 0.084166 0.002386 0.000022 0.014560 0.007456 0.009101 0.007281 0.007281 0.000002 0.044354 0.018197 0.017771 0.022210 1.000000
0.084176 0.084176 0.084176 0.084176 0.084176 0.084176 0.084176 0.084176 0.001527 0.000006 0.044360 0.018200 0.011377 0.034683 0.003728 0.000002 0.035513 0.028423 0.009102 0.027758 1.000000
0.084704 0.084704 0.084704 0.084704 0.084704 0.084704 0.084704 0.084704 0.001230 0.000018 0.018315 0.055739 0.022354 0.009160 0.005863 0.000003 0.022890 0.011724 0.009160 0.017886 1.000000
0.084183 0.084183 0.084183 0.084183 0.084183 0.084183 0.084183 0.084183 0.002386 0.000018 0.035516 0.069123 0.009103 0.014221 0.001527 0.000002 0.022747 0.055393 0.027761 0.007282 1.000000
0.084698 0.084698 0.084698 0.084698 0.084698 0.084698 0.084698 0.084698 0.011449 0.000165 0.006003 0.007504 0.009159 0.000403 0.007328 0.000003 0.014653 0.044638 0.017885 0.014310 1.000000
0.084191 0.084191 0.084191 0.084191 0.084191 0.084191 0.084191 0.084191 0.000626 0.000018 0.069130 0.022749 0.017777 0.011379 0.004661 0.000001 0.018203 0.069130 0.043332 0.005827 1.000000
0.084179 0.084179 0.084179 0.084179 0.084179 0.084179 0.084179 0.084179 0.000977 0.000034 0.055390 0.011650 0.007282 0.009102 0.007282 0.000001 0.028424 0.069119 0.014221 0.014221 1.000000
0.084179 0.084179 0.084179 0.084179 0.084179 0.084179 0.084179 0.084179 0.001222 0.000014 0.069120 0.044361 0.005826 0.007282 0.009102 0.000002 0.035514 0.018200 0.014221 0.022213 1.000000
0.084715 0.084715 0.084715 0.084715 0.084715 0.084715 0.084715 0.084715 0.001230 0.000009 0.044647 0.028608 0.022357 0.014313 0.002402 0.000001 0.022893 0.069562 0.017889 0.017889 1.000000
0.084717 0.084717 0.084717 0.084717 0.084717 0.084717 0.084717 0.084717 0.001537 0.000011 0.044648 0.022893 0.027939 0.009161 0.003753 0.000001 0.044648 0.069564 0.011451 0.014313 1.000000
0.084183 0.084183 0.084183 0.084183 0.084183 0.084183 0.084183 0.084183 0.001527 0.000022 0.018201 0.086174 0.014222 0.005826 0.003729 0.000002 0.035516 0.028426 0.007283 0.027761 1.000000
0.084188 0.084188 0.084188 0.084188 0.084188 0.084188 0.084188 0.084188 0.000501 0.000011 0.086179 0.028427 0.027762 0.014222 0.002983 0.000002 0.022748 0.035518 0.027762 0.011379 1.000000
0.084190 0.084190 0.084190 0.084190 0.084190 0.084190 0.084190 0.084190 0.001222 0.000006 0.011652 0.055398 0.011379 0.022217 0.004661 0.000001 0.086181 0.028428 0.017776 0.027763 1.000000
0.084706 0.084706 0.084706 0.084706 0.084706 0.084706 0.084706 0.084706 0.001921 0.000005 0.009380 0.044642 0.007328 0.022354 0.005863 0.000002 0.035739 0.022890 0.022354 0.022354 1.000000
0.084718 0.084718 0.084718 0.084718 0.084718 0.084718 0.084718 0.084718 0.000006 0.009162 0.022894 0.069565 0.034909 0.034909 0.000787 0.000007 0.001259 0.014657 0.005864 0.027939 1.000000
0.084276 0.084276 0.084276 0.084276 0.084276 0.084276 0.084276 0.084276 0.000205 0.000001 0.165128 0.069200 0.043376 0.022239 0.002986 0.000001 0.069200 0.035556 0.027792 0.054163 1.000000
0.084296 0.084296 0.084296 0.084296 0.084296 0.084296 0.084296 0.084296 0.000105 0.000004 0.107418 0.086290 0.027798 0.084296 0.001224 0.000000 0.133421 0.055469 0.022245 0.034733 1.000000
0.084199 0.084199 0.084199 0.084199 0.084199 0.084199 0.084199 0.084199 0.002387 0.000005 0.086190 0.022752 0.034692 0.034692 0.001528 0.000007 0.018205 0.000107 0.027766 0.043336 1.000000
0.084236 0.084236 0.084236 0.084236 0.084236 0.084236 0.084236 0.084236 0.000205 0.000007 0.133328 0.086229 0.027778 0.017786 0.001528 0.000003 0.007462 0.035539 0.027778 0.043356 1.000000
0.084233 0.084233 0.084233 0.084233 0.084233 0.084233 0.084233 0.084233 0.000205 0.000002 0.055427 0.055427 0.034707 0.043354 0.000782 0.000002 0.014571 0.086225 0.067558 0.043354 1.000000
0.084267 0.084267 0.084267 0.084267 0.084267 0.084267 0.084267 0.084267 0.000626 0.000004 0.165111 0.002446 0.034721 0.027789 0.001529 0.000000 0.055449 0.069192 0.054157 0.027789 1.000000
0.084299 0.084299 0.084299 0.084299 0.084299 0.084299 0.084299 0.084299 0.000034 0.000205 0.086293 0.107421 0.054178 0.054178 0.000018 0.000000 0.133425 0.044425 0.043388 0.054178 1.000000
0.084251 0.084251 0.084251 0.084251 0.084251 0.084251 0.084251 0.084251 0.000164 0.000002 0.055439 0.055439 0.027783 0.084251 0.001223 0.000001 0.107361 0.028449 0.043363 0.034714 1.000000
0.084240 0.084240 0.084240 0.084240 0.084240 0.084240 0.084240 0.084240 0.000256 0.000002 0.055431 0.107346 0.027779 0.043357 0.002388 0.000002 0.107346 0.005970 0.034709 0.027779 1.000000
0.084209 0.084209 0.084209 0.084209 0.084209 0.084209 0.084209 0.084209 0.000320 0.000005 0.086201 0.028435 0.034697 0.027769 0.001910 0.000001 0.055411 0.055411 0.043341 0.017780 1.000000
0.084265 0.084265 0.084265 0.084265 0.084265 0.084265 0.084265 0.084265 0.000164 0.000003 0.055448 0.133373 0.014236 0.054156 0.002986 0.000000 0.086258 0.086258 0.034720 0.027788 1.000000
0.084288 0.084288 0.084288 0.084288 0.084288 0.084288 0.084288 0.084288 0.000164 0.000002 0.133409 0.044420 0.054171 0.014240 0.001223 0.000000 0.055463 0.107407 0.067603 0.054171 1.000000
0.084318 0.084318 0.084318 0.084318 0.084318 0.084318 0.084318 0.084318 0.084318 0.000000 0.107445 0.133455 0.011397 0.067627 0.000084 0.000000 0.086312 0.011670 0.027806 0.054190 1.000000
0.084223 0.084223 0.084223 0.084223 0.084223 0.084223 0.084223 0.084223 0.000205 0.000003 0.055420 0.044385 0.043349 0.034703 0.001528 0.000000 0.069156 0.086215 0.043349 0.027774 1.000000
0.084200 0.084200 0.084200 0.084200 0.084200 0.084200 0.084200 0.084200 0.000501 0.000004 0.018205 0.086192 0.022219 0.011380 0.003730 0.000001 0.044373 0.044373 0.043337 0.034693 1.000000
0.084254 0.084254 0.084254 0.084254 0.084254 0.084254 0.084254 0.084254 0.000205 0.000002 0.055441 0.044402 0.054149 0.067575 0.001223 0.000000 0.107365 0.069182 0.027784 0.043365 1.000000
0.084250 0.084250 0.084250 0.084250 0.084250 0.084250 0.084250 0.084250 0.000256 0.000000 0.107359 0.055438 0.054146 0.067572 0.003732 0.000001 0.044399 0.044399 0.034714 0.043363 1.000000
0.084222 0.084222 0.084222 0.084222 0.084222 0.084222 0.084222 0.084222 0.000164 0.000003 0.069155 0.086214 0.034702 0.027773 0.001528 0.000001 0.055419 0.035533 0.043348 0.043348 1.000000
0.084218 0.084218 0.084218 0.084218 0.084218 0.084218 0.084218 0.084218 0.000501 0.000000 0.044382 0.055416 0.043346 0.027772 0.004663 0.000004 0.004775 0.055416 0.043346 0.067546 1.000000
0.084309 0.084309 0.084309 0.084309 0.084309 0.084309 0.084309 0.084309 0.000131 0.000002 0.107434 0.107434 0.027803 0.017802 0.001530 0.000000 0.086303 0.107434 0.054185 0.084309 1.000000
0.084266 0.084266 0.084266 0.084266 0.084266 0.084266 0.084266 0.084266 0.000105 0.000002 0.107379 0.086259 0.054157 0.054157 0.000978 0.000001 0.055448 0.055448 0.043371 0.054157 1.000000
0.084234 0.084234 0.084234 0.084234 0.084234 0.084234 0.084234 0.084234 0.000205 0.000002 0.055427 0.044391 0.043354 0.034707 0.001223 0.000000 0.069165 0.086226 0.043354 0.054136 1.000000
0.084243 0.084243 0.084243 0.084243 0.084243 0.084243 0.084243 0.084243 0.000401 0.000007 0.086235 0.133339 0.022231 0.011386 0.002985 0.000001 0.035542 0.086235 0.022231 0.017788 1.000000
0.084198 0.084198 0.084198 0.084198 0.084198 0.084198 0.084198 0.084198 0.001222 0.000009 0.055403 0.035522 0.067530 0.002387 0.003729 0.000006 0.001564 0.022751 0.034692 0.027765 1.000000
0.084415 0.084415 0.084415 0.084415 0.084415 0.084415 0.084415 0.084415 0.000014 0.000000 0.133606 0.086412 0.084415 0.067705 0.084415 0.000002 0.003829 0.165391 0.043449 0.084415 1.000000
0.084785 0.084785 0.084785 0.084785 0.084785 0.084785 0.084785 0.084785 0.002404 0.000001 0.108035 0.006009 0.043641 0.043641 0.001231 0.000006 0.000330 0.018333 0.084785 0.054493 1.000000
0.084292 0.084292 0.084292 0.084292 0.084292 0.084292 0.084292 0.084292 0.000257 0.000000 0.165159 0.107412 0.034731 0.034731 0.054173 0.000006 0.035563 0.000168 0.043384 0.034731 1.000000
0.084374 0.084374 0.084374 0.084374 0.084374 0.084374 0.084374 0.084374 0.000067 0.000001 0.107515 0.133541 0.067672 0.054226 0.000980 0.000000 0.165313 0.086369 0.054226 0.054226 1.000000
0.084285 0.084285 0.084285 0.084285 0.084285 0.084285 0.084285 0.084285 0.000626 0.000003 0.107403 0.035559 0.027795 0.067600 0.000783 0.000007 0.000069 0.133403 0.043381 0.067600 1.000000
0.084343 0.084343 0.084343 0.084343 0.084343 0.084343 0.084343 0.084343 0.000084 0.000001 0.133494 0.107476 0.054206 0.067647 0.000979 0.000000 0.086338 0.107476 0.054206 0.067647 1.000000
0.084403 0.084403 0.084403 0.084403 0.084403 0.084403 0.084403 0.084403 0.084403 0.000000 0.133587 0.133587 0.043442 0.067695 0.000164 0.000000 0.009346 0.165368 0.043442 0.067695 1.000000
0.084244 0.084244 0.084244 0.084244 0.084244 0.084244 0.084244 0.084244 0.000205 0.000000 0.069173 0.028447 0.067567 0.043360 0.043360 0.000006 0.000801 0.011660 0.054142 0.067567 1.000000
0.084303 0.084303 0.084303 0.084303 0.084303 0.084303 0.084303 0.084303 0.000257 0.000000 0.086296 0.044427 0.084303 0.043390 0.084303 0.000006 0.007468 0.000411 0.054180 0.084303 1.000000
0.084366 0.084366 0.084366 0.084366 0.084366 0.084366 0.084366 0.084366 0.000000 0.084366 0.133530 0.086362 0.067666 0.054222 0.000003 0.000000 0.086362 0.133530 0.054222 0.034762 1.000000
0.084340 0.084340 0.084340 0.084340 0.084340 0.084340 0.084340 0.084340 0.000131 0.000002 0.133489 0.107473 0.067644 0.067644 0.000627 0.000004 0.001254 0.133489 0.067644 0.034751 1.000000
0.084294 0.084294 0.084294 0.084294 0.084294 0.084294 0.084294 0.084294 0.000257 0.000001 0.086287 0.028464 0.084294 0.054174 0.000783 0.000005 0.001002 0.133417 0.054174 0.054174 1.000000
0.084372 0.084372 0.084372 0.084372 0.084372 0.084372 0.084372 0.084372 0.000164 0.000002 0.107513 0.165309 0.054225 0.067670 0.000627 0.000006 0.000168 0.133538 0.067670 0.067670 1.000000
0.084426 0.084426 0.084426 0.084426 0.084426 0.084426 0.084426 0.084426 0.000022 0.000000 0.133622 0.133622 0.054260 0.084426 0.084426 0.000006 0.000211 0.165410 0.067713 0.054260 1.000000
0.084228 0.084228 0.084228 0.084228 0.084228 0.084228 0.084228 0.084228 0.002388 0.000000 0.107331 0.028441 0.034704 0.067554 0.004663 0.000009 0.000410 0.009326 0.017784 0.054132 1.000000
0.084306 0.084306 0.084306 0.084306 0.084306 0.084306 0.084306 0.084306 0.000105 0.000000 0.107430 0.022781 0.067617 0.067617 0.084306 0.000007 0.001002 0.014584 0.067617 0.067617 1.000000
0.084231 0.084231 0.084231 0.084231 0.084231 0.084231 0.084231 0.084231 0.009108 0.000000 0.069162 0.014571 0.067556 0.067556 0.000782 0.000006 0.028442 0.000108 0.043353 0.043353 1.000000
0.084350 0.084350 0.084350 0.084350 0.084350 0.084350 0.084350 0.084350 0.000105 0.000001 0.107485 0.107485 0.067652 0.034755 0.001913 0.000000 0.165268 0.107485 0.043415 0.043415 1.000000
0.084950 0.084950 0.084950 0.084950 0.084950 0.084950 0.084950 0.084950 0.000068 0.000001 0.108243 0.134434 0.043727 0.084950 0.000987 0.000000 0.108243 0.166397 0.084950 0.054600 1.000000
0.084381 0.084381 0.084381 0.084381 0.084381 0.084381 0.084381 0.084381 0.084381 0.003738 0.165326 0.028493 0.054231 0.043431 0.000067 0.000001 0.009343 0.165326 0.084381 0.000000 1.000000
0.084414 0.084414 0.084414 0.084414 0.084414 0.084414 0.084414 0.084414 0.000043 0.000001 0.165389 0.133604 0.084414 0.067704 0.000784 0.000000 0.086410 0.107566 0.084414 0.054253 1.000000
0.084796 0.084796 0.084796 0.084796 0.084796 0.084796 0.084796 0.084796 0.000323 0.000002 0.108048 0.044690 0.054500 0.068012 0.000630 0.000006 0.001576 0.018335 0.068012 0.054500 1.000000
0.084414 0.084414 0.084414 0.084414 0.084414 0.084414 0.084414 0.084414 0.005842 0.000000 0.165389 0.165389 0.067704 0.054253 0.000502 0.000000 0.133604 0.069314 0.054253 0.067704 1.000000
0.084444 0.084444 0.084444 0.084444 0.084444 0.084444 0.084444 0.084444 0.000054 0.000000 0.165446 0.107605 0.067729 0.084444 0.000784 0.000000 0.133651 0.107605 0.084444 0.084444 1.000000
0.084355 0.084355 0.084355 0.084355 0.084355 0.084355 0.084355 0.084355 0.000627 0.000001 0.165278 0.086350 0.084355 0.084355 0.000502 0.000006 0.009341 0.000210 0.054215 0.084355 1.000000
0.084307 0.084307 0.084307 0.084307 0.084307 0.084307 0.084307 0.084307 0.000627 0.000001 0.086301 0.035569 0.054183 0.067618 0.000627 0.000007 0.000069 0.107432 0.084307 0.084307 1.000000
0.084381 0.084381 0.084381 0.084381 0.084381 0.084381 0.084381 0.084381 0.084381 0.084381 0.133553 0.028493 0.000000 0.084381 0.000067 0.000001 0.000210 0.133553 0.054231 0.067678 1.000000
0.084353 0.084353 0.084353 0.084353 0.084353 0.084353 0.084353 0.084353 0.000321 0.000000 0.165274 0.035589 0.084353 0.067655 0.084353 0.000006 0.035589 0.000086 0.054213 0.067655 1.000000
0.084463 0.084463 0.084463 0.084463 0.084463 0.084463 0.084463 0.084463 0.009134 0.000000 0.133680 0.107629 0.067744 0.054285 0.000132 0.000000 0.165481 0.165481 0.084463 0.084463 1.000000
0.084902 0.084902 0.084902 0.084902 0.084902 0.084902 0.084902 0.084902 0.084902 0.000000 0.108183 0.011752 0.084902 0.054569 0.000085 0.000006 0.000056 0.134360 0.084902 0.068098 1.000000
0.084471 0.084471 0.084471 0.084471 0.084471 0.084471 0.084471 0.084471 0.000054 0.000000 0.165496 0.086469 0.084471 0.084471 0.001533 0.000000 0.165496 0.165496 0.067750 0.043478 1.000000
0.084321 0.084321 0.084321 0.084321 0.084321 0.084321 0.084321 0.084321 0.000501 0.000001 0.165214 0.044437 0.084321 0.054192 0.000783 0.000006 0.000086 0.069237 0.067629 0.054192 1.000000
0.084316 0.084316 0.084316 0.084316 0.084316 0.084316 0.084316 0.084316 0.000783 0.000002 0.165204 0.014586 0.067625 0.043397 0.000979 0.000006 0.000069 0.107442 0.054189 0.067625 1.000000
0.083971 0.083971 0.083971 0.083971 0.083971 0.083971 0.083971 0.083971 0.083971 0.000000 0.132917 0.132917 0.067347 0.067347 0.083971 0.000000 0.132917 0.132917 0.083971 0.083971 1.000000
0.084379 0.084379 0.084379 0.084379 0.084379 0.084379 0.084379 0.084379 0.084379 0.000000 0.133550 0.011679 0.084379 0.054230 0.000502 0.000006 0.000055 0.133550 0.084379 0.067676 1.000000
0.084388 0.084388 0.084388 0.084388 0.084388 0.084388 0.084388 0.084388 0.000084 0.000000 0.133563 0.069292 0.067683 0.084388 0.001225 0.000001 0.007476 0.165339 0.084388 0.067683 1.000000
0.084348 0.084348 0.084348 0.084348 0.084348 0.084348 0.084348 0.084348 0.084348 0.000000 0.165264 0.018237 0.067651 0.054210 0.000131 0.000006 0.000642 0.009340 0.067651 0.084348 1.000000
0.084472 0.084472 0.084472 0.084472 0.084472 0.084472 0.084472 0.084472 0.084472 0.000000 0.133694 0.165498 0.054290 0.084472 0.000067 0.000000 0.165498 0.107640 0.067751 0.043478 1.000000
0.084342 0.084342 0.084342 0.084342 0.084342 0.084342 0.084342 0.084342 0.084342 0.000000 0.133492 0.086337 0.084342 0.054206 0.000131 0.000006 0.022791 0.000108 0.084342 0.043411 1.000000
0.084394 0.084394 0.084394 0.084394 0.084394 0.084394 0.084394 0.084394 0.084394 0.000000 0.107541 0.069297 0.067688 0.067688 0.000043 0.000003 0.000411 0.165352 0.067688 0.084394 1.000000
0.084958 0.084958 0.084958 0.084958 0.084958 0.084958 0.084958 0.084958 0.084958 0.000000 0.134446 0.014699 0.068143 0.084958 0.084958 0.000006 0.000044 0.108253 0.084958 0.084958 1.000000
0.084921 0.084921 0.084921 0.084921 0.084921 0.084921 0.084921 0.084921 0.000068 0.000001 0.086929 0.166342 0.084921 0.084921 0.000986 0.000001 0.022949 0.134388 0.068113 0.043712 1.000000
0.084435 0.084435 0.084435 0.084435 0.084435 0.084435 0.084435 0.084435 0.000054 0.000000 0.133636 0.107593 0.084435 0.067721 0.001226 0.000000 0.133636 0.165428 0.067721 0.067721 1.000000
0.084362 0.084362 0.084362 0.084362 0.084362 0.084362 0.084362 0.084362 0.000105 0.000000 0.107500 0.018240 0.084362 0.084362 0.084362 0.000007 0.000069 0.107500 0.054219 0.084362 1.000000
0.084316 0.084316 0.084316 0.084316 0.084316 0.084316 0.084316 0.084316 0.002390 0.000000 0.165204 0.011670 0.067625 0.067625 0.005835 0.000007 0.000069 0.107442 0.054189 0.043397 1.000000
0.084400 0.084400 0.084400 0.084400 0.084400 0.084400 0.084400 0.084400 0.084400 0.000000 0.133581 0.000411 0.067693 0.084400 0.000502 0.000000 0.107548 0.107548 0.084400 0.067693 1.000000
0.084002 0.084002 0.084002 0.084002 0.084002 0.084002 0.084002 0.084002 0.084002 0.000000 0.164614 0.132966 0.053986 0.067372 0.027700 0.000000 0.164614 0.164614 0.084002 0.084002 1.000000
0.084298 0.084298 0.084298 0.084298 0.084298 0.084298 0.084298 0.084298 0.003734 0.000000 0.107419 0.022779 0.084298 0.067610 0.004667 0.000007 0.028465 0.000086 0.067610 0.084298 1.000000
0.084348 0.084348 0.084348 0.084348 0.084348 0.084348 0.084348 0.084348 0.000784 0.000000 0.165265 0.035587 0.084348 0.084348 0.001224 0.000007 0.000642 0.009340 0.084348 0.067651 1.000000
0.084344 0.084344 0.084344 0.084344 0.084344 0.084344 0.084344 0.084344 0.084344 0.000000 0.133494 0.028481 0.084344 0.054207 0.000164 0.000006 0.000055 0.086338 0.067647 0.067647 1.000000
0.084358 0.084358 0.084358 0.084358 0.084358 0.084358 0.084358 0.084358 0.000502 0.000000 0.107496 0.028486 0.084358 0.084358 0.084358 0.000007 0.035591 0.000086 0.084358 0.084358 1.000000
0.084969 0.084969 0.084969 0.084969 0.084969 0.084969 0.084969 0.084969 0.084969 0.000000 0.166432 0.009410 0.084969 0.084969 0.084969 0.000006 0.000056 0.108267 0.068152 0.068152 1.000000
0.084372 0.084372 0.084372 0.084372 0.084372 0.084372 0.084372 0.084372 0.001914 0.000000 0.133539 0.014596 0.084372 0.084372 0.084372 0.000006 0.000055 0.107513 0.067670 0.067670 1.000000
0.084393 0.084393 0.084393 0.084393 0.084393 0.084393 0.084393 0.084393 0.000502 0.000000 0.165349 0.044476 0.067687 0.084393 0.001225 0.000006 0.000069 0.133571 0.084393 0.084393 1.000000
0.084388 0.084388 0.084388 0.084388 0.084388 0.084388 0.084388 0.084388 0.084388 0.000000 0.133563 0.014599 0.084388 0.067683 0.000084 0.000007 0.000055 0.133563 0.084388 0.067683 1.000000
0.084384 0.084384 0.084384 0.084384 0.084384 0.084384 0.084384 0.084384 0.000164 0.000000 0.165331 0.018245 0.067680 0.084384 0.084384 0.000007 0.000069 0.107528 0.067680 0.067680 1.000000
0.084384 0.084384 0.084384 0.084384 0.084384 0.084384 0.084384 0.084384 0.000257 0.000000 0.165333 0.035602 0.084384 0.084384 0.084384 0.000007 0.028495 0.000086 0.084384 0.067680 1.000000
0.084375 0.084375 0.084375 0.084375 0.084375 0.084375 0.084375 0.084375 0.000131 0.000000 0.133542 0.014596 0.084375 0.084375 0.084375 0.000006 0.000069 0.086370 0.084375 0.067672 1.000000
0.084435 0.084435 0.084435 0.084435 0.084435 0.084435 0.084435 0.084435 0.084435 0.000000 0.165427 0.018256 0.067721 0.084435 0.000067 0.000005 0.000069 0.165427 0.067721 0.084435 1.000000
0.084375 0.084375 0.084375 0.084375 0.084375 0.084375 0.084375 0.084375 0.000084 0.000000 0.165315 0.035598 0.054227 0.084375 0.084375 0.000006 0.000642 0.011678 0.084375 0.084375 1.000000
0.084990 0.084990 0.084990 0.084990 0.084990 0.084990 0.084990 0.084990 0.084990 0.000000 0.166471 0.014704 0.084990 0.054626 0.084990 0.000006 0.000044 0.134495 0.084990 0.084990 1.000000
0.084434 0.084434 0.084434 0.084434 0.084434 0.084434 0.084434 0.084434 0.084434 0.000000 0.133634 0.005984 0.067720 0.084434 0.084434 0.000007 0.000055 0.133634 0.084434 0.084434 1.000000
0.084445 0.084445 0.084445 0.084445 0.084445 0.084445 0.084445 0.084445 0.084445 0.000000 0.165447 0.009351 0.084445 0.084445 0.084445 0.000006 0.000055 0.133652 0.067729 0.067729 1.000000
0.084013 0.084013 0.084013 0.084013 0.084013 0.084013 0.084013 0.084013 0.084013 0.000000 0.164633 0.164633 0.053992 0.053992 0.084013 0.000000 0.132982 0.164633 0.067381 0.084013 1.000000
0.084022 0.084022 0.084022 0.084022 0.084022 0.084022 0.084022 0.084022 0.084022 0.000000 0.164650 0.164650 0.084022 0.084022 0.001219 0.000000 0.164650 0.164650 0.067388 0.053998 1.000000
0.084444 0.084444 0.084444 0.084444 0.084444 0.084444 0.084444 0.084444 0.043464 0.000000 0.165445 0.005985 0.084444 0.084444 0.084444 0.000006 0.000055 0.133650 0.084444 0.084444 1.000000
0.084375 0.084375 0.084375 0.084375 0.084375 0.084375 0.084375 0.084375 0.000401 0.000001 0.165315 0.028491 0.084375 0.084375 0.000627 0.000007 0.000069 0.107517 0.067673 0.084375 1.000000
0.084380 0.084380 0.084380 0.084380 0.084380 0.084380 0.084380 0.084380 0.000164 0.000000 0.165325 0.014597 0.084380 0.084380 0.084380 0.000006 0.000642 0.011679 0.084380 0.067677 1.000000
0.084401 0.084401 0.084401 0.084401 0.084401 0.084401 0.084401 0.084401 0.084401 0.000000 0.133583 0.009346 0.084401 0.084401 0.084401 0.000006 0.000069 0.086397 0.054244 0.084401 1.000000
0.083981 0.083981 0.083981 0.083981 0.083981 0.083981 0.083981 0.083981 0.000018 0.000000 0.164574 0.085968 0.083981 0.083981 0.083981 0.000000 0.164574 0.164574 0.067355 0.067355 1.000000
0.084408 0.084408 0.084408 0.084408 0.084408 0.084408 0.084408 0.084408 0.084408 0.000000 0.165377 0.028503 0.084408 0.054249 0.084408 0.000006 0.000642 0.009347 0.084408 0.084408 1.000000
0.084953 0.084953 0.084953 0.084953 0.084953 0.084953 0.084953 0.084953 0.084953 0.000000 0.166403 0.014698 0.068139 0.084953 0.084953 0.000006 0.002466 0.002466 0.084953 0.084953 1.000000
0.084393 0.084393 0.084393 0.084393 0.084393 0.084393 0.084393 0.084393 0.000257 0.000000 0.165350 0.044476 0.084393 0.084393 0.007301 0.000007 0.000055 0.133572 0.067687 0.084393 1.000000
0.084445 0.084445 0.084445 0.084445 0.084445 0.084445 0.084445 0.084445 0.084445 0.000000 0.165448 0.014609 0.084445 0.067729 0.084445 0.000006 0.000055 0.133652 0.084445 0.067729 1.000000
0.084434 0.084434 0.084434 0.084434 0.084434 0.084434 0.084434 0.084434 0.084434 0.000000 0.165426 0.011686 0.084434 0.084434 0.084434 0.000006 0.000108 0.055560 0.084434 0.084434 1.000000
0.084395 0.084395 0.084395 0.084395 0.084395 0.084395 0.084395 0.084395 0.000164 0.000000 0.165353 0.011681 0.084395 0.084395 0.084395 0.000007 0.000210 0.035607 0.084395 0.084395 1.000000
0.084470 0.084470 0.084470 0.084470 0.084470 0.084470 0.084470 0.084470 0.084470 0.000000 0.165494 0.014613 0.084470 0.084470 0.084470 0.000006 0.000055 0.133690 0.084470 0.084470 1.000000
0.084946 0.084946 0.084946 0.084946 0.084946 0.084946 0.084946 0.084946 0.084946 0.000000 0.134427 0.014696 0.068133 0.084946 0.084946 0.000006 0.000069 0.108237 0.084946 0.068133 1.000000
0.084470 0.084470 0.084470 0.084470 0.084470 0.084470 0.084470 0.084470 0.084470 0.000000 0.165494 0.014613 0.084470 0.084470 0.084470 0.000006 0.000055 0.133690 0.084470 0.084470 1.000000
0.084435 0.084435 0.084435 0.084435 0.084435 0.084435 0.084435 0.084435 0.000132 0.000000 0.165429 0.011686 0.084435 0.084435 0.084435 0.000007 0.000055 0.133637 0.084435 0.084435 1.000000
0.084962 0.084962 0.084962 0.084962 0.084962 0.084962 0.084962 0.084962 0.084962 0.000000 0.166420 0.014699 0.084962 0.084962 0.000085 0.000006 0.000044 0.134453 0.068146 0.084962 1.000000
0.084385 0.084385 0.084385 0.084385 0.084385 0.084385 0.084385 0.084385 0.084385 0.000000 0.133558 0.018245 0.084385 0.084385 0.000084 0.000006 0.000069 0.107529 0.084385 0.067681 1.000000
0.084430 0.084430 0.084430 0.084430 0.084430 0.084430 0.084430 0.084430 0.084430 0.000000 0.165419 0.014606 0.067717 0.084430 0.084430 0.000006 0.000069 0.107586 0.084430 0.067717 1.000000
0.084458 0.084458 0.084458 0.084458 0.084458 0.084458 0.084458 0.084458 0.084458 0.000000 0.165471 0.014611 0.084458 0.084458 0.084458 0.000006 0.000055 0.133671 0.084458 0.067739 1.000000
0.084396 0.084396 0.084396 0.084396 0.084396 0.084396 0.084396 0.084396 0.084396 0.000000 0.165354 0.018248 0.067689 0.084396 0.000084 0.000005 0.000069 0.107543 0.067689 0.084396 1.000000
0.084411 0.084411 0.084411 0.084411 0.084411 0.084411 0.084411 0.084411 0.084411 0.000000 0.165383 0.014603 0.084411 0.067702 0.000105 0.000006 0.000055 0.133599 0.084411 0.067702 1.000000
0.084974 0.084974 0.084974 0.084974 0.084974 0.084974 0.084974 0.084974 0.084974 0.000000 0.134470 0.014701 0.084974 0.068155 0.084974 0.000006 0.000056 0.134470 0.084974 0.084974 1.000000
0.084421 0.084421 0.084421 0.084421 0.084421 0.084421 0.084421 0.084421 0.000105 0.000000 0.165401 0.018253 0.084421 0.084421 0.084421 0.000007 0.000069 0.107574 0.084421 0.084421 1.000000
0.083988 0.083988 0.083988 0.083988 0.083988 0.083988 0.083988 0.083988 0.000009 0.000000 0.164587 0.164587 0.083988 0.083988 0.083988 0.000001 0.007440 0.164587 0.083988 0.083988 1.000000
0.084470 0.084470 0.084470 0.084470 0.084470 0.084470 0.084470 0.084470 0.084470 0.000000 0.165494 0.014613 0.084470 0.084470 0.084470 0.000006 0.000055 0.133690 0.084470 0.084470 1.000000
0.084406 0.084406 0.084406 0.084406 0.084406 0.084406 0.084406 0.084406 0.084406 0.000000 0.107556 0.035611 0.084406 0.084406 0.084406 0.000006 0.000069 0.107556 0.084406 0.067698 1.000000
0.084445 0.084445 0.084445 0.084445 0.084445 0.084445 0.084445 0.084445 0.084445 0.000000 0.165448 0.014609 0.084445 0.084445 0.084445 0.000006 0.000055 0.133652 0.067729 0.067729 1.000000
0.084436 0.084436 0.084436 0.084436 0.084436 0.084436 0.084436 0.084436 0.084436 0.000000 0.165429 0.014607 0.084436 0.084436 0.000084 0.000006 0.000055 0.133637 0.084436 0.084436 1.000000
0.084458 0.084458 0.084458 0.084458 0.084458 0.084458 0.084458 0.084458 0.084458 0.000000 0.165471 0.014611 0.084458 0.067739 0.084458 0.000006 0.000055 0.133671 0.084458 0.084458 1.000000
0.084020 0.084020 0.084020 0.084020 0.084020 0.084020 0.084020 0.084020 0.084020 0.000000 0.132993 0.164647 0.084020 0.067387 0.017740 0.000000 0.164647 0.164647 0.084020 0.084020 1.000000
0.084458 0.084458 0.084458 0.084458 0.084458 0.084458 0.084458 0.084458 0.084458 0.000000 0.165471 0.014611 0.084458 0.084458 0.084458 0.000006 0.000055 0.133671 0.084458 0.067739 1.000000
0.084445 0.084445 0.084445 0.084445 0.084445 0.084445 0.084445 0.084445 0.084445 0.000000 0.165448 0.014609 0.067729 0.084445 0.084445 0.000006 0.000055 0.133652 0.084445 0.067729 1.000000
0.084076 0.084076 0.084076 0.084076 0.084076 0.084076 0.084076 0.084076 0.084076 0.000000 0.164752 0.164752 0.084076 0.067432 0.084076 0.000000 0.164752 0.164752 0.084076 0.084076 1.000000
0.083968 0.083968 0.083968 0.083968 0.083968 0.083968 0.083968 0.083968 0.083968 0.000000 0.164549 0.068946 0.083968 0.083968 0.083968 0.000000 0.018154 0.164549 0.083968 0.083968 1.000000
0.084437 0.084437 0.084437 0.084437 0.084437 0.084437 0.084437 0.084437 0.084437 0.000000 0.165433 0.014607 0.067723 0.084437 0.084437 0.000006 0.000055 0.133640 0.054268 0.084437 1.000000
0.084423 0.084423 0.084423 0.084423 0.084423 0.084423 0.084423 0.084423 0.000105 0.000000 0.165406 0.014605 0.084423 0.084423 0.084423 0.000006 0.000055 0.133618 0.067712 0.084423 1.000000
0.084470 0.084470 0.084470 0.084470 0.084470 0.084470 0.084470 0.084470 0.084470 0.000000 0.165494 0.014613 0.084470 0.084470 0.084470 0.000006 0.000055 0.133690 0.084470 0.084470 1.000000
0.084460 0.084460 0.084460 0.084460 0.084460 0.084460 0.084460 0.084460 0.084460 0.000000 0.165475 0.022823 0.084460 0.084460 0.000054 0.000004 0.000168 0.165475 0.084460 0.084460 1.000000
0.084470 0.084470 0.084470 0.084470 0.084470 0.084470 0.084470 0.084470 0.084470 0.000000 0.165494 0.014613 0.084470 0.084470 0.084470 0.000006 0.000055 0.133690 0.084470 0.084470 1.000000
0.084470 0.084470 0.084470 0.084470 0.084470 0.084470 0.084470 0.084470 0.084470 0.000000 0.165493 0.005987 0.084470 0.084470 0.084470 0.000006 0.000055 0.133690 0.084470 0.084470 1.000000
0.084458 0.084458 0.084458 0.084458 0.084458 0.084458 0.084458 0.084458 0.084458 0.000000 0.165471 0.014611 0.084458 0.084458 0.084458 0.000006 0.000055 0.133671 0.067739 0.084458 1.000000
0.084470 0.084470 0.084470 0.084470 0.084470 0.084470 0.084470 0.084470 0.084470 0.000000 0.165494 0.014613 0.084470 0.084470 0.084470 0.000006 0.000055 0.133690 0.084470 0.084470 1.000000
0.084458 0.084458 0.084458 0.084458 0.084458 0.084458 0.084458 0.084458 0.084458 0.000000 0.165471 0.014611 0.084458 0.084458 0.084458 0.000006 0.000055 0.133671 0.067739 0.084458 1.000000
0.084458 0.084458 0.084458 0.084458 0.084458 0.084458 0.084458 0.084458 0.084458 0.000000 0.165471 0.014611 0.067739 0.084458 0.084458 0.000006 0.000055 0.133671 0.084458 0.084458 1.000000
0.084470 0.084470 0.084470 0.084470 0.084470 0.084470 0.084470 0.084470 0.084470 0.000000 0.165494 0.014613 0.084470 0.084470 0.084470 0.000006 0.000055 0.133690 0.084470 0.084470 1.000000
0.084450 0.084450 0.084450 0.084450 0.084450 0.084450 0.084450 0.084450 0.084450 0.000000 0.165456 0.014609 0.084450 0.084450 0.084450 0.000006 0.000055 0.133659 0.084450 0.054276 1.000000
0.084470 0.084470 0.084470 0.084470 0.084470 0.084470 0.084470 0.084470 0.084470 0.000000 0.165494 0.014613 0.084470 0.084470 0.084470 0.000006 0.000055 0.133690 0.084470 0.084470 1.000000
0.084458 0.084458 0.084458 0.084458 0.084458 0.084458 0.084458 0.084458 0.084458 0.000000 0.165471 0.014611 0.084458 0.067739 0.084458 0.000006 0.000055 0.133671 0.084458 0.084458 1.000000
0.084446 0.084446 0.084446 0.084446 0.084446 0.084446 0.084446 0.084446 0.084446 0.000000 0.133654 0.011688 0.084446 0.084446 0.084446 0.000006 0.000055 0.133654 0.084446 0.084446 1.000000
0.084010 0.084010 0.084010 0.084010 0.084010 0.084010 0.084010 0.084010 0.084010 0.000000 0.164629 0.068981 0.084010 0.084010 0.084010 0.000000 0.132978 0.164629 0.084010 0.084010 1.000000
0.084408 0.084408 0.084408 0.084408 0.084408 0.084408 0.084408 0.084408 0.084408 0.000000 0.165378 0.018251 0.084408 0.067699 0.000084 0.000005 0.000069 0.107559 0.084408 0.084408 1.000000
0.084470 0.084470 0.084470 0.084470 0.084470 0.084470 0.084470 0.084470 0.084470 0.000000 0.165494 0.014613 0.084470 0.084470 0.084470 0.000006 0.000055 0.133690 0.084470 0.084470 1.000000
0.084456 0.084456 0.084456 0.084456 0.084456 0.084456 0.084456 0.084456 0.084456 0.000000 0.165468 0.028519 0.084456 0.084456 0.084456 0.000005 0.000069 0.107619 0.084456 0.084456 1.000000
0.084470 0.084470 0.084470 0.084470 0.084470 0.084470 0.084470 0.084470 0.084470 0.000000 0.165494 0.014613 0.084470 0.084470 0.084470 0.000006 0.000055 0.133690 0.084470 0.084470 1.000000
0.084470 0.084470 0.084470 0.084470 0.084470 0.084470 0.084470 0.084470 0.084470 0.000000 0.165494 0.014613 0.084470 0.084470 0.084470 0.000006 0.000035 0.133690 0.084470 0.084470 1.000000
0.084445 0.084445 0.084445 0.084445 0.084445 0.084445 0.084445 0.084445 0.084445 0.000000 0.165447 0.009351 0.084445 0.067729 0.084445 0.000006 0.000055 0.133652 0.067729 0.084445 1.000000
0.084389 0.084389 0.084389 0.084389 0.084389 0.084389 0.084389 0.084389 0.000627 0.000000 0.165341 0.014599 0.067684 0.084389 0.000980 0.000006 0.000055 0.133565 0.084389 0.084389 1.000000
0.084470 0.084470 0.084470 0.084470 0.084470 0.084470 0.084470 0.084470 0.084470 0.000000 0.165494 0.011691 0.084470 0.084470 0.084470 0.000005 0.000055 0.133690 0.084470 0.084470 1.000000
0.084456 0.084456 0.084456 0.084456 0.084456 0.084456 0.084456 0.084456 0.084456 0.000000 0.165468 0.028519 0.084456 0.084456 0.084456 0.000005 0.000069 0.107619 0.084456 0.084456 1.000000
0.084470 0.084470 0.084470 0.084470 0.084470 0.084470 0.084470 0.084470 0.084470 0.000000 0.165493 0.009353 0.084470 0.084470 0.084470 0.000006 0.000055 0.133690 0.084470 0.084470 1.000000
0.084470 0.084470 0.084470 0.084470 0.084470 0.084470 0.084470 0.084470 0.084470 0.000000 0.165494 0.014613 0.084470 0.084470 0.084470 0.000006 0.000055 0.133690 0.084470 0.084470 1.000000
0.084470 0.084470 0.084470 0.084470 0.084470 0.084470 0.084470 0.084470 0.084470 0.000000 0.165494 0.014613 0.084470 0.084470 0.084470 0.000006 0.000055 0.133690 0.084470 0.084470 1.000000
0.084470 0.084470 0.084470 0.084470 0.084470 0.084470 0.084470 0.084470 0.084470 0.000000 0.165494 0.014613 0.084470 0.084470 0.084470 0.000006 0.000055 0.133690 0.084470 0.084470 1.000000
0.084427 0.084427 0.084427 0.084427 0.084427 0.084427 0.084427 0.084427 0.084427 0.000000 0.165413 0.014605 0.084427 0.084427 0.084427 0.000006 0.000803 0.009349 0.084427 0.084427 1.000000
0.084458 0.084458 0.084458 0.084458 0.084458 0.084458 0.084458 0.084458 0.084458 0.000000 0.165471 0.014611 0.084458 0.067739 0.084458 0.000006 0.000055 0.133671 0.084458 0.084458 1.000000
0.084470 0.084470 0.084470 0.084470 0.084470 0.084470 0.084470 0.084470 0.084470 0.000000 0.165494 0.014613 0.084470 0.084470 0.084470 0.000006 0.000055 0.133690 0.084470 0.084470 1.000000
0.084470 0.084470 0.084470 0.084470 0.084470 0.084470 0.084470 0.084470 0.084470 0.000000 0.165494 0.014613 0.084470 0.084470 0.084470 0.000006 0.000055 0.133690 0.084470 0.084470 1.000000
0.084423 0.084423 0.084423 0.084423 0.084423 0.084423 0.084423 0.084423 0.000164 0.000000 0.165406 0.014605 0.084423 0.067712 0.084423 0.000006 0.000055 0.133618 0.084423 0.084423 1.000000
0.084458 0.084458 0.084458 0.084458 0.084458 0.084458 0.084458 0.084458 0.084458 0.000000 0.165471 0.014611 0.067739 0.084458 0.084458 0.000006 0.000055 0.133671 0.084458 0.084458 1.000000
0.084470 0.084470 0.084470 0.084470 0.084470 0.084470 0.084470 0.084470 0.084470 0.000000 0.165494 0.014613 0.084470 0.084470 0.084470 0.000006 0.000055 0.133690 0.084470 0.084470 1.000000
0.084470 0.084470 0.084470 0.084470 0.084470 0.084470 0.084470 0.084470 0.084470 0.000000 0.165494 0.014613 0.084470 0.084470 0.084470 0.000006 0.000055 0.133690 0.084470 0.084470 1.000000
0.084470 0.084470 0.084470 0.084470 0.084470 0.084470 0.084470 0.084470 0.084470 0.000000 0.165494 0.014613 0.084470 0.084470 0.084470 0.000006 0.000055 0.133690 0.084470 0.084470 1.000000
0.084427 0.084427 0.084427 0.084427 0.084427 0.084427 0.084427 0.084427 0.084427 0.000000 0.165413 0.014605 0.084427 0.084427 0.084427 0.000006 0.000803 0.009349 0.084427 0.084427 1.000000
0.084470 0.084470 0.084470 0.084470 0.084470 0.084470 0.084470 0.084470 0.084470 0.000000 0.165494 0.014613 0.084470 0.084470 0.084470 0.000006 0.000055 0.133690 0.084470 0.084470 1.000000
0.084458 0.084458 0.084458 0.084458 0.084458 0.084458 0.084458 0.084458 0.084458 0.000000 0.165471 0.014611 0.084458 0.067739 0.084458 0.000006 0.000055 0.133671 0.084458 0.084458 1.000000
0.084470 0.084470 0.084470 0.084470 0.084470 0.084470 0.084470 0.084470 0.084470 0.000000 0.165494 0.014613 0.084470 0.084470 0.084470 0.000006 0.000055 0.133690 0.084470 0.084470 1.000000
0.084470 0.084470 0.084470 0.084470 0.084470 0.084470 0.084470 0.084470 0.084470 0.000000 0.165494 0.014613 0.084470 0.084470 0.084470 0.000006 0.000055 0.133690 0.084470 0.084470 1.000000
0.084470 0.084470 0.084470 0.084470 0.084470 0.084470 0.084470 0.084470 0.084470 0.000000 0.165494 0.014613 0.084470 0.084470 0.084470 0.000006 0.000055 0.133690 0.084470 0.084470 1.000000
0.084434 0.084434 0.084434 0.084434 0.084434 0.084434 0.084434 0.084434 0.084434 0.000000 0.165426 0.035623 0.084434 0.084434 0.084434 0.000006 0.044497 0.000069 0.084434 0.084434 1.000000
0.084470 0.084470 0.084470 0.084470 0.084470 0.084470 0.084470 0.084470 0.084470 0.000000 0.165494 0.014613 0.084470 0.084470 0.084470 0.000006 0.000055 0.133690 0.084470 0.084470 1.000000
0.084470 0.084470 0.084470 0.084470 0.084470 0.084470 0.084470 0.084470 0.084470 0.000000 0.165494 0.014613 0.084470 0.084470 0.084470 0.000006 0.000055 0.133690 0.084470 0.084470 1.000000
0.084470 0.084470 0.084470 0.084470 0.084470 0.084470 0.084470 0.084470 0.084470 0.000000 0.165494 0.014613 0.084470 0.084470 0.084470 0.000006 0.000055 0.133690 0.084470 0.084470 1.000000
0.084470 0.084470 0.084470 0.084470 0.084470 0.084470 0.084470 0.084470 0.084470 0.000000 0.165494 0.014613 0.084470 0.084470 0.084470 0.000006 0.000055 0.133690 0.084470 0.084470 1.000000
0.084470 0.084470 0.084470 0.084470 0.084470 0.084470 0.084470 0.084470 0.084470 0.000000 0.165494 0.014613 0.084470 0.084470 0.084470 0.000006 0.000055 0.133690 0.084470 0.084470 1.000000
0.084470 0.084470 0.084470 0.084470 0.084470 0.084470 0.084470 0.084470 0.084470 0.000000 0.165494 0.014613 0.084470 0.084470 0.084470 0.000006 0.000055 0.133690 0.084470 0.084470 1.000000
0.084995 0.084995 0.084995 0.084995 0.084995 0.084995 0.084995 0.084995 0.084995 0.000000 0.166480 0.014705 0.084995 0.084995 0.084995 0.000006 0.000056 0.108299 0.084995 0.084995 1.000000
0.084470 0.084470 0.084470 0.084470 0.084470 0.084470 0.084470 0.084470 0.084470 0.000000 0.165494 0.014613 0.084470 0.084470 0.084470 0.000006 0.000055 0.133690 0.084470 0.084470 1.000000
0.084470 0.084470 0.084470 0.084470 0.084470 0.084470 0.084470 0.084470 0.084470 0.000000 0.165494 0.014613 0.084470 0.084470 0.084470 0.000006 0.000055 0.133690 0.084470 0.084470 1.000000
0.084458 0.084458 0.084458 0.084458 0.084458 0.084458 0.084458 0.084458 0.084458 0.000000 0.165471 0.014611 0.084458 0.067739 0.084458 0.000006 0.000055 0.133671 0.084458 0.084458 1.000000
0.084470 0.084470 0.084470 0.084470 0.084470 0.084470 0.084470 0.084470 0.084470 0.000000 0.165494 0.014613 0.084470 0.084470 0.084470 0.000006 0.000055 0.133690 0.084470 0.084470 1.000000
0.084470 0.084470 0.084470 0.084470 0.084470 0.084470 0.084470 0.084470 0.084470 0.000000 0.165494 0.014613 0.084470 0.084470 0.084470 0.000006 0.000055 0.133690 0.084470 0.084470 1.000000
0.084470 0.084470 0.084470 0.084470 0.084470 0.084470 0.084470 0.084470 0.084470 0.000000 0.165494 0.014613 0.084470 0.084470 0.084470 0.000006 0.000055 0.133690 0.084470 0.084470 1.000000
0.084470 0.084470 0.084470 0.084470 0.084470 0.084470 0.084470 0.084470 0.084470 0.000000 0.165494 0.014613 0.084470 0.084470 0.084470 0.000006 0.000055 0.133690 0.084470 0.084470 1.000000
0.084470 0.084470 0.084470 0.084470 0.084470 0.084470 0.084470 0.084470 0.084470 0.000000 0.165494 0.014613 0.084470 0.084470 0.084470 0.000006 0.000055 0.133690 0.084470 0.084470 1.000000
0.084470 0.084470 0.084470 0.084470 0.084470 0.084470 0.084470 0.084470 0.084470 0.000000 0.165494 0.014613 0.084470 0.084470 0.084470 0.000006 0.000055 0.133690 0.084470 0.084470 1.000000
0.084470 0.084470 0.084470 0.084470 0.084470 0.084470 0.084470 0.084470 0.084470 0.000000 0.165494 0.014613 0.084470 0.084470 0.084470 0.000006 0.000055 0.133690 0.084470 0.084470 1.000000
0.084470 0.084470 0.084470 0.084470 0.084470 0.084470 0.084470 0.084470 0.084470 0.000000 0.165494 0.014613 0.084470 0.084470 0.084470 0.000006 0.000055 0.133690 0.084470 0.084470 1.000000
0.084470 0.084470 0.084470 0.084470 0.084470 0.084470 0.084470 0.084470 0.084470 0.000000 0.165494 0.014613 0.084470 0.084470 0.084470 0.000006 0.000055 0.133690 0.084470 0.084470 1.000000
0.084470 0.084470 0.084470 0.084470 0.084470 0.084470 0.084470 0.084470 0.084470 0.000000 0.165494 0.014613 0.084470 0.084470 0.084470 0.000006 0.000055 0.133690 0.084470 0.084470 1.000000
0.084470 0.084470 0.084470 0.084470 0.084470 0.084470 0.084470 0.084470 0.084470 0.000000 0.165494 0.014613 0.084470 0.084470 0.084470 0.000006 0.000055 0.133690 0.084470 0.084470 1.000000
0.084470 0.084470 0.084470 0.084470 0.084470 0.084470 0.084470 0.084470 0.084470 0.000000 0.165494 0.014613 0.084470 0.084470 0.084470 0.000006 0.000055 0.133690 0.084470 0.084470 1.000000
0.084470 0.084470 0.084470 0.084470 0.084470 0.084470 0.084470 0.084470 0.084470 0.000000 0.165494 0.014613 0.084470 0.084470 0.084470 0.000006 0.000055 0.133690 0.084470 0.084470 1.000000
0.084470 0.084470 0.084470 0.084470 0.084470 0.084470 0.084470 0.084470 0.084470 0.000000 0.165494 0.014613 0.084470 0.084470 0.084470 0.000006 0.000055 0.133690 0.084470 0.084470 1.000000
0.084470 0.084470 0.084470 0.084470 0.084470 0.084470 0.084470 0.084470 0.084470 0.000000 0.165494 0.014613 0.084470 0.084470 0.084470 0.000006 0.000055 0.133690 0.084470 0.084470 1.000000
0.084470 0.084470 0.084470 0.084470 0.084470 0.084470 0.084470 0.084470 0.084470 0.000000 0.165494 0.014613 0.084470 0.084470 0.084470 0.000006 0.000055 0.133690 0.084470 0.084470 1.000000
0.084470 0.084470 0.084470 0.084470 0.084470 0.084470 0.084470 0.084470 0.084470 0.000000 0.165494 0.014613 0.084470 0.084470 0.084470 0.000006 0.000055 0.133690 0.084470 0.084470 1.000000
0.084458 0.084458 0.084458 0.084458 0.084458 0.084458 0.084458 0.084458 0.084458 0.000000 0.165471 0.014611 0.084458 0.084458 0.084458 0.000006 0.000055 0.133671 0.067739 0.084458 1.000000
0.084470 0.084470 0.084470 0.084470 0.084470 0.084470 0.084470 0.084470 0.084470 0.000000 0.165494 0.014613 0.084470 0.084470 0.084470 0.000006 0.000055 0.133690 0.084470 0.084470 1.000000
0.084470 0.084470 0.084470 0.084470 0.084470 0.084470 0.084470 0.084470 0.084470 0.000000 0.165494 0.014613 0.084470 0.084470 0.084470 0.000006 0.000055 0.133690 0.084470 0.084470 1.000000
0.084470 0.084470 0.084470 0.084470 0.084470 0.084470 0.084470 0.084470 0.084470 0.000000 0.165494 0.014613 0.084470 0.084470 0.084470 0.000006 0.000055 0.133690 0.084470 0.084470 1.000000
0.084470 0.084470 0.084470 0.084470 0.084470 0.084470 0.084470 0.084470 0.084470 0.000000 0.165494 0.014613 0.084470 0.084470 0.084470 0.000006 0.000055 0.133690 0.084470 0.084470 1.000000
0.084470 0.084470 0.084470 0.084470 0.084470 0.084470 0.084470 0.084470 0.084470 0.000000 0.165494 0.014613 0.084470 0.084470 0.084470 0.000006 0.000055 0.133690 0.084470 0.084470 1.000000
0.084088 0.084088 0.084088 0.084088 0.084088 0.084088 0.084088 0.084088 0.084088 0.000000 0.164775 0.164775 0.084088 0.084088 0.084088 0.000000 0.164775 0.164775 0.084088 0.084088 1.000000
0.084470 0.084470 0.084470 0.084470 0.084470 0.084470 0.084470 0.084470 0.084470 0.000000 0.165494 0.014613 0.084470 0.084470 0.084470 0.000006 0.000055 0.133690 0.084470 0.084470 1.000000
0.084470 0.084470 0.084470 0.084470 0.084470 0.084470 0.084470 0.084470 0.084470 0.000000 0.165494 0.014613 0.084470 0.084470 0.084470 0.000006 0.000055 0.133690 0.084470 0.084470 1.000000
0.084470 0.084470 0.084470 0.084470 0.084470 0.084470 0.084470 0.084470 0.084470 0.000000 0.165494 0.014613 0.084470 0.084470 0.084470 0.000006 0.000055 0.133690 0.084470 0.084470 1.000000
0.084470 0.084470 0.084470 0.084470 0.084470 0.084470 0.084470 0.084470 0.084470 0.000000 0.165494 0.014613 0.084470 0.084470 0.084470 0.000006 0.000055 0.133690 0.084470 0.084470 1.000000
0.084434 0.084434 0.084434 0.084434 0.084434 0.084434 0.084434 0.084434 0.084434 0.000000 0.165426 0.035623 0.084434 0.084434 0.084434 0.000006 0.044497 0.000069 0.084434 0.084434 1.000000
0.084470 0.084470 0.084470 0.084470 0.084470 0.084470 0.084470 0.084470 0.084470 0.000000 0.165494 0.014613 0.084470 0.084470 0.084470 0.000006 0.000055 0.133690 0.084470 0.084470 1.000000
0.084470 0.084470 0.084470 0.084470 0.084470 0.084470 0.084470 0.084470 0.084470 0.000000 0.165494 0.014613 0.084470 0.084470 0.084470 0.000006 0.000055 0.133690 0.084470 0.084470 1.000000
0.084470 0.084470 0.084470 0.084470 0.084470 0.084470 0.084470 0.084470 0.084470 0.000000 0.165494 0.014613 0.084470 0.084470 0.084470 0.000006 0.000055 0.133690 0.084470 0.084470 1.000000
0.084470 0.084470 0.084470 0.084470 0.084470 0.084470 0.084470 0.084470 0.084470 0.000000 0.165494 0.014613 0.084470 0.084470 0.084470 0.000006 0.000055 0.133690 0.084470 0.084470 1.000000
0.084470 0.084470 0.084470 0.084470 0.084470 0.084470 0.084470 0.084470 0.084470 0.000000 0.165494 0.014613 0.084470 0.084470 0.084470 0.000006 0.000055 0.133690 0.084470 0.084470 1.000000
0.084470 0.084470 0.084470 0.084470 0.084470 0.084470 0.084470 0.084470 0.084470 0.000000 0.165494 0.014613 0.084470 0.084470 0.084470 0.000006 0.000055 0.133690 0.084470 0.084470 1.000000
0.084470 0.084470 0.084470 0.084470 0.084470 0.084470 0.084470 0.084470 0.084470 0.000000 0.165494 0.014613 0.084470 0.084470 0.084470 0.000006 0.000055 0.133690 0.084470 0.084470 1.000000
0.084446 0.084446 0.084446 0.084446 0.084446 0.084446 0.084446 0.084446 0.084446 0.000000 0.133654 0.011688 0.084446 0.084446 0.084446 0.000006 0.000055 0.133654 0.084446 0.084446 1.000000
0.084470 0.084470 0.084470 0.084470 0.084470 0.084470 0.084470 0.084470 0.084470 0.000000 0.165494 0.014613 0.084470 0.084470 0.084470 0.000006 0.000055 0.133690 0.084470 0.084470 1.000000
0.084470 0.084470 0.084470 0.084470 0.084470 0.084470 0.084470 0.084470 0.084470 0.000000 0.165494 0.011691 0.084470 0.084470 0.084470 0.000005 0.000055 0.133690 0.084470 0.084470 1.000000
0.084470 0.084470 0.084470 0.084470 0.084470 0.084470 0.084470 0.084470 0.084470 0.000000 0.165494 0.014613 0.084470 0.084470 0.084470 0.000006 0.000055 0.133690 0.084470 0.084470 1.000000
0.084470 0.084470 0.084470 0.084470 0.084470 0.084470 0.084470 0.084470 0.084470 0.000000 0.165494 0.014613 0.084470 0.084470 0.084470 0.000006 0.000055 0.133690 0.084470 0.084470 1.000000
0.084436 0.084436 0.084436 0.084436 0.084436 0.084436 0.084436 0.084436 0.000132 0.000000 0.165429 0.014607 0.084436 0.084436 0.084436 0.000006 0.000055 0.133637 0.084436 0.084436 1.000000
0.084470 0.084470 0.084470 0.084470 0.084470 0.084470 0.084470 0.084470 0.084470 0.000000 0.165494 0.014613 0.084470 0.084470 0.084470 0.000006 0.000055 0.133690 0.084470 0.084470 1.000000
0.084470 0.084470 0.084470 0.084470 0.084470 0.084470 0.084470 0.084470 0.084470 0.000000 0.165494 0.014613 0.084470 0.084470 0.084470 0.000006 0.000055 0.133690 0.084470 0.084470 1.000000
0.084470 0.084470 0.084470 0.084470 0.084470 0.084470 0.084470 0.084470 0.084470 0.000000 0.165494 0.014613 0.084470 0.084470 0.084470 0.000006 0.000055 0.133690 0.084470 0.084470 1.000000
0.084470 0.084470 0.084470 0.084470 0.084470 0.084470 0.084470 0.084470 0.084470 0.000000 0.165494 0.014613 0.084470 0.084470 0.084470 0.000006 0.000055 0.133690 0.084470 0.084470 1.000000
0.084470 0.084470 0.084470 0.084470 0.084470 0.084470 0.084470 0.084470 0.084470 0.000000 0.165494 0.014613 0.084470 0.084470 0.084470 0.000006 0.000055 0.133690 0.084470 0.084470 1.000000
0.084470 0.084470 0.084470 0.084470 0.084470 0.084470 0.084470 0.084470 0.084470 0.000000 0.165494 0.014613 0.084470 0.084470 0.084470 0.000006 0.000055 0.133690 0.084470 0.084470 1.000000
0.084470 0.084470 0.084470 0.084470 0.084470 0.084470 0.084470 0.084470 0.084470 0.000000 0.165494 0.014613 0.084470 0.084470 0.084470 0.000006 0.000055 0.133690 0.084470 0.084470 1.000000
0.084470 0.084470 0.084470 0.084470 0.084470 0.084470 0.084470 0.084470 0.084470 0.000000 0.165494 0.014613 0.084470 0.084470 0.084470 0.000006 0.000055 0.133690 0.084470 0.084470 1.000000
0.084470 0.084470 0.084470 0.084470 0.084470 0.084470 0.084470 0.084470 0.084470 0.000000 0.165494 0.014613 0.084470 0.084470 0.084470 0.000006 0.000055 0.133690 0.084470 0.084470 1.000000
0.084470 0.084470 0.084470 0.084470 0.084470 0.084470 0.084470 0.084470 0.084470 0.000000 0.165494 0.014613 0.084470 0.084470 0.084470 0.000006 0.000055 0.133690 0.084470 0.084470 1.000000
0.084470 0.084470 0.084470 0.084470 0.084470 0.084470 0.084470 0.084470 0.084470 0.000000 0.165494 0.014613 0.084470 0.084470 0.084470 0.000006 0.000055 0.133690 0.084470 0.084470 1.000000
0.084470 0.084470 0.084470 0.084470 0.084470 0.084470 0.084470 0.084470 0.084470 0.000000 0.165494 0.014613 0.084470 0.084470 0.084470 0.000006 0.000055 0.133690 0.084470 0.084470 1.000000
0.084470 0.084470 0.084470 0.084470 0.084470 0.084470 0.084470 0.084470 0.084470 0.000000 0.165494 0.014613 0.084470 0.084470 0.084470 0.000006 0.000055 0.133690 0.084470 0.084470 1.000000
0.084470 0.084470 0.084470 0.084470 0.084470 0.084470 0.084470 0.084470 0.084470 0.000000 0.165494 0.014613 0.084470 0.084470 0.084470 0.000006 0.000055 0.133690 0.084470 0.084470 1.000000
0.084470 0.084470 0.084470 0.084470 0.084470 0.084470 0.084470 0.084470 0.084470 0.000000 0.165494 0.014613 0.084470 0.084470 0.084470 0.000006 0.000055 0.133690 0.084470 0.084470 1.000000
0.084470 0.084470 0.084470 0.084470 0.084470 0.084470 0.084470 0.084470 0.084470 0.000000 0.165494 0.014613 0.084470 0.084470 0.084470 0.000006 0.000055 0.133690 0.084470 0.084470 1.000000
0.084470 0.084470 0.084470 0.084470 0.084470 0.084470 0.084470 0.084470 0.084470 0.000000 0.165494 0.014613 0.084470 0.084470 0.084470 0.000006 0.000055 0.133690 0.084470 0.084470 1.000000
0.084470 0.084470 0.084470 0.084470 0.084470 0.084470 0.084470 0.084470 0.084470 0.000000 0.165494 0.014613 0.084470 0.084470 0.084470 0.000006 0.000055 0.133690 0.084470 0.084470 1.000000
0.084470 0.084470 0.084470 0.084470 0.084470 0.084470 0.084470 0.084470 0.084470 0.000000 0.165494 0.014613 0.084470 0.084470 0.084470 0.000006 0.000055 0.133690 0.084470 0.084470 1.000000
0.084470 0.084470 0.084470 0.084470 0.084470 0.084470 0.084470 0.084470 0.084470 0.000000 0.165494 0.014613 0.084470 0.084470 0.084470 0.000006 0.000055 0.133690 0.084470 0.084470 1.000000
0.084470 0.084470 0.084470 0.084470 0.084470 0.084470 0.084470 0.084470 0.084470 0.000000 0.165494 0.014613 0.084470 0.084470 0.084470 0.000006 0.000055 0.133690 0.084470 0.084470 1.000000
0.084470 0.084470 0.084470 0.084470 0.084470 0.084470 0.084470 0.084470 0.084470 0.000000 0.165494 0.014613 0.084470 0.084470 0.084470 0.000006 0.000055 0.133690 0.084470 0.084470 1.000000
0.084470 0.084470 0.084470 0.084470 0.084470 0.084470 0.084470 0.084470 0.084470 0.000000 0.165494 0.014613 0.084470 0.084470 0.084470 0.000006 0.000055 0.133690 0.084470 0.084470 1.000000
0.084470 0.084470 0.084470 0.084470 0.084470 0.084470 0.084470 0.084470 0.084470 0.000000 0.165494 0.014613 0.084470 0.084470 0.084470 0.000006 0.000055 0.133690 0.084470 0.084470 1.000000
0.084470 0.084470 0.084470 0.084470 0.084470 0.084470 0.084470 0.084470 0.084470 0.000000 0.165494 0.014613 0.084470 0.084470 0.084470 0.000006 0.000055 0.133690 0.084470 0.084470 1.000000
0.084470 0.084470 0.084470 0.084470 0.084470 0.084470 0.084470 0.084470 0.084470 0.000000 0.165494 0.014613 0.084470 0.084470 0.084470 0.000006 0.000055 0.133690 0.084470 0.084470 1.000000
0.084458 0.084458 0.084458 0.084458 0.084458 0.084458 0.084458 0.084458 0.084458 0.000000 0.165471 0.014611 0.084458 0.084458 0.084458 0.000006 0.000055 0.133671 0.067739 0.084458 1.000000
0.084470 0.084470 0.084470 0.084470 0.084470 0.084470 0.084470 0.084470 0.084470 0.000000 0.165494 0.014613 0.084470 0.084470 0.084470 0.000006 0.000055 0.133690 0.084470 0.084470 1.000000
0.084470 0.084470 0.084470 0.084470 0.084470 0.084470 0.084470 0.084470 0.084470 0.000000 0.165494 0.014613 0.084470 0.084470 0.084470 0.000006 0.000055 0.133690 0.084470 0.084470 1.000000
0.084470 0.084470 0.084470 0.084470 0.084470 0.084470 0.084470 0.084470 0.084470 0.000000 0.165494 0.014613 0.084470 0.084470 0.084470 0.000006 0.000055 0.133690 0.084470 0.084470 1.000000
0.084470 0.084470 0.084470 0.084470 0.084470 0.084470 0.084470 0.084470 0.084470 0.000000 0.165494 0.014613 0.084470 0.084470 0.084470 0.000006 0.000055 0.133690 0.084470 0.084470 1.000000
0.084470 0.084470 0.084470 0.084470 0.084470 0.084470 0.084470 0.084470 0.084470 0.000000 0.165494 0.014613 0.084470 0.084470 0.084470 0.000006 0.000055 0.133690 0.084470 0.084470 1.000000
0.084470 0.084470 0.084470 0.084470 0.084470 0.084470 0.084470 0.084470 0.084470 0.000000 0.165494 0.014613 0.084470 0.084470 0.084470 0.000006 0.000055 0.133690 0.084470 0.084470 1.000000
0.084470 0.084470 0.084470 0.084470 0.084470 0.084470 0.084470 0.084470 0.084470 0.000000 0.165494 0.014613 0.084470 0.084470 0.084470 0.000006 0.000055 0.133690 0.084470 0.084470 1.000000
0.084470 0.084470 0.084470 0.084470 0.084470 0.084470 0.084470 0.084470 0.084470 0.000000 0.165494 0.014613 0.084470 0.084470 0.084470 0.000006 0.000055 0.133690 0.084470 0.084470 1.000000
0.084470 0.084470 0.084470 0.084470 0.084470 0.084470 0.084470 0.084470 0.084470 0.000000 0.165494 0.014613 0.084470 0.084470 0.084470 0.000006 0.000055 0.133690 0.084470 0.084470 1.000000
0.084470 0.084470 0.084470 0.084470 0.084470 0.084470 0.084470 0.084470 0.084470 0.000000 0.165494 0.014613 0.084470 0.084470 0.084470 0.000006 0.000055 0.133690 0.084470 0.084470 1.000000
0.084470 0.084470 0.084470 0.084470 0.084470 0.084470 0.084470 0.084470 0.084470 0.000000 0.165494 0.014613 0.084470 0.084470 0.084470 0.000006 0.000055 0.133690 0.084470 0.084470 1.000000
0.084436 0.084436 0.084436 0.084436 0.084436 0.084436 0.084436 0.084436 0.084436 0.000000 0.165429 0.014607 0.084436 0.084436 0.000084 0.000006 0.000055 0.133637 0.084436 0.084436 1.000000
0.084470 0.084470 0.084470 0.084470 0.084470 0.084470 0.084470 0.084470 0.084470 0.000000 0.165494 0.014613 0.084470 0.084470 0.084470 0.000006 0.000055 0.133690 0.084470 0.084470 1.000000
0.084470 0.084470 0.084470 0.084470 0.084470 0.084470 0.084470 0.084470 0.084470 0.000000 0.165494 0.014613 0.084470 0.084470 0.084470 0.000006 0.000055 0.133690 0.084470 0.084470 1.000000
0.084470 0.084470 0.084470 0.084470 0.084470 0.084470 0.084470 0.084470 0.084470 0.000000 0.165494 0.014613 0.084470 0.084470 0.084470 0.000006 0.000055 0.133690 0.084470 0.084470 1.000000
0.084470 0.084470 0.084470 0.084470 0.084470 0.084470 0.084470 0.084470 0.084470 0.000000 0.165494 0.014613 0.084470 0.084470 0.084470 0.000006 0.000055 0.133690 0.084470 0.084470 1.000000
0.084470 0.084470 0.084470 0.084470 0.084470 0.084470 0.084470 0.084470 0.084470 0.000000 0.165494 0.014613 0.084470 0.084470 0.084470 0.000006 0.000055 0.133690 0.084470 0.084470 1.000000
0.084470 0.084470 0.084470 0.084470 0.084470 0.084470 0.084470 0.084470 0.084470 0.000000 0.165494 0.014613 0.084470 0.084470 0.084470 0.000006 0.000055 0.133690 0.084470 0.084470 1.000000
0.084470 0.084470 0.084470 0.084470 0.084470 0.084470 0.084470 0.084470 0.084470 0.000000 0.165494 0.014613 0.084470 0.084470 0.084470 0.000006 0.000055 0.133690 0.084470 0.084470 1.000000
0.084436 0.084436 0.084436 0.084436 0.084436 0.084436 0.084436 0.084436 0.084436 0.000000 0.165429 0.014607 0.084436 0.084436 0.004675 0.000006 0.000055 0.133637 0.084436 0.084436 1.000000
0.084470 0.084470 0.084470 0.084470 0.084470 0.084470 0.084470 0.084470 0.084470 0.000000 0.165494 0.014613 0.084470 0.084470 0.084470 0.000006 0.000055 0.133690 0.084470 0.084470 1.000000
0.084470 0.084470 0.084470 0.084470 0.084470 0.084470 0.084470 0.084470 0.084470 0.000000 0.165494 0.014613 0.084470 0.084470 0.084470 0.000006 0.000055 0.133690 0.084470 0.084470 1.000000
0.084470 0.084470 0.084470 0.084470 0.084470 0.084470 0.084470 0.084470 0.084470 0.000000 0.165494 0.014613 0.084470 0.084470 0.084470 0.000006 0.000055 0.133690 0.084470 0.084470 1.000000
0.084470 0.084470 0.084470 0.084470 0.084470 0.084470 0.084470 0.084470 0.084470 0.000000 0.165494 0.014613 0.084470 0.084470 0.084470 0.000006 0.000055 0.133690 0.084470 0.084470 1.000000
0.084470 0.084470 0.084470 0.084470 0.084470 0.084470 0.084470 0.084470 0.084470 0.000000 0.165494 0.014613 0.084470 0.084470 0.084470 0.000006 0.000055 0.133690 0.084470 0.084470 1.000000
0.084470 0.084470 0.084470 0.084470 0.084470 0.084470 0.084470 0.084470 0.084470 0.000000 0.165494 0.014613 0.084470 0.084470 0.084470 0.000006 0.000055 0.133690 0.084470 0.084470 1.000000
0.084470 0.084470 0.084470 0.084470 0.084470 0.084470 0.084470 0.084470 0.084470 0.000000 0.165494 0.014613 0.084470 0.084470 0.084470 0.000006 0.000055 0.133690 0.084470 0.084470 1.000000
0.084470 0.084470 0.084470 0.084470 0.084470 0.084470 0.084470 0.084470 0.084470 0.000000 0.165494 0.014613 0.084470 0.084470 0.084470 0.000006 0.000055 0.133690 0.084470 0.084470 1.000000
0.084470 0.084470 0.084470 0.084470 0.084470 0.084470 0.084470 0.084470 0.084470 0.000000 0.165494 0.014613 0.084470 0.084470 0.084470 0.000006 0.000055 0.133690 0.084470 0.084470 1.000000
0.084470 0.084470 0.084470 0.084470 0.084470 0.084470 0.084470 0.084470 0.084470 0.000000 0.165494 0.014613 0.084470 0.084470 0.084470 0.000006 0.000055 0.133690 0.084470 0.084470 1.000000
0.084470 0.084470 0.084470 0.084470 0.084470 0.084470 0.084470 0.084470 0.084470 0.000000 0.165494 0.014613 0.084470 0.084470 0.084470 0.000006 0.000055 0.133690 0.084470 0.084470 1.000000
0.084470 0.084470 0.084470 0.084470 0.084470 0.084470 0.084470 0.084470 0.084470 0.000000 0.165494 0.014613 0.084470 0.084470 0.084470 0.000006 0.000055 0.133690 0.084470 0.084470 1.000000
0.084470 0.084470 0.084470 0.084470 0.084470 0.084470 0.084470 0.084470 0.084470 0.000000 0.165494 0.014613 0.084470 0.084470 0.084470 0.000006 0.000055 0.133690 0.084470 0.084470 1.000000
0.084470 0.084470 0.084470 0.084470 0.084470 0.084470 0.084470 0.084470 0.084470 0.000000 0.165494 0.014613 0.084470 0.084470 0.084470 0.000006 0.000055 0.133690 0.084470 0.084470 1.000000
0.084470 0.084470 0.084470 0.084470 0.084470 0.084470 0.084470 0.084470 0.084470 0.000000 0.165494 0.014613 0.084470 0.084470 0.084470 0.000006 0.000055 0.133690 0.084470 0.084470 1.000000
0.084470 0.084470 0.084470 0.084470 0.084470 0.084470 0.084470 0.084470 0.084470 0.000000 0.165494 0.014613 0.084470 0.084470 0.084470 0.000006 0.000055 0.133690 0.084470 0.084470 1.000000
0.084470 0.084470 0.084470 0.084470 0.084470 0.084470 0.084470 0.084470 0.084470 0.000000 0.165494 0.014613 0.084470 0.084470 0.084470 0.000006 0.000055 0.133690 0.084470 0.084470 1.000000
0.084470 0.084470 0.084470 0.084470 0.084470 0.084470 0.084470 0.084470 0.084470 0.000000 0.165494 0.014613 0.084470 0.084470 0.084470 0.000006 0.000055 0.133690 0.084470 0.084470 1.000000
0.084470 0.084470 0.084470 0.084470 0.084470 0.084470 0.084470 0.084470 0.084470 0.000000 0.165494 0.014613 0.084470 0.084470 0.084470 0.000006 0.000055 0.133690 0.084470 0.084470 1.000000
0.084470 0.084470 0.084470 0.084470 0.084470 0.084470 0.084470 0.084470 0.084470 0.000000 0.165494 0.014613 0.084470 0.084470 0.084470 0.000006 0.000055 0.133690 0.084470 0.084470 1.000000
0.084470 0.084470 0.084470 0.084470 0.084470 0.084470 0.084470 0.084470 0.084470 0.000000 0.165494 0.014613 0.084470 0.084470 0.084470 0.000006 0.000055 0.133690 0.084470 0.084470 1.000000
0.084470 0.084470 0.084470 0.084470 0.084470 0.084470 0.084470 0.084470 0.084470 0.000000 0.165494 0.014613 0.084470 0.084470 0.084470 0.000006 0.000055 0.133690 0.084470 0.084470 1.000000
0.084470 0.084470 0.084470 0.084470 0.084470 0.084470 0.084470 0.084470 0.084470 0.000000 0.165494 0.014613 0.084470 0.084470 0.084470 0.000006 0.000055 0.133690 0.084470 0.084470 1.000000
0.084470 0.084470 0.084470 0.084470 0.084470 0.084470 0.084470 0.084470 0.084470 0.000000 0.165494 0.014613 0.084470 0.084470 0.084470 0.000006 0.000055 0.133690 0.084470 0.084470 1.000000
0.084470 0.084470 0.084470 0.084470 0.084470 0.084470 0.084470 0.084470 0.084470 0.000000 0.165494 0.014613 0.084470 0.084470 0.084470 0.000006 0.000055 0.133690 0.084470 0.084470 1.000000
0.084470 0.084470 0.084470 0.084470 0.084470 0.084470 0.084470 0.084470 0.084470 0.000000 0.165494 0.014613 0.084470 0.084470 0.084470 0.000006 0.000055 0.133690 0.084470 0.084470 1.000000
0.084470 0.084470 0.084470 0.084470 0.084470 0.084470 0.084470 0.084470 0.084470 0.000000 0.165494 0.014613 0.084470 0.084470 0.084470 0.000006 0.000055 0.133690 0.084470 0.084470 1.000000
0.084470 0.084470 0.084470 0.084470 0.084470 0.084470 0.084470 0.084470 0.084470 0.000000 0.165494 0.014613 0.084470 0.084470 0.084470 0.000006 0.000055 0.133690 0.084470 0.084470 1.000000
0.084470 0.084470 0.084470 0.084470 0.084470 0.084470 0.084470 0.084470 0.084470 0.000000 0.165494 0.014613 0.084470 0.084470 0.084470 0.000006 0.000055 0.133690 0.084470 0.084470 1.000000
0.084470 0.084470 0.084470 0.084470 0.084470 0.084470 0.084470 0.084470 0.084470 0.000000 0.165494 0.014613 0.084470 0.084470 0.084470 0.000006 0.000055 0.133690 0.084470 0.084470 1.000000
0.084470 0.084470 0.084470 0.084470 0.084470 0.084470 0.084470 0.084470 0.084470 0.000000 0.165494 0.014613 0.084470 0.084470 0.084470 0.000006 0.000055 0.133690 0.084470 0.084470 1.000000
0.084470 0.084470 0.084470 0.084470 0.084470 0.084470 0.084470 0.084470 0.084470 0.000000 0.165494 0.014613 0.084470 0.084470 0.084470 0.000006 0.000055 0.133690 0.084470 0.084470 1.000000
0.084470 0.084470 0.084470 0.084470 0.084470 0.084470 0.084470 0.084470 0.084470 0.000000 0.165494 0.014613 0.084470 0.084470 0.084470 0.000006 0.000055 0.133690 0.084470 0.084470 1.000000
0.084470 0.084470 0.084470 0.084470 0.084470 0.084470 0.084470 0.084470 0.084470 0.000000 0.165494 0.014613 0.084470 0.084470 0.084470 0.000006 0.000055 0.133690 0.084470 0.084470 1.000000
0.084470 0.084470 0.084470 0.084470 0.084470 0.084470 0.084470 0.084470 0.084470 0.000000 0.165494 0.014613 0.084470 0.084470 0.084470 0.000006 0.000055 0.133690 0.084470 0.084470 1.000000
0.084470 0.084470 0.084470 0.084470 0.084470 0.084470 0.084470 0.084470 0.084470 0.000000 0.165494 0.014613 0.084470 0.084470 0.084470 0.000006 0.000055 0.133690 0.084470 0.084470 1.000000
0.084470 0.084470 0.084470 0.084470 0.084470 0.084470 0.084470 0.084470 0.084470 0.000000 0.165494 0.014613 0.084470 0.084470 0.084470 0.000006 0.000055 0.133690 0.084470 0.084470 1.000000
0.084470 0.084470 0.084470 0.084470 0.084470 0.084470 0.084470 0.084470 0.084470 0.000000 0.165494 0.014613 0.084470 0.084470 0.084470 0.000006 0.000055 0.133690 0.084470 0.084470 1.000000
0.084470 0.084470 0.084470 0.084470 0.084470 0.084470 0.084470 0.084470 0.084470 0.000000 0.165494 0.014613 0.084470 0.084470 0.084470 0.000006 0.000055 0.133690 0.084470 0.084470 1.000000
0.084470 0.084470 0.084470 0.084470 0.084470 0.084470 0.084470 0.084470 0.084470 0.000000 0.165494 0.014613 0.084470 0.084470 0.084470 0.000006 0.000055 0.133690 0.084470 0.084470 1.000000
0.084470 0.084470 0.084470 0.084470 0.084470 0.084470 0.084470 0.084470 0.084470 0.000000 0.165494 0.014613 0.084470 0.084470 0.084470 0.000006 0.000055 0.133690 0.084470 0.084470 1.000000
0.084470 0.084470 0.084470 0.084470 0.084470 0.084470 0.084470 0.084470 0.084470 0.000000 0.165494 0.014613 0.084470 0.084470 0.084470 0.000006 0.000055 0.133690 0.084470 0.084470 1.000000
0.084470 0.084470 0.084470 0.084470 0.084470 0.084470 0.084470 0.084470 0.084470 0.000000 0.165494 0.014613 0.084470 0.084470 0.084470 0.000006 0.000055 0.133690 0.084470 0.084470 1.000000
0.084470 0.084470 0.084470 0.084470 0.084470 0.084470 0.084470 0.084470 0.084470 0.000000 0.165494 0.014613 0.084470 0.084470 0.084470 0.000006 0.000055 0.133690 0.084470 0.084470 1.000000
0.084470 0.084470 0.084470 0.084470 0.084470 0.084470 0.084470 0.084470 0.084470 0.000000 0.165494 0.014613 0.084470 0.084470 0.084470 0.000006 0.000055 0.133690 0.084470 0.084470 1.000000
0.084470 0.084470 0.084470 0.084470 0.084470 0.084470 0.084470 0.084470 0.084470 0.000000 0.165494 0.014613 0.084470 0.084470 0.084470 0.000006 0.000055 0.133690 0.084470 0.084470 1.000000
0.084470 0.084470 0.084470 0.084470 0.084470 0.084470 0.084470 0.084470 0.084470 0.000000 0.165494 0.014613 0.084470 0.084470 0.084470 0.000006 0.000055 0.133690 0.084470 0.084470 1.000000
0.084470 0.084470 0.084470 0.084470 0.084470 0.084470 0.084470 0.084470 0.084470 0.000000 0.165494 0.014613 0.084470 0.084470 0.084470 0.000006 0.000055 0.133690 0.084470 0.084470 1.000000
0.084470 0.084470 0.084470 0.084470 0.084470 0.084470 0.084470 0.084470 0.084470 0.000000 0.165494 0.014613 0.084470 0.084470 0.084470 0.000006 0.000055 0.133690 0.084470 0.084470 1.000000
0.084470 0.084470 0.084470 0.084470 0.084470 0.084470 0.084470 0.084470 0.084470 0.000000 0.165494 0.014613 0.084470 0.084470 0.084470 0.000006 0.000055 0.133690 0.084470 0.084470 1.000000
0.084470 0.084470 0.084470 0.084470 0.084470 0.084470 0.084470 0.084470 0.084470 0.000000 0.165494 0.014613 0.084470 0.084470 0.084470 0.000006 0.000055 0.133690 0.084470 0.084470 1.000000
0.084470 0.084470 0.084470 0.084470 0.084470 0.084470 0.084470 0.084470 0.084470 0.000000 0.165494 0.014613 0.084470 0.084470 0.084470 0.000006 0.000055 0.133690 0.084470 0.084470 1.000000
0.084470 0.084470 0.084470 0.084470 0.084470 0.084470 0.084470 0.084470 0.084470 0.000000 0.165494 0.014613 0.084470 0.084470 0.084470 0.000006 0.000055 0.133690 0.084470 0.084470 1.000000
0.084470 0.084470 0.084470 0.084470 0.084470 0.084470 0.084470 0.084470 0.084470 0.000000 0.165494 0.014613 0.084470 0.084470 0.084470 0.000006 0.000055 0.133690 0.084470 0.084470 1.000000
0.084470 0.084470 0.084470 0.084470 0.084470 0.084470 0.084470 0.084470 0.084470 0.000000 0.165494 0.014613 0.084470 0.084470 0.084470 0.000006 0.000055 0.133690 0.084470 0.084470 1.000000
0.084470 0.084470 0.084470 0.084470 0.084470 0.084470 0.084470 0.084470 0.084470 0.000000 0.165494 0.014613 0.084470 0.084470 0.084470 0.000006 0.000055 0.133690 0.084470 0.084470 1.000000
0.084470 0.084470 0.084470 0.084470 0.084470 0.084470 0.084470 0.084470 0.084470 0.000000 0.165494 0.014613 0.084470 0.084470 0.084470 0.000006 0.000055 0.133690 0.084470 0.084470 1.000000
0.084470 0.084470 0.084470 0.084470 0.084470 0.084470 0.084470 0.084470 0.084470 0.000000 0.165494 0.014613 0.084470 0.084470 0.084470 0.000006 0.000055 0.133690 0.084470 0.084470 1.000000
0.084470 0.084470 0.084470 0.084470 0.084470 0.084470 0.084470 0.084470 0.084470 0.000000 0.165494 0.014613 0.084470 0.084470 0.084470 0.000006 0.000055 0.133690 0.084470 0.084470 1.000000
