0.000000 0.000000 0.000000 0.000000 0.000000 0.000000 0.000000 0.000000 0.000000 0.000000 0.000000 0.000000 0.000000 0.000000 0.000000 0.000000 0.000000 0.000000 0.000000 0.000000 0.000000
0.084169 0.084169 0.084169 0.084169 0.084169 0.084169 0.084169 0.084169 0.000043 0.022211 0.028421 0.022743 0.014219 0.007281 0.004660 0.000002 0.018198 0.044356 0.000400 0.022211 1.000000
0.084174 0.084174 0.084174 0.084174 0.084174 0.084174 0.084174 0.084174 0.000067 0.005825 0.035512 0.044359 0.007282 0.022212 0.005825 0.000002 0.055388 0.014561 0.000500 0.014220 1.000000
0.084196 0.084196 0.084196 0.084196 0.084196 0.084196 0.084196 0.084196 0.000034 0.007284 0.044371 0.107291 0.017778 0.009104 0.005827 0.000002 0.022751 0.035522 0.000320 0.022218 1.000000
0.084221 0.084221 0.084221 0.084221 0.084221 0.084221 0.084221 0.084221 0.002388 0.017783 0.107323 0.069155 0.004663 0.007286 0.034702 0.000001 0.086213 0.028439 0.000003 0.007286 1.000000
0.084186 0.084186 0.084186 0.084186 0.084186 0.084186 0.084186 0.084186 0.000022 0.014222 0.055396 0.055396 0.027762 0.027762 0.002983 0.000001 0.035518 0.044365 0.000164 0.014222 1.000000
0.084179 0.084179 0.084179 0.084179 0.084179 0.084179 0.084179 0.084179 0.000054 0.022213 0.035514 0.009321 0.009102 0.011377 0.009102 0.000001 0.069120 0.044361 0.000320 0.014221 1.000000
0.084186 0.084186 0.084186 0.084186 0.084186 0.084186 0.084186 0.084186 0.000028 0.017775 0.035517 0.069125 0.014222 0.034687 0.002983 0.000001 0.044365 0.028427 0.000164 0.017775 1.000000
0.084197 0.084197 0.084197 0.084197 0.084197 0.084197 0.084197 0.084197 0.000028 0.022218 0.069135 0.035522 0.034692 0.009104 0.007284 0.000001 0.086188 0.022751 0.000256 0.005827 1.000000
0.084747 0.084747 0.084747 0.084747 0.084747 0.084747 0.084747 0.084747 0.000028 0.022365 0.134119 0.028619 0.014318 0.027949 0.002403 0.000001 0.035757 0.028619 0.000322 0.009165 1.000000
0.084177 0.084177 0.084177 0.084177 0.084177 0.084177 0.084177 0.084177 0.000014 0.022213 0.018200 0.035513 0.014220 0.007282 0.014220 0.000001 0.069118 0.018200 0.000500 0.017774 1.000000
0.084210 0.084210 0.084210 0.084210 0.084210 0.084210 0.084210 0.084210 0.000022 0.017781 0.035528 0.069145 0.014226 0.022222 0.002984 0.000001 0.044378 0.107309 0.000164 0.027770 1.000000
0.084166 0.084166 0.084166 0.084166 0.084166 0.084166 0.084166 0.084166 0.000034 0.022210 0.035509 0.018197 0.017771 0.009101 0.007281 0.000006 0.014560 0.011649 0.000256 0.022210 1.000000
0.084185 0.084185 0.084185 0.084185 0.084185 0.084185 0.084185 0.084185 0.000105 0.014222 0.022748 0.028426 0.004661 0.017775 0.011378 0.000000 0.044364 0.086175 0.000205 0.014222 1.000000
0.084171 0.084171 0.084171 0.084171 0.084171 0.084171 0.084171 0.084171 0.000028 0.014220 0.044357 0.028422 0.022212 0.014220 0.004660 0.000005 0.022744 0.018199 0.000164 0.027757 1.000000
0.084731 0.084731 0.084731 0.084731 0.084731 0.084731 0.084731 0.084731 0.000054 0.009163 0.107967 0.022897 0.005865 0.014315 0.022361 0.000002 0.022897 0.055757 0.000258 0.007331 1.000000
0.084176 0.084176 0.084176 0.084176 0.084176 0.084176 0.084176 0.084176 0.000034 0.011377 0.035513 0.028423 0.017773 0.011377 0.004661 0.000002 0.035513 0.028423 0.000205 0.043324 1.000000
0.084184 0.084184 0.084184 0.084184 0.084184 0.084184 0.084184 0.084184 0.000022 0.034686 0.044364 0.069124 0.009103 0.017775 0.003729 0.000002 0.035517 0.014563 0.000205 0.022215 1.000000
0.084162 0.084162 0.084162 0.084162 0.084162 0.084162 0.084162 0.084162 0.000131 0.017770 0.028419 0.009319 0.014218 0.007281 0.014218 0.000012 0.022742 0.000107 0.001527 0.009101 1.000000
0.084189 0.084189 0.084189 0.084189 0.084189 0.084189 0.084189 0.084189 0.000004 0.022216 0.044367 0.011652 0.034688 0.034688 0.009104 0.000001 0.055398 0.055398 0.000400 0.011379 1.000000
0.084184 0.084184 0.084184 0.084184 0.084184 0.084184 0.084184 0.084184 0.000022 0.043328 0.055394 0.044364 0.011378 0.014222 0.004661 0.000002 0.035516 0.028426 0.000164 0.017775 1.000000
0.084173 0.084173 0.084173 0.084173 0.084173 0.084173 0.084173 0.084173 0.000105 0.017773 0.044358 0.014561 0.017773 0.022212 0.000400 0.000001 0.044358 0.028422 0.000977 0.014220 1.000000
0.084169 0.084169 0.084169 0.084169 0.084169 0.084169 0.084169 0.084169 0.000034 0.022211 0.014560 0.035510 0.017772 0.017772 0.004660 0.000002 0.035510 0.028421 0.000320 0.011376 1.000000
0.084172 0.084172 0.084172 0.084172 0.084172 0.084172 0.084172 0.084172 0.000043 0.022212 0.022744 0.035511 0.009102 0.014220 0.004660 0.000002 0.018199 0.055386 0.000400 0.014220 1.000000
0.084709 0.084709 0.084709 0.084709 0.084709 0.084709 0.084709 0.084709 0.000028 0.027936 0.018317 0.044644 0.014312 0.034905 0.003002 0.000005 0.004803 0.028606 0.000206 0.022355 1.000000
0.084198 0.084198 0.084198 0.084198 0.084198 0.084198 0.084198 0.084198 0.000014 0.017778 0.055403 0.028431 0.054112 0.009104 0.003729 0.000001 0.069135 0.018204 0.000164 0.034692 1.000000
0.084279 0.084279 0.084279 0.084279 0.084279 0.084279 0.084279 0.084279 0.000000 0.054165 0.107396 0.086273 0.043378 0.084279 0.001911 0.000002 0.055457 0.018222 0.000131 0.054165 1.000000
0.084280 0.084280 0.084280 0.084280 0.084280 0.084280 0.084280 0.084280 0.000005 0.054166 0.086273 0.086273 0.034726 0.054166 0.000979 0.000000 0.133396 0.055458 0.000067 0.034726 1.000000
0.084274 0.084274 0.084274 0.084274 0.084274 0.084274 0.084274 0.084274 0.000006 0.043375 0.107389 0.044412 0.034724 0.027791 0.000321 0.000000 0.069198 0.133387 0.000321 0.054162 1.000000
0.084227 0.084227 0.084227 0.084227 0.084227 0.084227 0.084227 0.084227 0.000009 0.027775 0.069160 0.055423 0.034704 0.034704 0.001910 0.000000 0.107331 0.055423 0.000084 0.027775 1.000000
0.084300 0.084300 0.084300 0.084300 0.084300 0.084300 0.084300 0.084300 0.000034 0.027800 0.133427 0.069220 0.000257 0.084300 0.000979 0.000000 0.069220 0.107422 0.000783 0.054179 1.000000
0.084268 0.084268 0.084268 0.084268 0.084268 0.084268 0.084268 0.084268 0.000006 0.054158 0.044409 0.055450 0.027789 0.054158 0.001223 0.000000 0.133378 0.086261 0.000067 0.043372 1.000000
0.084269 0.084269 0.084269 0.084269 0.084269 0.084269 0.084269 0.084269 0.000007 0.054159 0.086262 0.086262 0.022238 0.017793 0.002986 0.000000 0.107384 0.107384 0.000067 0.034722 1.000000
0.084262 0.084262 0.084262 0.084262 0.084262 0.084262 0.084262 0.084262 0.000011 0.084262 0.055446 0.107375 0.027787 0.067582 0.002389 0.000006 0.000055 0.055446 0.000084 0.034719 1.000000
0.084215 0.084215 0.084215 0.084215 0.084215 0.084215 0.084215 0.084215 0.000000 0.027771 0.035530 0.069150 0.043345 0.027771 0.054124 0.000006 0.000069 0.028437 0.002387 0.054124 1.000000
0.084259 0.084259 0.084259 0.084259 0.084259 0.084259 0.084259 0.084259 0.000004 0.054152 0.133363 0.055444 0.054152 0.054152 0.001529 0.000002 0.055444 0.018218 0.000043 0.027786 1.000000
0.084240 0.084240 0.084240 0.084240 0.084240 0.084240 0.084240 0.084240 0.000006 0.027780 0.086232 0.069170 0.054140 0.054140 0.001528 0.000000 0.069170 0.055431 0.000054 0.034710 1.000000
0.084265 0.084265 0.084265 0.084265 0.084265 0.084265 0.084265 0.084265 0.000005 0.034720 0.107378 0.107378 0.043370 0.034720 0.002389 0.000001 0.035551 0.107378 0.000054 0.027788 1.000000
0.084277 0.084277 0.084277 0.084277 0.084277 0.084277 0.084277 0.084277 0.000005 0.022240 0.086270 0.107393 0.054164 0.043377 0.001529 0.000000 0.107393 0.086270 0.000067 0.034725 1.000000
0.084222 0.084222 0.084222 0.084222 0.084222 0.084222 0.084222 0.084222 0.000014 0.022225 0.028439 0.069155 0.043348 0.004663 0.002984 0.000001 0.086214 0.035533 0.000164 0.067549 1.000000
0.084274 0.084274 0.084274 0.084274 0.084274 0.084274 0.084274 0.084274 0.000004 0.043375 0.069198 0.133387 0.043375 0.027791 0.001529 0.000000 0.069198 0.086267 0.000054 0.054162 1.000000
0.084232 0.084232 0.084232 0.084232 0.084232 0.084232 0.084232 0.084232 0.000022 0.034706 0.055426 0.086224 0.043353 0.034706 0.043353 0.000001 0.069163 0.055426 0.000001 0.027777 1.000000
0.084297 0.084297 0.084297 0.084297 0.084297 0.084297 0.084297 0.084297 0.000004 0.043387 0.165168 0.107418 0.027798 0.054176 0.001912 0.000007 0.055469 0.001253 0.000054 0.054176 1.000000
0.084252 0.084252 0.084252 0.084252 0.084252 0.084252 0.084252 0.084252 0.000002 0.034714 0.107361 0.069180 0.054147 0.054147 0.017790 0.000001 0.055439 0.069180 0.000011 0.027783 1.000000
0.084307 0.084307 0.084307 0.084307 0.084307 0.084307 0.084307 0.084307 0.000003 0.054183 0.055476 0.107431 0.054183 0.054183 0.000979 0.000000 0.086300 0.133437 0.000043 0.054183 1.000000
0.084265 0.084265 0.084265 0.084265 0.084265 0.084265 0.084265 0.084265 0.000005 0.043370 0.055448 0.069191 0.043370 0.043370 0.001529 0.000000 0.107378 0.107378 0.000054 0.043370 1.000000
0.084231 0.084231 0.084231 0.084231 0.084231 0.084231 0.084231 0.084231 0.000256 0.000002 0.044389 0.069163 0.054134 0.022227 0.011385 0.000000 0.107335 0.069163 0.007287 0.027777 1.000000
0.084275 0.084275 0.084275 0.084275 0.084275 0.084275 0.084275 0.084275 0.000003 0.043376 0.028457 0.133388 0.084275 0.043376 0.001529 0.000006 0.086268 0.000023 0.000783 0.034724 1.000000
0.084802 0.084802 0.084802 0.084802 0.084802 0.084802 0.084802 0.084802 0.000004 0.034944 0.044693 0.086807 0.068016 0.054504 0.001231 0.000000 0.044693 0.108056 0.000043 0.054504 1.000000
0.084223 0.084223 0.084223 0.084223 0.084223 0.084223 0.084223 0.084223 0.000006 0.043349 0.044385 0.086215 0.034702 0.054129 0.001910 0.000001 0.069156 0.035533 0.000084 0.022225 1.000000
0.084315 0.084315 0.084315 0.084315 0.084315 0.084315 0.084315 0.084315 0.000005 0.043396 0.055481 0.069232 0.054188 0.067624 0.001530 0.000000 0.165202 0.107441 0.000054 0.022250 1.000000
0.084442 0.084442 0.084442 0.084442 0.084442 0.084442 0.084442 0.084442 0.000000 0.054271 0.165442 0.086439 0.084442 0.043463 0.084442 0.000001 0.133647 0.009350 0.084442 0.084442 1.000000
0.084342 0.084342 0.084342 0.084342 0.084342 0.084342 0.084342 0.084342 0.000001 0.067646 0.086337 0.107476 0.043411 0.067646 0.054206 0.000006 0.000642 0.165254 0.000004 0.043411 1.000000
0.084470 0.084470 0.084470 0.084470 0.084470 0.084470 0.084470 0.084470 0.000000 0.084470 0.165494 0.086467 0.034805 0.054289 0.084470 0.000000 0.133690 0.133690 0.084470 0.067749 1.000000
0.084346 0.084346 0.084346 0.084346 0.084346 0.084346 0.084346 0.084346 0.000000 0.067650 0.018237 0.165261 0.054209 0.043413 0.000043 0.000006 0.069258 0.000086 0.084346 0.084346 1.000000
0.084412 0.084412 0.084412 0.084412 0.084412 0.084412 0.084412 0.084412 0.000002 0.054251 0.086408 0.165385 0.043447 0.084412 0.000502 0.000000 0.165385 0.107564 0.000054 0.067703 1.000000
0.084387 0.084387 0.084387 0.084387 0.084387 0.084387 0.084387 0.084387 0.000000 0.054235 0.086383 0.133562 0.084387 0.054235 0.084387 0.000005 0.165338 0.000411 0.000006 0.043434 1.000000
0.084342 0.084342 0.084342 0.084342 0.084342 0.084342 0.084342 0.084342 0.000501 0.084342 0.107475 0.086336 0.000001 0.067646 0.043410 0.000000 0.133492 0.069254 0.000084 0.067646 1.000000
0.084441 0.084441 0.084441 0.084441 0.084441 0.084441 0.084441 0.084441 0.000001 0.084441 0.086438 0.133645 0.054270 0.067726 0.003740 0.000000 0.165439 0.165439 0.000009 0.067726 1.000000
0.084292 0.084292 0.084292 0.084292 0.084292 0.084292 0.084292 0.084292 0.000006 0.043385 0.022777 0.165160 0.067606 0.054174 0.001912 0.000006 0.069213 0.000069 0.000131 0.054174 1.000000
0.084383 0.084383 0.084383 0.084383 0.084383 0.084383 0.084383 0.084383 0.000000 0.054232 0.107527 0.107527 0.067679 0.084383 0.054232 0.000002 0.165330 0.007475 0.000003 0.067679 1.000000
0.084354 0.084354 0.084354 0.084354 0.084354 0.084354 0.084354 0.084354 0.000000 0.067656 0.022794 0.133510 0.043417 0.067656 0.054214 0.000006 0.165275 0.000035 0.000034 0.067656 1.000000
0.084896 0.084896 0.084896 0.084896 0.084896 0.084896 0.084896 0.084896 0.000000 0.034983 0.086904 0.134351 0.034983 0.043699 0.000043 0.000006 0.000265 0.166296 0.084896 0.068093 1.000000
0.084296 0.084296 0.084296 0.084296 0.084296 0.084296 0.084296 0.084296 0.000002 0.054176 0.055469 0.107418 0.084296 0.067609 0.002390 0.000006 0.107418 0.000069 0.000105 0.043387 1.000000
0.084290 0.084290 0.084290 0.084290 0.084290 0.084290 0.084290 0.084290 0.000005 0.043383 0.035562 0.133411 0.054172 0.043383 0.002390 0.000007 0.133411 0.000055 0.000131 0.054172 1.000000
0.084292 0.084292 0.084292 0.084292 0.084292 0.084292 0.084292 0.084292 0.000105 0.043385 0.069213 0.133415 0.084292 0.084292 0.000004 0.000007 0.003059 0.001253 0.001912 0.034731 1.000000
0.084321 0.084321 0.084321 0.084321 0.084321 0.084321 0.084321 0.084321 0.027807 0.000007 0.003825 0.165214 0.054193 0.084321 0.000043 0.000005 0.133460 0.001567 0.003735 0.034743 1.000000
0.084267 0.084267 0.084267 0.084267 0.084267 0.084267 0.084267 0.084267 0.000004 0.054157 0.028454 0.107380 0.054157 0.043371 0.001529 0.000007 0.069192 0.000069 0.000205 0.084267 1.000000
0.084372 0.084372 0.084372 0.084372 0.084372 0.084372 0.084372 0.084372 0.000000 0.067671 0.086368 0.165310 0.043426 0.067671 0.000034 0.000006 0.000329 0.133539 0.084372 0.027824 1.000000
0.084355 0.084355 0.084355 0.084355 0.084355 0.084355 0.084355 0.084355 0.000000 0.084355 0.107492 0.086350 0.084355 0.043417 0.000043 0.000001 0.011675 0.133513 0.007298 0.084355 1.000000
0.084314 0.084314 0.084314 0.084314 0.084314 0.084314 0.084314 0.084314 0.000001 0.067623 0.069231 0.086308 0.084314 0.043396 0.001912 0.000002 0.133449 0.005975 0.000067 0.067623 1.000000
0.084348 0.084348 0.084348 0.084348 0.084348 0.084348 0.084348 0.084348 0.000001 0.054210 0.107483 0.133501 0.084348 0.043414 0.004670 0.000001 0.014592 0.133501 0.000011 0.067651 1.000000
0.084309 0.084309 0.084309 0.084309 0.084309 0.084309 0.084309 0.084309 0.000000 0.067619 0.107433 0.107433 0.043393 0.034738 0.000205 0.000002 0.107433 0.007469 0.001530 0.084309 1.000000
0.084292 0.084292 0.084292 0.084292 0.084292 0.084292 0.084292 0.084292 0.000001 0.054174 0.014582 0.107413 0.084292 0.054174 0.067606 0.000006 0.069213 0.000108 0.000014 0.054174 1.000000
0.084324 0.084324 0.084324 0.084324 0.084324 0.084324 0.084324 0.084324 0.000000 0.034745 0.055487 0.165220 0.067632 0.054194 0.034745 0.000006 0.133465 0.000035 0.000105 0.034745 1.000000
0.084475 0.084475 0.084475 0.084475 0.084475 0.084475 0.084475 0.084475 0.000000 0.067753 0.133698 0.165503 0.054292 0.067753 0.084475 0.000000 0.165503 0.086473 0.000002 0.084475 1.000000
0.084374 0.084374 0.084374 0.084374 0.084374 0.084374 0.084374 0.084374 0.000000 0.067672 0.086369 0.086369 0.043427 0.043427 0.084374 0.000007 0.165313 0.000044 0.084374 0.043427 1.000000
0.084391 0.084391 0.084391 0.084391 0.084391 0.084391 0.084391 0.084391 0.000000 0.067685 0.086386 0.086386 0.084391 0.067685 0.054237 0.000000 0.133567 0.133567 0.000002 0.067685 1.000000
0.084334 0.084334 0.084334 0.084334 0.084334 0.084334 0.084334 0.084334 0.000002 0.084334 0.069247 0.133479 0.084334 0.067639 0.005837 0.000006 0.001567 0.004781 0.000018 0.084334 1.000000
0.084324 0.084324 0.084324 0.084324 0.084324 0.084324 0.084324 0.084324 0.000001 0.084324 0.055487 0.133465 0.027808 0.084324 0.054194 0.000007 0.069240 0.000108 0.000011 0.067632 1.000000
0.084381 0.084381 0.084381 0.084381 0.084381 0.084381 0.084381 0.084381 0.000000 0.084381 0.044469 0.133552 0.067677 0.067677 0.084381 0.000007 0.000069 0.086376 0.084381 0.054231 1.000000
0.084396 0.084396 0.084396 0.084396 0.084396 0.084396 0.084396 0.084396 0.000002 0.084396 0.044477 0.165355 0.054241 0.067690 0.002393 0.000007 0.165355 0.000044 0.000054 0.084396 1.000000
0.084481 0.084481 0.084481 0.084481 0.084481 0.084481 0.084481 0.084481 0.000000 0.067758 0.165515 0.165515 0.054296 0.067758 0.084481 0.000001 0.165515 0.014615 0.000009 0.084481 1.000000
0.083975 0.083975 0.083975 0.083975 0.083975 0.083975 0.083975 0.083975 0.000000 0.053968 0.164563 0.132924 0.083975 0.083975 0.083975 0.000000 0.132924 0.164563 0.001904 0.067351 1.000000
0.084391 0.084391 0.084391 0.084391 0.084391 0.084391 0.084391 0.084391 0.000000 0.067686 0.035605 0.133568 0.084391 0.054238 0.084391 0.000007 0.133568 0.000055 0.084391 0.043436 1.000000
0.084396 0.084396 0.084396 0.084396 0.084396 0.084396 0.084396 0.084396 0.000000 0.067690 0.022806 0.165355 0.084396 0.067690 0.084396 0.000007 0.107544 0.000055 0.000009 0.084396 1.000000
0.084444 0.084444 0.084444 0.084444 0.084444 0.084444 0.084444 0.084444 0.000000 0.067729 0.165446 0.107605 0.084444 0.084444 0.000067 0.000000 0.107605 0.133651 0.002394 0.084444 1.000000
0.084400 0.084400 0.084400 0.084400 0.084400 0.084400 0.084400 0.084400 0.000000 0.067693 0.133582 0.086396 0.054244 0.054244 0.084400 0.000004 0.001960 0.165363 0.000002 0.084400 1.000000
0.084420 0.084420 0.084420 0.084420 0.084420 0.084420 0.084420 0.084420 0.000000 0.084420 0.107574 0.133613 0.084420 0.054256 0.084420 0.000001 0.133613 0.014604 0.000002 0.084420 1.000000
0.084353 0.084353 0.084353 0.084353 0.084353 0.084353 0.084353 0.084353 0.000000 0.084353 0.069263 0.133509 0.054213 0.067655 0.000054 0.000007 0.000069 0.086348 0.084353 0.067655 1.000000
0.084434 0.084434 0.084434 0.084434 0.084434 0.084434 0.084434 0.084434 0.000000 0.084434 0.165427 0.133635 0.067721 0.067721 0.000034 0.000000 0.107592 0.107592 0.022282 0.084434 1.000000
0.084414 0.084414 0.084414 0.084414 0.084414 0.084414 0.084414 0.084414 0.000000 0.054253 0.107567 0.165389 0.084414 0.043448 0.043448 0.000007 0.000086 0.133604 0.084414 0.067704 1.000000
0.084391 0.084391 0.084391 0.084391 0.084391 0.084391 0.084391 0.084391 0.000000 0.067686 0.035605 0.165346 0.043436 0.054238 0.000084 0.000007 0.165346 0.000035 0.084391 0.067686 1.000000
0.084418 0.084418 0.084418 0.084418 0.084418 0.084418 0.084418 0.084418 0.000000 0.067707 0.069317 0.133609 0.067707 0.084418 0.084418 0.000007 0.000086 0.107571 0.084418 0.084418 1.000000
0.084344 0.084344 0.084344 0.084344 0.084344 0.084344 0.084344 0.084344 0.000000 0.067647 0.069256 0.107477 0.084344 0.084344 0.084344 0.000007 0.000069 0.069256 0.000034 0.054207 1.000000
0.083979 0.083979 0.083979 0.083979 0.083979 0.083979 0.083979 0.083979 0.000000 0.083979 0.164569 0.164569 0.053970 0.083979 0.067353 0.000000 0.132929 0.164569 0.000002 0.053970 1.000000
0.084446 0.084446 0.084446 0.084446 0.084446 0.084446 0.084446 0.084446 0.000000 0.054273 0.107607 0.165449 0.054273 0.084446 0.000054 0.000005 0.165449 0.000263 0.084446 0.084446 1.000000
0.084394 0.084394 0.084394 0.084394 0.084394 0.084394 0.084394 0.084394 0.000000 0.067688 0.069297 0.107541 0.067688 0.067688 0.084394 0.000007 0.165352 0.000044 0.000007 0.084394 1.000000
0.084258 0.084258 0.084258 0.084258 0.084258 0.084258 0.084258 0.084258 0.000002 0.067579 0.055443 0.086251 0.054152 0.043367 0.009111 0.000007 0.069185 0.000108 0.000043 0.067579 1.000000
0.084374 0.084374 0.084374 0.084374 0.084374 0.084374 0.084374 0.084374 0.000000 0.054226 0.035598 0.165313 0.084374 0.084374 0.000084 0.000006 0.069280 0.000108 0.084374 0.067672 1.000000
0.084337 0.084337 0.084337 0.084337 0.084337 0.084337 0.084337 0.084337 0.000000 0.054203 0.018235 0.133484 0.067642 0.054203 0.001224 0.000006 0.165243 0.000044 0.009120 0.067642 1.000000
0.084420 0.084420 0.084420 0.084420 0.084420 0.084420 0.084420 0.084420 0.000000 0.054256 0.028507 0.165400 0.054256 0.084420 0.000067 0.000006 0.165400 0.000055 0.084420 0.084420 1.000000
0.084386 0.084386 0.084386 0.084386 0.084386 0.084386 0.084386 0.084386 0.000000 0.084386 0.028495 0.165337 0.084386 0.084386 0.000067 0.000006 0.086382 0.000069 0.084386 0.043434 1.000000
0.084002 0.084002 0.084002 0.084002 0.084002 0.084002 0.084002 0.084002 0.000000 0.084002 0.164613 0.132965 0.067372 0.067372 0.084002 0.000000 0.107046 0.164613 0.084002 0.084002 1.000000
0.084006 0.084006 0.084006 0.084006 0.084006 0.084006 0.084006 0.084006 0.000000 0.084006 0.164621 0.164621 0.067376 0.084006 0.084006 0.000000 0.164621 0.132972 0.001219 0.067376 1.000000
0.084397 0.084397 0.084397 0.084397 0.084397 0.084397 0.084397 0.084397 0.000000 0.054241 0.028499 0.165356 0.084397 0.054241 0.000132 0.000006 0.133577 0.000044 0.084397 0.084397 1.000000
0.084389 0.084389 0.084389 0.084389 0.084389 0.084389 0.084389 0.084389 0.000000 0.084389 0.035604 0.133565 0.067684 0.067684 0.067684 0.000006 0.165341 0.000055 0.000011 0.067684 1.000000
0.084483 0.084483 0.084483 0.084483 0.084483 0.084483 0.084483 0.084483 0.000000 0.084483 0.028528 0.165518 0.067759 0.084483 0.084483 0.000006 0.165518 0.000055 0.084483 0.084483 1.000000
0.084022 0.084022 0.084022 0.084022 0.084022 0.084022 0.084022 0.084022 0.000000 0.084022 0.164651 0.164651 0.084022 0.084022 0.084022 0.000006 0.000107 0.164651 0.084022 0.084022 1.000000
0.084421 0.084421 0.084421 0.084421 0.084421 0.084421 0.084421 0.084421 0.000000 0.067710 0.055551 0.165402 0.067710 0.084421 0.000084 0.000007 0.165402 0.000055 0.084421 0.054257 1.000000
0.084376 0.084376 0.084376 0.084376 0.084376 0.084376 0.084376 0.084376 0.000001 0.084376 0.035599 0.107518 0.084376 0.067674 0.004672 0.000007 0.165317 0.000055 0.000043 0.084376 1.000000
0.084436 0.084436 0.084436 0.084436 0.084436 0.084436 0.084436 0.084436 0.000000 0.084436 0.028512 0.133637 0.067722 0.084436 0.084436 0.000006 0.133637 0.000055 0.084436 0.084436 1.000000
0.084428 0.084428 0.084428 0.084428 0.084428 0.084428 0.084428 0.084428 0.000000 0.084428 0.035621 0.165416 0.084428 0.067716 0.084428 0.000007 0.069326 0.000086 0.084428 0.084428 1.000000
0.084409 0.084409 0.084409 0.084409 0.084409 0.084409 0.084409 0.084409 0.000000 0.084409 0.022809 0.107559 0.084409 0.067700 0.000084 0.000007 0.165378 0.000055 0.084409 0.084409 1.000000
0.084415 0.084415 0.084415 0.084415 0.084415 0.084415 0.084415 0.084415 0.000000 0.067705 0.028505 0.165390 0.084415 0.067705 0.084415 0.000007 0.069314 0.000108 0.084415 0.084415 1.000000
0.084448 0.084448 0.084448 0.084448 0.084448 0.084448 0.084448 0.084448 0.000000 0.084448 0.028516 0.165453 0.084448 0.067732 0.084448 0.000006 0.165453 0.000055 0.000009 0.084448 1.000000
0.084413 0.084413 0.084413 0.084413 0.084413 0.084413 0.084413 0.084413 0.000000 0.084413 0.044486 0.165387 0.043448 0.067703 0.067703 0.000006 0.165387 0.000055 0.000011 0.084413 1.000000
0.084441 0.084441 0.084441 0.084441 0.084441 0.084441 0.084441 0.084441 0.000000 0.084441 0.055565 0.165440 0.067726 0.084441 0.084441 0.000006 0.165440 0.000044 0.000628 0.067726 1.000000
0.084368 0.084368 0.084368 0.084368 0.084368 0.084368 0.084368 0.084368 0.000000 0.067667 0.107509 0.133533 0.067667 0.067667 0.001913 0.000006 0.133533 0.000514 0.000205 0.084368 1.000000
0.084447 0.084447 0.084447 0.084447 0.084447 0.084447 0.084447 0.084447 0.000000 0.067731 0.028516 0.165450 0.084447 0.067731 0.084447 0.000007 0.133654 0.000055 0.084447 0.084447 1.000000
0.084416 0.084416 0.084416 0.084416 0.084416 0.084416 0.084416 0.084416 0.000000 0.067705 0.028505 0.165391 0.084416 0.054254 0.084416 0.000006 0.165391 0.000055 0.000054 0.067705 1.000000
0.084457 0.084457 0.084457 0.084457 0.084457 0.084457 0.084457 0.084457 0.000000 0.084457 0.022822 0.165470 0.067739 0.067739 0.084457 0.000006 0.165470 0.000044 0.084457 0.067739 1.000000
0.084065 0.084065 0.084065 0.084065 0.084065 0.084065 0.084065 0.084065 0.000000 0.084065 0.164732 0.164732 0.084065 0.084065 0.084065 0.000000 0.164732 0.133063 0.084065 0.084065 1.000000
0.084438 0.084438 0.084438 0.084438 0.084438 0.084438 0.084438 0.084438 0.000000 0.084438 0.069333 0.165433 0.054268 0.067723 0.084438 0.000006 0.165433 0.000055 0.000009 0.084438 1.000000
0.084458 0.084458 0.084458 0.084458 0.084458 0.084458 0.084458 0.084458 0.000000 0.084458 0.028520 0.165471 0.067740 0.067740 0.084458 0.000007 0.165471 0.000044 0.084458 0.067740 1.000000
0.084486 0.084486 0.084486 0.084486 0.084486 0.084486 0.084486 0.084486 0.000000 0.067763 0.165525 0.165525 0.084486 0.067763 0.084486 0.000004 0.001570 0.133716 0.043486 0.084486 1.000000
0.084009 0.084009 0.084009 0.084009 0.084009 0.084009 0.084009 0.084009 0.000000 0.067378 0.164626 0.164626 0.067378 0.084009 0.084009 0.000000 0.068980 0.164626 0.084009 0.084009 1.000000
0.083958 0.083958 0.083958 0.083958 0.083958 0.083958 0.083958 0.083958 0.000000 0.083958 0.028349 0.164530 0.083958 0.083958 0.083958 0.000007 0.164530 0.000055 0.083958 0.083958 1.000000
0.084483 0.084483 0.084483 0.084483 0.084483 0.084483 0.084483 0.084483 0.000000 0.084483 0.028528 0.165518 0.067759 0.084483 0.084483 0.000006 0.165518 0.000055 0.084483 0.084483 1.000000
0.084436 0.084436 0.084436 0.084436 0.084436 0.084436 0.084436 0.084436 0.000000 0.067722 0.028512 0.165430 0.084436 0.084436 0.067722 0.000006 0.165430 0.000055 0.000067 0.084436 1.000000
0.084407 0.084407 0.084407 0.084407 0.084407 0.084407 0.084407 0.084407 0.000000 0.054248 0.044483 0.165376 0.067699 0.084407 0.000321 0.000006 0.133593 0.000044 0.084407 0.084407 1.000000
0.084448 0.084448 0.084448 0.084448 0.084448 0.084448 0.084448 0.084448 0.000000 0.084448 0.028516 0.165453 0.084448 0.084448 0.000206 0.000007 0.165453 0.000044 0.084448 0.067732 1.000000
0.084444 0.084444 0.084444 0.084444 0.084444 0.084444 0.084444 0.084444 0.000000 0.084444 0.028515 0.107604 0.084444 0.067728 0.084444 0.000006 0.165445 0.000055 0.084444 0.084444 1.000000
0.084448 0.084448 0.084448 0.084448 0.084448 0.084448 0.084448 0.084448 0.000000 0.067732 0.028516 0.165453 0.084448 0.084448 0.000206 0.000006 0.165453 0.000055 0.084448 0.084448 1.000000
0.084437 0.084437 0.084437 0.084437 0.084437 0.084437 0.084437 0.084437 0.000000 0.084437 0.028513 0.165432 0.084437 0.084437 0.000206 0.000006 0.133639 0.000044 0.084437 0.084437 1.000000
0.084461 0.084461 0.084461 0.084461 0.084461 0.084461 0.084461 0.084461 0.000000 0.084461 0.028521 0.165476 0.084461 0.084461 0.084461 0.000006 0.165476 0.000055 0.005846 0.084461 1.000000
0.084463 0.084463 0.084463 0.084463 0.084463 0.084463 0.084463 0.084463 0.000000 0.084463 0.044513 0.165481 0.084463 0.084463 0.000321 0.000006 0.165481 0.000055 0.084463 0.084463 1.000000
0.084413 0.084413 0.084413 0.084413 0.084413 0.084413 0.084413 0.084413 0.000000 0.084413 0.035614 0.133603 0.084413 0.084413 0.067704 0.000006 0.165388 0.000055 0.000011 0.067704 1.000000
0.083958 0.083958 0.083958 0.083958 0.083958 0.083958 0.083958 0.083958 0.000000 0.083958 0.028349 0.164530 0.083958 0.083958 0.083958 0.000007 0.164530 0.000055 0.083958 0.083958 1.000000
0.084482 0.084482 0.084482 0.084482 0.084482 0.084482 0.084482 0.084482 0.000000 0.084482 0.022829 0.165516 0.084482 0.084482 0.084482 0.000006 0.165516 0.000044 0.084482 0.067759 1.000000
0.084460 0.084460 0.084460 0.084460 0.084460 0.084460 0.084460 0.084460 0.000000 0.084460 0.022823 0.165475 0.084460 0.084460 0.000257 0.000007 0.165475 0.000035 0.084460 0.084460 1.000000
0.084474 0.084474 0.084474 0.084474 0.084474 0.084474 0.084474 0.084474 0.000000 0.067753 0.086472 0.165502 0.067753 0.084474 0.084474 0.000005 0.165502 0.000514 0.084474 0.067753 1.000000
0.083971 0.083971 0.083971 0.083971 0.083971 0.083971 0.083971 0.083971 0.000000 0.083971 0.107007 0.164556 0.083971 0.067347 0.083971 0.000005 0.164556 0.000799 0.083971 0.083971 1.000000
0.084430 0.084430 0.084430 0.084430 0.084430 0.084430 0.084430 0.084430 0.000004 0.084430 0.086426 0.133628 0.084430 0.000000 0.084430 0.000007 0.133628 0.000055 0.084430 0.084430 1.000000
0.083999 0.083999 0.083999 0.083999 0.083999 0.083999 0.083999 0.083999 0.000000 0.067369 0.164607 0.164607 0.083999 0.053983 0.083999 0.000000 0.164607 0.132960 0.000002 0.083999 1.000000
0.083958 0.083958 0.083958 0.083958 0.083958 0.083958 0.083958 0.083958 0.000000 0.083958 0.028349 0.164530 0.083958 0.083958 0.083958 0.000007 0.164530 0.000055 0.083958 0.083958 1.000000
0.083958 0.083958 0.083958 0.083958 0.083958 0.083958 0.083958 0.083958 0.000000 0.083958 0.028349 0.164530 0.083958 0.083958 0.083958 0.000007 0.164530 0.000055 0.083958 0.083958 1.000000
0.084448 0.084448 0.084448 0.084448 0.084448 0.084448 0.084448 0.084448 0.000000 0.067732 0.028516 0.165453 0.084448 0.084448 0.000628 0.000006 0.165453 0.000055 0.084448 0.084448 1.000000
0.084461 0.084461 0.084461 0.084461 0.084461 0.084461 0.084461 0.084461 0.000000 0.084461 0.028521 0.165477 0.084461 0.084461 0.084461 0.000006 0.165477 0.000055 0.011416 0.084461 1.000000
0.084483 0.084483 0.084483 0.084483 0.084483 0.084483 0.084483 0.084483 0.000000 0.084483 0.028528 0.165518 0.084483 0.067759 0.084483 0.000006 0.165518 0.000055 0.084483 0.084483 1.000000
0.084488 0.084488 0.084488 0.084488 0.084488 0.084488 0.084488 0.084488 0.000006 0.000000 0.165529 0.165529 0.067764 0.067764 0.084488 0.000007 0.165529 0.000044 0.084488 0.067764 1.000000
0.084460 0.084460 0.084460 0.084460 0.084460 0.084460 0.084460 0.084460 0.000000 0.084460 0.035634 0.133675 0.084460 0.084460 0.084460 0.000006 0.165476 0.000055 0.084460 0.067741 1.000000
0.084053 0.084053 0.084053 0.084053 0.084053 0.084053 0.084053 0.084053 0.000000 0.084053 0.164709 0.164709 0.084053 0.067413 0.084053 0.000000 0.164709 0.133044 0.084053 0.084053 1.000000
0.084472 0.084472 0.084472 0.084472 0.084472 0.084472 0.084472 0.084472 0.000000 0.084472 0.028524 0.133693 0.084472 0.084472 0.084472 0.000007 0.165497 0.000055 0.084472 0.084472 1.000000
0.083958 0.083958 0.083958 0.083958 0.083958 0.083958 0.083958 0.083958 0.000000 0.083958 0.028349 0.164530 0.083958 0.083958 0.083958 0.000007 0.164530 0.000055 0.083958 0.083958 1.000000
0.084483 0.084483 0.084483 0.084483 0.084483 0.084483 0.084483 0.084483 0.000000 0.084483 0.028528 0.165518 0.084483 0.084483 0.084483 0.000006 0.165518 0.000055 0.084483 0.067759 1.000000
0.083958 0.083958 0.083958 0.083958 0.083958 0.083958 0.083958 0.083958 0.000000 0.083958 0.028349 0.164530 0.083958 0.083958 0.083958 0.000007 0.164530 0.000055 0.083958 0.083958 1.000000
0.083958 0.083958 0.083958 0.083958 0.083958 0.083958 0.083958 0.083958 0.000000 0.083958 0.028349 0.164530 0.083958 0.083958 0.083958 0.000007 0.164530 0.000055 0.083958 0.083958 1.000000
0.084462 0.084462 0.084462 0.084462 0.084462 0.084462 0.084462 0.084462 0.000000 0.067743 0.028521 0.165480 0.084462 0.084462 0.054284 0.000006 0.165480 0.000055 0.084462 0.084462 1.000000
0.084475 0.084475 0.084475 0.084475 0.084475 0.084475 0.084475 0.084475 0.000000 0.054292 0.028526 0.165503 0.084475 0.084475 0.084475 0.000006 0.165503 0.000055 0.084475 0.084475 1.000000
0.084483 0.084483 0.084483 0.084483 0.084483 0.084483 0.084483 0.084483 0.000000 0.084483 0.028528 0.165518 0.067759 0.084483 0.084483 0.000006 0.165518 0.000055 0.084483 0.084483 1.000000
0.083958 0.083958 0.083958 0.083958 0.083958 0.083958 0.083958 0.083958 0.000000 0.083958 0.028349 0.164530 0.083958 0.083958 0.083958 0.000007 0.164530 0.000055 0.083958 0.083958 1.000000
0.084486 0.084486 0.084486 0.084486 0.084486 0.084486 0.084486 0.084486 0.000000 0.084486 0.044525 0.165523 0.084486 0.084486 0.084486 0.000006 0.165523 0.000055 0.084486 0.067762 1.000000
0.083958 0.083958 0.083958 0.083958 0.083958 0.083958 0.083958 0.083958 0.000000 0.083958 0.028349 0.164530 0.083958 0.083958 0.083958 0.000007 0.164530 0.000055 0.083958 0.083958 1.000000
0.084459 0.084459 0.084459 0.084459 0.084459 0.084459 0.084459 0.084459 0.000000 0.084459 0.028520 0.165474 0.067741 0.084459 0.084459 0.000007 0.133674 0.000055 0.084459 0.084459 1.000000
0.083958 0.083958 0.083958 0.083958 0.083958 0.083958 0.083958 0.083958 0.000000 0.083958 0.028349 0.164530 0.083958 0.083958 0.083958 0.000007 0.164530 0.000055 0.083958 0.083958 1.000000
0.084462 0.084462 0.084462 0.084462 0.084462 0.084462 0.084462 0.084462 0.000000 0.084462 0.055578 0.165478 0.084462 0.084462 0.084462 0.000006 0.000069 0.107626 0.084462 0.084462 1.000000
0.083958 0.083958 0.083958 0.083958 0.083958 0.083958 0.083958 0.083958 0.000000 0.083958 0.028349 0.164530 0.083958 0.083958 0.083958 0.000007 0.164530 0.000055 0.083958 0.083958 1.000000
0.084451 0.084451 0.084451 0.084451 0.084451 0.084451 0.084451 0.084451 0.000000 0.084451 0.028517 0.133661 0.084451 0.084451 0.054277 0.000007 0.165459 0.000055 0.084451 0.084451 1.000000
0.083958 0.083958 0.083958 0.083958 0.083958 0.083958 0.083958 0.083958 0.000000 0.083958 0.028349 0.164530 0.083958 0.083958 0.083958 0.000007 0.164530 0.000055 0.083958 0.083958 1.000000
0.083958 0.083958 0.083958 0.083958 0.083958 0.083958 0.083958 0.083958 0.000000 0.083958 0.028349 0.164530 0.083958 0.083958 0.083958 0.000007 0.164530 0.000055 0.083958 0.083958 1.000000
0.083961 0.083961 0.083961 0.083961 0.083961 0.083961 0.083961 0.083961 0.000000 0.083961 0.044245 0.164535 0.083961 0.083961 0.083961 0.000007 0.164535 0.000055 0.083961 0.083961 1.000000
0.083958 0.083958 0.083958 0.083958 0.083958 0.083958 0.083958 0.083958 0.000000 0.083958 0.028349 0.164530 0.083958 0.083958 0.083958 0.000007 0.164530 0.000055 0.083958 0.083958 1.000000
0.083961 0.083961 0.083961 0.083961 0.083961 0.083961 0.083961 0.083961 0.000000 0.083961 0.044245 0.164535 0.083961 0.083961 0.083961 0.000007 0.164535 0.000055 0.083961 0.083961 1.000000
0.084431 0.084431 0.084431 0.084431 0.084431 0.084431 0.084431 0.084431 0.000000 0.084431 0.069328 0.165421 0.084431 0.084431 0.084431 0.000006 0.000055 0.107588 0.000004 0.084431 1.000000
0.083963 0.083963 0.083963 0.083963 0.083963 0.083963 0.083963 0.083963 0.000000 0.083963 0.055248 0.164540 0.083963 0.083963 0.083963 0.000007 0.164540 0.000044 0.083963 0.083963 1.000000
0.083958 0.083958 0.083958 0.083958 0.083958 0.083958 0.083958 0.083958 0.000000 0.083958 0.028349 0.164530 0.083958 0.083958 0.083958 0.000007 0.164530 0.000055 0.083958 0.083958 1.000000
0.083958 0.083958 0.083958 0.083958 0.083958 0.083958 0.083958 0.083958 0.000000 0.083958 0.028349 0.164530 0.083958 0.083958 0.083958 0.000007 0.164530 0.000055 0.083958 0.083958 1.000000
0.084483 0.084483 0.084483 0.084483 0.084483 0.084483 0.084483 0.084483 0.000000 0.084483 0.028528 0.165518 0.084483 0.084483 0.084483 0.000006 0.165518 0.000055 0.084483 0.067759 1.000000
0.084460 0.084460 0.084460 0.084460 0.084460 0.084460 0.084460 0.084460 0.000000 0.084460 0.028521 0.165476 0.084460 0.084460 0.084460 0.000006 0.165476 0.000055 0.000014 0.084460 1.000000
0.083958 0.083958 0.083958 0.083958 0.083958 0.083958 0.083958 0.083958 0.000000 0.083958 0.028349 0.164530 0.083958 0.083958 0.083958 0.000007 0.164530 0.000055 0.083958 0.083958 1.000000
0.083958 0.083958 0.083958 0.083958 0.083958 0.083958 0.083958 0.083958 0.000000 0.083958 0.028349 0.164530 0.083958 0.083958 0.083958 0.000007 0.164530 0.000055 0.083958 0.083958 1.000000
0.083958 0.083958 0.083958 0.083958 0.083958 0.083958 0.083958 0.083958 0.000000 0.083958 0.028349 0.164530 0.083958 0.083958 0.083958 0.000007 0.164530 0.000055 0.083958 0.083958 1.000000
0.084462 0.084462 0.084462 0.084462 0.084462 0.084462 0.084462 0.084462 0.000000 0.084462 0.055578 0.165478 0.084462 0.084462 0.084462 0.000006 0.000069 0.107626 0.084462 0.084462 1.000000
0.084483 0.084483 0.084483 0.084483 0.084483 0.084483 0.084483 0.084483 0.000000 0.084483 0.028528 0.165518 0.084483 0.084483 0.084483 0.000006 0.165518 0.000055 0.084483 0.067759 1.000000
0.083958 0.083958 0.083958 0.083958 0.083958 0.083958 0.083958 0.083958 0.000000 0.083958 0.028349 0.164530 0.083958 0.083958 0.083958 0.000007 0.164530 0.000055 0.083958 0.083958 1.000000
0.083958 0.083958 0.083958 0.083958 0.083958 0.083958 0.083958 0.083958 0.000000 0.083958 0.028349 0.164530 0.083958 0.083958 0.083958 0.000007 0.164530 0.000055 0.083958 0.083958 1.000000
0.083958 0.083958 0.083958 0.083958 0.083958 0.083958 0.083958 0.083958 0.000000 0.083958 0.028349 0.164530 0.083958 0.083958 0.083958 0.000007 0.164530 0.000055 0.083958 0.083958 1.000000
0.083958 0.083958 0.083958 0.083958 0.083958 0.083958 0.083958 0.083958 0.000000 0.083958 0.028349 0.164530 0.083958 0.083958 0.083958 0.000007 0.164530 0.000055 0.083958 0.083958 1.000000
0.083958 0.083958 0.083958 0.083958 0.083958 0.083958 0.083958 0.083958 0.000000 0.083958 0.028349 0.164530 0.083958 0.083958 0.083958 0.000006 0.164530 0.000044 0.083958 0.083958 1.000000
0.083958 0.083958 0.083958 0.083958 0.083958 0.083958 0.083958 0.083958 0.000000 0.083958 0.028349 0.164530 0.083958 0.083958 0.083958 0.000007 0.164530 0.000055 0.083958 0.083958 1.000000
0.083958 0.083958 0.083958 0.083958 0.083958 0.083958 0.083958 0.083958 0.000000 0.083958 0.028349 0.164530 0.083958 0.083958 0.083958 0.000007 0.164530 0.000055 0.083958 0.083958 1.000000
0.084447 0.084447 0.084447 0.084447 0.084447 0.084447 0.084447 0.084447 0.000000 0.084447 0.035629 0.165451 0.084447 0.084447 0.084447 0.000006 0.086444 0.000086 0.084447 0.084447 1.000000
0.083958 0.083958 0.083958 0.083958 0.083958 0.083958 0.083958 0.083958 0.000000 0.083958 0.028349 0.164530 0.083958 0.083958 0.083958 0.000007 0.164530 0.000055 0.083958 0.083958 1.000000
0.083958 0.083958 0.083958 0.083958 0.083958 0.083958 0.083958 0.083958 0.000000 0.083958 0.028349 0.164530 0.083958 0.083958 0.083958 0.000007 0.164530 0.000055 0.083958 0.083958 1.000000
0.083958 0.083958 0.083958 0.083958 0.083958 0.083958 0.083958 0.083958 0.000000 0.083958 0.028349 0.164530 0.083958 0.083958 0.083958 0.000007 0.164530 0.000055 0.083958 0.083958 1.000000
0.084455 0.084455 0.084455 0.084455 0.084455 0.084455 0.084455 0.084455 0.000000 0.084455 0.022822 0.107619 0.084455 0.084455 0.084455 0.000006 0.165466 0.000044 0.084455 0.084455 1.000000
0.083958 0.083958 0.083958 0.083958 0.083958 0.083958 0.083958 0.083958 0.000000 0.083958 0.028349 0.164530 0.083958 0.083958 0.083958 0.000007 0.164530 0.000055 0.083958 0.083958 1.000000
0.084483 0.084483 0.084483 0.084483 0.084483 0.084483 0.084483 0.084483 0.000000 0.084483 0.028528 0.165518 0.067759 0.084483 0.084483 0.000006 0.165518 0.000055 0.084483 0.084483 1.000000
0.083958 0.083958 0.083958 0.083958 0.083958 0.083958 0.083958 0.083958 0.000000 0.083958 0.028349 0.164530 0.083958 0.083958 0.083958 0.000007 0.164530 0.000055 0.083958 0.083958 1.000000
0.084483 0.084483 0.084483 0.084483 0.084483 0.084483 0.084483 0.084483 0.000000 0.084483 0.028528 0.165518 0.084483 0.084483 0.067759 0.000006 0.165518 0.000055 0.084483 0.084483 1.000000
0.083958 0.083958 0.083958 0.083958 0.083958 0.083958 0.083958 0.083958 0.000000 0.083958 0.028349 0.164530 0.083958 0.083958 0.083958 0.000007 0.164530 0.000055 0.083958 0.083958 1.000000
0.083958 0.083958 0.083958 0.083958 0.083958 0.083958 0.083958 0.083958 0.000000 0.083958 0.028349 0.164530 0.083958 0.083958 0.083958 0.000007 0.164530 0.000055 0.083958 0.083958 1.000000
0.083958 0.083958 0.083958 0.083958 0.083958 0.083958 0.083958 0.083958 0.000000 0.083958 0.028349 0.164530 0.083958 0.083958 0.083958 0.000007 0.164530 0.000055 0.083958 0.083958 1.000000
0.083958 0.083958 0.083958 0.083958 0.083958 0.083958 0.083958 0.083958 0.000000 0.083958 0.028349 0.164530 0.083958 0.083958 0.083958 0.000007 0.164530 0.000055 0.083958 0.083958 1.000000
0.084050 0.084050 0.084050 0.084050 0.084050 0.084050 0.084050 0.084050 0.000000 0.084050 0.107106 0.164703 0.084050 0.084050 0.084050 0.000000 0.164703 0.164703 0.084050 0.084050 1.000000
0.083963 0.083963 0.083963 0.083963 0.083963 0.083963 0.083963 0.083963 0.000000 0.083963 0.055248 0.164540 0.083963 0.083963 0.083963 0.000007 0.164540 0.000044 0.083963 0.083963 1.000000
0.083958 0.083958 0.083958 0.083958 0.083958 0.083958 0.083958 0.083958 0.000000 0.083958 0.028349 0.164530 0.083958 0.083958 0.083958 0.000007 0.164530 0.000055 0.083958 0.083958 1.000000
0.084465 0.084465 0.084465 0.084465 0.084465 0.084465 0.084465 0.084465 0.000000 0.084465 0.055580 0.133682 0.084465 0.067745 0.084465 0.000006 0.165484 0.000055 0.084465 0.084465 1.000000
0.083958 0.083958 0.083958 0.083958 0.083958 0.083958 0.083958 0.083958 0.000000 0.083958 0.028349 0.164530 0.083958 0.083958 0.083958 0.000007 0.164530 0.000055 0.083958 0.083958 1.000000
0.083958 0.083958 0.083958 0.083958 0.083958 0.083958 0.083958 0.083958 0.000000 0.083958 0.028349 0.164530 0.083958 0.083958 0.083958 0.000007 0.164530 0.000055 0.083958 0.083958 1.000000
0.083958 0.083958 0.083958 0.083958 0.083958 0.083958 0.083958 0.083958 0.000000 0.083958 0.028349 0.164530 0.083958 0.083958 0.083958 0.000007 0.164530 0.000055 0.083958 0.083958 1.000000
0.083958 0.083958 0.083958 0.083958 0.083958 0.083958 0.083958 0.083958 0.000000 0.083958 0.028349 0.164530 0.083958 0.083958 0.083958 0.000007 0.164530 0.000055 0.083958 0.083958 1.000000
0.083958 0.083958 0.083958 0.083958 0.083958 0.083958 0.083958 0.083958 0.000000 0.083958 0.028349 0.164530 0.083958 0.083958 0.083958 0.000007 0.164530 0.000055 0.083958 0.083958 1.000000
0.083957 0.083957 0.083957 0.083957 0.083957 0.083957 0.083957 0.083957 0.000000 0.083957 0.022685 0.164529 0.083957 0.083957 0.083957 0.000006 0.164529 0.000055 0.083957 0.083957 1.000000
0.084473 0.084473 0.084473 0.084473 0.084473 0.084473 0.084473 0.084473 0.000000 0.084473 0.035640 0.133694 0.084473 0.084473 0.084473 0.000006 0.165499 0.000055 0.084473 0.084473 1.000000
0.083958 0.083958 0.083958 0.083958 0.083958 0.083958 0.083958 0.083958 0.000000 0.083958 0.028349 0.164530 0.083958 0.083958 0.083958 0.000007 0.164530 0.000055 0.083958 0.083958 1.000000
0.083958 0.083958 0.083958 0.083958 0.083958 0.083958 0.083958 0.083958 0.000000 0.083958 0.028349 0.164530 0.083958 0.083958 0.083958 0.000007 0.164530 0.000055 0.083958 0.083958 1.000000
0.083958 0.083958 0.083958 0.083958 0.083958 0.083958 0.083958 0.083958 0.000000 0.083958 0.028349 0.164530 0.083958 0.083958 0.083958 0.000007 0.164530 0.000055 0.083958 0.083958 1.000000
0.083958 0.083958 0.083958 0.083958 0.083958 0.083958 0.083958 0.083958 0.000000 0.083958 0.028349 0.164530 0.083958 0.083958 0.083958 0.000007 0.164530 0.000055 0.083958 0.083958 1.000000
0.083958 0.083958 0.083958 0.083958 0.083958 0.083958 0.083958 0.083958 0.000000 0.083958 0.028349 0.164530 0.083958 0.083958 0.083958 0.000007 0.164530 0.000055 0.083958 0.083958 1.000000
0.084460 0.084460 0.084460 0.084460 0.084460 0.084460 0.084460 0.084460 0.000000 0.084460 0.028521 0.165476 0.084460 0.084460 0.084460 0.000006 0.165476 0.000055 0.000022 0.084460 1.000000
0.083958 0.083958 0.083958 0.083958 0.083958 0.083958 0.083958 0.083958 0.000000 0.083958 0.028349 0.164530 0.083958 0.083958 0.083958 0.000007 0.164530 0.000055 0.083958 0.083958 1.000000
0.083958 0.083958 0.083958 0.083958 0.083958 0.083958 0.083958 0.083958 0.000000 0.083958 0.028349 0.164530 0.083958 0.083958 0.083958 0.000007 0.164530 0.000055 0.083958 0.083958 1.000000
0.083958 0.083958 0.083958 0.083958 0.083958 0.083958 0.083958 0.083958 0.000000 0.083958 0.028349 0.164530 0.083958 0.083958 0.083958 0.000007 0.164530 0.000055 0.083958 0.083958 1.000000
0.084472 0.084472 0.084472 0.084472 0.084472 0.084472 0.084472 0.084472 0.000000 0.084472 0.028524 0.133693 0.084472 0.084472 0.084472 0.000007 0.165497 0.000055 0.084472 0.084472 1.000000
0.084456 0.084456 0.084456 0.084456 0.084456 0.084456 0.084456 0.084456 0.000000 0.084456 0.028519 0.165468 0.084456 0.084456 0.084456 0.000006 0.107619 0.000055 0.084456 0.084456 1.000000
0.083958 0.083958 0.083958 0.083958 0.083958 0.083958 0.083958 0.083958 0.000000 0.083958 0.028349 0.164530 0.083958 0.083958 0.083958 0.000007 0.164530 0.000055 0.083958 0.083958 1.000000
0.084473 0.084473 0.084473 0.084473 0.084473 0.084473 0.084473 0.084473 0.000000 0.084473 0.035640 0.133694 0.084473 0.084473 0.084473 0.000006 0.165499 0.000055 0.084473 0.084473 1.000000
0.083958 0.083958 0.083958 0.083958 0.083958 0.083958 0.083958 0.083958 0.000000 0.083958 0.028349 0.164530 0.083958 0.083958 0.083958 0.000007 0.164530 0.000055 0.083958 0.083958 1.000000
0.083958 0.083958 0.083958 0.083958 0.083958 0.083958 0.083958 0.083958 0.000000 0.083958 0.028349 0.164530 0.083958 0.083958 0.083958 0.000007 0.164530 0.000055 0.083958 0.083958 1.000000
0.083958 0.083958 0.083958 0.083958 0.083958 0.083958 0.083958 0.083958 0.000000 0.083958 0.028349 0.164530 0.083958 0.083958 0.083958 0.000007 0.164530 0.000055 0.083958 0.083958 1.000000
0.083958 0.083958 0.083958 0.083958 0.083958 0.083958 0.083958 0.083958 0.000000 0.083958 0.028349 0.164530 0.083958 0.083958 0.083958 0.000007 0.164530 0.000055 0.083958 0.083958 1.000000
0.083958 0.083958 0.083958 0.083958 0.083958 0.083958 0.083958 0.083958 0.000000 0.083958 0.028349 0.164530 0.083958 0.083958 0.083958 0.000007 0.164530 0.000055 0.083958 0.083958 1.000000
0.084484 0.084484 0.084484 0.084484 0.084484 0.084484 0.084484 0.084484 0.000000 0.067760 0.035644 0.165520 0.084484 0.084484 0.084484 0.000006 0.165520 0.000044 0.084484 0.084484 1.000000
0.084472 0.084472 0.084472 0.084472 0.084472 0.084472 0.084472 0.084472 0.000000 0.084472 0.028524 0.133693 0.084472 0.084472 0.084472 0.000007 0.165497 0.000055 0.084472 0.084472 1.000000
0.083958 0.083958 0.083958 0.083958 0.083958 0.083958 0.083958 0.083958 0.000000 0.083958 0.028349 0.164530 0.083958 0.083958 0.083958 0.000007 0.164530 0.000055 0.083958 0.083958 1.000000
0.083959 0.083959 0.083959 0.083959 0.083959 0.083959 0.083959 0.083959 0.000000 0.083959 0.035420 0.164532 0.083959 0.083959 0.083959 0.000007 0.164532 0.000044 0.083959 0.083959 1.000000
0.083959 0.083959 0.083959 0.083959 0.083959 0.083959 0.083959 0.083959 0.000000 0.083959 0.035420 0.164532 0.083959 0.083959 0.083959 0.000007 0.164532 0.000044 0.083959 0.083959 1.000000
0.083959 0.083959 0.083959 0.083959 0.083959 0.083959 0.083959 0.083959 0.000000 0.083959 0.035420 0.164532 0.083959 0.083959 0.083959 0.000007 0.164532 0.000044 0.083959 0.083959 1.000000
0.083959 0.083959 0.083959 0.083959 0.083959 0.083959 0.083959 0.083959 0.000000 0.083959 0.035420 0.164532 0.083959 0.083959 0.083959 0.000007 0.164532 0.000044 0.083959 0.083959 1.000000
0.083959 0.083959 0.083959 0.083959 0.083959 0.083959 0.083959 0.083959 0.000000 0.083959 0.035420 0.164532 0.083959 0.083959 0.083959 0.000007 0.164532 0.000044 0.083959 0.083959 1.000000
0.083959 0.083959 0.083959 0.083959 0.083959 0.083959 0.083959 0.083959 0.000000 0.083959 0.035420 0.164532 0.083959 0.083959 0.083959 0.000007 0.164532 0.000044 0.083959 0.083959 1.000000
0.083959 0.083959 0.083959 0.083959 0.083959 0.083959 0.083959 0.083959 0.000000 0.083959 0.035420 0.164532 0.083959 0.083959 0.083959 0.000007 0.164532 0.000044 0.083959 0.083959 1.000000
0.084484 0.084484 0.084484 0.084484 0.084484 0.084484 0.084484 0.084484 0.000000 0.084484 0.035644 0.165520 0.084484 0.084484 0.084484 0.000006 0.165520 0.000044 0.084484 0.067760 1.000000
0.083958 0.083958 0.083958 0.083958 0.083958 0.083958 0.083958 0.083958 0.000000 0.083958 0.028349 0.164530 0.083958 0.083958 0.083958 0.000006 0.164530 0.000044 0.083958 0.083958 1.000000
0.083959 0.083959 0.083959 0.083959 0.083959 0.083959 0.083959 0.083959 0.000000 0.083959 0.035420 0.164532 0.083959 0.083959 0.083959 0.000007 0.164532 0.000044 0.083959 0.083959 1.000000
0.083959 0.083959 0.083959 0.083959 0.083959 0.083959 0.083959 0.083959 0.000000 0.083959 0.035420 0.164532 0.083959 0.083959 0.083959 0.000007 0.164532 0.000044 0.083959 0.083959 1.000000
0.083959 0.083959 0.083959 0.083959 0.083959 0.083959 0.083959 0.083959 0.000000 0.083959 0.035420 0.164532 0.083959 0.083959 0.083959 0.000007 0.164532 0.000044 0.083959 0.083959 1.000000
0.083959 0.083959 0.083959 0.083959 0.083959 0.083959 0.083959 0.083959 0.000000 0.083959 0.035420 0.164532 0.083959 0.083959 0.083959 0.000007 0.164532 0.000044 0.083959 0.083959 1.000000
0.083959 0.083959 0.083959 0.083959 0.083959 0.083959 0.083959 0.083959 0.000000 0.083959 0.035420 0.164532 0.083959 0.083959 0.083959 0.000007 0.164532 0.000044 0.083959 0.083959 1.000000
0.083959 0.083959 0.083959 0.083959 0.083959 0.083959 0.083959 0.083959 0.000000 0.083959 0.035420 0.164532 0.083959 0.083959 0.083959 0.000007 0.164532 0.000044 0.083959 0.083959 1.000000
0.083959 0.083959 0.083959 0.083959 0.083959 0.083959 0.083959 0.083959 0.000000 0.083959 0.035420 0.164532 0.083959 0.083959 0.083959 0.000007 0.164532 0.000044 0.083959 0.083959 1.000000
0.084457 0.084457 0.084457 0.084457 0.084457 0.084457 0.084457 0.084457 0.000000 0.084457 0.035633 0.165470 0.084457 0.084457 0.084457 0.000006 0.107621 0.000069 0.084457 0.084457 1.000000
0.083959 0.083959 0.083959 0.083959 0.083959 0.083959 0.083959 0.083959 0.000000 0.083959 0.035420 0.164532 0.083959 0.083959 0.083959 0.000007 0.164532 0.000044 0.083959 0.083959 1.000000
0.083959 0.083959 0.083959 0.083959 0.083959 0.083959 0.083959 0.083959 0.000000 0.083959 0.035420 0.164532 0.083959 0.083959 0.083959 0.000007 0.164532 0.000044 0.083959 0.083959 1.000000
0.083959 0.083959 0.083959 0.083959 0.083959 0.083959 0.083959 0.083959 0.000000 0.083959 0.035420 0.164532 0.083959 0.083959 0.083959 0.000007 0.164532 0.000044 0.083959 0.083959 1.000000
0.083959 0.083959 0.083959 0.083959 0.083959 0.083959 0.083959 0.083959 0.000000 0.083959 0.035420 0.164532 0.083959 0.083959 0.083959 0.000007 0.164532 0.000044 0.083959 0.083959 1.000000
0.083959 0.083959 0.083959 0.083959 0.083959 0.083959 0.083959 0.083959 0.000000 0.083959 0.035420 0.164532 0.083959 0.083959 0.083959 0.000007 0.164532 0.000044 0.083959 0.083959 1.000000
0.083959 0.083959 0.083959 0.083959 0.083959 0.083959 0.083959 0.083959 0.000000 0.083959 0.035420 0.164532 0.083959 0.083959 0.083959 0.000007 0.164532 0.000044 0.083959 0.083959 1.000000
0.083959 0.083959 0.083959 0.083959 0.083959 0.083959 0.083959 0.083959 0.000000 0.083959 0.035420 0.164532 0.083959 0.083959 0.083959 0.000007 0.164532 0.000044 0.083959 0.083959 1.000000
0.083959 0.083959 0.083959 0.083959 0.083959 0.083959 0.083959 0.083959 0.000000 0.083959 0.035420 0.164532 0.083959 0.083959 0.083959 0.000007 0.164532 0.000044 0.083959 0.083959 1.000000
0.083959 0.083959 0.083959 0.083959 0.083959 0.083959 0.083959 0.083959 0.000000 0.083959 0.035420 0.164532 0.083959 0.083959 0.083959 0.000007 0.164532 0.000044 0.083959 0.083959 1.000000
0.083959 0.083959 0.083959 0.083959 0.083959 0.083959 0.083959 0.083959 0.000000 0.083959 0.035420 0.164532 0.083959 0.083959 0.083959 0.000007 0.164532 0.000044 0.083959 0.083959 1.000000
0.083959 0.083959 0.083959 0.083959 0.083959 0.083959 0.083959 0.083959 0.000000 0.083959 0.035420 0.164532 0.083959 0.083959 0.083959 0.000007 0.164532 0.000044 0.083959 0.083959 1.000000
0.083959 0.083959 0.083959 0.083959 0.083959 0.083959 0.083959 0.083959 0.000000 0.083959 0.035420 0.164532 0.083959 0.083959 0.083959 0.000007 0.164532 0.000044 0.083959 0.083959 1.000000
0.083959 0.083959 0.083959 0.083959 0.083959 0.083959 0.083959 0.083959 0.000000 0.083959 0.035420 0.164532 0.083959 0.083959 0.083959 0.000007 0.164532 0.000044 0.083959 0.083959 1.000000
0.083959 0.083959 0.083959 0.083959 0.083959 0.083959 0.083959 0.083959 0.000000 0.083959 0.035420 0.164532 0.083959 0.083959 0.083959 0.000007 0.164532 0.000044 0.083959 0.083959 1.000000
0.083959 0.083959 0.083959 0.083959 0.083959 0.083959 0.083959 0.083959 0.000000 0.083959 0.035420 0.164532 0.083959 0.083959 0.083959 0.000007 0.164532 0.000044 0.083959 0.083959 1.000000
0.084484 0.084484 0.084484 0.084484 0.084484 0.084484 0.084484 0.084484 0.000000 0.084484 0.035644 0.165520 0.084484 0.084484 0.084484 0.000006 0.165520 0.000044 0.084484 0.067760 1.000000
0.083959 0.083959 0.083959 0.083959 0.083959 0.083959 0.083959 0.083959 0.000000 0.083959 0.035420 0.164532 0.083959 0.083959 0.083959 0.000007 0.164532 0.000044 0.083959 0.083959 1.000000
0.083959 0.083959 0.083959 0.083959 0.083959 0.083959 0.083959 0.083959 0.000000 0.083959 0.035420 0.164532 0.083959 0.083959 0.083959 0.000007 0.164532 0.000044 0.083959 0.083959 1.000000
0.083959 0.083959 0.083959 0.083959 0.083959 0.083959 0.083959 0.083959 0.000000 0.083959 0.035420 0.164532 0.083959 0.083959 0.083959 0.000007 0.164532 0.000044 0.083959 0.083959 1.000000
0.083959 0.083959 0.083959 0.083959 0.083959 0.083959 0.083959 0.083959 0.000000 0.083959 0.035420 0.164532 0.083959 0.083959 0.083959 0.000007 0.164532 0.000044 0.083959 0.083959 1.000000
0.083959 0.083959 0.083959 0.083959 0.083959 0.083959 0.083959 0.083959 0.000000 0.083959 0.035420 0.164532 0.083959 0.083959 0.083959 0.000007 0.164532 0.000044 0.083959 0.083959 1.000000
0.083959 0.083959 0.083959 0.083959 0.083959 0.083959 0.083959 0.083959 0.000000 0.083959 0.035420 0.164532 0.083959 0.083959 0.083959 0.000007 0.164532 0.000044 0.083959 0.083959 1.000000
0.083959 0.083959 0.083959 0.083959 0.083959 0.083959 0.083959 0.083959 0.000000 0.083959 0.035420 0.164532 0.083959 0.083959 0.083959 0.000007 0.164532 0.000044 0.083959 0.083959 1.000000
0.083959 0.083959 0.083959 0.083959 0.083959 0.083959 0.083959 0.083959 0.000000 0.083959 0.035420 0.164532 0.083959 0.083959 0.083959 0.000007 0.164532 0.000044 0.083959 0.083959 1.000000
0.083959 0.083959 0.083959 0.083959 0.083959 0.083959 0.083959 0.083959 0.000000 0.083959 0.035420 0.164532 0.083959 0.083959 0.083959 0.000007 0.164532 0.000044 0.083959 0.083959 1.000000
0.083959 0.083959 0.083959 0.083959 0.083959 0.083959 0.083959 0.083959 0.000000 0.083959 0.035420 0.164532 0.083959 0.083959 0.083959 0.000007 0.164532 0.000044 0.083959 0.083959 1.000000
0.083959 0.083959 0.083959 0.083959 0.083959 0.083959 0.083959 0.083959 0.000000 0.083959 0.035420 0.164532 0.083959 0.083959 0.083959 0.000007 0.164532 0.000044 0.083959 0.083959 1.000000
0.083959 0.083959 0.083959 0.083959 0.083959 0.083959 0.083959 0.083959 0.000000 0.083959 0.035420 0.164532 0.083959 0.083959 0.083959 0.000007 0.164532 0.000044 0.083959 0.083959 1.000000
0.083959 0.083959 0.083959 0.083959 0.083959 0.083959 0.083959 0.083959 0.000000 0.083959 0.035420 0.164532 0.083959 0.083959 0.083959 0.000007 0.164532 0.000044 0.083959 0.083959 1.000000
0.083959 0.083959 0.083959 0.083959 0.083959 0.083959 0.083959 0.083959 0.000000 0.083959 0.035420 0.164532 0.083959 0.083959 0.083959 0.000007 0.164532 0.000044 0.083959 0.083959 1.000000
0.083959 0.083959 0.083959 0.083959 0.083959 0.083959 0.083959 0.083959 0.000000 0.083959 0.035420 0.164532 0.083959 0.083959 0.083959 0.000007 0.164532 0.000044 0.083959 0.083959 1.000000
0.083959 0.083959 0.083959 0.083959 0.083959 0.083959 0.083959 0.083959 0.000000 0.083959 0.035420 0.164532 0.083959 0.083959 0.083959 0.000007 0.164532 0.000044 0.083959 0.083959 1.000000
0.083959 0.083959 0.083959 0.083959 0.083959 0.083959 0.083959 0.083959 0.000000 0.083959 0.035420 0.164532 0.083959 0.083959 0.083959 0.000007 0.164532 0.000044 0.083959 0.083959 1.000000
0.083959 0.083959 0.083959 0.083959 0.083959 0.083959 0.083959 0.083959 0.000000 0.083959 0.035420 0.164532 0.083959 0.083959 0.083959 0.000007 0.164532 0.000044 0.083959 0.083959 1.000000
0.083959 0.083959 0.083959 0.083959 0.083959 0.083959 0.083959 0.083959 0.000000 0.083959 0.035420 0.164532 0.083959 0.083959 0.083959 0.000007 0.164532 0.000044 0.083959 0.083959 1.000000
0.083959 0.083959 0.083959 0.083959 0.083959 0.083959 0.083959 0.083959 0.000000 0.083959 0.035420 0.164532 0.083959 0.083959 0.083959 0.000007 0.164532 0.000044 0.083959 0.083959 1.000000
0.083959 0.083959 0.083959 0.083959 0.083959 0.083959 0.083959 0.083959 0.000000 0.083959 0.035420 0.164532 0.083959 0.083959 0.083959 0.000007 0.164532 0.000044 0.083959 0.083959 1.000000
0.083959 0.083959 0.083959 0.083959 0.083959 0.083959 0.083959 0.083959 0.000000 0.083959 0.035420 0.164532 0.083959 0.083959 0.083959 0.000007 0.164532 0.000044 0.083959 0.083959 1.000000
0.083959 0.083959 0.083959 0.083959 0.083959 0.083959 0.083959 0.083959 0.000000 0.083959 0.035420 0.164532 0.083959 0.083959 0.083959 0.000007 0.164532 0.000044 0.083959 0.083959 1.000000
0.083959 0.083959 0.083959 0.083959 0.083959 0.083959 0.083959 0.083959 0.000000 0.083959 0.035420 0.164532 0.083959 0.083959 0.083959 0.000007 0.164532 0.000044 0.083959 0.083959 1.000000
0.083959 0.083959 0.083959 0.083959 0.083959 0.083959 0.083959 0.083959 0.000000 0.083959 0.035420 0.164532 0.083959 0.083959 0.083959 0.000007 0.164532 0.000044 0.083959 0.083959 1.000000
0.083959 0.083959 0.083959 0.083959 0.083959 0.083959 0.083959 0.083959 0.000000 0.083959 0.035420 0.164532 0.083959 0.083959 0.083959 0.000007 0.164532 0.000044 0.083959 0.083959 1.000000
0.083959 0.083959 0.083959 0.083959 0.083959 0.083959 0.083959 0.083959 0.000000 0.083959 0.035420 0.164532 0.083959 0.083959 0.083959 0.000007 0.164532 0.000044 0.083959 0.083959 1.000000
0.083959 0.083959 0.083959 0.083959 0.083959 0.083959 0.083959 0.083959 0.000000 0.083959 0.035420 0.164532 0.083959 0.083959 0.083959 0.000007 0.164532 0.000044 0.083959 0.083959 1.000000
0.083959 0.083959 0.083959 0.083959 0.083959 0.083959 0.083959 0.083959 0.000000 0.083959 0.035420 0.164532 0.083959 0.083959 0.083959 0.000007 0.164532 0.000044 0.083959 0.083959 1.000000
0.083959 0.083959 0.083959 0.083959 0.083959 0.083959 0.083959 0.083959 0.000000 0.083959 0.035420 0.164532 0.083959 0.083959 0.083959 0.000007 0.164532 0.000044 0.083959 0.083959 1.000000
0.083959 0.083959 0.083959 0.083959 0.083959 0.083959 0.083959 0.083959 0.000000 0.083959 0.035420 0.164532 0.083959 0.083959 0.083959 0.000007 0.164532 0.000044 0.083959 0.083959 1.000000
0.083959 0.083959 0.083959 0.083959 0.083959 0.083959 0.083959 0.083959 0.000000 0.083959 0.035420 0.164532 0.083959 0.083959 0.083959 0.000007 0.164532 0.000044 0.083959 0.083959 1.000000
0.083959 0.083959 0.083959 0.083959 0.083959 0.083959 0.083959 0.083959 0.000000 0.083959 0.035420 0.164532 0.083959 0.083959 0.083959 0.000007 0.164532 0.000044 0.083959 0.083959 1.000000
0.083959 0.083959 0.083959 0.083959 0.083959 0.083959 0.083959 0.083959 0.000000 0.083959 0.035420 0.164532 0.083959 0.083959 0.083959 0.000007 0.164532 0.000044 0.083959 0.083959 1.000000
0.083959 0.083959 0.083959 0.083959 0.083959 0.083959 0.083959 0.083959 0.000000 0.083959 0.035420 0.164532 0.083959 0.083959 0.083959 0.000007 0.164532 0.000044 0.083959 0.083959 1.000000
0.083959 0.083959 0.083959 0.083959 0.083959 0.083959 0.083959 0.083959 0.000000 0.083959 0.035420 0.164532 0.083959 0.083959 0.083959 0.000007 0.164532 0.000044 0.083959 0.083959 1.000000
0.083959 0.083959 0.083959 0.083959 0.083959 0.083959 0.083959 0.083959 0.000000 0.083959 0.035420 0.164532 0.083959 0.083959 0.083959 0.000007 0.164532 0.000044 0.083959 0.083959 1.000000
0.083959 0.083959 0.083959 0.083959 0.083959 0.083959 0.083959 0.083959 0.000000 0.083959 0.035420 0.164532 0.083959 0.083959 0.083959 0.000007 0.164532 0.000044 0.083959 0.083959 1.000000
0.083959 0.083959 0.083959 0.083959 0.083959 0.083959 0.083959 0.083959 0.000000 0.083959 0.035420 0.164532 0.083959 0.083959 0.083959 0.000007 0.164532 0.000044 0.083959 0.083959 1.000000
0.083959 0.083959 0.083959 0.083959 0.083959 0.083959 0.083959 0.083959 0.000000 0.083959 0.035420 0.164532 0.083959 0.083959 0.083959 0.000007 0.164532 0.000044 0.083959 0.083959 1.000000
0.083959 0.083959 0.083959 0.083959 0.083959 0.083959 0.083959 0.083959 0.000000 0.083959 0.035420 0.164532 0.083959 0.083959 0.083959 0.000007 0.164532 0.000044 0.083959 0.083959 1.000000
0.083959 0.083959 0.083959 0.083959 0.083959 0.083959 0.083959 0.083959 0.000000 0.083959 0.035420 0.164532 0.083959 0.083959 0.083959 0.000007 0.164532 0.000044 0.083959 0.083959 1.000000
0.083959 0.083959 0.083959 0.083959 0.083959 0.083959 0.083959 0.083959 0.000000 0.083959 0.035420 0.164532 0.083959 0.083959 0.083959 0.000007 0.164532 0.000044 0.083959 0.083959 1.000000
0.083959 0.083959 0.083959 0.083959 0.083959 0.083959 0.083959 0.083959 0.000000 0.083959 0.035420 0.164532 0.083959 0.083959 0.083959 0.000007 0.164532 0.000044 0.083959 0.083959 1.000000
0.083959 0.083959 0.083959 0.083959 0.083959 0.083959 0.083959 0.083959 0.000000 0.083959 0.035420 0.164532 0.083959 0.083959 0.083959 0.000007 0.164532 0.000044 0.083959 0.083959 1.000000
0.083959 0.083959 0.083959 0.083959 0.083959 0.083959 0.083959 0.083959 0.000000 0.083959 0.035420 0.164532 0.083959 0.083959 0.083959 0.000007 0.164532 0.000044 0.083959 0.083959 1.000000
0.083959 0.083959 0.083959 0.083959 0.083959 0.083959 0.083959 0.083959 0.000000 0.083959 0.035420 0.164532 0.083959 0.083959 0.083959 0.000007 0.164532 0.000044 0.083959 0.083959 1.000000
0.083959 0.083959 0.083959 0.083959 0.083959 0.083959 0.083959 0.083959 0.000000 0.083959 0.035420 0.164532 0.083959 0.083959 0.083959 0.000007 0.164532 0.000044 0.083959 0.083959 1.000000
0.083959 0.083959 0.083959 0.083959 0.083959 0.083959 0.083959 0.083959 0.000000 0.083959 0.035420 0.164532 0.083959 0.083959 0.083959 0.000007 0.164532 0.000044 0.083959 0.083959 1.000000
0.083959 0.083959 0.083959 0.083959 0.083959 0.083959 0.083959 0.083959 0.000000 0.083959 0.035420 0.164532 0.083959 0.083959 0.083959 0.000007 0.164532 0.000044 0.083959 0.083959 1.000000
0.083959 0.083959 0.083959 0.083959 0.083959 0.083959 0.083959 0.083959 0.000000 0.083959 0.035420 0.164532 0.083959 0.083959 0.083959 0.000007 0.164532 0.000044 0.083959 0.083959 1.000000
0.083959 0.083959 0.083959 0.083959 0.083959 0.083959 0.083959 0.083959 0.000000 0.083959 0.035420 0.164532 0.083959 0.083959 0.083959 0.000007 0.164532 0.000044 0.083959 0.083959 1.000000
0.084088 0.084088 0.084088 0.084088 0.084088 0.084088 0.084088 0.084088 0.000000 0.084088 0.164775 0.164775 0.084088 0.084088 0.084088 0.000000 0.164775 0.164775 0.084088 0.084088 1.000000
0.083959 0.083959 0.083959 0.083959 0.083959 0.083959 0.083959 0.083959 0.000000 0.083959 0.035420 0.164532 0.083959 0.083959 0.083959 0.000007 0.164532 0.000044 0.083959 0.083959 1.000000
0.083959 0.083959 0.083959 0.083959 0.083959 0.083959 0.083959 0.083959 0.000000 0.083959 0.035420 0.164532 0.083959 0.083959 0.083959 0.000007 0.164532 0.000044 0.083959 0.083959 1.000000
0.083959 0.083959 0.083959 0.083959 0.083959 0.083959 0.083959 0.083959 0.000000 0.083959 0.035420 0.164532 0.083959 0.083959 0.083959 0.000007 0.164532 0.000044 0.083959 0.083959 1.000000
0.083959 0.083959 0.083959 0.083959 0.083959 0.083959 0.083959 0.083959 0.000000 0.083959 0.035420 0.164532 0.083959 0.083959 0.083959 0.000007 0.164532 0.000044 0.083959 0.083959 1.000000
0.083959 0.083959 0.083959 0.083959 0.083959 0.083959 0.083959 0.083959 0.000000 0.083959 0.035420 0.164532 0.083959 0.083959 0.083959 0.000007 0.164532 0.000044 0.083959 0.083959 1.000000
0.083959 0.083959 0.083959 0.083959 0.083959 0.083959 0.083959 0.083959 0.000000 0.083959 0.035420 0.164532 0.083959 0.083959 0.083959 0.000007 0.164532 0.000044 0.083959 0.083959 1.000000
0.083959 0.083959 0.083959 0.083959 0.083959 0.083959 0.083959 0.083959 0.000000 0.083959 0.035420 0.164532 0.083959 0.083959 0.083959 0.000007 0.164532 0.000044 0.083959 0.083959 1.000000
0.083959 0.083959 0.083959 0.083959 0.083959 0.083959 0.083959 0.083959 0.000000 0.083959 0.035420 0.164532 0.083959 0.083959 0.083959 0.000007 0.164532 0.000044 0.083959 0.083959 1.000000
0.083959 0.083959 0.083959 0.083959 0.083959 0.083959 0.083959 0.083959 0.000000 0.083959 0.035420 0.164532 0.083959 0.083959 0.083959 0.000007 0.164532 0.000044 0.083959 0.083959 1.000000
0.083959 0.083959 0.083959 0.083959 0.083959 0.083959 0.083959 0.083959 0.000000 0.083959 0.035420 0.164532 0.083959 0.083959 0.083959 0.000007 0.164532 0.000044 0.083959 0.083959 1.000000
0.083959 0.083959 0.083959 0.083959 0.083959 0.083959 0.083959 0.083959 0.000000 0.083959 0.035420 0.164532 0.083959 0.083959 0.083959 0.000007 0.164532 0.000044 0.083959 0.083959 1.000000
0.083959 0.083959 0.083959 0.083959 0.083959 0.083959 0.083959 0.083959 0.000000 0.083959 0.035420 0.164532 0.083959 0.083959 0.083959 0.000007 0.164532 0.000044 0.083959 0.083959 1.000000
0.083959 0.083959 0.083959 0.083959 0.083959 0.083959 0.083959 0.083959 0.000000 0.083959 0.035420 0.164532 0.083959 0.083959 0.083959 0.000007 0.164532 0.000044 0.083959 0.083959 1.000000
0.083959 0.083959 0.083959 0.083959 0.083959 0.083959 0.083959 0.083959 0.000000 0.083959 0.035420 0.164532 0.083959 0.083959 0.083959 0.000007 0.164532 0.000044 0.083959 0.083959 1.000000
0.083959 0.083959 0.083959 0.083959 0.083959 0.083959 0.083959 0.083959 0.000000 0.083959 0.035420 0.164532 0.083959 0.083959 0.083959 0.000007 0.164532 0.000044 0.083959 0.083959 1.000000
0.083959 0.083959 0.083959 0.083959 0.083959 0.083959 0.083959 0.083959 0.000000 0.083959 0.035420 0.164532 0.083959 0.083959 0.083959 0.000007 0.164532 0.000044 0.083959 0.083959 1.000000
0.083959 0.083959 0.083959 0.083959 0.083959 0.083959 0.083959 0.083959 0.000000 0.083959 0.035420 0.164532 0.083959 0.083959 0.083959 0.000007 0.164532 0.000044 0.083959 0.083959 1.000000
0.083959 0.083959 0.083959 0.083959 0.083959 0.083959 0.083959 0.083959 0.000000 0.083959 0.035420 0.164532 0.083959 0.083959 0.083959 0.000007 0.164532 0.000044 0.083959 0.083959 1.000000
0.083959 0.083959 0.083959 0.083959 0.083959 0.083959 0.083959 0.083959 0.000000 0.083959 0.035420 0.164532 0.083959 0.083959 0.083959 0.000007 0.164532 0.000044 0.083959 0.083959 1.000000
0.083959 0.083959 0.083959 0.083959 0.083959 0.083959 0.083959 0.083959 0.000000 0.083959 0.035420 0.164532 0.083959 0.083959 0.083959 0.000007 0.164532 0.000044 0.083959 0.083959 1.000000
0.083959 0.083959 0.083959 0.083959 0.083959 0.083959 0.083959 0.083959 0.000000 0.083959 0.035420 0.164532 0.083959 0.083959 0.083959 0.000007 0.164532 0.000044 0.083959 0.083959 1.000000
0.083959 0.083959 0.083959 0.083959 0.083959 0.083959 0.083959 0.083959 0.000000 0.083959 0.035420 0.164532 0.083959 0.083959 0.083959 0.000007 0.164532 0.000044 0.083959 0.083959 1.000000
0.083959 0.083959 0.083959 0.083959 0.083959 0.083959 0.083959 0.083959 0.000000 0.083959 0.035420 0.164532 0.083959 0.083959 0.083959 0.000007 0.164532 0.000044 0.083959 0.083959 1.000000
0.083959 0.083959 0.083959 0.083959 0.083959 0.083959 0.083959 0.083959 0.000000 0.083959 0.035420 0.164532 0.083959 0.083959 0.083959 0.000007 0.164532 0.000044 0.083959 0.083959 1.000000
0.083959 0.083959 0.083959 0.083959 0.083959 0.083959 0.083959 0.083959 0.000000 0.083959 0.035420 0.164532 0.083959 0.083959 0.083959 0.000007 0.164532 0.000044 0.083959 0.083959 1.000000
0.083959 0.083959 0.083959 0.083959 0.083959 0.083959 0.083959 0.083959 0.000000 0.083959 0.035420 0.164532 0.083959 0.083959 0.083959 0.000007 0.164532 0.000044 0.083959 0.083959 1.000000
0.083959 0.083959 0.083959 0.083959 0.083959 0.083959 0.083959 0.083959 0.000000 0.083959 0.035420 0.164532 0.083959 0.083959 0.083959 0.000007 0.164532 0.000044 0.083959 0.083959 1.000000
0.083959 0.083959 0.083959 0.083959 0.083959 0.083959 0.083959 0.083959 0.000000 0.083959 0.035420 0.164532 0.083959 0.083959 0.083959 0.000007 0.164532 0.000044 0.083959 0.083959 1.000000
0.083959 0.083959 0.083959 0.083959 0.083959 0.083959 0.083959 0.083959 0.000000 0.083959 0.035420 0.164532 0.083959 0.083959 0.083959 0.000007 0.164532 0.000044 0.083959 0.083959 1.000000
0.083959 0.083959 0.083959 0.083959 0.083959 0.083959 0.083959 0.083959 0.000000 0.083959 0.035420 0.164532 0.083959 0.083959 0.083959 0.000007 0.164532 0.000044 0.083959 0.083959 1.000000
0.083959 0.083959 0.083959 0.083959 0.083959 0.083959 0.083959 0.083959 0.000000 0.083959 0.035420 0.164532 0.083959 0.083959 0.083959 0.000007 0.164532 0.000044 0.083959 0.083959 1.000000
0.083959 0.083959 0.083959 0.083959 0.083959 0.083959 0.083959 0.083959 0.000000 0.083959 0.035420 0.164532 0.083959 0.083959 0.083959 0.000007 0.164532 0.000044 0.083959 0.083959 1.000000
0.083959 0.083959 0.083959 0.083959 0.083959 0.083959 0.083959 0.083959 0.000000 0.083959 0.035420 0.164532 0.083959 0.083959 0.083959 0.000007 0.164532 0.000044 0.083959 0.083959 1.000000
0.083959 0.083959 0.083959 0.083959 0.083959 0.083959 0.083959 0.083959 0.000000 0.083959 0.035420 0.164532 0.083959 0.083959 0.083959 0.000007 0.164532 0.000044 0.083959 0.083959 1.000000
0.083959 0.083959 0.083959 0.083959 0.083959 0.083959 0.083959 0.083959 0.000000 0.083959 0.035420 0.164532 0.083959 0.083959 0.083959 0.000007 0.164532 0.000044 0.083959 0.083959 1.000000
0.083959 0.083959 0.083959 0.083959 0.083959 0.083959 0.083959 0.083959 0.000000 0.083959 0.035420 0.164532 0.083959 0.083959 0.083959 0.000007 0.164532 0.000044 0.083959 0.083959 1.000000
0.083959 0.083959 0.083959 0.083959 0.083959 0.083959 0.083959 0.083959 0.000000 0.083959 0.035420 0.164532 0.083959 0.083959 0.083959 0.000007 0.164532 0.000044 0.083959 0.083959 1.000000
0.083959 0.083959 0.083959 0.083959 0.083959 0.083959 0.083959 0.083959 0.000000 0.083959 0.035420 0.164532 0.083959 0.083959 0.083959 0.000007 0.164532 0.000044 0.083959 0.083959 1.000000
0.083959 0.083959 0.083959 0.083959 0.083959 0.083959 0.083959 0.083959 0.000000 0.083959 0.035420 0.164532 0.083959 0.083959 0.083959 0.000007 0.164532 0.000044 0.083959 0.083959 1.000000
0.083959 0.083959 0.083959 0.083959 0.083959 0.083959 0.083959 0.083959 0.000000 0.083959 0.035420 0.164532 0.083959 0.083959 0.083959 0.000007 0.164532 0.000044 0.083959 0.083959 1.000000
0.083959 0.083959 0.083959 0.083959 0.083959 0.083959 0.083959 0.083959 0.000000 0.083959 0.035420 0.164532 0.083959 0.083959 0.083959 0.000007 0.164532 0.000044 0.083959 0.083959 1.000000
0.083959 0.083959 0.083959 0.083959 0.083959 0.083959 0.083959 0.083959 0.000000 0.083959 0.035420 0.164532 0.083959 0.083959 0.083959 0.000007 0.164532 0.000044 0.083959 0.083959 1.000000
0.083959 0.083959 0.083959 0.083959 0.083959 0.083959 0.083959 0.083959 0.000000 0.083959 0.035420 0.164532 0.083959 0.083959 0.083959 0.000007 0.164532 0.000044 0.083959 0.083959 1.000000
0.083959 0.083959 0.083959 0.083959 0.083959 0.083959 0.083959 0.083959 0.000000 0.083959 0.035420 0.164532 0.083959 0.083959 0.083959 0.000007 0.164532 0.000044 0.083959 0.083959 1.000000
0.083959 0.083959 0.083959 0.083959 0.083959 0.083959 0.083959 0.083959 0.000000 0.083959 0.035420 0.164532 0.083959 0.083959 0.083959 0.000007 0.164532 0.000044 0.083959 0.083959 1.000000
0.083959 0.083959 0.083959 0.083959 0.083959 0.083959 0.083959 0.083959 0.000000 0.083959 0.035420 0.164532 0.083959 0.083959 0.083959 0.000007 0.164532 0.000044 0.083959 0.083959 1.000000
0.083959 0.083959 0.083959 0.083959 0.083959 0.083959 0.083959 0.083959 0.000000 0.083959 0.035420 0.164532 0.083959 0.083959 0.083959 0.000007 0.164532 0.000044 0.083959 0.083959 1.000000
0.083959 0.083959 0.083959 0.083959 0.083959 0.083959 0.083959 0.083959 0.000000 0.083959 0.035420 0.164532 0.083959 0.083959 0.083959 0.000007 0.164532 0.000044 0.083959 0.083959 1.000000
0.083959 0.083959 0.083959 0.083959 0.083959 0.083959 0.083959 0.083959 0.000000 0.083959 0.035420 0.164532 0.083959 0.083959 0.083959 0.000007 0.164532 0.000044 0.083959 0.083959 1.000000
0.083959 0.083959 0.083959 0.083959 0.083959 0.083959 0.083959 0.083959 0.000000 0.083959 0.035420 0.164532 0.083959 0.083959 0.083959 0.000007 0.164532 0.000044 0.083959 0.083959 1.000000
0.083959 0.083959 0.083959 0.083959 0.083959 0.083959 0.083959 0.083959 0.000000 0.083959 0.035420 0.164532 0.083959 0.083959 0.083959 0.000007 0.164532 0.000044 0.083959 0.083959 1.000000
0.083959 0.083959 0.083959 0.083959 0.083959 0.083959 0.083959 0.083959 0.000000 0.083959 0.035420 0.164532 0.083959 0.083959 0.083959 0.000007 0.164532 0.000044 0.083959 0.083959 1.000000
0.083959 0.083959 0.083959 0.083959 0.083959 0.083959 0.083959 0.083959 0.000000 0.083959 0.035420 0.164532 0.083959 0.083959 0.083959 0.000007 0.164532 0.000044 0.083959 0.083959 1.000000
0.083959 0.083959 0.083959 0.083959 0.083959 0.083959 0.083959 0.083959 0.000000 0.083959 0.035420 0.164532 0.083959 0.083959 0.083959 0.000007 0.164532 0.000044 0.083959 0.083959 1.000000
0.083959 0.083959 0.083959 0.083959 0.083959 0.083959 0.083959 0.083959 0.000000 0.083959 0.035420 0.164532 0.083959 0.083959 0.083959 0.000007 0.164532 0.000044 0.083959 0.083959 1.000000
0.083959 0.083959 0.083959 0.083959 0.083959 0.083959 0.083959 0.083959 0.000000 0.083959 0.035420 0.164532 0.083959 0.083959 0.083959 0.000007 0.164532 0.000044 0.083959 0.083959 1.000000
0.083959 0.083959 0.083959 0.083959 0.083959 0.083959 0.083959 0.083959 0.000000 0.083959 0.035420 0.164532 0.083959 0.083959 0.083959 0.000007 0.164532 0.000044 0.083959 0.083959 1.000000
0.083959 0.083959 0.083959 0.083959 0.083959 0.083959 0.083959 0.083959 0.000000 0.083959 0.035420 0.164532 0.083959 0.083959 0.083959 0.000007 0.164532 0.000044 0.083959 0.083959 1.000000
0.083959 0.083959 0.083959 0.083959 0.083959 0.083959 0.083959 0.083959 0.000000 0.083959 0.035420 0.164532 0.083959 0.083959 0.083959 0.000007 0.164532 0.000044 0.083959 0.083959 1.000000
0.083959 0.083959 0.083959 0.083959 0.083959 0.083959 0.083959 0.083959 0.000000 0.083959 0.035420 0.164532 0.083959 0.083959 0.083959 0.000007 0.164532 0.000044 0.083959 0.083959 1.000000
0.083959 0.083959 0.083959 0.083959 0.083959 0.083959 0.083959 0.083959 0.000000 0.083959 0.035420 0.164532 0.083959 0.083959 0.083959 0.000007 0.164532 0.000044 0.083959 0.083959 1.000000
0.083959 0.083959 0.083959 0.083959 0.083959 0.083959 0.083959 0.083959 0.000000 0.083959 0.035420 0.164532 0.083959 0.083959 0.083959 0.000007 0.164532 0.000044 0.083959 0.083959 1.000000
0.083959 0.083959 0.083959 0.083959 0.083959 0.083959 0.083959 0.083959 0.000000 0.083959 0.035420 0.164532 0.083959 0.083959 0.083959 0.000007 0.164532 0.000044 0.083959 0.083959 1.000000
0.083959 0.083959 0.083959 0.083959 0.083959 0.083959 0.083959 0.083959 0.000000 0.083959 0.035420 0.164532 0.083959 0.083959 0.083959 0.000007 0.164532 0.000044 0.083959 0.083959 1.000000
0.083959 0.083959 0.083959 0.083959 0.083959 0.083959 0.083959 0.083959 0.000000 0.083959 0.035420 0.164532 0.083959 0.083959 0.083959 0.000007 0.164532 0.000044 0.083959 0.083959 1.000000
0.083959 0.083959 0.083959 0.083959 0.083959 0.083959 0.083959 0.083959 0.000000 0.083959 0.035420 0.164532 0.083959 0.083959 0.083959 0.000007 0.164532 0.000044 0.083959 0.083959 1.000000
0.083959 0.083959 0.083959 0.083959 0.083959 0.083959 0.083959 0.083959 0.000000 0.083959 0.035420 0.164532 0.083959 0.083959 0.083959 0.000007 0.164532 0.000044 0.083959 0.083959 1.000000
0.083959 0.083959 0.083959 0.083959 0.083959 0.083959 0.083959 0.083959 0.000000 0.083959 0.035420 0.164532 0.083959 0.083959 0.083959 0.000007 0.164532 0.000044 0.083959 0.083959 1.000000
0.083959 0.083959 0.083959 0.083959 0.083959 0.083959 0.083959 0.083959 0.000000 0.083959 0.035420 0.164532 0.083959 0.083959 0.083959 0.000007 0.164532 0.000044 0.083959 0.083959 1.000000
0.083959 0.083959 0.083959 0.083959 0.083959 0.083959 0.083959 0.083959 0.000000 0.083959 0.035420 0.164532 0.083959 0.083959 0.083959 0.000007 0.164532 0.000044 0.083959 0.083959 1.000000
0.083959 0.083959 0.083959 0.083959 0.083959 0.083959 0.083959 0.083959 0.000000 0.083959 0.035420 0.164532 0.083959 0.083959 0.083959 0.000007 0.164532 0.000044 0.083959 0.083959 1.000000
0.083959 0.083959 0.083959 0.083959 0.083959 0.083959 0.083959 0.083959 0.000000 0.083959 0.035420 0.164532 0.083959 0.083959 0.083959 0.000007 0.164532 0.000044 0.083959 0.083959 1.000000
0.083959 0.083959 0.083959 0.083959 0.083959 0.083959 0.083959 0.083959 0.000000 0.083959 0.035420 0.164532 0.083959 0.083959 0.083959 0.000007 0.164532 0.000044 0.083959 0.083959 1.000000
0.083959 0.083959 0.083959 0.083959 0.083959 0.083959 0.083959 0.083959 0.000000 0.083959 0.035420 0.164532 0.083959 0.083959 0.083959 0.000007 0.164532 0.000044 0.083959 0.083959 1.000000
0.083959 0.083959 0.083959 0.083959 0.083959 0.083959 0.083959 0.083959 0.000000 0.083959 0.035420 0.164532 0.083959 0.083959 0.083959 0.000007 0.164532 0.000044 0.083959 0.083959 1.000000
0.083959 0.083959 0.083959 0.083959 0.083959 0.083959 0.083959 0.083959 0.000000 0.083959 0.035420 0.164532 0.083959 0.083959 0.083959 0.000007 0.164532 0.000044 0.083959 0.083959 1.000000
0.083959 0.083959 0.083959 0.083959 0.083959 0.083959 0.083959 0.083959 0.000000 0.083959 0.035420 0.164532 0.083959 0.083959 0.083959 0.000007 0.164532 0.000044 0.083959 0.083959 1.000000
0.083959 0.083959 0.083959 0.083959 0.083959 0.083959 0.083959 0.083959 0.000000 0.083959 0.035420 0.164532 0.083959 0.083959 0.083959 0.000007 0.164532 0.000044 0.083959 0.083959 1.000000
0.083959 0.083959 0.083959 0.083959 0.083959 0.083959 0.083959 0.083959 0.000000 0.083959 0.035420 0.164532 0.083959 0.083959 0.083959 0.000007 0.164532 0.000044 0.083959 0.083959 1.000000
0.083959 0.083959 0.083959 0.083959 0.083959 0.083959 0.083959 0.083959 0.000000 0.083959 0.035420 0.164532 0.083959 0.083959 0.083959 0.000007 0.164532 0.000044 0.083959 0.083959 1.000000
0.083958 0.083958 0.083958 0.083958 0.083958 0.083958 0.083958 0.083958 0.000000 0.083958 0.028349 0.164530 0.083958 0.083958 0.083958 0.000007 0.164530 0.000055 0.083958 0.083958 1.000000
0.083958 0.083958 0.083958 0.083958 0.083958 0.083958 0.083958 0.083958 0.000000 0.083958 0.028349 0.164530 0.083958 0.083958 0.083958 0.000007 0.164530 0.000055 0.083958 0.083958 1.000000
0.083958 0.083958 0.083958 0.083958 0.083958 0.083958 0.083958 0.083958 0.000000 0.083958 0.028349 0.164530 0.083958 0.083958 0.083958 0.000007 0.164530 0.000055 0.083958 0.083958 1.000000
0.083958 0.083958 0.083958 0.083958 0.083958 0.083958 0.083958 0.083958 0.000000 0.083958 0.028349 0.164530 0.083958 0.083958 0.083958 0.000007 0.164530 0.000055 0.083958 0.083958 1.000000
0.083958 0.083958 0.083958 0.083958 0.083958 0.083958 0.083958 0.083958 0.000000 0.083958 0.028349 0.164530 0.083958 0.083958 0.083958 0.000007 0.164530 0.000055 0.083958 0.083958 1.000000
0.083958 0.083958 0.083958 0.083958 0.083958 0.083958 0.083958 0.083958 0.000000 0.083958 0.028349 0.164530 0.083958 0.083958 0.083958 0.000007 0.164530 0.000055 0.083958 0.083958 1.000000
0.083958 0.083958 0.083958 0.083958 0.083958 0.083958 0.083958 0.083958 0.000000 0.083958 0.028349 0.164530 0.083958 0.083958 0.083958 0.000007 0.164530 0.000055 0.083958 0.083958 1.000000
0.083958 0.083958 0.083958 0.083958 0.083958 0.083958 0.083958 0.083958 0.000000 0.083958 0.028349 0.164530 0.083958 0.083958 0.083958 0.000007 0.164530 0.000055 0.083958 0.083958 1.000000
0.083958 0.083958 0.083958 0.083958 0.083958 0.083958 0.083958 0.083958 0.000000 0.083958 0.028349 0.164530 0.083958 0.083958 0.083958 0.000007 0.164530 0.000055 0.083958 0.083958 1.000000
0.083958 0.083958 0.083958 0.083958 0.083958 0.083958 0.083958 0.083958 0.000000 0.083958 0.028349 0.164530 0.083958 0.083958 0.083958 0.000007 0.164530 0.000055 0.083958 0.083958 1.000000
0.083958 0.083958 0.083958 0.083958 0.083958 0.083958 0.083958 0.083958 0.000000 0.083958 0.028349 0.164530 0.083958 0.083958 0.083958 0.000007 0.164530 0.000055 0.083958 0.083958 1.000000
0.083958 0.083958 0.083958 0.083958 0.083958 0.083958 0.083958 0.083958 0.000000 0.083958 0.028349 0.164530 0.083958 0.083958 0.083958 0.000007 0.164530 0.000055 0.083958 0.083958 1.000000
0.083958 0.083958 0.083958 0.083958 0.083958 0.083958 0.083958 0.083958 0.000000 0.083958 0.028349 0.164530 0.083958 0.083958 0.083958 0.000007 0.164530 0.000055 0.083958 0.083958 1.000000
0.083958 0.083958 0.083958 0.083958 0.083958 0.083958 0.083958 0.083958 0.000000 0.083958 0.028349 0.164530 0.083958 0.083958 0.083958 0.000007 0.164530 0.000055 0.083958 0.083958 1.000000
0.083958 0.083958 0.083958 0.083958 0.083958 0.083958 0.083958 0.083958 0.000000 0.083958 0.028349 0.164530 0.083958 0.083958 0.083958 0.000007 0.164530 0.000055 0.083958 0.083958 1.000000
0.083958 0.083958 0.083958 0.083958 0.083958 0.083958 0.083958 0.083958 0.000000 0.083958 0.028349 0.164530 0.083958 0.083958 0.083958 0.000007 0.164530 0.000055 0.083958 0.083958 1.000000
0.083958 0.083958 0.083958 0.083958 0.083958 0.083958 0.083958 0.083958 0.000000 0.083958 0.028349 0.164530 0.083958 0.083958 0.083958 0.000007 0.164530 0.000055 0.083958 0.083958 1.000000
0.083958 0.083958 0.083958 0.083958 0.083958 0.083958 0.083958 0.083958 0.000000 0.083958 0.028349 0.164530 0.083958 0.083958 0.083958 0.000007 0.164530 0.000055 0.083958 0.083958 1.000000
0.083958 0.083958 0.083958 0.083958 0.083958 0.083958 0.083958 0.083958 0.000000 0.083958 0.028349 0.164530 0.083958 0.083958 0.083958 0.000007 0.164530 0.000055 0.083958 0.083958 1.000000
0.083958 0.083958 0.083958 0.083958 0.083958 0.083958 0.083958 0.083958 0.000000 0.083958 0.028349 0.164530 0.083958 0.083958 0.083958 0.000007 0.164530 0.000055 0.083958 0.083958 1.000000
