0.000000 0.000000 0.000000 0.000000 0.000000 0.000000 0.000000 0.000000 0.000000 0.000000 0.000000 0.000000 0.000000 0.000000 0.000000 0.000000 0.000000 0.000000 0.000000 0.000000 0.000000
0.084168 0.084168 0.084168 0.084168 0.084168 0.084168 0.084168 0.084168 0.000977 0.007281 0.014560 0.028421 0.022211 0.005825 0.000320 0.000002 0.055384 0.018198 0.002386 0.007281 1.000000
0.084712 0.084712 0.084712 0.084712 0.084712 0.084712 0.084712 0.084712 0.000085 0.027937 0.055744 0.022892 0.017888 0.027937 0.000043 0.000002 0.035742 0.028607 0.007329 0.007329 1.000000
0.084180 0.084180 0.084180 0.084180 0.084180 0.084180 0.084180 0.084180 0.001527 0.004661 0.018201 0.044362 0.005826 0.005826 0.000205 0.000007 0.001001 0.000328 0.034685 0.054101 1.000000
0.084198 0.084198 0.084198 0.084198 0.084198 0.084198 0.084198 0.084198 0.000034 0.027765 0.035522 0.086189 0.005827 0.034692 0.000014 0.000002 0.044371 0.014565 0.027765 0.027765 1.000000
0.084174 0.084174 0.084174 0.084174 0.084174 0.084174 0.084174 0.084174 0.000977 0.002386 0.009320 0.055387 0.002983 0.034682 0.000320 0.000002 0.028423 0.022745 0.002983 0.022212 1.000000
0.084703 0.084703 0.084703 0.084703 0.084703 0.084703 0.084703 0.084703 0.000165 0.027934 0.028604 0.011724 0.007328 0.027934 0.000043 0.000003 0.022890 0.014654 0.007328 0.022354 1.000000
0.084182 0.084182 0.084182 0.084182 0.084182 0.084182 0.084182 0.084182 0.000205 0.004661 0.022747 0.014562 0.022214 0.014221 0.000054 0.000002 0.035515 0.044363 0.004661 0.054102 1.000000
0.084162 0.084162 0.084162 0.084162 0.084162 0.084162 0.084162 0.084162 0.000500 0.009101 0.035507 0.018197 0.004660 0.017770 0.000164 0.000005 0.014559 0.014559 0.011375 0.007281 1.000000
0.084709 0.084709 0.084709 0.084709 0.084709 0.084709 0.084709 0.084709 0.000035 0.017887 0.018316 0.011725 0.000630 0.009161 0.003752 0.000003 0.022891 0.022891 0.009161 0.054444 1.000000
0.084173 0.084173 0.084173 0.084173 0.084173 0.084173 0.084173 0.084173 0.000320 0.011377 0.011650 0.055387 0.007282 0.004660 0.000105 0.000002 0.028422 0.035512 0.027757 0.011377 1.000000
0.084178 0.084178 0.084178 0.084178 0.084178 0.084178 0.084178 0.084178 0.000131 0.014221 0.035514 0.035514 0.014221 0.017774 0.000054 0.000001 0.044361 0.035514 0.002983 0.034683 1.000000
0.084189 0.084189 0.084189 0.084189 0.084189 0.084189 0.084189 0.084189 0.000105 0.009103 0.028428 0.069128 0.027762 0.014222 0.000028 0.000001 0.022749 0.069128 0.009103 0.022216 1.000000
0.084715 0.084715 0.084715 0.084715 0.084715 0.084715 0.084715 0.084715 0.000258 0.007329 0.028608 0.086719 0.014313 0.009161 0.000054 0.000004 0.035743 0.014656 0.009161 0.014313 1.000000
0.084171 0.084171 0.084171 0.084171 0.084171 0.084171 0.084171 0.084171 0.000131 0.004660 0.028421 0.014560 0.034680 0.014219 0.000256 0.000003 0.044357 0.011649 0.003728 0.017772 1.000000
0.084185 0.084185 0.084185 0.084185 0.084185 0.084185 0.084185 0.084185 0.000067 0.054104 0.028426 0.055395 0.022215 0.011378 0.000018 0.000003 0.022748 0.022748 0.011378 0.014222 1.000000
0.084177 0.084177 0.084177 0.084177 0.084177 0.084177 0.084177 0.084177 0.000164 0.034683 0.009321 0.044360 0.017774 0.014220 0.000067 0.000003 0.055389 0.009321 0.002983 0.017774 1.000000
0.084173 0.084173 0.084173 0.084173 0.084173 0.084173 0.084173 0.084173 0.000131 0.014220 0.014561 0.055387 0.022212 0.014220 0.000043 0.000002 0.035512 0.028422 0.011377 0.011377 1.000000
0.084173 0.084173 0.084173 0.084173 0.084173 0.084173 0.084173 0.084173 0.000400 0.022212 0.022744 0.028422 0.027757 0.034682 0.000007 0.000003 0.028422 0.018199 0.009102 0.007282 1.000000
0.084172 0.084172 0.084172 0.084172 0.084172 0.084172 0.084172 0.084172 0.000205 0.004660 0.009320 0.005965 0.014220 0.004660 0.000205 0.000002 0.022744 0.035511 0.034681 0.034681 1.000000
0.084179 0.084179 0.084179 0.084179 0.084179 0.084179 0.084179 0.084179 0.000164 0.005826 0.035514 0.018200 0.043326 0.027759 0.000054 0.000002 0.028424 0.028424 0.027759 0.002386 1.000000
0.084187 0.084187 0.084187 0.084187 0.084187 0.084187 0.084187 0.084187 0.000067 0.017776 0.069127 0.035518 0.011379 0.017776 0.000028 0.000001 0.055396 0.035518 0.011379 0.027762 1.000000
0.084186 0.084186 0.084186 0.084186 0.084186 0.084186 0.084186 0.084186 0.000164 0.027761 0.069125 0.011651 0.004661 0.007283 0.000084 0.000001 0.022748 0.069125 0.017775 0.014222 1.000000
0.084203 0.084203 0.084203 0.084203 0.084203 0.084203 0.084203 0.084203 0.000400 0.054116 0.086194 0.069140 0.022220 0.007284 0.000054 0.000007 0.000801 0.000801 0.022220 0.005828 1.000000
0.084705 0.084705 0.084705 0.084705 0.084705 0.084705 0.084705 0.084705 0.000206 0.009160 0.044642 0.018316 0.017887 0.011450 0.000043 0.000003 0.044642 0.018316 0.007328 0.022354 1.000000
0.084182 0.084182 0.084182 0.084182 0.084182 0.084182 0.084182 0.084182 0.000256 0.022214 0.028425 0.014562 0.000500 0.011378 0.000131 0.000002 0.044363 0.014562 0.054102 0.022214 1.000000
0.084263 0.084263 0.084263 0.084263 0.084263 0.084263 0.084263 0.084263 0.000034 0.054154 0.133369 0.069189 0.034719 0.034719 0.000022 0.000001 0.086255 0.022769 0.000501 0.043369 1.000000
0.084243 0.084243 0.084243 0.084243 0.084243 0.084243 0.084243 0.084243 0.000007 0.067567 0.035542 0.069173 0.067567 0.034711 0.000002 0.000001 0.055434 0.028446 0.017788 0.054142 1.000000
0.084216 0.084216 0.084216 0.084216 0.084216 0.084216 0.084216 0.084216 0.000205 0.007285 0.086207 0.069150 0.002984 0.054124 0.000007 0.000001 0.044381 0.044381 0.034699 0.022223 1.000000
0.084209 0.084209 0.084209 0.084209 0.084209 0.084209 0.084209 0.084209 0.000401 0.034697 0.055411 0.035527 0.054120 0.000028 0.000501 0.000001 0.055411 0.035527 0.003730 0.054120 1.000000
0.084244 0.084244 0.084244 0.084244 0.084244 0.084244 0.084244 0.084244 0.000011 0.034711 0.086236 0.107351 0.014232 0.034711 0.000005 0.000001 0.086236 0.028447 0.022231 0.043359 1.000000
0.084235 0.084235 0.084235 0.084235 0.084235 0.084235 0.084235 0.084235 0.000205 0.022229 0.069166 0.107340 0.000034 0.007287 0.000501 0.000001 0.086227 0.022762 0.034707 0.054137 1.000000
0.084186 0.084186 0.084186 0.084186 0.084186 0.084186 0.084186 0.084186 0.000626 0.017776 0.044366 0.055396 0.017776 0.043330 0.000782 0.000004 0.022748 0.018202 0.000009 0.034687 1.000000
0.084236 0.084236 0.084236 0.084236 0.084236 0.084236 0.084236 0.084236 0.000043 0.011385 0.028444 0.133328 0.000321 0.027778 0.000401 0.000004 0.086228 0.001956 0.043356 0.034708 1.000000
0.084763 0.084763 0.084763 0.084763 0.084763 0.084763 0.084763 0.084763 0.000085 0.000206 0.069602 0.069602 0.027954 0.067986 0.000035 0.000002 0.055778 0.018328 0.054479 0.022370 1.000000
0.084284 0.084284 0.084284 0.084284 0.084284 0.084284 0.084284 0.084284 0.000018 0.054168 0.107402 0.133402 0.027794 0.067599 0.000018 0.000001 0.086277 0.018223 0.002987 0.009114 1.000000
0.084239 0.084239 0.084239 0.084239 0.084239 0.084239 0.084239 0.084239 0.000000 0.027779 0.022762 0.107345 0.017787 0.027779 0.017787 0.000005 0.133332 0.001565 0.017787 0.007287 1.000000
0.084316 0.084316 0.084316 0.084316 0.084316 0.084316 0.084316 0.084316 0.000011 0.054189 0.165204 0.133452 0.027805 0.043397 0.000014 0.000001 0.086310 0.028471 0.034741 0.001912 1.000000
0.084242 0.084242 0.084242 0.084242 0.084242 0.084242 0.084242 0.084242 0.000011 0.027780 0.086235 0.055433 0.011386 0.067566 0.000006 0.000001 0.069172 0.028446 0.067566 0.014232 1.000000
0.084757 0.084757 0.084757 0.084757 0.084757 0.084757 0.084757 0.084757 0.000068 0.027952 0.107999 0.086761 0.017898 0.027952 0.000007 0.000007 0.002461 0.001260 0.027952 0.043626 1.000000
0.084296 0.084296 0.084296 0.084296 0.084296 0.084296 0.084296 0.084296 0.000054 0.014241 0.107417 0.107417 0.043387 0.043387 0.000028 0.000001 0.018226 0.165167 0.003734 0.005834 1.000000
0.084238 0.084238 0.084238 0.084238 0.084238 0.084238 0.084238 0.084238 0.000009 0.054138 0.069168 0.107343 0.027779 0.027779 0.000004 0.000002 0.069168 0.014572 0.017787 0.043356 1.000000
0.084722 0.084722 0.084722 0.084722 0.084722 0.084722 0.084722 0.084722 0.000165 0.003002 0.055751 0.055751 0.034910 0.022359 0.000022 0.000007 0.011727 0.007506 0.007330 0.043608 1.000000
0.084270 0.084270 0.084270 0.084270 0.084270 0.084270 0.084270 0.084270 0.000979 0.054159 0.003058 0.018220 0.043373 0.022238 0.000022 0.000001 0.018220 0.165117 0.000164 0.067588 1.000000
0.084275 0.084275 0.084275 0.084275 0.084275 0.084275 0.084275 0.084275 0.000783 0.001529 0.107391 0.107391 0.001529 0.043376 0.000009 0.000001 0.133389 0.018221 0.043376 0.027791 1.000000
0.084269 0.084269 0.084269 0.084269 0.084269 0.084269 0.084269 0.084269 0.000005 0.054159 0.069194 0.086262 0.067587 0.022238 0.000002 0.000001 0.086262 0.022771 0.034722 0.067587 1.000000
0.084237 0.084237 0.084237 0.084237 0.084237 0.084237 0.084237 0.084237 0.000256 0.000034 0.086229 0.069167 0.027779 0.027779 0.000105 0.000002 0.086229 0.004776 0.067561 0.034708 1.000000
0.084265 0.084265 0.084265 0.084265 0.084265 0.084265 0.084265 0.084265 0.000005 0.054156 0.086258 0.086258 0.022237 0.067584 0.000002 0.000002 0.086258 0.014577 0.043370 0.043370 1.000000
0.084250 0.084250 0.084250 0.084250 0.084250 0.084250 0.084250 0.084250 0.000011 0.022232 0.069178 0.086242 0.027783 0.067572 0.000003 0.000001 0.107359 0.018216 0.027783 0.034714 1.000000
0.084225 0.084225 0.084225 0.084225 0.084225 0.084225 0.084225 0.084225 0.000782 0.022226 0.086217 0.069158 0.043350 0.043350 0.001222 0.000001 0.086217 0.022759 0.000002 0.017784 1.000000
0.084209 0.084209 0.084209 0.084209 0.084209 0.084209 0.084209 0.084209 0.000320 0.043342 0.069145 0.069145 0.027769 0.017781 0.000001 0.000006 0.002444 0.001564 0.027769 0.054120 1.000000
0.084316 0.084316 0.084316 0.084316 0.084316 0.084316 0.084316 0.084316 0.000000 0.067625 0.107443 0.107443 0.054189 0.084316 0.000054 0.000007 0.004780 0.001566 0.054189 0.067625 1.000000
0.084330 0.084330 0.084330 0.084330 0.084330 0.084330 0.084330 0.084330 0.000018 0.054198 0.133474 0.055491 0.000979 0.067636 0.000011 0.000005 0.165231 0.001003 0.043404 0.054198 1.000000
0.084311 0.084311 0.084311 0.084311 0.084311 0.084311 0.084311 0.084311 0.000004 0.067621 0.044432 0.055479 0.067621 0.054186 0.000001 0.000006 0.133444 0.000802 0.067621 0.067621 1.000000
0.084408 0.084408 0.084408 0.084408 0.084408 0.084408 0.084408 0.084408 0.000000 0.084408 0.107559 0.133594 0.084408 0.067699 0.000005 0.000001 0.133594 0.018250 0.054249 0.084408 1.000000
0.084329 0.084329 0.084329 0.084329 0.084329 0.084329 0.084329 0.084329 0.000131 0.000783 0.133471 0.133471 0.054197 0.004669 0.000028 0.000005 0.133471 0.000329 0.067635 0.043404 1.000000
0.084272 0.084272 0.084272 0.084272 0.084272 0.084272 0.084272 0.084272 0.000034 0.067590 0.086265 0.107387 0.054161 0.067590 0.000043 0.000006 0.003058 0.001566 0.000401 0.054161 1.000000
0.084307 0.084307 0.084307 0.084307 0.084307 0.084307 0.084307 0.084307 0.000014 0.022248 0.107432 0.133438 0.067618 0.067618 0.000002 0.000006 0.003059 0.000642 0.054183 0.067618 1.000000
0.084292 0.084292 0.084292 0.084292 0.084292 0.084292 0.084292 0.084292 0.000000 0.034731 0.107412 0.086285 0.000501 0.067605 0.084292 0.000001 0.107412 0.022777 0.009115 0.007292 1.000000
0.084355 0.084355 0.084355 0.084355 0.084355 0.084355 0.084355 0.084355 0.000028 0.067656 0.107491 0.165277 0.022260 0.067656 0.084355 0.000003 0.069265 0.005978 0.000000 0.054214 1.000000
0.084264 0.084264 0.084264 0.084264 0.084264 0.084264 0.084264 0.084264 0.000321 0.054155 0.086256 0.069190 0.067583 0.067583 0.000054 0.000006 0.001957 0.000641 0.000067 0.067583 1.000000
0.084375 0.084375 0.084375 0.084375 0.084375 0.084375 0.084375 0.084375 0.000401 0.003737 0.107516 0.133543 0.084375 0.054227 0.001225 0.000001 0.165314 0.014596 0.084375 0.000001 1.000000
0.084886 0.084886 0.084886 0.084886 0.084886 0.084886 0.084886 0.084886 0.000004 0.034979 0.134334 0.134334 0.068084 0.043693 0.000001 0.000002 0.134334 0.007520 0.034979 0.068084 1.000000
0.084359 0.084359 0.084359 0.084359 0.084359 0.084359 0.084359 0.084359 0.000000 0.043419 0.133518 0.086354 0.000011 0.043419 0.084359 0.000005 0.133518 0.001254 0.054217 0.084359 1.000000
0.084322 0.084322 0.084322 0.084322 0.084322 0.084322 0.084322 0.084322 0.000002 0.067630 0.086316 0.133461 0.054193 0.054193 0.000001 0.000001 0.055486 0.022785 0.084322 0.054193 1.000000
0.084285 0.084285 0.084285 0.084285 0.084285 0.084285 0.084285 0.084285 0.000164 0.034728 0.086279 0.107404 0.067600 0.043381 0.000000 0.000006 0.011665 0.000168 0.084285 0.054169 1.000000
0.084284 0.084284 0.084284 0.084284 0.084284 0.084284 0.084284 0.084284 0.000084 0.011392 0.086278 0.107402 0.054168 0.034728 0.000000 0.000005 0.107402 0.000802 0.054168 0.067600 1.000000
0.084344 0.084344 0.084344 0.084344 0.084344 0.084344 0.084344 0.084344 0.084344 0.001224 0.165257 0.133495 0.067648 0.067648 0.000011 0.000001 0.028481 0.011674 0.001913 0.000164 1.000000
0.084453 0.084453 0.084453 0.084453 0.084453 0.084453 0.084453 0.084453 0.000000 0.067736 0.133664 0.165462 0.000009 0.067736 0.084453 0.000001 0.165462 0.014610 0.067736 0.067736 1.000000
0.084368 0.084368 0.084368 0.084368 0.084368 0.084368 0.084368 0.084368 0.000006 0.084368 0.133532 0.069276 0.054223 0.003737 0.000002 0.000001 0.165302 0.014595 0.067667 0.067667 1.000000
0.084292 0.084292 0.084292 0.084292 0.084292 0.084292 0.084292 0.084292 0.000164 0.054173 0.133414 0.107412 0.067606 0.034731 0.000034 0.000007 0.035563 0.000108 0.000131 0.067606 1.000000
0.084353 0.084353 0.084353 0.084353 0.084353 0.084353 0.084353 0.084353 0.084353 0.000054 0.133509 0.133509 0.067655 0.084353 0.000000 0.000002 0.011675 0.004783 0.067655 0.002989 1.000000
0.084261 0.084261 0.084261 0.084261 0.084261 0.084261 0.084261 0.084261 0.001223 0.067580 0.086253 0.133366 0.054153 0.022235 0.001223 0.000006 0.022768 0.000108 0.000002 0.034718 1.000000
0.084315 0.084315 0.084315 0.084315 0.084315 0.084315 0.084315 0.084315 0.000131 0.054188 0.086309 0.133450 0.067624 0.000002 0.000321 0.000004 0.107441 0.003059 0.054188 0.067624 1.000000
0.084365 0.084365 0.084365 0.084365 0.084365 0.084365 0.084365 0.084365 0.000002 0.000000 0.165296 0.086360 0.054221 0.067665 0.084365 0.000002 0.107504 0.007474 0.054221 0.054221 1.000000
0.084310 0.084310 0.084310 0.084310 0.084310 0.084310 0.084310 0.084310 0.000005 0.027803 0.133442 0.086304 0.017802 0.084310 0.000001 0.000001 0.086304 0.022782 0.054185 0.067620 1.000000
0.084379 0.084379 0.084379 0.084379 0.084379 0.084379 0.084379 0.084379 0.000257 0.067676 0.165323 0.133549 0.084379 0.000005 0.000132 0.000006 0.035600 0.000135 0.084379 0.067676 1.000000
0.084368 0.084368 0.084368 0.084368 0.084368 0.084368 0.084368 0.084368 0.014253 0.001531 0.133532 0.165302 0.084368 0.084368 0.000002 0.000006 0.018242 0.000108 0.000257 0.084368 1.000000
0.084417 0.084417 0.084417 0.084417 0.084417 0.084417 0.084417 0.084417 0.084417 0.000000 0.133609 0.133609 0.084417 0.067707 0.002393 0.000002 0.133609 0.000514 0.084417 0.043450 1.000000
0.084390 0.084390 0.084390 0.084390 0.084390 0.084390 0.084390 0.084390 0.084390 0.001531 0.086385 0.165342 0.084390 0.000000 0.084390 0.000006 0.000642 0.000210 0.084390 0.054237 1.000000
0.084425 0.084425 0.084425 0.084425 0.084425 0.084425 0.084425 0.084425 0.084425 0.084425 0.133620 0.165409 0.000000 0.084425 0.000105 0.000001 0.028508 0.000069 0.067713 0.084425 1.000000
0.084388 0.084388 0.084388 0.084388 0.084388 0.084388 0.084388 0.084388 0.084388 0.000009 0.086383 0.165339 0.067683 0.067683 0.084388 0.000001 0.107533 0.003828 0.000000 0.043434 1.000000
0.084377 0.084377 0.084377 0.084377 0.084377 0.084377 0.084377 0.084377 0.000000 0.084377 0.165319 0.107519 0.067674 0.067674 0.000084 0.000007 0.028492 0.000108 0.084377 0.054228 1.000000
0.084349 0.084349 0.084349 0.084349 0.084349 0.084349 0.084349 0.084349 0.084349 0.084349 0.107484 0.107484 0.054210 0.067651 0.000006 0.000002 0.007472 0.000135 0.084349 0.000002 1.000000
0.084429 0.084429 0.084429 0.084429 0.084429 0.084429 0.084429 0.084429 0.000000 0.067717 0.107586 0.165418 0.084429 0.067717 0.004675 0.000005 0.165418 0.000411 0.054263 0.067717 1.000000
0.084362 0.084362 0.084362 0.084362 0.084362 0.084362 0.084362 0.084362 0.000000 0.084362 0.086357 0.107500 0.067662 0.084362 0.000067 0.000006 0.035592 0.000086 0.084362 0.084362 1.000000
0.084370 0.084370 0.084370 0.084370 0.084370 0.084370 0.084370 0.084370 0.027823 0.084370 0.165307 0.165307 0.000000 0.067669 0.000054 0.000004 0.014596 0.000108 0.054224 0.043425 1.000000
0.084325 0.084325 0.084325 0.084325 0.084325 0.084325 0.084325 0.084325 0.084325 0.000164 0.165220 0.107453 0.000018 0.054195 0.000084 0.000001 0.028474 0.011671 0.067632 0.027808 1.000000
0.084535 0.084535 0.084535 0.084535 0.084535 0.084535 0.084535 0.084535 0.084535 0.000000 0.165617 0.165617 0.067802 0.067802 0.084535 0.000006 0.165617 0.000002 0.084535 0.084535 1.000000
0.084399 0.084399 0.084399 0.084399 0.084399 0.084399 0.084399 0.084399 0.000401 0.084399 0.133581 0.133581 0.084399 0.084399 0.000028 0.000007 0.000001 0.000000 0.084399 0.067692 1.000000
0.084359 0.084359 0.084359 0.084359 0.084359 0.084359 0.084359 0.084359 0.084359 0.000000 0.107497 0.107497 0.084359 0.067660 0.000043 0.000006 0.035591 0.000108 0.084359 0.067660 1.000000
0.084381 0.084381 0.084381 0.084381 0.084381 0.084381 0.084381 0.084381 0.084381 0.000502 0.133553 0.165327 0.000022 0.084381 0.000022 0.000005 0.018245 0.000135 0.084381 0.054231 1.000000
0.084409 0.084409 0.084409 0.084409 0.084409 0.084409 0.084409 0.084409 0.000105 0.084409 0.133595 0.133595 0.000000 0.084409 0.003739 0.000001 0.133595 0.011683 0.084409 0.067700 1.000000
0.084365 0.084365 0.084365 0.084365 0.084365 0.084365 0.084365 0.084365 0.000084 0.067664 0.165296 0.133527 0.000000 0.067664 0.084365 0.000007 0.018241 0.000086 0.067664 0.007298 1.000000
0.084469 0.084469 0.084469 0.084469 0.084469 0.084469 0.084469 0.084469 0.084469 0.067749 0.165492 0.165492 0.067749 0.000000 0.084469 0.000001 0.018264 0.000263 0.084469 0.084469 1.000000
0.084391 0.084391 0.084391 0.084391 0.084391 0.084391 0.084391 0.084391 0.084391 0.000784 0.165344 0.133567 0.084391 0.084391 0.000011 0.000001 0.028497 0.011680 0.067685 0.000005 1.000000
0.084407 0.084407 0.084407 0.084407 0.084407 0.084407 0.084407 0.084407 0.084407 0.084407 0.165376 0.107558 0.067699 0.084407 0.000084 0.000001 0.002450 0.001255 0.084407 0.000000 1.000000
0.084310 0.084310 0.084310 0.084310 0.084310 0.084310 0.084310 0.084310 0.000084 0.084310 0.107435 0.018229 0.067620 0.067620 0.000000 0.000006 0.018229 0.000135 0.054185 0.084310 1.000000
0.084311 0.084311 0.084311 0.084311 0.084311 0.084311 0.084311 0.084311 0.011396 0.000007 0.165194 0.000007 0.067621 0.067621 0.000501 0.000007 0.028469 0.000086 0.067621 0.067621 1.000000
0.084397 0.084397 0.084397 0.084397 0.084397 0.084397 0.084397 0.084397 0.084397 0.084397 0.133577 0.133577 0.067690 0.067690 0.000000 0.000002 0.001568 0.000642 0.067690 0.067690 1.000000
0.084812 0.084812 0.084812 0.084812 0.084812 0.084812 0.084812 0.084812 0.034948 0.003757 0.108069 0.134221 0.068025 0.068025 0.003006 0.000007 0.022920 0.000087 0.000005 0.000985 1.000000
0.084424 0.084424 0.084424 0.084424 0.084424 0.084424 0.084424 0.084424 0.084424 0.002992 0.165407 0.133618 0.084424 0.084424 0.000000 0.000007 0.018254 0.000002 0.084424 0.067712 1.000000
0.084447 0.084447 0.084447 0.084447 0.084447 0.084447 0.084447 0.084447 0.000018 0.084447 0.165451 0.165451 0.084447 0.084447 0.000000 0.000006 0.018259 0.000135 0.084447 0.067731 1.000000
0.084437 0.084437 0.084437 0.084437 0.084437 0.084437 0.084437 0.084437 0.084437 0.084437 0.133640 0.165433 0.084437 0.054268 0.000000 0.000002 0.014607 0.000086 0.084437 0.067723 1.000000
0.084441 0.084441 0.084441 0.084441 0.084441 0.084441 0.084441 0.084441 0.084441 0.084441 0.165440 0.165440 0.054270 0.084441 0.000084 0.000001 0.035626 0.000086 0.000000 0.084441 1.000000
0.084393 0.084393 0.084393 0.084393 0.084393 0.084393 0.084393 0.084393 0.084393 0.084393 0.165349 0.133571 0.067687 0.054239 0.000067 0.000006 0.035606 0.000001 0.000000 0.067687 1.000000
0.084481 0.084481 0.084481 0.084481 0.084481 0.084481 0.084481 0.084481 0.084481 0.000000 0.165514 0.165514 0.067758 0.084481 0.084481 0.000007 0.009355 0.000000 0.084481 0.084481 1.000000
0.083964 0.083964 0.083964 0.083964 0.083964 0.083964 0.083964 0.083964 0.083964 0.083964 0.164541 0.132906 0.000000 0.067341 0.083964 0.000005 0.132906 0.000000 0.083964 0.083964 1.000000
0.084355 0.084355 0.084355 0.084355 0.084355 0.084355 0.084355 0.084355 0.009122 0.007298 0.165277 0.133512 0.084355 0.067656 0.003736 0.000006 0.003061 0.001003 0.000000 0.084355 1.000000
0.084349 0.084349 0.084349 0.084349 0.084349 0.084349 0.084349 0.084349 0.000003 0.084349 0.165266 0.086344 0.084349 0.001913 0.000054 0.000007 0.028482 0.000135 0.034755 0.084349 1.000000
0.083988 0.083988 0.083988 0.083988 0.083988 0.083988 0.083988 0.083988 0.083988 0.083988 0.164587 0.164587 0.000320 0.083988 0.083988 0.000005 0.164587 0.000000 0.083988 0.000000 1.000000
0.084493 0.084493 0.084493 0.084493 0.084493 0.084493 0.084493 0.084493 0.084493 0.084493 0.165537 0.165537 0.084493 0.084493 0.084493 0.000007 0.000009 0.000003 0.000000 0.084493 1.000000
0.084412 0.084412 0.084412 0.084412 0.084412 0.084412 0.084412 0.084412 0.084412 0.000321 0.165385 0.165385 0.067703 0.084412 0.000000 0.000005 0.014603 0.000086 0.084412 0.004674 1.000000
0.084401 0.084401 0.084401 0.084401 0.084401 0.084401 0.084401 0.084401 0.003739 0.000000 0.165365 0.165365 0.084401 0.067694 0.001225 0.000007 0.028500 0.000108 0.084401 0.067694 1.000000
0.084460 0.084460 0.084460 0.084460 0.084460 0.084460 0.084460 0.084460 0.084460 0.000105 0.165475 0.165475 0.084460 0.084460 0.000000 0.000007 0.022823 0.000006 0.084460 0.084460 1.000000
0.084396 0.084396 0.084396 0.084396 0.084396 0.084396 0.084396 0.084396 0.084396 0.000784 0.165355 0.165355 0.084396 0.067690 0.000054 0.000007 0.044477 0.000000 0.054241 0.005841 1.000000
0.083976 0.083976 0.083976 0.083976 0.083976 0.083976 0.083976 0.083976 0.000000 0.083976 0.164564 0.132924 0.083976 0.083976 0.083976 0.000006 0.132924 0.000007 0.083976 0.083976 1.000000
0.084457 0.084457 0.084457 0.084457 0.084457 0.084457 0.084457 0.084457 0.084457 0.084457 0.165470 0.107621 0.084457 0.084457 0.000018 0.000007 0.035633 0.000000 0.084457 0.084457 1.000000
0.083976 0.083976 0.083976 0.083976 0.083976 0.083976 0.083976 0.083976 0.000011 0.083976 0.164564 0.164564 0.083976 0.083976 0.000001 0.000007 0.164564 0.000000 0.067351 0.083976 1.000000
0.084484 0.084484 0.084484 0.084484 0.084484 0.084484 0.084484 0.084484 0.084484 0.084484 0.165520 0.165520 0.067760 0.084484 0.000022 0.000006 0.035644 0.000000 0.084484 0.084484 1.000000
0.084394 0.084394 0.084394 0.084394 0.084394 0.084394 0.084394 0.084394 0.014258 0.000000 0.165350 0.165350 0.084394 0.067688 0.000257 0.000007 0.022805 0.000086 0.054239 0.084394 1.000000
0.084398 0.084398 0.084398 0.084398 0.084398 0.084398 0.084398 0.084398 0.084398 0.017821 0.165359 0.165359 0.084398 0.022272 0.000105 0.000006 0.044478 0.000000 0.000005 0.084398 1.000000
0.084960 0.084960 0.084960 0.084960 0.084960 0.084960 0.084960 0.084960 0.035010 0.084960 0.166415 0.166415 0.084960 0.000000 0.000166 0.000002 0.035848 0.000087 0.084960 0.068144 1.000000
0.083984 0.083984 0.083984 0.083984 0.083984 0.083984 0.083984 0.083984 0.083984 0.083984 0.164579 0.164579 0.083984 0.083984 0.000000 0.000000 0.107023 0.000107 0.083984 0.083984 1.000000
0.083964 0.083964 0.083964 0.083964 0.083964 0.083964 0.083964 0.083964 0.083964 0.000034 0.164541 0.164541 0.067341 0.083964 0.000001 0.000007 0.164541 0.000000 0.083964 0.067341 1.000000
0.084444 0.084444 0.084444 0.084444 0.084444 0.084444 0.084444 0.084444 0.084444 0.084444 0.165446 0.133651 0.084444 0.084444 0.043464 0.000001 0.009351 0.000055 0.084444 0.000000 1.000000
0.084438 0.084438 0.084438 0.084438 0.084438 0.084438 0.084438 0.084438 0.084438 0.084438 0.133641 0.165434 0.084438 0.067724 0.000000 0.000006 0.022817 0.000000 0.084438 0.054268 1.000000
0.084462 0.084462 0.084462 0.084462 0.084462 0.084462 0.084462 0.084462 0.084462 0.084462 0.165478 0.165478 0.084462 0.084462 0.000028 0.000007 0.035635 0.000000 0.000785 0.084462 1.000000
0.084459 0.084459 0.084459 0.084459 0.084459 0.084459 0.084459 0.084459 0.084459 0.084459 0.133674 0.165474 0.084459 0.067741 0.000028 0.000006 0.028520 0.000000 0.084459 0.084459 1.000000
0.083959 0.083959 0.083959 0.083959 0.083959 0.083959 0.083959 0.083959 0.083959 0.083959 0.164532 0.164532 0.083959 0.083959 0.000018 0.000007 0.035420 0.000000 0.083959 0.083959 1.000000
0.084440 0.084440 0.084440 0.084440 0.084440 0.084440 0.084440 0.084440 0.014266 0.084440 0.165438 0.165438 0.084440 0.054270 0.000000 0.000007 0.022818 0.000000 0.084440 0.084440 1.000000
0.084463 0.084463 0.084463 0.084463 0.084463 0.084463 0.084463 0.084463 0.084463 0.084463 0.165481 0.165481 0.000018 0.084463 0.000028 0.000006 0.044513 0.000000 0.084463 0.084463 1.000000
0.084443 0.084443 0.084443 0.084443 0.084443 0.084443 0.084443 0.084443 0.084443 0.084443 0.165443 0.165443 0.084443 0.000006 0.000043 0.000006 0.044502 0.000000 0.054271 0.084443 1.000000
0.084439 0.084439 0.084439 0.084439 0.084439 0.084439 0.084439 0.084439 0.084439 0.000257 0.165435 0.165435 0.084439 0.067724 0.000043 0.000006 0.044500 0.000000 0.067724 0.084439 1.000000
0.083959 0.083959 0.083959 0.083959 0.083959 0.083959 0.083959 0.083959 0.083959 0.083959 0.164532 0.164532 0.083959 0.083959 0.000018 0.000007 0.035420 0.000000 0.083959 0.083959 1.000000
0.083976 0.083976 0.083976 0.083976 0.083976 0.083976 0.083976 0.083976 0.083976 0.083976 0.132924 0.132924 0.083976 0.083976 0.083976 0.000005 0.164564 0.000000 0.000000 0.083976 1.000000
0.084460 0.084460 0.084460 0.084460 0.084460 0.084460 0.084460 0.084460 0.000000 0.084460 0.165476 0.165476 0.084460 0.084460 0.000035 0.000007 0.028521 0.000108 0.084460 0.084460 1.000000
0.084473 0.084473 0.084473 0.084473 0.084473 0.084473 0.084473 0.084473 0.084473 0.084473 0.133694 0.165499 0.084473 0.084473 0.000018 0.000007 0.035640 0.000000 0.084473 0.084473 1.000000
0.084442 0.084442 0.084442 0.084442 0.084442 0.084442 0.084442 0.084442 0.084442 0.084442 0.165441 0.107601 0.084442 0.084442 0.000009 0.000007 0.000000 0.000000 0.067727 0.084442 1.000000
0.084437 0.084437 0.084437 0.084437 0.084437 0.084437 0.084437 0.084437 0.084437 0.084437 0.133639 0.133639 0.084437 0.084437 0.000022 0.000006 0.035624 0.000000 0.084437 0.067722 1.000000
0.084473 0.084473 0.084473 0.084473 0.084473 0.084473 0.084473 0.084473 0.084473 0.084473 0.165499 0.133694 0.084473 0.084473 0.000018 0.000006 0.035640 0.000000 0.084473 0.084473 1.000000
0.084463 0.084463 0.084463 0.084463 0.084463 0.084463 0.084463 0.084463 0.084463 0.084463 0.165481 0.165481 0.084463 0.000002 0.000028 0.000007 0.044513 0.000000 0.084463 0.084463 1.000000
0.083957 0.083957 0.083957 0.083957 0.083957 0.083957 0.083957 0.083957 0.083957 0.083957 0.164529 0.164529 0.083957 0.083957 0.083957 0.000009 0.022685 0.000000 0.083957 0.000000 1.000000
0.084470 0.084470 0.084470 0.084470 0.084470 0.084470 0.084470 0.084470 0.084470 0.084470 0.133690 0.165493 0.084470 0.084470 0.000009 0.000007 0.001004 0.000000 0.084470 0.084470 1.000000
0.084440 0.084440 0.084440 0.084440 0.084440 0.084440 0.084440 0.084440 0.084440 0.084440 0.133644 0.165437 0.084440 0.000011 0.000034 0.000006 0.044500 0.000000 0.084440 0.084440 1.000000
0.084473 0.084473 0.084473 0.084473 0.084473 0.084473 0.084473 0.084473 0.084473 0.084473 0.133694 0.165499 0.084473 0.084473 0.000018 0.000006 0.035640 0.000000 0.084473 0.084473 1.000000
0.084460 0.084460 0.084460 0.084460 0.084460 0.084460 0.084460 0.084460 0.084460 0.000000 0.165476 0.165476 0.084460 0.084460 0.000035 0.000005 0.028521 0.000108 0.084460 0.084460 1.000000
0.084934 0.084934 0.084934 0.084934 0.084934 0.084934 0.084934 0.084934 0.005879 0.084934 0.134409 0.166366 0.084934 0.068123 0.000404 0.000007 0.035837 0.000000 0.028011 0.084934 1.000000
0.084462 0.084462 0.084462 0.084462 0.084462 0.084462 0.084462 0.084462 0.084462 0.084462 0.165478 0.165478 0.084462 0.084462 0.000084 0.000001 0.035635 0.000069 0.000000 0.084462 1.000000
0.084470 0.084470 0.084470 0.084470 0.084470 0.084470 0.084470 0.084470 0.084470 0.084470 0.165493 0.133690 0.084470 0.084470 0.000007 0.000007 0.000000 0.000000 0.084470 0.084470 1.000000
0.084468 0.084468 0.084468 0.084468 0.084468 0.084468 0.084468 0.084468 0.084468 0.000402 0.165489 0.165489 0.000000 0.084468 0.002993 0.000001 0.133686 0.001962 0.084468 0.084468 1.000000
0.083957 0.083957 0.083957 0.083957 0.083957 0.083957 0.083957 0.083957 0.083957 0.083957 0.164529 0.164529 0.083957 0.083957 0.083957 0.000006 0.022685 0.000000 0.083957 0.000000 1.000000
0.084451 0.084451 0.084451 0.084451 0.084451 0.084451 0.084451 0.084451 0.000000 0.067734 0.165458 0.165458 0.084451 0.084451 0.000035 0.000007 0.044506 0.000005 0.084451 0.084451 1.000000
0.083959 0.083959 0.083959 0.083959 0.083959 0.083959 0.083959 0.083959 0.083959 0.083959 0.164532 0.164532 0.083959 0.083959 0.000018 0.000007 0.035420 0.000000 0.083959 0.083959 1.000000
0.084437 0.084437 0.084437 0.084437 0.084437 0.084437 0.084437 0.084437 0.084437 0.084437 0.133639 0.165432 0.000000 0.084437 0.000084 0.000001 0.028513 0.000086 0.084437 0.084437 1.000000
0.083959 0.083959 0.083959 0.083959 0.083959 0.083959 0.083959 0.083959 0.083959 0.083959 0.164532 0.164532 0.083959 0.083959 0.000018 0.000007 0.035420 0.000000 0.083959 0.083959 1.000000
0.084462 0.084462 0.084462 0.084462 0.084462 0.084462 0.084462 0.084462 0.084462 0.084462 0.165478 0.165478 0.084462 0.084462 0.000067 0.000002 0.035635 0.000028 0.000000 0.084462 1.000000
0.083959 0.083959 0.083959 0.083959 0.083959 0.083959 0.083959 0.083959 0.083959 0.083959 0.164532 0.164532 0.083959 0.083959 0.000018 0.000007 0.035420 0.000000 0.083959 0.083959 1.000000
0.084447 0.084447 0.084447 0.084447 0.084447 0.084447 0.084447 0.084447 0.000035 0.084447 0.165451 0.165451 0.084447 0.067731 0.000003 0.000006 0.022820 0.000000 0.084447 0.084447 1.000000
0.084426 0.084426 0.084426 0.084426 0.084426 0.084426 0.084426 0.084426 0.000000 0.084426 0.165411 0.133622 0.084426 0.084426 0.000043 0.000007 0.035620 0.000108 0.084426 0.067714 1.000000
0.084463 0.084463 0.084463 0.084463 0.084463 0.084463 0.084463 0.084463 0.084463 0.084463 0.165481 0.165481 0.084463 0.000001 0.000028 0.000007 0.044513 0.000000 0.084463 0.084463 1.000000
0.084484 0.084484 0.084484 0.084484 0.084484 0.084484 0.084484 0.084484 0.084484 0.084484 0.165520 0.165520 0.084484 0.067760 0.000022 0.000006 0.035644 0.000000 0.084484 0.084484 1.000000
0.084440 0.084440 0.084440 0.084440 0.084440 0.084440 0.084440 0.084440 0.084440 0.084440 0.133644 0.165437 0.084440 0.084440 0.000028 0.000007 0.044500 0.000000 0.000402 0.084440 1.000000
0.084460 0.084460 0.084460 0.084460 0.084460 0.084460 0.084460 0.084460 0.084460 0.067741 0.165476 0.133675 0.084460 0.084460 0.000022 0.000007 0.035634 0.000000 0.084460 0.084460 1.000000
0.084463 0.084463 0.084463 0.084463 0.084463 0.084463 0.084463 0.084463 0.084463 0.084463 0.165481 0.165481 0.084463 0.084463 0.000028 0.000006 0.044513 0.000000 0.000009 0.084463 1.000000
0.084460 0.084460 0.084460 0.084460 0.084460 0.084460 0.084460 0.084460 0.000000 0.084460 0.165476 0.165476 0.084460 0.084460 0.000035 0.000007 0.028521 0.000108 0.084460 0.084460 1.000000
0.083959 0.083959 0.083959 0.083959 0.083959 0.083959 0.083959 0.083959 0.083959 0.083959 0.164532 0.164532 0.083959 0.083959 0.000018 0.000007 0.035420 0.000000 0.083959 0.083959 1.000000
0.083959 0.083959 0.083959 0.083959 0.083959 0.083959 0.083959 0.083959 0.083959 0.083959 0.164532 0.164532 0.083959 0.083959 0.000018 0.000007 0.035420 0.000000 0.083959 0.083959 1.000000
0.084460 0.084460 0.084460 0.084460 0.084460 0.084460 0.084460 0.084460 0.084460 0.000000 0.165476 0.165476 0.084460 0.084460 0.000043 0.000005 0.028521 0.000108 0.084460 0.084460 1.000000
0.084044 0.084044 0.084044 0.084044 0.084044 0.084044 0.084044 0.084044 0.084044 0.084044 0.164692 0.164692 0.084044 0.084044 0.067406 0.000000 0.164692 0.000000 0.084044 0.084044 1.000000
0.084428 0.084428 0.084428 0.084428 0.084428 0.084428 0.084428 0.084428 0.084428 0.084428 0.133625 0.165414 0.084428 0.084428 0.000034 0.000006 0.044494 0.000000 0.003740 0.067715 1.000000
0.084464 0.084464 0.084464 0.084464 0.084464 0.084464 0.084464 0.084464 0.084464 0.084464 0.165482 0.165482 0.084464 0.011417 0.000022 0.000006 0.044513 0.000000 0.084464 0.084464 1.000000
0.084484 0.084484 0.084484 0.084484 0.084484 0.084484 0.084484 0.084484 0.084484 0.084484 0.165520 0.165520 0.084484 0.084484 0.000022 0.000006 0.035644 0.000000 0.084484 0.067760 1.000000
0.084484 0.084484 0.084484 0.084484 0.084484 0.084484 0.084484 0.084484 0.084484 0.084484 0.165520 0.165520 0.084484 0.084484 0.000022 0.000006 0.035644 0.000000 0.084484 0.067760 1.000000
0.083959 0.083959 0.083959 0.083959 0.083959 0.083959 0.083959 0.083959 0.083959 0.083959 0.164532 0.164532 0.083959 0.083959 0.000018 0.000007 0.035420 0.000000 0.083959 0.083959 1.000000
0.084462 0.084462 0.084462 0.084462 0.084462 0.084462 0.084462 0.084462 0.084462 0.084462 0.165478 0.165478 0.000018 0.084462 0.000035 0.000006 0.035635 0.000000 0.084462 0.084462 1.000000
0.084493 0.084493 0.084493 0.084493 0.084493 0.084493 0.084493 0.084493 0.084493 0.084493 0.165537 0.165537 0.084493 0.084493 0.000007 0.000007 0.000000 0.000000 0.084493 0.084493 1.000000
0.083959 0.083959 0.083959 0.083959 0.083959 0.083959 0.083959 0.083959 0.083959 0.083959 0.164532 0.164532 0.083959 0.083959 0.000018 0.000007 0.035420 0.000000 0.083959 0.083959 1.000000
0.084451 0.084451 0.084451 0.084451 0.084451 0.084451 0.084451 0.084451 0.000054 0.084451 0.165458 0.165458 0.084451 0.084451 0.000035 0.000007 0.044506 0.000000 0.084451 0.067734 1.000000
0.083959 0.083959 0.083959 0.083959 0.083959 0.083959 0.083959 0.083959 0.083959 0.083959 0.164532 0.164532 0.083959 0.083959 0.000018 0.000007 0.035420 0.000000 0.083959 0.083959 1.000000
0.084484 0.084484 0.084484 0.084484 0.084484 0.084484 0.084484 0.084484 0.084484 0.084484 0.165520 0.165520 0.084484 0.084484 0.000022 0.000006 0.035644 0.000000 0.067760 0.084484 1.000000
0.084463 0.084463 0.084463 0.084463 0.084463 0.084463 0.084463 0.084463 0.000028 0.084463 0.165481 0.165481 0.084463 0.084463 0.000028 0.000006 0.044513 0.000000 0.084463 0.084463 1.000000
0.083959 0.083959 0.083959 0.083959 0.083959 0.083959 0.083959 0.083959 0.083959 0.083959 0.164532 0.164532 0.083959 0.083959 0.000018 0.000007 0.035420 0.000000 0.083959 0.083959 1.000000
0.084044 0.084044 0.084044 0.084044 0.084044 0.084044 0.084044 0.084044 0.084044 0.084044 0.164692 0.164692 0.084044 0.084044 0.067406 0.000000 0.164692 0.000000 0.084044 0.084044 1.000000
0.083959 0.083959 0.083959 0.083959 0.083959 0.083959 0.083959 0.083959 0.083959 0.083959 0.164532 0.164532 0.083959 0.083959 0.000018 0.000007 0.035420 0.000000 0.083959 0.083959 1.000000
0.084462 0.084462 0.084462 0.084462 0.084462 0.084462 0.084462 0.084462 0.084462 0.084462 0.165478 0.165478 0.084462 0.084462 0.000035 0.000006 0.035635 0.000000 0.084462 0.000132 1.000000
0.083959 0.083959 0.083959 0.083959 0.083959 0.083959 0.083959 0.083959 0.083959 0.083959 0.164532 0.164532 0.083959 0.083959 0.000022 0.000006 0.035420 0.000000 0.083959 0.083959 1.000000
0.083959 0.083959 0.083959 0.083959 0.083959 0.083959 0.083959 0.083959 0.083959 0.083959 0.164532 0.164532 0.083959 0.083959 0.000018 0.000007 0.035420 0.000000 0.083959 0.083959 1.000000
0.084452 0.084452 0.084452 0.084452 0.084452 0.084452 0.084452 0.084452 0.084452 0.084452 0.165459 0.165459 0.084452 0.067734 0.000028 0.000007 0.044507 0.000000 0.011415 0.084452 1.000000
0.083959 0.083959 0.083959 0.083959 0.083959 0.083959 0.083959 0.083959 0.083959 0.083959 0.164532 0.164532 0.083959 0.083959 0.000018 0.000007 0.035420 0.000000 0.083959 0.083959 1.000000
0.083959 0.083959 0.083959 0.083959 0.083959 0.083959 0.083959 0.083959 0.083959 0.083959 0.164532 0.164532 0.083959 0.083959 0.000018 0.000007 0.035420 0.000000 0.083959 0.083959 1.000000
0.083959 0.083959 0.083959 0.083959 0.083959 0.083959 0.083959 0.083959 0.083959 0.083959 0.164532 0.164532 0.083959 0.083959 0.000018 0.000007 0.035420 0.000000 0.083959 0.083959 1.000000
0.084460 0.084460 0.084460 0.084460 0.084460 0.084460 0.084460 0.084460 0.084460 0.000000 0.165476 0.165476 0.084460 0.084460 0.000035 0.000005 0.028521 0.000108 0.084460 0.084460 1.000000
0.084494 0.084494 0.084494 0.084494 0.084494 0.084494 0.084494 0.084494 0.084494 0.084494 0.165538 0.165538 0.084494 0.084494 0.000000 0.000001 0.014617 0.000086 0.084494 0.084494 1.000000
0.084044 0.084044 0.084044 0.084044 0.084044 0.084044 0.084044 0.084044 0.084044 0.084044 0.164692 0.164692 0.084044 0.084044 0.067406 0.000000 0.164692 0.000000 0.084044 0.084044 1.000000
0.084470 0.084470 0.084470 0.084470 0.084470 0.084470 0.084470 0.084470 0.084470 0.084470 0.133690 0.165493 0.084470 0.084470 0.000007 0.000007 0.000000 0.000000 0.084470 0.084470 1.000000
0.084484 0.084484 0.084484 0.084484 0.084484 0.084484 0.084484 0.084484 0.084484 0.084484 0.165520 0.165520 0.084484 0.067760 0.000022 0.000006 0.035644 0.000000 0.084484 0.084484 1.000000
0.084493 0.084493 0.084493 0.084493 0.084493 0.084493 0.084493 0.084493 0.084493 0.084493 0.165537 0.165537 0.084493 0.084493 0.084493 0.000000 0.003833 0.000069 0.084493 0.000000 1.000000
0.084438 0.084438 0.084438 0.084438 0.084438 0.084438 0.084438 0.084438 0.004675 0.084438 0.165434 0.133641 0.084438 0.084438 0.000321 0.000006 0.035625 0.000000 0.084438 0.084438 1.000000
0.084486 0.084486 0.084486 0.084486 0.084486 0.084486 0.084486 0.084486 0.084486 0.084486 0.165523 0.165523 0.084486 0.067762 0.000018 0.000006 0.044525 0.000000 0.084486 0.084486 1.000000
0.084438 0.084438 0.084438 0.084438 0.084438 0.084438 0.084438 0.084438 0.004675 0.084438 0.165434 0.133641 0.084438 0.084438 0.000257 0.000007 0.035625 0.000000 0.084438 0.084438 1.000000
0.083959 0.083959 0.083959 0.083959 0.083959 0.083959 0.083959 0.083959 0.083959 0.083959 0.164532 0.164532 0.083959 0.083959 0.000018 0.000006 0.035420 0.000000 0.083959 0.083959 1.000000
0.084473 0.084473 0.084473 0.084473 0.084473 0.084473 0.084473 0.084473 0.084473 0.084473 0.133694 0.165499 0.084473 0.084473 0.000014 0.000007 0.035640 0.000000 0.084473 0.084473 1.000000
0.083959 0.083959 0.083959 0.083959 0.083959 0.083959 0.083959 0.083959 0.083959 0.083959 0.164532 0.164532 0.083959 0.083959 0.000018 0.000006 0.035420 0.000000 0.083959 0.083959 1.000000
0.083959 0.083959 0.083959 0.083959 0.083959 0.083959 0.083959 0.083959 0.083959 0.083959 0.164532 0.164532 0.083959 0.083959 0.000018 0.000006 0.035420 0.000000 0.083959 0.083959 1.000000
0.084429 0.084429 0.084429 0.084429 0.084429 0.084429 0.084429 0.084429 0.007304 0.084429 0.165417 0.165417 0.084429 0.084429 0.000321 0.000006 0.044495 0.000000 0.000402 0.084429 1.000000
0.084484 0.084484 0.084484 0.084484 0.084484 0.084484 0.084484 0.084484 0.084484 0.084484 0.165520 0.165520 0.084484 0.084484 0.000018 0.000007 0.035644 0.000000 0.067760 0.084484 1.000000
0.083959 0.083959 0.083959 0.083959 0.083959 0.083959 0.083959 0.083959 0.083959 0.083959 0.164532 0.164532 0.083959 0.083959 0.000018 0.000006 0.035420 0.000000 0.083959 0.083959 1.000000
0.084493 0.084493 0.084493 0.084493 0.084493 0.084493 0.084493 0.084493 0.084493 0.084493 0.165537 0.165537 0.084493 0.084493 0.000007 0.000006 0.000000 0.000000 0.084493 0.084493 1.000000
0.083959 0.083959 0.083959 0.083959 0.083959 0.083959 0.083959 0.083959 0.083959 0.083959 0.164532 0.164532 0.083959 0.083959 0.000018 0.000006 0.035420 0.000000 0.083959 0.083959 1.000000
0.083959 0.083959 0.083959 0.083959 0.083959 0.083959 0.083959 0.083959 0.083959 0.083959 0.164532 0.164532 0.083959 0.083959 0.000018 0.000006 0.035420 0.000000 0.083959 0.083959 1.000000
0.083959 0.083959 0.083959 0.083959 0.083959 0.083959 0.083959 0.083959 0.083959 0.083959 0.164532 0.164532 0.083959 0.083959 0.000018 0.000006 0.035420 0.000000 0.083959 0.083959 1.000000
0.083959 0.083959 0.083959 0.083959 0.083959 0.083959 0.083959 0.083959 0.083959 0.083959 0.164532 0.164532 0.083959 0.083959 0.000018 0.000006 0.035420 0.000000 0.083959 0.083959 1.000000
0.083959 0.083959 0.083959 0.083959 0.083959 0.083959 0.083959 0.083959 0.083959 0.083959 0.164532 0.164532 0.083959 0.083959 0.000018 0.000006 0.035420 0.000000 0.083959 0.083959 1.000000
0.083959 0.083959 0.083959 0.083959 0.083959 0.083959 0.083959 0.083959 0.083959 0.083959 0.164532 0.164532 0.083959 0.083959 0.000018 0.000006 0.035420 0.000000 0.083959 0.083959 1.000000
0.083959 0.083959 0.083959 0.083959 0.083959 0.083959 0.083959 0.083959 0.083959 0.083959 0.164532 0.164532 0.083959 0.083959 0.000018 0.000006 0.035420 0.000000 0.083959 0.083959 1.000000
0.083961 0.083961 0.083961 0.083961 0.083961 0.083961 0.083961 0.083961 0.083961 0.083961 0.164535 0.164535 0.083961 0.083961 0.000014 0.000007 0.044245 0.000000 0.083961 0.083961 1.000000
0.083959 0.083959 0.083959 0.083959 0.083959 0.083959 0.083959 0.083959 0.083959 0.083959 0.164532 0.164532 0.083959 0.083959 0.000018 0.000006 0.035420 0.000000 0.083959 0.083959 1.000000
0.084462 0.084462 0.084462 0.084462 0.084462 0.084462 0.084462 0.084462 0.084462 0.000043 0.165478 0.165478 0.084462 0.084462 0.000028 0.000006 0.035635 0.000000 0.084462 0.084462 1.000000
0.084473 0.084473 0.084473 0.084473 0.084473 0.084473 0.084473 0.084473 0.084473 0.084473 0.133694 0.165499 0.084473 0.084473 0.000018 0.000006 0.035640 0.000000 0.084473 0.084473 1.000000
0.083959 0.083959 0.083959 0.083959 0.083959 0.083959 0.083959 0.083959 0.083959 0.083959 0.164532 0.164532 0.083959 0.083959 0.000018 0.000006 0.035420 0.000000 0.083959 0.083959 1.000000
0.083959 0.083959 0.083959 0.083959 0.083959 0.083959 0.083959 0.083959 0.083959 0.083959 0.164532 0.164532 0.083959 0.083959 0.000018 0.000006 0.035420 0.000000 0.083959 0.083959 1.000000
0.083959 0.083959 0.083959 0.083959 0.083959 0.083959 0.083959 0.083959 0.083959 0.083959 0.164532 0.164532 0.083959 0.083959 0.000018 0.000006 0.035420 0.000000 0.083959 0.083959 1.000000
0.083959 0.083959 0.083959 0.083959 0.083959 0.083959 0.083959 0.083959 0.083959 0.083959 0.164532 0.164532 0.083959 0.083959 0.000018 0.000006 0.035420 0.000000 0.083959 0.083959 1.000000
0.083959 0.083959 0.083959 0.083959 0.083959 0.083959 0.083959 0.083959 0.083959 0.083959 0.164532 0.164532 0.083959 0.083959 0.000018 0.000006 0.035420 0.000000 0.083959 0.083959 1.000000
0.084462 0.084462 0.084462 0.084462 0.084462 0.084462 0.084462 0.084462 0.084462 0.084462 0.165478 0.165478 0.084462 0.084462 0.000028 0.000006 0.035635 0.000000 0.000043 0.084462 1.000000
0.084463 0.084463 0.084463 0.084463 0.084463 0.084463 0.084463 0.084463 0.084463 0.084463 0.165481 0.165481 0.084463 0.001532 0.000022 0.000007 0.044513 0.000000 0.084463 0.084463 1.000000
0.083959 0.083959 0.083959 0.083959 0.083959 0.083959 0.083959 0.083959 0.083959 0.083959 0.164532 0.164532 0.083959 0.083959 0.000018 0.000006 0.035420 0.000000 0.083959 0.083959 1.000000
0.083959 0.083959 0.083959 0.083959 0.083959 0.083959 0.083959 0.083959 0.083959 0.083959 0.164532 0.164532 0.083959 0.083959 0.000018 0.000006 0.035420 0.000000 0.083959 0.083959 1.000000
0.083959 0.083959 0.083959 0.083959 0.083959 0.083959 0.083959 0.083959 0.083959 0.083959 0.164532 0.164532 0.083959 0.083959 0.000018 0.000006 0.035420 0.000000 0.083959 0.083959 1.000000
0.083959 0.083959 0.083959 0.083959 0.083959 0.083959 0.083959 0.083959 0.083959 0.083959 0.164532 0.164532 0.083959 0.083959 0.000018 0.000006 0.035420 0.000000 0.083959 0.083959 1.000000
0.083959 0.083959 0.083959 0.083959 0.083959 0.083959 0.083959 0.083959 0.083959 0.083959 0.164532 0.164532 0.083959 0.083959 0.000018 0.000006 0.035420 0.000000 0.083959 0.083959 1.000000
0.083959 0.083959 0.083959 0.083959 0.083959 0.083959 0.083959 0.083959 0.083959 0.083959 0.164532 0.164532 0.083959 0.083959 0.000018 0.000006 0.035420 0.000000 0.083959 0.083959 1.000000
0.083959 0.083959 0.083959 0.083959 0.083959 0.083959 0.083959 0.083959 0.083959 0.083959 0.164532 0.164532 0.083959 0.083959 0.000018 0.000006 0.035420 0.000000 0.083959 0.083959 1.000000
0.084044 0.084044 0.084044 0.084044 0.084044 0.084044 0.084044 0.084044 0.084044 0.084044 0.164692 0.164692 0.084044 0.084044 0.067406 0.000000 0.164692 0.000000 0.084044 0.084044 1.000000
0.083959 0.083959 0.083959 0.083959 0.083959 0.083959 0.083959 0.083959 0.083959 0.083959 0.164532 0.164532 0.083959 0.083959 0.000018 0.000006 0.035420 0.000000 0.083959 0.083959 1.000000
0.083959 0.083959 0.083959 0.083959 0.083959 0.083959 0.083959 0.083959 0.083959 0.083959 0.164532 0.164532 0.083959 0.083959 0.000018 0.000006 0.035420 0.000000 0.083959 0.083959 1.000000
0.083959 0.083959 0.083959 0.083959 0.083959 0.083959 0.083959 0.083959 0.083959 0.083959 0.164532 0.164532 0.083959 0.083959 0.000018 0.000006 0.035420 0.000000 0.083959 0.083959 1.000000
0.084484 0.084484 0.084484 0.084484 0.084484 0.084484 0.084484 0.084484 0.084484 0.084484 0.165520 0.165520 0.067760 0.084484 0.000018 0.000007 0.035644 0.000000 0.084484 0.084484 1.000000
0.083959 0.083959 0.083959 0.083959 0.083959 0.083959 0.083959 0.083959 0.083959 0.083959 0.164532 0.164532 0.083959 0.083959 0.000018 0.000006 0.035420 0.000000 0.083959 0.083959 1.000000
0.083959 0.083959 0.083959 0.083959 0.083959 0.083959 0.083959 0.083959 0.083959 0.083959 0.164532 0.164532 0.083959 0.083959 0.000018 0.000006 0.035420 0.000000 0.083959 0.083959 1.000000
0.083959 0.083959 0.083959 0.083959 0.083959 0.083959 0.083959 0.083959 0.083959 0.083959 0.164532 0.164532 0.083959 0.083959 0.000018 0.000006 0.035420 0.000000 0.083959 0.083959 1.000000
0.083959 0.083959 0.083959 0.083959 0.083959 0.083959 0.083959 0.083959 0.083959 0.083959 0.164532 0.164532 0.083959 0.083959 0.000018 0.000006 0.035420 0.000000 0.083959 0.083959 1.000000
0.083959 0.083959 0.083959 0.083959 0.083959 0.083959 0.083959 0.083959 0.083959 0.083959 0.164532 0.164532 0.083959 0.083959 0.000018 0.000006 0.035420 0.000000 0.083959 0.083959 1.000000
0.083959 0.083959 0.083959 0.083959 0.083959 0.083959 0.083959 0.083959 0.083959 0.083959 0.164532 0.164532 0.083959 0.083959 0.000018 0.000006 0.035420 0.000000 0.083959 0.083959 1.000000
0.083959 0.083959 0.083959 0.083959 0.083959 0.083959 0.083959 0.083959 0.083959 0.083959 0.164532 0.164532 0.083959 0.083959 0.000018 0.000006 0.035420 0.000000 0.083959 0.083959 1.000000
0.083959 0.083959 0.083959 0.083959 0.083959 0.083959 0.083959 0.083959 0.083959 0.083959 0.164532 0.164532 0.083959 0.083959 0.000018 0.000006 0.035420 0.000000 0.083959 0.083959 1.000000
0.084460 0.084460 0.084460 0.084460 0.084460 0.084460 0.084460 0.084460 0.084460 0.084460 0.165476 0.165476 0.084460 0.084460 0.000084 0.000001 0.028521 0.000069 0.084460 0.000000 1.000000
0.083959 0.083959 0.083959 0.083959 0.083959 0.083959 0.083959 0.083959 0.083959 0.083959 0.164532 0.164532 0.083959 0.083959 0.000018 0.000006 0.035420 0.000000 0.083959 0.083959 1.000000
0.083959 0.083959 0.083959 0.083959 0.083959 0.083959 0.083959 0.083959 0.083959 0.083959 0.164532 0.164532 0.083959 0.083959 0.000018 0.000006 0.035420 0.000000 0.083959 0.083959 1.000000
0.083959 0.083959 0.083959 0.083959 0.083959 0.083959 0.083959 0.083959 0.083959 0.083959 0.164532 0.164532 0.083959 0.083959 0.000018 0.000006 0.035420 0.000000 0.083959 0.083959 1.000000
0.083959 0.083959 0.083959 0.083959 0.083959 0.083959 0.083959 0.083959 0.083959 0.083959 0.164532 0.164532 0.083959 0.083959 0.000018 0.000006 0.035420 0.000000 0.083959 0.083959 1.000000
0.083959 0.083959 0.083959 0.083959 0.083959 0.083959 0.083959 0.083959 0.083959 0.083959 0.164532 0.164532 0.083959 0.083959 0.000018 0.000006 0.035420 0.000000 0.083959 0.083959 1.000000
0.083959 0.083959 0.083959 0.083959 0.083959 0.083959 0.083959 0.083959 0.083959 0.083959 0.164532 0.164532 0.083959 0.083959 0.000018 0.000006 0.035420 0.000000 0.083959 0.083959 1.000000
0.083959 0.083959 0.083959 0.083959 0.083959 0.083959 0.083959 0.083959 0.083959 0.083959 0.164532 0.164532 0.083959 0.083959 0.000018 0.000006 0.035420 0.000000 0.083959 0.083959 1.000000
0.083959 0.083959 0.083959 0.083959 0.083959 0.083959 0.083959 0.083959 0.083959 0.083959 0.164532 0.164532 0.083959 0.083959 0.000018 0.000006 0.035420 0.000000 0.083959 0.083959 1.000000
0.083959 0.083959 0.083959 0.083959 0.083959 0.083959 0.083959 0.083959 0.083959 0.083959 0.164532 0.164532 0.083959 0.083959 0.000018 0.000006 0.035420 0.000000 0.083959 0.083959 1.000000
0.084467 0.084467 0.084467 0.084467 0.084467 0.084467 0.084467 0.084467 0.084467 0.084467 0.165488 0.165488 0.027855 0.084467 0.000028 0.000007 0.044515 0.000000 0.084467 0.084467 1.000000
0.083959 0.083959 0.083959 0.083959 0.083959 0.083959 0.083959 0.083959 0.083959 0.083959 0.164532 0.164532 0.083959 0.083959 0.000018 0.000006 0.035420 0.000000 0.083959 0.083959 1.000000
0.083959 0.083959 0.083959 0.083959 0.083959 0.083959 0.083959 0.083959 0.083959 0.083959 0.164532 0.164532 0.083959 0.083959 0.000018 0.000006 0.035420 0.000000 0.083959 0.083959 1.000000
0.083959 0.083959 0.083959 0.083959 0.083959 0.083959 0.083959 0.083959 0.083959 0.083959 0.164532 0.164532 0.083959 0.083959 0.000018 0.000006 0.035420 0.000000 0.083959 0.083959 1.000000
0.083959 0.083959 0.083959 0.083959 0.083959 0.083959 0.083959 0.083959 0.083959 0.083959 0.164532 0.164532 0.083959 0.083959 0.000018 0.000006 0.035420 0.000000 0.083959 0.083959 1.000000
0.083959 0.083959 0.083959 0.083959 0.083959 0.083959 0.083959 0.083959 0.083959 0.083959 0.164532 0.164532 0.083959 0.083959 0.000018 0.000006 0.035420 0.000000 0.083959 0.083959 1.000000
0.083959 0.083959 0.083959 0.083959 0.083959 0.083959 0.083959 0.083959 0.083959 0.083959 0.164532 0.164532 0.083959 0.083959 0.000018 0.000006 0.035420 0.000000 0.083959 0.083959 1.000000
0.083959 0.083959 0.083959 0.083959 0.083959 0.083959 0.083959 0.083959 0.083959 0.083959 0.164532 0.164532 0.083959 0.083959 0.000018 0.000006 0.035420 0.000000 0.083959 0.083959 1.000000
0.083959 0.083959 0.083959 0.083959 0.083959 0.083959 0.083959 0.083959 0.083959 0.083959 0.164532 0.164532 0.083959 0.083959 0.000018 0.000006 0.035420 0.000000 0.083959 0.083959 1.000000
0.083959 0.083959 0.083959 0.083959 0.083959 0.083959 0.083959 0.083959 0.083959 0.083959 0.164532 0.164532 0.083959 0.083959 0.000018 0.000006 0.035420 0.000000 0.083959 0.083959 1.000000
0.083959 0.083959 0.083959 0.083959 0.083959 0.083959 0.083959 0.083959 0.083959 0.083959 0.164532 0.164532 0.083959 0.083959 0.000018 0.000006 0.035420 0.000000 0.083959 0.083959 1.000000
0.083959 0.083959 0.083959 0.083959 0.083959 0.083959 0.083959 0.083959 0.083959 0.083959 0.164532 0.164532 0.083959 0.083959 0.000018 0.000006 0.035420 0.000000 0.083959 0.083959 1.000000
0.083959 0.083959 0.083959 0.083959 0.083959 0.083959 0.083959 0.083959 0.083959 0.083959 0.164532 0.164532 0.083959 0.083959 0.000018 0.000006 0.035420 0.000000 0.083959 0.083959 1.000000
0.084460 0.084460 0.084460 0.084460 0.084460 0.084460 0.084460 0.084460 0.084460 0.084460 0.165476 0.165476 0.084460 0.084460 0.000084 0.000001 0.028521 0.000108 0.000000 0.084460 1.000000
0.083959 0.083959 0.083959 0.083959 0.083959 0.083959 0.083959 0.083959 0.083959 0.083959 0.164532 0.164532 0.083959 0.083959 0.000018 0.000006 0.035420 0.000000 0.083959 0.083959 1.000000
0.083959 0.083959 0.083959 0.083959 0.083959 0.083959 0.083959 0.083959 0.083959 0.083959 0.164532 0.164532 0.083959 0.083959 0.000018 0.000006 0.035420 0.000000 0.083959 0.083959 1.000000
0.083959 0.083959 0.083959 0.083959 0.083959 0.083959 0.083959 0.083959 0.083959 0.083959 0.164532 0.164532 0.083959 0.083959 0.000018 0.000006 0.035420 0.000000 0.083959 0.083959 1.000000
0.083959 0.083959 0.083959 0.083959 0.083959 0.083959 0.083959 0.083959 0.083959 0.083959 0.164532 0.164532 0.083959 0.083959 0.000018 0.000006 0.035420 0.000000 0.083959 0.083959 1.000000
0.083959 0.083959 0.083959 0.083959 0.083959 0.083959 0.083959 0.083959 0.083959 0.083959 0.164532 0.164532 0.083959 0.083959 0.000018 0.000006 0.035420 0.000000 0.083959 0.083959 1.000000
0.083959 0.083959 0.083959 0.083959 0.083959 0.083959 0.083959 0.083959 0.083959 0.083959 0.164532 0.164532 0.083959 0.083959 0.000018 0.000006 0.035420 0.000000 0.083959 0.083959 1.000000
0.083959 0.083959 0.083959 0.083959 0.083959 0.083959 0.083959 0.083959 0.083959 0.083959 0.164532 0.164532 0.083959 0.083959 0.000018 0.000006 0.035420 0.000000 0.083959 0.083959 1.000000
0.084467 0.084467 0.084467 0.084467 0.084467 0.084467 0.084467 0.084467 0.084467 0.084467 0.165489 0.165489 0.034804 0.084467 0.000028 0.000006 0.035637 0.000000 0.084467 0.084467 1.000000
0.083959 0.083959 0.083959 0.083959 0.083959 0.083959 0.083959 0.083959 0.083959 0.083959 0.164532 0.164532 0.083959 0.083959 0.000018 0.000006 0.035420 0.000000 0.083959 0.083959 1.000000
0.083959 0.083959 0.083959 0.083959 0.083959 0.083959 0.083959 0.083959 0.083959 0.083959 0.164532 0.164532 0.083959 0.083959 0.000018 0.000006 0.035420 0.000000 0.083959 0.083959 1.000000
0.084462 0.084462 0.084462 0.084462 0.084462 0.084462 0.084462 0.084462 0.004677 0.084462 0.165478 0.165478 0.084462 0.084462 0.000257 0.000007 0.035635 0.000000 0.084462 0.084462 1.000000
0.083959 0.083959 0.083959 0.083959 0.083959 0.083959 0.083959 0.083959 0.083959 0.083959 0.164532 0.164532 0.083959 0.083959 0.000018 0.000006 0.035420 0.000000 0.083959 0.083959 1.000000
0.083959 0.083959 0.083959 0.083959 0.083959 0.083959 0.083959 0.083959 0.083959 0.083959 0.164532 0.164532 0.083959 0.083959 0.000018 0.000006 0.035420 0.000000 0.083959 0.083959 1.000000
0.083959 0.083959 0.083959 0.083959 0.083959 0.083959 0.083959 0.083959 0.083959 0.083959 0.164532 0.164532 0.083959 0.083959 0.000018 0.000006 0.035420 0.000000 0.083959 0.083959 1.000000
0.083959 0.083959 0.083959 0.083959 0.083959 0.083959 0.083959 0.083959 0.083959 0.083959 0.164532 0.164532 0.083959 0.083959 0.000018 0.000006 0.035420 0.000000 0.083959 0.083959 1.000000
0.083959 0.083959 0.083959 0.083959 0.083959 0.083959 0.083959 0.083959 0.083959 0.083959 0.164532 0.164532 0.083959 0.083959 0.000018 0.000006 0.035420 0.000000 0.083959 0.083959 1.000000
0.083959 0.083959 0.083959 0.083959 0.083959 0.083959 0.083959 0.083959 0.083959 0.083959 0.164532 0.164532 0.083959 0.083959 0.000018 0.000006 0.035420 0.000000 0.083959 0.083959 1.000000
0.083959 0.083959 0.083959 0.083959 0.083959 0.083959 0.083959 0.083959 0.083959 0.083959 0.164532 0.164532 0.083959 0.083959 0.000018 0.000006 0.035420 0.000000 0.083959 0.083959 1.000000
0.083959 0.083959 0.083959 0.083959 0.083959 0.083959 0.083959 0.083959 0.083959 0.083959 0.164532 0.164532 0.083959 0.083959 0.000018 0.000006 0.035420 0.000000 0.083959 0.083959 1.000000
0.083959 0.083959 0.083959 0.083959 0.083959 0.083959 0.083959 0.083959 0.083959 0.083959 0.164532 0.164532 0.083959 0.083959 0.000018 0.000006 0.035420 0.000000 0.083959 0.083959 1.000000
0.083959 0.083959 0.083959 0.083959 0.083959 0.083959 0.083959 0.083959 0.083959 0.083959 0.164532 0.164532 0.083959 0.083959 0.000018 0.000006 0.035420 0.000000 0.083959 0.083959 1.000000
0.083959 0.083959 0.083959 0.083959 0.083959 0.083959 0.083959 0.083959 0.083959 0.083959 0.164532 0.164532 0.083959 0.083959 0.000018 0.000006 0.035420 0.000000 0.083959 0.083959 1.000000
0.083959 0.083959 0.083959 0.083959 0.083959 0.083959 0.083959 0.083959 0.083959 0.083959 0.164532 0.164532 0.083959 0.083959 0.000018 0.000006 0.035420 0.000000 0.083959 0.083959 1.000000
0.083959 0.083959 0.083959 0.083959 0.083959 0.083959 0.083959 0.083959 0.083959 0.083959 0.164532 0.164532 0.083959 0.083959 0.000018 0.000006 0.035420 0.000000 0.083959 0.083959 1.000000
0.083959 0.083959 0.083959 0.083959 0.083959 0.083959 0.083959 0.083959 0.083959 0.083959 0.164532 0.164532 0.083959 0.083959 0.000018 0.000006 0.035420 0.000000 0.083959 0.083959 1.000000
0.083959 0.083959 0.083959 0.083959 0.083959 0.083959 0.083959 0.083959 0.083959 0.083959 0.164532 0.164532 0.083959 0.083959 0.000018 0.000006 0.035420 0.000000 0.083959 0.083959 1.000000
0.083959 0.083959 0.083959 0.083959 0.083959 0.083959 0.083959 0.083959 0.083959 0.083959 0.164532 0.164532 0.083959 0.083959 0.000018 0.000006 0.035420 0.000000 0.083959 0.083959 1.000000
0.083959 0.083959 0.083959 0.083959 0.083959 0.083959 0.083959 0.083959 0.083959 0.083959 0.164532 0.164532 0.083959 0.083959 0.000018 0.000006 0.035420 0.000000 0.083959 0.083959 1.000000
0.083959 0.083959 0.083959 0.083959 0.083959 0.083959 0.083959 0.083959 0.083959 0.083959 0.164532 0.164532 0.083959 0.083959 0.000018 0.000006 0.035420 0.000000 0.083959 0.083959 1.000000
0.083959 0.083959 0.083959 0.083959 0.083959 0.083959 0.083959 0.083959 0.083959 0.083959 0.164532 0.164532 0.083959 0.083959 0.000018 0.000006 0.035420 0.000000 0.083959 0.083959 1.000000
0.084462 0.084462 0.084462 0.084462 0.084462 0.084462 0.084462 0.084462 0.084462 0.084462 0.165478 0.165478 0.084462 0.000000 0.000054 0.000002 0.035635 0.000044 0.084462 0.084462 1.000000
0.083959 0.083959 0.083959 0.083959 0.083959 0.083959 0.083959 0.083959 0.083959 0.083959 0.164532 0.164532 0.083959 0.083959 0.000018 0.000006 0.035420 0.000000 0.083959 0.083959 1.000000
0.084484 0.084484 0.084484 0.084484 0.084484 0.084484 0.084484 0.084484 0.084484 0.084484 0.165520 0.165520 0.067760 0.084484 0.000018 0.000007 0.035644 0.000000 0.084484 0.084484 1.000000
0.083959 0.083959 0.083959 0.083959 0.083959 0.083959 0.083959 0.083959 0.083959 0.083959 0.164532 0.164532 0.083959 0.083959 0.000018 0.000006 0.035420 0.000000 0.083959 0.083959 1.000000
0.083959 0.083959 0.083959 0.083959 0.083959 0.083959 0.083959 0.083959 0.083959 0.083959 0.164532 0.164532 0.083959 0.083959 0.000018 0.000006 0.035420 0.000000 0.083959 0.083959 1.000000
0.083959 0.083959 0.083959 0.083959 0.083959 0.083959 0.083959 0.083959 0.083959 0.083959 0.164532 0.164532 0.083959 0.083959 0.000018 0.000006 0.035420 0.000000 0.083959 0.083959 1.000000
0.083959 0.083959 0.083959 0.083959 0.083959 0.083959 0.083959 0.083959 0.083959 0.083959 0.164532 0.164532 0.083959 0.083959 0.000018 0.000006 0.035420 0.000000 0.083959 0.083959 1.000000
0.083959 0.083959 0.083959 0.083959 0.083959 0.083959 0.083959 0.083959 0.083959 0.083959 0.164532 0.164532 0.083959 0.083959 0.000018 0.000006 0.035420 0.000000 0.083959 0.083959 1.000000
0.083959 0.083959 0.083959 0.083959 0.083959 0.083959 0.083959 0.083959 0.083959 0.083959 0.164532 0.164532 0.083959 0.083959 0.000018 0.000006 0.035420 0.000000 0.083959 0.083959 1.000000
0.083959 0.083959 0.083959 0.083959 0.083959 0.083959 0.083959 0.083959 0.083959 0.083959 0.164532 0.164532 0.083959 0.083959 0.000018 0.000006 0.035420 0.000000 0.083959 0.083959 1.000000
0.083959 0.083959 0.083959 0.083959 0.083959 0.083959 0.083959 0.083959 0.083959 0.083959 0.164532 0.164532 0.083959 0.083959 0.000018 0.000006 0.035420 0.000000 0.083959 0.083959 1.000000
0.083959 0.083959 0.083959 0.083959 0.083959 0.083959 0.083959 0.083959 0.083959 0.083959 0.164532 0.164532 0.083959 0.083959 0.000018 0.000006 0.035420 0.000000 0.083959 0.083959 1.000000
0.083959 0.083959 0.083959 0.083959 0.083959 0.083959 0.083959 0.083959 0.083959 0.083959 0.164532 0.164532 0.083959 0.083959 0.000018 0.000006 0.035420 0.000000 0.083959 0.083959 1.000000
0.083959 0.083959 0.083959 0.083959 0.083959 0.083959 0.083959 0.083959 0.083959 0.083959 0.164532 0.164532 0.083959 0.083959 0.000018 0.000006 0.035420 0.000000 0.083959 0.083959 1.000000
0.083959 0.083959 0.083959 0.083959 0.083959 0.083959 0.083959 0.083959 0.083959 0.083959 0.164532 0.164532 0.083959 0.083959 0.000018 0.000006 0.035420 0.000000 0.083959 0.083959 1.000000
0.083959 0.083959 0.083959 0.083959 0.083959 0.083959 0.083959 0.083959 0.083959 0.083959 0.164532 0.164532 0.083959 0.083959 0.000018 0.000006 0.035420 0.000000 0.083959 0.083959 1.000000
0.083959 0.083959 0.083959 0.083959 0.083959 0.083959 0.083959 0.083959 0.083959 0.083959 0.164532 0.164532 0.083959 0.083959 0.000018 0.000006 0.035420 0.000000 0.083959 0.083959 1.000000
0.083959 0.083959 0.083959 0.083959 0.083959 0.083959 0.083959 0.083959 0.083959 0.083959 0.164532 0.164532 0.083959 0.083959 0.000018 0.000006 0.035420 0.000000 0.083959 0.083959 1.000000
0.083959 0.083959 0.083959 0.083959 0.083959 0.083959 0.083959 0.083959 0.083959 0.083959 0.164532 0.164532 0.083959 0.083959 0.000018 0.000006 0.035420 0.000000 0.083959 0.083959 1.000000
0.083959 0.083959 0.083959 0.083959 0.083959 0.083959 0.083959 0.083959 0.083959 0.083959 0.164532 0.164532 0.083959 0.083959 0.000018 0.000006 0.035420 0.000000 0.083959 0.083959 1.000000
0.083959 0.083959 0.083959 0.083959 0.083959 0.083959 0.083959 0.083959 0.083959 0.083959 0.164532 0.164532 0.083959 0.083959 0.000018 0.000006 0.035420 0.000000 0.083959 0.083959 1.000000
0.083959 0.083959 0.083959 0.083959 0.083959 0.083959 0.083959 0.083959 0.083959 0.083959 0.164532 0.164532 0.083959 0.083959 0.000018 0.000006 0.035420 0.000000 0.083959 0.083959 1.000000
0.083959 0.083959 0.083959 0.083959 0.083959 0.083959 0.083959 0.083959 0.083959 0.083959 0.164532 0.164532 0.083959 0.083959 0.000018 0.000006 0.035420 0.000000 0.083959 0.083959 1.000000
0.083959 0.083959 0.083959 0.083959 0.083959 0.083959 0.083959 0.083959 0.083959 0.083959 0.164532 0.164532 0.083959 0.083959 0.000018 0.000006 0.035420 0.000000 0.083959 0.083959 1.000000
0.083959 0.083959 0.083959 0.083959 0.083959 0.083959 0.083959 0.083959 0.083959 0.083959 0.164532 0.164532 0.083959 0.083959 0.000018 0.000006 0.035420 0.000000 0.083959 0.083959 1.000000
0.083959 0.083959 0.083959 0.083959 0.083959 0.083959 0.083959 0.083959 0.083959 0.083959 0.164532 0.164532 0.083959 0.083959 0.000018 0.000006 0.035420 0.000000 0.083959 0.083959 1.000000
0.083959 0.083959 0.083959 0.083959 0.083959 0.083959 0.083959 0.083959 0.083959 0.083959 0.164532 0.164532 0.083959 0.083959 0.000018 0.000006 0.035420 0.000000 0.083959 0.083959 1.000000
0.083959 0.083959 0.083959 0.083959 0.083959 0.083959 0.083959 0.083959 0.083959 0.083959 0.164532 0.164532 0.083959 0.083959 0.000018 0.000006 0.035420 0.000000 0.083959 0.083959 1.000000
0.083958 0.083958 0.083958 0.083958 0.083958 0.083958 0.083958 0.083958 0.083958 0.083958 0.164530 0.164530 0.083958 0.083958 0.000018 0.000007 0.028349 0.000000 0.083958 0.083958 1.000000
0.083959 0.083959 0.083959 0.083959 0.083959 0.083959 0.083959 0.083959 0.083959 0.083959 0.164532 0.164532 0.083959 0.083959 0.000018 0.000006 0.035420 0.000000 0.083959 0.083959 1.000000
0.083959 0.083959 0.083959 0.083959 0.083959 0.083959 0.083959 0.083959 0.083959 0.083959 0.164532 0.164532 0.083959 0.083959 0.000018 0.000006 0.035420 0.000000 0.083959 0.083959 1.000000
0.083959 0.083959 0.083959 0.083959 0.083959 0.083959 0.083959 0.083959 0.083959 0.083959 0.164532 0.164532 0.083959 0.083959 0.000018 0.000006 0.035420 0.000000 0.083959 0.083959 1.000000
0.083959 0.083959 0.083959 0.083959 0.083959 0.083959 0.083959 0.083959 0.083959 0.083959 0.164532 0.164532 0.083959 0.083959 0.000018 0.000006 0.035420 0.000000 0.083959 0.083959 1.000000
0.083959 0.083959 0.083959 0.083959 0.083959 0.083959 0.083959 0.083959 0.083959 0.083959 0.164532 0.164532 0.083959 0.083959 0.000018 0.000006 0.035420 0.000000 0.083959 0.083959 1.000000
0.083959 0.083959 0.083959 0.083959 0.083959 0.083959 0.083959 0.083959 0.083959 0.083959 0.164532 0.164532 0.083959 0.083959 0.000018 0.000006 0.035420 0.000000 0.083959 0.083959 1.000000
0.083959 0.083959 0.083959 0.083959 0.083959 0.083959 0.083959 0.083959 0.083959 0.083959 0.164532 0.164532 0.083959 0.083959 0.000018 0.000006 0.035420 0.000000 0.083959 0.083959 1.000000
0.083959 0.083959 0.083959 0.083959 0.083959 0.083959 0.083959 0.083959 0.083959 0.083959 0.164532 0.164532 0.083959 0.083959 0.000018 0.000006 0.035420 0.000000 0.083959 0.083959 1.000000
0.083959 0.083959 0.083959 0.083959 0.083959 0.083959 0.083959 0.083959 0.083959 0.083959 0.164532 0.164532 0.083959 0.083959 0.000018 0.000006 0.035420 0.000000 0.083959 0.083959 1.000000
0.083959 0.083959 0.083959 0.083959 0.083959 0.083959 0.083959 0.083959 0.083959 0.083959 0.164532 0.164532 0.083959 0.083959 0.000018 0.000006 0.035420 0.000000 0.083959 0.083959 1.000000
0.083959 0.083959 0.083959 0.083959 0.083959 0.083959 0.083959 0.083959 0.083959 0.083959 0.164532 0.164532 0.083959 0.083959 0.000018 0.000006 0.035420 0.000000 0.083959 0.083959 1.000000
0.083959 0.083959 0.083959 0.083959 0.083959 0.083959 0.083959 0.083959 0.083959 0.083959 0.164532 0.164532 0.083959 0.083959 0.000018 0.000006 0.035420 0.000000 0.083959 0.083959 1.000000
0.083959 0.083959 0.083959 0.083959 0.083959 0.083959 0.083959 0.083959 0.083959 0.083959 0.164532 0.164532 0.083959 0.083959 0.000018 0.000006 0.035420 0.000000 0.083959 0.083959 1.000000
0.083959 0.083959 0.083959 0.083959 0.083959 0.083959 0.083959 0.083959 0.083959 0.083959 0.164532 0.164532 0.083959 0.083959 0.000018 0.000006 0.035420 0.000000 0.083959 0.083959 1.000000
0.083959 0.083959 0.083959 0.083959 0.083959 0.083959 0.083959 0.083959 0.083959 0.083959 0.164532 0.164532 0.083959 0.083959 0.000018 0.000006 0.035420 0.000000 0.083959 0.083959 1.000000
0.083959 0.083959 0.083959 0.083959 0.083959 0.083959 0.083959 0.083959 0.083959 0.083959 0.164532 0.164532 0.083959 0.083959 0.000018 0.000006 0.035420 0.000000 0.083959 0.083959 1.000000
0.083959 0.083959 0.083959 0.083959 0.083959 0.083959 0.083959 0.083959 0.083959 0.083959 0.164532 0.164532 0.083959 0.083959 0.000018 0.000006 0.035420 0.000000 0.083959 0.083959 1.000000
0.083959 0.083959 0.083959 0.083959 0.083959 0.083959 0.083959 0.083959 0.083959 0.083959 0.164532 0.164532 0.083959 0.083959 0.000018 0.000006 0.035420 0.000000 0.083959 0.083959 1.000000
0.083959 0.083959 0.083959 0.083959 0.083959 0.083959 0.083959 0.083959 0.083959 0.083959 0.164532 0.164532 0.083959 0.083959 0.000018 0.000006 0.035420 0.000000 0.083959 0.083959 1.000000
0.083959 0.083959 0.083959 0.083959 0.083959 0.083959 0.083959 0.083959 0.083959 0.083959 0.164532 0.164532 0.083959 0.083959 0.000018 0.000006 0.035420 0.000000 0.083959 0.083959 1.000000
0.083959 0.083959 0.083959 0.083959 0.083959 0.083959 0.083959 0.083959 0.083959 0.083959 0.164532 0.164532 0.083959 0.083959 0.000018 0.000006 0.035420 0.000000 0.083959 0.083959 1.000000
0.083959 0.083959 0.083959 0.083959 0.083959 0.083959 0.083959 0.083959 0.083959 0.083959 0.164532 0.164532 0.083959 0.083959 0.000018 0.000006 0.035420 0.000000 0.083959 0.083959 1.000000
0.083959 0.083959 0.083959 0.083959 0.083959 0.083959 0.083959 0.083959 0.083959 0.083959 0.164532 0.164532 0.083959 0.083959 0.000018 0.000006 0.035420 0.000000 0.083959 0.083959 1.000000
0.083959 0.083959 0.083959 0.083959 0.083959 0.083959 0.083959 0.083959 0.083959 0.083959 0.164532 0.164532 0.083959 0.083959 0.000018 0.000006 0.035420 0.000000 0.083959 0.083959 1.000000
0.083959 0.083959 0.083959 0.083959 0.083959 0.083959 0.083959 0.083959 0.083959 0.083959 0.164532 0.164532 0.083959 0.083959 0.000018 0.000006 0.035420 0.000000 0.083959 0.083959 1.000000
0.083959 0.083959 0.083959 0.083959 0.083959 0.083959 0.083959 0.083959 0.083959 0.083959 0.164532 0.164532 0.083959 0.083959 0.000018 0.000006 0.035420 0.000000 0.083959 0.083959 1.000000
0.083959 0.083959 0.083959 0.083959 0.083959 0.083959 0.083959 0.083959 0.083959 0.083959 0.164532 0.164532 0.083959 0.083959 0.000018 0.000006 0.035420 0.000000 0.083959 0.083959 1.000000
0.083959 0.083959 0.083959 0.083959 0.083959 0.083959 0.083959 0.083959 0.083959 0.083959 0.164532 0.164532 0.083959 0.083959 0.000018 0.000006 0.035420 0.000000 0.083959 0.083959 1.000000
0.083959 0.083959 0.083959 0.083959 0.083959 0.083959 0.083959 0.083959 0.083959 0.083959 0.164532 0.164532 0.083959 0.083959 0.000018 0.000006 0.035420 0.000000 0.083959 0.083959 1.000000
0.083959 0.083959 0.083959 0.083959 0.083959 0.083959 0.083959 0.083959 0.083959 0.083959 0.164532 0.164532 0.083959 0.083959 0.000018 0.000006 0.035420 0.000000 0.083959 0.083959 1.000000
0.083959 0.083959 0.083959 0.083959 0.083959 0.083959 0.083959 0.083959 0.083959 0.083959 0.164532 0.164532 0.083959 0.083959 0.000018 0.000006 0.035420 0.000000 0.083959 0.083959 1.000000
0.083959 0.083959 0.083959 0.083959 0.083959 0.083959 0.083959 0.083959 0.083959 0.083959 0.164532 0.164532 0.083959 0.083959 0.000018 0.000006 0.035420 0.000000 0.083959 0.083959 1.000000
0.083959 0.083959 0.083959 0.083959 0.083959 0.083959 0.083959 0.083959 0.083959 0.083959 0.164532 0.164532 0.083959 0.083959 0.000018 0.000006 0.035420 0.000000 0.083959 0.083959 1.000000
0.083959 0.083959 0.083959 0.083959 0.083959 0.083959 0.083959 0.083959 0.083959 0.083959 0.164532 0.164532 0.083959 0.083959 0.000018 0.000006 0.035420 0.000000 0.083959 0.083959 1.000000
0.083959 0.083959 0.083959 0.083959 0.083959 0.083959 0.083959 0.083959 0.083959 0.083959 0.164532 0.164532 0.083959 0.083959 0.000018 0.000006 0.035420 0.000000 0.083959 0.083959 1.000000
0.083959 0.083959 0.083959 0.083959 0.083959 0.083959 0.083959 0.083959 0.083959 0.083959 0.164532 0.164532 0.083959 0.083959 0.000014 0.000007 0.035420 0.000000 0.083959 0.083959 1.000000
0.083959 0.083959 0.083959 0.083959 0.083959 0.083959 0.083959 0.083959 0.083959 0.083959 0.164532 0.164532 0.083959 0.083959 0.000014 0.000007 0.035420 0.000000 0.083959 0.083959 1.000000
0.083959 0.083959 0.083959 0.083959 0.083959 0.083959 0.083959 0.083959 0.083959 0.083959 0.164532 0.164532 0.083959 0.083959 0.000014 0.000007 0.035420 0.000000 0.083959 0.083959 1.000000
0.083959 0.083959 0.083959 0.083959 0.083959 0.083959 0.083959 0.083959 0.083959 0.083959 0.164532 0.164532 0.083959 0.083959 0.000014 0.000007 0.035420 0.000000 0.083959 0.083959 1.000000
0.083959 0.083959 0.083959 0.083959 0.083959 0.083959 0.083959 0.083959 0.083959 0.083959 0.164532 0.164532 0.083959 0.083959 0.000014 0.000007 0.035420 0.000000 0.083959 0.083959 1.000000
0.083959 0.083959 0.083959 0.083959 0.083959 0.083959 0.083959 0.083959 0.083959 0.083959 0.164532 0.164532 0.083959 0.083959 0.000014 0.000007 0.035420 0.000000 0.083959 0.083959 1.000000
0.083959 0.083959 0.083959 0.083959 0.083959 0.083959 0.083959 0.083959 0.083959 0.083959 0.164532 0.164532 0.083959 0.083959 0.000014 0.000007 0.035420 0.000000 0.083959 0.083959 1.000000
0.084462 0.084462 0.084462 0.084462 0.084462 0.084462 0.084462 0.084462 0.084462 0.084462 0.165478 0.165478 0.000043 0.084462 0.000028 0.000006 0.035635 0.000000 0.084462 0.084462 1.000000
0.083959 0.083959 0.083959 0.083959 0.083959 0.083959 0.083959 0.083959 0.083959 0.083959 0.164532 0.164532 0.083959 0.083959 0.000014 0.000007 0.035420 0.000000 0.083959 0.083959 1.000000
0.083959 0.083959 0.083959 0.083959 0.083959 0.083959 0.083959 0.083959 0.083959 0.083959 0.164532 0.164532 0.083959 0.083959 0.000014 0.000007 0.035420 0.000000 0.083959 0.083959 1.000000
0.083959 0.083959 0.083959 0.083959 0.083959 0.083959 0.083959 0.083959 0.083959 0.083959 0.164532 0.164532 0.083959 0.083959 0.000014 0.000007 0.035420 0.000000 0.083959 0.083959 1.000000
0.083959 0.083959 0.083959 0.083959 0.083959 0.083959 0.083959 0.083959 0.083959 0.083959 0.164532 0.164532 0.083959 0.083959 0.000014 0.000007 0.035420 0.000000 0.083959 0.083959 1.000000
0.083959 0.083959 0.083959 0.083959 0.083959 0.083959 0.083959 0.083959 0.083959 0.083959 0.164532 0.164532 0.083959 0.083959 0.000014 0.000007 0.035420 0.000000 0.083959 0.083959 1.000000
0.083959 0.083959 0.083959 0.083959 0.083959 0.083959 0.083959 0.083959 0.083959 0.083959 0.164532 0.164532 0.083959 0.083959 0.000014 0.000007 0.035420 0.000000 0.083959 0.083959 1.000000
0.083959 0.083959 0.083959 0.083959 0.083959 0.083959 0.083959 0.083959 0.083959 0.083959 0.164532 0.164532 0.083959 0.083959 0.000014 0.000007 0.035420 0.000000 0.083959 0.083959 1.000000
0.083959 0.083959 0.083959 0.083959 0.083959 0.083959 0.083959 0.083959 0.083959 0.083959 0.164532 0.164532 0.083959 0.083959 0.000014 0.000007 0.035420 0.000000 0.083959 0.083959 1.000000
0.083959 0.083959 0.083959 0.083959 0.083959 0.083959 0.083959 0.083959 0.083959 0.083959 0.164532 0.164532 0.083959 0.083959 0.000014 0.000007 0.035420 0.000000 0.083959 0.083959 1.000000
0.083959 0.083959 0.083959 0.083959 0.083959 0.083959 0.083959 0.083959 0.083959 0.083959 0.164532 0.164532 0.083959 0.083959 0.000014 0.000007 0.035420 0.000000 0.083959 0.083959 1.000000
0.083959 0.083959 0.083959 0.083959 0.083959 0.083959 0.083959 0.083959 0.083959 0.083959 0.164532 0.164532 0.083959 0.083959 0.000014 0.000007 0.035420 0.000000 0.083959 0.083959 1.000000
0.083959 0.083959 0.083959 0.083959 0.083959 0.083959 0.083959 0.083959 0.083959 0.083959 0.164532 0.164532 0.083959 0.083959 0.000014 0.000007 0.035420 0.000000 0.083959 0.083959 1.000000
0.083959 0.083959 0.083959 0.083959 0.083959 0.083959 0.083959 0.083959 0.083959 0.083959 0.164532 0.164532 0.083959 0.083959 0.000014 0.000007 0.035420 0.000000 0.083959 0.083959 1.000000
0.083959 0.083959 0.083959 0.083959 0.083959 0.083959 0.083959 0.083959 0.083959 0.083959 0.164532 0.164532 0.083959 0.083959 0.000014 0.000007 0.035420 0.000000 0.083959 0.083959 1.000000
0.083959 0.083959 0.083959 0.083959 0.083959 0.083959 0.083959 0.083959 0.083959 0.083959 0.164532 0.164532 0.083959 0.083959 0.000014 0.000007 0.035420 0.000000 0.083959 0.083959 1.000000
0.083959 0.083959 0.083959 0.083959 0.083959 0.083959 0.083959 0.083959 0.083959 0.083959 0.164532 0.164532 0.083959 0.083959 0.000014 0.000007 0.035420 0.000000 0.083959 0.083959 1.000000
0.083959 0.083959 0.083959 0.083959 0.083959 0.083959 0.083959 0.083959 0.083959 0.083959 0.164532 0.164532 0.083959 0.083959 0.000014 0.000007 0.035420 0.000000 0.083959 0.083959 1.000000
0.083959 0.083959 0.083959 0.083959 0.083959 0.083959 0.083959 0.083959 0.083959 0.083959 0.164532 0.164532 0.083959 0.083959 0.000014 0.000007 0.035420 0.000000 0.083959 0.083959 1.000000
0.083959 0.083959 0.083959 0.083959 0.083959 0.083959 0.083959 0.083959 0.083959 0.083959 0.164532 0.164532 0.083959 0.083959 0.000014 0.000007 0.035420 0.000000 0.083959 0.083959 1.000000
0.083959 0.083959 0.083959 0.083959 0.083959 0.083959 0.083959 0.083959 0.083959 0.083959 0.164532 0.164532 0.083959 0.083959 0.000014 0.000007 0.035420 0.000000 0.083959 0.083959 1.000000
0.083959 0.083959 0.083959 0.083959 0.083959 0.083959 0.083959 0.083959 0.083959 0.083959 0.164532 0.164532 0.083959 0.083959 0.000014 0.000007 0.035420 0.000000 0.083959 0.083959 1.000000
0.083959 0.083959 0.083959 0.083959 0.083959 0.083959 0.083959 0.083959 0.083959 0.083959 0.164532 0.164532 0.083959 0.083959 0.000014 0.000007 0.035420 0.000000 0.083959 0.083959 1.000000
0.083959 0.083959 0.083959 0.083959 0.083959 0.083959 0.083959 0.083959 0.083959 0.083959 0.164532 0.164532 0.083959 0.083959 0.000014 0.000007 0.035420 0.000000 0.083959 0.083959 1.000000
0.083959 0.083959 0.083959 0.083959 0.083959 0.083959 0.083959 0.083959 0.083959 0.083959 0.164532 0.164532 0.083959 0.083959 0.000014 0.000007 0.035420 0.000000 0.083959 0.083959 1.000000
0.083959 0.083959 0.083959 0.083959 0.083959 0.083959 0.083959 0.083959 0.083959 0.083959 0.164532 0.164532 0.083959 0.083959 0.000014 0.000007 0.035420 0.000000 0.083959 0.083959 1.000000
0.083959 0.083959 0.083959 0.083959 0.083959 0.083959 0.083959 0.083959 0.083959 0.083959 0.164532 0.164532 0.083959 0.083959 0.000014 0.000007 0.035420 0.000000 0.083959 0.083959 1.000000
0.083959 0.083959 0.083959 0.083959 0.083959 0.083959 0.083959 0.083959 0.083959 0.083959 0.164532 0.164532 0.083959 0.083959 0.000014 0.000007 0.035420 0.000000 0.083959 0.083959 1.000000
0.083959 0.083959 0.083959 0.083959 0.083959 0.083959 0.083959 0.083959 0.083959 0.083959 0.164532 0.164532 0.083959 0.083959 0.000014 0.000007 0.035420 0.000000 0.083959 0.083959 1.000000
0.083959 0.083959 0.083959 0.083959 0.083959 0.083959 0.083959 0.083959 0.083959 0.083959 0.164532 0.164532 0.083959 0.083959 0.000014 0.000007 0.035420 0.000000 0.083959 0.083959 1.000000
