0.000000 0.000000 0.000000 0.000000 0.000000 0.000000 0.000000 0.000000 0.000000 0.000000 0.000000 0.000000 0.000000 0.000000 0.000000 0.000000 0.000000 0.000000 0.000000 0.000000 0.000000
11.880578 11.880578 11.880578 11.880578 11.880578 11.880578 11.880578 11.880578 1023.176190 9529.061840 68.678687 261.936672 268.222971 268.222971 137.335534 264484.593538 54.949499 35.184454 36.027534 23.083179 1.000000
11.879296 11.879296 11.879296 11.879296 11.879296 11.879296 11.879296 11.879296 4878.345935 45433.135078 28.157263 54.943491 36.023598 1023.064228 28.831355 330569.564949 35.180610 54.943491 28.831355 36.023598 1.000000
11.879130 11.879130 11.879130 11.879130 11.879130 11.879130 11.879130 11.879130 2497.677928 9527.883738 68.670199 11.604677 45.016372 419.043140 87.890593 413206.085386 28.156864 43.962354 87.890593 109.858122 1.000000
11.880536 11.880536 11.880536 11.880536 11.880536 11.880536 11.880536 11.880536 1598.706169 7623.222214 18.055210 28.160236 171.665526 419.093452 70.326033 413255.697176 35.184328 35.184328 87.901143 87.901143 1.000000
11.877952 11.877952 11.877952 11.877952 11.877952 11.877952 11.877952 11.877952 3902.229037 14885.821526 18.051252 11.603527 87.881759 419.001011 56.254820 645569.598618 54.937190 22.539185 87.881759 56.254820 1.000000
11.806209 11.806209 11.806209 11.806209 11.806209 11.806209 11.806209 11.806209 1985.701177 11835.698414 43.688909 34.961419 69.879942 266.519985 109.174209 641614.492080 27.981990 27.981990 87.343488 69.879942 1.000000
11.880176 11.880176 11.880176 11.880176 11.880176 11.880176 11.880176 11.880176 1998.320964 9528.734617 68.676329 43.966276 87.898440 654.811177 36.026299 1008894.009699 28.159372 18.054658 109.867931 45.020389 1.000000
11.880385 11.880385 11.880385 11.880385 11.880385 11.880385 11.880385 11.880385 7623.123599 171.663305 35.183874 28.159873 214.576510 2497.945498 28.834027 645703.673840 43.967059 22.543847 171.663305 87.900006 1.000000
11.878689 11.878689 11.878689 11.878689 11.878689 11.878689 11.878689 11.878689 4878.093187 18608.448014 35.178791 18.052381 18.483018 818.409418 109.853992 169242.848284 85.827970 68.667618 36.021734 56.258358 1.000000
11.879719 11.879719 11.879719 11.879719 11.879719 11.879719 11.879719 11.879719 3122.254220 29078.255444 28.158277 35.181877 70.321128 419.064211 28.832393 807083.716784 22.542571 35.181877 109.863645 36.024895 1.000000
11.880321 11.880321 11.880321 11.880321 11.880321 11.880321 11.880321 11.880321 1998.345721 9528.852664 85.839923 35.183683 70.324742 523.856118 87.899529 516560.132276 18.054880 54.948294 28.833871 109.869292 1.000000
11.878154 11.878154 11.878154 11.878154 11.878154 11.878154 11.878154 11.878154 4877.870045 18607.596794 11.603724 54.938134 28.828549 654.698135 45.012624 645580.697934 28.154523 54.938134 87.883270 45.012624 1.000000
11.878388 11.878388 11.878388 11.878388 11.878388 11.878388 11.878388 11.878388 2497.519613 14886.374616 35.177885 35.177885 45.013522 523.769650 56.256909 1970195.266833 11.603952 22.540019 87.885024 70.313138 1.000000
11.879691 11.879691 11.879691 11.879691 11.879691 11.879691 11.879691 11.879691 4878.510521 23262.549995 54.945343 85.835311 45.018529 654.784098 56.263168 516532.371372 35.181795 28.158211 23.081438 36.024811 1.000000
11.880603 11.880603 11.880603 11.880603 11.880603 11.880603 11.880603 11.880603 3122.489989 11911.352887 22.544266 28.160397 70.326436 523.868745 45.022030 413258.066759 35.184530 43.967879 56.267545 109.871940 1.000000
11.877516 11.877516 11.877516 11.877516 11.877516 11.877516 11.877516 11.877516 1997.867227 7621.256869 18.050584 85.819375 36.018131 818.327433 418.985407 1970048.692624 22.538348 14.465278 56.252726 23.077168 1.000000
11.879043 11.879043 11.879043 11.879043 11.879043 11.879043 11.879043 11.879043 1998.127616 9527.812661 85.830557 35.179849 70.317069 419.040014 56.260053 807037.115010 54.942301 11.604591 171.643638 36.022818 1.000000
11.802292 11.802292 11.802292 11.802292 11.802292 11.802292 11.802292 11.802292 3877.016446 14789.643118 22.394131 17.935337 69.856430 520.366226 109.137467 1957392.959646 22.394131 11.529665 44.721314 55.891583 1.000000
11.876766 11.876766 11.876766 11.876766 11.876766 11.876766 11.876766 11.876766 3121.467148 7620.768755 9.320237 28.151196 70.303408 418.958573 335.167932 413122.694872 22.536911 107.262106 70.303408 28.825142 1.000000
11.879334 11.879334 11.879334 11.879334 11.879334 11.879334 11.879334 11.879334 3902.689339 1598.542074 18.053368 28.157353 45.017155 2497.721413 45.017155 1008821.483131 22.541833 22.541833 137.320947 109.860034 1.000000
11.881184 11.881184 11.881184 11.881184 11.881184 11.881184 11.881184 11.881184 654.867525 6098.915032 107.302564 167.651660 36.029394 137.342635 109.877384 135423.114251 11632.757022 43.970056 28.835990 109.877384 1.000000
11.877357 11.877357 11.877357 11.877357 11.877357 11.877357 11.877357 11.877357 3121.624654 11908.051895 14.465083 11.602946 28.826593 418.979713 70.306954 135378.875390 799.137081 35.174795 137.297774 70.306954 1.000000
11.880480 11.880480 11.880480 11.880480 11.880480 11.880480 11.880480 11.880480 818.534531 4878.838918 28.160102 43.967417 87.900721 419.091440 523.863227 807136.159024 22.544030 43.967417 109.870783 28.834261 1.000000
11.878122 11.878122 11.878122 11.878122 11.878122 11.878122 11.878122 11.878122 1598.376614 14886.036475 68.664290 28.154446 28.828470 1022.961610 268.166721 1008717.063325 22.539509 22.539509 70.311542 18.482127 1.000000
11.880538 11.880538 11.880538 11.880538 11.880538 11.880538 11.880538 11.880538 2497.978216 11911.286515 22.544141 68.678452 70.326044 419.093520 56.267232 645712.131260 28.160241 35.184334 36.027411 137.335064 1.000000
11.869830 11.869830 11.869830 11.869830 11.869830 11.869830 11.869830 11.869830 3119.618236 173173.581895 14.455874 18.038809 14.799549 6093.003905 18.469118 1968755.690187 18.038809 11.595598 35.994528 23.062079 1.000000
11.870025 11.870025 11.870025 11.870025 11.870025 11.870025 11.870025 11.870025 6093.105443 14875.745378 9.314994 11.595789 56.216765 334.974990 44.981413 211397.055393 511.128673 9.314994 523.395669 18.469424 1.000000
11.867772 11.867772 11.867772 11.867772 11.867772 11.867772 11.867772 11.867772 18591.101495 70919.423848 14.453356 11.593589 18.465889 3119.069566 23.058038 2460511.788564 18.035656 9.313242 28.803055 18.465889 1.000000
11.795239 11.795239 11.795239 11.795239 11.795239 11.795239 11.795239 11.795239 14780.677647 56383.810363 14.364610 17.924532 18.352082 2479.786607 22.915629 3056572.483447 17.924532 9.256825 22.915629 35.765445 1.000000
11.860278 11.860278 11.860278 11.860278 11.860278 11.860278 11.860278 11.860278 18579.193274 88592.496981 9.307412 11.586273 23.043324 3117.071698 14.787578 2458935.748610 28.111655 6.053184 23.043324 28.784650 1.000000
11.872187 11.872187 11.872187 11.872187 11.872187 11.872187 11.872187 11.872187 6094.231026 45405.558232 14.458758 14.458758 28.813897 1022.443253 56.227144 169148.885502 3047.115759 9.316676 23.066706 23.066706 1.000000
11.866637 11.866637 11.866637 11.866637 11.866637 11.866637 11.866637 11.866637 3118.766800 23236.621058 9.312358 133.957465 28.800265 334.877987 654.054265 1574574.686594 54.884140 6.056301 28.800265 23.055808 1.000000
11.795203 11.795203 11.795203 11.795203 11.795203 11.795203 11.795203 11.795203 6054.146870 110124.287040 14.364565 27.955595 18.352026 4843.317570 18.352026 3056562.975791 11.522745 14.364565 22.915558 22.915558 1.000000
11.873327 11.873327 11.873327 11.873327 11.873327 11.873327 11.873327 11.873327 18599.926739 70953.089482 107.230603 28.142947 56.232612 11.873327 23.068942 169165.347744 22704.988674 18.044165 36.005264 23.068942 1.000000
11.865684 11.865684 11.865684 11.865684 11.865684 11.865684 11.865684 11.865684 7613.556407 56725.414678 18.032457 11.591551 23.053938 1277.343565 14.794353 169054.909535 35453.384191 7.496771 23.053938 18.462613 1.000000
11.861432 11.861432 11.861432 11.861432 11.861432 11.861432 11.861432 11.861432 18581.027925 70880.996228 9.308310 7.494141 23.045591 3117.379502 14.789025 2459178.562648 18.025943 9.308310 56.175512 18.455942 1.000000
11.866231 11.866231 11.866231 11.866231 11.866231 11.866231 11.866231 11.866231 6091.129750 138496.252164 9.312043 9.312043 35.983473 418.581627 87.793819 2460187.647493 18.033294 7.497109 28.799269 44.966842 1.000000
11.862139 11.862139 11.862139 11.862139 11.862139 11.862139 11.862139 11.862139 11892.576759 270405.886911 11.588090 18.027026 23.046978 1596.195248 18.457051 2459327.214707 35.129157 6.054096 14.789910 23.046978 1.000000
11.795782 11.795782 11.795782 11.795782 11.795782 11.795782 11.795782 11.795782 6054.448482 36087.324149 9.257247 11.523310 35.767113 1015.768856 35.767113 168044.698063 2421.779739 11.523310 69.817360 18.352934 1.000000
11.871836 11.871836 11.871836 11.871836 11.871836 11.871836 11.871836 11.871836 7617.560320 29058.686057 11.597557 22.527460 36.000688 817.930520 44.988367 1969093.157199 7.500575 28.139374 56.225459 44.988367 1.000000
11.871921 11.871921 11.871921 11.871921 11.871921 11.871921 11.871921 11.871921 14878.154254 70944.567629 14.458432 22.527621 23.066182 1996.912552 36.000947 1575285.848766 28.139576 11.597639 18.472398 18.472398 1.000000
11.870612 11.870612 11.870612 11.870612 11.870612 11.870612 11.870612 11.870612 4874.728744 422815.301813 18.040006 11.596361 28.810028 334.991780 87.826689 2461108.971683 22.525112 9.315450 18.470345 23.063613 1.000000
11.867753 11.867753 11.867753 11.867753 11.867753 11.867753 11.867753 11.867753 70919.308035 422712.016235 11.593570 35.145993 171.478197 11.867753 28.803008 412804.703355 107.179558 14.453333 18.465859 14.796946 1.000000
11.865396 11.865396 11.865396 11.865396 11.865396 11.865396 11.865396 11.865396 110789.097161 660354.478073 9.311393 9.311393 18.462161 56.194542 23.053373 3075015.163382 14.450449 11.591269 28.797220 23.053373 1.000000
11.867507 11.867507 11.867507 11.867507 11.867507 11.867507 11.867507 11.867507 23238.349699 138511.357645 11.593330 9.313035 18.465473 1996.159537 18.465473 211351.558901 261.644379 18.035249 18.465473 18.465473 1.000000
11.872942 11.872942 11.872942 11.872942 11.872942 11.872942 11.872942 11.872942 6094.624172 45408.487404 11.598636 18.043576 44.992614 1022.509212 14.803448 135327.838016 3809.140268 22.529580 44.992614 18.474001 1.000000
11.873886 11.873886 11.873886 11.873886 11.873886 11.873886 11.873886 11.873886 11904.522323 70956.481945 18.045022 14.460837 36.006983 1597.798554 18.475482 330416.867189 43.942692 68.639467 14.804631 36.006983 1.000000
11.868422 11.868422 11.868422 11.868422 11.868422 11.868422 11.868422 11.868422 18592.133088 110817.748520 11.594223 14.454150 23.059312 2495.394255 23.059312 412828.283428 167.469018 14.454150 14.797783 14.797783 1.000000
11.869017 11.869017 11.869017 11.869017 11.869017 11.869017 11.869017 11.869017 4874.064417 70926.969249 14.454879 11.594804 28.806112 654.187353 87.814723 135282.457807 3807.862928 7.498832 18.467842 28.806112 1.000000
11.868776 11.868776 11.868776 11.868776 11.868776 11.868776 11.868776 11.868776 11899.325799 56740.406601 14.454584 9.314022 28.805520 1597.101088 18.467464 3075903.604286 18.037194 9.314022 44.976615 35.991290 1.000000
11.860261 11.860261 11.860261 11.860261 11.860261 11.860261 11.860261 11.860261 9512.533386 70873.895901 14.444166 6.053175 14.787557 1595.938882 28.784609 168976.535533 28349.558390 14.444166 14.787557 14.787557 1.000000
11.853682 11.853682 11.853682 11.853682 11.853682 11.853682 11.853682 11.853682 29013.613545 110678.152132 11.579833 6.049951 18.443781 3115.313350 23.030374 2457548.656198 28.095838 6.049951 23.030374 14.779312 1.000000
11.860052 11.860052 11.860052 11.860052 11.860052 11.860052 11.860052 11.860052 2493.609409 660052.808532 7.493288 7.493288 14.787295 334.689523 109.679201 168973.518990 9289.417553 11.586052 18.453776 14.787295 1.000000
11.847491 11.847491 11.847491 11.847491 11.847491 11.847491 11.847491 11.847491 36247.802697 172842.992164 7.485519 7.485519 11.847491 6081.372313 11.847491 5996695.923097 7.485519 11.573789 18.434067 14.771553 1.000000
11.854880 11.854880 11.854880 11.854880 11.854880 11.854880 11.854880 11.854880 1276.163783 45780102.418091 7.490089 6.050538 18.445660 14.780813 137.034256 329880.403509 326.700789 9.303213 14.780813 35.948613 1.000000
11.854886 11.854886 11.854886 11.854886 11.854886 11.854886 11.854886 11.854886 11.854886 1040919561.448072 7.490092 9.303218 35.948631 334.541638 18.445670 1966241.459339 133.822932 9.303218 18.445670 11.854886 1.000000
11.866332 11.866332 11.866332 11.866332 11.866332 11.866332 11.866332 11.866332 654.037230 6150522.171438 11.592183 9.312121 28.799517 56.199033 35.983783 169064.266116 28364.277139 7.497171 23.055210 23.055210 1.000000
11.866389 11.866389 11.866389 11.866389 11.866389 11.866389 11.866389 11.866389 23.055323 12012797.779556 9.312166 9.312166 18.463719 3898.376017 28.799659 135252.079017 22.517017 5948.449510 18.463719 18.463719 1.000000
11.855489 11.855489 11.855489 11.855489 11.855489 11.855489 11.855489 11.855489 3115.795052 6144821.629633 9.303687 7.490465 28.772889 70.175710 214.120454 4800641.898151 7.490465 11.581597 11.855489 14.781576 1.000000
11.863394 11.863394 11.863394 11.863394 11.863394 11.863394 11.863394 11.863394 7612.065495 3935345.556625 9.309836 11.589314 11.863394 18.459019 35.974760 108173.954980 44308.051979 11.589314 18.459019 23.049441 1.000000
11.847940 11.847940 11.847940 11.847940 11.847940 11.847940 11.847940 11.847940 11.847940 46198641620.522682 14.429091 11.574228 14.772116 11.847940 11.847940 3070426.390462 85.602678 6.047136 14.772116 28.754350 1.000000
11.856520 11.856520 11.856520 11.856520 11.856520 11.856520 11.856520 11.856520 11.856520 2013712.840235 7.491103 14.439589 11.856520 36275.825615 14.782869 211153.095521 28340.488776 9.304489 23.035946 28.775422 1.000000
11.853283 11.853283 11.853283 11.853283 11.853283 11.853283 11.853283 11.853283 653.307702 57217308.412002 6.049755 11.579444 11.853283 87.696673 214.080037 2457464.683947 18.013457 9.301971 14.778812 11.853283 1.000000
11.856558 11.856558 11.856558 11.856558 11.856558 11.856558 11.856558 11.856558 11.856558 3146436.407033 9.304519 6.051360 14.782916 14858.625896 44.929698 211153.772929 14510.376855 14.439635 18.448293 23.036020 1.000000
11.851344 11.851344 11.851344 11.851344 11.851344 11.851344 11.851344 11.851344 522.560164 11.851344 11.577551 22.488174 110656.013714 270156.283462 14.776383 9372928.941957 6.048805 7.487902 14.776383 18.440114 1.000000
11.855315 11.855315 11.855315 11.855315 11.855315 11.855315 11.855315 11.855315 138367.021646 659785.373875 6.050751 7.490358 23.033580 11.855315 18.446343 135124.044577 43.873053 9285.653745 18.446343 18.446343 1.000000
11.865502 11.865502 11.865502 11.865502 11.865502 11.865502 11.865502 11.865502 1596.654285 3936055.156863 14.450579 9.311476 18.462328 137.158796 18.462328 169052.281746 28362.266496 9.311476 18.462328 18.462328 1.000000
11.852591 11.852591 11.852591 11.852591 11.852591 11.852591 11.852591 11.852591 11.852591 6203145690.507531 7.488673 11.578768 18.442069 109.609221 11.852591 3071648.967920 85.636753 7.488673 18.442069 18.442069 1.000000
11.858059 11.858059 11.858059 11.858059 11.858059 11.858059 11.858059 11.858059 11888.427552 4916938.357610 18.020775 7.492055 14.784797 11.858059 44.935463 135155.772439 35430.274836 14.441472 14.784797 11.858059 1.000000
11.847158 11.847158 11.847158 11.847158 11.847158 11.847158 11.847158 11.847158 109.558270 3968167521.092970 7.485313 7.485313 14.771137 11.847158 70.125711 210983.974445 637.661504 6.046753 14.771137 14.771137 1.000000
11.853276 11.853276 11.853276 11.853276 11.853276 11.853276 11.853276 11.853276 2492.164347 111752496.315709 9.301966 7.489097 14.778804 11.853276 137.015460 3071829.228303 14.435620 9.301966 14.778804 14.778804 1.000000
11.861168 11.861168 11.861168 11.861168 11.861168 11.861168 11.861168 11.861168 29032.200633 138436.320303 14.445276 14.445276 11.861168 3896.636260 14.788694 3842379.755921 9.308105 14.445276 14.788694 18.455528 1.000000
11.849574 11.849574 11.849574 11.849574 11.849574 11.849574 11.849574 11.849574 36254.267650 172873.819462 6.047937 9.299086 11.849574 4865.965636 14.774164 3838569.894301 7.486807 18.007775 18.437335 14.774164 1.000000
11.849172 11.849172 11.849172 11.849172 11.849172 11.849172 11.849172 11.849172 109.577163 2012447.009357 9.298774 9.298774 23.021520 70806.684400 23.021520 7496949.320125 6.047740 7.486559 14.773661 11.849172 1.000000
11.856266 11.856266 11.856266 11.856266 11.856266 11.856266 11.856266 11.856266 11.856266 2517086.334954 11.582356 6.051217 18.447836 88562.102200 44.928578 3072615.154973 68.536198 11.582356 18.447836 14.782551 1.000000
11.839228 11.839228 11.839228 11.839228 11.839228 11.839228 11.839228 11.839228 172720.717403 2513417.237743 7.480409 6.042866 11.839228 11.839228 14.761199 168672.575589 35373.202951 6.042866 14.761199 14.761199 1.000000
11.843652 11.843652 11.843652 11.843652 11.843652 11.843652 11.843652 11.843652 56618.577886 269978.417728 6.045034 9.294480 11.843652 4863.499011 11.843652 3069299.256414 22.473426 7.483145 11.843652 11.843652 1.000000
11.840617 11.840617 11.840617 11.840617 11.840617 11.840617 11.840617 11.840617 18547.953270 45724234.888166 7.481268 7.481268 11.840617 11.840617 11.840617 134954.121439 28301.930602 7.481268 11.840617 11.840617 1.000000
11.842281 11.842281 11.842281 11.842281 11.842281 11.842281 11.842281 11.842281 1593.484731 29267680.645623 6.044362 7.482297 14.765024 109.512525 11.842281 168716.692037 55285.085663 6.044362 11.842281 14.765024 1.000000
11.837747 11.837747 11.837747 11.837747 11.837747 11.837747 11.837747 11.837747 4861.039183 1039393074.689318 6.042140 9.289887 11.837747 11.837747 14.759343 1963358.007376 43.807174 6.042140 11.837747 11.837747 1.000000
11.908760 11.908760 11.908760 11.908760 11.908760 11.908760 11.908760 11.908760 424193.480665 3160487.716367 9.345124 6.076950 11.908760 11.908760 45.130146 11773734.228189 6.076950 6.076950 11.908760 14.848333 1.000000
11.848726 11.848726 11.848726 11.848726 11.848726 11.848726 11.848726 11.848726 1287916.819248 136.962109 6.047521 7.486283 18.436005 11.848726 29001.308571 3070632.980458 18.006476 7.486283 136.962109 11.848726 1.000000
11.837279 11.837279 11.837279 11.837279 11.837279 11.837279 11.837279 11.837279 1991.002358 23404114.342662 6.041911 6.041911 11.837279 136.827914 11.837279 168644.417018 69076.753223 6.041911 11.837279 14.758757 1.000000
11.846642 11.846642 11.846642 11.846642 11.846642 11.846642 11.846642 11.846642 3891.795700 1609608.869449 6.046500 7.484994 14.770490 334.305674 35.923314 135023.778399 44244.591726 6.046500 11.846642 14.770490 1.000000
11.857156 11.857156 11.857156 11.857156 11.857156 11.857156 11.857156 11.857156 11887.509624 172986.031099 9.304984 7.491497 14.783666 1021.130273 18.449233 168931.670996 35427.539196 9.304984 18.449233 11.857156 1.000000
11.838612 11.838612 11.838612 11.838612 11.838612 11.838612 11.838612 11.838612 14835.813368 29258482.775563 7.480028 6.042564 11.838612 11.838612 18.420136 134930.935944 44214.169110 6.042564 11.838612 14.760427 1.000000
11.842173 11.842173 11.842173 11.842173 11.842173 11.842173 11.842173 11.842173 18550.425494 18731142.918499 6.044309 6.044309 14.764889 11.842173 18.425723 134972.109236 18115.649899 7.482231 11.842173 23.007778 1.000000
11.840617 11.840617 11.840617 11.840617 11.840617 11.840617 11.840617 11.840617 23184.941565 29263510.330825 7.481268 7.481268 11.840617 11.840617 11.840617 134954.121450 44221.766537 7.481268 11.840617 11.840617 1.000000
11.848820 11.848820 11.848820 11.848820 11.848820 11.848820 11.848820 11.848820 7602.580531 11994756.911669 14.430168 6.047567 14.773219 11.848820 18.436153 168811.196124 44252.842218 6.047567 28.756511 14.773219 1.000000
11.847286 11.847286 11.847286 11.847286 11.847286 11.847286 11.847286 11.847286 11.847286 7675636.494553 6.046816 7.485393 11.847286 28997.734848 23.017817 210986.289413 22654.480367 11.573590 11.847286 18.433746 1.000000
11.843202 11.843202 11.843202 11.843202 11.843202 11.843202 11.843202 11.843202 88463.122234 29269991.851350 6.044814 7.482867 14.766180 11.843202 18.427339 3069181.097552 28.070707 7.482867 11.843202 14.766180 1.000000
11.903403 11.903403 11.903403 11.903403 11.903403 11.903403 11.903403 11.903403 662499.919680 4936009.047019 6.074324 6.074324 14.841620 11.903403 14.841620 11768362.634226 6.074324 6.074324 11.903403 18.521793 1.000000
11.846292 11.846292 11.846292 11.846292 11.846292 11.846292 11.846292 11.846292 14845.576789 216031.573975 6.046328 7.484778 18.432187 1020.181244 18.432187 168774.667170 35394.613108 6.046328 14.770052 11.846292 1.000000
11.847877 11.847877 11.847877 11.847877 11.847877 11.847877 11.847877 11.847877 14847.591859 216060.897106 7.485758 9.297767 11.847877 1020.319719 11.847877 168797.575866 55311.589676 6.047105 23.018978 11.847877 1.000000
11.837736 11.837736 11.837736 11.837736 11.837736 11.837736 11.837736 11.837736 527034.443944 4908390.752432 6.042135 6.042135 14.759330 11.837736 18.418763 3067744.220270 28.057598 6.042135 11.837736 18.418763 1.000000
11.904143 11.904143 11.904143 11.904143 11.904143 11.904143 11.904143 11.904143 11.904143 46420932164.100601 6.074687 6.074687 18.522954 11.904143 14.842547 87686661.662126 6.074687 7.520556 11.904143 28.892371 1.000000
11.847772 11.847772 11.847772 11.847772 11.847772 11.847772 11.847772 11.847772 3892.172226 3930089.347534 9.297685 6.047054 14.771906 334.338017 11.847772 135036.841752 44248.872325 7.485693 14.771906 11.847772 1.000000
11.836212 11.836212 11.836212 11.836212 11.836212 11.836212 11.836212 11.836212 11.836212 140845502922.703430 6.041388 6.041388 14.757419 11.836212 11.836212 1005107.095373 407.722329 11.562779 11.836212 14.757419 1.000000
11.849505 11.849505 11.849505 11.849505 11.849505 11.849505 11.849505 11.849505 9503.782976 138298.242691 6.047903 7.486765 11.849505 3114.199892 14.774078 168821.097032 35404.350155 9.299033 14.774078 14.774078 1.000000
11.845360 11.845360 11.845360 11.845360 11.845360 11.845360 11.845360 11.845360 9500.411177 36594252.335351 6.045872 7.484202 18.430725 11.845360 14.768884 168761.201856 18120.596125 7.484202 14.768884 14.768884 1.000000
11.902405 11.902405 11.902405 11.902405 11.902405 11.902405 11.902405 11.902405 11.902405 113315576010.546661 6.073835 7.519481 23.126032 11.902405 11.902405 70138944.309071 6.073835 7.519481 11.902405 11.902405 1.000000
11.837051 11.837051 11.837051 11.837051 11.837051 11.837051 11.837051 11.837051 23177.858420 14978339.914062 6.041799 6.041799 18.417687 11.837051 14.758471 134912.892119 55260.320627 6.041799 11.837051 14.758471 1.000000
11.909920 11.909920 11.909920 11.909920 11.909920 11.909920 11.909920 11.909920 23322.586408 18839835.230535 6.077519 6.077519 11.909920 11.909920 14.849786 169694.149854 55605.379040 6.077519 11.909920 14.849786 1.000000
11.850989 11.850989 11.850989 11.850989 11.850989 11.850989 11.850989 11.850989 14851.546709 110652.645254 6.048630 6.048630 14.775937 2491.676461 14.775937 135074.029848 35.095717 9282.216759 11.850989 18.439555 1.000000
11.842337 11.842337 11.842337 11.842337 11.842337 11.842337 11.842337 11.842337 14840.549096 172766.729133 6.044390 7.482332 14.765095 2489.831368 11.842337 168717.508919 35382.626154 6.044390 14.765095 11.842337 1.000000
11.838876 11.838876 11.838876 11.838876 11.838876 11.838876 11.838876 11.838876 18545.186960 269867.987751 6.042693 6.042693 11.838876 1991.274784 11.838876 134933.993881 44215.171135 7.480192 11.838876 11.838876 1.000000
11.909920 11.909920 11.909920 11.909920 11.909920 11.909920 11.909920 11.909920 14926.455339 29437242.543188 6.077519 6.077519 14.849786 11.909920 14.849786 169694.149828 55605.379032 6.077519 11.909920 11.909920 1.000000
11.842618 11.842618 11.842618 11.842618 11.842618 11.842618 11.842618 11.842618 11872.724984 23414821.278851 6.044528 7.482506 14.765447 11.842618 11.842618 134977.254902 55286.683623 7.482506 23.008652 11.842618 1.000000
11.845905 11.845905 11.845905 11.845905 11.845905 11.845905 11.845905 11.845905 23195.445265 11991764.117176 7.484539 7.484539 23.015106 11.845905 11.845905 135015.261031 44241.800755 7.484539 11.845905 14.769567 1.000000
11.842078 11.842078 11.842078 11.842078 11.842078 11.842078 11.842078 11.842078 3890.274952 23413739.143775 7.482172 7.482172 11.842078 87.612612 11.842078 134971.016818 55284.128504 6.044263 11.842078 11.842078 1.000000
11.836191 11.836191 11.836191 11.836191 11.836191 11.836191 11.836191 11.836191 23176.150088 29252413.926882 9.288677 6.041377 11.836191 11.836191 11.836191 168628.685396 44204.998125 6.041377 11.836191 11.836191 1.000000
11.903679 11.903679 11.903679 11.903679 11.903679 11.903679 11.903679 11.903679 11.903679 3987369939.720446 7.520268 6.074459 11.903679 656.125065 11.903679 70146553.807474 6.074459 7.520268 11.903679 11.903679 1.000000
11.910019 11.910019 11.910019 11.910019 11.910019 11.910019 11.910019 11.910019 18658.227315 18839994.940449 6.077568 6.077568 23.140980 11.910019 11.910019 169695.588393 55605.850421 6.077568 11.910019 11.910019 1.000000
11.838576 11.838576 11.838576 11.838576 11.838576 11.838576 11.838576 11.838576 11.838576 29543427234.313332 6.042546 6.042546 11.838576 11.838576 14.760382 210828.941779 43.810284 11590.443734 11.838576 14.760382 1.000000
11.835764 11.835764 11.835764 11.835764 11.835764 11.835764 11.835764 11.835764 23175.302744 29251344.427879 7.478267 6.041168 11.835764 11.835764 11.835764 134898.016126 44203.381944 6.041168 14.756858 11.835764 1.000000
11.836880 11.836880 11.836880 11.836880 11.836880 11.836880 11.836880 11.836880 18542.015033 29254141.442747 7.478957 6.041715 18.417419 11.836880 11.836880 134910.915080 44207.608674 6.041715 11.836880 11.836880 1.000000
11.837475 11.837475 11.837475 11.837475 11.837475 11.837475 11.837475 11.837475 11.837475 6195121233.424262 6.042007 6.042007 11.837475 267.235963 11.837475 3834594.311542 167.026125 7.479325 14.759002 14.759002 1.000000
11.840601 11.840601 11.840601 11.840601 11.840601 11.840601 11.840601 11.840601 6077.785137 3927676.481633 7.481259 6.043539 11.840601 334.132755 14.762920 168692.420385 35377.364706 6.043539 11.840601 11.840601 1.000000
11.904881 11.904881 11.904881 11.904881 11.904881 11.904881 11.904881 11.904881 11.904881 177092944972.301697 9.342107 6.075049 14.843473 11.904881 11.904881 44898395.598065 6.075049 9.342107 11.904881 11.904881 1.000000
11.838166 11.838166 11.838166 11.838166 11.838166 11.838166 11.838166 11.838166 11.838166 14979771.476152 6.042345 6.042345 18.419437 18544.058944 11.838166 210821.541374 35369.985398 6.042345 18.419437 14.759868 1.000000
11.842944 11.842944 11.842944 11.842944 11.842944 11.842944 11.842944 11.842944 23189.563014 14985903.830312 7.482707 9.293929 11.842944 11.842944 11.842944 134981.021819 69110.283182 6.044687 14.765856 14.765856 1.000000
11.900397 11.900397 11.900397 11.900397 11.900397 11.900397 11.900397 11.900397 11.900397 11.900397 7.518239 6.072851 11.900397 339113.091338 827912.820642 7603178465.912968 6.072851 6.072851 11.900397 11.900397 1.000000
11.842331 11.842331 11.842331 11.842331 11.842331 11.842331 11.842331 11.842331 7598.357360 2514085.514601 6.044387 7.482328 11.842331 334.182277 14.765088 134973.938314 44228.260127 6.044387 11.842331 14.765088 2.943597
11.844077 11.844077 11.844077 11.844077 11.844077 11.844077 11.844077 11.844077 18553.450460 23417746.691556 7.483408 7.483408 14.767275 11.844077 14.767275 168742.648444 35387.898294 7.483408 11.844077 11.844077 1.000000
11.906474 11.906474 11.906474 11.906474 11.906474 11.906474 11.906474 11.906474 23315.742422 29428604.222719 6.075830 6.075830 11.906474 11.906474 11.906474 169644.353301 55589.061706 6.075830 11.906474 11.906474 2.919117
11.837315 11.837315 11.837315 11.837315 11.837315 11.837315 11.837315 11.837315 23178.383021 337289.864230 6.041928 6.041928 11.837315 1019.397045 11.837315 134915.945698 55261.571373 6.041928 14.758802 11.837315 2.783680
11.908197 11.908197 11.908197 11.908197 11.908197 11.908197 11.908197 11.908197 23319.165158 23546339.458543 6.076674 6.076674 11.908197 11.908197 11.908197 169669.256984 55597.222145 6.076674 11.908197 14.847628 1.000000
11.909752 11.909752 11.909752 11.909752 11.909752 11.909752 11.909752 11.909752 23322.252555 29436821.165160 6.077437 7.524024 11.909752 11.909752 11.909752 135753.376602 55604.583071 6.077437 11.909752 11.909752 1.000000
11.838405 11.838405 11.838405 11.838405 11.838405 11.838405 11.838405 11.838405 11.838405 46160929079.389542 6.042463 7.479900 11.838405 11.838405 11.838405 168660.683582 43.809643 11590.274008 11.838405 11.838405 1.000000
11.909920 11.909920 11.909920 11.909920 11.909920 11.909920 11.909920 11.909920 18658.069145 23549794.036756 6.077519 6.077519 14.849786 11.909920 11.909920 169694.149844 55605.379037 6.077519 11.909920 14.849786 1.000000
11.903371 11.903371 11.903371 11.903371 11.903371 11.903371 11.903371 11.903371 11.903371 177070150487.053986 6.074308 6.074308 14.841579 11.903371 11.903371 2467997.692674 262.446340 6.074308 11.903371 11.903371 1.000000
11.909752 11.909752 11.909752 11.909752 11.909752 11.909752 11.909752 11.909752 23322.252555 29436821.165160 6.077437 7.524024 11.909752 11.909752 11.909752 135753.376602 55604.583071 6.077437 11.909752 11.909752 2.918079
11.832469 11.832469 11.832469 11.832469 11.832469 11.832469 11.832469 11.832469 23168.757427 23394466.460634 6.039553 6.039553 11.832469 11.832469 14.752729 168574.896701 69048.277701 6.039553 11.832469 11.832469 1.000000
11.908947 11.908947 11.908947 11.908947 11.908947 11.908947 11.908947 11.908947 525.136370 9739159959.935696 7.523527 6.077042 11.908947 11.908947 11.908947 7535310.039631 6.077042 11.633786 14.848568 11.908947 1.000000
11.903375 11.903375 11.903375 11.903375 11.903375 11.903375 11.903375 11.903375 11.903375 141656175971.434998 6.074310 6.074310 11.903375 11.903375 11.903375 1010892.251565 1001.140194 6.074310 11.903375 14.841585 1.000000
11.846604 11.846604 11.846604 11.846604 11.846604 11.846604 11.846604 11.846604 3891.783172 14990602.507451 7.484971 6.046482 11.846604 171.168265 11.846604 168779.179672 14498.021207 14.427457 11.846604 11.846604 1.000000
11.906474 11.906474 11.906474 11.906474 11.906474 11.906474 11.906474 11.906474 23315.742422 29428604.222719 6.075830 6.075830 11.906474 11.906474 11.906474 169644.353301 55589.061706 6.075830 11.906474 11.906474 1.000000
11.901638 11.901638 11.901638 11.901638 11.901638 11.901638 11.901638 11.901638 11.901638 221305013033.661713 6.073459 6.073459 11.901638 11.901638 11.901638 3855677.114704 167.944378 6.073459 11.901638 11.901638 1.000000
11.835764 11.835764 11.835764 11.835764 11.835764 11.835764 11.835764 11.835764 11.835764 215836.825812 6.041168 7.478267 11.835764 11.835764 14.756858 210778.150208 28290.164468 6.041168 11.835764 3140839.192316 1.000000
11.906474 11.906474 11.906474 11.906474 11.906474 11.906474 11.906474 11.906474 23315.742422 29428604.222719 6.075830 6.075830 11.906474 11.906474 11.906474 169644.353301 55589.061706 6.075830 11.906474 11.906474 2.919117
11.844886 11.844886 11.844886 11.844886 11.844886 11.844886 11.844886 11.844886 11.844886 4959244400.686857 7.483908 6.045639 11.844886 87.633675 11.844886 168754.342286 43.833945 11596.710185 14.768289 11.844886 2.924290
11.835764 11.835764 11.835764 11.835764 11.835764 11.835764 11.835764 11.835764 172669.460655 3926048.990472 6.041168 7.478267 11.835764 11.835764 14.756858 134898.016140 44203.381949 6.041168 11.835764 11.835764 1.000000
11.838876 11.838876 11.838876 11.838876 11.838876 11.838876 11.838876 11.838876 18545.187057 215894.391336 6.042693 7.480192 11.838876 2489.093267 11.838876 168667.493234 35372.137104 6.042693 11.838876 11.838876 1.000000
11.836880 11.836880 11.836880 11.836880 11.836880 11.836880 11.836880 11.836880 23177.518769 23403313.155618 6.041715 6.041715 11.836880 11.836880 11.836880 134910.915088 44207.608676 7.478957 18.417419 11.836880 1.000000
11.836191 11.836191 11.836191 11.836191 11.836191 11.836191 11.836191 11.836191 215844.717325 3926192.536166 9.288677 6.041377 11.836191 11.836191 11.836191 134902.948332 35363.998514 6.041377 11.836191 11.836191 2.945427
11.908197 11.908197 11.908197 11.908197 11.908197 11.908197 11.908197 11.908197 23319.165158 29432924.322781 6.076674 6.076674 11.908197 11.908197 11.908197 169669.256982 35582.222189 6.076674 14.847628 11.908197 1.000000
11.909752 11.909752 11.909752 11.909752 11.909752 11.909752 11.909752 11.909752 662858.276387 4938679.012545 6.077436 7.524024 11.909752 11.909752 11.909752 212114.648448 1565.130493 6.077436 11.909752 11.909752 1.000000
11.835764 11.835764 11.835764 11.835764 11.835764 11.835764 11.835764 11.835764 23175.302744 23401075.542442 7.478267 6.041168 14.756858 11.835764 11.835764 168622.520155 55254.227420 6.041168 11.835764 11.835764 2.945469
11.835764 11.835764 11.835764 11.835764 11.835764 11.835764 11.835764 11.835764 28969.128412 23401075.543031 6.041168 7.478267 11.835764 11.835764 14.756858 168622.520159 35362.705567 6.041168 11.835764 11.835764 1.000000
11.909752 11.909752 11.909752 11.909752 11.909752 11.909752 11.909752 11.909752 23322.252555 29436821.165160 6.077437 6.077437 11.909752 11.909752 11.909752 135753.376602 55604.583071 7.524024 11.909752 11.909752 2.917912
11.835764 11.835764 11.835764 11.835764 11.835764 11.835764 11.835764 11.835764 28969.128412 23401075.543213 6.041168 7.478267 11.835764 11.835764 11.835764 134898.016131 44203.381946 6.041168 11.835764 14.756858 2.945772
11.906474 11.906474 11.906474 11.906474 11.906474 11.906474 11.906474 11.906474 23315.742422 29428604.222719 6.075830 6.075830 11.906474 11.906474 11.906474 169644.353301 55589.061706 6.075830 11.906474 11.906474 1.000000
11.841902 11.841902 11.841902 11.841902 11.841902 11.841902 11.841902 11.841902 14839.996177 23413385.528496 7.482063 7.482063 14.764550 11.841902 11.841902 134968.978365 55283.293553 6.044177 18.425299 11.841902 2.943634
11.906474 11.906474 11.906474 11.906474 11.906474 11.906474 11.906474 11.906474 23315.742422 29428604.222717 6.075830 6.075830 11.906474 11.906474 11.906474 169644.353301 55589.061706 6.075830 11.906474 11.906474 1.000000
11.894007 11.894007 11.894007 11.894007 11.894007 11.894007 11.894007 11.894007 11.894007 176928874575.065460 6.069718 6.069718 11.894007 11.894007 11.894007 109513668.971087 6.069718 6.069718 11.894007 14.829845 1.000000
11.839046 11.839046 11.839046 11.839046 11.839046 11.839046 11.839046 11.839046 11869.092598 823583.736916 6.042777 6.042777 14.760971 815.639053 11.839046 134935.959464 35372.652184 6.042777 11.839046 14.760971 1.000000
11.908197 11.908197 11.908197 11.908197 11.908197 11.908197 11.908197 11.908197 23319.165158 29432924.323007 6.076674 6.076674 14.847628 11.908197 11.908197 135735.405589 44477.777724 6.076674 11.908197 11.908197 2.918582
11.906474 11.906474 11.906474 11.906474 11.906474 11.906474 11.906474 11.906474 29144.678009 29428604.223451 6.075830 6.075830 11.906474 11.906474 11.906474 169644.353305 35576.999509 6.075830 11.906474 11.906474 1.000000
11.908197 11.908197 11.908197 11.908197 11.908197 11.908197 11.908197 11.908197 23319.165158 29432924.322781 6.076674 6.076674 14.847628 11.908197 11.908197 169669.256982 35582.222189 6.076674 11.908197 11.908197 2.918582
11.908197 11.908197 11.908197 11.908197 11.908197 11.908197 11.908197 11.908197 23319.165158 29432924.322781 6.076674 6.076674 14.847628 11.908197 11.908197 169669.256982 35582.222189 6.076674 11.908197 11.908197 1.000000
11.835247 11.835247 11.835247 11.835247 11.835247 11.835247 11.835247 11.835247 28967.844503 7667724.586126 6.040915 6.040915 11.835247 11.835247 44.847866 134892.037464 55251.778560 6.040915 11.835247 11.835247 2.696612
11.835560 11.835560 11.835560 11.835560 11.835560 11.835560 11.835560 11.835560 2488.386076 29250833.031854 6.041068 6.041068 11.835560 171.006409 11.835560 134895.657728 35362.087326 6.041068 11.835560 11.835560 1.000000
11.904932 11.904932 11.904932 11.904932 11.904932 11.904932 11.904932 11.904932 11.904932 90671976982.791473 7.521043 6.075074 11.904932 11.904932 11.904932 265034.485645 11656.340035 6.075074 11.904932 11.904932 1.000000
11.906474 11.906474 11.906474 11.906474 11.906474 11.906474 11.906474 11.906474 29144.678009 29428604.223451 6.075830 6.075830 11.906474 11.906474 11.906474 169644.353305 35576.999509 6.075830 11.906474 11.906474 2.668320
11.906474 11.906474 11.906474 11.906474 11.906474 11.906474 11.906474 11.906474 29144.678009 29428604.223677 6.075830 6.075830 11.906474 11.906474 11.906474 135715.482648 44471.249374 6.075830 11.906474 11.906474 2.901965
11.906474 11.906474 11.906474 11.906474 11.906474 11.906474 11.906474 11.906474 29144.678009 29428604.223451 6.075830 6.075830 11.906474 11.906474 11.906474 169644.353305 35576.999509 6.075830 11.906474 11.906474 1.000000
11.908197 11.908197 11.908197 11.908197 11.908197 11.908197 11.908197 11.908197 23319.165158 29432924.322781 6.076674 6.076674 11.908197 11.908197 11.908197 169669.256982 35582.222189 6.076674 11.908197 14.847628 2.918582
11.835247 11.835247 11.835247 11.835247 11.835247 11.835247 11.835247 11.835247 23174.275617 9584655.732285 6.040915 6.040915 11.835247 11.835247 44.847866 134892.037459 55251.778558 6.040915 11.835247 11.835247 2.907272
11.909752 11.909752 11.909752 11.909752 11.909752 11.909752 11.909752 11.909752 23322.252555 29436821.165021 6.077437 7.524024 11.909752 11.909752 11.909752 169691.720748 44483.666465 6.077437 11.909752 11.909752 2.918213
11.906474 11.906474 11.906474 11.906474 11.906474 11.906474 11.906474 11.906474 23315.742422 36785755.277901 6.075830 6.075830 11.906474 11.906474 11.906474 169644.353298 35576.999508 6.075830 11.906474 11.906474 1.000000
11.901649 11.901649 11.901649 11.901649 11.901649 11.901649 11.901649 11.901649 11.901649 11.901649 6.073464 512.509818 11.901649 11.901649 11.901649 2491675224.646538 6.073464 6.073464 11.901649 4983350449.293064 1.000000
11.906474 11.906474 11.906474 11.906474 11.906474 11.906474 11.906474 11.906474 29144.678009 29428604.223451 6.075830 6.075830 11.906474 11.906474 11.906474 169644.353305 35576.999509 6.075830 11.906474 11.906474 2.919215
11.909920 11.909920 11.909920 11.909920 11.909920 11.909920 11.909920 11.909920 23322.586408 23549794.037850 6.077519 6.077519 14.849786 11.909920 11.909920 169694.149852 35587.442602 6.077519 14.849786 11.909920 1.000000
11.906474 11.906474 11.906474 11.906474 11.906474 11.906474 11.906474 11.906474 29144.678009 29428604.223451 6.075830 6.075830 11.906474 11.906474 11.906474 169644.353305 35576.999509 6.075830 11.906474 11.906474 1.000000
11.906474 11.906474 11.906474 11.906474 11.906474 11.906474 11.906474 11.906474 29144.678009 29428604.223451 6.075830 6.075830 11.906474 11.906474 11.906474 169644.353305 35576.999509 6.075830 11.906474 11.906474 1.000000
11.906474 11.906474 11.906474 11.906474 11.906474 11.906474 11.906474 11.906474 29144.678009 29428604.223451 6.075830 6.075830 11.906474 11.906474 11.906474 169644.353305 35576.999509 6.075830 11.906474 11.906474 1.000000
11.906474 11.906474 11.906474 11.906474 11.906474 11.906474 11.906474 11.906474 29144.678009 29428604.223451 6.075830 6.075830 11.906474 11.906474 11.906474 169644.353305 35576.999509 6.075830 11.906474 11.906474 1.000000
11.906474 11.906474 11.906474 11.906474 11.906474 11.906474 11.906474 11.906474 29144.678009 29428604.223451 6.075830 6.075830 11.906474 11.906474 11.906474 169644.353305 35576.999509 6.075830 11.906474 11.906474 1.000000
11.906474 11.906474 11.906474 11.906474 11.906474 11.906474 11.906474 11.906474 29144.678009 29428604.223451 6.075830 6.075830 11.906474 11.906474 11.906474 169644.353305 35576.999509 6.075830 11.906474 11.906474 1.000000
11.909752 11.909752 11.909752 11.909752 11.909752 11.909752 11.909752 11.909752 23322.252555 29436821.165021 7.524024 6.077437 11.909752 11.909752 11.909752 169691.720748 44483.666465 6.077437 11.909752 11.909752 2.929408
11.906474 11.906474 11.906474 11.906474 11.906474 11.906474 11.906474 11.906474 29144.678009 29428604.223451 6.075830 6.075830 11.906474 11.906474 11.906474 169644.353305 35576.999509 6.075830 11.906474 11.906474 1.000000
11.908197 11.908197 11.908197 11.908197 11.908197 11.908197 11.908197 11.908197 29148.956429 23546339.459129 6.076674 6.076674 11.908197 11.908197 11.908197 169669.256988 35582.222190 6.076674 14.847628 11.908197 1.000000
11.906474 11.906474 11.906474 11.906474 11.906474 11.906474 11.906474 11.906474 29144.678009 29428604.223451 6.075830 6.075830 11.906474 11.906474 11.906474 169644.353305 35576.999509 6.075830 11.906474 11.906474 1.000000
11.906474 11.906474 11.906474 11.906474 11.906474 11.906474 11.906474 11.906474 29144.678009 29428604.223451 6.075830 6.075830 11.906474 11.906474 11.906474 169644.353305 35576.999509 6.075830 11.906474 11.906474 1.000000
11.909752 11.909752 11.909752 11.909752 11.909752 11.909752 11.909752 11.909752 29152.815675 29436821.165892 6.077437 7.524024 11.909752 11.909752 11.909752 135753.376605 35586.933183 6.077437 11.909752 11.909752 1.000000
11.906474 11.906474 11.906474 11.906474 11.906474 11.906474 11.906474 11.906474 29144.678009 29428604.223451 6.075830 6.075830 11.906474 11.906474 11.906474 169644.353305 35576.999509 6.075830 11.906474 11.906474 1.000000
11.906474 11.906474 11.906474 11.906474 11.906474 11.906474 11.906474 11.906474 29144.678009 29428604.223451 6.075830 6.075830 11.906474 11.906474 11.906474 169644.353305 35576.999509 6.075830 11.906474 11.906474 1.000000
11.906474 11.906474 11.906474 11.906474 11.906474 11.906474 11.906474 11.906474 29144.678009 29428604.223451 6.075830 6.075830 11.906474 11.906474 11.906474 169644.353305 35576.999509 6.075830 11.906474 11.906474 1.000000
11.906474 11.906474 11.906474 11.906474 11.906474 11.906474 11.906474 11.906474 29144.678009 29428604.223451 6.075830 6.075830 11.906474 11.906474 11.906474 169644.353305 35576.999509 6.075830 11.906474 11.906474 1.000000
11.835583 11.835583 11.835583 11.835583 11.835583 11.835583 11.835583 11.835583 18539.954932 172666.785111 6.041080 6.041080 11.835583 3888.110602 11.835583 134895.925871 35362.157618 6.041080 11.835583 11.835583 2.945810
11.908197 11.908197 11.908197 11.908197 11.908197 11.908197 11.908197 11.908197 23319.165158 29432924.322781 6.076674 6.076674 11.908197 11.908197 11.908197 169669.256982 35582.222189 6.076674 11.908197 14.847628 1.000000
11.909920 11.909920 11.909920 11.909920 11.909920 11.909920 11.909920 11.909920 23322.586408 23549794.037850 6.077519 6.077519 11.909920 11.909920 14.849786 169694.149852 35587.442602 6.077519 14.849786 11.909920 1.000000
11.906474 11.906474 11.906474 11.906474 11.906474 11.906474 11.906474 11.906474 29144.678009 29428604.223451 6.075830 6.075830 11.906474 11.906474 11.906474 169644.353305 35576.999509 6.075830 11.906474 11.906474 1.000000
11.906474 11.906474 11.906474 11.906474 11.906474 11.906474 11.906474 11.906474 29144.678009 29428604.223451 6.075830 6.075830 11.906474 11.906474 11.906474 169644.353305 35576.999509 6.075830 11.906474 11.906474 1.000000
11.835583 11.835583 11.835583 11.835583 11.835583 11.835583 11.835583 11.835583 18539.954932 172666.785111 6.041080 6.041080 11.835583 3888.110602 11.835583 134895.925871 35362.157618 6.041080 11.835583 11.835583 2.932718
11.906474 11.906474 11.906474 11.906474 11.906474 11.906474 11.906474 11.906474 29144.678009 29428604.223451 6.075830 6.075830 11.906474 11.906474 11.906474 169644.353305 35576.999509 6.075830 11.906474 11.906474 1.000000
11.906474 11.906474 11.906474 11.906474 11.906474 11.906474 11.906474 11.906474 29144.678009 29428604.223451 6.075830 6.075830 11.906474 11.906474 11.906474 169644.353305 35576.999509 6.075830 11.906474 11.906474 1.000000
11.909920 11.909920 11.909920 11.909920 11.909920 11.909920 11.909920 11.909920 29153.232992 18839835.231003 6.077519 6.077519 14.849786 11.909920 11.909920 169694.149858 35587.442603 6.077519 11.909920 14.849786 1.000000
11.909752 11.909752 11.909752 11.909752 11.909752 11.909752 11.909752 11.909752 29152.815675 29436821.165892 7.524024 6.077437 11.909752 11.909752 11.909752 135753.376605 35586.933183 6.077437 11.909752 11.909752 1.000000
11.908197 11.908197 11.908197 11.908197 11.908197 11.908197 11.908197 11.908197 29148.956429 23546339.459129 6.076674 6.076674 14.847628 11.908197 11.908197 169669.256988 35582.222190 6.076674 11.908197 11.908197 1.000000
11.837325 11.837325 11.837325 11.837325 11.837325 11.837325 11.837325 11.837325 23178.403683 29255258.362784 6.041933 7.479233 11.837325 11.837325 11.837325 168645.082452 44209.296515 7.479233 11.837325 11.837325 1.000000
11.901645 11.901645 11.901645 11.901645 11.901645 11.901645 11.901645 11.901645 11.901645 221305147504.462463 6.073462 6.073462 11.901645 11.901645 11.901645 2467634.852811 262.407757 6.073462 11.901645 11.901645 1.000000
11.906474 11.906474 11.906474 11.906474 11.906474 11.906474 11.906474 11.906474 29144.678009 29428604.223451 6.075830 6.075830 11.906474 11.906474 11.906474 169644.353305 35576.999509 6.075830 11.906474 11.906474 1.000000
11.906474 11.906474 11.906474 11.906474 11.906474 11.906474 11.906474 11.906474 29144.678009 29428604.223451 6.075830 6.075830 11.906474 11.906474 11.906474 169644.353305 35576.999509 6.075830 11.906474 11.906474 1.000000
11.906474 11.906474 11.906474 11.906474 11.906474 11.906474 11.906474 11.906474 29144.678009 29428604.223451 6.075830 6.075830 11.906474 11.906474 11.906474 169644.353305 35576.999509 6.075830 11.906474 11.906474 1.000000
11.906474 11.906474 11.906474 11.906474 11.906474 11.906474 11.906474 11.906474 29144.678009 29428604.223451 6.075830 6.075830 11.906474 11.906474 11.906474 169644.353305 35576.999509 6.075830 11.906474 11.906474 1.000000
11.906474 11.906474 11.906474 11.906474 11.906474 11.906474 11.906474 11.906474 29144.678009 29428604.223451 6.075830 6.075830 11.906474 11.906474 11.906474 169644.353305 35576.999509 6.075830 11.906474 11.906474 1.000000
11.906474 11.906474 11.906474 11.906474 11.906474 11.906474 11.906474 11.906474 29144.678009 29428604.223451 6.075830 6.075830 11.906474 11.906474 11.906474 169644.353305 35576.999509 6.075830 11.906474 11.906474 1.000000
11.906474 11.906474 11.906474 11.906474 11.906474 11.906474 11.906474 11.906474 29144.678009 29428604.223451 6.075830 6.075830 11.906474 11.906474 11.906474 169644.353305 35576.999509 6.075830 11.906474 11.906474 1.000000
11.906474 11.906474 11.906474 11.906474 11.906474 11.906474 11.906474 11.906474 29144.678009 29428604.223677 6.075830 6.075830 11.906474 11.906474 11.906474 135715.482648 44471.249374 6.075830 11.906474 11.906474 1.000000
11.906474 11.906474 11.906474 11.906474 11.906474 11.906474 11.906474 11.906474 29144.678009 29428604.223451 6.075830 6.075830 11.906474 11.906474 11.906474 169644.353305 35576.999509 6.075830 11.906474 11.906474 1.000000
11.908197 11.908197 11.908197 11.908197 11.908197 11.908197 11.908197 11.908197 23319.165158 29432924.322781 6.076674 6.076674 11.908197 11.908197 11.908197 169669.256982 35582.222189 6.076674 11.908197 14.847628 1.000000
11.906474 11.906474 11.906474 11.906474 11.906474 11.906474 11.906474 11.906474 29144.678009 29428604.223677 6.075830 6.075830 11.906474 11.906474 11.906474 135715.482648 44471.249374 6.075830 11.906474 11.906474 1.000000
11.906474 11.906474 11.906474 11.906474 11.906474 11.906474 11.906474 11.906474 29144.678009 29428604.223451 6.075830 6.075830 11.906474 11.906474 11.906474 169644.353305 35576.999509 6.075830 11.906474 11.906474 1.000000
11.906474 11.906474 11.906474 11.906474 11.906474 11.906474 11.906474 11.906474 29144.678009 29428604.223451 6.075830 6.075830 11.906474 11.906474 11.906474 169644.353305 35576.999509 6.075830 11.906474 11.906474 1.000000
11.906474 11.906474 11.906474 11.906474 11.906474 11.906474 11.906474 11.906474 29144.678009 29428604.223451 6.075830 6.075830 11.906474 11.906474 11.906474 169644.353305 35576.999509 6.075830 11.906474 11.906474 1.000000
11.906474 11.906474 11.906474 11.906474 11.906474 11.906474 11.906474 11.906474 29144.678009 29428604.223451 6.075830 6.075830 11.906474 11.906474 11.906474 169644.353305 35576.999509 6.075830 11.906474 11.906474 1.000000
11.906474 11.906474 11.906474 11.906474 11.906474 11.906474 11.906474 11.906474 29144.678009 29428604.223451 6.075830 6.075830 11.906474 11.906474 11.906474 169644.353305 35576.999509 6.075830 11.906474 11.906474 1.000000
11.906474 11.906474 11.906474 11.906474 11.906474 11.906474 11.906474 11.906474 29144.678009 29428604.223451 6.075830 6.075830 11.906474 11.906474 11.906474 169644.353305 35576.999509 6.075830 11.906474 11.906474 1.000000
11.906474 11.906474 11.906474 11.906474 11.906474 11.906474 11.906474 11.906474 29144.678009 29428604.223451 6.075830 6.075830 11.906474 11.906474 11.906474 169644.353305 35576.999509 6.075830 11.906474 11.906474 1.000000
11.906474 11.906474 11.906474 11.906474 11.906474 11.906474 11.906474 11.906474 29144.678009 29428604.223451 6.075830 6.075830 11.906474 11.906474 11.906474 169644.353305 35576.999509 6.075830 11.906474 11.906474 1.000000
11.906474 11.906474 11.906474 11.906474 11.906474 11.906474 11.906474 11.906474 29144.678009 29428604.223451 6.075830 6.075830 11.906474 11.906474 11.906474 169644.353305 35576.999509 6.075830 11.906474 11.906474 1.000000
11.906474 11.906474 11.906474 11.906474 11.906474 11.906474 11.906474 11.906474 29144.678009 29428604.223451 6.075830 6.075830 11.906474 11.906474 11.906474 169644.353305 35576.999509 6.075830 11.906474 11.906474 1.000000
11.906474 11.906474 11.906474 11.906474 11.906474 11.906474 11.906474 11.906474 29144.678009 29428604.223451 6.075830 6.075830 11.906474 11.906474 11.906474 169644.353305 35576.999509 6.075830 11.906474 11.906474 1.000000
11.906474 11.906474 11.906474 11.906474 11.906474 11.906474 11.906474 11.906474 29144.678009 29428604.223451 6.075830 6.075830 11.906474 11.906474 11.906474 169644.353305 35576.999509 6.075830 11.906474 11.906474 1.000000
11.906474 11.906474 11.906474 11.906474 11.906474 11.906474 11.906474 11.906474 29144.678009 29428604.223451 6.075830 6.075830 11.906474 11.906474 11.906474 169644.353305 35576.999509 6.075830 11.906474 11.906474 1.000000
11.906474 11.906474 11.906474 11.906474 11.906474 11.906474 11.906474 11.906474 29144.678009 29428604.223451 6.075830 6.075830 11.906474 11.906474 11.906474 169644.353305 35576.999509 6.075830 11.906474 11.906474 1.000000
11.906474 11.906474 11.906474 11.906474 11.906474 11.906474 11.906474 11.906474 29144.678009 29428604.223451 6.075830 6.075830 11.906474 11.906474 11.906474 169644.353305 35576.999509 6.075830 11.906474 11.906474 1.000000
11.906474 11.906474 11.906474 11.906474 11.906474 11.906474 11.906474 11.906474 29144.678009 29428604.223451 6.075830 6.075830 11.906474 11.906474 11.906474 169644.353305 35576.999509 6.075830 11.906474 11.906474 1.000000
11.906474 11.906474 11.906474 11.906474 11.906474 11.906474 11.906474 11.906474 29144.678009 29428604.223451 6.075830 6.075830 11.906474 11.906474 11.906474 169644.353305 35576.999509 6.075830 11.906474 11.906474 1.000000
11.906474 11.906474 11.906474 11.906474 11.906474 11.906474 11.906474 11.906474 29144.678009 29428604.223451 6.075830 6.075830 11.906474 11.906474 11.906474 169644.353305 35576.999509 6.075830 11.906474 11.906474 1.000000
11.906474 11.906474 11.906474 11.906474 11.906474 11.906474 11.906474 11.906474 29144.678009 29428604.223451 6.075830 6.075830 11.906474 11.906474 11.906474 169644.353305 35576.999509 6.075830 11.906474 11.906474 1.000000
11.906474 11.906474 11.906474 11.906474 11.906474 11.906474 11.906474 11.906474 29144.678009 29428604.223451 6.075830 6.075830 11.906474 11.906474 11.906474 169644.353305 35576.999509 6.075830 11.906474 11.906474 1.000000
11.908197 11.908197 11.908197 11.908197 11.908197 11.908197 11.908197 11.908197 23319.165158 29432924.322781 6.076674 6.076674 11.908197 11.908197 11.908197 169669.256982 35582.222189 6.076674 14.847628 11.908197 1.000000
11.906474 11.906474 11.906474 11.906474 11.906474 11.906474 11.906474 11.906474 29144.678009 29428604.223451 6.075830 6.075830 11.906474 11.906474 11.906474 169644.353305 35576.999509 6.075830 11.906474 11.906474 1.000000
11.906474 11.906474 11.906474 11.906474 11.906474 11.906474 11.906474 11.906474 29144.678009 29428604.223451 6.075830 6.075830 11.906474 11.906474 11.906474 169644.353305 35576.999509 6.075830 11.906474 11.906474 1.000000
11.906474 11.906474 11.906474 11.906474 11.906474 11.906474 11.906474 11.906474 29144.678009 29428604.223451 6.075830 6.075830 11.906474 11.906474 11.906474 169644.353305 35576.999509 6.075830 11.906474 11.906474 1.000000
11.906474 11.906474 11.906474 11.906474 11.906474 11.906474 11.906474 11.906474 29144.678009 29428604.223451 6.075830 6.075830 11.906474 11.906474 11.906474 169644.353305 35576.999509 6.075830 11.906474 11.906474 1.000000
11.906474 11.906474 11.906474 11.906474 11.906474 11.906474 11.906474 11.906474 29144.678009 29428604.223451 6.075830 6.075830 11.906474 11.906474 11.906474 169644.353305 35576.999509 6.075830 11.906474 11.906474 1.000000
11.906474 11.906474 11.906474 11.906474 11.906474 11.906474 11.906474 11.906474 29144.678009 29428604.223451 6.075830 6.075830 11.906474 11.906474 11.906474 169644.353305 35576.999509 6.075830 11.906474 11.906474 1.000000
11.906474 11.906474 11.906474 11.906474 11.906474 11.906474 11.906474 11.906474 29144.678009 29428604.223451 6.075830 6.075830 11.906474 11.906474 11.906474 169644.353305 35576.999509 6.075830 11.906474 11.906474 1.000000
11.906474 11.906474 11.906474 11.906474 11.906474 11.906474 11.906474 11.906474 29144.678009 29428604.223451 6.075830 6.075830 11.906474 11.906474 11.906474 169644.353305 35576.999509 6.075830 11.906474 11.906474 1.000000
11.906474 11.906474 11.906474 11.906474 11.906474 11.906474 11.906474 11.906474 29144.678009 29428604.223451 6.075830 6.075830 11.906474 11.906474 11.906474 169644.353305 35576.999509 6.075830 11.906474 11.906474 1.000000
11.835547 11.835547 11.835547 11.835547 11.835547 11.835547 11.835547 11.835547 3110.478957 29250800.514856 6.041062 6.041062 11.835547 136.807607 11.835547 134895.507770 35362.048015 6.041062 11.835547 11.835547 1.000000
11.906474 11.906474 11.906474 11.906474 11.906474 11.906474 11.906474 11.906474 29144.678009 29428604.223451 6.075830 6.075830 11.906474 11.906474 11.906474 169644.353305 35576.999509 6.075830 11.906474 11.906474 1.000000
11.906474 11.906474 11.906474 11.906474 11.906474 11.906474 11.906474 11.906474 29144.678009 29428604.223451 6.075830 6.075830 11.906474 11.906474 11.906474 169644.353305 35576.999509 6.075830 11.906474 11.906474 1.000000
11.906474 11.906474 11.906474 11.906474 11.906474 11.906474 11.906474 11.906474 29144.678009 29428604.223451 6.075830 6.075830 11.906474 11.906474 11.906474 169644.353305 35576.999509 6.075830 11.906474 11.906474 1.000000
11.906474 11.906474 11.906474 11.906474 11.906474 11.906474 11.906474 11.906474 29144.678009 29428604.223451 6.075830 6.075830 11.906474 11.906474 11.906474 169644.353305 35576.999509 6.075830 11.906474 11.906474 1.000000
11.906474 11.906474 11.906474 11.906474 11.906474 11.906474 11.906474 11.906474 29144.678009 29428604.223451 6.075830 6.075830 11.906474 11.906474 11.906474 169644.353305 35576.999509 6.075830 11.906474 11.906474 1.000000
11.906474 11.906474 11.906474 11.906474 11.906474 11.906474 11.906474 11.906474 29144.678009 29428604.223451 6.075830 6.075830 11.906474 11.906474 11.906474 169644.353305 35576.999509 6.075830 11.906474 11.906474 1.000000
11.906474 11.906474 11.906474 11.906474 11.906474 11.906474 11.906474 11.906474 29144.678009 29428604.223451 6.075830 6.075830 11.906474 11.906474 11.906474 169644.353305 35576.999509 6.075830 11.906474 11.906474 1.000000
11.906474 11.906474 11.906474 11.906474 11.906474 11.906474 11.906474 11.906474 29144.678009 29428604.223451 6.075830 6.075830 11.906474 11.906474 11.906474 169644.353305 35576.999509 6.075830 11.906474 11.906474 1.000000
11.906474 11.906474 11.906474 11.906474 11.906474 11.906474 11.906474 11.906474 29144.678009 29428604.223451 6.075830 6.075830 11.906474 11.906474 11.906474 169644.353305 35576.999509 6.075830 11.906474 11.906474 1.000000
11.909752 11.909752 11.909752 11.909752 11.909752 11.909752 11.909752 11.909752 29152.815674 29436821.165529 6.077437 6.077437 11.909752 11.909752 11.909752 169691.720751 28469.546559 7.524024 11.909752 11.909752 1.000000
11.906474 11.906474 11.906474 11.906474 11.906474 11.906474 11.906474 11.906474 29144.678009 29428604.223451 6.075830 6.075830 11.906474 11.906474 11.906474 169644.353305 35576.999509 6.075830 11.906474 11.906474 1.000000
11.906474 11.906474 11.906474 11.906474 11.906474 11.906474 11.906474 11.906474 29144.678009 29428604.223451 6.075830 6.075830 11.906474 11.906474 11.906474 169644.353305 35576.999509 6.075830 11.906474 11.906474 1.000000
11.906474 11.906474 11.906474 11.906474 11.906474 11.906474 11.906474 11.906474 29144.678009 29428604.223451 6.075830 6.075830 11.906474 11.906474 11.906474 169644.353305 35576.999509 6.075830 11.906474 11.906474 1.000000
11.906474 11.906474 11.906474 11.906474 11.906474 11.906474 11.906474 11.906474 29144.678009 29428604.223451 6.075830 6.075830 11.906474 11.906474 11.906474 169644.353305 35576.999509 6.075830 11.906474 11.906474 1.000000
11.906474 11.906474 11.906474 11.906474 11.906474 11.906474 11.906474 11.906474 29144.678009 29428604.223451 6.075830 6.075830 11.906474 11.906474 11.906474 169644.353305 35576.999509 6.075830 11.906474 11.906474 1.000000
11.906474 11.906474 11.906474 11.906474 11.906474 11.906474 11.906474 11.906474 29144.678009 29428604.223451 6.075830 6.075830 11.906474 11.906474 11.906474 169644.353305 35576.999509 6.075830 11.906474 11.906474 1.000000
11.906474 11.906474 11.906474 11.906474 11.906474 11.906474 11.906474 11.906474 29144.678009 29428604.223451 6.075830 6.075830 11.906474 11.906474 11.906474 169644.353305 35576.999509 6.075830 11.906474 11.906474 1.000000
11.906474 11.906474 11.906474 11.906474 11.906474 11.906474 11.906474 11.906474 29144.678009 29428604.223451 6.075830 6.075830 11.906474 11.906474 11.906474 169644.353305 35576.999509 6.075830 11.906474 11.906474 1.000000
11.906474 11.906474 11.906474 11.906474 11.906474 11.906474 11.906474 11.906474 29144.678009 29428604.223677 6.075830 6.075830 11.906474 11.906474 11.906474 135715.482648 44471.249374 6.075830 11.906474 11.906474 1.000000
11.906474 11.906474 11.906474 11.906474 11.906474 11.906474 11.906474 11.906474 29144.678009 29428604.223451 6.075830 6.075830 11.906474 11.906474 11.906474 169644.353305 35576.999509 6.075830 11.906474 11.906474 1.000000
11.906474 11.906474 11.906474 11.906474 11.906474 11.906474 11.906474 11.906474 29144.678009 29428604.223451 6.075830 6.075830 11.906474 11.906474 11.906474 169644.353305 35576.999509 6.075830 11.906474 11.906474 1.000000
11.908197 11.908197 11.908197 11.908197 11.908197 11.908197 11.908197 11.908197 29148.956429 23546339.459129 6.076674 6.076674 14.847628 11.908197 11.908197 169669.256988 35582.222190 6.076674 11.908197 11.908197 1.000000
11.906474 11.906474 11.906474 11.906474 11.906474 11.906474 11.906474 11.906474 29144.678009 29428604.223451 6.075830 6.075830 11.906474 11.906474 11.906474 169644.353305 35576.999509 6.075830 11.906474 11.906474 1.000000
11.906474 11.906474 11.906474 11.906474 11.906474 11.906474 11.906474 11.906474 29144.678009 29428604.223451 6.075830 6.075830 11.906474 11.906474 11.906474 169644.353305 35576.999509 6.075830 11.906474 11.906474 1.000000
11.906474 11.906474 11.906474 11.906474 11.906474 11.906474 11.906474 11.906474 29144.678009 29428604.223451 6.075830 6.075830 11.906474 11.906474 11.906474 169644.353305 35576.999509 6.075830 11.906474 11.906474 1.000000
11.906474 11.906474 11.906474 11.906474 11.906474 11.906474 11.906474 11.906474 29144.678009 29428604.223451 6.075830 6.075830 11.906474 11.906474 11.906474 169644.353305 35576.999509 6.075830 11.906474 11.906474 1.000000
11.906474 11.906474 11.906474 11.906474 11.906474 11.906474 11.906474 11.906474 29144.678009 29428604.223451 6.075830 6.075830 11.906474 11.906474 11.906474 169644.353305 35576.999509 6.075830 11.906474 11.906474 1.000000
11.906474 11.906474 11.906474 11.906474 11.906474 11.906474 11.906474 11.906474 29144.678009 29428604.223451 6.075830 6.075830 11.906474 11.906474 11.906474 169644.353305 35576.999509 6.075830 11.906474 11.906474 1.000000
11.906474 11.906474 11.906474 11.906474 11.906474 11.906474 11.906474 11.906474 29144.678009 29428604.223451 6.075830 6.075830 11.906474 11.906474 11.906474 169644.353305 35576.999509 6.075830 11.906474 11.906474 1.000000
11.906474 11.906474 11.906474 11.906474 11.906474 11.906474 11.906474 11.906474 29144.678009 29428604.223451 6.075830 6.075830 11.906474 11.906474 11.906474 169644.353305 35576.999509 6.075830 11.906474 11.906474 1.000000
11.906474 11.906474 11.906474 11.906474 11.906474 11.906474 11.906474 11.906474 29144.678009 29428604.223451 6.075830 6.075830 11.906474 11.906474 11.906474 169644.353305 35576.999509 6.075830 11.906474 11.906474 1.000000
11.906474 11.906474 11.906474 11.906474 11.906474 11.906474 11.906474 11.906474 29144.678009 29428604.223451 6.075830 6.075830 11.906474 11.906474 11.906474 169644.353305 35576.999509 6.075830 11.906474 11.906474 1.000000
11.906474 11.906474 11.906474 11.906474 11.906474 11.906474 11.906474 11.906474 29144.678009 29428604.223451 6.075830 6.075830 11.906474 11.906474 11.906474 169644.353305 35576.999509 6.075830 11.906474 11.906474 1.000000
11.906474 11.906474 11.906474 11.906474 11.906474 11.906474 11.906474 11.906474 29144.678009 29428604.223451 6.075830 6.075830 11.906474 11.906474 11.906474 169644.353305 35576.999509 6.075830 11.906474 11.906474 1.000000
11.906474 11.906474 11.906474 11.906474 11.906474 11.906474 11.906474 11.906474 29144.678009 29428604.223451 6.075830 6.075830 11.906474 11.906474 11.906474 169644.353305 35576.999509 6.075830 11.906474 11.906474 1.000000
11.906474 11.906474 11.906474 11.906474 11.906474 11.906474 11.906474 11.906474 29144.678009 29428604.223451 6.075830 6.075830 11.906474 11.906474 11.906474 169644.353305 35576.999509 6.075830 11.906474 11.906474 1.000000
11.906474 11.906474 11.906474 11.906474 11.906474 11.906474 11.906474 11.906474 29144.678009 29428604.223451 6.075830 6.075830 11.906474 11.906474 11.906474 169644.353305 35576.999509 6.075830 11.906474 11.906474 1.000000
11.906474 11.906474 11.906474 11.906474 11.906474 11.906474 11.906474 11.906474 29144.678009 29428604.223451 6.075830 6.075830 11.906474 11.906474 11.906474 169644.353305 35576.999509 6.075830 11.906474 11.906474 1.000000
11.906474 11.906474 11.906474 11.906474 11.906474 11.906474 11.906474 11.906474 29144.678009 29428604.223451 6.075830 6.075830 11.906474 11.906474 11.906474 169644.353305 35576.999509 6.075830 11.906474 11.906474 1.000000
11.906474 11.906474 11.906474 11.906474 11.906474 11.906474 11.906474 11.906474 29144.678009 29428604.223451 6.075830 6.075830 11.906474 11.906474 11.906474 169644.353305 35576.999509 6.075830 11.906474 11.906474 1.000000
11.906474 11.906474 11.906474 11.906474 11.906474 11.906474 11.906474 11.906474 29144.678009 29428604.223451 6.075830 6.075830 11.906474 11.906474 11.906474 169644.353305 35576.999509 6.075830 11.906474 11.906474 1.000000
11.906474 11.906474 11.906474 11.906474 11.906474 11.906474 11.906474 11.906474 29144.678009 29428604.223451 6.075830 6.075830 11.906474 11.906474 11.906474 169644.353305 35576.999509 6.075830 11.906474 11.906474 1.000000
11.906474 11.906474 11.906474 11.906474 11.906474 11.906474 11.906474 11.906474 29144.678009 29428604.223451 6.075830 6.075830 11.906474 11.906474 11.906474 169644.353305 35576.999509 6.075830 11.906474 11.906474 1.000000
11.906474 11.906474 11.906474 11.906474 11.906474 11.906474 11.906474 11.906474 29144.678009 29428604.223451 6.075830 6.075830 11.906474 11.906474 11.906474 169644.353305 35576.999509 6.075830 11.906474 11.906474 1.000000
11.906474 11.906474 11.906474 11.906474 11.906474 11.906474 11.906474 11.906474 29144.678009 29428604.223451 6.075830 6.075830 11.906474 11.906474 11.906474 169644.353305 35576.999509 6.075830 11.906474 11.906474 1.000000
11.906474 11.906474 11.906474 11.906474 11.906474 11.906474 11.906474 11.906474 29144.678009 29428604.223451 6.075830 6.075830 11.906474 11.906474 11.906474 169644.353305 35576.999509 6.075830 11.906474 11.906474 1.000000
11.906474 11.906474 11.906474 11.906474 11.906474 11.906474 11.906474 11.906474 29144.678009 29428604.223451 6.075830 6.075830 11.906474 11.906474 11.906474 169644.353305 35576.999509 6.075830 11.906474 11.906474 1.000000
11.906474 11.906474 11.906474 11.906474 11.906474 11.906474 11.906474 11.906474 29144.678009 29428604.223451 6.075830 6.075830 11.906474 11.906474 11.906474 169644.353305 35576.999509 6.075830 11.906474 11.906474 1.000000
11.906474 11.906474 11.906474 11.906474 11.906474 11.906474 11.906474 11.906474 29144.678009 29428604.223451 6.075830 6.075830 11.906474 11.906474 11.906474 169644.353305 35576.999509 6.075830 11.906474 11.906474 1.000000
11.906474 11.906474 11.906474 11.906474 11.906474 11.906474 11.906474 11.906474 29144.678009 29428604.223451 6.075830 6.075830 11.906474 11.906474 11.906474 169644.353305 35576.999509 6.075830 11.906474 11.906474 1.000000
11.909752 11.909752 11.909752 11.909752 11.909752 11.909752 11.909752 11.909752 29152.815675 29436821.165892 6.077437 6.077437 11.909752 11.909752 11.909752 135753.376605 35586.933183 7.524024 11.909752 11.909752 1.000000
11.906474 11.906474 11.906474 11.906474 11.906474 11.906474 11.906474 11.906474 29144.678009 29428604.223451 6.075830 6.075830 11.906474 11.906474 11.906474 169644.353305 35576.999509 6.075830 11.906474 11.906474 1.000000
11.906474 11.906474 11.906474 11.906474 11.906474 11.906474 11.906474 11.906474 29144.678009 29428604.223451 6.075830 6.075830 11.906474 11.906474 11.906474 169644.353305 35576.999509 6.075830 11.906474 11.906474 1.000000
11.906474 11.906474 11.906474 11.906474 11.906474 11.906474 11.906474 11.906474 29144.678009 29428604.223451 6.075830 6.075830 11.906474 11.906474 11.906474 169644.353305 35576.999509 6.075830 11.906474 11.906474 1.000000
11.906474 11.906474 11.906474 11.906474 11.906474 11.906474 11.906474 11.906474 29144.678009 29428604.223451 6.075830 6.075830 11.906474 11.906474 11.906474 169644.353305 35576.999509 6.075830 11.906474 11.906474 1.000000
11.906474 11.906474 11.906474 11.906474 11.906474 11.906474 11.906474 11.906474 29144.678009 29428604.223451 6.075830 6.075830 11.906474 11.906474 11.906474 169644.353305 35576.999509 6.075830 11.906474 11.906474 1.000000
11.906474 11.906474 11.906474 11.906474 11.906474 11.906474 11.906474 11.906474 29144.678009 29428604.223451 6.075830 6.075830 11.906474 11.906474 11.906474 169644.353305 35576.999509 6.075830 11.906474 11.906474 1.000000
11.906474 11.906474 11.906474 11.906474 11.906474 11.906474 11.906474 11.906474 29144.678009 29428604.223451 6.075830 6.075830 11.906474 11.906474 11.906474 169644.353305 35576.999509 6.075830 11.906474 11.906474 1.000000
11.906474 11.906474 11.906474 11.906474 11.906474 11.906474 11.906474 11.906474 29144.678009 29428604.223451 6.075830 6.075830 11.906474 11.906474 11.906474 169644.353305 35576.999509 6.075830 11.906474 11.906474 1.000000
11.906474 11.906474 11.906474 11.906474 11.906474 11.906474 11.906474 11.906474 29144.678009 29428604.223451 6.075830 6.075830 11.906474 11.906474 11.906474 169644.353305 35576.999509 6.075830 11.906474 11.906474 1.000000
11.906474 11.906474 11.906474 11.906474 11.906474 11.906474 11.906474 11.906474 29144.678009 29428604.223451 6.075830 6.075830 11.906474 11.906474 11.906474 169644.353305 35576.999509 6.075830 11.906474 11.906474 1.000000
11.906474 11.906474 11.906474 11.906474 11.906474 11.906474 11.906474 11.906474 29144.678009 29428604.223451 6.075830 6.075830 11.906474 11.906474 11.906474 169644.353305 35576.999509 6.075830 11.906474 11.906474 1.000000
11.906474 11.906474 11.906474 11.906474 11.906474 11.906474 11.906474 11.906474 29144.678009 29428604.223451 6.075830 6.075830 11.906474 11.906474 11.906474 169644.353305 35576.999509 6.075830 11.906474 11.906474 1.000000
11.906474 11.906474 11.906474 11.906474 11.906474 11.906474 11.906474 11.906474 29144.678009 29428604.223451 6.075830 6.075830 11.906474 11.906474 11.906474 169644.353305 35576.999509 6.075830 11.906474 11.906474 1.000000
11.906474 11.906474 11.906474 11.906474 11.906474 11.906474 11.906474 11.906474 29144.678009 29428604.223451 6.075830 6.075830 11.906474 11.906474 11.906474 169644.353305 35576.999509 6.075830 11.906474 11.906474 1.000000
11.906474 11.906474 11.906474 11.906474 11.906474 11.906474 11.906474 11.906474 29144.678009 29428604.223451 6.075830 6.075830 11.906474 11.906474 11.906474 169644.353305 35576.999509 6.075830 11.906474 11.906474 1.000000
11.906474 11.906474 11.906474 11.906474 11.906474 11.906474 11.906474 11.906474 29144.678009 29428604.223451 6.075830 6.075830 11.906474 11.906474 11.906474 169644.353305 35576.999509 6.075830 11.906474 11.906474 1.000000
11.906474 11.906474 11.906474 11.906474 11.906474 11.906474 11.906474 11.906474 29144.678009 29428604.223451 6.075830 6.075830 11.906474 11.906474 11.906474 169644.353305 35576.999509 6.075830 11.906474 11.906474 1.000000
11.906474 11.906474 11.906474 11.906474 11.906474 11.906474 11.906474 11.906474 29144.678009 29428604.223451 6.075830 6.075830 11.906474 11.906474 11.906474 169644.353305 35576.999509 6.075830 11.906474 11.906474 1.000000
11.906474 11.906474 11.906474 11.906474 11.906474 11.906474 11.906474 11.906474 29144.678009 29428604.223451 6.075830 6.075830 11.906474 11.906474 11.906474 169644.353305 35576.999509 6.075830 11.906474 11.906474 1.000000
11.906474 11.906474 11.906474 11.906474 11.906474 11.906474 11.906474 11.906474 29144.678009 29428604.223451 6.075830 6.075830 11.906474 11.906474 11.906474 169644.353305 35576.999509 6.075830 11.906474 11.906474 1.000000
11.906474 11.906474 11.906474 11.906474 11.906474 11.906474 11.906474 11.906474 29144.678009 29428604.223451 6.075830 6.075830 11.906474 11.906474 11.906474 169644.353305 35576.999509 6.075830 11.906474 11.906474 1.000000
11.906474 11.906474 11.906474 11.906474 11.906474 11.906474 11.906474 11.906474 29144.678009 29428604.223451 6.075830 6.075830 11.906474 11.906474 11.906474 169644.353305 35576.999509 6.075830 11.906474 11.906474 1.000000
11.906474 11.906474 11.906474 11.906474 11.906474 11.906474 11.906474 11.906474 29144.678009 29428604.223451 6.075830 6.075830 11.906474 11.906474 11.906474 169644.353305 35576.999509 6.075830 11.906474 11.906474 1.000000
11.906474 11.906474 11.906474 11.906474 11.906474 11.906474 11.906474 11.906474 29144.678009 29428604.223451 6.075830 6.075830 11.906474 11.906474 11.906474 169644.353305 35576.999509 6.075830 11.906474 11.906474 1.000000
11.906474 11.906474 11.906474 11.906474 11.906474 11.906474 11.906474 11.906474 29144.678009 29428604.223451 6.075830 6.075830 11.906474 11.906474 11.906474 169644.353305 35576.999509 6.075830 11.906474 11.906474 1.000000
11.906474 11.906474 11.906474 11.906474 11.906474 11.906474 11.906474 11.906474 29144.678009 29428604.223451 6.075830 6.075830 11.906474 11.906474 11.906474 169644.353305 35576.999509 6.075830 11.906474 11.906474 1.000000
11.906474 11.906474 11.906474 11.906474 11.906474 11.906474 11.906474 11.906474 29144.678009 29428604.223451 6.075830 6.075830 11.906474 11.906474 11.906474 169644.353305 35576.999509 6.075830 11.906474 11.906474 1.000000
11.906474 11.906474 11.906474 11.906474 11.906474 11.906474 11.906474 11.906474 29144.678009 29428604.223451 6.075830 6.075830 11.906474 11.906474 11.906474 169644.353305 35576.999509 6.075830 11.906474 11.906474 1.000000
11.906474 11.906474 11.906474 11.906474 11.906474 11.906474 11.906474 11.906474 29144.678009 29428604.223451 6.075830 6.075830 11.906474 11.906474 11.906474 169644.353305 35576.999509 6.075830 11.906474 11.906474 1.000000
11.906474 11.906474 11.906474 11.906474 11.906474 11.906474 11.906474 11.906474 29144.678009 29428604.223451 6.075830 6.075830 11.906474 11.906474 11.906474 169644.353305 35576.999509 6.075830 11.906474 11.906474 1.000000
11.906474 11.906474 11.906474 11.906474 11.906474 11.906474 11.906474 11.906474 29144.678009 29428604.223451 6.075830 6.075830 11.906474 11.906474 11.906474 169644.353305 35576.999509 6.075830 11.906474 11.906474 1.000000
11.906474 11.906474 11.906474 11.906474 11.906474 11.906474 11.906474 11.906474 29144.678009 29428604.223451 6.075830 6.075830 11.906474 11.906474 11.906474 169644.353305 35576.999509 6.075830 11.906474 11.906474 1.000000
11.906474 11.906474 11.906474 11.906474 11.906474 11.906474 11.906474 11.906474 29144.678009 29428604.223451 6.075830 6.075830 11.906474 11.906474 11.906474 169644.353305 35576.999509 6.075830 11.906474 11.906474 1.000000
11.906474 11.906474 11.906474 11.906474 11.906474 11.906474 11.906474 11.906474 29144.678009 29428604.223451 6.075830 6.075830 11.906474 11.906474 11.906474 169644.353305 35576.999509 6.075830 11.906474 11.906474 1.000000
11.906474 11.906474 11.906474 11.906474 11.906474 11.906474 11.906474 11.906474 29144.678009 29428604.223451 6.075830 6.075830 11.906474 11.906474 11.906474 169644.353305 35576.999509 6.075830 11.906474 11.906474 1.000000
11.906474 11.906474 11.906474 11.906474 11.906474 11.906474 11.906474 11.906474 29144.678009 29428604.223451 6.075830 6.075830 11.906474 11.906474 11.906474 169644.353305 35576.999509 6.075830 11.906474 11.906474 1.000000
11.906474 11.906474 11.906474 11.906474 11.906474 11.906474 11.906474 11.906474 29144.678009 29428604.223451 6.075830 6.075830 11.906474 11.906474 11.906474 169644.353305 35576.999509 6.075830 11.906474 11.906474 1.000000
11.906474 11.906474 11.906474 11.906474 11.906474 11.906474 11.906474 11.906474 29144.678009 29428604.223451 6.075830 6.075830 11.906474 11.906474 11.906474 169644.353305 35576.999509 6.075830 11.906474 11.906474 1.000000
11.906474 11.906474 11.906474 11.906474 11.906474 11.906474 11.906474 11.906474 29144.678009 29428604.223451 6.075830 6.075830 11.906474 11.906474 11.906474 169644.353305 35576.999509 6.075830 11.906474 11.906474 1.000000
11.906474 11.906474 11.906474 11.906474 11.906474 11.906474 11.906474 11.906474 29144.678009 29428604.223451 6.075830 6.075830 11.906474 11.906474 11.906474 169644.353305 35576.999509 6.075830 11.906474 11.906474 1.000000
11.906474 11.906474 11.906474 11.906474 11.906474 11.906474 11.906474 11.906474 29144.678009 29428604.223451 6.075830 6.075830 11.906474 11.906474 11.906474 169644.353305 35576.999509 6.075830 11.906474 11.906474 1.000000
11.906474 11.906474 11.906474 11.906474 11.906474 11.906474 11.906474 11.906474 29144.678009 29428604.223451 6.075830 6.075830 11.906474 11.906474 11.906474 169644.353305 35576.999509 6.075830 11.906474 11.906474 1.000000
11.906474 11.906474 11.906474 11.906474 11.906474 11.906474 11.906474 11.906474 29144.678009 29428604.223451 6.075830 6.075830 11.906474 11.906474 11.906474 169644.353305 35576.999509 6.075830 11.906474 11.906474 1.000000
11.906474 11.906474 11.906474 11.906474 11.906474 11.906474 11.906474 11.906474 29144.678009 29428604.223451 6.075830 6.075830 11.906474 11.906474 11.906474 169644.353305 35576.999509 6.075830 11.906474 11.906474 1.000000
11.906474 11.906474 11.906474 11.906474 11.906474 11.906474 11.906474 11.906474 29144.678009 29428604.223451 6.075830 6.075830 11.906474 11.906474 11.906474 169644.353305 35576.999509 6.075830 11.906474 11.906474 1.000000
11.906474 11.906474 11.906474 11.906474 11.906474 11.906474 11.906474 11.906474 29144.678009 29428604.223451 6.075830 6.075830 11.906474 11.906474 11.906474 169644.353305 35576.999509 6.075830 11.906474 11.906474 1.000000
11.906474 11.906474 11.906474 11.906474 11.906474 11.906474 11.906474 11.906474 29144.678009 29428604.223451 6.075830 6.075830 11.906474 11.906474 11.906474 169644.353305 35576.999509 6.075830 11.906474 11.906474 1.000000
11.906474 11.906474 11.906474 11.906474 11.906474 11.906474 11.906474 11.906474 29144.678009 29428604.223451 6.075830 6.075830 11.906474 11.906474 11.906474 169644.353305 35576.999509 6.075830 11.906474 11.906474 1.000000
11.906474 11.906474 11.906474 11.906474 11.906474 11.906474 11.906474 11.906474 29144.678009 29428604.223451 6.075830 6.075830 11.906474 11.906474 11.906474 169644.353305 35576.999509 6.075830 11.906474 11.906474 1.000000
11.906474 11.906474 11.906474 11.906474 11.906474 11.906474 11.906474 11.906474 29144.678009 29428604.223451 6.075830 6.075830 11.906474 11.906474 11.906474 169644.353305 35576.999509 6.075830 11.906474 11.906474 1.000000
11.906474 11.906474 11.906474 11.906474 11.906474 11.906474 11.906474 11.906474 29144.678009 29428604.223451 6.075830 6.075830 11.906474 11.906474 11.906474 169644.353305 35576.999509 6.075830 11.906474 11.906474 1.000000
11.906474 11.906474 11.906474 11.906474 11.906474 11.906474 11.906474 11.906474 29144.678009 29428604.223451 6.075830 6.075830 11.906474 11.906474 11.906474 169644.353305 35576.999509 6.075830 11.906474 11.906474 1.000000
11.906474 11.906474 11.906474 11.906474 11.906474 11.906474 11.906474 11.906474 29144.678009 29428604.223451 6.075830 6.075830 11.906474 11.906474 11.906474 169644.353305 35576.999509 6.075830 11.906474 11.906474 1.000000
11.906474 11.906474 11.906474 11.906474 11.906474 11.906474 11.906474 11.906474 29144.678009 29428604.223451 6.075830 6.075830 11.906474 11.906474 11.906474 169644.353305 35576.999509 6.075830 11.906474 11.906474 1.000000
11.906474 11.906474 11.906474 11.906474 11.906474 11.906474 11.906474 11.906474 29144.678009 29428604.223451 6.075830 6.075830 11.906474 11.906474 11.906474 169644.353305 35576.999509 6.075830 11.906474 11.906474 1.000000
11.906474 11.906474 11.906474 11.906474 11.906474 11.906474 11.906474 11.906474 29144.678009 29428604.223451 6.075830 6.075830 11.906474 11.906474 11.906474 169644.353305 35576.999509 6.075830 11.906474 11.906474 1.000000
11.906474 11.906474 11.906474 11.906474 11.906474 11.906474 11.906474 11.906474 29144.678009 29428604.223451 6.075830 6.075830 11.906474 11.906474 11.906474 169644.353305 35576.999509 6.075830 11.906474 11.906474 1.000000
11.906474 11.906474 11.906474 11.906474 11.906474 11.906474 11.906474 11.906474 29144.678009 29428604.223451 6.075830 6.075830 11.906474 11.906474 11.906474 169644.353305 35576.999509 6.075830 11.906474 11.906474 1.000000
11.906474 11.906474 11.906474 11.906474 11.906474 11.906474 11.906474 11.906474 29144.678009 29428604.223451 6.075830 6.075830 11.906474 11.906474 11.906474 169644.353305 35576.999509 6.075830 11.906474 11.906474 1.000000
11.906474 11.906474 11.906474 11.906474 11.906474 11.906474 11.906474 11.906474 29144.678009 29428604.223451 6.075830 6.075830 11.906474 11.906474 11.906474 169644.353305 35576.999509 6.075830 11.906474 11.906474 1.000000
11.906474 11.906474 11.906474 11.906474 11.906474 11.906474 11.906474 11.906474 29144.678009 29428604.223451 6.075830 6.075830 11.906474 11.906474 11.906474 169644.353305 35576.999509 6.075830 11.906474 11.906474 1.000000
11.906474 11.906474 11.906474 11.906474 11.906474 11.906474 11.906474 11.906474 29144.678009 29428604.223451 6.075830 6.075830 11.906474 11.906474 11.906474 169644.353305 35576.999509 6.075830 11.906474 11.906474 1.000000
11.906474 11.906474 11.906474 11.906474 11.906474 11.906474 11.906474 11.906474 29144.678009 29428604.223451 6.075830 6.075830 11.906474 11.906474 11.906474 169644.353305 35576.999509 6.075830 11.906474 11.906474 1.000000
11.906474 11.906474 11.906474 11.906474 11.906474 11.906474 11.906474 11.906474 29144.678009 29428604.223451 6.075830 6.075830 11.906474 11.906474 11.906474 169644.353305 35576.999509 6.075830 11.906474 11.906474 1.000000
11.906474 11.906474 11.906474 11.906474 11.906474 11.906474 11.906474 11.906474 29144.678009 29428604.223451 6.075830 6.075830 11.906474 11.906474 11.906474 169644.353305 35576.999509 6.075830 11.906474 11.906474 1.000000
11.906474 11.906474 11.906474 11.906474 11.906474 11.906474 11.906474 11.906474 29144.678009 29428604.223451 6.075830 6.075830 11.906474 11.906474 11.906474 169644.353305 35576.999509 6.075830 11.906474 11.906474 1.000000
11.906474 11.906474 11.906474 11.906474 11.906474 11.906474 11.906474 11.906474 29144.678009 29428604.223451 6.075830 6.075830 11.906474 11.906474 11.906474 169644.353305 35576.999509 6.075830 11.906474 11.906474 1.000000
11.906474 11.906474 11.906474 11.906474 11.906474 11.906474 11.906474 11.906474 29144.678009 29428604.223451 6.075830 6.075830 11.906474 11.906474 11.906474 169644.353305 35576.999509 6.075830 11.906474 11.906474 1.000000
11.906474 11.906474 11.906474 11.906474 11.906474 11.906474 11.906474 11.906474 29144.678009 29428604.223451 6.075830 6.075830 11.906474 11.906474 11.906474 169644.353305 35576.999509 6.075830 11.906474 11.906474 1.000000
11.906474 11.906474 11.906474 11.906474 11.906474 11.906474 11.906474 11.906474 29144.678009 29428604.223451 6.075830 6.075830 11.906474 11.906474 11.906474 169644.353305 35576.999509 6.075830 11.906474 11.906474 1.000000
11.906474 11.906474 11.906474 11.906474 11.906474 11.906474 11.906474 11.906474 29144.678009 29428604.223451 6.075830 6.075830 11.906474 11.906474 11.906474 169644.353305 35576.999509 6.075830 11.906474 11.906474 1.000000
11.906474 11.906474 11.906474 11.906474 11.906474 11.906474 11.906474 11.906474 29144.678009 29428604.223451 6.075830 6.075830 11.906474 11.906474 11.906474 169644.353305 35576.999509 6.075830 11.906474 11.906474 1.000000
11.906474 11.906474 11.906474 11.906474 11.906474 11.906474 11.906474 11.906474 29144.678009 29428604.223451 6.075830 6.075830 11.906474 11.906474 11.906474 169644.353305 35576.999509 6.075830 11.906474 11.906474 1.000000
11.906474 11.906474 11.906474 11.906474 11.906474 11.906474 11.906474 11.906474 29144.678009 29428604.223451 6.075830 6.075830 11.906474 11.906474 11.906474 169644.353305 35576.999509 6.075830 11.906474 11.906474 1.000000
11.906474 11.906474 11.906474 11.906474 11.906474 11.906474 11.906474 11.906474 29144.678009 29428604.223451 6.075830 6.075830 11.906474 11.906474 11.906474 169644.353305 35576.999509 6.075830 11.906474 11.906474 1.000000
11.906474 11.906474 11.906474 11.906474 11.906474 11.906474 11.906474 11.906474 29144.678009 29428604.223451 6.075830 6.075830 11.906474 11.906474 11.906474 169644.353305 35576.999509 6.075830 11.906474 11.906474 1.000000
11.908197 11.908197 11.908197 11.908197 11.908197 11.908197 11.908197 11.908197 23319.165158 29432924.322781 6.076674 6.076674 14.847628 11.908197 11.908197 169669.256982 35582.222189 6.076674 11.908197 11.908197 1.000000
11.906474 11.906474 11.906474 11.906474 11.906474 11.906474 11.906474 11.906474 29144.678009 29428604.223451 6.075830 6.075830 11.906474 11.906474 11.906474 169644.353305 35576.999509 6.075830 11.906474 11.906474 1.000000
11.906474 11.906474 11.906474 11.906474 11.906474 11.906474 11.906474 11.906474 29144.678009 29428604.223451 6.075830 6.075830 11.906474 11.906474 11.906474 169644.353305 35576.999509 6.075830 11.906474 11.906474 1.000000
11.906474 11.906474 11.906474 11.906474 11.906474 11.906474 11.906474 11.906474 29144.678009 29428604.223451 6.075830 6.075830 11.906474 11.906474 11.906474 169644.353305 35576.999509 6.075830 11.906474 11.906474 1.000000
11.906474 11.906474 11.906474 11.906474 11.906474 11.906474 11.906474 11.906474 29144.678009 29428604.223451 6.075830 6.075830 11.906474 11.906474 11.906474 169644.353305 35576.999509 6.075830 11.906474 11.906474 1.000000
11.906474 11.906474 11.906474 11.906474 11.906474 11.906474 11.906474 11.906474 29144.678009 29428604.223451 6.075830 6.075830 11.906474 11.906474 11.906474 169644.353305 35576.999509 6.075830 11.906474 11.906474 1.000000
11.906474 11.906474 11.906474 11.906474 11.906474 11.906474 11.906474 11.906474 29144.678009 29428604.223451 6.075830 6.075830 11.906474 11.906474 11.906474 169644.353305 35576.999509 6.075830 11.906474 11.906474 1.000000
11.906474 11.906474 11.906474 11.906474 11.906474 11.906474 11.906474 11.906474 29144.678009 29428604.223451 6.075830 6.075830 11.906474 11.906474 11.906474 169644.353305 35576.999509 6.075830 11.906474 11.906474 1.000000
11.906474 11.906474 11.906474 11.906474 11.906474 11.906474 11.906474 11.906474 29144.678009 29428604.223451 6.075830 6.075830 11.906474 11.906474 11.906474 169644.353305 35576.999509 6.075830 11.906474 11.906474 1.000000
11.906474 11.906474 11.906474 11.906474 11.906474 11.906474 11.906474 11.906474 29144.678009 29428604.223451 6.075830 6.075830 11.906474 11.906474 11.906474 169644.353305 35576.999509 6.075830 11.906474 11.906474 1.000000
11.906474 11.906474 11.906474 11.906474 11.906474 11.906474 11.906474 11.906474 29144.678009 29428604.223451 6.075830 6.075830 11.906474 11.906474 11.906474 169644.353305 35576.999509 6.075830 11.906474 11.906474 1.000000
11.906474 11.906474 11.906474 11.906474 11.906474 11.906474 11.906474 11.906474 29144.678009 29428604.223451 6.075830 6.075830 11.906474 11.906474 11.906474 169644.353305 35576.999509 6.075830 11.906474 11.906474 1.000000
11.906474 11.906474 11.906474 11.906474 11.906474 11.906474 11.906474 11.906474 29144.678009 29428604.223451 6.075830 6.075830 11.906474 11.906474 11.906474 169644.353305 35576.999509 6.075830 11.906474 11.906474 1.000000
11.906474 11.906474 11.906474 11.906474 11.906474 11.906474 11.906474 11.906474 29144.678009 29428604.223451 6.075830 6.075830 11.906474 11.906474 11.906474 169644.353305 35576.999509 6.075830 11.906474 11.906474 1.000000
11.906474 11.906474 11.906474 11.906474 11.906474 11.906474 11.906474 11.906474 29144.678009 29428604.223451 6.075830 6.075830 11.906474 11.906474 11.906474 169644.353305 35576.999509 6.075830 11.906474 11.906474 1.000000
11.906474 11.906474 11.906474 11.906474 11.906474 11.906474 11.906474 11.906474 29144.678009 29428604.223451 6.075830 6.075830 11.906474 11.906474 11.906474 169644.353305 35576.999509 6.075830 11.906474 11.906474 1.000000
11.906474 11.906474 11.906474 11.906474 11.906474 11.906474 11.906474 11.906474 29144.678009 29428604.223451 6.075830 6.075830 11.906474 11.906474 11.906474 169644.353305 35576.999509 6.075830 11.906474 11.906474 1.000000
11.906474 11.906474 11.906474 11.906474 11.906474 11.906474 11.906474 11.906474 29144.678009 29428604.223451 6.075830 6.075830 11.906474 11.906474 11.906474 169644.353305 35576.999509 6.075830 11.906474 11.906474 1.000000
11.906474 11.906474 11.906474 11.906474 11.906474 11.906474 11.906474 11.906474 29144.678009 29428604.223451 6.075830 6.075830 11.906474 11.906474 11.906474 169644.353305 35576.999509 6.075830 11.906474 11.906474 1.000000
11.906474 11.906474 11.906474 11.906474 11.906474 11.906474 11.906474 11.906474 29144.678009 29428604.223451 6.075830 6.075830 11.906474 11.906474 11.906474 169644.353305 35576.999509 6.075830 11.906474 11.906474 1.000000
11.906474 11.906474 11.906474 11.906474 11.906474 11.906474 11.906474 11.906474 29144.678009 29428604.223451 6.075830 6.075830 11.906474 11.906474 11.906474 169644.353305 35576.999509 6.075830 11.906474 11.906474 1.000000
11.906474 11.906474 11.906474 11.906474 11.906474 11.906474 11.906474 11.906474 29144.678009 29428604.223451 6.075830 6.075830 11.906474 11.906474 11.906474 169644.353305 35576.999509 6.075830 11.906474 11.906474 1.000000
11.906474 11.906474 11.906474 11.906474 11.906474 11.906474 11.906474 11.906474 29144.678009 29428604.223451 6.075830 6.075830 11.906474 11.906474 11.906474 169644.353305 35576.999509 6.075830 11.906474 11.906474 1.000000
11.906474 11.906474 11.906474 11.906474 11.906474 11.906474 11.906474 11.906474 29144.678009 29428604.223451 6.075830 6.075830 11.906474 11.906474 11.906474 169644.353305 35576.999509 6.075830 11.906474 11.906474 1.000000
11.906474 11.906474 11.906474 11.906474 11.906474 11.906474 11.906474 11.906474 29144.678009 29428604.223451 6.075830 6.075830 11.906474 11.906474 11.906474 169644.353305 35576.999509 6.075830 11.906474 11.906474 1.000000
11.906474 11.906474 11.906474 11.906474 11.906474 11.906474 11.906474 11.906474 29144.678009 29428604.223451 6.075830 6.075830 11.906474 11.906474 11.906474 169644.353305 35576.999509 6.075830 11.906474 11.906474 1.000000
11.906474 11.906474 11.906474 11.906474 11.906474 11.906474 11.906474 11.906474 29144.678009 29428604.223451 6.075830 6.075830 11.906474 11.906474 11.906474 169644.353305 35576.999509 6.075830 11.906474 11.906474 1.000000
11.906474 11.906474 11.906474 11.906474 11.906474 11.906474 11.906474 11.906474 29144.678009 29428604.223451 6.075830 6.075830 11.906474 11.906474 11.906474 169644.353305 35576.999509 6.075830 11.906474 11.906474 1.000000
11.906474 11.906474 11.906474 11.906474 11.906474 11.906474 11.906474 11.906474 29144.678009 29428604.223451 6.075830 6.075830 11.906474 11.906474 11.906474 169644.353305 35576.999509 6.075830 11.906474 11.906474 1.000000
11.906474 11.906474 11.906474 11.906474 11.906474 11.906474 11.906474 11.906474 29144.678009 29428604.223451 6.075830 6.075830 11.906474 11.906474 11.906474 169644.353305 35576.999509 6.075830 11.906474 11.906474 1.000000
11.906474 11.906474 11.906474 11.906474 11.906474 11.906474 11.906474 11.906474 29144.678009 29428604.223451 6.075830 6.075830 11.906474 11.906474 11.906474 169644.353305 35576.999509 6.075830 11.906474 11.906474 1.000000
11.906474 11.906474 11.906474 11.906474 11.906474 11.906474 11.906474 11.906474 29144.678009 29428604.223451 6.075830 6.075830 11.906474 11.906474 11.906474 169644.353305 35576.999509 6.075830 11.906474 11.906474 1.000000
11.906474 11.906474 11.906474 11.906474 11.906474 11.906474 11.906474 11.906474 29144.678009 29428604.223451 6.075830 6.075830 11.906474 11.906474 11.906474 169644.353305 35576.999509 6.075830 11.906474 11.906474 1.000000
11.906474 11.906474 11.906474 11.906474 11.906474 11.906474 11.906474 11.906474 29144.678009 29428604.223451 6.075830 6.075830 11.906474 11.906474 11.906474 169644.353305 35576.999509 6.075830 11.906474 11.906474 1.000000
11.906474 11.906474 11.906474 11.906474 11.906474 11.906474 11.906474 11.906474 29144.678009 29428604.223451 6.075830 6.075830 11.906474 11.906474 11.906474 169644.353305 35576.999509 6.075830 11.906474 11.906474 1.000000
11.906474 11.906474 11.906474 11.906474 11.906474 11.906474 11.906474 11.906474 29144.678009 29428604.223451 6.075830 6.075830 11.906474 11.906474 11.906474 169644.353305 35576.999509 6.075830 11.906474 11.906474 1.000000
11.906474 11.906474 11.906474 11.906474 11.906474 11.906474 11.906474 11.906474 29144.678009 29428604.223451 6.075830 6.075830 11.906474 11.906474 11.906474 169644.353305 35576.999509 6.075830 11.906474 11.906474 1.000000
11.906474 11.906474 11.906474 11.906474 11.906474 11.906474 11.906474 11.906474 29144.678009 29428604.223451 6.075830 6.075830 11.906474 11.906474 11.906474 169644.353305 35576.999509 6.075830 11.906474 11.906474 1.000000
11.906474 11.906474 11.906474 11.906474 11.906474 11.906474 11.906474 11.906474 29144.678009 29428604.223451 6.075830 6.075830 11.906474 11.906474 11.906474 169644.353305 35576.999509 6.075830 11.906474 11.906474 1.000000
11.906474 11.906474 11.906474 11.906474 11.906474 11.906474 11.906474 11.906474 29144.678009 29428604.223451 6.075830 6.075830 11.906474 11.906474 11.906474 169644.353305 35576.999509 6.075830 11.906474 11.906474 1.000000
11.906474 11.906474 11.906474 11.906474 11.906474 11.906474 11.906474 11.906474 29144.678009 29428604.223451 6.075830 6.075830 11.906474 11.906474 11.906474 169644.353305 35576.999509 6.075830 11.906474 11.906474 1.000000
11.906474 11.906474 11.906474 11.906474 11.906474 11.906474 11.906474 11.906474 29144.678009 29428604.223451 6.075830 6.075830 11.906474 11.906474 11.906474 169644.353305 35576.999509 6.075830 11.906474 11.906474 1.000000
11.906474 11.906474 11.906474 11.906474 11.906474 11.906474 11.906474 11.906474 29144.678009 29428604.223451 6.075830 6.075830 11.906474 11.906474 11.906474 169644.353305 35576.999509 6.075830 11.906474 11.906474 1.000000
11.906474 11.906474 11.906474 11.906474 11.906474 11.906474 11.906474 11.906474 29144.678009 29428604.223451 6.075830 6.075830 11.906474 11.906474 11.906474 169644.353305 35576.999509 6.075830 11.906474 11.906474 1.000000
11.906474 11.906474 11.906474 11.906474 11.906474 11.906474 11.906474 11.906474 29144.678009 29428604.223451 6.075830 6.075830 11.906474 11.906474 11.906474 169644.353305 35576.999509 6.075830 11.906474 11.906474 1.000000
11.906474 11.906474 11.906474 11.906474 11.906474 11.906474 11.906474 11.906474 29144.678009 29428604.223451 6.075830 6.075830 11.906474 11.906474 11.906474 169644.353305 35576.999509 6.075830 11.906474 11.906474 1.000000
11.906474 11.906474 11.906474 11.906474 11.906474 11.906474 11.906474 11.906474 29144.678009 29428604.223451 6.075830 6.075830 11.906474 11.906474 11.906474 169644.353305 35576.999509 6.075830 11.906474 11.906474 1.000000
11.906474 11.906474 11.906474 11.906474 11.906474 11.906474 11.906474 11.906474 29144.678009 29428604.223451 6.075830 6.075830 11.906474 11.906474 11.906474 169644.353305 35576.999509 6.075830 11.906474 11.906474 1.000000
11.906474 11.906474 11.906474 11.906474 11.906474 11.906474 11.906474 11.906474 29144.678009 29428604.223451 6.075830 6.075830 11.906474 11.906474 11.906474 169644.353305 35576.999509 6.075830 11.906474 11.906474 1.000000
11.906474 11.906474 11.906474 11.906474 11.906474 11.906474 11.906474 11.906474 29144.678009 29428604.223451 6.075830 6.075830 11.906474 11.906474 11.906474 169644.353305 35576.999509 6.075830 11.906474 11.906474 1.000000
11.906474 11.906474 11.906474 11.906474 11.906474 11.906474 11.906474 11.906474 29144.678009 29428604.223451 6.075830 6.075830 11.906474 11.906474 11.906474 169644.353305 35576.999509 6.075830 11.906474 11.906474 1.000000
11.906474 11.906474 11.906474 11.906474 11.906474 11.906474 11.906474 11.906474 29144.678009 29428604.223451 6.075830 6.075830 11.906474 11.906474 11.906474 169644.353305 35576.999509 6.075830 11.906474 11.906474 1.000000
11.906474 11.906474 11.906474 11.906474 11.906474 11.906474 11.906474 11.906474 29144.678009 29428604.223451 6.075830 6.075830 11.906474 11.906474 11.906474 169644.353305 35576.999509 6.075830 11.906474 11.906474 1.000000
11.906474 11.906474 11.906474 11.906474 11.906474 11.906474 11.906474 11.906474 29144.678009 29428604.223451 6.075830 6.075830 11.906474 11.906474 11.906474 169644.353305 35576.999509 6.075830 11.906474 11.906474 1.000000
