0.000000 0.000000 0.000000 0.000000 0.000000 0.000000 0.000000 0.000000 0.000000 0.000000 0.000000 0.000000 0.000000 0.000000 0.000000 0.000000 0.000000 0.000000 0.000000 0.000000 0.000000
0.084715 0.084715 0.084715 0.084715 0.084715 0.084715 0.084715 0.084715 0.002402 0.001921 0.044647 0.018318 0.001537 0.011451 0.000322 0.000001 0.055747 0.069562 0.014313 0.007329 1.000000
0.084166 0.084166 0.084166 0.084166 0.084166 0.084166 0.084166 0.084166 0.004660 0.002386 0.011649 0.044355 0.000977 0.009101 0.000400 0.000002 0.022743 0.035509 0.017771 0.007281 1.000000
0.084709 0.084709 0.084709 0.084709 0.084709 0.084709 0.084709 0.084709 0.003752 0.001537 0.018316 0.022891 0.001537 0.001921 0.000322 0.000003 0.014655 0.028606 0.017887 0.054444 1.000000
0.084170 0.084170 0.084170 0.084170 0.084170 0.084170 0.084170 0.084170 0.001909 0.001909 0.022744 0.044357 0.001909 0.009101 0.000500 0.000002 0.055385 0.018198 0.011376 0.009101 1.000000
0.084174 0.084174 0.084174 0.084174 0.084174 0.084174 0.084174 0.084174 0.005825 0.002983 0.035512 0.035512 0.000626 0.004660 0.000205 0.000007 0.002443 0.004772 0.027757 0.043323 1.000000
0.084172 0.084172 0.084172 0.084172 0.084172 0.084172 0.084172 0.084172 0.011376 0.001222 0.018199 0.035511 0.001909 0.004660 0.000500 0.000002 0.069114 0.014561 0.007282 0.009102 1.000000
0.084175 0.084175 0.084175 0.084175 0.084175 0.084175 0.084175 0.084175 0.002386 0.002983 0.035513 0.022745 0.001909 0.017773 0.000626 0.000001 0.035513 0.069117 0.005826 0.003728 1.000000
0.084187 0.084187 0.084187 0.084187 0.084187 0.084187 0.084187 0.084187 0.001222 0.001527 0.055396 0.035518 0.000978 0.007283 0.000256 0.000001 0.044366 0.069127 0.022216 0.027762 1.000000
0.084170 0.084170 0.084170 0.084170 0.084170 0.084170 0.084170 0.084170 0.004660 0.001909 0.014560 0.044357 0.001909 0.009101 0.000131 0.000006 0.005965 0.011649 0.009101 0.043321 1.000000
0.084705 0.084705 0.084705 0.084705 0.084705 0.084705 0.084705 0.084705 0.004690 0.001921 0.018316 0.044642 0.000984 0.005863 0.000084 0.000004 0.014654 0.028604 0.022354 0.034903 1.000000
0.084179 0.084179 0.084179 0.084179 0.084179 0.084179 0.084179 0.084179 0.003729 0.001527 0.044362 0.055391 0.001222 0.003729 0.000205 0.000002 0.055391 0.014562 0.027759 0.014221 1.000000
0.084166 0.084166 0.084166 0.084166 0.084166 0.084166 0.084166 0.084166 0.003728 0.001527 0.009319 0.035509 0.001909 0.009101 0.000205 0.000007 0.035509 0.007456 0.009101 0.027755 1.000000
0.084169 0.084169 0.084169 0.084169 0.084169 0.084169 0.084169 0.084169 0.001909 0.001909 0.035510 0.035510 0.000977 0.014219 0.000320 0.000002 0.014560 0.044356 0.017772 0.011376 1.000000
0.084174 0.084174 0.084174 0.084174 0.084174 0.084174 0.084174 0.084174 0.002386 0.001909 0.028423 0.022745 0.000977 0.007282 0.000320 0.000001 0.044359 0.044359 0.034682 0.011377 1.000000
0.084166 0.084166 0.084166 0.084166 0.084166 0.084166 0.084166 0.084166 0.009101 0.000500 0.022743 0.011649 0.007281 0.001909 0.000320 0.000002 0.022743 0.044355 0.014219 0.022210 1.000000
0.084194 0.084194 0.084194 0.084194 0.084194 0.084194 0.084194 0.084194 0.001909 0.002387 0.086185 0.086185 0.001528 0.005827 0.000256 0.000004 0.028430 0.011653 0.011380 0.011380 1.000000
0.084180 0.084180 0.084180 0.084180 0.084180 0.084180 0.084180 0.084180 0.002386 0.002386 0.035515 0.018201 0.002983 0.014221 0.000105 0.000002 0.086171 0.022746 0.005826 0.017774 1.000000
0.084172 0.084172 0.084172 0.084172 0.084172 0.084172 0.084172 0.084172 0.002386 0.001909 0.011650 0.055386 0.000977 0.009102 0.000400 0.000001 0.044358 0.028422 0.022212 0.011377 1.000000
0.084703 0.084703 0.084703 0.084703 0.084703 0.084703 0.084703 0.084703 0.002401 0.001921 0.018315 0.035738 0.002401 0.007328 0.000504 0.000001 0.044641 0.044641 0.009160 0.009160 1.000000
0.084206 0.084206 0.084206 0.084206 0.084206 0.084206 0.084206 0.084206 0.001910 0.002387 0.035526 0.028434 0.000978 0.017780 0.000256 0.000001 0.133282 0.018206 0.011381 0.014225 1.000000
0.084162 0.084162 0.084162 0.084162 0.084162 0.084162 0.084162 0.084162 0.003728 0.003728 0.022742 0.028419 0.000782 0.007281 0.000625 0.000002 0.028419 0.022742 0.009101 0.009101 1.000000
0.084168 0.084168 0.084168 0.084168 0.084168 0.084168 0.084168 0.084168 0.002386 0.001909 0.022743 0.028421 0.000782 0.009101 0.000320 0.000002 0.018198 0.044355 0.022211 0.017772 1.000000
0.084190 0.084190 0.084190 0.084190 0.084190 0.084190 0.084190 0.084190 0.003729 0.001909 0.014564 0.044367 0.002387 0.003729 0.000320 0.000002 0.107283 0.007458 0.017776 0.011379 1.000000
0.084728 0.084728 0.084728 0.084728 0.084728 0.084728 0.084728 0.084728 0.003003 0.000787 0.055755 0.069573 0.001537 0.003003 0.000165 0.000002 0.018321 0.069573 0.027943 0.027943 1.000000
0.084164 0.084164 0.084164 0.084164 0.084164 0.084164 0.084164 0.084164 0.009101 0.002982 0.009319 0.044354 0.000625 0.014218 0.000256 0.000007 0.003817 0.005965 0.022210 0.011375 1.000000
0.084257 0.084257 0.084257 0.084257 0.084257 0.084257 0.084257 0.084257 0.000401 0.001223 0.133361 0.107368 0.000978 0.005831 0.000164 0.000001 0.044403 0.055443 0.054151 0.034717 1.000000
0.084244 0.084244 0.084244 0.084244 0.084244 0.084244 0.084244 0.084244 0.000783 0.001528 0.035542 0.107351 0.000783 0.004664 0.000131 0.000001 0.035542 0.107351 0.067567 0.034711 1.000000
0.084738 0.084738 0.084738 0.084738 0.084738 0.084738 0.084738 0.084738 0.009164 0.000258 0.086742 0.069581 0.000787 0.003754 0.000165 0.000001 0.028616 0.055762 0.034917 0.027946 1.000000
0.084263 0.084263 0.084263 0.084263 0.084263 0.084263 0.084263 0.084263 0.001529 0.000626 0.107376 0.133370 0.034719 0.002389 0.000007 0.000001 0.035550 0.069189 0.054155 0.027787 1.000000
0.084260 0.084260 0.084260 0.084260 0.084260 0.084260 0.084260 0.084260 0.000626 0.001529 0.055445 0.165099 0.000978 0.003732 0.000205 0.000001 0.035549 0.069187 0.054153 0.027786 1.000000
0.084200 0.084200 0.084200 0.084200 0.084200 0.084200 0.084200 0.084200 0.002984 0.001222 0.107295 0.055404 0.001222 0.009105 0.000205 0.000007 0.003055 0.001955 0.027766 0.034693 1.000000
0.084223 0.084223 0.084223 0.084223 0.084223 0.084223 0.084223 0.084223 0.000782 0.002388 0.086215 0.069156 0.000626 0.004663 0.000320 0.000000 0.035533 0.107325 0.022225 0.034702 1.000000
0.084238 0.084238 0.084238 0.084238 0.084238 0.084238 0.084238 0.084238 0.000501 0.001528 0.069168 0.107343 0.000978 0.002985 0.000205 0.000001 0.044393 0.069168 0.067562 0.034708 1.000000
0.084250 0.084250 0.084250 0.084250 0.084250 0.084250 0.084250 0.084250 0.000626 0.000783 0.086242 0.069178 0.084250 0.000626 0.000022 0.000001 0.055438 0.022765 0.043362 0.054146 1.000000
0.084249 0.084249 0.084249 0.084249 0.084249 0.084249 0.084249 0.084249 0.000626 0.001911 0.133348 0.044399 0.001223 0.003732 0.000164 0.000001 0.022765 0.107358 0.027783 0.054146 1.000000
0.084224 0.084224 0.084224 0.084224 0.084224 0.084224 0.084224 0.084224 0.000626 0.001222 0.069157 0.107326 0.001222 0.005829 0.000256 0.000001 0.086216 0.044385 0.027774 0.027774 1.000000
0.084321 0.084321 0.084321 0.084321 0.084321 0.084321 0.084321 0.084321 0.000321 0.001224 0.107449 0.165214 0.000783 0.005836 0.000164 0.000001 0.028473 0.133460 0.034743 0.067629 1.000000
0.084852 0.084852 0.084852 0.084852 0.084852 0.084852 0.084852 0.084852 0.000323 0.003007 0.166213 0.134282 0.000207 0.034965 0.000054 0.000001 0.035802 0.108120 0.034965 0.043676 1.000000
0.084231 0.084231 0.084231 0.084231 0.084231 0.084231 0.084231 0.084231 0.002388 0.001910 0.107335 0.107335 0.001528 0.014230 0.000067 0.000007 0.000108 0.069162 0.022227 0.034706 1.000000
0.084232 0.084232 0.084232 0.084232 0.084232 0.084232 0.084232 0.084232 0.000501 0.001223 0.133321 0.086224 0.000978 0.007287 0.000205 0.000002 0.028442 0.044390 0.034706 0.027777 1.000000
0.084239 0.084239 0.084239 0.084239 0.084239 0.084239 0.084239 0.084239 0.000321 0.000043 0.044393 0.086231 0.009109 0.000105 0.084239 0.000001 0.055431 0.055431 0.043357 0.027779 1.000000
0.084250 0.084250 0.084250 0.084250 0.084250 0.084250 0.084250 0.084250 0.000105 0.084250 0.086242 0.086242 0.000978 0.009110 0.000022 0.000001 0.069178 0.055438 0.027783 0.022232 1.000000
0.084219 0.084219 0.084219 0.084219 0.084219 0.084219 0.084219 0.084219 0.027773 0.000501 0.107320 0.055417 0.000626 0.005829 0.000105 0.000007 0.001252 0.003056 0.027773 0.067547 1.000000
0.084757 0.084757 0.084757 0.084757 0.084757 0.084757 0.084757 0.084757 0.003004 0.000787 0.069597 0.086761 0.000984 0.002403 0.000106 0.000001 0.044669 0.055774 0.027952 0.067981 1.000000
0.084312 0.084312 0.084312 0.084312 0.084312 0.084312 0.084312 0.084312 0.000105 0.000067 0.107438 0.107438 0.084312 0.084312 0.000011 0.000001 0.044432 0.069230 0.027804 0.054187 1.000000
0.084256 0.084256 0.084256 0.084256 0.084256 0.084256 0.084256 0.084256 0.000783 0.005831 0.086249 0.133360 0.000131 0.043366 0.000034 0.000001 0.044403 0.086249 0.027785 0.034716 1.000000
0.084215 0.084215 0.084215 0.084215 0.084215 0.084215 0.084215 0.084215 0.001910 0.001222 0.055415 0.055415 0.000782 0.009106 0.000164 0.000006 0.000328 0.107315 0.043345 0.043345 1.000000
0.084241 0.084241 0.084241 0.084241 0.084241 0.084241 0.084241 0.084241 0.000978 0.000501 0.069171 0.133335 0.007288 0.001910 0.000105 0.000001 0.055432 0.069171 0.027780 0.043358 1.000000
0.084257 0.084257 0.084257 0.084257 0.084257 0.084257 0.084257 0.084257 0.000501 0.001223 0.086250 0.107368 0.000783 0.004665 0.000131 0.000001 0.035548 0.086250 0.067578 0.054151 1.000000
0.084316 0.084316 0.084316 0.084316 0.084316 0.084316 0.084316 0.084316 0.000054 0.084316 0.107443 0.165204 0.000401 0.002988 0.000105 0.000001 0.035573 0.086310 0.043397 0.027805 1.000000
0.084236 0.084236 0.084236 0.084236 0.084236 0.084236 0.084236 0.084236 0.002985 0.002388 0.086228 0.055429 0.000205 0.022229 0.000067 0.000007 0.000086 0.086228 0.067561 0.054137 1.000000
0.084345 0.084345 0.084345 0.084345 0.084345 0.084345 0.084345 0.084345 0.000257 0.000501 0.107478 0.107478 0.000257 0.084345 0.000054 0.000001 0.022791 0.133496 0.067648 0.084345 1.000000
0.084292 0.084292 0.084292 0.084292 0.084292 0.084292 0.084292 0.084292 0.000105 0.084292 0.107412 0.086285 0.000321 0.003734 0.000054 0.000004 0.001958 0.086285 0.034731 0.084292 1.000000
0.084288 0.084288 0.084288 0.084288 0.084288 0.084288 0.084288 0.084288 0.000501 0.001223 0.069210 0.133408 0.000626 0.005833 0.000131 0.000003 0.003823 0.133408 0.067603 0.054171 1.000000
0.084268 0.084268 0.084268 0.084268 0.084268 0.084268 0.084268 0.084268 0.002389 0.001223 0.165114 0.069193 0.000783 0.014236 0.000164 0.000007 0.000069 0.069193 0.067586 0.017793 1.000000
0.084305 0.084305 0.084305 0.084305 0.084305 0.084305 0.084305 0.084305 0.000401 0.002390 0.107428 0.107428 0.000783 0.003734 0.000164 0.000000 0.165183 0.035568 0.027801 0.067616 1.000000
0.084323 0.084323 0.084323 0.084323 0.084323 0.084323 0.084323 0.084323 0.000321 0.001224 0.107452 0.165218 0.000627 0.004669 0.000131 0.000001 0.035576 0.107452 0.067631 0.067631 1.000000
0.084346 0.084346 0.084346 0.084346 0.084346 0.084346 0.084346 0.084346 0.084346 0.000501 0.165261 0.133499 0.003736 0.001224 0.000005 0.000005 0.001959 0.004782 0.084346 0.054209 1.000000
0.084308 0.084308 0.084308 0.084308 0.084308 0.084308 0.084308 0.084308 0.084308 0.084308 0.107432 0.069226 0.000401 0.000205 0.000011 0.000001 0.107432 0.000108 0.043393 0.043393 1.000000
0.084842 0.084842 0.084842 0.084842 0.084842 0.084842 0.084842 0.084842 0.002405 0.001539 0.166193 0.108106 0.001232 0.022391 0.000009 0.000007 0.000108 0.086848 0.068049 0.054530 1.000000
0.084321 0.084321 0.084321 0.084321 0.084321 0.084321 0.084321 0.084321 0.001224 0.001912 0.165214 0.107449 0.001224 0.017804 0.000018 0.000007 0.000135 0.133460 0.054192 0.054192 1.000000
0.084882 0.084882 0.084882 0.084882 0.084882 0.084882 0.084882 0.084882 0.001925 0.007344 0.108158 0.134329 0.000028 0.084882 0.000007 0.000001 0.028665 0.134329 0.084882 0.034977 1.000000
0.084250 0.084250 0.084250 0.084250 0.084250 0.084250 0.084250 0.084250 0.000501 0.000501 0.055438 0.107360 0.022233 0.000978 0.000054 0.000001 0.044400 0.086243 0.067572 0.054147 1.000000
0.084252 0.084252 0.084252 0.084252 0.084252 0.084252 0.084252 0.084252 0.002388 0.000783 0.069180 0.107362 0.000401 0.084252 0.000084 0.000007 0.022766 0.000086 0.043364 0.054148 1.000000
0.084271 0.084271 0.084271 0.084271 0.084271 0.084271 0.084271 0.084271 0.000401 0.001529 0.107385 0.107385 0.000626 0.005832 0.000131 0.000001 0.028456 0.107385 0.067589 0.043373 1.000000
0.084254 0.084254 0.084254 0.084254 0.084254 0.084254 0.084254 0.084254 0.002388 0.002986 0.107364 0.107364 0.001911 0.004665 0.000018 0.000009 0.004777 0.001252 0.067575 0.067575 1.000000
0.084856 0.084856 0.084856 0.084856 0.084856 0.084856 0.084856 0.084856 0.000404 0.002406 0.108125 0.134288 0.000985 0.011470 0.000014 0.000001 0.028656 0.134288 0.054539 0.084856 1.000000
0.084869 0.084869 0.084869 0.084869 0.084869 0.084869 0.084869 0.084869 0.084869 0.068071 0.108141 0.108141 0.003008 0.084869 0.000000 0.000000 0.003080 0.009398 0.068071 0.043685 1.000000
0.084292 0.084292 0.084292 0.084292 0.084292 0.084292 0.084292 0.084292 0.001912 0.000783 0.107413 0.107413 0.000501 0.084292 0.000028 0.000006 0.001566 0.002447 0.084292 0.054174 1.000000
0.084321 0.084321 0.084321 0.084321 0.084321 0.084321 0.084321 0.084321 0.003735 0.000979 0.165213 0.165213 0.002988 0.002390 0.000067 0.000007 0.035575 0.000086 0.067629 0.043400 1.000000
0.084866 0.084866 0.084866 0.084866 0.084866 0.084866 0.084866 0.084866 0.000986 0.002406 0.166239 0.134304 0.001232 0.084866 0.000004 0.000007 0.001577 0.007519 0.043683 0.068069 1.000000
0.084386 0.084386 0.084386 0.084386 0.084386 0.084386 0.084386 0.084386 0.000205 0.000980 0.165336 0.133560 0.000321 0.084386 0.000034 0.000000 0.028495 0.133560 0.043434 0.084386 1.000000
0.084252 0.084252 0.084252 0.084252 0.084252 0.084252 0.084252 0.084252 0.003732 0.004665 0.069180 0.107362 0.003732 0.067573 0.000000 0.000007 0.001565 0.007463 0.067573 0.054147 1.000000
0.084345 0.084345 0.084345 0.084345 0.084345 0.084345 0.084345 0.084345 0.000205 0.000321 0.165259 0.069257 0.084345 0.001224 0.000028 0.000001 0.035585 0.107480 0.084345 0.054208 1.000000
0.084352 0.084352 0.084352 0.084352 0.084352 0.084352 0.084352 0.084352 0.000784 0.000784 0.133507 0.086347 0.000321 0.084352 0.000067 0.000007 0.000069 0.165271 0.054212 0.067654 1.000000
0.084335 0.084335 0.084335 0.084335 0.084335 0.084335 0.084335 0.084335 0.002391 0.004670 0.165241 0.107467 0.002989 0.000979 0.000028 0.000007 0.000055 0.133482 0.067641 0.067641 1.000000
0.084944 0.084944 0.084944 0.084944 0.084944 0.084944 0.084944 0.084944 0.084944 0.005880 0.166386 0.108236 0.000631 0.003763 0.000000 0.000000 0.166386 0.002466 0.084944 0.068132 1.000000
0.084331 0.084331 0.084331 0.084331 0.084331 0.084331 0.084331 0.084331 0.000401 0.084331 0.107461 0.107461 0.001224 0.000783 0.000034 0.000006 0.000069 0.133475 0.067637 0.067637 1.000000
0.084350 0.084350 0.084350 0.084350 0.084350 0.084350 0.084350 0.084350 0.084350 0.000501 0.133504 0.133504 0.002391 0.027816 0.000000 0.000006 0.035587 0.000108 0.084350 0.084350 1.000000
0.084444 0.084444 0.084444 0.084444 0.084444 0.084444 0.084444 0.084444 0.001226 0.002992 0.165445 0.165445 0.001532 0.084444 0.000001 0.000007 0.000108 0.165445 0.084444 0.067728 1.000000
0.084484 0.084484 0.084484 0.084484 0.084484 0.084484 0.084484 0.084484 0.084484 0.084484 0.165519 0.133711 0.054298 0.084484 0.000000 0.000000 0.000135 0.165519 0.054298 0.067760 1.000000
0.084353 0.084353 0.084353 0.084353 0.084353 0.084353 0.084353 0.084353 0.001913 0.000401 0.165273 0.133508 0.000979 0.084353 0.000018 0.000007 0.000086 0.069263 0.084353 0.043416 1.000000
0.084427 0.084427 0.084427 0.084427 0.084427 0.084427 0.084427 0.084427 0.084427 0.000784 0.165414 0.107583 0.000321 0.067715 0.000000 0.000000 0.004787 0.165414 0.067715 0.084427 1.000000
0.084479 0.084479 0.084479 0.084479 0.084479 0.084479 0.084479 0.084479 0.084479 0.000257 0.165510 0.165510 0.001226 0.067756 0.000000 0.000005 0.000069 0.165510 0.084479 0.084479 1.000000
0.084479 0.084479 0.084479 0.084479 0.084479 0.084479 0.084479 0.084479 0.000018 0.084479 0.165510 0.165510 0.084479 0.000257 0.000005 0.000004 0.001256 0.165510 0.067756 0.084479 1.000000
0.084413 0.084413 0.084413 0.084413 0.084413 0.084413 0.084413 0.084413 0.084413 0.000206 0.133602 0.165386 0.000321 0.003739 0.000054 0.000004 0.000044 0.165386 0.054252 0.084413 1.000000
0.084408 0.084408 0.084408 0.084408 0.084408 0.084408 0.084408 0.084408 0.084408 0.000105 0.165378 0.107559 0.000105 0.084408 0.000014 0.000004 0.000069 0.133595 0.084408 0.054249 1.000000
0.084984 0.084984 0.084984 0.084984 0.084984 0.084984 0.084984 0.084984 0.000028 0.084984 0.166461 0.134487 0.084984 0.001234 0.000001 0.000000 0.028700 0.166461 0.068164 0.068164 1.000000
0.084345 0.084345 0.084345 0.084345 0.084345 0.084345 0.084345 0.084345 0.084345 0.000084 0.133497 0.133497 0.000321 0.084345 0.000003 0.000001 0.014591 0.044450 0.067648 0.043412 1.000000
0.084329 0.084329 0.084329 0.084329 0.084329 0.084329 0.084329 0.084329 0.084329 0.000164 0.165229 0.086323 0.000321 0.005836 0.000034 0.000005 0.001253 0.007470 0.067636 0.084329 1.000000
0.084391 0.084391 0.084391 0.084391 0.084391 0.084391 0.084391 0.084391 0.084391 0.000257 0.165345 0.165345 0.000502 0.004673 0.000022 0.000006 0.022804 0.000069 0.084391 0.084391 1.000000
0.084374 0.084374 0.084374 0.084374 0.084374 0.084374 0.084374 0.084374 0.001914 0.004672 0.165314 0.107516 0.002392 0.084374 0.000000 0.000006 0.000108 0.133542 0.054227 0.084374 1.000000
0.084341 0.084341 0.084341 0.084341 0.084341 0.084341 0.084341 0.084341 0.084341 0.000627 0.133490 0.133490 0.004670 0.067645 0.000000 0.000006 0.003060 0.001959 0.067645 0.067645 1.000000
0.084374 0.084374 0.084374 0.084374 0.084374 0.084374 0.084374 0.084374 0.084374 0.000321 0.165313 0.107516 0.000980 0.001225 0.000028 0.000005 0.000086 0.133542 0.084374 0.054227 1.000000
0.084381 0.084381 0.084381 0.084381 0.084381 0.084381 0.084381 0.084381 0.084381 0.084381 0.107525 0.133553 0.000784 0.011405 0.000000 0.000000 0.000086 0.133553 0.067678 0.067678 1.000000
0.084385 0.084385 0.084385 0.084385 0.084385 0.084385 0.084385 0.084385 0.000257 0.084385 0.165334 0.133559 0.001225 0.001225 0.000022 0.000007 0.000069 0.133559 0.067681 0.067681 1.000000
0.084411 0.084411 0.084411 0.084411 0.084411 0.084411 0.084411 0.084411 0.084411 0.084411 0.133598 0.165382 0.000007 0.084411 0.000001 0.000001 0.018251 0.000086 0.043446 0.084411 1.000000
0.084493 0.084493 0.084493 0.084493 0.084493 0.084493 0.084493 0.084493 0.000011 0.084493 0.165537 0.165537 0.084493 0.000206 0.000005 0.000000 0.028532 0.165537 0.084493 0.084493 1.000000
0.084407 0.084407 0.084407 0.084407 0.084407 0.084407 0.084407 0.084407 0.000028 0.084407 0.133593 0.107558 0.084407 0.000321 0.000002 0.000000 0.028502 0.133593 0.084407 0.084407 1.000000
0.084365 0.084365 0.084365 0.084365 0.084365 0.084365 0.084365 0.084365 0.084365 0.000257 0.133528 0.133528 0.001225 0.084365 0.000000 0.000005 0.001254 0.009342 0.067665 0.084365 1.000000
0.084452 0.084452 0.084452 0.084452 0.084452 0.084452 0.084452 0.084452 0.084452 0.000105 0.165460 0.107614 0.000084 0.084452 0.000011 0.000004 0.000055 0.165460 0.084452 0.084452 1.000000
0.085032 0.085032 0.085032 0.085032 0.085032 0.085032 0.085032 0.085032 0.000133 0.000324 0.166550 0.166550 0.085032 0.085032 0.000000 0.000002 0.166550 0.006027 0.085032 0.085032 1.000000
0.084442 0.084442 0.084442 0.084442 0.084442 0.084442 0.084442 0.084442 0.084442 0.084442 0.165441 0.133647 0.000054 0.000981 0.000011 0.000000 0.000086 0.165441 0.084442 0.043463 1.000000
0.084430 0.084430 0.084430 0.084430 0.084430 0.084430 0.084430 0.084430 0.000257 0.084430 0.165418 0.086426 0.000980 0.084430 0.000000 0.000007 0.000086 0.165418 0.067717 0.084430 1.000000
0.084457 0.084457 0.084457 0.084457 0.084457 0.084457 0.084457 0.084457 0.084457 0.000132 0.165469 0.165469 0.000257 0.004676 0.000035 0.000004 0.000086 0.165469 0.084457 0.084457 1.000000
0.083988 0.083988 0.083988 0.083988 0.083988 0.083988 0.083988 0.083988 0.000002 0.083988 0.164587 0.164587 0.083988 0.083988 0.000000 0.000002 0.164587 0.005952 0.083988 0.083988 1.000000
0.084430 0.084430 0.084430 0.084430 0.084430 0.084430 0.084430 0.084430 0.084430 0.000402 0.165418 0.165418 0.001532 0.084430 0.000000 0.000005 0.000086 0.086426 0.084430 0.067717 1.000000
0.084420 0.084420 0.084420 0.084420 0.084420 0.084420 0.084420 0.084420 0.000084 0.084420 0.165399 0.133612 0.084420 0.000784 0.000000 0.000000 0.055550 0.069318 0.084420 0.084420 1.000000
0.084432 0.084432 0.084432 0.084432 0.084432 0.084432 0.084432 0.084432 0.000257 0.084432 0.165422 0.107589 0.000980 0.054264 0.000000 0.000007 0.000069 0.165422 0.084432 0.084432 1.000000
0.084387 0.084387 0.084387 0.084387 0.084387 0.084387 0.084387 0.084387 0.000502 0.000105 0.165338 0.165338 0.084387 0.084387 0.000007 0.000006 0.018246 0.000086 0.067682 0.043434 1.000000
0.084471 0.084471 0.084471 0.084471 0.084471 0.084471 0.084471 0.084471 0.084471 0.084471 0.165495 0.165495 0.000257 0.005846 0.000000 0.000000 0.000086 0.165495 0.054289 0.084471 1.000000
0.084434 0.084434 0.084434 0.084434 0.084434 0.084434 0.084434 0.084434 0.000132 0.084434 0.165425 0.133634 0.000321 0.011412 0.000009 0.000006 0.000108 0.165425 0.084434 0.084434 1.000000
0.085020 0.085020 0.085020 0.085020 0.085020 0.085020 0.085020 0.085020 0.017954 0.085020 0.166529 0.166529 0.000022 0.085020 0.000000 0.000001 0.000069 0.166529 0.068193 0.085020 1.000000
0.084445 0.084445 0.084445 0.084445 0.084445 0.084445 0.084445 0.084445 0.002394 0.011414 0.165446 0.165446 0.000628 0.084445 0.000000 0.000006 0.000055 0.165446 0.084445 0.067729 1.000000
0.084443 0.084443 0.084443 0.084443 0.084443 0.084443 0.084443 0.084443 0.084443 0.084443 0.133648 0.133648 0.000005 0.084443 0.000001 0.000000 0.000069 0.133648 0.067727 0.084443 1.000000
0.084385 0.084385 0.084385 0.084385 0.084385 0.084385 0.084385 0.084385 0.084385 0.002392 0.165335 0.107530 0.000980 0.084385 0.000000 0.000005 0.001003 0.007475 0.084385 0.084385 1.000000
0.084456 0.084456 0.084456 0.084456 0.084456 0.084456 0.084456 0.084456 0.000628 0.001532 0.165468 0.165468 0.000502 0.084456 0.000007 0.000007 0.000108 0.165468 0.084456 0.084456 1.000000
0.084493 0.084493 0.084493 0.084493 0.084493 0.084493 0.084493 0.084493 0.084493 0.084493 0.165537 0.165537 0.000018 0.084493 0.000000 0.000000 0.000055 0.165537 0.067768 0.054304 1.000000
0.084419 0.084419 0.084419 0.084419 0.084419 0.084419 0.084419 0.084419 0.084419 0.084419 0.133612 0.107573 0.000014 0.084419 0.000000 0.000000 0.000086 0.133612 0.054256 0.084419 1.000000
0.084463 0.084463 0.084463 0.084463 0.084463 0.084463 0.084463 0.084463 0.084463 0.084463 0.133680 0.107628 0.000014 0.084463 0.000000 0.000000 0.000069 0.165481 0.084463 0.084463 1.000000
0.084491 0.084491 0.084491 0.084491 0.084491 0.084491 0.084491 0.084491 0.084491 0.084491 0.165534 0.165534 0.000206 0.004678 0.000000 0.000000 0.000069 0.165534 0.084491 0.084491 1.000000
0.083969 0.083969 0.083969 0.083969 0.083969 0.083969 0.083969 0.083969 0.083969 0.083969 0.164552 0.164552 0.083969 0.034597 0.000000 0.000000 0.000209 0.164552 0.067346 0.067346 1.000000
0.084441 0.084441 0.084441 0.084441 0.084441 0.084441 0.084441 0.084441 0.014266 0.084441 0.107600 0.165439 0.000028 0.084441 0.000000 0.000002 0.000086 0.165439 0.067726 0.084441 1.000000
0.084438 0.084438 0.084438 0.084438 0.084438 0.084438 0.084438 0.084438 0.084438 0.084438 0.133641 0.133641 0.054268 0.001915 0.000000 0.000000 0.165434 0.000643 0.054268 0.084438 1.000000
0.084490 0.084490 0.084490 0.084490 0.084490 0.084490 0.084490 0.084490 0.084490 0.084490 0.165531 0.165531 0.000014 0.084490 0.000000 0.000000 0.000055 0.133721 0.067765 0.084490 1.000000
0.084479 0.084479 0.084479 0.084479 0.084479 0.084479 0.084479 0.084479 0.084479 0.084479 0.133704 0.165510 0.000011 0.084479 0.000000 0.000000 0.000086 0.133704 0.084479 0.084479 1.000000
0.084433 0.084433 0.084433 0.084433 0.084433 0.084433 0.084433 0.084433 0.084433 0.000502 0.133633 0.165424 0.000321 0.001532 0.000022 0.000005 0.000086 0.165424 0.084433 0.084433 1.000000
0.083988 0.083988 0.083988 0.083988 0.083988 0.083988 0.083988 0.083988 0.083988 0.083988 0.164587 0.164587 0.000131 0.083988 0.000000 0.000000 0.000086 0.164587 0.083988 0.083988 1.000000
0.084490 0.084490 0.084490 0.084490 0.084490 0.084490 0.084490 0.084490 0.084490 0.084490 0.133721 0.165531 0.000105 0.084490 0.000000 0.000000 0.000086 0.165531 0.067765 0.084490 1.000000
0.084413 0.084413 0.084413 0.084413 0.084413 0.084413 0.084413 0.084413 0.000784 0.001914 0.133602 0.165386 0.000502 0.054252 0.000009 0.000007 0.000086 0.165386 0.084413 0.084413 1.000000
0.084429 0.084429 0.084429 0.084429 0.084429 0.084429 0.084429 0.084429 0.000627 0.084429 0.165417 0.165417 0.004675 0.084429 0.000000 0.000006 0.044495 0.000086 0.084429 0.084429 1.000000
0.085008 0.085008 0.085008 0.085008 0.085008 0.085008 0.085008 0.085008 0.085008 0.009193 0.134523 0.166506 0.000022 0.085008 0.000000 0.000002 0.000087 0.166506 0.085008 0.085008 1.000000
0.084490 0.084490 0.084490 0.084490 0.084490 0.084490 0.084490 0.084490 0.084490 0.084490 0.133721 0.165531 0.000022 0.084490 0.000000 0.000000 0.000086 0.165531 0.084490 0.067765 1.000000
0.083964 0.083964 0.083964 0.083964 0.083964 0.083964 0.083964 0.083964 0.083964 0.083964 0.164541 0.164541 0.000131 0.083964 0.000000 0.000000 0.000086 0.164541 0.067341 0.067341 1.000000
0.084479 0.084479 0.084479 0.084479 0.084479 0.084479 0.084479 0.084479 0.084479 0.084479 0.165510 0.165510 0.000043 0.001533 0.000006 0.000000 0.000069 0.165510 0.067756 0.084479 1.000000
0.084444 0.084444 0.084444 0.084444 0.084444 0.084444 0.084444 0.084444 0.084444 0.000257 0.133650 0.165445 0.000981 0.084444 0.000000 0.000004 0.000086 0.133650 0.084444 0.084444 1.000000
0.084487 0.084487 0.084487 0.084487 0.084487 0.084487 0.084487 0.084487 0.084487 0.084487 0.165525 0.107658 0.000011 0.084487 0.000000 0.000000 0.000086 0.165525 0.084487 0.084487 1.000000
0.084444 0.084444 0.084444 0.084444 0.084444 0.084444 0.084444 0.084444 0.000132 0.084444 0.165445 0.165445 0.000206 0.004676 0.000043 0.000007 0.000069 0.165445 0.067728 0.084444 1.000000
0.083965 0.083965 0.083965 0.083965 0.083965 0.083965 0.083965 0.083965 0.083965 0.083965 0.164543 0.164543 0.000011 0.083965 0.000000 0.000000 0.000055 0.132908 0.083965 0.083965 1.000000
0.084462 0.084462 0.084462 0.084462 0.084462 0.084462 0.084462 0.084462 0.084462 0.084462 0.165478 0.165478 0.000105 0.084462 0.000000 0.000001 0.035635 0.000086 0.084462 0.084462 1.000000
0.084423 0.084423 0.084423 0.084423 0.084423 0.084423 0.084423 0.084423 0.084423 0.084423 0.165406 0.133618 0.000014 0.084423 0.000000 0.000000 0.000803 0.011685 0.084423 0.067711 1.000000
0.084076 0.084076 0.084076 0.084076 0.084076 0.084076 0.084076 0.084076 0.084076 0.084076 0.164752 0.164752 0.084076 0.084076 0.000000 0.000000 0.164752 0.164752 0.084076 0.067432 1.000000
0.084455 0.084455 0.084455 0.084455 0.084455 0.084455 0.084455 0.084455 0.084455 0.000257 0.165466 0.133667 0.000981 0.067737 0.000000 0.000005 0.000086 0.165466 0.084455 0.084455 1.000000
0.084455 0.084455 0.084455 0.084455 0.084455 0.084455 0.084455 0.084455 0.000257 0.084455 0.133667 0.165466 0.000785 0.084455 0.000000 0.000006 0.000069 0.165466 0.067737 0.084455 1.000000
0.084477 0.084477 0.084477 0.084477 0.084477 0.084477 0.084477 0.084477 0.084477 0.084477 0.165508 0.133702 0.000022 0.084477 0.000000 0.000000 0.000086 0.165508 0.067755 0.067755 1.000000
0.084421 0.084421 0.084421 0.084421 0.084421 0.084421 0.084421 0.084421 0.000784 0.001915 0.165401 0.133614 0.000502 0.084421 0.000007 0.000007 0.000086 0.165401 0.067709 0.084421 1.000000
0.084467 0.084467 0.084467 0.084467 0.084467 0.084467 0.084467 0.084467 0.084467 0.000105 0.133686 0.165489 0.000084 0.084467 0.000009 0.000003 0.000086 0.165489 0.084467 0.084467 1.000000
0.084447 0.084447 0.084447 0.084447 0.084447 0.084447 0.084447 0.084447 0.084447 0.084447 0.165450 0.165450 0.000014 0.084447 0.000000 0.000000 0.000803 0.014609 0.067730 0.084447 1.000000
0.084457 0.084457 0.084457 0.084457 0.084457 0.084457 0.084457 0.084457 0.084457 0.000132 0.165469 0.165469 0.000206 0.009133 0.000022 0.000005 0.000069 0.165469 0.084457 0.084457 1.000000
0.084433 0.084433 0.084433 0.084433 0.084433 0.084433 0.084433 0.084433 0.000132 0.084433 0.165425 0.165425 0.000321 0.017828 0.000007 0.000007 0.000108 0.165425 0.067720 0.067720 1.000000
0.084449 0.084449 0.084449 0.084449 0.084449 0.084449 0.084449 0.084449 0.084449 0.084449 0.165455 0.165455 0.000105 0.084449 0.000000 0.000001 0.035630 0.000086 0.084449 0.067732 1.000000
0.083965 0.083965 0.083965 0.083965 0.083965 0.083965 0.083965 0.083965 0.083965 0.083965 0.132908 0.164543 0.000011 0.083965 0.000000 0.000000 0.000086 0.164543 0.083965 0.083965 1.000000
0.084456 0.084456 0.084456 0.084456 0.084456 0.084456 0.084456 0.084456 0.000785 0.001915 0.165468 0.165468 0.000402 0.084456 0.000007 0.000006 0.000086 0.165468 0.084456 0.084456 1.000000
0.084491 0.084491 0.084491 0.084491 0.084491 0.084491 0.084491 0.084491 0.000206 0.084491 0.165533 0.165533 0.000785 0.084491 0.000000 0.000006 0.000086 0.165533 0.084491 0.084491 1.000000
0.083988 0.083988 0.083988 0.083988 0.083988 0.083988 0.083988 0.083988 0.083988 0.083988 0.164587 0.164587 0.000011 0.083988 0.000000 0.000000 0.000069 0.164587 0.083988 0.083988 1.000000
0.083988 0.083988 0.083988 0.083988 0.083988 0.083988 0.083988 0.083988 0.083988 0.083988 0.164587 0.164587 0.000105 0.083988 0.000000 0.000000 0.000086 0.164587 0.083988 0.083988 1.000000
0.083988 0.083988 0.083988 0.083988 0.083988 0.083988 0.083988 0.083988 0.083988 0.083988 0.164587 0.164587 0.000011 0.083988 0.000000 0.000000 0.000069 0.164587 0.083988 0.083988 1.000000
0.084007 0.084007 0.084007 0.084007 0.084007 0.084007 0.084007 0.084007 0.084007 0.084007 0.164622 0.132973 0.084007 0.009084 0.000000 0.000000 0.164622 0.164622 0.067376 0.067376 1.000000
0.083988 0.083988 0.083988 0.083988 0.083988 0.083988 0.083988 0.083988 0.083988 0.083988 0.164587 0.164587 0.000011 0.083988 0.000000 0.000000 0.000069 0.164587 0.083988 0.083988 1.000000
0.083976 0.083976 0.083976 0.083976 0.083976 0.083976 0.083976 0.083976 0.083976 0.083976 0.164564 0.164564 0.000014 0.083976 0.000000 0.000000 0.000069 0.164564 0.083976 0.067351 1.000000
0.083988 0.083988 0.083988 0.083988 0.083988 0.083988 0.083988 0.083988 0.083988 0.083988 0.164587 0.164587 0.000011 0.083988 0.000000 0.000000 0.000069 0.164587 0.083988 0.083988 1.000000
0.084467 0.084467 0.084467 0.084467 0.084467 0.084467 0.084467 0.084467 0.084467 0.000502 0.165489 0.133686 0.000402 0.084467 0.000000 0.000005 0.000086 0.165489 0.084467 0.084467 1.000000
0.083988 0.083988 0.083988 0.083988 0.083988 0.083988 0.083988 0.083988 0.083988 0.083988 0.164587 0.164587 0.000011 0.083988 0.000000 0.000000 0.000069 0.164587 0.083988 0.083988 1.000000
0.083976 0.083976 0.083976 0.083976 0.083976 0.083976 0.083976 0.083976 0.083976 0.083976 0.164564 0.164564 0.000011 0.083976 0.000000 0.000000 0.000069 0.164564 0.067351 0.083976 1.000000
0.084054 0.084054 0.084054 0.084054 0.084054 0.084054 0.084054 0.084054 0.000105 0.084054 0.164711 0.164711 0.084054 0.084054 0.000000 0.000000 0.164711 0.164711 0.084054 0.084054 1.000000
0.083965 0.083965 0.083965 0.083965 0.083965 0.083965 0.083965 0.083965 0.083965 0.083965 0.132908 0.164543 0.000011 0.083965 0.000000 0.000000 0.000055 0.164543 0.083965 0.083965 1.000000
0.084491 0.084491 0.084491 0.084491 0.084491 0.084491 0.084491 0.084491 0.084491 0.000206 0.165533 0.165533 0.000785 0.084491 0.000000 0.000005 0.000069 0.165533 0.084491 0.084491 1.000000
0.084491 0.084491 0.084491 0.084491 0.084491 0.084491 0.084491 0.084491 0.000206 0.084491 0.165533 0.165533 0.000785 0.084491 0.000000 0.000006 0.000086 0.165533 0.084491 0.084491 1.000000
0.083988 0.083988 0.083988 0.083988 0.083988 0.083988 0.083988 0.083988 0.083988 0.083988 0.164587 0.164587 0.000011 0.083988 0.000000 0.000000 0.000069 0.164587 0.083988 0.083988 1.000000
0.084491 0.084491 0.084491 0.084491 0.084491 0.084491 0.084491 0.084491 0.084491 0.005848 0.165534 0.165534 0.000035 0.084491 0.000000 0.000005 0.000069 0.165534 0.084491 0.084491 1.000000
0.084471 0.084471 0.084471 0.084471 0.084471 0.084471 0.084471 0.084471 0.000000 0.005846 0.165495 0.165495 0.084471 0.084471 0.000206 0.000007 0.000002 0.165495 0.054289 0.084471 1.000000
0.084490 0.084490 0.084490 0.084490 0.084490 0.084490 0.084490 0.084490 0.084490 0.084490 0.165531 0.133721 0.000011 0.084490 0.000000 0.000000 0.000086 0.165531 0.084490 0.067765 1.000000
0.083988 0.083988 0.083988 0.083988 0.083988 0.083988 0.083988 0.083988 0.083988 0.083988 0.164587 0.164587 0.000011 0.083988 0.000000 0.000000 0.000069 0.164587 0.083988 0.083988 1.000000
0.084467 0.084467 0.084467 0.084467 0.084467 0.084467 0.084467 0.084467 0.000206 0.084467 0.133686 0.165489 0.000785 0.084467 0.000000 0.000007 0.000086 0.165489 0.084467 0.084467 1.000000
0.083988 0.083988 0.083988 0.083988 0.083988 0.083988 0.083988 0.083988 0.083988 0.083988 0.164587 0.164587 0.000011 0.083988 0.000000 0.000000 0.000069 0.164587 0.083988 0.083988 1.000000
0.083988 0.083988 0.083988 0.083988 0.083988 0.083988 0.083988 0.083988 0.083988 0.083988 0.164587 0.164587 0.000011 0.083988 0.000000 0.000000 0.000069 0.164587 0.083988 0.083988 1.000000
0.083988 0.083988 0.083988 0.083988 0.083988 0.083988 0.083988 0.083988 0.083988 0.083988 0.164587 0.164587 0.000011 0.083988 0.000000 0.000000 0.000069 0.164587 0.083988 0.083988 1.000000
0.083988 0.083988 0.083988 0.083988 0.083988 0.083988 0.083988 0.083988 0.083988 0.083988 0.164587 0.164587 0.000011 0.083988 0.000000 0.000000 0.000069 0.164587 0.083988 0.083988 1.000000
0.083965 0.083965 0.083965 0.083965 0.083965 0.083965 0.083965 0.083965 0.083965 0.083965 0.132908 0.164543 0.000011 0.083965 0.000000 0.000000 0.000069 0.164543 0.083965 0.083965 1.000000
0.083988 0.083988 0.083988 0.083988 0.083988 0.083988 0.083988 0.083988 0.083988 0.083988 0.164587 0.164587 0.000011 0.083988 0.000000 0.000000 0.000069 0.164587 0.083988 0.083988 1.000000
0.083988 0.083988 0.083988 0.083988 0.083988 0.083988 0.083988 0.083988 0.083988 0.083988 0.164587 0.164587 0.000011 0.083988 0.000000 0.000000 0.000069 0.164587 0.083988 0.083988 1.000000
0.083988 0.083988 0.083988 0.083988 0.083988 0.083988 0.083988 0.083988 0.083988 0.083988 0.164587 0.164587 0.000011 0.083988 0.000000 0.000000 0.000069 0.164587 0.083988 0.083988 1.000000
0.083965 0.083965 0.083965 0.083965 0.083965 0.083965 0.083965 0.083965 0.083965 0.083965 0.164543 0.132908 0.000009 0.083965 0.000000 0.000000 0.000086 0.164543 0.083965 0.083965 1.000000
0.083988 0.083988 0.083988 0.083988 0.083988 0.083988 0.083988 0.083988 0.083988 0.083988 0.164587 0.164587 0.000011 0.083988 0.000000 0.000000 0.000069 0.164587 0.083988 0.083988 1.000000
0.083988 0.083988 0.083988 0.083988 0.083988 0.083988 0.083988 0.083988 0.083988 0.083988 0.164587 0.164587 0.000011 0.083988 0.000000 0.000000 0.000069 0.164587 0.083988 0.083988 1.000000
0.083988 0.083988 0.083988 0.083988 0.083988 0.083988 0.083988 0.083988 0.083988 0.083988 0.164587 0.164587 0.000014 0.083988 0.000000 0.000000 0.000069 0.164587 0.083988 0.083988 1.000000
0.083988 0.083988 0.083988 0.083988 0.083988 0.083988 0.083988 0.083988 0.083988 0.083988 0.164587 0.164587 0.000011 0.083988 0.000000 0.000000 0.000069 0.164587 0.083988 0.083988 1.000000
0.083988 0.083988 0.083988 0.083988 0.083988 0.083988 0.083988 0.083988 0.083988 0.083988 0.164587 0.164587 0.000011 0.083988 0.000000 0.000000 0.000069 0.164587 0.083988 0.083988 1.000000
0.084088 0.084088 0.084088 0.084088 0.084088 0.084088 0.084088 0.084088 0.084088 0.084088 0.164775 0.164775 0.084088 0.084088 0.000000 0.000000 0.164775 0.164775 0.084088 0.084088 1.000000
0.083988 0.083988 0.083988 0.083988 0.083988 0.083988 0.083988 0.083988 0.083988 0.083988 0.164587 0.164587 0.000011 0.083988 0.000000 0.000000 0.000069 0.164587 0.083988 0.083988 1.000000
0.083988 0.083988 0.083988 0.083988 0.083988 0.083988 0.083988 0.083988 0.083988 0.083988 0.164587 0.164587 0.000005 0.083988 0.000001 0.000000 0.000044 0.164587 0.083988 0.083988 1.000000
0.083988 0.083988 0.083988 0.083988 0.083988 0.083988 0.083988 0.083988 0.083988 0.083988 0.164587 0.164587 0.000014 0.083988 0.000000 0.000000 0.000069 0.164587 0.083988 0.083988 1.000000
0.084491 0.084491 0.084491 0.084491 0.084491 0.084491 0.084491 0.084491 0.084491 0.000257 0.165533 0.165533 0.000981 0.084491 0.000000 0.000004 0.000086 0.165533 0.084491 0.084491 1.000000
0.083988 0.083988 0.083988 0.083988 0.083988 0.083988 0.083988 0.083988 0.083988 0.083988 0.164587 0.164587 0.000011 0.083988 0.000000 0.000000 0.000069 0.164587 0.083988 0.083988 1.000000
0.084468 0.084468 0.084468 0.084468 0.084468 0.084468 0.084468 0.084468 0.084468 0.084468 0.165489 0.133687 0.000105 0.005846 0.000000 0.000000 0.000069 0.165489 0.084468 0.084468 1.000000
0.083988 0.083988 0.083988 0.083988 0.083988 0.083988 0.083988 0.083988 0.083988 0.083988 0.164587 0.164587 0.000011 0.083988 0.000000 0.000000 0.000069 0.164587 0.083988 0.083988 1.000000
0.083988 0.083988 0.083988 0.083988 0.083988 0.083988 0.083988 0.083988 0.083988 0.083988 0.164587 0.164587 0.000011 0.083988 0.000000 0.000000 0.000069 0.164587 0.083988 0.083988 1.000000
0.083988 0.083988 0.083988 0.083988 0.083988 0.083988 0.083988 0.083988 0.083988 0.083988 0.164587 0.164587 0.000011 0.083988 0.000000 0.000000 0.000069 0.164587 0.083988 0.083988 1.000000
0.083988 0.083988 0.083988 0.083988 0.083988 0.083988 0.083988 0.083988 0.083988 0.083988 0.164587 0.164587 0.000011 0.083988 0.000000 0.000000 0.000069 0.164587 0.083988 0.083988 1.000000
0.083988 0.083988 0.083988 0.083988 0.083988 0.083988 0.083988 0.083988 0.083988 0.083988 0.164587 0.164587 0.000011 0.083988 0.000000 0.000000 0.000069 0.164587 0.083988 0.083988 1.000000
0.083965 0.083965 0.083965 0.083965 0.083965 0.083965 0.083965 0.083965 0.083965 0.083965 0.164543 0.132908 0.000011 0.083965 0.000000 0.000000 0.000069 0.164543 0.083965 0.083965 1.000000
0.083988 0.083988 0.083988 0.083988 0.083988 0.083988 0.083988 0.083988 0.083988 0.083988 0.164587 0.164587 0.000011 0.083988 0.000000 0.000000 0.000069 0.164587 0.083988 0.083988 1.000000
0.083988 0.083988 0.083988 0.083988 0.083988 0.083988 0.083988 0.083988 0.083988 0.083988 0.164587 0.164587 0.000011 0.083988 0.000000 0.000000 0.000069 0.164587 0.083988 0.083988 1.000000
0.083988 0.083988 0.083988 0.083988 0.083988 0.083988 0.083988 0.083988 0.083988 0.083988 0.164587 0.164587 0.000011 0.083988 0.000000 0.000000 0.000069 0.164587 0.083988 0.083988 1.000000
0.083988 0.083988 0.083988 0.083988 0.083988 0.083988 0.083988 0.083988 0.083988 0.083988 0.164587 0.164587 0.000011 0.083988 0.000000 0.000000 0.000069 0.164587 0.083988 0.083988 1.000000
0.083988 0.083988 0.083988 0.083988 0.083988 0.083988 0.083988 0.083988 0.083988 0.083988 0.164587 0.164587 0.000011 0.083988 0.000000 0.000000 0.000069 0.164587 0.083988 0.083988 1.000000
0.083988 0.083988 0.083988 0.083988 0.083988 0.083988 0.083988 0.083988 0.083988 0.083988 0.164587 0.164587 0.000011 0.083988 0.000000 0.000000 0.000069 0.164587 0.083988 0.083988 1.000000
0.083988 0.083988 0.083988 0.083988 0.083988 0.083988 0.083988 0.083988 0.083988 0.083988 0.164587 0.164587 0.000011 0.083988 0.000000 0.000000 0.000069 0.164587 0.083988 0.083988 1.000000
0.083988 0.083988 0.083988 0.083988 0.083988 0.083988 0.083988 0.083988 0.083988 0.083988 0.164587 0.164587 0.000011 0.083988 0.000000 0.000000 0.000069 0.164587 0.083988 0.083988 1.000000
0.084491 0.084491 0.084491 0.084491 0.084491 0.084491 0.084491 0.084491 0.000206 0.084491 0.165533 0.165533 0.000785 0.084491 0.000000 0.000007 0.000069 0.165533 0.084491 0.084491 1.000000
0.083988 0.083988 0.083988 0.083988 0.083988 0.083988 0.083988 0.083988 0.083988 0.083988 0.164587 0.164587 0.000011 0.083988 0.000000 0.000000 0.000069 0.164587 0.083988 0.083988 1.000000
0.083965 0.083965 0.083965 0.083965 0.083965 0.083965 0.083965 0.083965 0.083965 0.083965 0.132908 0.164543 0.000011 0.083965 0.000000 0.000000 0.000069 0.164543 0.083965 0.083965 1.000000
0.083988 0.083988 0.083988 0.083988 0.083988 0.083988 0.083988 0.083988 0.083988 0.083988 0.164587 0.164587 0.000014 0.083988 0.000000 0.000000 0.000069 0.164587 0.083988 0.083988 1.000000
0.083988 0.083988 0.083988 0.083988 0.083988 0.083988 0.083988 0.083988 0.083988 0.083988 0.164587 0.164587 0.000011 0.083988 0.000000 0.000000 0.000069 0.164587 0.083988 0.083988 1.000000
0.083988 0.083988 0.083988 0.083988 0.083988 0.083988 0.083988 0.083988 0.083988 0.083988 0.164587 0.164587 0.000011 0.083988 0.000000 0.000000 0.000069 0.164587 0.083988 0.083988 1.000000
0.083988 0.083988 0.083988 0.083988 0.083988 0.083988 0.083988 0.083988 0.083988 0.083988 0.164587 0.164587 0.000011 0.083988 0.000000 0.000000 0.000069 0.164587 0.083988 0.083988 1.000000
0.084491 0.084491 0.084491 0.084491 0.084491 0.084491 0.084491 0.084491 0.084491 0.084491 0.165533 0.165533 0.000028 0.002395 0.000005 0.000000 0.000069 0.165533 0.084491 0.084491 1.000000
0.083988 0.083988 0.083988 0.083988 0.083988 0.083988 0.083988 0.083988 0.083988 0.083988 0.164587 0.164587 0.000011 0.083988 0.000000 0.000000 0.000069 0.164587 0.083988 0.083988 1.000000
0.083988 0.083988 0.083988 0.083988 0.083988 0.083988 0.083988 0.083988 0.083988 0.083988 0.164587 0.164587 0.000011 0.083988 0.000000 0.000000 0.000069 0.164587 0.083988 0.083988 1.000000
0.083988 0.083988 0.083988 0.083988 0.083988 0.083988 0.083988 0.083988 0.083988 0.083988 0.164587 0.164587 0.000011 0.083988 0.000000 0.000000 0.000069 0.164587 0.083988 0.083988 1.000000
0.083988 0.083988 0.083988 0.083988 0.083988 0.083988 0.083988 0.083988 0.083988 0.083988 0.164587 0.164587 0.000011 0.083988 0.000000 0.000000 0.000069 0.164587 0.083988 0.083988 1.000000
0.083988 0.083988 0.083988 0.083988 0.083988 0.083988 0.083988 0.083988 0.083988 0.083988 0.164587 0.164587 0.000011 0.083988 0.000000 0.000000 0.000069 0.164587 0.083988 0.083988 1.000000
0.083988 0.083988 0.083988 0.083988 0.083988 0.083988 0.083988 0.083988 0.083988 0.083988 0.164587 0.164587 0.000011 0.083988 0.000000 0.000000 0.000069 0.164587 0.083988 0.083988 1.000000
0.083976 0.083976 0.083976 0.083976 0.083976 0.083976 0.083976 0.083976 0.083976 0.083976 0.164564 0.164564 0.000011 0.083976 0.000000 0.000000 0.000069 0.164564 0.067351 0.083976 1.000000
0.084491 0.084491 0.084491 0.084491 0.084491 0.084491 0.084491 0.084491 0.084491 0.000257 0.165533 0.165533 0.000785 0.084491 0.000000 0.000005 0.000069 0.165533 0.084491 0.084491 1.000000
0.083988 0.083988 0.083988 0.083988 0.083988 0.083988 0.083988 0.083988 0.083988 0.083988 0.164587 0.164587 0.000011 0.083988 0.000000 0.000000 0.000069 0.164587 0.083988 0.083988 1.000000
0.083988 0.083988 0.083988 0.083988 0.083988 0.083988 0.083988 0.083988 0.083988 0.083988 0.164587 0.164587 0.000011 0.083988 0.000000 0.000000 0.000069 0.164587 0.083988 0.083988 1.000000
0.083988 0.083988 0.083988 0.083988 0.083988 0.083988 0.083988 0.083988 0.083988 0.083988 0.164587 0.164587 0.000011 0.083988 0.000000 0.000000 0.000069 0.164587 0.083988 0.083988 1.000000
0.083988 0.083988 0.083988 0.083988 0.083988 0.083988 0.083988 0.083988 0.083988 0.083988 0.164587 0.164587 0.000011 0.083988 0.000000 0.000000 0.000069 0.164587 0.083988 0.083988 1.000000
0.083988 0.083988 0.083988 0.083988 0.083988 0.083988 0.083988 0.083988 0.083988 0.083988 0.164587 0.164587 0.000011 0.083988 0.000000 0.000000 0.000069 0.164587 0.083988 0.083988 1.000000
0.084491 0.084491 0.084491 0.084491 0.084491 0.084491 0.084491 0.084491 0.084491 0.084491 0.165534 0.165534 0.000132 0.007310 0.000000 0.000000 0.000069 0.165534 0.084491 0.084491 1.000000
0.083988 0.083988 0.083988 0.083988 0.083988 0.083988 0.083988 0.083988 0.083988 0.083988 0.164587 0.164587 0.000011 0.083988 0.000000 0.000000 0.000069 0.164587 0.083988 0.083988 1.000000
0.083988 0.083988 0.083988 0.083988 0.083988 0.083988 0.083988 0.083988 0.083988 0.083988 0.164587 0.164587 0.000011 0.083988 0.000000 0.000000 0.000069 0.164587 0.083988 0.083988 1.000000
0.083988 0.083988 0.083988 0.083988 0.083988 0.083988 0.083988 0.083988 0.083988 0.083988 0.164587 0.164587 0.000011 0.083988 0.000000 0.000000 0.000069 0.164587 0.083988 0.083988 1.000000
0.083988 0.083988 0.083988 0.083988 0.083988 0.083988 0.083988 0.083988 0.083988 0.083988 0.164587 0.164587 0.000011 0.083988 0.000000 0.000000 0.000069 0.164587 0.083988 0.083988 1.000000
0.083988 0.083988 0.083988 0.083988 0.083988 0.083988 0.083988 0.083988 0.083988 0.083988 0.164587 0.164587 0.000011 0.083988 0.000000 0.000000 0.000069 0.164587 0.083988 0.083988 1.000000
0.083988 0.083988 0.083988 0.083988 0.083988 0.083988 0.083988 0.083988 0.083988 0.083988 0.164587 0.164587 0.000011 0.083988 0.000000 0.000000 0.000069 0.164587 0.083988 0.083988 1.000000
0.083988 0.083988 0.083988 0.083988 0.083988 0.083988 0.083988 0.083988 0.083988 0.083988 0.164587 0.164587 0.000011 0.083988 0.000000 0.000000 0.000069 0.164587 0.083988 0.083988 1.000000
0.083988 0.083988 0.083988 0.083988 0.083988 0.083988 0.083988 0.083988 0.083988 0.083988 0.164587 0.164587 0.000011 0.083988 0.000000 0.000000 0.000069 0.164587 0.083988 0.083988 1.000000
0.083988 0.083988 0.083988 0.083988 0.083988 0.083988 0.083988 0.083988 0.083988 0.083988 0.164587 0.164587 0.000011 0.083988 0.000000 0.000000 0.000069 0.164587 0.083988 0.083988 1.000000
0.083988 0.083988 0.083988 0.083988 0.083988 0.083988 0.083988 0.083988 0.083988 0.083988 0.164587 0.164587 0.000011 0.083988 0.000000 0.000000 0.000069 0.164587 0.083988 0.083988 1.000000
0.083988 0.083988 0.083988 0.083988 0.083988 0.083988 0.083988 0.083988 0.083988 0.083988 0.164587 0.164587 0.000011 0.083988 0.000000 0.000000 0.000069 0.164587 0.083988 0.083988 1.000000
0.083988 0.083988 0.083988 0.083988 0.083988 0.083988 0.083988 0.083988 0.083988 0.083988 0.164587 0.164587 0.000011 0.083988 0.000000 0.000000 0.000055 0.164587 0.083988 0.083988 1.000000
0.083988 0.083988 0.083988 0.083988 0.083988 0.083988 0.083988 0.083988 0.083988 0.083988 0.164587 0.164587 0.000011 0.083988 0.000000 0.000000 0.000069 0.164587 0.083988 0.083988 1.000000
0.083988 0.083988 0.083988 0.083988 0.083988 0.083988 0.083988 0.083988 0.083988 0.083988 0.164587 0.164587 0.000011 0.083988 0.000000 0.000000 0.000069 0.164587 0.083988 0.083988 1.000000
0.084467 0.084467 0.084467 0.084467 0.084467 0.084467 0.084467 0.084467 0.000257 0.084467 0.165489 0.133686 0.000785 0.084467 0.000000 0.000006 0.000069 0.165489 0.084467 0.084467 1.000000
0.083988 0.083988 0.083988 0.083988 0.083988 0.083988 0.083988 0.083988 0.083988 0.083988 0.164587 0.164587 0.000011 0.083988 0.000000 0.000000 0.000069 0.164587 0.083988 0.083988 1.000000
0.083988 0.083988 0.083988 0.083988 0.083988 0.083988 0.083988 0.083988 0.083988 0.083988 0.164587 0.164587 0.000011 0.083988 0.000000 0.000000 0.000069 0.164587 0.083988 0.083988 1.000000
0.083988 0.083988 0.083988 0.083988 0.083988 0.083988 0.083988 0.083988 0.083988 0.083988 0.164587 0.164587 0.000011 0.083988 0.000000 0.000000 0.000069 0.164587 0.083988 0.083988 1.000000
0.083988 0.083988 0.083988 0.083988 0.083988 0.083988 0.083988 0.083988 0.083988 0.083988 0.164587 0.164587 0.000011 0.083988 0.000000 0.000000 0.000069 0.164587 0.083988 0.083988 1.000000
0.083988 0.083988 0.083988 0.083988 0.083988 0.083988 0.083988 0.083988 0.083988 0.083988 0.164587 0.164587 0.000011 0.083988 0.000000 0.000000 0.000069 0.164587 0.083988 0.083988 1.000000
0.083988 0.083988 0.083988 0.083988 0.083988 0.083988 0.083988 0.083988 0.083988 0.083988 0.164587 0.164587 0.000011 0.083988 0.000000 0.000000 0.000069 0.164587 0.083988 0.083988 1.000000
0.083988 0.083988 0.083988 0.083988 0.083988 0.083988 0.083988 0.083988 0.083988 0.083988 0.164587 0.164587 0.000011 0.083988 0.000000 0.000000 0.000069 0.164587 0.083988 0.083988 1.000000
0.083988 0.083988 0.083988 0.083988 0.083988 0.083988 0.083988 0.083988 0.083988 0.083988 0.164587 0.164587 0.000011 0.083988 0.000000 0.000000 0.000069 0.164587 0.083988 0.083988 1.000000
0.083988 0.083988 0.083988 0.083988 0.083988 0.083988 0.083988 0.083988 0.083988 0.083988 0.164587 0.164587 0.000011 0.083988 0.000000 0.000000 0.000069 0.164587 0.083988 0.083988 1.000000
0.083988 0.083988 0.083988 0.083988 0.083988 0.083988 0.083988 0.083988 0.083988 0.083988 0.164587 0.164587 0.000011 0.083988 0.000000 0.000000 0.000069 0.164587 0.083988 0.083988 1.000000
0.083988 0.083988 0.083988 0.083988 0.083988 0.083988 0.083988 0.083988 0.083988 0.083988 0.164587 0.164587 0.000011 0.083988 0.000000 0.000000 0.000069 0.164587 0.083988 0.083988 1.000000
0.083988 0.083988 0.083988 0.083988 0.083988 0.083988 0.083988 0.083988 0.083988 0.083988 0.164587 0.164587 0.000011 0.083988 0.000000 0.000000 0.000069 0.164587 0.083988 0.083988 1.000000
0.083988 0.083988 0.083988 0.083988 0.083988 0.083988 0.083988 0.083988 0.083988 0.083988 0.164587 0.164587 0.000011 0.083988 0.000000 0.000000 0.000069 0.164587 0.083988 0.083988 1.000000
0.083988 0.083988 0.083988 0.083988 0.083988 0.083988 0.083988 0.083988 0.083988 0.083988 0.164587 0.164587 0.000105 0.083988 0.000000 0.000000 0.000086 0.164587 0.083988 0.083988 1.000000
0.083988 0.083988 0.083988 0.083988 0.083988 0.083988 0.083988 0.083988 0.083988 0.083988 0.164587 0.164587 0.000011 0.083988 0.000000 0.000000 0.000069 0.164587 0.083988 0.083988 1.000000
0.083988 0.083988 0.083988 0.083988 0.083988 0.083988 0.083988 0.083988 0.083988 0.083988 0.164587 0.164587 0.000011 0.083988 0.000000 0.000000 0.000069 0.164587 0.083988 0.083988 1.000000
0.083988 0.083988 0.083988 0.083988 0.083988 0.083988 0.083988 0.083988 0.083988 0.083988 0.164587 0.164587 0.000011 0.083988 0.000000 0.000000 0.000069 0.164587 0.083988 0.083988 1.000000
0.083988 0.083988 0.083988 0.083988 0.083988 0.083988 0.083988 0.083988 0.083988 0.083988 0.164587 0.164587 0.000011 0.083988 0.000000 0.000000 0.000069 0.164587 0.083988 0.083988 1.000000
0.083988 0.083988 0.083988 0.083988 0.083988 0.083988 0.083988 0.083988 0.083988 0.083988 0.164587 0.164587 0.000011 0.083988 0.000000 0.000000 0.000069 0.164587 0.083988 0.083988 1.000000
0.083988 0.083988 0.083988 0.083988 0.083988 0.083988 0.083988 0.083988 0.083988 0.083988 0.164587 0.164587 0.000011 0.083988 0.000000 0.000000 0.000069 0.164587 0.083988 0.083988 1.000000
0.083988 0.083988 0.083988 0.083988 0.083988 0.083988 0.083988 0.083988 0.083988 0.083988 0.164587 0.164587 0.000011 0.083988 0.000000 0.000000 0.000069 0.164587 0.083988 0.083988 1.000000
0.083988 0.083988 0.083988 0.083988 0.083988 0.083988 0.083988 0.083988 0.083988 0.083988 0.164587 0.164587 0.000011 0.083988 0.000000 0.000000 0.000069 0.164587 0.083988 0.083988 1.000000
0.083988 0.083988 0.083988 0.083988 0.083988 0.083988 0.083988 0.083988 0.083988 0.083988 0.164587 0.164587 0.000011 0.083988 0.000000 0.000000 0.000069 0.164587 0.083988 0.083988 1.000000
0.083988 0.083988 0.083988 0.083988 0.083988 0.083988 0.083988 0.083988 0.083988 0.083988 0.164587 0.164587 0.000011 0.083988 0.000000 0.000000 0.000069 0.164587 0.083988 0.083988 1.000000
0.083988 0.083988 0.083988 0.083988 0.083988 0.083988 0.083988 0.083988 0.083988 0.083988 0.164587 0.164587 0.000011 0.083988 0.000000 0.000000 0.000069 0.164587 0.083988 0.083988 1.000000
0.083988 0.083988 0.083988 0.083988 0.083988 0.083988 0.083988 0.083988 0.083988 0.083988 0.164587 0.164587 0.000011 0.083988 0.000000 0.000000 0.000069 0.164587 0.083988 0.083988 1.000000
0.083988 0.083988 0.083988 0.083988 0.083988 0.083988 0.083988 0.083988 0.083988 0.083988 0.164587 0.164587 0.000011 0.083988 0.000000 0.000000 0.000069 0.164587 0.083988 0.083988 1.000000
0.083988 0.083988 0.083988 0.083988 0.083988 0.083988 0.083988 0.083988 0.083988 0.083988 0.164587 0.164587 0.000011 0.083988 0.000000 0.000000 0.000069 0.164587 0.083988 0.083988 1.000000
0.083988 0.083988 0.083988 0.083988 0.083988 0.083988 0.083988 0.083988 0.083988 0.083988 0.164587 0.164587 0.000011 0.083988 0.000000 0.000000 0.000069 0.164587 0.083988 0.083988 1.000000
0.083988 0.083988 0.083988 0.083988 0.083988 0.083988 0.083988 0.083988 0.083988 0.083988 0.164587 0.164587 0.000011 0.083988 0.000000 0.000000 0.000069 0.164587 0.083988 0.083988 1.000000
0.083988 0.083988 0.083988 0.083988 0.083988 0.083988 0.083988 0.083988 0.083988 0.083988 0.164587 0.164587 0.000011 0.083988 0.000000 0.000000 0.000069 0.164587 0.083988 0.083988 1.000000
0.083988 0.083988 0.083988 0.083988 0.083988 0.083988 0.083988 0.083988 0.083988 0.083988 0.164587 0.164587 0.000011 0.083988 0.000000 0.000000 0.000069 0.164587 0.083988 0.083988 1.000000
0.083965 0.083965 0.083965 0.083965 0.083965 0.083965 0.083965 0.083965 0.083965 0.083965 0.164543 0.164543 0.000011 0.083965 0.000000 0.000000 0.000069 0.132908 0.083965 0.083965 1.000000
0.083988 0.083988 0.083988 0.083988 0.083988 0.083988 0.083988 0.083988 0.083988 0.083988 0.164587 0.164587 0.000011 0.083988 0.000000 0.000000 0.000069 0.164587 0.083988 0.083988 1.000000
0.083988 0.083988 0.083988 0.083988 0.083988 0.083988 0.083988 0.083988 0.083988 0.083988 0.164587 0.164587 0.000011 0.083988 0.000000 0.000000 0.000069 0.164587 0.083988 0.083988 1.000000
0.083988 0.083988 0.083988 0.083988 0.083988 0.083988 0.083988 0.083988 0.083988 0.083988 0.164587 0.164587 0.000011 0.083988 0.000000 0.000000 0.000069 0.164587 0.083988 0.083988 1.000000
0.083988 0.083988 0.083988 0.083988 0.083988 0.083988 0.083988 0.083988 0.083988 0.083988 0.164587 0.164587 0.000011 0.083988 0.000000 0.000000 0.000069 0.164587 0.083988 0.083988 1.000000
0.083988 0.083988 0.083988 0.083988 0.083988 0.083988 0.083988 0.083988 0.083988 0.083988 0.164587 0.164587 0.000011 0.083988 0.000000 0.000000 0.000069 0.164587 0.083988 0.083988 1.000000
0.083988 0.083988 0.083988 0.083988 0.083988 0.083988 0.083988 0.083988 0.083988 0.083988 0.164587 0.164587 0.000011 0.083988 0.000000 0.000000 0.000069 0.164587 0.083988 0.083988 1.000000
0.083988 0.083988 0.083988 0.083988 0.083988 0.083988 0.083988 0.083988 0.083988 0.083988 0.164587 0.164587 0.000011 0.083988 0.000000 0.000000 0.000069 0.164587 0.083988 0.083988 1.000000
0.083988 0.083988 0.083988 0.083988 0.083988 0.083988 0.083988 0.083988 0.083988 0.083988 0.164587 0.164587 0.000011 0.083988 0.000000 0.000000 0.000069 0.164587 0.083988 0.083988 1.000000
0.083988 0.083988 0.083988 0.083988 0.083988 0.083988 0.083988 0.083988 0.083988 0.083988 0.164587 0.164587 0.000011 0.083988 0.000000 0.000000 0.000069 0.164587 0.083988 0.083988 1.000000
0.083988 0.083988 0.083988 0.083988 0.083988 0.083988 0.083988 0.083988 0.083988 0.083988 0.164587 0.164587 0.000011 0.083988 0.000000 0.000000 0.000069 0.164587 0.083988 0.083988 1.000000
0.083988 0.083988 0.083988 0.083988 0.083988 0.083988 0.083988 0.083988 0.083988 0.083988 0.164587 0.164587 0.000011 0.083988 0.000000 0.000000 0.000069 0.164587 0.083988 0.083988 1.000000
0.083988 0.083988 0.083988 0.083988 0.083988 0.083988 0.083988 0.083988 0.083988 0.083988 0.164587 0.164587 0.000011 0.083988 0.000000 0.000000 0.000069 0.164587 0.083988 0.083988 1.000000
0.083988 0.083988 0.083988 0.083988 0.083988 0.083988 0.083988 0.083988 0.083988 0.083988 0.164587 0.164587 0.000011 0.083988 0.000000 0.000000 0.000069 0.164587 0.083988 0.083988 1.000000
0.083988 0.083988 0.083988 0.083988 0.083988 0.083988 0.083988 0.083988 0.083988 0.083988 0.164587 0.164587 0.000011 0.083988 0.000000 0.000000 0.000069 0.164587 0.083988 0.083988 1.000000
0.083988 0.083988 0.083988 0.083988 0.083988 0.083988 0.083988 0.083988 0.083988 0.083988 0.164587 0.164587 0.000011 0.083988 0.000000 0.000000 0.000069 0.164587 0.083988 0.083988 1.000000
0.083988 0.083988 0.083988 0.083988 0.083988 0.083988 0.083988 0.083988 0.083988 0.083988 0.164587 0.164587 0.000011 0.083988 0.000000 0.000000 0.000069 0.164587 0.083988 0.083988 1.000000
0.083988 0.083988 0.083988 0.083988 0.083988 0.083988 0.083988 0.083988 0.083988 0.083988 0.164587 0.164587 0.000011 0.083988 0.000000 0.000000 0.000069 0.164587 0.083988 0.083988 1.000000
0.083988 0.083988 0.083988 0.083988 0.083988 0.083988 0.083988 0.083988 0.083988 0.083988 0.164587 0.164587 0.000011 0.083988 0.000000 0.000000 0.000069 0.164587 0.083988 0.083988 1.000000
0.083988 0.083988 0.083988 0.083988 0.083988 0.083988 0.083988 0.083988 0.083988 0.083988 0.164587 0.164587 0.000011 0.083988 0.000000 0.000000 0.000069 0.164587 0.083988 0.083988 1.000000
0.083988 0.083988 0.083988 0.083988 0.083988 0.083988 0.083988 0.083988 0.083988 0.083988 0.164587 0.164587 0.000011 0.083988 0.000000 0.000000 0.000069 0.164587 0.083988 0.083988 1.000000
0.083988 0.083988 0.083988 0.083988 0.083988 0.083988 0.083988 0.083988 0.083988 0.083988 0.164587 0.164587 0.000011 0.083988 0.000000 0.000000 0.000069 0.164587 0.083988 0.083988 1.000000
0.083988 0.083988 0.083988 0.083988 0.083988 0.083988 0.083988 0.083988 0.083988 0.083988 0.164587 0.164587 0.000011 0.083988 0.000000 0.000000 0.000069 0.164587 0.083988 0.083988 1.000000
0.083988 0.083988 0.083988 0.083988 0.083988 0.083988 0.083988 0.083988 0.083988 0.083988 0.164587 0.164587 0.000011 0.083988 0.000000 0.000000 0.000069 0.164587 0.083988 0.083988 1.000000
0.083988 0.083988 0.083988 0.083988 0.083988 0.083988 0.083988 0.083988 0.083988 0.083988 0.164587 0.164587 0.000011 0.083988 0.000000 0.000000 0.000069 0.164587 0.083988 0.083988 1.000000
0.083988 0.083988 0.083988 0.083988 0.083988 0.083988 0.083988 0.083988 0.083988 0.083988 0.164587 0.164587 0.000011 0.083988 0.000000 0.000000 0.000069 0.164587 0.083988 0.083988 1.000000
0.083988 0.083988 0.083988 0.083988 0.083988 0.083988 0.083988 0.083988 0.083988 0.083988 0.164587 0.164587 0.000011 0.083988 0.000000 0.000000 0.000069 0.164587 0.083988 0.083988 1.000000
0.083988 0.083988 0.083988 0.083988 0.083988 0.083988 0.083988 0.083988 0.083988 0.083988 0.164587 0.164587 0.000011 0.083988 0.000000 0.000000 0.000069 0.164587 0.083988 0.083988 1.000000
0.083988 0.083988 0.083988 0.083988 0.083988 0.083988 0.083988 0.083988 0.083988 0.083988 0.164587 0.164587 0.000011 0.083988 0.000000 0.000000 0.000069 0.164587 0.083988 0.083988 1.000000
0.083988 0.083988 0.083988 0.083988 0.083988 0.083988 0.083988 0.083988 0.083988 0.083988 0.164587 0.164587 0.000011 0.083988 0.000000 0.000000 0.000069 0.164587 0.083988 0.083988 1.000000
0.083988 0.083988 0.083988 0.083988 0.083988 0.083988 0.083988 0.083988 0.083988 0.083988 0.164587 0.164587 0.000011 0.083988 0.000000 0.000000 0.000069 0.164587 0.083988 0.083988 1.000000
0.083988 0.083988 0.083988 0.083988 0.083988 0.083988 0.083988 0.083988 0.083988 0.083988 0.164587 0.164587 0.000011 0.083988 0.000000 0.000000 0.000069 0.164587 0.083988 0.083988 1.000000
0.083988 0.083988 0.083988 0.083988 0.083988 0.083988 0.083988 0.083988 0.083988 0.083988 0.164587 0.164587 0.000011 0.083988 0.000000 0.000000 0.000069 0.164587 0.083988 0.083988 1.000000
0.083988 0.083988 0.083988 0.083988 0.083988 0.083988 0.083988 0.083988 0.083988 0.083988 0.164587 0.164587 0.000011 0.083988 0.000000 0.000000 0.000069 0.164587 0.083988 0.083988 1.000000
0.083988 0.083988 0.083988 0.083988 0.083988 0.083988 0.083988 0.083988 0.083988 0.083988 0.164587 0.164587 0.000011 0.083988 0.000000 0.000000 0.000069 0.164587 0.083988 0.083988 1.000000
0.083988 0.083988 0.083988 0.083988 0.083988 0.083988 0.083988 0.083988 0.083988 0.083988 0.164587 0.164587 0.000011 0.083988 0.000000 0.000000 0.000069 0.164587 0.083988 0.083988 1.000000
0.083988 0.083988 0.083988 0.083988 0.083988 0.083988 0.083988 0.083988 0.083988 0.083988 0.164587 0.164587 0.000011 0.083988 0.000000 0.000000 0.000069 0.164587 0.083988 0.083988 1.000000
0.083988 0.083988 0.083988 0.083988 0.083988 0.083988 0.083988 0.083988 0.083988 0.083988 0.164587 0.164587 0.000011 0.083988 0.000000 0.000000 0.000069 0.164587 0.083988 0.083988 1.000000
0.083988 0.083988 0.083988 0.083988 0.083988 0.083988 0.083988 0.083988 0.083988 0.083988 0.164587 0.164587 0.000011 0.083988 0.000000 0.000000 0.000069 0.164587 0.083988 0.083988 1.000000
0.083988 0.083988 0.083988 0.083988 0.083988 0.083988 0.083988 0.083988 0.083988 0.083988 0.164587 0.164587 0.000011 0.083988 0.000000 0.000000 0.000069 0.164587 0.083988 0.083988 1.000000
0.083988 0.083988 0.083988 0.083988 0.083988 0.083988 0.083988 0.083988 0.083988 0.083988 0.164587 0.164587 0.000011 0.083988 0.000000 0.000000 0.000069 0.164587 0.083988 0.083988 1.000000
0.083988 0.083988 0.083988 0.083988 0.083988 0.083988 0.083988 0.083988 0.083988 0.083988 0.164587 0.164587 0.000011 0.083988 0.000000 0.000000 0.000069 0.164587 0.083988 0.083988 1.000000
0.083988 0.083988 0.083988 0.083988 0.083988 0.083988 0.083988 0.083988 0.083988 0.083988 0.164587 0.164587 0.000011 0.083988 0.000000 0.000000 0.000069 0.164587 0.083988 0.083988 1.000000
0.083988 0.083988 0.083988 0.083988 0.083988 0.083988 0.083988 0.083988 0.083988 0.083988 0.164587 0.164587 0.000011 0.083988 0.000000 0.000000 0.000069 0.164587 0.083988 0.083988 1.000000
0.083988 0.083988 0.083988 0.083988 0.083988 0.083988 0.083988 0.083988 0.083988 0.083988 0.164587 0.164587 0.000011 0.083988 0.000000 0.000000 0.000069 0.164587 0.083988 0.083988 1.000000
0.083988 0.083988 0.083988 0.083988 0.083988 0.083988 0.083988 0.083988 0.083988 0.083988 0.164587 0.164587 0.000011 0.083988 0.000000 0.000000 0.000069 0.164587 0.083988 0.083988 1.000000
0.083988 0.083988 0.083988 0.083988 0.083988 0.083988 0.083988 0.083988 0.083988 0.083988 0.164587 0.164587 0.000011 0.083988 0.000000 0.000000 0.000069 0.164587 0.083988 0.083988 1.000000
0.083988 0.083988 0.083988 0.083988 0.083988 0.083988 0.083988 0.083988 0.083988 0.083988 0.164587 0.164587 0.000011 0.083988 0.000000 0.000000 0.000069 0.164587 0.083988 0.083988 1.000000
0.083988 0.083988 0.083988 0.083988 0.083988 0.083988 0.083988 0.083988 0.083988 0.083988 0.164587 0.164587 0.000011 0.083988 0.000000 0.000000 0.000069 0.164587 0.083988 0.083988 1.000000
0.083988 0.083988 0.083988 0.083988 0.083988 0.083988 0.083988 0.083988 0.083988 0.083988 0.164587 0.164587 0.000011 0.083988 0.000000 0.000000 0.000069 0.164587 0.083988 0.083988 1.000000
0.083988 0.083988 0.083988 0.083988 0.083988 0.083988 0.083988 0.083988 0.083988 0.083988 0.164587 0.164587 0.000011 0.083988 0.000000 0.000000 0.000069 0.164587 0.083988 0.083988 1.000000
0.083988 0.083988 0.083988 0.083988 0.083988 0.083988 0.083988 0.083988 0.083988 0.083988 0.164587 0.164587 0.000011 0.083988 0.000000 0.000000 0.000069 0.164587 0.083988 0.083988 1.000000
0.083988 0.083988 0.083988 0.083988 0.083988 0.083988 0.083988 0.083988 0.083988 0.083988 0.164587 0.164587 0.000011 0.083988 0.000000 0.000000 0.000069 0.164587 0.083988 0.083988 1.000000
0.083988 0.083988 0.083988 0.083988 0.083988 0.083988 0.083988 0.083988 0.083988 0.083988 0.164587 0.164587 0.000011 0.083988 0.000000 0.000000 0.000069 0.164587 0.083988 0.083988 1.000000
0.083988 0.083988 0.083988 0.083988 0.083988 0.083988 0.083988 0.083988 0.083988 0.083988 0.164587 0.164587 0.000011 0.083988 0.000000 0.000000 0.000069 0.164587 0.083988 0.083988 1.000000
0.083988 0.083988 0.083988 0.083988 0.083988 0.083988 0.083988 0.083988 0.083988 0.083988 0.164587 0.164587 0.000011 0.083988 0.000000 0.000000 0.000069 0.164587 0.083988 0.083988 1.000000
0.083988 0.083988 0.083988 0.083988 0.083988 0.083988 0.083988 0.083988 0.083988 0.083988 0.164587 0.164587 0.000011 0.083988 0.000000 0.000000 0.000069 0.164587 0.083988 0.083988 1.000000
0.083988 0.083988 0.083988 0.083988 0.083988 0.083988 0.083988 0.083988 0.083988 0.083988 0.164587 0.164587 0.000011 0.083988 0.000000 0.000000 0.000069 0.164587 0.083988 0.083988 1.000000
0.083988 0.083988 0.083988 0.083988 0.083988 0.083988 0.083988 0.083988 0.083988 0.083988 0.164587 0.164587 0.000011 0.083988 0.000000 0.000000 0.000069 0.164587 0.083988 0.083988 1.000000
0.083988 0.083988 0.083988 0.083988 0.083988 0.083988 0.083988 0.083988 0.083988 0.083988 0.164587 0.164587 0.000011 0.083988 0.000000 0.000000 0.000069 0.164587 0.083988 0.083988 1.000000
0.083988 0.083988 0.083988 0.083988 0.083988 0.083988 0.083988 0.083988 0.083988 0.083988 0.164587 0.164587 0.000011 0.083988 0.000000 0.000000 0.000069 0.164587 0.083988 0.083988 1.000000
0.083988 0.083988 0.083988 0.083988 0.083988 0.083988 0.083988 0.083988 0.083988 0.083988 0.164587 0.164587 0.000011 0.083988 0.000000 0.000000 0.000069 0.164587 0.083988 0.083988 1.000000
0.083988 0.083988 0.083988 0.083988 0.083988 0.083988 0.083988 0.083988 0.083988 0.083988 0.164587 0.164587 0.000011 0.083988 0.000000 0.000000 0.000069 0.164587 0.083988 0.083988 1.000000
0.083988 0.083988 0.083988 0.083988 0.083988 0.083988 0.083988 0.083988 0.083988 0.083988 0.164587 0.164587 0.000011 0.083988 0.000000 0.000000 0.000069 0.164587 0.083988 0.083988 1.000000
0.083988 0.083988 0.083988 0.083988 0.083988 0.083988 0.083988 0.083988 0.083988 0.083988 0.164587 0.164587 0.000011 0.083988 0.000000 0.000000 0.000069 0.164587 0.083988 0.083988 1.000000
0.083988 0.083988 0.083988 0.083988 0.083988 0.083988 0.083988 0.083988 0.083988 0.083988 0.164587 0.164587 0.000011 0.083988 0.000000 0.000000 0.000069 0.164587 0.083988 0.083988 1.000000
0.083988 0.083988 0.083988 0.083988 0.083988 0.083988 0.083988 0.083988 0.083988 0.083988 0.164587 0.164587 0.000011 0.083988 0.000000 0.000000 0.000069 0.164587 0.083988 0.083988 1.000000
0.083988 0.083988 0.083988 0.083988 0.083988 0.083988 0.083988 0.083988 0.083988 0.083988 0.164587 0.164587 0.000011 0.083988 0.000000 0.000000 0.000069 0.164587 0.083988 0.083988 1.000000
0.083988 0.083988 0.083988 0.083988 0.083988 0.083988 0.083988 0.083988 0.083988 0.083988 0.164587 0.164587 0.000011 0.083988 0.000000 0.000000 0.000069 0.164587 0.083988 0.083988 1.000000
0.083988 0.083988 0.083988 0.083988 0.083988 0.083988 0.083988 0.083988 0.083988 0.083988 0.164587 0.164587 0.000011 0.083988 0.000000 0.000000 0.000069 0.164587 0.083988 0.083988 1.000000
0.083988 0.083988 0.083988 0.083988 0.083988 0.083988 0.083988 0.083988 0.083988 0.083988 0.164587 0.164587 0.000011 0.083988 0.000000 0.000000 0.000069 0.164587 0.083988 0.083988 1.000000
0.083988 0.083988 0.083988 0.083988 0.083988 0.083988 0.083988 0.083988 0.083988 0.083988 0.164587 0.164587 0.000011 0.083988 0.000000 0.000000 0.000069 0.164587 0.083988 0.083988 1.000000
0.083988 0.083988 0.083988 0.083988 0.083988 0.083988 0.083988 0.083988 0.083988 0.083988 0.164587 0.164587 0.000011 0.083988 0.000000 0.000000 0.000069 0.164587 0.083988 0.083988 1.000000
0.083988 0.083988 0.083988 0.083988 0.083988 0.083988 0.083988 0.083988 0.083988 0.083988 0.164587 0.164587 0.000011 0.083988 0.000000 0.000000 0.000069 0.164587 0.083988 0.083988 1.000000
