0.000000 0.000000 0.000000 0.000000 0.000000 0.000000 0.000000 0.000000 0.000000 0.000000 0.000000 0.000000 0.000000 0.000000 0.000000 0.000000 0.000000 0.000000 0.000000 0.000000 0.000000
11.880744 11.880744 11.880744 11.880744 11.880744 11.880744 11.880744 11.880744 137.337482 171.668576 28.160736 43.968408 18611.712831 1598.734579 87.902705 807154.377060 28.160736 22.544537 56.268222 87.902705 1.000000
11.878130 11.878130 11.878130 11.878130 11.878130 11.878130 11.878130 11.878130 109.848743 335.206960 11.603700 28.154466 14886.046981 1997.971896 171.630263 516463.500921 35.177112 18.051523 87.883090 45.012532 1.000000
11.878675 11.878675 11.878675 11.878675 11.878675 11.878675 11.878675 11.878675 268.179395 109.853856 43.960649 11.604233 23260.531207 1598.452156 171.638252 807011.789489 35.178747 28.155773 36.021690 56.258289 1.000000
11.877396 11.877396 11.877396 11.877396 11.877396 11.877396 11.877396 11.877396 418.981118 109.841865 22.538119 18.050400 36340.612088 1997.846777 87.877588 1576022.821833 11.602984 35.174913 45.009716 36.017763 1.000000
11.805535 11.805535 11.805535 11.805535 11.805535 11.805535 11.805535 11.805535 136.455734 170.566370 34.959396 14.377207 3102.477869 266.504544 333.128992 410609.484402 34.959396 68.238857 87.338429 650.638236 1.000000
11.806136 11.806136 11.806136 11.806136 11.806136 11.806136 11.806136 11.806136 69.879506 44.736079 43.688636 166.577610 4847.872005 18493.163348 170.575188 513288.392181 54.600499 34.961201 55.910042 35.798914 1.000000
11.881513 11.881513 11.881513 11.881513 11.881513 11.881513 11.881513 11.881513 45.025521 28.836797 68.684163 261.957568 523.909410 7623.857680 214.597172 135426.915006 261.957568 511.630374 137.346489 87.908469 1.000000
11.879589 11.879589 11.879589 11.879589 11.879589 11.879589 11.879589 11.879589 137.323936 56.262675 28.157965 14.467814 36347.415620 4878.467744 70.320347 645659.802817 43.964075 35.181487 87.894036 45.018134 1.000000
11.880910 11.880910 11.880910 11.880910 11.880910 11.880910 11.880910 11.880910 56.269020 87.903952 22.544855 68.680635 56799.245894 2498.057652 56.269020 330615.124414 28.161134 68.680635 70.328280 87.903952 1.000000
11.805040 11.805040 11.805040 11.805040 11.805040 11.805040 11.805040 11.805040 213.196254 333.114820 34.957912 14.376601 11834.509200 813.262503 109.163241 641550.024645 34.957912 27.979185 87.334715 69.872923 1.000000
11.880546 11.880546 11.880546 11.880546 11.880546 11.880546 11.880546 11.880546 109.871407 137.335163 28.160261 85.841575 18611.398488 1598.707578 45.021812 516570.076559 43.967666 18.055226 56.267273 214.579475 1.000000
11.804665 11.804665 11.804665 11.804665 11.804665 11.804665 11.804665 11.804665 136.445536 266.484625 106.601730 85.285605 14792.660085 813.236314 55.902978 801911.706359 11.531982 54.593600 87.331903 55.902978 1.000000
11.800581 11.800581 11.800581 11.800581 11.800581 11.800581 11.800581 11.800581 109.121422 170.493768 27.968493 54.574453 56409.715256 1984.740914 14.712768 641304.214226 11.527995 17.932716 136.397654 136.397654 1.000000
11.880597 11.880597 11.880597 11.880597 11.880597 11.880597 11.880597 11.880597 214.580406 70.326400 18.055304 43.967857 173332.907101 523.868476 56.267517 330606.283373 54.949589 43.967857 87.901602 45.022007 1.000000
11.805479 11.805479 11.805479 11.805479 11.805479 11.805479 11.805479 11.805479 87.338009 170.565549 68.238529 22.400242 23115.147886 1588.461494 87.338009 513259.387044 17.940220 54.597416 44.733553 136.455078 1.000000
11.805534 11.805534 11.805534 11.805534 11.805534 11.805534 11.805534 11.805534 170.566363 55.907151 17.940305 54.597676 11835.012208 813.297070 266.504533 513261.834229 27.980372 85.291974 35.797065 266.504533 1.000000
11.879197 11.879197 11.879197 11.879197 11.879197 11.879197 11.879197 11.879197 87.891097 9527.938412 35.180313 35.180313 3122.115145 109.858752 23.080468 807047.766588 22.541571 18.053159 335.237510 171.645904 1.000000
11.878675 11.878675 11.878675 11.878675 11.878675 11.878675 11.878675 11.878675 214.545195 523.782511 18.052359 18.052359 14886.740126 1598.452168 56.258289 1008764.744539 22.540570 22.540570 109.853857 36.021690 1.000000
11.880435 11.880435 11.880435 11.880435 11.880435 11.880435 11.880435 11.880435 70.325425 109.870360 18.055055 54.948828 7623.156307 818.531383 1023.163680 413252.124375 68.677847 22.543944 137.333855 45.021383 1.000000
11.881124 11.881124 11.881124 11.881124 11.881124 11.881124 11.881124 11.881124 87.905555 109.876825 43.969832 43.969832 29081.744355 3903.285905 70.329562 330621.154724 28.161647 85.845808 36.029211 70.329562 1.000000
11.879454 11.879454 11.879454 11.879454 11.879454 11.879454 11.879454 11.879454 70.319538 214.559462 35.181083 28.157641 45433.746493 4878.411586 109.861161 413217.516975 68.672098 22.542063 36.024082 23.080972 1.000000
11.802839 11.802839 11.802839 11.802839 11.802839 11.802839 11.802839 11.802839 69.859717 69.859717 17.936176 11.530200 650.487539 88157.292078 266.442820 262729.203904 17.936176 85.272228 69.859717 170.526867 1.000000
11.879475 11.879475 11.879475 11.879475 11.879475 11.879475 11.879475 11.879475 87.893179 109.861354 14.467674 261.911997 3902.736243 36347.061303 56.262127 645653.508898 28.157691 35.181145 56.262127 36.024145 1.000000
11.880249 11.880249 11.880249 11.880249 11.880249 11.880249 11.880249 11.880249 109.868616 137.331674 85.839395 28.159548 14888.740568 1278.933853 109.868616 1008900.299807 43.966550 14.468621 87.898988 70.324309 1.000000
11.878505 11.878505 11.878505 11.878505 11.878505 11.878505 11.878505 11.878505 268.175495 109.852259 18.052098 18.052098 14886.523554 1278.743413 109.852259 1260937.586366 14.466487 28.155365 87.885903 109.852259 1.000000
11.874511 11.874511 11.874511 11.874511 11.874511 11.874511 11.874511 11.874511 268.084047 268.084047 9.318483 35.166260 29065.326261 3120.865960 56.238299 1575634.491962 11.600168 28.145788 56.238299 28.819603 1.000000
11.875114 11.875114 11.875114 11.875114 11.875114 11.875114 11.875114 11.875114 214.479953 137.271471 14.462338 14.462338 7619.693117 70963.920905 45.000950 516330.480538 11.600756 134.054516 28.821083 28.821083 1.000000
11.877806 11.877806 11.877806 11.877806 11.877806 11.877806 11.877806 11.877806 70.309651 335.197706 18.051028 85.821501 29073.507783 3902.180411 45.011291 1576078.013146 35.176143 11.603385 56.254119 36.019022 1.000000
11.876567 11.876567 11.876567 11.876567 11.876567 11.876567 11.876567 11.876567 28.824653 171.607361 18.049129 28.150718 88715.913775 3901.767406 137.288511 169212.176831 107.260282 998.853392 18.479688 18.479688 1.000000
11.873861 11.873861 11.873861 11.873861 11.873861 11.873861 11.873861 11.873861 137.256789 214.457013 11.599533 35.164311 268.069168 270676.919538 523.567217 1969433.793669 22.531341 14.460806 14.804600 28.818008 1.000000
11.802190 11.802190 11.802190 11.802190 11.802190 11.802190 11.802190 11.802190 44.720922 333.033236 17.935181 166.521122 420343.249770 35.786792 55.891093 1565900.630382 11.529565 34.949364 28.641993 520.361661 1.000000
11.874019 11.874019 11.874019 11.874019 11.874019 11.874019 11.874019 11.874019 268.072771 70.286918 22.531643 9.318100 14880.821111 1278.253577 23.070301 211469.185902 14.460999 998.635997 23.070301 1597.816619 1.000000
11.871800 11.871800 11.871800 11.871800 11.871800 11.871800 11.871800 11.871800 817.927966 171.537500 11.597521 9.316374 216503.406228 1597.513796 23.065945 1008172.548485 14.458284 28.139286 28.812945 36.000576 1.000000
11.870679 11.870679 11.870679 11.870679 11.870679 11.870679 11.870679 11.870679 70.266874 2495.875653 11.596426 18.040109 36319.765118 3899.805338 87.827190 1260094.982880 9.315502 43.930665 23.063744 14.800612 1.000000
11.877023 11.877023 11.877023 11.877023 11.877023 11.877023 11.877023 11.877023 28.825772 335.175280 18.049828 639.291985 56780.395564 3901.919327 70.304949 806897.951783 14.464674 43.954454 23.076199 28.825772 1.000000
11.876158 11.876158 11.876158 11.876158 11.876158 11.876158 11.876158 11.876158 268.121767 268.121767 14.463617 18.048503 173267.220391 654.586579 28.823649 806838.368931 11.601776 68.652784 36.013961 70.299759 1.000000
11.867214 11.867214 11.867214 11.867214 11.867214 11.867214 11.867214 11.867214 1022.008804 70.246079 11.593044 9.312807 2519443.807518 214.335241 87.801193 1968315.474624 11.593044 28.128289 23.056941 11.867214 1.000000
11.794931 11.794931 11.794931 11.794931 11.794931 11.794931 11.794931 11.794931 416.030469 170.410964 9.256585 22.380019 1983.776907 266.261717 136.331411 2445193.201244 7.453017 34.927594 18.351599 7567.506551 1.000000
11.875600 11.875600 11.875600 11.875600 11.875600 11.875600 11.875600 11.875600 171.593191 70.296410 35.169526 18.047648 335.134554 422995.509427 268.108986 1969726.334441 9.319330 35.169526 28.822278 28.822278 1.000000
11.873368 11.873368 11.873368 11.873368 11.873368 11.873368 11.873368 11.873368 268.057875 137.251008 11.599052 43.940749 1613292.196586 335.070665 36.005392 1575480.660728 9.317594 35.162832 23.069024 28.816797 1.000000
11.874098 11.874098 11.874098 11.874098 11.874098 11.874098 11.874098 11.874098 335.091558 109.810930 11.599764 22.531795 56766.212460 9523.790182 56.236316 516285.694564 107.237669 11.599764 28.818589 18.475814 1.000000
11.869389 11.869389 11.869389 11.869389 11.869389 11.869389 11.869389 11.869389 11.869389 137.204360 14.455334 14.455334 110826.911873 14874.936379 109.766768 1574945.143032 9.314499 54.897045 87.817513 23.061212 1.000000
11.872637 11.872637 11.872637 11.872637 11.872637 11.872637 11.872637 11.872637 109.797225 2496.293166 9.317025 85.783624 29060.672602 2496.293166 56.229300 1575382.216578 18.043108 18.043108 18.473521 18.473521 1.000000
11.864817 11.864817 11.864817 11.864817 11.864817 11.864817 11.864817 11.864817 817.439980 523.162716 7.496234 9.310943 173099.389912 11.864817 56.191760 1967912.224998 14.449740 22.514002 817.439980 28.795797 1.000000
11.866705 11.866705 11.866705 11.866705 11.866705 11.866705 11.866705 11.866705 3898.481097 18.464214 7.497402 18.034020 110801.489685 4873.101256 14.795632 1968229.840024 11.592547 22.517622 35.984929 44.968662 1.000000
11.868034 11.868034 11.868034 11.868034 11.868034 11.868034 11.868034 11.868034 28.803698 334.917992 11.593845 998.125502 70921.011301 7615.085733 70.251002 1968453.491502 7.498224 35.146836 14.797298 18.466300 1.000000
11.876879 11.876879 11.876879 11.876879 11.876879 11.876879 11.876879 11.876879 418.962615 137.292171 22.537127 14.464499 6096.673895 654.626885 1598.207064 1575953.222275 22.537127 14.464499 23.075917 70.304086 1.000000
11.871468 11.871468 11.871468 11.871468 11.871468 11.871468 11.871468 11.871468 654.324356 171.532633 22.526753 7.500347 36322.213458 3120.054697 56.223689 1969031.135529 14.457878 22.526753 56.223689 18.471687 1.000000
11.868616 11.868616 11.868616 11.868616 11.868616 11.868616 11.868616 11.868616 523.332637 214.360931 11.594413 18.036949 14873.953911 88655.673540 18.467213 1968551.400313 14.454389 18.036949 23.059694 11.868616 1.000000
11.872187 11.872187 11.872187 11.872187 11.872187 11.872187 11.872187 11.872187 70.275923 87.838502 18.042419 7.500792 817.954991 28.813895 2016411.720119 169148.874873 85.780327 1248.099203 23.066704 23.066704 1.000000
11.873777 11.873777 11.873777 11.873777 11.873777 11.873777 11.873777 11.873777 18.475310 268.067231 28.144027 639.114755 29063.503039 36329.378783 36.006647 1575535.654863 14.460703 22.531179 14.804494 28.817800 1.000000
11.868143 11.868143 11.868143 11.868143 11.868143 11.868143 11.868143 11.868143 11.868143 138518.889766 14.453810 35.147163 11898.682112 817.672426 11.868143 135272.353287 327.071539 408.838047 18.466471 23.058766 1.000000
11.863086 11.863086 11.863086 11.863086 11.863086 11.863086 11.863086 11.863086 1277.059851 87.770224 6.054560 28.118390 23455870.623171 11.863086 44.954766 1574096.831653 14.447622 28.118390 28.791546 18.458536 1.000000
11.860048 11.860048 11.860048 11.860048 11.860048 11.860048 11.860048 11.860048 1276.728168 137.094853 9.307234 9.307234 70872.606932 3117.010537 87.747434 6003143.311739 14.443906 6.053071 18.453770 18.453770 1.000000
11.867343 11.867343 11.867343 11.867343 11.867343 11.867343 11.867343 11.867343 87.802162 70.246854 11.593170 68.601118 138509.417124 11.867343 11.867343 169078.878322 85.744839 798.453680 45386.765823 14.796431 1.000000
11.867640 11.867640 11.867640 11.867640 11.867640 11.867640 11.867640 11.867640 171.476540 267.926714 14.453194 54.888845 173141.169042 11898.170622 23.057778 1968387.198721 9.313139 28.129311 14.796804 11.867640 1.000000
11.770926 11.770926 11.770926 11.770926 11.770926 11.770926 11.770926 11.770926 518.963270 136.049953 6.009391 17.887282 648.703221 9531814.492959 11.770926 11635515.738476 7.438173 6.009391 14.675604 14.675604 1.000000
11.857315 11.857315 11.857315 11.857315 11.857315 11.857315 11.857315 11.857315 7608.109578 11.857315 7.491595 7.491595 3895.352294 171.325231 23.037507 805539.920992 7.491595 85.671370 45347.866122 23.037507 1.000000
11.860484 11.860484 11.860484 11.860484 11.860484 11.860484 11.860484 11.860484 4870.510112 14.787836 7.493554 18.024490 11890.893411 653.710304 9512.714766 1967183.285127 9.307572 28.112150 14.787836 11.860484 1.000000
11.865147 11.865147 11.865147 11.865147 11.865147 11.865147 11.865147 11.865147 23.052883 214.297379 7.496438 68.588248 3148748.420536 523.177480 28.796607 169047.143625 9.311199 11616.831339 11.865147 28.796607 1.000000
11.791910 11.791910 11.791910 11.791910 11.791910 11.791910 11.791910 11.791910 14.701901 415.922360 9.254235 68.158997 215025.577512 9456.925015 11.791910 167988.732433 43.635286 3782.770228 28.616746 14.701901 1.000000
11.852906 11.852906 11.852906 11.852906 11.852906 11.852906 11.852906 11.852906 522.629994 418.104857 9.301678 22.491167 11.852906 14998690.350328 70.160207 11717726.836194 7.488868 6.049570 18.442563 14.778339 1.000000
11.861107 11.861107 11.861107 11.861107 11.861107 11.861107 11.861107 11.861107 14.788616 334.719704 7.493940 209.202728 88598.777026 6088.461760 35.967736 168988.756213 6.053590 14516.023695 18.455431 28.786685 1.000000
11.865257 11.865257 11.865257 11.865257 11.865257 11.865257 11.865257 11.865257 11.865257 29042.352242 11.591134 28.123597 29042.352242 2494.719459 14.793818 169048.738948 133.941676 1247.360331 18.461943 11.865257 1.000000
11.851703 11.851703 11.851703 11.851703 11.851703 11.851703 11.851703 11.851703 1275.816879 214.051094 9.300742 6.048980 11.851703 1594.770746 1288245.042556 1965705.936517 7.488124 35.097858 18.440676 11.851703 1.000000
11.863559 11.863559 11.863559 11.863559 11.863559 11.863559 11.863559 11.863559 14.791689 4871.790842 6.054792 107.141143 18584.406474 2494.357207 87.773771 135219.353407 1558.973645 107.141143 18.459278 11.863559 1.000000
11.860268 11.860268 11.860268 11.860268 11.860268 11.860268 11.860268 11.860268 653.698212 522.959258 7.493421 18.024159 11.860268 11.860268 3147435.039341 644594.696059 133.884550 9.307404 18.454114 267.757896 1.000000
11.875205 11.875205 11.875205 11.875205 11.875205 11.875205 11.875205 11.875205 137.272545 23.072631 11.600845 135353.997005 3121.050998 1597.978573 18.477551 135353.997005 11626.819896 18.047043 28.821308 137.272545 1.000000
11.862209 11.862209 11.862209 11.862209 11.862209 11.862209 11.862209 11.862209 267.802360 87.763648 6.054131 107.128785 2494.069461 87.763648 11.862209 2459341.970708 7.494622 35.129368 171.396955 36293.481566 1.000000
11.866136 11.866136 11.866136 11.866136 11.866136 11.866136 11.866136 11.866136 267.892270 70.239610 9.311969 68.594044 1021.914648 70.239610 14.794919 2460167.670454 7.497050 35.141143 14.794919 1289836.387607 1.000000
11.856144 11.856144 11.856144 11.856144 11.856144 11.856144 11.856144 11.856144 1595.376910 70.179640 7.490870 9.304197 6085.877709 824790.206883 11.856144 644367.349128 107.073229 9.304197 14.782397 11.856144 1.000000
11.790381 11.790381 11.790381 11.790381 11.790381 11.790381 11.790381 11.790381 28.612991 14918433.955723 7.450203 22.371295 1269.120792 69.784940 18.344459 167966.634016 17.917089 5909.800719 18.344459 11.790381 1.000000
11.858560 11.858560 11.858560 11.858560 11.858560 11.858560 11.858560 11.858560 817.002733 87.736267 11.584596 7.492365 1021.252866 1595.706699 45352.694360 1966859.589155 6.052342 43.885221 14.785425 14.785425 1.000000
11.860412 11.860412 11.860412 11.860412 11.860412 11.860412 11.860412 11.860412 56.170614 653.706286 11.586404 85.694059 44.944498 57252216.898298 11.860412 2458963.992017 6.053250 43.892167 14.787746 18.454341 1.000000
11.847272 11.847272 11.847272 11.847272 11.847272 11.847272 11.847272 11.847272 3113.604714 11.847272 6.046809 167.166345 11.847272 340866332.345555 11.847272 515102.637764 9.297296 133.735768 11.847272 14.771280 1.000000
11.857430 11.857430 11.857430 11.857430 11.857430 11.857430 11.857430 11.857430 18.449662 14.784009 9.305197 1573335.606909 88570.920674 6086.547486 11.857430 168935.624439 7.491666 9287.334278 11.857430 28.777656 1.000000
11.856003 11.856003 11.856003 11.856003 11.856003 11.856003 11.856003 11.856003 28.774152 171.306004 9.304087 54.834290 816.824069 11.856003 11.856003 211143.756499 6.051088 9286.200724 12002132.990246 14.782221 1.000000
11.851703 11.851703 11.851703 11.851703 11.851703 11.851703 11.851703 11.851703 11.851703 11.851703 7.488124 1258051.860855 6083.565672 418.061830 1275.816941 168852.862476 6.048981 644122.552759 14.776832 14.776832 1.000000
11.847052 11.847052 11.847052 11.847052 11.847052 11.847052 11.847052 11.847052 213.965901 136.942488 6.046701 85.596174 11.847052 171.174824 36599553.122675 11711856.999256 7.485248 6.046701 14.771004 14.771004 1.000000
11.853018 11.853018 11.853018 11.853018 11.853018 11.853018 11.853018 11.853018 2492.109202 11.853018 6.049625 209.058022 11.853018 139687529.433930 14.778480 2457409.005887 9.301765 22.491382 23.029070 18.442739 1.000000
11.857726 11.857726 11.857726 11.857726 11.857726 11.857726 11.857726 11.857726 11.857726 11.857726 9.305427 1947.744961 88573.162771 11.857726 18.450126 168939.900899 85.674379 797.797379 11.857726 527937.190293 1.000000
11.850635 11.850635 11.850635 11.850635 11.850635 11.850635 11.850635 11.850635 334.419965 11.850635 6.048457 209.015394 14851.097079 11.850635 18.439000 168837.425600 6.048457 7425.548640 337674.851192 18.439000 1.000000
11.858164 11.858164 11.858164 11.858164 11.858164 11.858164 11.858164 11.858164 11.858164 11.858164 9.305768 85.677587 70861.184559 18.450813 137.072760 805598.398808 7.492120 4755.413807 138400.751071 14.784929 1.000000
11.856620 11.856620 11.856620 11.856620 11.856620 11.856620 11.856620 11.856620 3146453.297969 14.782995 7.491165 18138.068407 3116.096736 87.721716 11.856620 2458166.639038 9.304567 28.102885 14.782995 11.856620 1.000000
11.850857 11.850857 11.850857 11.850857 11.850857 11.850857 11.850857 11.850857 14.775772 11.850857 9.300085 5998424.386229 110651.399507 11.850857 6083.125183 168840.636447 6.048566 7425.689855 23.024828 11.850857 1.000000
11.847281 11.847281 11.847281 11.847281 11.847281 11.847281 11.847281 11.847281 213.970095 11.847281 9.297303 208.955392 832193803.557667 11.847281 14.771291 168788.955940 6.046813 11599.088817 11.847281 11.847281 1.000000
11.850162 11.850162 11.850162 11.850162 11.850162 11.850162 11.850162 11.850162 11.850162 14.774901 7.487171 35406.340997 337661.180203 23203.899660 11.850162 168830.590106 7.487171 22660.058264 11.850162 14.774901 1.000000
11.868013 11.868013 11.868013 11.868013 11.868013 11.868013 11.868013 11.868013 18.466267 2519615.969038 11.593824 107.181941 1996.245936 137.188231 28.803646 108216.681864 7436.593886 14.453651 14.797271 11.868013 1.000000
11.851536 11.851536 11.851536 11.851536 11.851536 11.851536 11.851536 11.851536 11.851536 11.851536 6.048899 209.031510 3931355.770107 11881.793826 18.440414 329786.024643 7.488021 11603.314287 23.026160 14.776623 1.000000
11.783390 11.783390 11.783390 11.783390 11.783390 11.783390 11.783390 11.783390 14.691223 44.648726 6.015499 9228.508663 23071.271430 1981.807626 28.595821 167865.592722 7.445880 9228.508663 1014.686232 11.783390 1.000000
11.782917 11.782917 11.782917 11.782917 11.782917 11.782917 11.782917 11.782917 14.690631 14.690631 9.247240 1563306.493337 28837.914826 23070.331876 22.891434 209823.445708 9.247240 11535.166003 11.782917 11.782917 1.000000
11.848814 11.848814 11.848814 11.848814 11.848814 11.848814 11.848814 11.848814 14.773212 11.848814 6.047565 1572176.015849 89367859.791806 11.848814 11.848814 168811.114297 9280.489261 18.006612 14.773212 14.773212 1.000000
11.854540 11.854540 11.854540 11.854540 11.854540 11.854540 11.854540 11.854540 14.780387 18.445127 6.050371 135115.082937 7606.303096 418.163319 14.780387 135115.082937 7.489878 9285.037906 18570.075650 11.854540 1.000000
11.867661 11.867661 11.867661 11.867661 11.867661 11.867661 11.867661 11.867661 11.867661 1612505.706161 7.497993 85.747171 1996.185878 44.972334 23.057820 169083.478340 5949.096184 22.519455 18.465715 87.804550 1.000000
11.850190 11.850190 11.850190 11.850190 11.850190 11.850190 11.850190 11.850190 11.850190 11.850190 6.048239 2433.111514 18563.164598 11.850190 14.774936 211038.747517 9281.582380 18.008720 2012622.332691 11.850190 1.000000
11.843591 11.843591 11.843591 11.843591 11.843591 11.843591 11.843591 11.843591 11.843591 11.843591 6.045005 1257178.453877 215981.613790 11.843591 14.766667 168735.635776 6.045005 9276.339785 14.766667 11873.714871 1.000000
11.850607 11.850607 11.850607 11.850607 11.850607 11.850607 11.850607 11.850607 11.850607 11880.848861 11.576831 9.299890 9597273.211532 11.850607 11.850607 5998295.757208 68.503028 6.048443 18.438956 136.984161 1.000000
11.856644 11.856644 11.856644 11.856644 11.856644 11.856644 11.856644 11.856644 36276.208752 11.856644 9.304585 644394.914755 56681.576150 11.856644 11.856644 135139.408434 1558.051943 133.843059 11.856644 14.783024 1.000000
11.855855 11.855855 11.855855 11.855855 11.855855 11.855855 11.855855 11.855855 11.855855 70.177905 6.051016 1246.357697 89421721.723589 137.045687 14.782035 135130.285290 107.070582 1246.357697 11.855855 11.855855 1.000000
11.847991 11.847991 11.847991 11.847991 11.847991 11.847991 11.847991 11.847991 11.847991 11.847991 7.485828 22655.846525 421998.025494 28999.483530 18.434851 168799.210203 6.047161 11599.793484 14.772180 11.847991 1.000000
11.837003 11.837003 11.837003 11.837003 11.837003 11.837003 11.837003 11.837003 11.837003 11.837003 6.041776 260.962254 11.837003 18905245760.149216 11.837003 9361424.271608 167.019377 6.041776 11.837003 14.758411 1.000000
11.846609 11.846609 11.846609 11.846609 11.846609 11.846609 11.846609 11.846609 87.646605 11.846609 6.046484 1556.714437 70791.147431 11.846609 172829.949754 210974.059756 6.046484 7422.989954 14.770449 11.846609 1.000000
11.842974 11.842974 11.842974 11.842974 11.842974 11.842974 11.842974 11.842974 421816.776377 11.842974 6.044702 407.958605 337453.421103 11.842974 11.842974 168726.710556 6.044702 9275.849116 18.426980 11.842974 1.000000
11.901647 11.901647 11.901647 11.901647 11.901647 11.901647 11.901647 11.901647 90646602174.728256 11.901647 6.073463 328.008031 11.901647 11.901647 11.901647 11766601.692718 6.073463 6.073463 11.901647 11.901647 1.000000
11.855441 11.855441 11.855441 11.855441 11.855441 11.855441 11.855441 11.855441 18.446541 70.175423 7.490436 1557.891625 666220166.886883 11.855441 11.855441 135125.503118 85.657637 1557.891625 11.855441 11.855441 1.000000
11.768150 11.768150 11.768150 11.768150 11.768150 11.768150 11.768150 11.768150 11.768150 87.057921 6.008031 5898.495988 528995400.446030 11.768150 11.768150 167645.334229 7.436457 14400.624626 11.768150 11.768150 1.000000
11.773060 11.773060 11.773060 11.773060 11.773060 11.773060 11.773060 11.773060 11.773060 55.751239 6.010438 5900.993105 11801.985957 14.678279 11.773060 167716.306581 6.010438 7376.241305 14.678279 818927.278199 1.000000
11.853582 11.853582 11.853582 11.853582 11.853582 11.853582 11.853582 11.853582 11.853582 14.779187 7.489286 1985175055.601903 1610565.344507 11.853582 14.779187 168880.016674 9284.277209 22.492464 18.443625 11.853582 1.000000
11.841860 11.841860 11.841860 11.841860 11.841860 11.841860 11.841860 11.841860 2513984.019708 11.841860 6.044156 407.919680 70762.359354 11.841860 11.841860 168710.611683 6.044156 9274.964071 11.841860 14.764497 1.000000
11.843421 11.843421 11.843421 11.843421 11.843421 11.843421 11.843421 11.843421 110580.970802 11.843421 6.044921 3799.533488 659113.948305 11.843421 11.843421 134986.536620 7.483002 9276.204270 11.843421 11.843421 1.000000
11.776541 11.776541 11.776541 11.776541 11.776541 11.776541 11.776541 11.776541 14.682641 14.682641 7.441646 262135.340556 3868.435090 136.115797 137434.413435 167766.617959 6.012143 7378.454023 11.776541 11.776541 1.000000
11.849164 11.849164 11.849164 11.849164 11.849164 11.849164 11.849164 11.849164 11.849164 28.757356 7.486554 44254.145350 216084.693986 11.849164 11.849164 211020.208971 6.047736 7424.613685 29002.396716 14.773650 1.000000
11.847112 11.847112 11.847112 11.847112 11.847112 11.847112 11.847112 11.847112 14.771079 136.943192 6.046730 1945.976553 218151458.848324 11.847112 23.017475 168786.515966 6.046730 11598.921143 14.771079 11.847112 1.000000
11.773101 11.773101 11.773101 11.773101 11.773101 11.773101 11.773101 11.773101 11.773101 11.773101 7.439518 1952481.653901 36016.929406 1584.041937 11.773101 167716.896997 6.010458 9220.334029 648.824860 11.773101 1.000000
11.853948 11.853948 11.853948 11.853948 11.853948 11.853948 11.853948 11.853948 11.853948 11.853948 6.050081 43.867928 3115.384332 70.166463 11.853948 1006634.865113 68.522613 797.539561 15000028.388374 11.853948 1.000000
11.852889 11.852889 11.852889 11.852889 11.852889 11.852889 11.852889 11.852889 11.852889 1610469.869970 7.488858 2433.673670 29011.646060 11.852889 14.778319 135096.004357 9283.726836 14.435147 11.852889 11.852889 1.000000
11.768238 11.768238 11.768238 11.768238 11.768238 11.768238 11.768238 11.768238 11.768238 11.768238 6.008075 11746147171.960358 11797.081812 11.768238 6040.106010 167646.614500 3020.053253 7.436512 11.768238 11.768238 1.000000
11.854781 11.854781 11.854781 11.854781 11.854781 11.854781 11.854781 11.854781 14.780690 11.854781 7.490028 28336.273051 9508.075565 522.713889 11.854781 211121.685922 6.050490 7428.184088 171.288099 3115.606488 1.000000
11.841816 11.841816 11.841816 11.841816 11.841816 11.841816 11.841816 11.841816 11.841816 11.841816 6.044134 85.557808 215948.766214 11.841816 14.764442 1005589.804655 6.044134 7419.943243 11.841816 823779.167974 1.000000
11.849683 11.849683 11.849683 11.849683 11.849683 11.849683 11.849683 11.849683 14.774301 11.849683 6.047991 329733.734390 174559585.529122 11.849683 23.022523 135058.937612 35.091802 4751.964125 11.849683 11.849683 1.000000
11.843421 11.843421 11.843421 11.843421 11.843421 11.843421 11.843421 11.843421 11.843421 11.843421 7.483002 11595.255310 56617.457164 659113.949477 11.843421 168733.171072 6.044921 9276.204287 11.843421 11.843421 1.000000
11.857530 11.857530 11.857530 11.857530 11.857530 11.857530 11.857530 11.857530 334.617326 11.857530 7.491728 43.881359 1276.453181 11.857530 14.784134 135149.654511 5943.944833 14.440824 11.857530 12003700.656047 1.000000
11.842904 11.842904 11.842904 11.842904 11.842904 11.842904 11.842904 11.842904 11.842904 11.842904 6.044668 68.457882 70768.686791 11.842904 11.842904 1257104.407717 6.044668 7420.634785 18.426870 2011367.052347 1.000000
11.848463 11.848463 11.848463 11.848463 11.848463 11.848463 11.848463 11.848463 11.848463 11.848463 6.047393 1946.201690 36250.821833 1609859.881208 11.848463 211007.554354 7424.168440 18.006074 11.848463 11.848463 1.000000
11.840132 11.840132 11.840132 11.840132 11.840132 11.840132 11.840132 11.840132 9496.157153 11.840132 6.043309 44650715.855168 70751.883457 11.840132 11.840132 134948.508161 6.043309 11591.988670 11.840132 11.840132 1.000000
11.859011 11.859011 11.859011 11.859011 11.859011 11.859011 11.859011 11.859011 137.082687 11.859011 7.492643 54.848389 23221.474779 1611313.494879 14.785990 135166.772744 43.886911 1558.367432 11.859011 11.859011 1.000000
11.849970 11.849970 11.849970 11.849970 11.849970 11.849970 11.849970 11.849970 11.849970 334.400924 7.487052 261.252213 6141920.031278 1020.502487 11.849970 168827.812287 6.048131 11601.759005 11.849970 14.774660 1.000000
11.838852 11.838852 11.838852 11.838852 11.838852 11.838852 11.838852 11.838852 11.838852 11.838852 6.042682 171969452927.582611 527084.839555 23.001259 11.838852 134933.718933 6.042682 9272.574666 11.838852 11.838852 1.000000
11.846645 11.846645 11.846645 11.846645 11.846645 11.846645 11.846645 11.846645 11.846645 11.846645 6.046501 85.593192 7601.165094 334.305762 14.770494 1006005.806310 6.046501 7423.012793 824119.956530 11.846645 1.000000
11.837020 11.837020 11.837020 11.837020 11.837020 11.837020 11.837020 11.837020 11.837020 11.837020 6.041784 214928075358.909973 658752.634190 11.837020 11.837020 168640.674358 6.041784 9271.119226 14.758433 11.837020 1.000000
11.842469 11.842469 11.842469 11.842469 11.842469 11.842469 11.842469 11.842469 14.765260 11.842469 9.293560 137618188912.556671 659060.190159 11.842469 11.842469 168719.408686 6.044454 9275.447692 11.842469 11.842469 1.000000
11.760056 11.760056 11.760056 11.760056 11.760056 11.760056 11.760056 11.760056 11.760056 11.760056 6.004065 170808357311.717041 1022511.898137 11.760056 11.760056 167528.349397 6.004065 9209.968515 11.760056 11.760056 1.000000
11.840132 11.840132 11.840132 11.840132 11.840132 11.840132 11.840132 11.840132 11.840132 11.840132 6.043309 3798.463077 56601.506688 1029575.408575 11.840132 263571.304599 6.043309 9273.590961 11.840132 11.840132 1.000000
11.843418 11.843418 11.843418 11.843418 11.843418 11.843418 11.843418 11.843418 11.843418 11.843418 6.044920 22867603.987827 269973.016543 11.843418 11.843418 134986.508277 411946.131196 7.483001 522.205675 11.843418 1.000000
11.760056 11.760056 11.760056 11.760056 11.760056 11.760056 11.760056 11.760056 11.760056 11.760056 6.004065 170808357311.717041 1022511.898137 11.760056 11.760056 167528.349397 6.004065 9209.968515 11.760056 11.760056 1.000000
11.760056 11.760056 11.760056 11.760056 11.760056 11.760056 11.760056 11.760056 11.760056 11.760056 6.004065 412989266.771036 18599383.079381 11.760056 11.760056 167528.349417 6.004065 11512.460597 11.760056 11.760056 1.000000
11.854467 11.854467 11.854467 11.854467 11.854467 11.854467 11.854467 11.854467 11.854467 11.854467 7.489834 11606.225719 337785.623070 11.854467 70838.779513 168892.811539 85.650505 996.968194 14.780297 11.854467 1.000000
11.851784 11.851784 11.851784 11.851784 11.851784 11.851784 11.851784 11.851784 11.851784 171.244167 7.488174 797.391854 36261.126319 11.851784 110660.175458 211067.534355 6.049020 11603.560499 11.851784 23.026647 1.000000
11.849164 11.849164 11.849164 11.849164 11.849164 11.849164 11.849164 11.849164 14.773650 28.757356 7.486554 18126.497984 216084.694020 45316.244844 11.849164 168816.167205 6.047736 9280.767047 11.849164 11.849164 1.000000
11.847876 11.847876 11.847876 11.847876 11.847876 11.847876 11.847876 11.847876 11.847876 11.847876 6.047105 261.205384 28999.198198 11.847876 4912655.257663 329682.713568 7423.794865 14.429012 11.847876 11.847876 1.000000
11.840312 11.840312 11.840312 11.840312 11.840312 11.840312 11.840312 11.840312 11.840312 11.840312 6.043397 415848634.464844 88441.223522 11.840312 11.840312 168688.246753 7.481080 212914500.846001 14.762558 11.840312 1.000000
11.843591 11.843591 11.843591 11.843591 11.843591 11.843591 11.843591 11.843591 11.843591 11.843591 6.045005 812432525.797322 56618.283608 3112.623379 11.843591 210919.542578 6.045005 2431.737175 14.766667 14.766667 1.000000
11.907907 11.907907 11.907907 11.907907 11.907907 11.907907 11.907907 11.907907 11.907907 11.907907 6.076532 70855435229.106277 14.847264 11.907907 11.907907 18574327212.698624 653526039.951304 6.076532 11.907907 11.907907 1.000000
11.903376 11.903376 11.903376 11.903376 11.903376 11.903376 11.903376 11.903376 11.903376 11.903376 6.074311 214064766.997670 89785270.847740 11.903376 11.903376 11768335.020555 6.074311 6.074311 14.841585 11.903376 1.000000
11.847881 11.847881 11.847881 11.847881 11.847881 11.847881 11.847881 11.847881 11.847881 11.847881 6.047107 3070410.837872 45311.266364 11.847881 11.847881 135038.096739 7423.798012 14.429018 11.847881 45311.266364 1.000000
11.835288 11.835288 11.835288 11.835288 11.835288 11.835288 11.835288 11.835288 11.835288 11.835288 6.040935 415669639.614378 110503.944404 11.835288 11.835288 168615.637815 6.040935 266028569.353201 11.835288 11.835288 1.000000
11.843479 11.843479 11.843479 11.843479 11.843479 11.843479 11.843479 11.843479 11.843479 11989272.338384 6.044949 54.775572 28988.281811 11.843479 11.843479 210917.509519 6.044949 9276.250276 14.766526 14.766526 1.000000
11.842043 11.842043 11.842043 11.842043 11.842043 11.842043 11.842043 11.842043 11.842043 11.842043 7.482150 172016459039.932037 527228.912870 11.842043 14.764726 168713.252124 6.044245 9275.109231 14.764726 11.842043 1.000000
11.841862 11.841862 11.841862 11.841862 11.841862 11.841862 11.841862 11.841862 11.841862 172759.693199 6.044157 1244.865587 527220.743391 11.841862 14.764499 210888.297360 6.044157 9274.965512 11.841862 11.841862 1.000000
11.840130 11.840130 11.840130 11.840130 11.840130 11.840130 11.840130 11.840130 11.840130 11.840130 6.043308 509.822954 2010889.250080 70751.875618 11.840130 263571.275790 6.043308 11591.987385 11.840130 11.840130 1.000000
11.843602 11.843602 11.843602 11.843602 11.843602 11.843602 11.843602 11.843602 14.766680 11.843602 7.483114 215049287488.486389 527299.318630 11.843602 11.843602 168735.781967 7.483114 9276.347822 11.843602 11.843602 1.000000
11.840129 11.840129 11.840129 11.840129 11.840129 11.840129 11.840129 11.840129 522.058560 11.840129 6.043308 136263142.071405 658928.122849 11.840129 11.840129 168685.599455 6.043308 11591.986213 11.840129 11.840129 1.000000
11.760056 11.760056 11.760056 11.760056 11.760056 11.760056 11.760056 11.760056 11.760056 11.760056 6.004065 170808357311.717041 1022511.898137 11.760056 11.760056 167528.349397 6.004065 9209.968515 11.760056 11.760056 1.000000
11.767791 11.767791 11.767791 11.767791 11.767791 11.767791 11.767791 11.767791 18.309014 11.767791 6.007855 70009793595.294830 18432.229561 648.527963 11.767791 167640.150790 6.007855 9216.114862 11.767791 11.767791 1.000000
11.835288 11.835288 11.835288 11.835288 11.835288 11.835288 11.835288 11.835288 11.835288 11.835288 6.040935 171916930339.365540 2010055.001408 11.835288 11.835288 263461.929148 6.040935 1244.164587 11.835288 11.835288 1.000000
11.764929 11.764929 11.764929 11.764929 11.764929 11.764929 11.764929 11.764929 11.764929 11.764929 6.006453 170880167590.983490 18427.680873 648.367921 11.764929 167598.780714 6.006453 9213.840518 11.764929 11.764929 1.000000
11.825880 11.825880 11.825880 11.825880 11.825880 11.825880 11.825880 11.825880 11.825880 11.825880 6.036323 14755643870.940514 11.825880 11.825880 11.825880 28541566.176989 6.036323 6.036323 11.825880 9576960.414593 1.000000
11.838581 11.838581 11.838581 11.838581 11.838581 11.838581 11.838581 11.838581 11.838581 11.838581 6.042549 3872317860.806984 110535.134654 11.838581 11.838581 134930.584291 28572662.620144 7.480009 11.838581 11.838581 1.000000
11.760056 11.760056 11.760056 11.760056 11.760056 11.760056 11.760056 11.760056 11.760056 11.760056 6.004065 170808357311.717041 1022511.898137 11.760056 11.760056 167528.349397 6.004065 9209.968515 11.760056 11.760056 1.000000
11.848254 11.848254 11.848254 11.848254 11.848254 11.848254 11.848254 11.848254 11.848254 11.848254 7.485991 7424.035618 45312.716597 2491.093339 11.848254 168803.023461 6.047290 9280.044462 11.848254 4865.416100 1.000000
11.761799 11.761799 11.761799 11.761799 11.761799 11.761799 11.761799 11.761799 14.664166 11.761799 6.004919 170834048590.249573 818132.555291 11.761799 11.761799 167553.547329 6.004919 9211.353786 11.761799 11.761799 1.000000
11.760056 11.760056 11.760056 11.760056 11.760056 11.760056 11.760056 11.760056 11.760056 11.760056 6.004065 170808357311.717041 1022511.898137 11.760056 11.760056 167528.349397 6.004065 9209.968515 11.760056 11.760056 1.000000
11.760056 11.760056 11.760056 11.760056 11.760056 11.760056 11.760056 11.760056 11.760056 11.760056 6.004065 170808357311.717041 1022511.898137 11.760056 11.760056 167528.349397 6.004065 9209.968515 11.760056 11.760056 1.000000
11.841862 11.841862 11.841862 11.841862 11.841862 11.841862 11.841862 11.841862 14.764500 11.841862 6.044157 1964050.355933 269937.025489 9497.564851 11.841862 168710.640934 6.044157 9274.965679 11.841862 11.841862 1.000000
11.766672 11.766672 11.766672 11.766672 11.766672 11.766672 11.766672 11.766672 11.766672 11.766672 6.007307 85823.472795 523824.907125 14.670272 28797.578850 167623.970285 6.007307 7372.180312 11.766672 11.766672 1.000000
11.835073 11.835073 11.835073 11.835073 11.835073 11.835073 11.835073 11.835073 11.835073 11.835073 6.040829 9543130743549.759766 11.835073 11.835073 11.835073 819748688899.970825 9269.571723 6.040829 11.835073 56.048964 1.000000
11.760056 11.760056 11.760056 11.760056 11.760056 11.760056 11.760056 11.760056 11.760056 11.760056 6.004065 2461607854.193664 7618307.309314 11.760056 11.760056 167528.349417 6.004065 11512.460597 11.760056 11.760056 1.000000
11.835288 11.835288 11.835288 11.835288 11.835288 11.835288 11.835288 11.835288 11.835288 11.835288 6.040935 36053594104.534714 138129.930501 11.835288 11.835288 134892.510255 6.040935 2453680.467580 11.835288 11.835288 1.000000
11.835288 11.835288 11.835288 11.835288 11.835288 11.835288 11.835288 11.835288 11.835288 11.835288 6.040935 415669639.614849 138129.930501 11.835288 11.835288 134892.510255 6.040935 212822855.482802 11.835288 11.835288 1.000000
11.764929 11.764929 11.764929 11.764929 11.764929 11.764929 11.764929 11.764929 11.764929 11.764929 6.006453 170880167590.985901 18427.680873 648.367921 11.764929 167598.780714 6.006453 9213.840518 11.764929 11.764929 1.000000
11.760056 11.760056 11.760056 11.760056 11.760056 11.760056 11.760056 11.760056 11.760056 11.760056 6.004065 170808357311.717041 1022511.898137 11.760056 11.760056 167528.349397 6.004065 9209.968515 11.760056 11.760056 1.000000
11.835288 11.835288 11.835288 11.835288 11.835288 11.835288 11.835288 11.835288 11.835288 11.835288 6.040935 86331.206558 1039174098.893239 11.835288 11.835288 168615.637792 6.040935 14483.973067 11.835288 11.835288 1.000000
11.835288 11.835288 11.835288 11.835288 11.835288 11.835288 11.835288 11.835288 11.835288 11.835288 6.040935 171916933521.639679 823318.543818 11.835288 11.835288 168615.637780 6.040935 11587.178484 11.835288 11.835288 1.000000
11.843206 11.843206 11.843206 11.843206 11.843206 11.843206 11.843206 11.843206 11.843206 11.843206 7.482869 69111.834727 218078497.970342 11.843206 11.843206 210912.581524 6.044816 11595.041877 11.843206 56.088011 1.000000
11.835288 11.835288 11.835288 11.835288 11.835288 11.835288 11.835288 11.835288 11.835288 11.835288 6.040935 415669639.614378 110503.944404 11.835288 11.835288 168615.637815 6.040935 266028569.353200 11.835288 11.835288 1.000000
11.761799 11.761799 11.761799 11.761799 11.761799 11.761799 11.761799 11.761799 14.664166 11.761799 6.004919 170834048590.249573 818132.555291 11.761799 11.761799 167553.547329 6.004919 9211.353786 11.761799 11.761799 1.000000
11.835288 11.835288 11.835288 11.835288 11.835288 11.835288 11.835288 11.835288 11.835288 11.835288 6.040935 415669639.614849 138129.930501 11.835288 11.835288 134892.510255 6.040935 212822855.482803 11.835288 11.835288 1.000000
11.760056 11.760056 11.760056 11.760056 11.760056 11.760056 11.760056 11.760056 11.760056 11.760056 6.004065 170808357311.717041 1022511.898137 11.760056 11.760056 167528.349397 6.004065 9209.968515 11.760056 11.760056 1.000000
11.825880 11.825880 11.825880 11.825880 11.825880 11.825880 11.825880 11.825880 36180.733522 11.825880 6.036323 419380622539.786804 11.825880 11.825880 11.825880 70360392905.644806 6.036323 6.036323 11.825880 11.825880 1.000000
11.760056 11.760056 11.760056 11.760056 11.760056 11.760056 11.760056 11.760056 11.760056 11.760056 6.004065 170808357311.717041 1022511.898137 11.760056 11.760056 167528.349397 6.004065 9209.968515 11.760056 11.760056 1.000000
11.838581 11.838581 11.838581 11.838581 11.838581 11.838581 11.838581 11.838581 11.838581 11.838581 7.480009 171965457852.354370 823550.929194 11.838581 11.838581 168663.230305 6.042549 9272.359252 11.838581 11.838581 1.000000
11.760056 11.760056 11.760056 11.760056 11.760056 11.760056 11.760056 11.760056 11.760056 11.760056 6.004065 170808357311.717041 1022511.898137 11.760056 11.760056 167528.349397 6.004065 9209.968515 11.760056 11.760056 1.000000
11.760056 11.760056 11.760056 11.760056 11.760056 11.760056 11.760056 11.760056 11.760056 11.760056 6.004065 170808357311.717041 1022511.898137 11.760056 11.760056 167528.349397 6.004065 9209.968515 11.760056 11.760056 1.000000
11.835288 11.835288 11.835288 11.835288 11.835288 11.835288 11.835288 11.835288 11.835288 11.835288 6.040935 170258284.363330 23400120.422834 11.835288 11.835288 168615.637793 6.040935 14483.973067 11.835288 11.835288 1.000000
11.760056 11.760056 11.760056 11.760056 11.760056 11.760056 11.760056 11.760056 11.760056 11.760056 6.004065 170808357311.717041 1022511.898137 11.760056 11.760056 167528.349397 6.004065 9209.968515 11.760056 11.760056 1.000000
11.763368 11.763368 11.763368 11.763368 11.763368 11.763368 11.763368 11.763368 11.763368 11.763368 7.433500 136685731016.663849 1022804.068766 11.763368 11.763368 167576.218632 6.005688 9212.600154 11.763368 11.763368 1.000000
11.835288 11.835288 11.835288 11.835288 11.835288 11.835288 11.835288 11.835288 11.835288 11.835288 6.040935 214896166875.951111 823318.543718 11.835288 11.835288 168615.637759 6.040935 9269.742825 11.835288 11.835288 1.000000
11.760056 11.760056 11.760056 11.760056 11.760056 11.760056 11.760056 11.760056 11.760056 11.760056 6.004065 170808357311.717041 1022511.898137 11.760056 11.760056 167528.349397 6.004065 9209.968515 11.760056 11.760056 1.000000
11.760056 11.760056 11.760056 11.760056 11.760056 11.760056 11.760056 11.760056 11.760056 11.760056 6.004065 170808357311.717041 1022511.898137 11.760056 11.760056 167528.349397 6.004065 9209.968515 11.760056 11.760056 1.000000
11.760056 11.760056 11.760056 11.760056 11.760056 11.760056 11.760056 11.760056 11.760056 11.760056 6.004065 170808357311.717041 1022511.898137 11.760056 11.760056 167528.349397 6.004065 9209.968515 11.760056 11.760056 1.000000
11.760056 11.760056 11.760056 11.760056 11.760056 11.760056 11.760056 11.760056 11.760056 11.760056 6.004065 170808357311.717041 1022511.898137 11.760056 11.760056 167528.349397 6.004065 9209.968515 11.760056 11.760056 1.000000
11.760056 11.760056 11.760056 11.760056 11.760056 11.760056 11.760056 11.760056 11.760056 11.760056 6.004065 170808357311.717041 1022511.898137 11.760056 11.760056 167528.349397 6.004065 9209.968515 11.760056 11.760056 1.000000
11.760056 11.760056 11.760056 11.760056 11.760056 11.760056 11.760056 11.760056 11.760056 11.760056 6.004065 170808357311.717041 1022511.898137 11.760056 11.760056 167528.349397 6.004065 9209.968515 11.760056 11.760056 1.000000
11.760056 11.760056 11.760056 11.760056 11.760056 11.760056 11.760056 11.760056 11.760056 11.760056 6.004065 170808357311.717041 1022511.898137 11.760056 11.760056 167528.349397 6.004065 9209.968515 11.760056 11.760056 1.000000
11.849608 11.849608 11.849608 11.849608 11.849608 11.849608 11.849608 11.849608 11.849608 11.849608 6.047953 7424.895662 36254.372718 11.849608 11.849608 168822.578581 7424.895662 14.431131 14.774206 824328.996950 1.000000
11.761799 11.761799 11.761799 11.761799 11.761799 11.761799 11.761799 11.761799 14.664166 11.761799 6.004919 170834048590.249573 818132.555291 11.761799 11.761799 167553.547329 6.004919 9211.353786 11.761799 11.761799 1.000000
11.835288 11.835288 11.835288 11.835288 11.835288 11.835288 11.835288 11.835288 11.835288 11.835288 6.040935 171916933417.231934 1029148.179146 11.835288 11.835288 210769.547094 6.040935 5932.635504 11.835288 11.835288 1.000000
11.760056 11.760056 11.760056 11.760056 11.760056 11.760056 11.760056 11.760056 11.760056 11.760056 6.004065 170808357311.717041 1022511.898137 11.760056 11.760056 167528.349397 6.004065 9209.968515 11.760056 11.760056 1.000000
11.761799 11.761799 11.761799 11.761799 11.761799 11.761799 11.761799 11.761799 11.761799 11.761799 6.004919 170834048590.249573 818132.555291 11.761799 11.761799 167553.547329 6.004919 9211.353786 14.664166 11.761799 1.000000
11.837020 11.837020 11.837020 11.837020 11.837020 11.837020 11.837020 11.837020 14.758433 11.837020 6.041784 415731359.596359 110520.352389 11.837020 11.837020 134912.539534 6.041784 212854456.113336 11.837020 11.837020 1.000000
11.760056 11.760056 11.760056 11.760056 11.760056 11.760056 11.760056 11.760056 11.760056 11.760056 6.004065 170808357311.717041 1022511.898137 11.760056 11.760056 167528.349397 6.004065 9209.968515 11.760056 11.760056 1.000000
11.760056 11.760056 11.760056 11.760056 11.760056 11.760056 11.760056 11.760056 11.760056 11.760056 6.004065 170808357311.717041 1022511.898137 11.760056 11.760056 167528.349397 6.004065 9209.968515 11.760056 11.760056 1.000000
11.840312 11.840312 11.840312 11.840312 11.840312 11.840312 11.840312 11.840312 11.840312 14.762558 7.481080 171990964036.309540 658938.463639 11.840312 11.840312 168688.246697 6.043397 9273.734543 11.840312 11.840312 1.000000
11.760056 11.760056 11.760056 11.760056 11.760056 11.760056 11.760056 11.760056 11.760056 11.760056 6.004065 170808357311.717041 1022511.898137 11.760056 11.760056 167528.349397 6.004065 9209.968515 11.760056 11.760056 1.000000
11.760056 11.760056 11.760056 11.760056 11.760056 11.760056 11.760056 11.760056 11.760056 11.760056 6.004065 170808357311.717041 1022511.898137 11.760056 11.760056 167528.349397 6.004065 9209.968515 11.760056 11.760056 1.000000
11.760056 11.760056 11.760056 11.760056 11.760056 11.760056 11.760056 11.760056 11.760056 11.760056 6.004065 170808357311.717041 1022511.898137 11.760056 11.760056 167528.349397 6.004065 9209.968515 11.760056 11.760056 1.000000
11.760056 11.760056 11.760056 11.760056 11.760056 11.760056 11.760056 11.760056 11.760056 11.760056 6.004065 170808357311.717041 1022511.898137 11.760056 11.760056 167528.349397 6.004065 9209.968515 11.760056 11.760056 1.000000
11.760056 11.760056 11.760056 11.760056 11.760056 11.760056 11.760056 11.760056 11.760056 11.760056 6.004065 170808357311.717041 1022511.898137 11.760056 11.760056 167528.349397 6.004065 9209.968515 11.760056 11.760056 1.000000
11.760056 11.760056 11.760056 11.760056 11.760056 11.760056 11.760056 11.760056 11.760056 11.760056 6.004065 170808357311.717041 1022511.898137 11.760056 11.760056 167528.349397 6.004065 9209.968515 11.760056 11.760056 1.000000
11.898548 11.898548 11.898548 11.898548 11.898548 11.898548 11.898548 11.898548 11.898548 11.898548 6.071944 340884575496604.125000 14.835536 11.898548 11.898548 426105719370756.562500 6.071944 6.071944 11.898548 11.898548 1.000000
11.761799 11.761799 11.761799 11.761799 11.761799 11.761799 11.761799 11.761799 11.761799 11.761799 6.004919 170834048590.249573 818132.555291 11.761799 11.761799 167553.547329 6.004919 9211.353786 14.664166 11.761799 1.000000
11.760056 11.760056 11.760056 11.760056 11.760056 11.760056 11.760056 11.760056 11.760056 11.760056 6.004065 170808357311.717041 1022511.898137 11.760056 11.760056 167528.349397 6.004065 9209.968515 11.760056 11.760056 1.000000
11.840128 11.840128 11.840128 11.840128 11.840128 11.840128 11.840128 11.840128 11.840128 11.840128 6.043307 326.288446 45722320.352923 11.840128 11.840128 411830.049810 6.043307 11591.985454 11.840128 3111.700200 1.000000
11.760056 11.760056 11.760056 11.760056 11.760056 11.760056 11.760056 11.760056 11.760056 11.760056 6.004065 170808357311.717041 1022511.898137 11.760056 11.760056 167528.349397 6.004065 9209.968515 11.760056 11.760056 1.000000
11.760056 11.760056 11.760056 11.760056 11.760056 11.760056 11.760056 11.760056 11.760056 11.760056 6.004065 170808357311.717041 1022511.898137 11.760056 11.760056 167528.349397 6.004065 9209.968515 11.760056 11.760056 1.000000
11.838581 11.838581 11.838581 11.838581 11.838581 11.838581 11.838581 11.838581 11.838581 11.838581 7.480009 70437051536.328110 1286798.326865 11.838581 11.838581 168663.230305 6.042549 9272.359252 11.838581 11.838581 1.000000
11.760056 11.760056 11.760056 11.760056 11.760056 11.760056 11.760056 11.760056 11.760056 11.760056 6.004065 170808357311.717041 1022511.898137 11.760056 11.760056 167528.349397 6.004065 9209.968515 11.760056 11.760056 1.000000
11.760056 11.760056 11.760056 11.760056 11.760056 11.760056 11.760056 11.760056 11.760056 11.760056 6.004065 170808357311.717041 1022511.898137 11.760056 11.760056 167528.349397 6.004065 9209.968515 11.760056 11.760056 1.000000
11.760056 11.760056 11.760056 11.760056 11.760056 11.760056 11.760056 11.760056 11.760056 11.760056 6.004065 170808357311.717041 1022511.898137 11.760056 11.760056 167528.349397 6.004065 9209.968515 11.760056 11.760056 1.000000
11.761799 11.761799 11.761799 11.761799 11.761799 11.761799 11.761799 11.761799 14.664166 11.761799 6.004919 170834048590.249573 818132.555291 11.761799 11.761799 167553.547329 6.004919 9211.353786 11.761799 11.761799 1.000000
11.760056 11.760056 11.760056 11.760056 11.760056 11.760056 11.760056 11.760056 11.760056 11.760056 6.004065 170808357311.717041 1022511.898137 11.760056 11.760056 167528.349397 6.004065 9209.968515 11.760056 11.760056 1.000000
11.764930 11.764930 11.764930 11.764930 11.764930 11.764930 11.764930 11.764930 23034.604243 11.764930 6.006454 68648.470058 818353.534260 11.764930 11.764930 167598.803822 6.006454 9213.841788 11.764930 11.764930 1.000000
11.760056 11.760056 11.760056 11.760056 11.760056 11.760056 11.760056 11.760056 11.760056 11.760056 6.004065 170808357311.717041 1022511.898137 11.760056 11.760056 167528.349397 6.004065 9209.968515 11.760056 11.760056 1.000000
11.760056 11.760056 11.760056 11.760056 11.760056 11.760056 11.760056 11.760056 11.760056 11.760056 6.004065 170808357311.717041 1022511.898137 11.760056 11.760056 167528.349397 6.004065 9209.968515 11.760056 11.760056 1.000000
11.761799 11.761799 11.761799 11.761799 11.761799 11.761799 11.761799 11.761799 11.761799 11.761799 6.004919 170834048590.249573 818132.555291 11.761799 11.761799 167553.547329 6.004919 9211.353786 11.761799 14.664166 1.000000
11.760056 11.760056 11.760056 11.760056 11.760056 11.760056 11.760056 11.760056 11.760056 11.760056 6.004065 170808357311.717041 1022511.898137 11.760056 11.760056 167528.349397 6.004065 9209.968515 11.760056 11.760056 1.000000
11.760056 11.760056 11.760056 11.760056 11.760056 11.760056 11.760056 11.760056 11.760056 11.760056 6.004065 170808357311.717041 1022511.898137 11.760056 11.760056 167528.349397 6.004065 9209.968515 11.760056 11.760056 1.000000
11.760056 11.760056 11.760056 11.760056 11.760056 11.760056 11.760056 11.760056 11.760056 11.760056 6.004065 170808357311.717041 1022511.898137 11.760056 11.760056 167528.349397 6.004065 9209.968515 11.760056 11.760056 1.000000
11.844005 11.844005 11.844005 11.844005 11.844005 11.844005 11.844005 11.844005 11.844005 11.844005 6.045207 172045375144.197479 659146.925589 11.844005 11.844005 168741.612956 22.474103 4749.654368 11.844005 11.844005 1.000000
11.760056 11.760056 11.760056 11.760056 11.760056 11.760056 11.760056 11.760056 11.760056 11.760056 6.004065 170808357311.717041 1022511.898137 11.760056 11.760056 167528.349397 6.004065 9209.968515 11.760056 11.760056 1.000000
11.898548 11.898548 11.898548 11.898548 11.898548 11.898548 11.898548 11.898548 11.898548 11.898548 6.071944 340884575496604.125000 14.835536 11.898548 11.898548 426105719370756.562500 6.071944 6.071944 11.898548 11.898548 1.000000
11.760056 11.760056 11.760056 11.760056 11.760056 11.760056 11.760056 11.760056 11.760056 11.760056 6.004065 170808357311.717041 1022511.898137 11.760056 11.760056 167528.349397 6.004065 9209.968515 11.760056 11.760056 1.000000
11.760056 11.760056 11.760056 11.760056 11.760056 11.760056 11.760056 11.760056 11.760056 11.760056 6.004065 170808357311.717041 1022511.898137 11.760056 11.760056 167528.349397 6.004065 9209.968515 11.760056 11.760056 1.000000
11.760056 11.760056 11.760056 11.760056 11.760056 11.760056 11.760056 11.760056 11.760056 11.760056 6.004065 170808357311.717041 1022511.898137 11.760056 11.760056 167528.349397 6.004065 9209.968515 11.760056 11.760056 1.000000
11.760056 11.760056 11.760056 11.760056 11.760056 11.760056 11.760056 11.760056 11.760056 11.760056 6.004065 170808357311.717041 1022511.898137 11.760056 11.760056 167528.349397 6.004065 9209.968515 11.760056 11.760056 1.000000
11.760056 11.760056 11.760056 11.760056 11.760056 11.760056 11.760056 11.760056 11.760056 11.760056 6.004065 170808357311.717041 1022511.898137 11.760056 11.760056 167528.349397 6.004065 9209.968515 11.760056 11.760056 1.000000
11.760056 11.760056 11.760056 11.760056 11.760056 11.760056 11.760056 11.760056 11.760056 11.760056 6.004065 170808357311.717041 1022511.898137 11.760056 11.760056 167528.349397 6.004065 9209.968515 11.760056 11.760056 1.000000
11.760056 11.760056 11.760056 11.760056 11.760056 11.760056 11.760056 11.760056 11.760056 11.760056 6.004065 170808357311.717041 1022511.898137 11.760056 11.760056 167528.349397 6.004065 9209.968515 11.760056 11.760056 1.000000
11.760056 11.760056 11.760056 11.760056 11.760056 11.760056 11.760056 11.760056 11.760056 11.760056 6.004065 170808357311.717041 1022511.898137 11.760056 11.760056 167528.349397 6.004065 9209.968515 11.760056 11.760056 1.000000
11.760056 11.760056 11.760056 11.760056 11.760056 11.760056 11.760056 11.760056 11.760056 11.760056 6.004065 170808357311.717041 1022511.898137 11.760056 11.760056 167528.349397 6.004065 9209.968515 11.760056 11.760056 1.000000
11.760056 11.760056 11.760056 11.760056 11.760056 11.760056 11.760056 11.760056 11.760056 11.760056 6.004065 170808357311.717041 1022511.898137 11.760056 11.760056 167528.349397 6.004065 9209.968515 11.760056 11.760056 1.000000
11.760056 11.760056 11.760056 11.760056 11.760056 11.760056 11.760056 11.760056 11.760056 11.760056 6.004065 170808357311.717041 1022511.898137 11.760056 11.760056 167528.349397 6.004065 9209.968515 11.760056 11.760056 1.000000
11.760056 11.760056 11.760056 11.760056 11.760056 11.760056 11.760056 11.760056 11.760056 11.760056 6.004065 170808357311.717041 1022511.898137 11.760056 11.760056 167528.349397 6.004065 9209.968515 11.760056 11.760056 1.000000
11.760056 11.760056 11.760056 11.760056 11.760056 11.760056 11.760056 11.760056 11.760056 11.760056 6.004065 170808357311.717041 1022511.898137 11.760056 11.760056 167528.349397 6.004065 9209.968515 11.760056 11.760056 1.000000
11.760056 11.760056 11.760056 11.760056 11.760056 11.760056 11.760056 11.760056 11.760056 11.760056 6.004065 170808357311.717041 1022511.898137 11.760056 11.760056 167528.349397 6.004065 9209.968515 11.760056 11.760056 1.000000
11.760056 11.760056 11.760056 11.760056 11.760056 11.760056 11.760056 11.760056 11.760056 11.760056 6.004065 170808357311.717041 1022511.898137 11.760056 11.760056 167528.349397 6.004065 9209.968515 11.760056 11.760056 1.000000
11.760056 11.760056 11.760056 11.760056 11.760056 11.760056 11.760056 11.760056 11.760056 11.760056 6.004065 170808357311.717041 1022511.898137 11.760056 11.760056 167528.349397 6.004065 9209.968515 11.760056 11.760056 1.000000
11.760056 11.760056 11.760056 11.760056 11.760056 11.760056 11.760056 11.760056 11.760056 11.760056 6.004065 170808357311.717041 1022511.898137 11.760056 11.760056 167528.349397 6.004065 9209.968515 11.760056 11.760056 1.000000
11.760056 11.760056 11.760056 11.760056 11.760056 11.760056 11.760056 11.760056 11.760056 11.760056 6.004065 170808357311.717041 1022511.898137 11.760056 11.760056 167528.349397 6.004065 9209.968515 11.760056 11.760056 1.000000
11.760056 11.760056 11.760056 11.760056 11.760056 11.760056 11.760056 11.760056 11.760056 11.760056 6.004065 170808357311.717041 1022511.898137 11.760056 11.760056 167528.349397 6.004065 9209.968515 11.760056 11.760056 1.000000
11.760056 11.760056 11.760056 11.760056 11.760056 11.760056 11.760056 11.760056 11.760056 11.760056 6.004065 170808357311.717041 1022511.898137 11.760056 11.760056 167528.349397 6.004065 9209.968515 11.760056 11.760056 1.000000
11.760056 11.760056 11.760056 11.760056 11.760056 11.760056 11.760056 11.760056 11.760056 11.760056 6.004065 170808357311.717041 1022511.898137 11.760056 11.760056 167528.349397 6.004065 9209.968515 11.760056 11.760056 1.000000
11.760056 11.760056 11.760056 11.760056 11.760056 11.760056 11.760056 11.760056 11.760056 11.760056 6.004065 170808357311.717041 1022511.898137 11.760056 11.760056 167528.349397 6.004065 9209.968515 11.760056 11.760056 1.000000
11.835288 11.835288 11.835288 11.835288 11.835288 11.835288 11.835288 11.835288 11.835288 11.835288 6.040935 214896166875.951111 823318.543718 11.835288 11.835288 168615.637759 6.040935 9269.742825 11.835288 11.835288 1.000000
11.763368 11.763368 11.763368 11.763368 11.763368 11.763368 11.763368 11.763368 11.763368 11.763368 6.005688 170857163738.016083 1022804.068569 11.763368 11.763368 167576.218600 7.433500 7370.080171 11.763368 11.763368 1.000000
11.835288 11.835288 11.835288 11.835288 11.835288 11.835288 11.835288 11.835288 11.835288 11.835288 6.040935 171916933468.143402 1029148.179451 11.835288 11.835288 168615.637727 6.040935 7415.794307 11.835288 11.835288 1.000000
11.835288 11.835288 11.835288 11.835288 11.835288 11.835288 11.835288 11.835288 11.835288 11.835288 6.040935 171916933468.143402 1029148.179451 11.835288 11.835288 168615.637727 6.040935 7415.794307 11.835288 11.835288 1.000000
11.835288 11.835288 11.835288 11.835288 11.835288 11.835288 11.835288 11.835288 11.835288 11.835288 6.040935 171916933468.143402 1029148.179451 11.835288 11.835288 168615.637727 6.040935 7415.794307 11.835288 11.835288 1.000000
11.835288 11.835288 11.835288 11.835288 11.835288 11.835288 11.835288 11.835288 11.835288 11.835288 6.040935 171916933468.143402 1029148.179451 11.835288 11.835288 168615.637727 6.040935 7415.794307 11.835288 11.835288 1.000000
11.835288 11.835288 11.835288 11.835288 11.835288 11.835288 11.835288 11.835288 11.835288 11.835288 6.040935 171916933468.143402 1029148.179451 11.835288 11.835288 168615.637727 6.040935 7415.794307 11.835288 11.835288 1.000000
11.835288 11.835288 11.835288 11.835288 11.835288 11.835288 11.835288 11.835288 11.835288 11.835288 6.040935 171916933468.143402 1029148.179451 11.835288 11.835288 168615.637727 6.040935 7415.794307 11.835288 11.835288 1.000000
11.835288 11.835288 11.835288 11.835288 11.835288 11.835288 11.835288 11.835288 11.835288 11.835288 6.040935 171916933468.143402 1029148.179451 11.835288 11.835288 168615.637727 6.040935 7415.794307 11.835288 11.835288 1.000000
11.835288 11.835288 11.835288 11.835288 11.835288 11.835288 11.835288 11.835288 11.835288 11.835288 6.040935 171916933468.143402 1029148.179451 11.835288 11.835288 168615.637727 6.040935 7415.794307 11.835288 11.835288 1.000000
11.835288 11.835288 11.835288 11.835288 11.835288 11.835288 11.835288 11.835288 11.835288 11.835288 6.040935 171916933468.143402 1029148.179451 11.835288 11.835288 168615.637727 6.040935 7415.794307 11.835288 11.835288 1.000000
11.835288 11.835288 11.835288 11.835288 11.835288 11.835288 11.835288 11.835288 11.835288 11.835288 6.040935 171916933468.143402 1029148.179451 11.835288 11.835288 168615.637727 6.040935 7415.794307 11.835288 11.835288 1.000000
11.835288 11.835288 11.835288 11.835288 11.835288 11.835288 11.835288 11.835288 11.835288 11.835288 6.040935 171916933468.143402 1029148.179451 11.835288 11.835288 168615.637727 6.040935 7415.794307 11.835288 11.835288 1.000000
11.835288 11.835288 11.835288 11.835288 11.835288 11.835288 11.835288 11.835288 11.835288 11.835288 6.040935 171916933468.143402 1029148.179451 11.835288 11.835288 168615.637727 6.040935 7415.794307 11.835288 11.835288 1.000000
11.835288 11.835288 11.835288 11.835288 11.835288 11.835288 11.835288 11.835288 11.835288 11.835288 6.040935 171916933468.143402 1029148.179451 11.835288 11.835288 168615.637727 6.040935 7415.794307 11.835288 11.835288 1.000000
11.764930 11.764930 11.764930 11.764930 11.764930 11.764930 11.764930 11.764930 11.764930 3864.565546 6.006454 2438883.576328 818353.531179 11.764930 11.764930 167598.803191 6.006454 9213.841754 11.764930 11.764930 1.000000
11.898548 11.898548 11.898548 11.898548 11.898548 11.898548 11.898548 11.898548 11.898548 11.898548 6.071944 272707660397285.437500 14.835536 11.898548 11.898548 532632149213445.250000 6.071944 6.071944 11.898548 11.898548 1.000000
11.835288 11.835288 11.835288 11.835288 11.835288 11.835288 11.835288 11.835288 11.835288 11.835288 6.040935 171916933468.143402 1029148.179451 11.835288 11.835288 168615.637727 6.040935 7415.794307 11.835288 11.835288 1.000000
11.835288 11.835288 11.835288 11.835288 11.835288 11.835288 11.835288 11.835288 11.835288 11.835288 6.040935 171916933468.143402 1029148.179451 11.835288 11.835288 168615.637727 6.040935 7415.794307 11.835288 11.835288 1.000000
11.835288 11.835288 11.835288 11.835288 11.835288 11.835288 11.835288 11.835288 11.835288 11.835288 6.040935 171916933468.143402 1029148.179451 11.835288 11.835288 168615.637727 6.040935 7415.794307 11.835288 11.835288 1.000000
11.835288 11.835288 11.835288 11.835288 11.835288 11.835288 11.835288 11.835288 11.835288 11.835288 6.040935 171916933468.143402 1029148.179451 11.835288 11.835288 168615.637727 6.040935 7415.794307 11.835288 11.835288 1.000000
11.835288 11.835288 11.835288 11.835288 11.835288 11.835288 11.835288 11.835288 11.835288 11.835288 6.040935 171916933468.143402 1029148.179451 11.835288 11.835288 168615.637727 6.040935 7415.794307 11.835288 11.835288 1.000000
11.835288 11.835288 11.835288 11.835288 11.835288 11.835288 11.835288 11.835288 11.835288 11.835288 6.040935 171916933468.143402 1029148.179451 11.835288 11.835288 168615.637727 6.040935 7415.794307 11.835288 11.835288 1.000000
11.835288 11.835288 11.835288 11.835288 11.835288 11.835288 11.835288 11.835288 11.835288 11.835288 6.040935 171916933468.143402 1029148.179451 11.835288 11.835288 168615.637727 6.040935 7415.794307 11.835288 11.835288 1.000000
11.835288 11.835288 11.835288 11.835288 11.835288 11.835288 11.835288 11.835288 11.835288 11.835288 6.040935 171916933468.143402 1029148.179451 11.835288 11.835288 168615.637727 6.040935 7415.794307 11.835288 11.835288 1.000000
11.844499 11.844499 11.844499 11.844499 11.844499 11.844499 11.844499 11.844499 11.844499 11.844499 6.045449 172052650355.295837 823968.498325 11.844499 11.844499 134998.998773 43.832494 1945.541124 11.844499 11.844499 1.000000
11.835288 11.835288 11.835288 11.835288 11.835288 11.835288 11.835288 11.835288 11.835288 11.835288 6.040935 171916933468.143402 1029148.179451 11.835288 11.835288 168615.637727 6.040935 7415.794307 11.835288 11.835288 1.000000
11.835288 11.835288 11.835288 11.835288 11.835288 11.835288 11.835288 11.835288 11.835288 11.835288 6.040935 171916933468.143402 1029148.179451 11.835288 11.835288 168615.637727 6.040935 7415.794307 11.835288 11.835288 1.000000
11.835288 11.835288 11.835288 11.835288 11.835288 11.835288 11.835288 11.835288 11.835288 11.835288 6.040935 171916933468.143402 1029148.179451 11.835288 11.835288 168615.637727 6.040935 7415.794307 11.835288 11.835288 1.000000
11.837020 11.837020 11.837020 11.837020 11.837020 11.837020 11.837020 11.837020 11.837020 14.758433 6.041784 171942460254.527649 823440.792581 11.837020 11.837020 168640.674326 6.041784 7416.895428 11.837020 11.837020 1.000000
11.835288 11.835288 11.835288 11.835288 11.835288 11.835288 11.835288 11.835288 11.835288 11.835288 6.040935 171916933468.143402 1029148.179451 11.835288 11.835288 168615.637727 6.040935 7415.794307 11.835288 11.835288 1.000000
11.835288 11.835288 11.835288 11.835288 11.835288 11.835288 11.835288 11.835288 11.835288 11.835288 6.040935 171916933468.143402 1029148.179451 11.835288 11.835288 168615.637727 6.040935 7415.794307 11.835288 11.835288 1.000000
11.835288 11.835288 11.835288 11.835288 11.835288 11.835288 11.835288 11.835288 11.835288 11.835288 6.040935 171916933468.143402 1029148.179451 11.835288 11.835288 168615.637727 6.040935 7415.794307 11.835288 11.835288 1.000000
11.835288 11.835288 11.835288 11.835288 11.835288 11.835288 11.835288 11.835288 11.835288 11.835288 6.040935 171916933468.143402 1029148.179451 11.835288 11.835288 168615.637727 6.040935 7415.794307 11.835288 11.835288 1.000000
11.835288 11.835288 11.835288 11.835288 11.835288 11.835288 11.835288 11.835288 11.835288 11.835288 6.040935 171916933468.143402 1029148.179451 11.835288 11.835288 168615.637727 6.040935 7415.794307 11.835288 11.835288 1.000000
11.835288 11.835288 11.835288 11.835288 11.835288 11.835288 11.835288 11.835288 11.835288 11.835288 6.040935 171916933468.143402 1029148.179451 11.835288 11.835288 168615.637727 6.040935 7415.794307 11.835288 11.835288 1.000000
11.835288 11.835288 11.835288 11.835288 11.835288 11.835288 11.835288 11.835288 11.835288 11.835288 6.040935 171916933468.143402 1029148.179451 11.835288 11.835288 168615.637727 6.040935 7415.794307 11.835288 11.835288 1.000000
11.835288 11.835288 11.835288 11.835288 11.835288 11.835288 11.835288 11.835288 11.835288 11.835288 6.040935 171916933468.143402 1029148.179451 11.835288 11.835288 168615.637727 6.040935 7415.794307 11.835288 11.835288 1.000000
11.835288 11.835288 11.835288 11.835288 11.835288 11.835288 11.835288 11.835288 11.835288 11.835288 6.040935 332535711.692070 138129.930501 11.835288 11.835288 168615.637815 6.040935 212822855.482925 11.835288 11.835288 1.000000
11.835216 11.835216 11.835216 11.835216 11.835216 11.835216 11.835216 11.835216 11.835216 11.835216 6.040899 68.412822 18902349650.799950 11.835216 11.835216 1005021.293679 6.040899 9269.685404 11.835216 11.835216 1.000000
11.835216 11.835216 11.835216 11.835216 11.835216 11.835216 11.835216 11.835216 11.835216 11.835216 6.040899 68.412822 18902349650.799950 11.835216 11.835216 1005021.293679 6.040899 9269.685404 11.835216 11.835216 1.000000
11.835216 11.835216 11.835216 11.835216 11.835216 11.835216 11.835216 11.835216 11.835216 11.835216 6.040899 68.412822 18902349650.799950 11.835216 11.835216 1005021.293679 6.040899 9269.685404 11.835216 11.835216 1.000000
11.835216 11.835216 11.835216 11.835216 11.835216 11.835216 11.835216 11.835216 11.835216 11.835216 6.040899 68.412822 18902349650.799950 11.835216 11.835216 1005021.293679 6.040899 9269.685404 11.835216 11.835216 1.000000
11.835216 11.835216 11.835216 11.835216 11.835216 11.835216 11.835216 11.835216 11.835216 11.835216 6.040899 68.412822 18902349650.799950 11.835216 11.835216 1005021.293679 6.040899 9269.685404 11.835216 11.835216 1.000000
11.835216 11.835216 11.835216 11.835216 11.835216 11.835216 11.835216 11.835216 11.835216 11.835216 6.040899 68.412822 18902349650.799950 11.835216 11.835216 1005021.293679 6.040899 9269.685404 11.835216 11.835216 1.000000
11.835216 11.835216 11.835216 11.835216 11.835216 11.835216 11.835216 11.835216 11.835216 11.835216 6.040899 68.412822 18902349650.799950 11.835216 11.835216 1005021.293679 6.040899 9269.685404 11.835216 11.835216 1.000000
11.835216 11.835216 11.835216 11.835216 11.835216 11.835216 11.835216 11.835216 11.835216 11.835216 6.040899 68.412822 18902349650.799950 11.835216 11.835216 1005021.293679 6.040899 9269.685404 11.835216 11.835216 1.000000
11.835216 11.835216 11.835216 11.835216 11.835216 11.835216 11.835216 11.835216 11.835216 11.835216 6.040899 68.412822 18902349650.799950 11.835216 11.835216 1005021.293679 6.040899 9269.685404 11.835216 11.835216 1.000000
11.835216 11.835216 11.835216 11.835216 11.835216 11.835216 11.835216 11.835216 11.835216 11.835216 6.040899 68.412822 18902349650.799950 11.835216 11.835216 1005021.293679 6.040899 9269.685404 11.835216 11.835216 1.000000
11.835216 11.835216 11.835216 11.835216 11.835216 11.835216 11.835216 11.835216 11.835216 11.835216 6.040899 68.412822 18902349650.799950 11.835216 11.835216 1005021.293679 6.040899 9269.685404 11.835216 11.835216 1.000000
11.835216 11.835216 11.835216 11.835216 11.835216 11.835216 11.835216 11.835216 11.835216 11.835216 6.040899 68.412822 18902349650.799950 11.835216 11.835216 1005021.293679 6.040899 9269.685404 11.835216 11.835216 1.000000
11.835216 11.835216 11.835216 11.835216 11.835216 11.835216 11.835216 11.835216 11.835216 11.835216 6.040899 68.412822 18902349650.799950 11.835216 11.835216 1005021.293679 6.040899 9269.685404 11.835216 11.835216 1.000000
11.835216 11.835216 11.835216 11.835216 11.835216 11.835216 11.835216 11.835216 11.835216 11.835216 6.040899 68.412822 18902349650.799950 11.835216 11.835216 1005021.293679 6.040899 9269.685404 11.835216 11.835216 1.000000
11.835216 11.835216 11.835216 11.835216 11.835216 11.835216 11.835216 11.835216 11.835216 11.835216 6.040899 68.412822 18902349650.799950 11.835216 11.835216 1005021.293679 6.040899 9269.685404 11.835216 11.835216 1.000000
11.835216 11.835216 11.835216 11.835216 11.835216 11.835216 11.835216 11.835216 11.835216 11.835216 6.040899 68.412822 18902349650.799950 11.835216 11.835216 1005021.293679 6.040899 9269.685404 11.835216 11.835216 1.000000
11.835216 11.835216 11.835216 11.835216 11.835216 11.835216 11.835216 11.835216 11.835216 11.835216 6.040899 68.412822 18902349650.799950 11.835216 11.835216 1005021.293679 6.040899 9269.685404 11.835216 11.835216 1.000000
11.835216 11.835216 11.835216 11.835216 11.835216 11.835216 11.835216 11.835216 11.835216 11.835216 6.040899 68.412822 18902349650.799950 11.835216 11.835216 1005021.293679 6.040899 9269.685404 11.835216 11.835216 1.000000
11.835216 11.835216 11.835216 11.835216 11.835216 11.835216 11.835216 11.835216 11.835216 11.835216 6.040899 68.412822 18902349650.799950 11.835216 11.835216 1005021.293679 6.040899 9269.685404 11.835216 11.835216 1.000000
11.835216 11.835216 11.835216 11.835216 11.835216 11.835216 11.835216 11.835216 11.835216 11.835216 6.040899 68.412822 18902349650.799950 11.835216 11.835216 1005021.293679 6.040899 9269.685404 11.835216 11.835216 1.000000
11.835216 11.835216 11.835216 11.835216 11.835216 11.835216 11.835216 11.835216 11.835216 11.835216 6.040899 68.412822 18902349650.799950 11.835216 11.835216 1005021.293679 6.040899 9269.685404 11.835216 11.835216 1.000000
11.835216 11.835216 11.835216 11.835216 11.835216 11.835216 11.835216 11.835216 11.835216 11.835216 6.040899 68.412822 18902349650.799950 11.835216 11.835216 1005021.293679 6.040899 9269.685404 11.835216 11.835216 1.000000
11.835216 11.835216 11.835216 11.835216 11.835216 11.835216 11.835216 11.835216 11.835216 11.835216 6.040899 68.412822 18902349650.799950 11.835216 11.835216 1005021.293679 6.040899 9269.685404 11.835216 11.835216 1.000000
11.835216 11.835216 11.835216 11.835216 11.835216 11.835216 11.835216 11.835216 11.835216 11.835216 6.040899 68.412822 18902349650.799950 11.835216 11.835216 1005021.293679 6.040899 9269.685404 11.835216 11.835216 1.000000
11.835216 11.835216 11.835216 11.835216 11.835216 11.835216 11.835216 11.835216 11.835216 11.835216 6.040899 68.412822 18902349650.799950 11.835216 11.835216 1005021.293679 6.040899 9269.685404 11.835216 11.835216 1.000000
11.835216 11.835216 11.835216 11.835216 11.835216 11.835216 11.835216 11.835216 11.835216 11.835216 6.040899 68.412822 18902349650.799950 11.835216 11.835216 1005021.293679 6.040899 9269.685404 11.835216 11.835216 1.000000
11.835216 11.835216 11.835216 11.835216 11.835216 11.835216 11.835216 11.835216 11.835216 11.835216 6.040899 68.412822 18902349650.799950 11.835216 11.835216 1005021.293679 6.040899 9269.685404 11.835216 11.835216 1.000000
11.835216 11.835216 11.835216 11.835216 11.835216 11.835216 11.835216 11.835216 11.835216 11.835216 6.040899 68.412822 18902349650.799950 11.835216 11.835216 1005021.293679 6.040899 9269.685404 11.835216 11.835216 1.000000
11.835216 11.835216 11.835216 11.835216 11.835216 11.835216 11.835216 11.835216 11.835216 11.835216 6.040899 68.412822 18902349650.799950 11.835216 11.835216 1005021.293679 6.040899 9269.685404 11.835216 11.835216 1.000000
11.835216 11.835216 11.835216 11.835216 11.835216 11.835216 11.835216 11.835216 11.835216 11.835216 6.040899 68.412822 18902349650.799950 11.835216 11.835216 1005021.293679 6.040899 9269.685404 11.835216 11.835216 1.000000
11.835216 11.835216 11.835216 11.835216 11.835216 11.835216 11.835216 11.835216 11.835216 11.835216 6.040899 68.412822 18902349650.799950 11.835216 11.835216 1005021.293679 6.040899 9269.685404 11.835216 11.835216 1.000000
11.835216 11.835216 11.835216 11.835216 11.835216 11.835216 11.835216 11.835216 11.835216 11.835216 6.040899 68.412822 18902349650.799950 11.835216 11.835216 1005021.293679 6.040899 9269.685404 11.835216 11.835216 1.000000
11.835216 11.835216 11.835216 11.835216 11.835216 11.835216 11.835216 11.835216 11.835216 11.835216 6.040899 68.412822 18902349650.799950 11.835216 11.835216 1005021.293679 6.040899 9269.685404 11.835216 11.835216 1.000000
11.835216 11.835216 11.835216 11.835216 11.835216 11.835216 11.835216 11.835216 11.835216 11.835216 6.040899 68.412822 18902349650.799950 11.835216 11.835216 1005021.293679 6.040899 9269.685404 11.835216 11.835216 1.000000
11.835216 11.835216 11.835216 11.835216 11.835216 11.835216 11.835216 11.835216 11.835216 11.835216 6.040899 68.412822 18902349650.799950 11.835216 11.835216 1005021.293679 6.040899 9269.685404 11.835216 11.835216 1.000000
11.835216 11.835216 11.835216 11.835216 11.835216 11.835216 11.835216 11.835216 11.835216 11.835216 6.040899 68.412822 18902349650.799950 11.835216 11.835216 1005021.293679 6.040899 9269.685404 11.835216 11.835216 1.000000
11.835216 11.835216 11.835216 11.835216 11.835216 11.835216 11.835216 11.835216 11.835216 11.835216 6.040899 68.412822 18902349650.799950 11.835216 11.835216 1005021.293679 6.040899 9269.685404 11.835216 11.835216 1.000000
11.835216 11.835216 11.835216 11.835216 11.835216 11.835216 11.835216 11.835216 11.835216 11.835216 6.040899 68.412822 18902349650.799950 11.835216 11.835216 1005021.293679 6.040899 9269.685404 11.835216 11.835216 1.000000
11.835216 11.835216 11.835216 11.835216 11.835216 11.835216 11.835216 11.835216 11.835216 11.835216 6.040899 68.412822 18902349650.799950 11.835216 11.835216 1005021.293679 6.040899 9269.685404 11.835216 11.835216 1.000000
11.835216 11.835216 11.835216 11.835216 11.835216 11.835216 11.835216 11.835216 11.835216 11.835216 6.040899 68.412822 18902349650.799950 11.835216 11.835216 1005021.293679 6.040899 9269.685404 11.835216 11.835216 1.000000
11.835216 11.835216 11.835216 11.835216 11.835216 11.835216 11.835216 11.835216 11.835216 11.835216 6.040899 68.412822 18902349650.799950 11.835216 11.835216 1005021.293679 6.040899 9269.685404 11.835216 11.835216 1.000000
11.835216 11.835216 11.835216 11.835216 11.835216 11.835216 11.835216 11.835216 11.835216 11.835216 6.040899 68.412822 18902349650.799950 11.835216 11.835216 1005021.293679 6.040899 9269.685404 11.835216 11.835216 1.000000
11.835216 11.835216 11.835216 11.835216 11.835216 11.835216 11.835216 11.835216 11.835216 11.835216 6.040899 68.412822 18902349650.799950 11.835216 11.835216 1005021.293679 6.040899 9269.685404 11.835216 11.835216 1.000000
11.835216 11.835216 11.835216 11.835216 11.835216 11.835216 11.835216 11.835216 11.835216 11.835216 6.040899 68.412822 18902349650.799950 11.835216 11.835216 1005021.293679 6.040899 9269.685404 11.835216 11.835216 1.000000
11.835216 11.835216 11.835216 11.835216 11.835216 11.835216 11.835216 11.835216 11.835216 11.835216 6.040899 68.412822 18902349650.799950 11.835216 11.835216 1005021.293679 6.040899 9269.685404 11.835216 11.835216 1.000000
11.835216 11.835216 11.835216 11.835216 11.835216 11.835216 11.835216 11.835216 11.835216 11.835216 6.040899 68.412822 18902349650.799950 11.835216 11.835216 1005021.293679 6.040899 9269.685404 11.835216 11.835216 1.000000
11.835216 11.835216 11.835216 11.835216 11.835216 11.835216 11.835216 11.835216 11.835216 11.835216 6.040899 68.412822 18902349650.799950 11.835216 11.835216 1005021.293679 6.040899 9269.685404 11.835216 11.835216 1.000000
11.835216 11.835216 11.835216 11.835216 11.835216 11.835216 11.835216 11.835216 11.835216 11.835216 6.040899 68.412822 18902349650.799950 11.835216 11.835216 1005021.293679 6.040899 9269.685404 11.835216 11.835216 1.000000
11.835216 11.835216 11.835216 11.835216 11.835216 11.835216 11.835216 11.835216 11.835216 11.835216 6.040899 68.412822 18902349650.799950 11.835216 11.835216 1005021.293679 6.040899 9269.685404 11.835216 11.835216 1.000000
11.835216 11.835216 11.835216 11.835216 11.835216 11.835216 11.835216 11.835216 11.835216 11.835216 6.040899 68.412822 18902349650.799950 11.835216 11.835216 1005021.293679 6.040899 9269.685404 11.835216 11.835216 1.000000
11.835216 11.835216 11.835216 11.835216 11.835216 11.835216 11.835216 11.835216 11.835216 11.835216 6.040899 68.412822 18902349650.799950 11.835216 11.835216 1005021.293679 6.040899 9269.685404 11.835216 11.835216 1.000000
11.835216 11.835216 11.835216 11.835216 11.835216 11.835216 11.835216 11.835216 11.835216 11.835216 6.040899 68.412822 18902349650.799950 11.835216 11.835216 1005021.293679 6.040899 9269.685404 11.835216 11.835216 1.000000
11.835216 11.835216 11.835216 11.835216 11.835216 11.835216 11.835216 11.835216 11.835216 11.835216 6.040899 68.412822 18902349650.799950 11.835216 11.835216 1005021.293679 6.040899 9269.685404 11.835216 11.835216 1.000000
11.835216 11.835216 11.835216 11.835216 11.835216 11.835216 11.835216 11.835216 11.835216 11.835216 6.040899 68.412822 18902349650.799950 11.835216 11.835216 1005021.293679 6.040899 9269.685404 11.835216 11.835216 1.000000
11.835216 11.835216 11.835216 11.835216 11.835216 11.835216 11.835216 11.835216 11.835216 11.835216 6.040899 68.412822 18902349650.799950 11.835216 11.835216 1005021.293679 6.040899 9269.685404 11.835216 11.835216 1.000000
11.835216 11.835216 11.835216 11.835216 11.835216 11.835216 11.835216 11.835216 11.835216 11.835216 6.040899 68.412822 18902349650.799950 11.835216 11.835216 1005021.293679 6.040899 9269.685404 11.835216 11.835216 1.000000
11.835216 11.835216 11.835216 11.835216 11.835216 11.835216 11.835216 11.835216 11.835216 11.835216 6.040899 68.412822 18902349650.799950 11.835216 11.835216 1005021.293679 6.040899 9269.685404 11.835216 11.835216 1.000000
11.835216 11.835216 11.835216 11.835216 11.835216 11.835216 11.835216 11.835216 11.835216 11.835216 6.040899 68.412822 18902349650.799950 11.835216 11.835216 1005021.293679 6.040899 9269.685404 11.835216 11.835216 1.000000
11.835216 11.835216 11.835216 11.835216 11.835216 11.835216 11.835216 11.835216 11.835216 11.835216 6.040899 68.412822 18902349650.799950 11.835216 11.835216 1005021.293679 6.040899 9269.685404 11.835216 11.835216 1.000000
11.835216 11.835216 11.835216 11.835216 11.835216 11.835216 11.835216 11.835216 11.835216 11.835216 6.040899 68.412822 18902349650.799950 11.835216 11.835216 1005021.293679 6.040899 9269.685404 11.835216 11.835216 1.000000
11.835216 11.835216 11.835216 11.835216 11.835216 11.835216 11.835216 11.835216 11.835216 11.835216 6.040899 68.412822 18902349650.799950 11.835216 11.835216 1005021.293679 6.040899 9269.685404 11.835216 11.835216 1.000000
11.835216 11.835216 11.835216 11.835216 11.835216 11.835216 11.835216 11.835216 11.835216 11.835216 6.040899 68.412822 18902349650.799950 11.835216 11.835216 1005021.293679 6.040899 9269.685404 11.835216 11.835216 1.000000
11.835216 11.835216 11.835216 11.835216 11.835216 11.835216 11.835216 11.835216 11.835216 11.835216 6.040899 68.412822 18902349650.799950 11.835216 11.835216 1005021.293679 6.040899 9269.685404 11.835216 11.835216 1.000000
11.835216 11.835216 11.835216 11.835216 11.835216 11.835216 11.835216 11.835216 11.835216 11.835216 6.040899 68.412822 18902349650.799950 11.835216 11.835216 1005021.293679 6.040899 9269.685404 11.835216 11.835216 1.000000
11.835216 11.835216 11.835216 11.835216 11.835216 11.835216 11.835216 11.835216 11.835216 11.835216 6.040899 68.412822 18902349650.799950 11.835216 11.835216 1005021.293679 6.040899 9269.685404 11.835216 11.835216 1.000000
11.835216 11.835216 11.835216 11.835216 11.835216 11.835216 11.835216 11.835216 11.835216 11.835216 6.040899 68.412822 18902349650.799950 11.835216 11.835216 1005021.293679 6.040899 9269.685404 11.835216 11.835216 1.000000
11.835216 11.835216 11.835216 11.835216 11.835216 11.835216 11.835216 11.835216 11.835216 11.835216 6.040899 68.412822 18902349650.799950 11.835216 11.835216 1005021.293679 6.040899 9269.685404 11.835216 11.835216 1.000000
11.835216 11.835216 11.835216 11.835216 11.835216 11.835216 11.835216 11.835216 11.835216 11.835216 6.040899 68.412822 18902349650.799950 11.835216 11.835216 1005021.293679 6.040899 9269.685404 11.835216 11.835216 1.000000
11.835216 11.835216 11.835216 11.835216 11.835216 11.835216 11.835216 11.835216 11.835216 11.835216 6.040899 68.412822 18902349650.799950 11.835216 11.835216 1005021.293679 6.040899 9269.685404 11.835216 11.835216 1.000000
11.835216 11.835216 11.835216 11.835216 11.835216 11.835216 11.835216 11.835216 11.835216 11.835216 6.040899 68.412822 18902349650.799950 11.835216 11.835216 1005021.293679 6.040899 9269.685404 11.835216 11.835216 1.000000
11.835216 11.835216 11.835216 11.835216 11.835216 11.835216 11.835216 11.835216 11.835216 11.835216 6.040899 68.412822 18902349650.799950 11.835216 11.835216 1005021.293679 6.040899 9269.685404 11.835216 11.835216 1.000000
11.835216 11.835216 11.835216 11.835216 11.835216 11.835216 11.835216 11.835216 11.835216 11.835216 6.040899 68.412822 18902349650.799950 11.835216 11.835216 1005021.293679 6.040899 9269.685404 11.835216 11.835216 1.000000
11.835216 11.835216 11.835216 11.835216 11.835216 11.835216 11.835216 11.835216 11.835216 11.835216 6.040899 68.412822 18902349650.799950 11.835216 11.835216 1005021.293679 6.040899 9269.685404 11.835216 11.835216 1.000000
11.835216 11.835216 11.835216 11.835216 11.835216 11.835216 11.835216 11.835216 11.835216 11.835216 6.040899 68.412822 18902349650.799950 11.835216 11.835216 1005021.293679 6.040899 9269.685404 11.835216 11.835216 1.000000
11.835216 11.835216 11.835216 11.835216 11.835216 11.835216 11.835216 11.835216 11.835216 11.835216 6.040899 68.412822 18902349650.799950 11.835216 11.835216 1005021.293679 6.040899 9269.685404 11.835216 11.835216 1.000000
11.835216 11.835216 11.835216 11.835216 11.835216 11.835216 11.835216 11.835216 11.835216 11.835216 6.040899 68.412822 18902349650.799950 11.835216 11.835216 1005021.293679 6.040899 9269.685404 11.835216 11.835216 1.000000
11.835216 11.835216 11.835216 11.835216 11.835216 11.835216 11.835216 11.835216 11.835216 11.835216 6.040899 68.412822 18902349650.799950 11.835216 11.835216 1005021.293679 6.040899 9269.685404 11.835216 11.835216 1.000000
11.835216 11.835216 11.835216 11.835216 11.835216 11.835216 11.835216 11.835216 11.835216 11.835216 6.040899 68.412822 18902349650.799950 11.835216 11.835216 1005021.293679 6.040899 9269.685404 11.835216 11.835216 1.000000
11.835216 11.835216 11.835216 11.835216 11.835216 11.835216 11.835216 11.835216 11.835216 11.835216 6.040899 68.412822 18902349650.799950 11.835216 11.835216 1005021.293679 6.040899 9269.685404 11.835216 11.835216 1.000000
11.835216 11.835216 11.835216 11.835216 11.835216 11.835216 11.835216 11.835216 11.835216 11.835216 6.040899 68.412822 18902349650.799950 11.835216 11.835216 1005021.293679 6.040899 9269.685404 11.835216 11.835216 1.000000
11.835216 11.835216 11.835216 11.835216 11.835216 11.835216 11.835216 11.835216 11.835216 11.835216 6.040899 68.412822 18902349650.799950 11.835216 11.835216 1005021.293679 6.040899 9269.685404 11.835216 11.835216 1.000000
11.835216 11.835216 11.835216 11.835216 11.835216 11.835216 11.835216 11.835216 11.835216 11.835216 6.040899 68.412822 18902349650.799950 11.835216 11.835216 1005021.293679 6.040899 9269.685404 11.835216 11.835216 1.000000
11.835216 11.835216 11.835216 11.835216 11.835216 11.835216 11.835216 11.835216 11.835216 11.835216 6.040899 68.412822 18902349650.799950 11.835216 11.835216 1005021.293679 6.040899 9269.685404 11.835216 11.835216 1.000000
11.835216 11.835216 11.835216 11.835216 11.835216 11.835216 11.835216 11.835216 11.835216 11.835216 6.040899 68.412822 18902349650.799950 11.835216 11.835216 1005021.293679 6.040899 9269.685404 11.835216 11.835216 1.000000
11.835216 11.835216 11.835216 11.835216 11.835216 11.835216 11.835216 11.835216 11.835216 11.835216 6.040899 68.412822 18902349650.799950 11.835216 11.835216 1005021.293679 6.040899 9269.685404 11.835216 11.835216 1.000000
11.835216 11.835216 11.835216 11.835216 11.835216 11.835216 11.835216 11.835216 11.835216 11.835216 6.040899 68.412822 18902349650.799950 11.835216 11.835216 1005021.293679 6.040899 9269.685404 11.835216 11.835216 1.000000
11.835216 11.835216 11.835216 11.835216 11.835216 11.835216 11.835216 11.835216 11.835216 11.835216 6.040899 68.412822 18902349650.799950 11.835216 11.835216 1005021.293679 6.040899 9269.685404 11.835216 11.835216 1.000000
11.835216 11.835216 11.835216 11.835216 11.835216 11.835216 11.835216 11.835216 11.835216 11.835216 6.040899 68.412822 18902349650.799950 11.835216 11.835216 1005021.293679 6.040899 9269.685404 11.835216 11.835216 1.000000
11.835216 11.835216 11.835216 11.835216 11.835216 11.835216 11.835216 11.835216 11.835216 11.835216 6.040899 68.412822 18902349650.799950 11.835216 11.835216 1005021.293679 6.040899 9269.685404 11.835216 11.835216 1.000000
11.835216 11.835216 11.835216 11.835216 11.835216 11.835216 11.835216 11.835216 11.835216 11.835216 6.040899 68.412822 18902349650.799950 11.835216 11.835216 1005021.293679 6.040899 9269.685404 11.835216 11.835216 1.000000
11.835216 11.835216 11.835216 11.835216 11.835216 11.835216 11.835216 11.835216 11.835216 11.835216 6.040899 68.412822 18902349650.799950 11.835216 11.835216 1005021.293679 6.040899 9269.685404 11.835216 11.835216 1.000000
11.835216 11.835216 11.835216 11.835216 11.835216 11.835216 11.835216 11.835216 11.835216 11.835216 6.040899 68.412822 18902349650.799950 11.835216 11.835216 1005021.293679 6.040899 9269.685404 11.835216 11.835216 1.000000
11.835216 11.835216 11.835216 11.835216 11.835216 11.835216 11.835216 11.835216 11.835216 11.835216 6.040899 68.412822 18902349650.799950 11.835216 11.835216 1005021.293679 6.040899 9269.685404 11.835216 11.835216 1.000000
11.835216 11.835216 11.835216 11.835216 11.835216 11.835216 11.835216 11.835216 11.835216 11.835216 6.040899 68.412822 18902349650.799950 11.835216 11.835216 1005021.293679 6.040899 9269.685404 11.835216 11.835216 1.000000
11.835216 11.835216 11.835216 11.835216 11.835216 11.835216 11.835216 11.835216 11.835216 11.835216 6.040899 68.412822 18902349650.799950 11.835216 11.835216 1005021.293679 6.040899 9269.685404 11.835216 11.835216 1.000000
11.835216 11.835216 11.835216 11.835216 11.835216 11.835216 11.835216 11.835216 11.835216 11.835216 6.040899 68.412822 18902349650.799950 11.835216 11.835216 1005021.293679 6.040899 9269.685404 11.835216 11.835216 1.000000
11.835216 11.835216 11.835216 11.835216 11.835216 11.835216 11.835216 11.835216 11.835216 11.835216 6.040899 68.412822 18902349650.799950 11.835216 11.835216 1005021.293679 6.040899 9269.685404 11.835216 11.835216 1.000000
11.835216 11.835216 11.835216 11.835216 11.835216 11.835216 11.835216 11.835216 11.835216 11.835216 6.040899 68.412822 18902349650.799950 11.835216 11.835216 1005021.293679 6.040899 9269.685404 11.835216 11.835216 1.000000
11.835216 11.835216 11.835216 11.835216 11.835216 11.835216 11.835216 11.835216 11.835216 11.835216 6.040899 68.412822 18902349650.799950 11.835216 11.835216 1005021.293679 6.040899 9269.685404 11.835216 11.835216 1.000000
11.835216 11.835216 11.835216 11.835216 11.835216 11.835216 11.835216 11.835216 11.835216 11.835216 6.040899 68.412822 18902349650.799950 11.835216 11.835216 1005021.293679 6.040899 9269.685404 11.835216 11.835216 1.000000
