0.000000 0.000000 0.000000 0.000000 0.000000 0.000000 0.000000 0.000000 0.000000 0.000000 0.000000 0.000000 0.000000 0.000000 0.000000 0.000000 0.000000 0.000000 0.000000 0.000000 0.000000
0.084178 0.084178 0.084178 0.084178 0.084178 0.084178 0.084178 0.084178 0.000626 0.003729 0.014562 0.055390 0.000400 0.009102 0.017774 0.000005 0.069119 0.003818 0.022213 0.001222 1.000000
0.084170 0.084170 0.084170 0.084170 0.084170 0.084170 0.084170 0.084170 0.000625 0.007281 0.035511 0.028421 0.000400 0.034680 0.009101 0.000004 0.011649 0.035511 0.011376 0.000500 1.000000
0.084164 0.084164 0.084164 0.084164 0.084164 0.084164 0.084164 0.084164 0.000782 0.005825 0.018197 0.035508 0.000500 0.011375 0.014218 0.000007 0.022742 0.001564 0.022209 0.001222 1.000000
0.084186 0.084186 0.084186 0.084186 0.084186 0.084186 0.084186 0.084186 0.001909 0.003729 0.086177 0.069126 0.000131 0.009103 0.009103 0.000006 0.011651 0.009322 0.014222 0.001909 1.000000
0.084169 0.084169 0.084169 0.084169 0.084169 0.084169 0.084169 0.084169 0.000500 0.004660 0.022743 0.055384 0.000625 0.011376 0.017772 0.000003 0.028421 0.022743 0.005825 0.001527 1.000000
0.084186 0.084186 0.084186 0.084186 0.084186 0.084186 0.084186 0.084186 0.000320 0.003729 0.014563 0.055396 0.000256 0.043329 0.027762 0.000002 0.022748 0.055396 0.022215 0.000400 1.000000
0.084173 0.084173 0.084173 0.084173 0.084173 0.084173 0.084173 0.084173 0.001222 0.007282 0.022745 0.069115 0.000500 0.022212 0.009102 0.000005 0.035512 0.001564 0.002983 0.002386 1.000000
0.084184 0.084184 0.084184 0.084184 0.084184 0.084184 0.084184 0.084184 0.000626 0.004661 0.009321 0.022748 0.000256 0.011378 0.017775 0.000001 0.055394 0.044364 0.054104 0.000782 1.000000
0.084164 0.084164 0.084164 0.084164 0.084164 0.084164 0.084164 0.084164 0.001527 0.003728 0.009319 0.022742 0.000500 0.027754 0.011375 0.000006 0.035508 0.003817 0.009101 0.001222 1.000000
0.084165 0.084165 0.084165 0.084165 0.084165 0.084165 0.084165 0.084165 0.000625 0.009101 0.028420 0.018197 0.000500 0.017771 0.014218 0.000003 0.028420 0.035509 0.007281 0.000625 1.000000
0.084721 0.084721 0.084721 0.084721 0.084721 0.084721 0.084721 0.084721 0.000322 0.003753 0.022894 0.055750 0.000322 0.017890 0.011452 0.000002 0.009382 0.069567 0.043608 0.000787 1.000000
0.084190 0.084190 0.084190 0.084190 0.084190 0.084190 0.084190 0.084190 0.000400 0.003729 0.035519 0.035519 0.000164 0.034689 0.027763 0.000002 0.086181 0.022749 0.014223 0.000626 1.000000
0.084173 0.084173 0.084173 0.084173 0.084173 0.084173 0.084173 0.084173 0.000782 0.005825 0.044358 0.009320 0.000320 0.005825 0.027757 0.000002 0.018199 0.055387 0.014220 0.001222 1.000000
0.084177 0.084177 0.084177 0.084177 0.084177 0.084177 0.084177 0.084177 0.000782 0.002983 0.018200 0.018200 0.000320 0.017774 0.022213 0.000001 0.069118 0.035513 0.022213 0.000782 1.000000
0.084177 0.084177 0.084177 0.084177 0.084177 0.084177 0.084177 0.084177 0.000320 0.005826 0.069118 0.035513 0.000320 0.022213 0.009102 0.000004 0.011650 0.035513 0.017774 0.000977 1.000000
0.084173 0.084173 0.084173 0.084173 0.084173 0.084173 0.084173 0.084173 0.000256 0.009102 0.022744 0.069115 0.000400 0.007282 0.017773 0.000006 0.009320 0.018199 0.022212 0.001222 1.000000
0.084168 0.084168 0.084168 0.084168 0.084168 0.084168 0.084168 0.084168 0.000782 0.009101 0.044356 0.028421 0.000625 0.017772 0.014219 0.000002 0.022743 0.028421 0.009101 0.000320 1.000000
0.084182 0.084182 0.084182 0.084182 0.084182 0.084182 0.084182 0.084182 0.000782 0.007282 0.086173 0.055393 0.000500 0.009103 0.014221 0.000006 0.002444 0.009321 0.009103 0.001527 1.000000
0.084178 0.084178 0.084178 0.084178 0.084178 0.084178 0.084178 0.084178 0.000626 0.005826 0.035514 0.035514 0.000320 0.027759 0.017774 0.000003 0.005966 0.069119 0.004661 0.001222 1.000000
0.084176 0.084176 0.084176 0.084176 0.084176 0.084176 0.084176 0.084176 0.000500 0.007282 0.018200 0.069117 0.000205 0.022213 0.017773 0.000003 0.022745 0.028423 0.017773 0.000500 1.000000
0.084182 0.084182 0.084182 0.084182 0.084182 0.084182 0.084182 0.084182 0.000320 0.005826 0.055393 0.055393 0.000320 0.009103 0.017775 0.000002 0.022747 0.055393 0.022214 0.000782 1.000000
0.084185 0.084185 0.084185 0.084185 0.084185 0.084185 0.084185 0.084185 0.000626 0.003729 0.035517 0.055395 0.000500 0.011378 0.043329 0.000001 0.035517 0.055395 0.005826 0.000626 1.000000
0.084709 0.084709 0.084709 0.084709 0.084709 0.084709 0.084709 0.084709 0.000504 0.005863 0.022891 0.055742 0.000403 0.022355 0.011450 0.000001 0.044644 0.035741 0.009161 0.000984 1.000000
0.084171 0.084171 0.084171 0.084171 0.084171 0.084171 0.084171 0.084171 0.000626 0.009101 0.028421 0.014560 0.000320 0.009101 0.009101 0.000001 0.022744 0.055385 0.027756 0.001222 1.000000
0.084185 0.084185 0.084185 0.084185 0.084185 0.084185 0.084185 0.084185 0.000500 0.005826 0.069125 0.028427 0.000400 0.027761 0.017775 0.000003 0.069125 0.009322 0.007283 0.000500 1.000000
0.084289 0.084289 0.084289 0.084289 0.084289 0.084289 0.084289 0.084289 0.084289 0.000257 0.069211 0.069211 0.000979 0.084289 0.000164 0.000000 0.133410 0.011666 0.003734 0.002389 1.000000
0.084266 0.084266 0.084266 0.084266 0.084266 0.084266 0.084266 0.084266 0.000256 0.002389 0.107379 0.007465 0.000105 0.043371 0.067585 0.000001 0.035551 0.107379 0.067585 0.000256 1.000000
0.084227 0.084227 0.084227 0.084227 0.084227 0.084227 0.084227 0.084227 0.000501 0.009108 0.055423 0.069160 0.000018 0.017784 0.009108 0.000001 0.133314 0.035535 0.034704 0.002985 1.000000
0.084257 0.084257 0.084257 0.084257 0.084257 0.084257 0.084257 0.084257 0.000084 0.000256 0.107368 0.086249 0.000028 0.027785 0.043366 0.000003 0.055442 0.005971 0.022234 0.084257 1.000000
0.084211 0.084211 0.084211 0.084211 0.084211 0.084211 0.084211 0.084211 0.001222 0.007285 0.069146 0.107310 0.000164 0.054121 0.022222 0.000006 0.014568 0.000262 0.002984 0.001910 1.000000
0.084209 0.084209 0.084209 0.084209 0.084209 0.084209 0.084209 0.084209 0.000084 0.034696 0.055411 0.069144 0.000034 0.043341 0.022222 0.000001 0.055411 0.028435 0.043341 0.000401 1.000000
0.084254 0.084254 0.084254 0.084254 0.084254 0.084254 0.084254 0.084254 0.000164 0.003732 0.086246 0.133355 0.000205 0.014234 0.043365 0.000001 0.086246 0.044401 0.034715 0.000321 1.000000
0.084211 0.084211 0.084211 0.084211 0.084211 0.084211 0.084211 0.084211 0.000501 0.001528 0.055412 0.069146 0.000084 0.014226 0.027770 0.000001 0.107310 0.035528 0.022222 0.002387 1.000000
0.084289 0.084289 0.084289 0.084289 0.084289 0.084289 0.084289 0.084289 0.000131 0.002389 0.165154 0.055464 0.000131 0.084289 0.027796 0.000001 0.035561 0.069211 0.043383 0.000257 1.000000
0.084290 0.084290 0.084290 0.084290 0.084290 0.084290 0.084290 0.084290 0.000205 0.001529 0.069212 0.086284 0.000067 0.034730 0.043384 0.000000 0.069212 0.165156 0.054172 0.000626 1.000000
0.084209 0.084209 0.084209 0.084209 0.084209 0.084209 0.084209 0.084209 0.000256 0.004662 0.055411 0.086200 0.000256 0.022221 0.034696 0.000001 0.086200 0.028435 0.014226 0.000401 1.000000
0.084270 0.084270 0.084270 0.084270 0.084270 0.084270 0.084270 0.084270 0.022238 0.000084 0.086263 0.035553 0.000028 0.067588 0.067588 0.000001 0.035553 0.069195 0.084270 0.000084 1.000000
0.084317 0.084317 0.084317 0.084317 0.084317 0.084317 0.084317 0.084317 0.000205 0.004668 0.133453 0.133453 0.000011 0.034741 0.027805 0.000001 0.133453 0.028472 0.067626 0.000979 1.000000
0.084259 0.084259 0.084259 0.084259 0.084259 0.084259 0.084259 0.084259 0.000131 0.002389 0.086252 0.086252 0.000164 0.043367 0.043367 0.000001 0.133363 0.028452 0.034717 0.000321 1.000000
0.084212 0.084212 0.084212 0.084212 0.084212 0.084212 0.084212 0.084212 0.000205 0.001910 0.069147 0.055413 0.000131 0.043343 0.034698 0.000001 0.055413 0.055413 0.043343 0.000501 1.000000
0.084199 0.084199 0.084199 0.084199 0.084199 0.084199 0.084199 0.084199 0.000501 0.004662 0.055404 0.086190 0.000320 0.014224 0.054113 0.000006 0.014565 0.000410 0.027766 0.000626 1.000000
0.084199 0.084199 0.084199 0.084199 0.084199 0.084199 0.084199 0.084199 0.000400 0.007284 0.044372 0.035523 0.000320 0.022219 0.002984 0.000001 0.107295 0.018205 0.034692 0.000978 1.000000
0.084211 0.084211 0.084211 0.084211 0.084211 0.084211 0.084211 0.084211 0.000401 0.003730 0.069147 0.086203 0.000105 0.027770 0.054121 0.000006 0.018207 0.000410 0.043343 0.000782 1.000000
0.084238 0.084238 0.084238 0.084238 0.084238 0.084238 0.084238 0.084238 0.000205 0.001528 0.044393 0.133332 0.000131 0.054139 0.034709 0.000004 0.055430 0.004776 0.043357 0.000501 1.000000
0.084255 0.084255 0.084255 0.084255 0.084255 0.084255 0.084255 0.084255 0.000131 0.001911 0.133358 0.086248 0.000131 0.043365 0.043365 0.000002 0.055441 0.014575 0.054150 0.000321 1.000000
0.084261 0.084261 0.084261 0.084261 0.084261 0.084261 0.084261 0.084261 0.000131 0.002986 0.086254 0.133367 0.000131 0.034718 0.027787 0.000001 0.086254 0.044405 0.054154 0.000321 1.000000
0.084212 0.084212 0.084212 0.084212 0.084212 0.084212 0.084212 0.084212 0.027770 0.000256 0.044379 0.069147 0.000043 0.054121 0.043343 0.000007 0.002445 0.003056 0.054121 0.000256 1.000000
0.084217 0.084217 0.084217 0.084217 0.084217 0.084217 0.084217 0.084217 0.000501 0.003730 0.086209 0.086209 0.000205 0.022224 0.054125 0.000007 0.000086 0.022757 0.043345 0.000626 1.000000
0.084246 0.084246 0.084246 0.084246 0.084246 0.084246 0.084246 0.084246 0.000164 0.002985 0.069175 0.069175 0.000131 0.054144 0.034712 0.000001 0.133343 0.028447 0.027782 0.000401 1.000000
0.084268 0.084268 0.084268 0.084268 0.084268 0.084268 0.084268 0.084268 0.000164 0.003733 0.133378 0.055450 0.000164 0.027789 0.027789 0.000000 0.133378 0.055450 0.034721 0.000401 1.000000
0.084358 0.084358 0.084358 0.084358 0.084358 0.084358 0.084358 0.084358 0.000043 0.000131 0.107495 0.086353 0.000011 0.043419 0.054216 0.000003 0.003061 0.165283 0.084358 0.084358 1.000000
0.084340 0.084340 0.084340 0.084340 0.084340 0.084340 0.084340 0.084340 0.000321 0.001224 0.107472 0.055497 0.000001 0.034751 0.067644 0.000007 0.165249 0.000135 0.067644 0.084340 1.000000
0.084354 0.084354 0.084354 0.084354 0.084354 0.084354 0.084354 0.084354 0.000980 0.000022 0.086349 0.133511 0.000004 0.084354 0.084354 0.000000 0.133511 0.035589 0.067656 0.022260 1.000000
0.084332 0.084332 0.084332 0.084332 0.084332 0.084332 0.084332 0.084332 0.084332 0.000164 0.069246 0.165234 0.000001 0.067638 0.017807 0.000000 0.107462 0.009338 0.054199 0.003735 1.000000
0.084347 0.084347 0.084347 0.084347 0.084347 0.084347 0.084347 0.084347 0.000105 0.001913 0.044451 0.133500 0.000084 0.067650 0.084347 0.000001 0.165262 0.014591 0.067650 0.000205 1.000000
0.084307 0.084307 0.084307 0.084307 0.084307 0.084307 0.084307 0.084307 0.000257 0.001224 0.165187 0.107431 0.000002 0.027802 0.027802 0.000007 0.035569 0.000802 0.054183 0.084307 1.000000
0.084278 0.084278 0.084278 0.084278 0.084278 0.084278 0.084278 0.084278 0.000205 0.005833 0.055457 0.107395 0.000401 0.067595 0.067595 0.000000 0.086271 0.044414 0.067595 0.000009 1.000000
0.084337 0.084337 0.084337 0.084337 0.084337 0.084337 0.084337 0.084337 0.000011 0.003736 0.107469 0.107469 0.000002 0.067642 0.043408 0.000000 0.165244 0.028479 0.054203 0.054203 1.000000
0.084309 0.084309 0.084309 0.084309 0.084309 0.084309 0.084309 0.084309 0.000043 0.084309 0.107433 0.069227 0.000000 0.034738 0.017802 0.000000 0.133441 0.035570 0.067619 0.034738 1.000000
0.084283 0.084283 0.084283 0.084283 0.084283 0.084283 0.084283 0.084283 0.001529 0.000401 0.069205 0.107401 0.000034 0.067598 0.022241 0.000007 0.133400 0.000055 0.067598 0.002987 1.000000
0.084315 0.084315 0.084315 0.084315 0.084315 0.084315 0.084315 0.084315 0.084315 0.000043 0.107441 0.086309 0.000028 0.054188 0.054188 0.000000 0.133450 0.009336 0.043396 0.000164 1.000000
0.084327 0.084327 0.084327 0.084327 0.084327 0.084327 0.084327 0.084327 0.000043 0.000205 0.086321 0.133469 0.000011 0.034746 0.054196 0.000001 0.014588 0.133469 0.054196 0.084327 1.000000
0.084337 0.084337 0.084337 0.084337 0.084337 0.084337 0.084337 0.084337 0.000054 0.000205 0.133485 0.086332 0.000014 0.054203 0.054203 0.000000 0.165244 0.028479 0.067642 0.027812 1.000000
0.084371 0.084371 0.084371 0.084371 0.084371 0.084371 0.084371 0.084371 0.027823 0.000164 0.165307 0.133537 0.000014 0.043426 0.054225 0.000007 0.165307 0.000055 0.054225 0.000401 1.000000
0.084313 0.084313 0.084313 0.084313 0.084313 0.084313 0.084313 0.084313 0.000501 0.084313 0.035572 0.165199 0.000000 0.034740 0.054187 0.000006 0.022783 0.000329 0.084313 0.004668 1.000000
0.084260 0.084260 0.084260 0.084260 0.084260 0.084260 0.084260 0.084260 0.001529 0.000501 0.107372 0.086253 0.000014 0.067580 0.043368 0.000007 0.000108 0.055445 0.067580 0.002986 1.000000
0.084323 0.084323 0.084323 0.084323 0.084323 0.084323 0.084323 0.084323 0.000105 0.001912 0.086318 0.165218 0.000131 0.043401 0.067631 0.000000 0.133463 0.028474 0.043401 0.000257 1.000000
0.084304 0.084304 0.084304 0.084304 0.084304 0.084304 0.084304 0.084304 0.000205 0.002390 0.133433 0.133433 0.000105 0.054181 0.054181 0.000006 0.022780 0.000411 0.084304 0.000321 1.000000
0.084310 0.084310 0.084310 0.084310 0.084310 0.084310 0.084310 0.084310 0.000018 0.084310 0.086304 0.086304 0.000005 0.043394 0.067620 0.000000 0.107434 0.044431 0.067620 0.000783 1.000000
0.084383 0.084383 0.084383 0.084383 0.084383 0.084383 0.084383 0.084383 0.000205 0.000502 0.133555 0.086378 0.000067 0.054232 0.067679 0.000000 0.133555 0.165330 0.067679 0.000502 1.000000
0.084374 0.084374 0.084374 0.084374 0.084374 0.084374 0.084374 0.084374 0.000014 0.084374 0.133541 0.165313 0.000034 0.043427 0.054227 0.000000 0.107515 0.035598 0.067672 0.000105 1.000000
0.084862 0.084862 0.084862 0.084862 0.084862 0.084862 0.084862 0.084862 0.000085 0.001232 0.166231 0.134297 0.000106 0.068065 0.043681 0.000001 0.086868 0.035806 0.043681 0.000404 1.000000
0.084335 0.084335 0.084335 0.084335 0.084335 0.084335 0.084335 0.084335 0.000105 0.001913 0.165240 0.086330 0.000054 0.067641 0.067641 0.000000 0.107467 0.035581 0.067641 0.000257 1.000000
0.084327 0.084327 0.084327 0.084327 0.084327 0.084327 0.084327 0.084327 0.054196 0.000131 0.086322 0.107457 0.000001 0.084327 0.067634 0.000002 0.133469 0.001958 0.054196 0.001530 1.000000
0.084280 0.084280 0.084280 0.084280 0.084280 0.084280 0.084280 0.084280 0.000257 0.001911 0.107397 0.107397 0.000131 0.084280 0.067596 0.000007 0.000108 0.044415 0.043378 0.000401 1.000000
0.084421 0.084421 0.084421 0.084421 0.084421 0.084421 0.084421 0.084421 0.000028 0.000105 0.165403 0.107576 0.000009 0.054257 0.084421 0.000000 0.165403 0.028507 0.067710 0.084421 1.000000
0.084365 0.084365 0.084365 0.084365 0.084365 0.084365 0.084365 0.084365 0.000257 0.084365 0.133528 0.165296 0.000000 0.067665 0.084365 0.000006 0.028488 0.000411 0.043423 0.004671 1.000000
0.084390 0.084390 0.084390 0.084390 0.084390 0.084390 0.084390 0.084390 0.007301 0.000321 0.133566 0.133566 0.000000 0.084390 0.084390 0.000005 0.165343 0.001003 0.054237 0.002990 1.000000
0.084456 0.084456 0.084456 0.084456 0.084456 0.084456 0.084456 0.084456 0.000001 0.084456 0.133668 0.165467 0.000000 0.067738 0.084456 0.000000 0.133668 0.028519 0.067738 0.084456 1.000000
0.084407 0.084407 0.084407 0.084407 0.084407 0.084407 0.084407 0.084407 0.000321 0.084407 0.133592 0.133592 0.000000 0.043444 0.067698 0.000007 0.165375 0.000069 0.084407 0.009127 1.000000
0.084411 0.084411 0.084411 0.084411 0.084411 0.084411 0.084411 0.084411 0.084411 0.084411 0.133599 0.107562 0.000000 0.084411 0.067702 0.000002 0.000044 0.044485 0.067702 0.084411 1.000000
0.084367 0.084367 0.084367 0.084367 0.084367 0.084367 0.084367 0.084367 0.001225 0.017814 0.133531 0.133531 0.000000 0.054222 0.067666 0.000007 0.165301 0.000044 0.067666 0.014253 1.000000
0.084390 0.084390 0.084390 0.084390 0.084390 0.084390 0.084390 0.084390 0.084390 0.000005 0.165344 0.107536 0.000001 0.054237 0.084390 0.000006 0.000108 0.035605 0.067685 0.084390 1.000000
0.084435 0.084435 0.084435 0.084435 0.084435 0.084435 0.084435 0.084435 0.084435 0.000043 0.165428 0.133636 0.000006 0.067721 0.084435 0.000000 0.009350 0.165428 0.054266 0.000257 1.000000
0.084357 0.084357 0.084357 0.084357 0.084357 0.084357 0.084357 0.084357 0.000401 0.000627 0.165282 0.107495 0.000034 0.067658 0.067658 0.000007 0.133516 0.000086 0.067658 0.001224 1.000000
0.084325 0.084325 0.084325 0.084325 0.084325 0.084325 0.084325 0.084325 0.000067 0.084325 0.069241 0.107454 0.000028 0.084325 0.084325 0.000006 0.000108 0.055488 0.067633 0.000105 1.000000
0.084422 0.084422 0.084422 0.084422 0.084422 0.084422 0.084422 0.084422 0.084422 0.000005 0.165404 0.133617 0.000000 0.067711 0.067711 0.000000 0.069321 0.011685 0.084422 0.084422 1.000000
0.084398 0.084398 0.084398 0.084398 0.084398 0.084398 0.084398 0.084398 0.000627 0.011407 0.165359 0.107546 0.000000 0.054242 0.084398 0.000007 0.165359 0.000108 0.084398 0.003738 1.000000
0.084404 0.084404 0.084404 0.084404 0.084404 0.084404 0.084404 0.084404 0.000043 0.011408 0.107553 0.165369 0.000067 0.054246 0.043443 0.000000 0.133588 0.165369 0.067696 0.000132 1.000000
0.084485 0.084485 0.084485 0.084485 0.084485 0.084485 0.084485 0.084485 0.084485 0.000002 0.165522 0.133714 0.000000 0.067761 0.054299 0.000000 0.107656 0.165522 0.067761 0.084485 1.000000
0.084428 0.084428 0.084428 0.084428 0.084428 0.084428 0.084428 0.084428 0.084428 0.000004 0.165415 0.165415 0.000000 0.067715 0.084428 0.000005 0.028509 0.000263 0.054262 0.084428 1.000000
0.084458 0.084458 0.084458 0.084458 0.084458 0.084458 0.084458 0.084458 0.000067 0.000165 0.165472 0.165472 0.000011 0.084458 0.054281 0.000006 0.165472 0.000055 0.067740 0.084458 1.000000
0.084468 0.084468 0.084468 0.084468 0.084468 0.084468 0.084468 0.084468 0.000321 0.084468 0.165489 0.165489 0.000000 0.084468 0.084468 0.000006 0.133687 0.000044 0.084468 0.005846 1.000000
0.084477 0.084477 0.084477 0.084477 0.084477 0.084477 0.084477 0.084477 0.084477 0.000165 0.165506 0.133701 0.000000 0.084477 0.043481 0.000000 0.165506 0.005987 0.084477 0.084477 1.000000
0.084447 0.084447 0.084447 0.084447 0.084447 0.084447 0.084447 0.084447 0.000105 0.084447 0.133655 0.165451 0.000001 0.084447 0.054274 0.000007 0.165451 0.000086 0.084447 0.000784 1.000000
0.084317 0.084317 0.084317 0.084317 0.084317 0.084317 0.084317 0.084317 0.000131 0.003735 0.107443 0.133453 0.000034 0.084317 0.084317 0.000006 0.022784 0.000329 0.067626 0.000627 1.000000
0.084350 0.084350 0.084350 0.084350 0.084350 0.084350 0.084350 0.084350 0.000054 0.084350 0.107485 0.165268 0.000018 0.067652 0.067652 0.000006 0.022793 0.000411 0.067652 0.000164 1.000000
0.084308 0.084308 0.084308 0.084308 0.084308 0.084308 0.084308 0.084308 0.000043 0.000627 0.133440 0.133440 0.000321 0.067619 0.067619 0.000006 0.028469 0.000513 0.067619 0.001224 1.000000
0.084418 0.084418 0.084418 0.084418 0.084418 0.084418 0.084418 0.084418 0.000084 0.000627 0.165397 0.107572 0.000000 0.084418 0.084418 0.000001 0.028506 0.133610 0.067708 0.084418 1.000000
0.084432 0.084432 0.084432 0.084432 0.084432 0.084432 0.084432 0.084432 0.007304 0.000005 0.165421 0.133631 0.000001 0.067718 0.067718 0.000001 0.165421 0.018256 0.067718 0.084432 1.000000
0.084349 0.084349 0.084349 0.084349 0.084349 0.084349 0.084349 0.084349 0.084349 0.084349 0.000263 0.133502 0.000006 0.067651 0.000009 0.000005 0.000108 0.044452 0.067651 0.084349 1.000000
0.083988 0.083988 0.083988 0.083988 0.083988 0.083988 0.083988 0.083988 0.000001 0.083988 0.164587 0.164587 0.000000 0.083988 0.083988 0.000004 0.164587 0.001560 0.083988 0.083988 1.000000
0.084479 0.084479 0.084479 0.084479 0.084479 0.084479 0.084479 0.084479 0.000028 0.084479 0.165510 0.165510 0.000035 0.067756 0.084479 0.000006 0.165510 0.000055 0.084479 0.000084 1.000000
0.084480 0.084480 0.084480 0.084480 0.084480 0.084480 0.084480 0.084480 0.084480 0.084480 0.165512 0.165512 0.000000 0.054295 0.043482 0.000000 0.165512 0.000055 0.084480 0.000132 1.000000
0.084430 0.084430 0.084430 0.084430 0.084430 0.084430 0.084430 0.084430 0.084430 0.084430 0.133628 0.133628 0.000000 0.084430 0.084430 0.000001 0.086426 0.000055 0.084430 0.000105 1.000000
0.084412 0.084412 0.084412 0.084412 0.084412 0.084412 0.084412 0.084412 0.000321 0.084412 0.165384 0.133600 0.000000 0.054251 0.084412 0.000006 0.133600 0.000055 0.067702 0.007303 1.000000
0.084455 0.084455 0.084455 0.084455 0.084455 0.084455 0.084455 0.084455 0.000028 0.084455 0.165466 0.133667 0.000035 0.084455 0.067737 0.000007 0.165466 0.000055 0.084455 0.000084 1.000000
0.084326 0.084326 0.084326 0.084326 0.084326 0.084326 0.084326 0.084326 0.000627 0.009119 0.133468 0.133468 0.000000 0.054196 0.084326 0.000007 0.035577 0.000329 0.084326 0.002988 1.000000
0.084438 0.084438 0.084438 0.084438 0.084438 0.084438 0.084438 0.084438 0.084438 0.000005 0.165435 0.133641 0.000000 0.067724 0.067724 0.000004 0.107597 0.000044 0.084438 0.084438 1.000000
0.084454 0.084454 0.084454 0.084454 0.084454 0.084454 0.084454 0.084454 0.000043 0.084454 0.165463 0.165463 0.000000 0.084454 0.067736 0.000007 0.000055 0.055573 0.084454 0.084454 1.000000
0.084491 0.084491 0.084491 0.084491 0.084491 0.084491 0.084491 0.084491 0.000035 0.084491 0.165533 0.165533 0.000018 0.084491 0.084491 0.000006 0.165533 0.000055 0.084491 0.000105 1.000000
0.084454 0.084454 0.084454 0.084454 0.084454 0.084454 0.084454 0.084454 0.084454 0.000321 0.165464 0.165464 0.000000 0.067736 0.067736 0.000004 0.165464 0.000055 0.067736 0.007306 1.000000
0.083959 0.083959 0.083959 0.083959 0.083959 0.083959 0.083959 0.083959 0.083959 0.083959 0.164532 0.164532 0.000000 0.083959 0.083959 0.000001 0.000069 0.035420 0.083959 0.083959 1.000000
0.084458 0.084458 0.084458 0.084458 0.084458 0.084458 0.084458 0.084458 0.001226 0.014269 0.165471 0.165471 0.000000 0.084458 0.084458 0.000006 0.165471 0.000035 0.084458 0.009133 1.000000
0.084419 0.084419 0.084419 0.084419 0.084419 0.084419 0.084419 0.084419 0.000164 0.001915 0.165397 0.165397 0.000105 0.067708 0.084419 0.000007 0.165397 0.000069 0.043450 0.000321 1.000000
0.084466 0.084466 0.084466 0.084466 0.084466 0.084466 0.084466 0.084466 0.084466 0.000004 0.133684 0.133684 0.000000 0.084466 0.084466 0.000004 0.165487 0.000055 0.067746 0.084466 1.000000
0.084490 0.084490 0.084490 0.084490 0.084490 0.084490 0.084490 0.084490 0.084490 0.000003 0.165531 0.133721 0.000000 0.084490 0.067765 0.000005 0.165531 0.000055 0.084490 0.084490 1.000000
0.084402 0.084402 0.084402 0.084402 0.084402 0.084402 0.084402 0.084402 0.084402 0.000005 0.086398 0.165366 0.000000 0.084402 0.067695 0.000006 0.000069 0.044480 0.084402 0.084402 1.000000
0.084468 0.084468 0.084468 0.084468 0.084468 0.084468 0.084468 0.084468 0.000321 0.084468 0.165489 0.165489 0.000000 0.084468 0.084468 0.000006 0.133687 0.000044 0.084468 0.005846 1.000000
0.084378 0.084378 0.084378 0.084378 0.084378 0.084378 0.084378 0.084378 0.000627 0.000067 0.011678 0.165320 0.000401 0.084378 0.084378 0.000007 0.165320 0.000108 0.067675 0.000980 1.000000
0.084491 0.084491 0.084491 0.084491 0.084491 0.084491 0.084491 0.084491 0.000028 0.084491 0.165533 0.165533 0.000028 0.084491 0.084491 0.000006 0.165533 0.000055 0.084491 0.000084 1.000000
0.084008 0.084008 0.084008 0.084008 0.084008 0.084008 0.084008 0.084008 0.084008 0.000164 0.164624 0.164624 0.000000 0.084008 0.067377 0.000000 0.164624 0.164624 0.084008 0.007267 1.000000
0.084365 0.084365 0.084365 0.084365 0.084365 0.084365 0.084365 0.084365 0.000321 0.084365 0.133528 0.133528 0.000000 0.084365 0.067665 0.000007 0.011677 0.000642 0.084365 0.005839 1.000000
0.084463 0.084463 0.084463 0.084463 0.084463 0.084463 0.084463 0.084463 0.084463 0.084463 0.133680 0.107628 0.000000 0.084463 0.084463 0.000001 0.165481 0.000044 0.084463 0.000084 1.000000
0.084368 0.084368 0.084368 0.084368 0.084368 0.084368 0.084368 0.084368 0.000627 0.014253 0.165302 0.069276 0.001225 0.084368 0.009123 0.000006 0.165302 0.000086 0.084368 0.000006 1.000000
0.084491 0.084491 0.084491 0.084491 0.084491 0.084491 0.084491 0.084491 0.000257 0.084491 0.165534 0.165534 0.000000 0.084491 0.084491 0.000007 0.165534 0.000044 0.084491 0.005848 1.000000
0.084426 0.084426 0.084426 0.084426 0.084426 0.084426 0.084426 0.084426 0.084426 0.000132 0.165411 0.133622 0.000000 0.084426 0.067714 0.000005 0.000069 0.035620 0.084426 0.084426 1.000000
0.084054 0.084054 0.084054 0.084054 0.084054 0.084054 0.084054 0.084054 0.000043 0.084054 0.164711 0.164711 0.000000 0.084054 0.084054 0.000000 0.164711 0.164711 0.084054 0.084054 1.000000
0.084468 0.084468 0.084468 0.084468 0.084468 0.084468 0.084468 0.084468 0.000321 0.084468 0.133687 0.165489 0.000000 0.084468 0.084468 0.000007 0.165489 0.000055 0.084468 0.005846 1.000000
0.084065 0.084065 0.084065 0.084065 0.084065 0.084065 0.084065 0.084065 0.084065 0.084065 0.164732 0.164732 0.000000 0.084065 0.084065 0.000000 0.133063 0.164732 0.084065 0.084065 1.000000
0.084413 0.084413 0.084413 0.084413 0.084413 0.084413 0.084413 0.084413 0.000034 0.084413 0.165387 0.165387 0.000022 0.084413 0.067703 0.000006 0.022810 0.000411 0.084413 0.000105 1.000000
0.084444 0.084444 0.084444 0.084444 0.084444 0.084444 0.084444 0.084444 0.000502 0.001915 0.165445 0.165445 0.000003 0.067728 0.084444 0.000006 0.165445 0.000086 0.084444 0.001915 1.000000
0.083976 0.083976 0.083976 0.083976 0.083976 0.083976 0.083976 0.083976 0.083976 0.083976 0.164564 0.164564 0.000000 0.083976 0.083976 0.000000 0.164564 0.000209 0.067351 0.003719 1.000000
0.084435 0.084435 0.084435 0.084435 0.084435 0.084435 0.084435 0.084435 0.000034 0.084435 0.165428 0.133636 0.000043 0.067721 0.084435 0.000007 0.165428 0.000055 0.054266 0.000084 1.000000
0.084399 0.084399 0.084399 0.084399 0.084399 0.084399 0.084399 0.084399 0.084399 0.084399 0.000329 0.165361 0.000034 0.084399 0.000001 0.000006 0.000108 0.055537 0.084399 0.084399 1.000000
0.084045 0.084045 0.084045 0.084045 0.084045 0.084045 0.084045 0.084045 0.084045 0.084045 0.133032 0.164694 0.000000 0.084045 0.054013 0.000000 0.164694 0.164694 0.084045 0.084045 1.000000
0.084491 0.084491 0.084491 0.084491 0.084491 0.084491 0.084491 0.084491 0.000028 0.084491 0.165533 0.165533 0.000035 0.084491 0.084491 0.000006 0.165533 0.000055 0.084491 0.000067 1.000000
0.083959 0.083959 0.083959 0.083959 0.083959 0.083959 0.083959 0.083959 0.083959 0.083959 0.164532 0.164532 0.000000 0.083959 0.083959 0.000001 0.000069 0.035420 0.083959 0.083959 1.000000
0.084370 0.084370 0.084370 0.084370 0.084370 0.084370 0.084370 0.084370 0.000784 0.084370 0.133535 0.133535 0.000000 0.084370 0.084370 0.000006 0.000069 0.035596 0.067668 0.017815 1.000000
0.084491 0.084491 0.084491 0.084491 0.084491 0.084491 0.084491 0.084491 0.000257 0.084491 0.165534 0.165534 0.000000 0.084491 0.084491 0.000007 0.165534 0.000044 0.084491 0.005848 1.000000
0.084458 0.084458 0.084458 0.084458 0.084458 0.084458 0.084458 0.084458 0.000981 0.014269 0.165471 0.165471 0.000000 0.084458 0.084458 0.000007 0.165471 0.000044 0.084458 0.009133 1.000000
0.084427 0.084427 0.084427 0.084427 0.084427 0.084427 0.084427 0.084427 0.000164 0.084427 0.165413 0.165413 0.000000 0.084427 0.084427 0.000006 0.035620 0.000411 0.084427 0.002992 1.000000
0.084491 0.084491 0.084491 0.084491 0.084491 0.084491 0.084491 0.084491 0.000257 0.084491 0.165534 0.165534 0.000000 0.084491 0.084491 0.000007 0.165534 0.000044 0.084491 0.005848 1.000000
0.084479 0.084479 0.084479 0.084479 0.084479 0.084479 0.084479 0.084479 0.000206 0.000402 0.165510 0.165510 0.000001 0.084479 0.067756 0.000007 0.165510 0.000069 0.084479 0.084479 1.000000
0.083964 0.083964 0.083964 0.083964 0.083964 0.083964 0.083964 0.083964 0.083964 0.083964 0.164541 0.164541 0.000000 0.067341 0.067341 0.000000 0.164541 0.000055 0.083964 0.000131 1.000000
0.083988 0.083988 0.083988 0.083988 0.083988 0.083988 0.083988 0.083988 0.083988 0.083988 0.164587 0.164587 0.000000 0.083988 0.083988 0.000000 0.164587 0.000055 0.083988 0.000105 1.000000
0.083988 0.083988 0.083988 0.083988 0.083988 0.083988 0.083988 0.083988 0.083988 0.083988 0.164587 0.164587 0.000000 0.083988 0.083988 0.000000 0.164587 0.000055 0.083988 0.000105 1.000000
0.083968 0.083968 0.083968 0.083968 0.083968 0.083968 0.083968 0.083968 0.083968 0.083968 0.164549 0.164549 0.000000 0.083968 0.053963 0.000000 0.164549 0.000055 0.083968 0.000131 1.000000
0.084432 0.084432 0.084432 0.084432 0.084432 0.084432 0.084432 0.084432 0.000321 0.084432 0.133631 0.133631 0.000000 0.067718 0.084432 0.000006 0.165422 0.000055 0.084432 0.005844 1.000000
0.084461 0.084461 0.084461 0.084461 0.084461 0.084461 0.084461 0.084461 0.084461 0.084461 0.133677 0.165478 0.000000 0.054283 0.054283 0.000000 0.165478 0.000044 0.084461 0.000132 1.000000
0.083965 0.083965 0.083965 0.083965 0.083965 0.083965 0.083965 0.083965 0.083965 0.083965 0.164543 0.164543 0.000000 0.083965 0.083965 0.000000 0.132908 0.000055 0.083965 0.000105 1.000000
0.084443 0.084443 0.084443 0.084443 0.084443 0.084443 0.084443 0.084443 0.000321 0.084443 0.133648 0.165443 0.000000 0.084443 0.067727 0.000007 0.165443 0.000055 0.067727 0.005844 1.000000
0.084468 0.084468 0.084468 0.084468 0.084468 0.084468 0.084468 0.084468 0.000257 0.084468 0.165489 0.133687 0.000000 0.084468 0.084468 0.000007 0.165489 0.000055 0.084468 0.005846 1.000000
0.083988 0.083988 0.083988 0.083988 0.083988 0.083988 0.083988 0.083988 0.083988 0.083988 0.164587 0.164587 0.000000 0.083988 0.083988 0.000000 0.164587 0.000055 0.083988 0.000105 1.000000
0.084455 0.084455 0.084455 0.084455 0.084455 0.084455 0.084455 0.084455 0.000321 0.084455 0.133668 0.165466 0.000000 0.084455 0.067737 0.000007 0.165466 0.000055 0.084455 0.007306 1.000000
0.083965 0.083965 0.083965 0.083965 0.083965 0.083965 0.083965 0.083965 0.083965 0.083965 0.164543 0.132908 0.000000 0.083965 0.083965 0.000001 0.164543 0.000044 0.083965 0.000105 1.000000
0.084444 0.084444 0.084444 0.084444 0.084444 0.084444 0.084444 0.084444 0.000084 0.084444 0.165445 0.133650 0.000002 0.084444 0.084444 0.000007 0.133650 0.000069 0.084444 0.000402 1.000000
0.083988 0.083988 0.083988 0.083988 0.083988 0.083988 0.083988 0.083988 0.083988 0.083988 0.164587 0.164587 0.000000 0.083988 0.083988 0.000000 0.164587 0.000055 0.083988 0.000105 1.000000
0.083988 0.083988 0.083988 0.083988 0.083988 0.083988 0.083988 0.083988 0.083988 0.083988 0.164587 0.164587 0.000000 0.083988 0.083988 0.000000 0.164587 0.000055 0.083988 0.000105 1.000000
0.084493 0.084493 0.084493 0.084493 0.084493 0.084493 0.084493 0.084493 0.084493 0.084493 0.165537 0.165537 0.000000 0.054304 0.067768 0.000000 0.165537 0.000055 0.084493 0.000132 1.000000
0.084468 0.084468 0.084468 0.084468 0.084468 0.084468 0.084468 0.084468 0.003742 0.084468 0.133687 0.165489 0.000000 0.084468 0.084468 0.000007 0.165489 0.000055 0.084468 0.000502 1.000000
0.083988 0.083988 0.083988 0.083988 0.083988 0.083988 0.083988 0.083988 0.083988 0.083988 0.164587 0.164587 0.000000 0.083988 0.083988 0.000000 0.164587 0.000055 0.083988 0.000105 1.000000
0.084479 0.084479 0.084479 0.084479 0.084479 0.084479 0.084479 0.084479 0.084479 0.005847 0.165510 0.165510 0.000000 0.067756 0.084479 0.000006 0.165510 0.000055 0.084479 0.000321 1.000000
0.083988 0.083988 0.083988 0.083988 0.083988 0.083988 0.083988 0.083988 0.083988 0.000003 0.164587 0.164587 0.000000 0.083988 0.083988 0.000005 0.164587 0.000055 0.083988 0.083988 1.000000
0.083988 0.083988 0.083988 0.083988 0.083988 0.083988 0.083988 0.083988 0.083988 0.083988 0.164587 0.164587 0.000000 0.083988 0.083988 0.000000 0.164587 0.000055 0.083988 0.000105 1.000000
0.084491 0.084491 0.084491 0.084491 0.084491 0.084491 0.084491 0.084491 0.000132 0.084491 0.165533 0.165533 0.000000 0.084491 0.084491 0.000006 0.165533 0.000086 0.084491 0.002395 1.000000
0.084468 0.084468 0.084468 0.084468 0.084468 0.084468 0.084468 0.084468 0.084468 0.002993 0.165489 0.133686 0.000000 0.084468 0.084468 0.000005 0.165489 0.000055 0.084468 0.000785 1.000000
0.083988 0.083988 0.083988 0.083988 0.083988 0.083988 0.083988 0.083988 0.083988 0.083988 0.164587 0.164587 0.000000 0.083988 0.083988 0.000000 0.164587 0.000044 0.083988 0.000105 1.000000
0.083988 0.083988 0.083988 0.083988 0.083988 0.083988 0.083988 0.083988 0.083988 0.083988 0.164587 0.164587 0.000000 0.083988 0.083988 0.000000 0.164587 0.000055 0.083988 0.000131 1.000000
0.083968 0.083968 0.083968 0.083968 0.083968 0.083968 0.083968 0.083968 0.083968 0.083968 0.164549 0.164549 0.000000 0.053963 0.083968 0.000000 0.164549 0.000055 0.083968 0.000131 1.000000
0.083988 0.083988 0.083988 0.083988 0.083988 0.083988 0.083988 0.083988 0.083988 0.000003 0.164587 0.164587 0.000000 0.083988 0.083988 0.000005 0.164587 0.000055 0.083988 0.083988 1.000000
0.083965 0.083965 0.083965 0.083965 0.083965 0.083965 0.083965 0.083965 0.083965 0.000004 0.132908 0.164543 0.000000 0.083965 0.083965 0.000004 0.164543 0.000055 0.083965 0.083965 1.000000
0.084391 0.084391 0.084391 0.084391 0.084391 0.084391 0.084391 0.084391 0.000034 0.084391 0.165346 0.133569 0.000022 0.084391 0.084391 0.000007 0.035605 0.000263 0.067686 0.000105 1.000000
0.084462 0.084462 0.084462 0.084462 0.084462 0.084462 0.084462 0.084462 0.084462 0.084462 0.165478 0.165478 0.000000 0.084462 0.084462 0.000000 0.035635 0.000211 0.084462 0.000105 1.000000
0.084455 0.084455 0.084455 0.084455 0.084455 0.084455 0.084455 0.084455 0.000321 0.084455 0.165466 0.133668 0.000000 0.067737 0.084455 0.000007 0.165466 0.000055 0.084455 0.005845 1.000000
0.083988 0.083988 0.083988 0.083988 0.083988 0.083988 0.083988 0.083988 0.083988 0.083988 0.164587 0.164587 0.000000 0.083988 0.083988 0.000000 0.164587 0.000055 0.083988 0.000105 1.000000
0.083988 0.083988 0.083988 0.083988 0.083988 0.083988 0.083988 0.083988 0.083988 0.083988 0.164587 0.164587 0.000000 0.083988 0.083988 0.000000 0.164587 0.000055 0.083988 0.000105 1.000000
0.083988 0.083988 0.083988 0.083988 0.083988 0.083988 0.083988 0.083988 0.083988 0.083988 0.164587 0.164587 0.000000 0.083988 0.083988 0.000000 0.164587 0.000055 0.083988 0.000105 1.000000
0.083988 0.083988 0.083988 0.083988 0.083988 0.083988 0.083988 0.083988 0.083988 0.083988 0.164587 0.164587 0.000000 0.083988 0.083988 0.000000 0.164587 0.000055 0.083988 0.000105 1.000000
0.083988 0.083988 0.083988 0.083988 0.083988 0.083988 0.083988 0.083988 0.083988 0.083988 0.164587 0.164587 0.000000 0.083988 0.083988 0.000000 0.164587 0.000055 0.083988 0.000105 1.000000
0.083988 0.083988 0.083988 0.083988 0.083988 0.083988 0.083988 0.083988 0.083988 0.083988 0.164587 0.164587 0.000000 0.083988 0.083988 0.000000 0.164587 0.000055 0.083988 0.000105 1.000000
0.083988 0.083988 0.083988 0.083988 0.083988 0.083988 0.083988 0.083988 0.083988 0.083988 0.164587 0.164587 0.000000 0.083988 0.083988 0.000000 0.164587 0.000044 0.083988 0.000105 1.000000
0.083988 0.083988 0.083988 0.083988 0.083988 0.083988 0.083988 0.083988 0.083988 0.083988 0.164587 0.164587 0.000000 0.083988 0.083988 0.000000 0.164587 0.000055 0.083988 0.000105 1.000000
0.084474 0.084474 0.084474 0.084474 0.084474 0.084474 0.084474 0.084474 0.084474 0.084474 0.133697 0.165502 0.000000 0.084474 0.084474 0.000001 0.000055 0.044519 0.084474 0.084474 1.000000
0.084491 0.084491 0.084491 0.084491 0.084491 0.084491 0.084491 0.084491 0.084491 0.000321 0.165534 0.165534 0.000000 0.084491 0.084491 0.000004 0.165534 0.000055 0.084491 0.007310 1.000000
0.083988 0.083988 0.083988 0.083988 0.083988 0.083988 0.083988 0.083988 0.083988 0.083988 0.164587 0.164587 0.000000 0.083988 0.083988 0.000000 0.164587 0.000055 0.083988 0.000105 1.000000
0.083988 0.083988 0.083988 0.083988 0.083988 0.083988 0.083988 0.083988 0.083988 0.083988 0.164587 0.164587 0.000000 0.083988 0.083988 0.000000 0.164587 0.000055 0.083988 0.000105 1.000000
0.083961 0.083961 0.083961 0.083961 0.083961 0.083961 0.083961 0.083961 0.083961 0.083961 0.164535 0.164535 0.000000 0.083961 0.083961 0.000001 0.000055 0.044245 0.083961 0.083961 1.000000
0.083988 0.083988 0.083988 0.083988 0.083988 0.083988 0.083988 0.083988 0.083988 0.083988 0.164587 0.164587 0.000000 0.083988 0.083988 0.000000 0.164587 0.000055 0.083988 0.000105 1.000000
0.083988 0.083988 0.083988 0.083988 0.083988 0.083988 0.083988 0.083988 0.083988 0.083988 0.164587 0.164587 0.000000 0.083988 0.083988 0.000000 0.164587 0.000055 0.083988 0.000105 1.000000
0.083988 0.083988 0.083988 0.083988 0.083988 0.083988 0.083988 0.083988 0.083988 0.083988 0.164587 0.164587 0.000000 0.083988 0.083988 0.000000 0.164587 0.000055 0.083988 0.000105 1.000000
0.083988 0.083988 0.083988 0.083988 0.083988 0.083988 0.083988 0.083988 0.083988 0.083988 0.164587 0.164587 0.000000 0.083988 0.083988 0.000000 0.164587 0.000055 0.083988 0.000131 1.000000
0.083988 0.083988 0.083988 0.083988 0.083988 0.083988 0.083988 0.083988 0.083988 0.083988 0.164587 0.164587 0.000000 0.083988 0.083988 0.000000 0.164587 0.000055 0.083988 0.000105 1.000000
0.083968 0.083968 0.083968 0.083968 0.083968 0.083968 0.083968 0.083968 0.083968 0.083968 0.164549 0.164549 0.000000 0.053963 0.083968 0.000000 0.164549 0.000055 0.083968 0.000164 1.000000
0.084462 0.084462 0.084462 0.084462 0.084462 0.084462 0.084462 0.084462 0.084462 0.084462 0.165478 0.165478 0.000000 0.084462 0.084462 0.000000 0.035635 0.000211 0.084462 0.000105 1.000000
0.083988 0.083988 0.083988 0.083988 0.083988 0.083988 0.083988 0.083988 0.083988 0.083988 0.164587 0.164587 0.000000 0.083988 0.083988 0.000000 0.164587 0.000055 0.083988 0.000105 1.000000
0.083988 0.083988 0.083988 0.083988 0.083988 0.083988 0.083988 0.083988 0.083988 0.083988 0.164587 0.164587 0.000000 0.083988 0.083988 0.000000 0.164587 0.000055 0.083988 0.000105 1.000000
0.083988 0.083988 0.083988 0.083988 0.083988 0.083988 0.083988 0.083988 0.083988 0.083988 0.164587 0.164587 0.000000 0.083988 0.083988 0.000000 0.164587 0.000055 0.083988 0.000105 1.000000
0.083988 0.083988 0.083988 0.083988 0.083988 0.083988 0.083988 0.083988 0.083988 0.083988 0.164587 0.164587 0.000000 0.083988 0.083988 0.000000 0.164587 0.000055 0.083988 0.000105 1.000000
0.083988 0.083988 0.083988 0.083988 0.083988 0.083988 0.083988 0.083988 0.083988 0.083988 0.164587 0.164587 0.000000 0.083988 0.083988 0.000000 0.164587 0.000055 0.083988 0.000105 1.000000
0.083988 0.083988 0.083988 0.083988 0.083988 0.083988 0.083988 0.083988 0.083988 0.083988 0.164587 0.164587 0.000000 0.083988 0.083988 0.000000 0.164587 0.000055 0.083988 0.000131 1.000000
0.083988 0.083988 0.083988 0.083988 0.083988 0.083988 0.083988 0.083988 0.083988 0.083988 0.164587 0.164587 0.000000 0.083988 0.083988 0.000000 0.164587 0.000055 0.083988 0.000105 1.000000
0.083988 0.083988 0.083988 0.083988 0.083988 0.083988 0.083988 0.083988 0.083988 0.083988 0.164587 0.164587 0.000000 0.083988 0.083988 0.000000 0.164587 0.000055 0.083988 0.000105 1.000000
0.083965 0.083965 0.083965 0.083965 0.083965 0.083965 0.083965 0.083965 0.083965 0.083965 0.132908 0.164543 0.000000 0.083965 0.083965 0.000000 0.164543 0.000055 0.083965 0.000105 1.000000
0.083988 0.083988 0.083988 0.083988 0.083988 0.083988 0.083988 0.083988 0.083988 0.083988 0.164587 0.164587 0.000000 0.083988 0.083988 0.000000 0.164587 0.000055 0.083988 0.000105 1.000000
0.084491 0.084491 0.084491 0.084491 0.084491 0.084491 0.084491 0.084491 0.000028 0.084491 0.165533 0.165533 0.000035 0.084491 0.084491 0.000006 0.165533 0.000055 0.084491 0.000067 1.000000
0.083988 0.083988 0.083988 0.083988 0.083988 0.083988 0.083988 0.083988 0.083988 0.083988 0.164587 0.164587 0.000000 0.083988 0.083988 0.000000 0.164587 0.000055 0.083988 0.000105 1.000000
0.083988 0.083988 0.083988 0.083988 0.083988 0.083988 0.083988 0.083988 0.083988 0.083988 0.164587 0.164587 0.000000 0.083988 0.083988 0.000000 0.164587 0.000055 0.083988 0.000105 1.000000
0.083988 0.083988 0.083988 0.083988 0.083988 0.083988 0.083988 0.083988 0.083988 0.083988 0.164587 0.164587 0.000000 0.083988 0.083988 0.000000 0.164587 0.000044 0.083988 0.000105 1.000000
0.083988 0.083988 0.083988 0.083988 0.083988 0.083988 0.083988 0.083988 0.083988 0.083988 0.164587 0.164587 0.000000 0.083988 0.083988 0.000000 0.164587 0.000055 0.083988 0.000105 1.000000
0.083988 0.083988 0.083988 0.083988 0.083988 0.083988 0.083988 0.083988 0.083988 0.083988 0.164587 0.164587 0.000000 0.083988 0.083988 0.000000 0.164587 0.000044 0.083988 0.000105 1.000000
0.083988 0.083988 0.083988 0.083988 0.083988 0.083988 0.083988 0.083988 0.083988 0.083988 0.164587 0.164587 0.000000 0.083988 0.083988 0.000000 0.164587 0.000055 0.083988 0.000105 1.000000
0.083988 0.083988 0.083988 0.083988 0.083988 0.083988 0.083988 0.083988 0.083988 0.083988 0.164587 0.164587 0.000000 0.083988 0.083988 0.000000 0.164587 0.000055 0.083988 0.000105 1.000000
0.083988 0.083988 0.083988 0.083988 0.083988 0.083988 0.083988 0.083988 0.083988 0.083988 0.164587 0.164587 0.000000 0.083988 0.083988 0.000000 0.164587 0.000055 0.083988 0.000105 1.000000
0.083988 0.083988 0.083988 0.083988 0.083988 0.083988 0.083988 0.083988 0.083988 0.083988 0.164587 0.164587 0.000000 0.083988 0.083988 0.000000 0.164587 0.000055 0.083988 0.000105 1.000000
0.083988 0.083988 0.083988 0.083988 0.083988 0.083988 0.083988 0.083988 0.083988 0.083988 0.164587 0.164587 0.000000 0.083988 0.083988 0.000000 0.164587 0.000055 0.083988 0.000105 1.000000
0.083988 0.083988 0.083988 0.083988 0.083988 0.083988 0.083988 0.083988 0.083988 0.083988 0.164587 0.164587 0.000000 0.083988 0.083988 0.000000 0.164587 0.000055 0.083988 0.000105 1.000000
0.083988 0.083988 0.083988 0.083988 0.083988 0.083988 0.083988 0.083988 0.083988 0.083988 0.164587 0.164587 0.000000 0.083988 0.083988 0.000000 0.164587 0.000055 0.083988 0.000105 1.000000
0.084088 0.084088 0.084088 0.084088 0.084088 0.084088 0.084088 0.084088 0.084088 0.084088 0.164775 0.164775 0.000000 0.084088 0.084088 0.000000 0.164775 0.164775 0.084088 0.084088 1.000000
0.083988 0.083988 0.083988 0.083988 0.083988 0.083988 0.083988 0.083988 0.083988 0.083988 0.164587 0.164587 0.000000 0.083988 0.083988 0.000000 0.164587 0.000055 0.083988 0.000105 1.000000
0.083988 0.083988 0.083988 0.083988 0.083988 0.083988 0.083988 0.083988 0.083988 0.083988 0.164587 0.164587 0.000000 0.083988 0.083988 0.000000 0.164587 0.000055 0.083988 0.000105 1.000000
0.083988 0.083988 0.083988 0.083988 0.083988 0.083988 0.083988 0.083988 0.083988 0.083988 0.164587 0.164587 0.000000 0.083988 0.083988 0.000000 0.164587 0.000055 0.083988 0.000105 1.000000
0.084444 0.084444 0.084444 0.084444 0.084444 0.084444 0.084444 0.084444 0.000321 0.084444 0.133650 0.165445 0.000000 0.084444 0.084444 0.000006 0.133650 0.000055 0.084444 0.005844 1.000000
0.083988 0.083988 0.083988 0.083988 0.083988 0.083988 0.083988 0.083988 0.083988 0.083988 0.164587 0.164587 0.000000 0.083988 0.083988 0.000000 0.164587 0.000055 0.083988 0.000105 1.000000
0.084491 0.084491 0.084491 0.084491 0.084491 0.084491 0.084491 0.084491 0.000105 0.084491 0.165533 0.165533 0.000000 0.084491 0.084491 0.000007 0.165533 0.000069 0.084491 0.001533 1.000000
0.083988 0.083988 0.083988 0.083988 0.083988 0.083988 0.083988 0.083988 0.083988 0.083988 0.164587 0.164587 0.000000 0.083988 0.083988 0.000000 0.164587 0.000055 0.083988 0.000105 1.000000
0.084022 0.084022 0.084022 0.084022 0.084022 0.084022 0.084022 0.084022 0.084022 0.084022 0.164651 0.164651 0.000000 0.084022 0.084022 0.000000 0.164651 0.000210 0.084022 0.084022 1.000000
0.083988 0.083988 0.083988 0.083988 0.083988 0.083988 0.083988 0.083988 0.083988 0.083988 0.164587 0.164587 0.000000 0.083988 0.083988 0.000000 0.164587 0.000055 0.083988 0.000105 1.000000
0.083988 0.083988 0.083988 0.083988 0.083988 0.083988 0.083988 0.083988 0.083988 0.083988 0.164587 0.164587 0.000000 0.083988 0.083988 0.000000 0.164587 0.000055 0.083988 0.000105 1.000000
0.083988 0.083988 0.083988 0.083988 0.083988 0.083988 0.083988 0.083988 0.083988 0.083988 0.164587 0.164587 0.000000 0.083988 0.083988 0.000000 0.164587 0.000055 0.083988 0.000105 1.000000
0.083988 0.083988 0.083988 0.083988 0.083988 0.083988 0.083988 0.083988 0.083988 0.083988 0.164587 0.164587 0.000000 0.083988 0.083988 0.000000 0.164587 0.000055 0.083988 0.000105 1.000000
0.083988 0.083988 0.083988 0.083988 0.083988 0.083988 0.083988 0.083988 0.083988 0.083988 0.164587 0.164587 0.000000 0.083988 0.083988 0.000000 0.164587 0.000055 0.083988 0.000105 1.000000
0.083988 0.083988 0.083988 0.083988 0.083988 0.083988 0.083988 0.083988 0.083988 0.083988 0.164587 0.164587 0.000000 0.083988 0.083988 0.000000 0.164587 0.000055 0.083988 0.000105 1.000000
0.083988 0.083988 0.083988 0.083988 0.083988 0.083988 0.083988 0.083988 0.083988 0.083988 0.164587 0.164587 0.000000 0.083988 0.083988 0.000000 0.164587 0.000055 0.083988 0.000105 1.000000
0.083988 0.083988 0.083988 0.083988 0.083988 0.083988 0.083988 0.083988 0.083988 0.083988 0.164587 0.164587 0.000000 0.083988 0.083988 0.000000 0.164587 0.000055 0.083988 0.000105 1.000000
0.083988 0.083988 0.083988 0.083988 0.083988 0.083988 0.083988 0.083988 0.083988 0.083988 0.164587 0.164587 0.000000 0.083988 0.083988 0.000000 0.164587 0.000055 0.083988 0.000105 1.000000
0.084491 0.084491 0.084491 0.084491 0.084491 0.084491 0.084491 0.084491 0.084491 0.000402 0.165534 0.165534 0.000000 0.084491 0.084491 0.000004 0.165534 0.000055 0.084491 0.005848 1.000000
0.083988 0.083988 0.083988 0.083988 0.083988 0.083988 0.083988 0.083988 0.083988 0.083988 0.164587 0.164587 0.000000 0.083988 0.083988 0.000000 0.164587 0.000055 0.083988 0.000105 1.000000
0.083976 0.083976 0.083976 0.083976 0.083976 0.083976 0.083976 0.083976 0.083976 0.083976 0.164564 0.164564 0.000000 0.083976 0.083976 0.000000 0.164564 0.000055 0.067351 0.000131 1.000000
0.083988 0.083988 0.083988 0.083988 0.083988 0.083988 0.083988 0.083988 0.083988 0.083988 0.164587 0.164587 0.000000 0.083988 0.083988 0.000000 0.164587 0.000055 0.083988 0.000105 1.000000
0.083988 0.083988 0.083988 0.083988 0.083988 0.083988 0.083988 0.083988 0.083988 0.083988 0.164587 0.164587 0.000000 0.083988 0.083988 0.000000 0.164587 0.000055 0.083988 0.000105 1.000000
0.083988 0.083988 0.083988 0.083988 0.083988 0.083988 0.083988 0.083988 0.083988 0.083988 0.164587 0.164587 0.000000 0.083988 0.083988 0.000000 0.164587 0.000044 0.083988 0.000105 1.000000
0.083988 0.083988 0.083988 0.083988 0.083988 0.083988 0.083988 0.083988 0.083988 0.083988 0.164587 0.164587 0.000000 0.083988 0.083988 0.000000 0.164587 0.000055 0.083988 0.000105 1.000000
0.084468 0.084468 0.084468 0.084468 0.084468 0.084468 0.084468 0.084468 0.000257 0.084468 0.133687 0.165489 0.000000 0.084468 0.084468 0.000007 0.165489 0.000055 0.084468 0.005846 1.000000
0.083988 0.083988 0.083988 0.083988 0.083988 0.083988 0.083988 0.083988 0.083988 0.083988 0.164587 0.164587 0.000000 0.083988 0.083988 0.000000 0.164587 0.000055 0.083988 0.000105 1.000000
0.083988 0.083988 0.083988 0.083988 0.083988 0.083988 0.083988 0.083988 0.083988 0.083988 0.164587 0.164587 0.000000 0.083988 0.083988 0.000000 0.164587 0.000055 0.083988 0.000105 1.000000
0.084468 0.084468 0.084468 0.084468 0.084468 0.084468 0.084468 0.084468 0.000257 0.084468 0.133687 0.165489 0.000000 0.084468 0.084468 0.000007 0.165489 0.000055 0.084468 0.005846 1.000000
0.083988 0.083988 0.083988 0.083988 0.083988 0.083988 0.083988 0.083988 0.083988 0.083988 0.164587 0.164587 0.000000 0.083988 0.083988 0.000000 0.164587 0.000055 0.083988 0.000105 1.000000
0.083976 0.083976 0.083976 0.083976 0.083976 0.083976 0.083976 0.083976 0.083976 0.083976 0.164564 0.164564 0.000000 0.083976 0.067351 0.000000 0.164564 0.000055 0.083976 0.000105 1.000000
0.083988 0.083988 0.083988 0.083988 0.083988 0.083988 0.083988 0.083988 0.083988 0.083988 0.164587 0.164587 0.000000 0.083988 0.083988 0.000000 0.164587 0.000055 0.083988 0.000105 1.000000
0.083988 0.083988 0.083988 0.083988 0.083988 0.083988 0.083988 0.083988 0.083988 0.083988 0.164587 0.164587 0.000000 0.083988 0.083988 0.000000 0.164587 0.000055 0.083988 0.000105 1.000000
0.083988 0.083988 0.083988 0.083988 0.083988 0.083988 0.083988 0.083988 0.083988 0.083988 0.164587 0.164587 0.000000 0.083988 0.083988 0.000000 0.164587 0.000055 0.083988 0.000105 1.000000
0.083988 0.083988 0.083988 0.083988 0.083988 0.083988 0.083988 0.083988 0.083988 0.083988 0.164587 0.164587 0.000000 0.083988 0.083988 0.000000 0.164587 0.000055 0.083988 0.000105 1.000000
0.083988 0.083988 0.083988 0.083988 0.083988 0.083988 0.083988 0.083988 0.083988 0.083988 0.164587 0.164587 0.000000 0.083988 0.083988 0.000000 0.164587 0.000055 0.083988 0.000105 1.000000
0.083988 0.083988 0.083988 0.083988 0.083988 0.083988 0.083988 0.083988 0.083988 0.083988 0.164587 0.164587 0.000000 0.083988 0.083988 0.000000 0.164587 0.000055 0.083988 0.000105 1.000000
0.083988 0.083988 0.083988 0.083988 0.083988 0.083988 0.083988 0.083988 0.083988 0.083988 0.164587 0.164587 0.000000 0.083988 0.083988 0.000000 0.164587 0.000055 0.083988 0.000105 1.000000
0.083988 0.083988 0.083988 0.083988 0.083988 0.083988 0.083988 0.083988 0.083988 0.083988 0.164587 0.164587 0.000000 0.083988 0.083988 0.000000 0.164587 0.000055 0.083988 0.000105 1.000000
0.083988 0.083988 0.083988 0.083988 0.083988 0.083988 0.083988 0.083988 0.083988 0.083988 0.164587 0.164587 0.000000 0.083988 0.083988 0.000000 0.164587 0.000055 0.083988 0.000105 1.000000
0.083988 0.083988 0.083988 0.083988 0.083988 0.083988 0.083988 0.083988 0.083988 0.083988 0.164587 0.164587 0.000000 0.083988 0.083988 0.000000 0.164587 0.000055 0.083988 0.000105 1.000000
0.083988 0.083988 0.083988 0.083988 0.083988 0.083988 0.083988 0.083988 0.083988 0.083988 0.164587 0.164587 0.000000 0.083988 0.083988 0.000000 0.164587 0.000055 0.083988 0.000105 1.000000
0.083988 0.083988 0.083988 0.083988 0.083988 0.083988 0.083988 0.083988 0.083988 0.083988 0.164587 0.164587 0.000000 0.083988 0.083988 0.000000 0.164587 0.000055 0.083988 0.000105 1.000000
0.083988 0.083988 0.083988 0.083988 0.083988 0.083988 0.083988 0.083988 0.083988 0.083988 0.164587 0.164587 0.000000 0.083988 0.083988 0.000000 0.164587 0.000055 0.083988 0.000105 1.000000
0.083988 0.083988 0.083988 0.083988 0.083988 0.083988 0.083988 0.083988 0.083988 0.083988 0.164587 0.164587 0.000000 0.083988 0.083988 0.000000 0.164587 0.000055 0.083988 0.000105 1.000000
0.083988 0.083988 0.083988 0.083988 0.083988 0.083988 0.083988 0.083988 0.083988 0.083988 0.164587 0.164587 0.000000 0.083988 0.083988 0.000000 0.164587 0.000055 0.083988 0.000105 1.000000
0.083988 0.083988 0.083988 0.083988 0.083988 0.083988 0.083988 0.083988 0.083988 0.083988 0.164587 0.164587 0.000000 0.083988 0.083988 0.000000 0.164587 0.000055 0.083988 0.000105 1.000000
0.083988 0.083988 0.083988 0.083988 0.083988 0.083988 0.083988 0.083988 0.083988 0.083988 0.164587 0.164587 0.000000 0.083988 0.083988 0.000000 0.164587 0.000055 0.083988 0.000105 1.000000
0.083988 0.083988 0.083988 0.083988 0.083988 0.083988 0.083988 0.083988 0.083988 0.083988 0.164587 0.164587 0.000000 0.083988 0.083988 0.000000 0.164587 0.000055 0.083988 0.000105 1.000000
0.083988 0.083988 0.083988 0.083988 0.083988 0.083988 0.083988 0.083988 0.083988 0.083988 0.164587 0.164587 0.000000 0.083988 0.083988 0.000000 0.164587 0.000055 0.083988 0.000105 1.000000
0.083988 0.083988 0.083988 0.083988 0.083988 0.083988 0.083988 0.083988 0.083988 0.083988 0.164587 0.164587 0.000000 0.083988 0.083988 0.000000 0.164587 0.000055 0.083988 0.000105 1.000000
0.083988 0.083988 0.083988 0.083988 0.083988 0.083988 0.083988 0.083988 0.083988 0.083988 0.164587 0.164587 0.000000 0.083988 0.083988 0.000000 0.164587 0.000055 0.083988 0.000105 1.000000
0.083988 0.083988 0.083988 0.083988 0.083988 0.083988 0.083988 0.083988 0.083988 0.083988 0.164587 0.164587 0.000000 0.083988 0.083988 0.000000 0.164587 0.000055 0.083988 0.000105 1.000000
0.083988 0.083988 0.083988 0.083988 0.083988 0.083988 0.083988 0.083988 0.083988 0.083988 0.164587 0.164587 0.000000 0.083988 0.083988 0.000000 0.164587 0.000055 0.083988 0.000105 1.000000
0.083988 0.083988 0.083988 0.083988 0.083988 0.083988 0.083988 0.083988 0.083988 0.083988 0.164587 0.164587 0.000000 0.083988 0.083988 0.000000 0.164587 0.000055 0.083988 0.000105 1.000000
0.083988 0.083988 0.083988 0.083988 0.083988 0.083988 0.083988 0.083988 0.083988 0.083988 0.164587 0.164587 0.000000 0.083988 0.083988 0.000000 0.164587 0.000055 0.083988 0.000105 1.000000
0.083988 0.083988 0.083988 0.083988 0.083988 0.083988 0.083988 0.083988 0.083988 0.083988 0.164587 0.164587 0.000000 0.083988 0.083988 0.000000 0.164587 0.000055 0.083988 0.000105 1.000000
0.083988 0.083988 0.083988 0.083988 0.083988 0.083988 0.083988 0.083988 0.083988 0.083988 0.164587 0.164587 0.000000 0.083988 0.083988 0.000000 0.164587 0.000055 0.083988 0.000105 1.000000
0.083988 0.083988 0.083988 0.083988 0.083988 0.083988 0.083988 0.083988 0.083988 0.083988 0.164587 0.164587 0.000000 0.083988 0.083988 0.000000 0.164587 0.000055 0.083988 0.000105 1.000000
0.083988 0.083988 0.083988 0.083988 0.083988 0.083988 0.083988 0.083988 0.083988 0.083988 0.164587 0.164587 0.000000 0.083988 0.083988 0.000000 0.164587 0.000055 0.083988 0.000105 1.000000
0.083988 0.083988 0.083988 0.083988 0.083988 0.083988 0.083988 0.083988 0.083988 0.083988 0.164587 0.164587 0.000000 0.083988 0.083988 0.000000 0.164587 0.000055 0.083988 0.000105 1.000000
0.083988 0.083988 0.083988 0.083988 0.083988 0.083988 0.083988 0.083988 0.083988 0.083988 0.164587 0.164587 0.000000 0.083988 0.083988 0.000000 0.164587 0.000055 0.083988 0.000105 1.000000
0.083988 0.083988 0.083988 0.083988 0.083988 0.083988 0.083988 0.083988 0.083988 0.083988 0.164587 0.164587 0.000000 0.083988 0.083988 0.000000 0.164587 0.000055 0.083988 0.000105 1.000000
0.083988 0.083988 0.083988 0.083988 0.083988 0.083988 0.083988 0.083988 0.083988 0.083988 0.164587 0.164587 0.000000 0.083988 0.083988 0.000000 0.164587 0.000055 0.083988 0.000105 1.000000
0.083988 0.083988 0.083988 0.083988 0.083988 0.083988 0.083988 0.083988 0.083988 0.083988 0.164587 0.164587 0.000000 0.083988 0.083988 0.000000 0.164587 0.000055 0.083988 0.000105 1.000000
0.083988 0.083988 0.083988 0.083988 0.083988 0.083988 0.083988 0.083988 0.083988 0.083988 0.164587 0.164587 0.000000 0.083988 0.083988 0.000000 0.164587 0.000055 0.083988 0.000105 1.000000
0.083988 0.083988 0.083988 0.083988 0.083988 0.083988 0.083988 0.083988 0.083988 0.083988 0.164587 0.164587 0.000000 0.083988 0.083988 0.000000 0.164587 0.000055 0.083988 0.000105 1.000000
0.083988 0.083988 0.083988 0.083988 0.083988 0.083988 0.083988 0.083988 0.083988 0.083988 0.164587 0.164587 0.000000 0.083988 0.083988 0.000000 0.164587 0.000055 0.083988 0.000105 1.000000
0.083988 0.083988 0.083988 0.083988 0.083988 0.083988 0.083988 0.083988 0.083988 0.083988 0.164587 0.164587 0.000000 0.083988 0.083988 0.000000 0.164587 0.000055 0.083988 0.000105 1.000000
0.083988 0.083988 0.083988 0.083988 0.083988 0.083988 0.083988 0.083988 0.083988 0.083988 0.164587 0.164587 0.000000 0.083988 0.083988 0.000000 0.164587 0.000055 0.083988 0.000105 1.000000
0.083988 0.083988 0.083988 0.083988 0.083988 0.083988 0.083988 0.083988 0.083988 0.083988 0.164587 0.164587 0.000000 0.083988 0.083988 0.000000 0.164587 0.000055 0.083988 0.000105 1.000000
0.083988 0.083988 0.083988 0.083988 0.083988 0.083988 0.083988 0.083988 0.083988 0.083988 0.164587 0.164587 0.000000 0.083988 0.083988 0.000000 0.164587 0.000055 0.083988 0.000105 1.000000
0.083988 0.083988 0.083988 0.083988 0.083988 0.083988 0.083988 0.083988 0.083988 0.083988 0.164587 0.164587 0.000000 0.083988 0.083988 0.000000 0.164587 0.000055 0.083988 0.000105 1.000000
0.083988 0.083988 0.083988 0.083988 0.083988 0.083988 0.083988 0.083988 0.083988 0.083988 0.164587 0.164587 0.000000 0.083988 0.083988 0.000000 0.164587 0.000055 0.083988 0.000105 1.000000
0.083988 0.083988 0.083988 0.083988 0.083988 0.083988 0.083988 0.083988 0.083988 0.083988 0.164587 0.164587 0.000000 0.083988 0.083988 0.000000 0.164587 0.000055 0.083988 0.000105 1.000000
0.083988 0.083988 0.083988 0.083988 0.083988 0.083988 0.083988 0.083988 0.083988 0.083988 0.164587 0.164587 0.000000 0.083988 0.083988 0.000000 0.164587 0.000055 0.083988 0.000105 1.000000
0.083988 0.083988 0.083988 0.083988 0.083988 0.083988 0.083988 0.083988 0.083988 0.083988 0.164587 0.164587 0.000000 0.083988 0.083988 0.000000 0.164587 0.000055 0.083988 0.000105 1.000000
0.083988 0.083988 0.083988 0.083988 0.083988 0.083988 0.083988 0.083988 0.083988 0.083988 0.164587 0.164587 0.000000 0.083988 0.083988 0.000000 0.164587 0.000055 0.083988 0.000105 1.000000
0.083988 0.083988 0.083988 0.083988 0.083988 0.083988 0.083988 0.083988 0.083988 0.083988 0.164587 0.164587 0.000000 0.083988 0.083988 0.000000 0.164587 0.000055 0.083988 0.000105 1.000000
0.083988 0.083988 0.083988 0.083988 0.083988 0.083988 0.083988 0.083988 0.083988 0.083988 0.164587 0.164587 0.000000 0.083988 0.083988 0.000000 0.164587 0.000055 0.083988 0.000105 1.000000
0.083988 0.083988 0.083988 0.083988 0.083988 0.083988 0.083988 0.083988 0.083988 0.083988 0.164587 0.164587 0.000000 0.083988 0.083988 0.000000 0.164587 0.000055 0.083988 0.000105 1.000000
0.083988 0.083988 0.083988 0.083988 0.083988 0.083988 0.083988 0.083988 0.083988 0.083988 0.164587 0.164587 0.000000 0.083988 0.083988 0.000000 0.164587 0.000055 0.083988 0.000105 1.000000
0.083988 0.083988 0.083988 0.083988 0.083988 0.083988 0.083988 0.083988 0.083988 0.083988 0.164587 0.164587 0.000000 0.083988 0.083988 0.000000 0.164587 0.000055 0.083988 0.000105 1.000000
0.083988 0.083988 0.083988 0.083988 0.083988 0.083988 0.083988 0.083988 0.083988 0.083988 0.164587 0.164587 0.000000 0.083988 0.083988 0.000000 0.164587 0.000055 0.083988 0.000105 1.000000
0.083988 0.083988 0.083988 0.083988 0.083988 0.083988 0.083988 0.083988 0.083988 0.083988 0.164587 0.164587 0.000000 0.083988 0.083988 0.000000 0.164587 0.000055 0.083988 0.000105 1.000000
0.083988 0.083988 0.083988 0.083988 0.083988 0.083988 0.083988 0.083988 0.083988 0.083988 0.164587 0.164587 0.000000 0.083988 0.083988 0.000000 0.164587 0.000055 0.083988 0.000105 1.000000
0.083988 0.083988 0.083988 0.083988 0.083988 0.083988 0.083988 0.083988 0.083988 0.083988 0.164587 0.164587 0.000000 0.083988 0.083988 0.000000 0.164587 0.000055 0.083988 0.000105 1.000000
0.083988 0.083988 0.083988 0.083988 0.083988 0.083988 0.083988 0.083988 0.083988 0.083988 0.164587 0.164587 0.000000 0.083988 0.083988 0.000000 0.164587 0.000055 0.083988 0.000105 1.000000
0.083988 0.083988 0.083988 0.083988 0.083988 0.083988 0.083988 0.083988 0.083988 0.083988 0.164587 0.164587 0.000000 0.083988 0.083988 0.000000 0.164587 0.000055 0.083988 0.000105 1.000000
0.083988 0.083988 0.083988 0.083988 0.083988 0.083988 0.083988 0.083988 0.083988 0.083988 0.164587 0.164587 0.000000 0.083988 0.083988 0.000000 0.164587 0.000055 0.083988 0.000105 1.000000
0.083988 0.083988 0.083988 0.083988 0.083988 0.083988 0.083988 0.083988 0.083988 0.083988 0.164587 0.164587 0.000000 0.083988 0.083988 0.000000 0.164587 0.000055 0.083988 0.000105 1.000000
0.083988 0.083988 0.083988 0.083988 0.083988 0.083988 0.083988 0.083988 0.083988 0.083988 0.164587 0.164587 0.000000 0.083988 0.083988 0.000000 0.164587 0.000055 0.083988 0.000105 1.000000
0.083988 0.083988 0.083988 0.083988 0.083988 0.083988 0.083988 0.083988 0.083988 0.083988 0.164587 0.164587 0.000000 0.083988 0.083988 0.000000 0.164587 0.000055 0.083988 0.000105 1.000000
0.083988 0.083988 0.083988 0.083988 0.083988 0.083988 0.083988 0.083988 0.083988 0.083988 0.164587 0.164587 0.000000 0.083988 0.083988 0.000000 0.164587 0.000055 0.083988 0.000105 1.000000
0.083988 0.083988 0.083988 0.083988 0.083988 0.083988 0.083988 0.083988 0.083988 0.083988 0.164587 0.164587 0.000000 0.083988 0.083988 0.000000 0.164587 0.000055 0.083988 0.000105 1.000000
0.083988 0.083988 0.083988 0.083988 0.083988 0.083988 0.083988 0.083988 0.083988 0.083988 0.164587 0.164587 0.000000 0.083988 0.083988 0.000000 0.164587 0.000055 0.083988 0.000105 1.000000
0.083988 0.083988 0.083988 0.083988 0.083988 0.083988 0.083988 0.083988 0.083988 0.083988 0.164587 0.164587 0.000000 0.083988 0.083988 0.000000 0.164587 0.000055 0.083988 0.000105 1.000000
0.083988 0.083988 0.083988 0.083988 0.083988 0.083988 0.083988 0.083988 0.083988 0.083988 0.164587 0.164587 0.000000 0.083988 0.083988 0.000000 0.164587 0.000055 0.083988 0.000105 1.000000
0.083988 0.083988 0.083988 0.083988 0.083988 0.083988 0.083988 0.083988 0.083988 0.083988 0.164587 0.164587 0.000000 0.083988 0.083988 0.000000 0.164587 0.000055 0.083988 0.000105 1.000000
0.083988 0.083988 0.083988 0.083988 0.083988 0.083988 0.083988 0.083988 0.083988 0.083988 0.164587 0.164587 0.000000 0.083988 0.083988 0.000000 0.164587 0.000055 0.083988 0.000105 1.000000
0.083988 0.083988 0.083988 0.083988 0.083988 0.083988 0.083988 0.083988 0.083988 0.083988 0.164587 0.164587 0.000000 0.083988 0.083988 0.000000 0.164587 0.000055 0.083988 0.000105 1.000000
0.083988 0.083988 0.083988 0.083988 0.083988 0.083988 0.083988 0.083988 0.083988 0.083988 0.164587 0.164587 0.000000 0.083988 0.083988 0.000000 0.164587 0.000055 0.083988 0.000105 1.000000
0.083988 0.083988 0.083988 0.083988 0.083988 0.083988 0.083988 0.083988 0.083988 0.083988 0.164587 0.164587 0.000000 0.083988 0.083988 0.000000 0.164587 0.000055 0.083988 0.000105 1.000000
0.083988 0.083988 0.083988 0.083988 0.083988 0.083988 0.083988 0.083988 0.083988 0.083988 0.164587 0.164587 0.000000 0.083988 0.083988 0.000000 0.164587 0.000055 0.083988 0.000105 1.000000
0.083988 0.083988 0.083988 0.083988 0.083988 0.083988 0.083988 0.083988 0.083988 0.083988 0.164587 0.164587 0.000000 0.083988 0.083988 0.000000 0.164587 0.000055 0.083988 0.000105 1.000000
0.083988 0.083988 0.083988 0.083988 0.083988 0.083988 0.083988 0.083988 0.083988 0.083988 0.164587 0.164587 0.000000 0.083988 0.083988 0.000000 0.164587 0.000055 0.083988 0.000105 1.000000
0.083988 0.083988 0.083988 0.083988 0.083988 0.083988 0.083988 0.083988 0.083988 0.083988 0.164587 0.164587 0.000000 0.083988 0.083988 0.000000 0.164587 0.000055 0.083988 0.000105 1.000000
0.083988 0.083988 0.083988 0.083988 0.083988 0.083988 0.083988 0.083988 0.083988 0.083988 0.164587 0.164587 0.000000 0.083988 0.083988 0.000000 0.164587 0.000055 0.083988 0.000105 1.000000
0.083988 0.083988 0.083988 0.083988 0.083988 0.083988 0.083988 0.083988 0.083988 0.083988 0.164587 0.164587 0.000000 0.083988 0.083988 0.000000 0.164587 0.000055 0.083988 0.000105 1.000000
0.083988 0.083988 0.083988 0.083988 0.083988 0.083988 0.083988 0.083988 0.083988 0.083988 0.164587 0.164587 0.000000 0.083988 0.083988 0.000000 0.164587 0.000055 0.083988 0.000105 1.000000
0.083988 0.083988 0.083988 0.083988 0.083988 0.083988 0.083988 0.083988 0.083988 0.083988 0.164587 0.164587 0.000000 0.083988 0.083988 0.000000 0.164587 0.000055 0.083988 0.000105 1.000000
0.083988 0.083988 0.083988 0.083988 0.083988 0.083988 0.083988 0.083988 0.083988 0.083988 0.164587 0.164587 0.000000 0.083988 0.083988 0.000000 0.164587 0.000055 0.083988 0.000105 1.000000
0.083988 0.083988 0.083988 0.083988 0.083988 0.083988 0.083988 0.083988 0.083988 0.083988 0.164587 0.164587 0.000000 0.083988 0.083988 0.000000 0.164587 0.000055 0.083988 0.000105 1.000000
0.083988 0.083988 0.083988 0.083988 0.083988 0.083988 0.083988 0.083988 0.083988 0.083988 0.164587 0.164587 0.000000 0.083988 0.083988 0.000000 0.164587 0.000055 0.083988 0.000105 1.000000
0.083988 0.083988 0.083988 0.083988 0.083988 0.083988 0.083988 0.083988 0.083988 0.083988 0.164587 0.164587 0.000000 0.083988 0.083988 0.000000 0.164587 0.000055 0.083988 0.000105 1.000000
0.083988 0.083988 0.083988 0.083988 0.083988 0.083988 0.083988 0.083988 0.083988 0.083988 0.164587 0.164587 0.000000 0.083988 0.083988 0.000000 0.164587 0.000055 0.083988 0.000105 1.000000
0.083988 0.083988 0.083988 0.083988 0.083988 0.083988 0.083988 0.083988 0.083988 0.083988 0.164587 0.164587 0.000000 0.083988 0.083988 0.000000 0.164587 0.000055 0.083988 0.000105 1.000000
0.083988 0.083988 0.083988 0.083988 0.083988 0.083988 0.083988 0.083988 0.083988 0.083988 0.164587 0.164587 0.000000 0.083988 0.083988 0.000000 0.164587 0.000055 0.083988 0.000105 1.000000
0.083988 0.083988 0.083988 0.083988 0.083988 0.083988 0.083988 0.083988 0.083988 0.083988 0.164587 0.164587 0.000000 0.083988 0.083988 0.000000 0.164587 0.000055 0.083988 0.000105 1.000000
0.083988 0.083988 0.083988 0.083988 0.083988 0.083988 0.083988 0.083988 0.083988 0.083988 0.164587 0.164587 0.000000 0.083988 0.083988 0.000000 0.164587 0.000055 0.083988 0.000105 1.000000
0.083988 0.083988 0.083988 0.083988 0.083988 0.083988 0.083988 0.083988 0.083988 0.083988 0.164587 0.164587 0.000000 0.083988 0.083988 0.000000 0.164587 0.000055 0.083988 0.000105 1.000000
0.083988 0.083988 0.083988 0.083988 0.083988 0.083988 0.083988 0.083988 0.083988 0.083988 0.164587 0.164587 0.000000 0.083988 0.083988 0.000000 0.164587 0.000055 0.083988 0.000105 1.000000
0.083988 0.083988 0.083988 0.083988 0.083988 0.083988 0.083988 0.083988 0.083988 0.083988 0.164587 0.164587 0.000000 0.083988 0.083988 0.000000 0.164587 0.000055 0.083988 0.000105 1.000000
0.083988 0.083988 0.083988 0.083988 0.083988 0.083988 0.083988 0.083988 0.083988 0.083988 0.164587 0.164587 0.000000 0.083988 0.083988 0.000000 0.164587 0.000055 0.083988 0.000105 1.000000
0.083988 0.083988 0.083988 0.083988 0.083988 0.083988 0.083988 0.083988 0.083988 0.083988 0.164587 0.164587 0.000000 0.083988 0.083988 0.000000 0.164587 0.000055 0.083988 0.000105 1.000000
0.083988 0.083988 0.083988 0.083988 0.083988 0.083988 0.083988 0.083988 0.083988 0.083988 0.164587 0.164587 0.000000 0.083988 0.083988 0.000000 0.164587 0.000055 0.083988 0.000105 1.000000
0.083988 0.083988 0.083988 0.083988 0.083988 0.083988 0.083988 0.083988 0.083988 0.083988 0.164587 0.164587 0.000000 0.083988 0.083988 0.000000 0.164587 0.000055 0.083988 0.000105 1.000000
0.083988 0.083988 0.083988 0.083988 0.083988 0.083988 0.083988 0.083988 0.083988 0.083988 0.164587 0.164587 0.000000 0.083988 0.083988 0.000000 0.164587 0.000055 0.083988 0.000105 1.000000
0.083988 0.083988 0.083988 0.083988 0.083988 0.083988 0.083988 0.083988 0.083988 0.083988 0.164587 0.164587 0.000000 0.083988 0.083988 0.000000 0.164587 0.000055 0.083988 0.000105 1.000000
0.083988 0.083988 0.083988 0.083988 0.083988 0.083988 0.083988 0.083988 0.083988 0.083988 0.164587 0.164587 0.000000 0.083988 0.083988 0.000000 0.164587 0.000055 0.083988 0.000105 1.000000
0.083988 0.083988 0.083988 0.083988 0.083988 0.083988 0.083988 0.083988 0.083988 0.083988 0.164587 0.164587 0.000000 0.083988 0.083988 0.000000 0.164587 0.000055 0.083988 0.000105 1.000000
0.083988 0.083988 0.083988 0.083988 0.083988 0.083988 0.083988 0.083988 0.083988 0.083988 0.164587 0.164587 0.000000 0.083988 0.083988 0.000000 0.164587 0.000055 0.083988 0.000105 1.000000
0.083988 0.083988 0.083988 0.083988 0.083988 0.083988 0.083988 0.083988 0.083988 0.083988 0.164587 0.164587 0.000000 0.083988 0.083988 0.000000 0.164587 0.000055 0.083988 0.000105 1.000000
0.083988 0.083988 0.083988 0.083988 0.083988 0.083988 0.083988 0.083988 0.083988 0.083988 0.164587 0.164587 0.000000 0.083988 0.083988 0.000000 0.164587 0.000055 0.083988 0.000105 1.000000
