0.000000 0.000000 0.000000 0.000000 0.000000 0.000000 0.000000 0.000000 0.000000 0.000000 0.000000 0.000000 0.000000 0.000000 0.000000 0.000000 0.000000 0.000000 0.000000 0.000000 0.000000
1.000000 1.000000 1.000000 1.000000 1.000000 1.000000 1.000000 1.000000 0.054976 0.000106 0.167772 0.209715 0.134218 0.512000 0.134218 0.000014 0.409600 0.035184 0.209715 0.011529 0.068719
1.000000 1.000000 1.000000 1.000000 1.000000 1.000000 1.000000 1.000000 0.054976 0.000068 0.327680 0.409600 0.085899 0.640000 0.022518 0.000007 0.167772 0.409600 0.107374 0.085899 0.209715
1.000000 1.000000 1.000000 1.000000 1.000000 1.000000 1.000000 1.000000 0.107374 0.000028 0.262144 0.209715 0.209715 0.167772 0.209715 0.000035 0.022518 0.107374 0.068719 0.107374 0.209715
1.000000 1.000000 1.000000 1.000000 1.000000 1.000000 1.000000 1.000000 0.134218 0.000133 0.209715 0.085899 0.327680 0.209715 0.167772 0.000035 0.001547 0.209715 0.107374 0.035184 0.134218
1.000000 1.000000 1.000000 1.000000 1.000000 1.000000 1.000000 1.000000 0.028147 0.000054 0.409600 0.167772 0.209715 0.209715 0.327680 0.000004 0.409600 0.209715 0.167772 0.018014 0.409600
1.000000 1.000000 1.000000 1.000000 1.000000 1.000000 1.000000 1.000000 0.043980 0.000325 0.262144 0.262144 0.043980 0.262144 0.043980 0.000006 0.262144 0.262144 0.107374 0.085899 0.409600
1.000000 1.000000 1.000000 1.000000 1.000000 1.000000 1.000000 1.000000 0.068719 0.022518 0.107374 0.409600 0.107374 0.134218 0.134218 0.000003 0.409600 0.327680 0.035184 0.000792 0.512000
1.000000 1.000000 1.000000 1.000000 1.000000 1.000000 1.000000 1.000000 0.028147 0.000106 0.409600 0.262144 0.134218 0.262144 0.209715 0.000006 0.512000 0.134218 0.209715 0.011529 0.134218
1.000000 1.000000 1.000000 1.000000 1.000000 1.000000 1.000000 1.000000 0.085899 0.000106 0.107374 0.134218 0.262144 0.107374 0.209715 0.000009 0.209715 0.262144 0.107374 0.022518 0.209715
1.000000 1.000000 1.000000 1.000000 1.000000 1.000000 1.000000 1.000000 0.068719 0.000085 0.209715 0.167772 0.209715 0.262144 0.209715 0.000007 0.209715 0.209715 0.107374 0.014412 0.085899
1.000000 1.000000 1.000000 1.000000 1.000000 1.000000 1.000000 1.000000 0.068719 0.000018 0.327680 0.167772 0.209715 0.085899 0.409600 0.000018 0.209715 0.085899 0.035184 0.262144 0.134218
1.000000 1.000000 1.000000 1.000000 1.000000 1.000000 1.000000 1.000000 0.134218 0.000054 0.167772 0.107374 0.327680 0.085899 0.262144 0.000007 0.262144 0.209715 0.085899 0.028147 0.209715
1.000000 1.000000 1.000000 1.000000 1.000000 1.000000 1.000000 1.000000 0.035184 0.000068 0.512000 0.512000 0.262144 0.107374 0.167772 0.000018 0.085899 0.167772 0.209715 0.018014 0.209715
1.000000 1.000000 1.000000 1.000000 1.000000 1.000000 1.000000 1.000000 0.035184 0.000085 0.167772 0.409600 0.409600 0.167772 0.134218 0.000014 0.209715 0.134218 0.134218 0.018014 0.054976
1.000000 1.000000 1.000000 1.000000 1.000000 1.000000 1.000000 1.000000 0.085899 0.000018 0.409600 0.209715 0.262144 0.327680 0.209715 0.000022 0.107374 0.327680 0.167772 0.009223 0.262144
1.000000 1.000000 1.000000 1.000000 1.000000 1.000000 1.000000 1.000000 0.068719 0.000792 0.028147 0.167772 0.209715 0.512000 0.327680 0.000022 0.134218 0.085899 0.085899 0.001934 0.262144
1.000000 1.000000 1.000000 1.000000 1.000000 1.000000 1.000000 1.000000 0.068719 0.000035 0.107374 0.327680 0.327680 0.512000 0.327680 0.000005 0.512000 0.134218 0.068719 0.011529 0.209715
1.000000 1.000000 1.000000 1.000000 1.000000 1.000000 1.000000 1.000000 0.167772 0.000133 0.327680 0.085899 0.107374 0.028147 0.409600 0.000007 0.512000 0.107374 0.167772 0.022518 0.085899
1.000000 1.000000 1.000000 1.000000 1.000000 1.000000 1.000000 1.000000 0.107374 0.000022 0.167772 0.327680 0.209715 0.209715 0.409600 0.000018 0.068719 0.167772 0.262144 0.009223 0.512000
1.000000 1.000000 1.000000 1.000000 1.000000 1.000000 1.000000 1.000000 0.209715 0.000035 0.262144 0.134218 0.512000 0.167772 0.409600 0.000035 0.054976 0.022518 0.167772 0.005903 0.085899
1.000000 1.000000 1.000000 1.000000 1.000000 1.000000 1.000000 1.000000 0.134218 0.000208 0.209715 0.262144 0.035184 0.085899 0.068719 0.000011 0.134218 0.209715 0.409600 0.035184 0.409600
1.000000 1.000000 1.000000 1.000000 1.000000 1.000000 1.000000 1.000000 0.068719 0.000068 0.209715 0.327680 0.085899 0.262144 0.134218 0.000007 0.262144 0.167772 0.107374 0.043980 0.107374
1.000000 1.000000 1.000000 1.000000 1.000000 1.000000 1.000000 1.000000 0.035184 0.000133 0.409600 0.640000 0.209715 0.167772 0.107374 0.000011 0.209715 0.167772 0.043980 0.043980 0.107374
1.000000 1.000000 1.000000 1.000000 1.000000 1.000000 1.000000 1.000000 0.107374 0.000054 0.327680 0.054976 0.327680 0.327680 0.134218 0.000005 0.327680 0.262144 0.134218 0.011529 0.262144
1.000000 1.000000 1.000000 1.000000 1.000000 1.000000 1.000000 1.000000 0.167772 0.001238 0.054976 0.134218 0.134218 0.327680 0.167772 0.000018 0.209715 0.068719 0.107374 0.001547 0.262144
1.000000 1.000000 1.000000 1.000000 1.000000 1.000000 1.000000 1.000000 0.018014 0.000011 0.409600 0.640000 0.640000 0.209715 0.800000 0.000007 0.409600 0.134218 0.167772 0.009223 0.800000
1.000000 1.000000 1.000000 1.000000 1.000000 1.000000 1.000000 1.000000 0.035184 0.009223 0.512000 0.512000 0.134218 0.800000 0.640000 0.000002 0.512000 0.409600 0.035184 0.000044 0.409600
1.000000 1.000000 1.000000 1.000000 1.000000 1.000000 1.000000 1.000000 0.035184 0.005903 0.640000 0.327680 0.640000 0.800000 0.262144 0.000006 0.327680 0.262144 0.800000 0.000002 0.800000
1.000000 1.000000 1.000000 1.000000 1.000000 1.000000 1.000000 1.000000 0.018014 0.000028 0.409600 0.209715 0.640000 0.640000 0.209715 0.000003 0.327680 0.512000 0.134218 0.009223 0.800000
1.000000 1.000000 1.000000 1.000000 1.000000 1.000000 1.000000 1.000000 0.018014 0.000000 0.327680 0.512000 0.640000 0.512000 0.409600 0.000002 0.512000 0.409600 0.640000 0.134218 0.327680
1.000000 1.000000 1.000000 1.000000 1.000000 1.000000 1.000000 1.000000 0.022518 0.000028 0.512000 0.262144 0.640000 0.640000 0.409600 0.000002 0.167772 0.800000 0.054976 0.009223 0.167772
1.000000 1.000000 1.000000 1.000000 1.000000 1.000000 1.000000 1.000000 0.022518 0.000022 0.209715 0.262144 0.512000 0.800000 0.512000 0.000002 0.327680 0.640000 0.085899 0.007379 0.800000
1.000000 1.000000 1.000000 1.000000 1.000000 1.000000 1.000000 1.000000 0.009223 0.000035 0.640000 0.512000 0.409600 0.800000 0.409600 0.000002 0.409600 0.640000 0.107374 0.005903 0.262144
1.000000 1.000000 1.000000 1.000000 1.000000 1.000000 1.000000 1.000000 0.009223 0.000018 0.640000 0.512000 0.512000 0.800000 0.512000 0.000002 0.409600 0.409600 0.134218 0.007379 0.640000
1.000000 1.000000 1.000000 1.000000 1.000000 1.000000 1.000000 1.000000 0.068719 0.000007 0.512000 0.512000 0.640000 0.409600 1.000000 0.000035 0.001238 0.640000 0.209715 0.004722 0.640000
1.000000 1.000000 1.000000 1.000000 1.000000 1.000000 1.000000 1.000000 0.512000 0.000018 0.068719 0.409600 0.327680 0.134218 0.800000 0.000035 0.000406 0.327680 0.409600 0.007379 0.512000
1.000000 1.000000 1.000000 1.000000 1.000000 1.000000 1.000000 1.000000 0.011529 0.000018 0.640000 0.512000 0.409600 0.262144 0.262144 0.000005 0.800000 0.107374 0.800000 0.005903 0.640000
1.000000 1.000000 1.000000 1.000000 1.000000 1.000000 1.000000 1.000000 0.028147 0.000011 0.409600 0.409600 0.640000 0.409600 0.409600 0.000022 0.022518 0.327680 0.327680 0.005903 0.640000
1.000000 1.000000 1.000000 1.000000 1.000000 1.000000 1.000000 1.000000 0.262144 0.000006 0.134218 0.640000 0.800000 0.209715 1.000000 0.000044 0.000634 0.327680 0.512000 0.003022 0.262144
1.000000 1.000000 1.000000 1.000000 1.000000 1.000000 1.000000 1.000000 0.022518 0.000022 0.327680 0.409600 0.327680 0.640000 0.512000 0.000006 0.262144 0.209715 0.167772 0.005903 0.327680
1.000000 1.000000 1.000000 1.000000 1.000000 1.000000 1.000000 1.000000 0.014412 0.000018 0.512000 0.327680 0.800000 0.640000 0.512000 0.000004 0.512000 0.209715 0.107374 0.005903 0.327680
1.000000 1.000000 1.000000 1.000000 1.000000 1.000000 1.000000 1.000000 0.043980 0.011529 0.409600 0.327680 0.512000 0.000325 1.000000 0.000005 0.167772 0.640000 0.028147 0.018014 0.640000
1.000000 1.000000 1.000000 1.000000 1.000000 1.000000 1.000000 1.000000 0.009223 0.000044 0.327680 0.640000 0.409600 0.409600 0.327680 0.000001 0.640000 0.640000 0.107374 0.014412 0.512000
1.000000 1.000000 1.000000 1.000000 1.000000 1.000000 1.000000 1.000000 1.000000 0.000007 0.134218 0.512000 0.512000 0.409600 0.512000 0.000006 0.035184 0.800000 0.043980 0.003022 0.512000
1.000000 1.000000 1.000000 1.000000 1.000000 1.000000 1.000000 1.000000 0.022518 0.000035 0.134218 0.512000 0.512000 0.327680 0.327680 0.000002 0.409600 0.640000 0.107374 0.014412 0.409600
1.000000 1.000000 1.000000 1.000000 1.000000 1.000000 1.000000 1.000000 0.014412 0.000018 0.262144 0.640000 0.800000 0.800000 0.327680 0.000002 0.512000 0.409600 0.134218 0.005903 0.512000
1.000000 1.000000 1.000000 1.000000 1.000000 1.000000 1.000000 1.000000 0.068719 0.000068 0.262144 0.800000 0.512000 0.028147 0.134218 0.000001 0.512000 1.000000 0.167772 0.022518 0.800000
1.000000 1.000000 1.000000 1.000000 1.000000 1.000000 1.000000 1.000000 0.018014 0.000009 0.512000 0.209715 0.640000 0.640000 0.409600 0.000001 0.800000 0.409600 1.000000 0.001934 0.512000
1.000000 1.000000 1.000000 1.000000 1.000000 1.000000 1.000000 1.000000 0.085899 0.000007 0.327680 0.640000 0.800000 0.512000 0.409600 0.000002 0.327680 0.640000 0.085899 0.003778 0.409600
1.000000 1.000000 1.000000 1.000000 1.000000 1.000000 1.000000 1.000000 0.022518 0.000006 0.409600 0.327680 0.800000 0.327680 0.512000 0.000003 0.327680 0.327680 0.014412 0.209715 0.409600
1.000000 1.000000 1.000000 1.000000 1.000000 1.000000 1.000000 1.000000 1.000000 0.000003 0.068719 0.800000 0.800000 0.640000 0.800000 0.000028 1.000000 0.000325 0.800000 0.000507 0.209715
1.000000 1.000000 1.000000 1.000000 1.000000 1.000000 1.000000 1.000000 0.035184 0.000005 0.640000 0.640000 0.800000 0.512000 0.512000 0.000035 0.003022 0.640000 0.800000 0.002418 0.800000
1.000000 1.000000 1.000000 1.000000 1.000000 1.000000 1.000000 1.000000 0.004722 0.000001 0.800000 0.800000 0.640000 0.800000 0.512000 0.000001 0.800000 0.512000 0.022518 1.000000 0.800000
1.000000 1.000000 1.000000 1.000000 1.000000 1.000000 1.000000 1.000000 1.000000 0.000006 0.640000 0.640000 0.327680 0.800000 0.640000 0.000000 0.800000 1.000000 0.043980 0.001238 0.800000
1.000000 1.000000 1.000000 1.000000 1.000000 1.000000 1.000000 1.000000 0.014412 0.000009 0.512000 0.640000 0.640000 0.800000 0.800000 0.000001 0.800000 0.800000 0.043980 0.011529 0.512000
1.000000 1.000000 1.000000 1.000000 1.000000 1.000000 1.000000 1.000000 0.007379 0.000009 0.800000 0.512000 0.800000 1.000000 1.000000 0.000002 0.134218 1.000000 0.107374 0.004722 0.800000
1.000000 1.000000 1.000000 1.000000 1.000000 1.000000 1.000000 1.000000 0.014412 0.003778 0.640000 0.640000 0.640000 1.000000 0.800000 0.000002 0.512000 0.512000 0.000002 0.512000 0.640000
1.000000 1.000000 1.000000 1.000000 1.000000 1.000000 1.000000 1.000000 0.167772 0.000006 0.134218 0.640000 0.512000 0.800000 0.512000 0.000035 0.640000 0.000634 1.000000 0.001547 0.640000
1.000000 1.000000 1.000000 1.000000 1.000000 1.000000 1.000000 1.000000 0.043980 0.000166 0.512000 0.043980 0.000325 1.000000 0.512000 0.000001 0.800000 1.000000 0.085899 1.000000 0.640000
1.000000 1.000000 1.000000 1.000000 1.000000 1.000000 1.000000 1.000000 0.009223 0.000007 0.327680 0.800000 0.800000 1.000000 1.000000 0.000005 0.134218 0.640000 0.167772 0.003778 0.800000
1.000000 1.000000 1.000000 1.000000 1.000000 1.000000 1.000000 1.000000 0.005903 0.000011 1.000000 0.512000 0.640000 0.800000 0.327680 0.000007 1.000000 0.043980 0.640000 0.003778 1.000000
1.000000 1.000000 1.000000 1.000000 1.000000 1.000000 1.000000 1.000000 1.000000 0.000000 0.800000 0.640000 0.640000 0.512000 0.640000 0.000014 0.512000 0.004722 0.035184 1.000000 0.640000
1.000000 1.000000 1.000000 1.000000 1.000000 1.000000 1.000000 1.000000 1.000000 0.000000 0.167772 0.640000 0.800000 0.512000 0.800000 0.000028 0.000792 0.327680 0.022518 0.209715 0.409600
1.000000 1.000000 1.000000 1.000000 1.000000 1.000000 1.000000 1.000000 0.209715 0.000007 0.068719 1.000000 0.409600 0.800000 0.512000 0.000044 0.512000 0.000792 0.640000 0.001934 0.167772
1.000000 1.000000 1.000000 1.000000 1.000000 1.000000 1.000000 1.000000 1.000000 0.000000 0.800000 0.640000 0.640000 1.000000 1.000000 0.000000 1.000000 0.512000 0.004722 0.085899 0.327680
1.000000 1.000000 1.000000 1.000000 1.000000 1.000000 1.000000 1.000000 0.009223 0.000002 1.000000 0.209715 1.000000 0.640000 0.327680 0.000002 0.640000 0.512000 0.011529 1.000000 1.000000
1.000000 1.000000 1.000000 1.000000 1.000000 1.000000 1.000000 1.000000 0.003778 0.000000 0.640000 0.800000 1.000000 1.000000 0.409600 0.000001 0.640000 1.000000 1.000000 1.000000 0.800000
1.000000 1.000000 1.000000 1.000000 1.000000 1.000000 1.000000 1.000000 0.007379 0.000001 0.640000 0.800000 0.800000 1.000000 0.512000 0.000001 0.800000 1.000000 0.640000 0.022518 0.327680
1.000000 1.000000 1.000000 1.000000 1.000000 1.000000 1.000000 1.000000 0.004722 0.000001 1.000000 1.000000 0.800000 1.000000 1.000000 0.000001 0.640000 0.800000 0.028147 0.167772 0.800000
1.000000 1.000000 1.000000 1.000000 1.000000 1.000000 1.000000 1.000000 0.043980 0.000005 0.800000 0.800000 0.640000 1.000000 0.640000 0.000001 0.640000 0.640000 0.107374 0.002418 0.800000
1.000000 1.000000 1.000000 1.000000 1.000000 1.000000 1.000000 1.000000 0.009223 0.000014 0.327680 0.800000 0.800000 0.512000 0.800000 0.000001 0.640000 0.640000 0.068719 0.011529 0.409600
1.000000 1.000000 1.000000 1.000000 1.000000 1.000000 1.000000 1.000000 0.209715 0.000009 0.107374 0.409600 0.640000 0.640000 0.800000 0.000035 0.001238 0.640000 0.134218 0.003778 0.640000
1.000000 1.000000 1.000000 1.000000 1.000000 1.000000 1.000000 1.000000 0.167772 0.000002 0.800000 0.800000 0.800000 0.800000 0.512000 0.000005 0.107374 0.800000 0.134218 0.001238 0.640000
1.000000 1.000000 1.000000 1.000000 1.000000 1.000000 1.000000 1.000000 0.005903 0.000018 0.800000 0.640000 0.512000 1.000000 0.800000 0.000001 0.640000 1.000000 0.085899 0.005903 0.512000
1.000000 1.000000 1.000000 1.000000 1.000000 1.000000 1.000000 1.000000 0.014412 0.000011 1.000000 1.000000 0.800000 0.327680 0.640000 0.000001 0.640000 0.800000 0.085899 0.007379 0.800000
1.000000 1.000000 1.000000 1.000000 1.000000 1.000000 1.000000 1.000000 0.107374 0.000000 0.262144 0.800000 0.800000 0.640000 1.000000 0.000044 0.512000 0.000634 1.000000 0.009223 0.640000
1.000000 1.000000 1.000000 1.000000 1.000000 1.000000 1.000000 1.000000 1.000000 0.000001 0.262144 1.000000 1.000000 0.640000 1.000000 0.000035 0.000260 0.800000 0.800000 0.000634 0.800000
1.000000 1.000000 1.000000 1.000000 1.000000 1.000000 1.000000 1.000000 0.005903 0.000009 0.512000 0.800000 1.000000 0.800000 0.800000 0.000001 0.800000 1.000000 0.085899 0.009223 1.000000
1.000000 1.000000 1.000000 1.000000 1.000000 1.000000 1.000000 1.000000 0.134218 0.000000 0.209715 1.000000 0.640000 1.000000 0.800000 0.000035 0.000260 1.000000 0.028147 1.000000 0.800000
1.000000 1.000000 1.000000 1.000000 1.000000 1.000000 1.000000 1.000000 0.022518 0.000003 0.409600 1.000000 0.800000 1.000000 1.000000 0.000035 1.000000 0.001934 1.000000 0.001238 0.512000
1.000000 1.000000 1.000000 1.000000 1.000000 1.000000 1.000000 1.000000 0.005903 0.000000 1.000000 0.640000 1.000000 1.000000 0.409600 0.000001 0.512000 0.640000 0.262144 1.000000 0.800000
1.000000 1.000000 1.000000 1.000000 1.000000 1.000000 1.000000 1.000000 0.107374 0.000001 0.209715 0.800000 0.640000 0.800000 0.800000 0.000035 1.000000 0.000406 0.640000 0.009223 0.800000
1.000000 1.000000 1.000000 1.000000 1.000000 1.000000 1.000000 1.000000 0.327680 0.000005 0.068719 1.000000 0.512000 0.800000 0.512000 0.000035 0.000260 0.800000 0.800000 0.001934 1.000000
1.000000 1.000000 1.000000 1.000000 1.000000 1.000000 1.000000 1.000000 0.035184 0.000000 0.167772 1.000000 0.800000 0.640000 1.000000 0.000001 0.800000 1.000000 0.134218 0.085899 0.800000
1.000000 1.000000 1.000000 1.000000 1.000000 1.000000 1.000000 1.000000 0.005903 0.000004 0.409600 1.000000 1.000000 0.800000 0.640000 0.000001 0.512000 1.000000 1.000000 0.002418 0.800000
1.000000 1.000000 1.000000 1.000000 1.000000 1.000000 1.000000 1.000000 0.054976 0.000000 1.000000 0.512000 0.800000 0.800000 0.800000 0.000005 0.068719 1.000000 0.011529 1.000000 1.000000
1.000000 1.000000 1.000000 1.000000 1.000000 1.000000 1.000000 1.000000 0.512000 0.000000 0.512000 0.800000 0.800000 0.800000 0.800000 0.000000 0.800000 1.000000 1.000000 1.000000 1.000000
1.000000 1.000000 1.000000 1.000000 1.000000 1.000000 1.000000 1.000000 0.209715 0.000000 0.107374 1.000000 0.640000 0.800000 0.800000 0.000035 0.000260 0.800000 1.000000 1.000000 1.000000
1.000000 1.000000 1.000000 1.000000 1.000000 1.000000 1.000000 1.000000 1.000000 0.000000 0.640000 0.800000 1.000000 0.800000 0.800000 0.000000 1.000000 0.800000 1.000000 1.000000 0.800000
1.000000 1.000000 1.000000 1.000000 1.000000 1.000000 1.000000 1.000000 0.007379 0.000001 0.800000 0.800000 0.800000 1.000000 1.000000 0.000000 1.000000 1.000000 0.009223 0.409600 0.640000
1.000000 1.000000 1.000000 1.000000 1.000000 1.000000 1.000000 1.000000 0.003778 0.000014 1.000000 0.800000 0.800000 0.800000 1.000000 0.000001 0.800000 1.000000 0.107374 0.004722 1.000000
1.000000 1.000000 1.000000 1.000000 1.000000 1.000000 1.000000 1.000000 0.005903 0.000000 1.000000 1.000000 0.800000 1.000000 0.800000 0.000028 0.007379 0.800000 0.043980 1.000000 0.640000
1.000000 1.000000 1.000000 1.000000 1.000000 1.000000 1.000000 1.000000 1.000000 0.000001 0.068719 0.800000 1.000000 0.640000 0.640000 0.000000 0.800000 1.000000 1.000000 0.000406 1.000000
1.000000 1.000000 1.000000 1.000000 1.000000 1.000000 1.000000 1.000000 1.000000 0.000002 0.800000 1.000000 0.640000 1.000000 1.000000 0.000001 0.068719 1.000000 0.107374 0.000507 0.800000
1.000000 1.000000 1.000000 1.000000 1.000000 1.000000 1.000000 1.000000 1.000000 0.000003 0.409600 0.640000 0.800000 1.000000 1.000000 0.000000 1.000000 1.000000 0.035184 0.000792 1.000000
1.000000 1.000000 1.000000 1.000000 1.000000 1.000000 1.000000 1.000000 1.000000 0.000000 0.262144 1.000000 1.000000 1.000000 0.800000 0.000000 1.000000 1.000000 0.009223 0.022518 1.000000
1.000000 1.000000 1.000000 1.000000 1.000000 1.000000 1.000000 1.000000 0.003778 0.000000 1.000000 1.000000 1.000000 0.800000 1.000000 0.000005 0.107374 0.800000 0.167772 1.000000 1.000000
1.000000 1.000000 1.000000 1.000000 1.000000 1.000000 1.000000 1.000000 1.000000 0.000000 0.640000 1.000000 0.800000 0.640000 0.640000 0.000000 1.000000 0.640000 1.000000 1.000000 0.512000
1.000000 1.000000 1.000000 1.000000 1.000000 1.000000 1.000000 1.000000 0.011529 0.000000 0.262144 0.800000 0.640000 1.000000 0.409600 0.000001 1.000000 1.000000 0.327680 0.800000 1.000000
1.000000 1.000000 1.000000 1.000000 1.000000 1.000000 1.000000 1.000000 1.000000 0.000000 0.167772 0.640000 1.000000 1.000000 0.640000 0.000028 0.000325 0.800000 1.000000 1.000000 0.800000
1.000000 1.000000 1.000000 1.000000 1.000000 1.000000 1.000000 1.000000 1.000000 0.000000 0.409600 0.800000 0.800000 1.000000 1.000000 0.000000 1.000000 1.000000 1.000000 1.000000 1.000000
1.000000 1.000000 1.000000 1.000000 1.000000 1.000000 1.000000 1.000000 1.000000 0.000000 0.262144 1.000000 0.800000 1.000000 1.000000 0.000000 1.000000 1.000000 0.003778 1.000000 1.000000
1.000000 1.000000 1.000000 1.000000 1.000000 1.000000 1.000000 1.000000 1.000000 0.000000 1.000000 0.800000 1.000000 1.000000 0.800000 0.000005 1.000000 0.009223 1.000000 1.000000 1.000000
1.000000 1.000000 1.000000 1.000000 1.000000 1.000000 1.000000 1.000000 1.000000 0.000000 0.107374 1.000000 1.000000 1.000000 0.640000 0.000028 1.000000 0.000260 0.028147 1.000000 0.800000
1.000000 1.000000 1.000000 1.000000 1.000000 1.000000 1.000000 1.000000 1.000000 0.000000 0.409600 0.800000 1.000000 1.000000 1.000000 0.000000 1.000000 1.000000 1.000000 1.000000 1.000000
1.000000 1.000000 1.000000 1.000000 1.000000 1.000000 1.000000 1.000000 1.000000 0.000000 0.262144 1.000000 1.000000 0.512000 1.000000 0.000000 1.000000 1.000000 1.000000 1.000000 1.000000
1.000000 1.000000 1.000000 1.000000 1.000000 1.000000 1.000000 1.000000 1.000000 0.000000 0.409600 1.000000 0.800000 1.000000 0.640000 0.000000 0.800000 1.000000 1.000000 1.000000 0.800000
1.000000 1.000000 1.000000 1.000000 1.000000 1.000000 1.000000 1.000000 1.000000 0.000000 0.512000 0.800000 0.800000 0.800000 1.000000 0.000000 1.000000 1.000000 1.000000 1.000000 1.000000
1.000000 1.000000 1.000000 1.000000 1.000000 1.000000 1.000000 1.000000 0.005903 0.000014 0.512000 0.800000 1.000000 0.640000 1.000000 0.000000 1.000000 1.000000 0.068719 0.007379 1.000000
1.000000 1.000000 1.000000 1.000000 1.000000 1.000000 1.000000 1.000000 0.085899 0.000003 0.262144 1.000000 1.000000 1.000000 1.000000 0.000035 1.000000 0.000325 0.800000 0.000990 0.800000
1.000000 1.000000 1.000000 1.000000 1.000000 1.000000 1.000000 1.000000 1.000000 0.000000 0.409600 1.000000 1.000000 1.000000 1.000000 0.000000 1.000000 1.000000 1.000000 1.000000 0.800000
1.000000 1.000000 1.000000 1.000000 1.000000 1.000000 1.000000 1.000000 0.005903 0.000000 0.262144 0.800000 1.000000 1.000000 0.800000 0.000001 1.000000 0.640000 1.000000 1.000000 1.000000
1.000000 1.000000 1.000000 1.000000 1.000000 1.000000 1.000000 1.000000 1.000000 0.000000 0.640000 0.800000 1.000000 1.000000 1.000000 0.000000 1.000000 1.000000 1.000000 0.000133 1.000000
1.000000 1.000000 1.000000 1.000000 1.000000 1.000000 1.000000 1.000000 1.000000 0.000000 0.409600 1.000000 0.800000 0.800000 1.000000 0.000000 0.640000 1.000000 1.000000 1.000000 1.000000
1.000000 1.000000 1.000000 1.000000 1.000000 1.000000 1.000000 1.000000 0.004722 0.000001 0.327680 1.000000 1.000000 1.000000 0.640000 0.000001 0.800000 0.800000 0.014412 1.000000 1.000000
1.000000 1.000000 1.000000 1.000000 1.000000 1.000000 1.000000 1.000000 0.003022 0.000000 1.000000 0.640000 0.800000 1.000000 1.000000 0.000001 0.800000 0.409600 1.000000 1.000000 1.000000
1.000000 1.000000 1.000000 1.000000 1.000000 1.000000 1.000000 1.000000 0.004722 0.000000 0.409600 0.800000 1.000000 0.800000 0.800000 0.000001 1.000000 1.000000 1.000000 1.000000 1.000000
1.000000 1.000000 1.000000 1.000000 1.000000 1.000000 1.000000 1.000000 0.014412 0.000000 0.262144 1.000000 0.800000 0.800000 1.000000 0.000001 1.000000 1.000000 1.000000 1.000000 0.800000
1.000000 1.000000 1.000000 1.000000 1.000000 1.000000 1.000000 1.000000 1.000000 0.000001 0.085899 1.000000 1.000000 1.000000 0.800000 0.000035 1.000000 0.000406 0.800000 0.000792 1.000000
1.000000 1.000000 1.000000 1.000000 1.000000 1.000000 1.000000 1.000000 1.000000 0.000001 0.262144 1.000000 1.000000 0.800000 0.800000 0.000035 0.000406 0.800000 1.000000 0.000406 1.000000
1.000000 1.000000 1.000000 1.000000 1.000000 1.000000 1.000000 1.000000 0.005903 0.000000 0.262144 1.000000 1.000000 0.800000 0.800000 0.000001 1.000000 0.800000 1.000000 1.000000 1.000000
1.000000 1.000000 1.000000 1.000000 1.000000 1.000000 1.000000 1.000000 0.134218 0.000000 0.209715 0.800000 0.640000 0.800000 1.000000 0.000000 1.000000 1.000000 1.000000 1.000000 1.000000
1.000000 1.000000 1.000000 1.000000 1.000000 1.000000 1.000000 1.000000 1.000000 0.000000 1.000000 0.800000 1.000000 1.000000 1.000000 0.000000 0.640000 1.000000 1.000000 0.000166 1.000000
1.000000 1.000000 1.000000 1.000000 1.000000 1.000000 1.000000 1.000000 1.000000 0.000002 0.409600 1.000000 1.000000 1.000000 0.640000 0.000000 0.800000 1.000000 0.043980 0.000990 0.800000
1.000000 1.000000 1.000000 1.000000 1.000000 1.000000 1.000000 1.000000 0.004722 0.000000 0.409600 0.800000 0.800000 1.000000 1.000000 0.000001 0.800000 1.000000 1.000000 1.000000 1.000000
1.000000 1.000000 1.000000 1.000000 1.000000 1.000000 1.000000 1.000000 1.000000 0.000000 0.409600 1.000000 1.000000 1.000000 0.800000 0.000000 1.000000 1.000000 1.000000 1.000000 0.800000
1.000000 1.000000 1.000000 1.000000 1.000000 1.000000 1.000000 1.000000 1.000000 0.000000 0.167772 1.000000 1.000000 1.000000 0.800000 0.000035 0.000325 1.000000 1.000000 1.000000 1.000000
1.000000 1.000000 1.000000 1.000000 1.000000 1.000000 1.000000 1.000000 1.000000 0.000000 0.409600 1.000000 1.000000 0.640000 1.000000 0.000000 1.000000 1.000000 1.000000 1.000000 1.000000
1.000000 1.000000 1.000000 1.000000 1.000000 1.000000 1.000000 1.000000 1.000000 0.000000 1.000000 1.000000 1.000000 0.800000 1.000000 0.000000 1.000000 1.000000 1.000000 1.000000 1.000000
1.000000 1.000000 1.000000 1.000000 1.000000 1.000000 1.000000 1.000000 1.000000 0.000000 0.409600 1.000000 1.000000 0.800000 1.000000 0.000000 1.000000 1.000000 1.000000 1.000000 1.000000
1.000000 1.000000 1.000000 1.000000 1.000000 1.000000 1.000000 1.000000 1.000000 0.000000 0.409600 1.000000 1.000000 1.000000 1.000000 0.000000 1.000000 1.000000 1.000000 1.000000 0.800000
1.000000 1.000000 1.000000 1.000000 1.000000 1.000000 1.000000 1.000000 1.000000 0.000000 0.409600 1.000000 1.000000 1.000000 1.000000 0.000000 1.000000 1.000000 1.000000 1.000000 1.000000
1.000000 1.000000 1.000000 1.000000 1.000000 1.000000 1.000000 1.000000 1.000000 0.000000 0.640000 1.000000 1.000000 1.000000 1.000000 0.000000 1.000000 1.000000 1.000000 0.000133 0.800000
1.000000 1.000000 1.000000 1.000000 1.000000 1.000000 1.000000 1.000000 0.005903 0.000000 0.327680 1.000000 1.000000 0.800000 1.000000 0.000000 1.000000 1.000000 1.000000 1.000000 0.800000
1.000000 1.000000 1.000000 1.000000 1.000000 1.000000 1.000000 1.000000 1.000000 0.000000 0.409600 1.000000 1.000000 1.000000 1.000000 0.000000 1.000000 1.000000 1.000000 1.000000 1.000000
1.000000 1.000000 1.000000 1.000000 1.000000 1.000000 1.000000 1.000000 1.000000 0.000001 0.409600 1.000000 1.000000 1.000000 0.800000 0.000000 0.800000 1.000000 1.000000 0.000166 1.000000
1.000000 1.000000 1.000000 1.000000 1.000000 1.000000 1.000000 1.000000 1.000000 0.000000 0.409600 0.800000 0.800000 1.000000 1.000000 0.000000 1.000000 1.000000 1.000000 0.000634 1.000000
1.000000 1.000000 1.000000 1.000000 1.000000 1.000000 1.000000 1.000000 1.000000 0.000000 0.262144 1.000000 1.000000 1.000000 1.000000 0.000000 1.000000 1.000000 0.002418 1.000000 1.000000
1.000000 1.000000 1.000000 1.000000 1.000000 1.000000 1.000000 1.000000 1.000000 0.000000 0.209715 1.000000 1.000000 1.000000 1.000000 0.000035 0.000325 1.000000 1.000000 1.000000 1.000000
1.000000 1.000000 1.000000 1.000000 1.000000 1.000000 1.000000 1.000000 1.000000 0.000000 1.000000 0.800000 1.000000 1.000000 1.000000 0.000000 1.000000 0.800000 0.043980 1.000000 1.000000
1.000000 1.000000 1.000000 1.000000 1.000000 1.000000 1.000000 1.000000 1.000000 0.000000 0.409600 1.000000 1.000000 1.000000 1.000000 0.000000 1.000000 1.000000 1.000000 1.000000 1.000000
1.000000 1.000000 1.000000 1.000000 1.000000 1.000000 1.000000 1.000000 1.000000 0.000000 0.409600 1.000000 0.800000 1.000000 1.000000 0.000000 1.000000 1.000000 0.003022 1.000000 1.000000
1.000000 1.000000 1.000000 1.000000 1.000000 1.000000 1.000000 1.000000 1.000000 0.000000 0.800000 1.000000 1.000000 1.000000 1.000000 0.000000 1.000000 0.640000 1.000000 1.000000 1.000000
1.000000 1.000000 1.000000 1.000000 1.000000 1.000000 1.000000 1.000000 1.000000 0.000000 0.409600 1.000000 1.000000 1.000000 1.000000 0.000000 1.000000 0.800000 1.000000 1.000000 1.000000
1.000000 1.000000 1.000000 1.000000 1.000000 1.000000 1.000000 1.000000 1.000000 0.000000 0.409600 1.000000 1.000000 1.000000 1.000000 0.000000 1.000000 1.000000 1.000000 1.000000 1.000000
1.000000 1.000000 1.000000 1.000000 1.000000 1.000000 1.000000 1.000000 1.000000 0.000000 0.209715 1.000000 0.800000 1.000000 1.000000 0.000035 0.000260 1.000000 0.022518 1.000000 1.000000
1.000000 1.000000 1.000000 1.000000 1.000000 1.000000 1.000000 1.000000 1.000000 0.000000 0.409600 1.000000 1.000000 1.000000 1.000000 0.000000 1.000000 1.000000 0.107374 1.000000 1.000000
1.000000 1.000000 1.000000 1.000000 1.000000 1.000000 1.000000 1.000000 1.000000 0.000000 0.409600 1.000000 1.000000 0.512000 1.000000 0.000000 1.000000 1.000000 1.000000 1.000000 1.000000
1.000000 1.000000 1.000000 1.000000 1.000000 1.000000 1.000000 1.000000 1.000000 0.000000 0.409600 0.800000 1.000000 1.000000 1.000000 0.000000 1.000000 1.000000 1.000000 1.000000 1.000000
1.000000 1.000000 1.000000 1.000000 1.000000 1.000000 1.000000 1.000000 1.000000 0.000000 1.000000 0.640000 1.000000 0.800000 0.800000 0.000000 1.000000 1.000000 1.000000 1.000000 1.000000
1.000000 1.000000 1.000000 1.000000 1.000000 1.000000 1.000000 1.000000 1.000000 0.000000 0.409600 1.000000 0.800000 1.000000 1.000000 0.000000 1.000000 1.000000 1.000000 1.000000 1.000000
1.000000 1.000000 1.000000 1.000000 1.000000 1.000000 1.000000 1.000000 1.000000 0.000000 0.409600 1.000000 1.000000 1.000000 1.000000 0.000000 1.000000 1.000000 0.003022 1.000000 1.000000
1.000000 1.000000 1.000000 1.000000 1.000000 1.000000 1.000000 1.000000 1.000000 0.000000 0.409600 1.000000 1.000000 1.000000 0.800000 0.000000 1.000000 1.000000 1.000000 1.000000 1.000000
1.000000 1.000000 1.000000 1.000000 1.000000 1.000000 1.000000 1.000000 1.000000 0.000000 0.409600 1.000000 1.000000 1.000000 1.000000 0.000000 1.000000 1.000000 1.000000 1.000000 1.000000
1.000000 1.000000 1.000000 1.000000 1.000000 1.000000 1.000000 1.000000 1.000000 0.000000 0.409600 1.000000 1.000000 1.000000 1.000000 0.000000 1.000000 1.000000 1.000000 1.000000 1.000000
1.000000 1.000000 1.000000 1.000000 1.000000 1.000000 1.000000 1.000000 1.000000 0.000000 0.409600 1.000000 1.000000 0.800000 1.000000 0.000000 1.000000 1.000000 1.000000 1.000000 1.000000
1.000000 1.000000 1.000000 1.000000 1.000000 1.000000 1.000000 1.000000 1.000000 0.000000 0.409600 1.000000 1.000000 1.000000 1.000000 0.000000 1.000000 1.000000 1.000000 1.000000 1.000000
1.000000 1.000000 1.000000 1.000000 1.000000 1.000000 1.000000 1.000000 1.000000 0.000000 0.409600 1.000000 1.000000 1.000000 1.000000 0.000000 1.000000 1.000000 1.000000 1.000000 1.000000
1.000000 1.000000 1.000000 1.000000 1.000000 1.000000 1.000000 1.000000 1.000000 0.000000 0.409600 1.000000 1.000000 1.000000 1.000000 0.000000 1.000000 1.000000 1.000000 1.000000 1.000000
1.000000 1.000000 1.000000 1.000000 1.000000 1.000000 1.000000 1.000000 1.000000 0.000000 0.409600 1.000000 1.000000 1.000000 1.000000 0.000000 1.000000 1.000000 1.000000 1.000000 1.000000
1.000000 1.000000 1.000000 1.000000 1.000000 1.000000 1.000000 1.000000 1.000000 0.000000 0.409600 1.000000 1.000000 1.000000 1.000000 0.000000 1.000000 1.000000 1.000000 0.167772 1.000000
1.000000 1.000000 1.000000 1.000000 1.000000 1.000000 1.000000 1.000000 1.000000 0.000000 0.209715 1.000000 1.000000 1.000000 1.000000 0.000035 0.000325 1.000000 1.000000 1.000000 1.000000
1.000000 1.000000 1.000000 1.000000 1.000000 1.000000 1.000000 1.000000 0.005903 0.000000 0.409600 0.800000 1.000000 1.000000 1.000000 0.000000 1.000000 1.000000 1.000000 1.000000 1.000000
1.000000 1.000000 1.000000 1.000000 1.000000 1.000000 1.000000 1.000000 0.003778 0.000000 0.409600 1.000000 1.000000 1.000000 1.000000 0.000001 1.000000 1.000000 1.000000 1.000000 1.000000
1.000000 1.000000 1.000000 1.000000 1.000000 1.000000 1.000000 1.000000 1.000000 0.000000 0.409600 1.000000 0.800000 1.000000 1.000000 0.000000 1.000000 1.000000 1.000000 1.000000 1.000000
1.000000 1.000000 1.000000 1.000000 1.000000 1.000000 1.000000 1.000000 1.000000 0.000000 0.327680 1.000000 0.800000 1.000000 1.000000 0.000000 1.000000 0.800000 1.000000 1.000000 1.000000
1.000000 1.000000 1.000000 1.000000 1.000000 1.000000 1.000000 1.000000 1.000000 0.000000 0.512000 0.800000 1.000000 1.000000 1.000000 0.000000 1.000000 1.000000 0.022518 1.000000 1.000000
1.000000 1.000000 1.000000 1.000000 1.000000 1.000000 1.000000 1.000000 1.000000 0.000000 0.409600 1.000000 1.000000 1.000000 1.000000 0.000000 1.000000 1.000000 1.000000 1.000000 1.000000
1.000000 1.000000 1.000000 1.000000 1.000000 1.000000 1.000000 1.000000 0.003778 0.000000 0.409600 1.000000 1.000000 0.800000 1.000000 0.000001 1.000000 1.000000 1.000000 1.000000 1.000000
1.000000 1.000000 1.000000 1.000000 1.000000 1.000000 1.000000 1.000000 1.000000 0.000000 0.409600 1.000000 1.000000 1.000000 1.000000 0.000000 1.000000 1.000000 1.000000 1.000000 1.000000
1.000000 1.000000 1.000000 1.000000 1.000000 1.000000 1.000000 1.000000 1.000000 0.000000 0.409600 1.000000 1.000000 1.000000 1.000000 0.000000 1.000000 1.000000 1.000000 1.000000 1.000000
1.000000 1.000000 1.000000 1.000000 1.000000 1.000000 1.000000 1.000000 1.000000 0.000000 0.409600 1.000000 1.000000 1.000000 1.000000 0.000000 1.000000 1.000000 1.000000 1.000000 1.000000
1.000000 1.000000 1.000000 1.000000 1.000000 1.000000 1.000000 1.000000 1.000000 0.000000 0.409600 1.000000 1.000000 1.000000 1.000000 0.000000 1.000000 1.000000 1.000000 1.000000 1.000000
1.000000 1.000000 1.000000 1.000000 1.000000 1.000000 1.000000 1.000000 0.003778 0.000000 0.512000 0.800000 1.000000 1.000000 1.000000 0.000001 1.000000 1.000000 1.000000 1.000000 1.000000
1.000000 1.000000 1.000000 1.000000 1.000000 1.000000 1.000000 1.000000 1.000000 0.000000 0.409600 1.000000 1.000000 1.000000 1.000000 0.000000 1.000000 1.000000 1.000000 1.000000 1.000000
1.000000 1.000000 1.000000 1.000000 1.000000 1.000000 1.000000 1.000000 1.000000 0.000000 0.409600 1.000000 1.000000 1.000000 1.000000 0.000000 1.000000 1.000000 1.000000 1.000000 1.000000
1.000000 1.000000 1.000000 1.000000 1.000000 1.000000 1.000000 1.000000 1.000000 0.000000 0.409600 1.000000 1.000000 1.000000 1.000000 0.000000 1.000000 0.800000 0.107374 1.000000 1.000000
1.000000 1.000000 1.000000 1.000000 1.000000 1.000000 1.000000 1.000000 1.000000 0.000000 0.409600 1.000000 1.000000 1.000000 0.800000 0.000000 1.000000 1.000000 1.000000 1.000000 1.000000
1.000000 1.000000 1.000000 1.000000 1.000000 1.000000 1.000000 1.000000 1.000000 0.000000 0.409600 1.000000 1.000000 1.000000 1.000000 0.000000 1.000000 1.000000 1.000000 1.000000 1.000000
1.000000 1.000000 1.000000 1.000000 1.000000 1.000000 1.000000 1.000000 1.000000 0.000000 0.409600 1.000000 0.800000 1.000000 1.000000 0.000000 1.000000 1.000000 1.000000 1.000000 1.000000
1.000000 1.000000 1.000000 1.000000 1.000000 1.000000 1.000000 1.000000 1.000000 0.000000 0.512000 0.800000 1.000000 1.000000 1.000000 0.000000 1.000000 1.000000 1.000000 1.000000 1.000000
1.000000 1.000000 1.000000 1.000000 1.000000 1.000000 1.000000 1.000000 1.000000 0.000000 0.409600 1.000000 1.000000 1.000000 1.000000 0.000000 0.800000 1.000000 1.000000 1.000000 1.000000
1.000000 1.000000 1.000000 1.000000 1.000000 1.000000 1.000000 1.000000 1.000000 0.000000 0.409600 1.000000 1.000000 1.000000 1.000000 0.000000 1.000000 1.000000 1.000000 1.000000 1.000000
1.000000 1.000000 1.000000 1.000000 1.000000 1.000000 1.000000 1.000000 0.004722 0.000004 0.409600 1.000000 1.000000 1.000000 1.000000 0.000001 1.000000 1.000000 1.000000 0.001547 1.000000
1.000000 1.000000 1.000000 1.000000 1.000000 1.000000 1.000000 1.000000 1.000000 0.000000 0.409600 1.000000 1.000000 1.000000 1.000000 0.000000 1.000000 1.000000 1.000000 1.000000 1.000000
1.000000 1.000000 1.000000 1.000000 1.000000 1.000000 1.000000 1.000000 1.000000 0.000000 0.409600 1.000000 1.000000 1.000000 1.000000 0.000000 1.000000 1.000000 1.000000 1.000000 1.000000
1.000000 1.000000 1.000000 1.000000 1.000000 1.000000 1.000000 1.000000 1.000000 0.000000 0.409600 1.000000 1.000000 1.000000 1.000000 0.000000 1.000000 1.000000 1.000000 1.000000 1.000000
1.000000 1.000000 1.000000 1.000000 1.000000 1.000000 1.000000 1.000000 1.000000 0.000000 0.409600 1.000000 1.000000 1.000000 1.000000 0.000000 1.000000 1.000000 1.000000 1.000000 1.000000
1.000000 1.000000 1.000000 1.000000 1.000000 1.000000 1.000000 1.000000 1.000000 0.000000 0.409600 1.000000 1.000000 1.000000 1.000000 0.000000 1.000000 1.000000 0.003022 1.000000 1.000000
1.000000 1.000000 1.000000 1.000000 1.000000 1.000000 1.000000 1.000000 1.000000 0.000000 0.409600 1.000000 1.000000 1.000000 1.000000 0.000000 1.000000 1.000000 1.000000 1.000000 1.000000
1.000000 1.000000 1.000000 1.000000 1.000000 1.000000 1.000000 1.000000 1.000000 0.000000 0.209715 1.000000 1.000000 0.800000 1.000000 0.000028 0.000325 1.000000 1.000000 1.000000 1.000000
1.000000 1.000000 1.000000 1.000000 1.000000 1.000000 1.000000 1.000000 1.000000 0.000000 0.409600 1.000000 1.000000 1.000000 1.000000 0.000000 1.000000 1.000000 1.000000 1.000000 1.000000
1.000000 1.000000 1.000000 1.000000 1.000000 1.000000 1.000000 1.000000 1.000000 0.000000 0.409600 0.800000 1.000000 1.000000 0.800000 0.000000 1.000000 1.000000 1.000000 1.000000 1.000000
1.000000 1.000000 1.000000 1.000000 1.000000 1.000000 1.000000 1.000000 1.000000 0.000000 0.409600 1.000000 1.000000 1.000000 1.000000 0.000000 1.000000 1.000000 1.000000 1.000000 1.000000
1.000000 1.000000 1.000000 1.000000 1.000000 1.000000 1.000000 1.000000 1.000000 0.000000 0.409600 1.000000 1.000000 1.000000 1.000000 0.000000 1.000000 1.000000 0.003778 1.000000 1.000000
1.000000 1.000000 1.000000 1.000000 1.000000 1.000000 1.000000 1.000000 1.000000 0.000000 0.327680 1.000000 1.000000 1.000000 1.000000 0.000000 1.000000 1.000000 0.054976 1.000000 1.000000
1.000000 1.000000 1.000000 1.000000 1.000000 1.000000 1.000000 1.000000 1.000000 0.000000 0.409600 1.000000 1.000000 1.000000 1.000000 0.000000 1.000000 1.000000 1.000000 1.000000 1.000000
1.000000 1.000000 1.000000 1.000000 1.000000 1.000000 1.000000 1.000000 1.000000 0.000000 0.409600 1.000000 0.800000 1.000000 1.000000 0.000000 1.000000 1.000000 1.000000 1.000000 1.000000
1.000000 1.000000 1.000000 1.000000 1.000000 1.000000 1.000000 1.000000 1.000000 0.000000 0.409600 1.000000 1.000000 1.000000 1.000000 0.000000 1.000000 1.000000 1.000000 1.000000 1.000000
1.000000 1.000000 1.000000 1.000000 1.000000 1.000000 1.000000 1.000000 1.000000 0.000000 0.409600 1.000000 1.000000 1.000000 1.000000 0.000000 1.000000 1.000000 1.000000 1.000000 1.000000
1.000000 1.000000 1.000000 1.000000 1.000000 1.000000 1.000000 1.000000 0.004722 0.000001 0.409600 1.000000 1.000000 1.000000 1.000000 0.000001 1.000000 1.000000 0.011529 1.000000 1.000000
1.000000 1.000000 1.000000 1.000000 1.000000 1.000000 1.000000 1.000000 1.000000 0.000000 0.409600 1.000000 1.000000 1.000000 1.000000 0.000000 1.000000 1.000000 1.000000 1.000000 1.000000
1.000000 1.000000 1.000000 1.000000 1.000000 1.000000 1.000000 1.000000 1.000000 0.000000 0.409600 1.000000 1.000000 1.000000 1.000000 0.000000 1.000000 1.000000 1.000000 1.000000 1.000000
1.000000 1.000000 1.000000 1.000000 1.000000 1.000000 1.000000 1.000000 0.003778 0.000000 0.409600 1.000000 1.000000 1.000000 1.000000 0.000001 1.000000 1.000000 1.000000 1.000000 1.000000
1.000000 1.000000 1.000000 1.000000 1.000000 1.000000 1.000000 1.000000 1.000000 0.000000 0.409600 1.000000 1.000000 1.000000 1.000000 0.000000 1.000000 1.000000 1.000000 1.000000 1.000000
1.000000 1.000000 1.000000 1.000000 1.000000 1.000000 1.000000 1.000000 1.000000 0.000000 0.409600 1.000000 1.000000 1.000000 1.000000 0.000000 1.000000 1.000000 1.000000 1.000000 1.000000
1.000000 1.000000 1.000000 1.000000 1.000000 1.000000 1.000000 1.000000 1.000000 0.000000 0.409600 1.000000 1.000000 1.000000 0.800000 0.000000 1.000000 1.000000 1.000000 1.000000 1.000000
1.000000 1.000000 1.000000 1.000000 1.000000 1.000000 1.000000 1.000000 1.000000 0.000000 0.409600 1.000000 1.000000 1.000000 1.000000 0.000000 1.000000 1.000000 1.000000 1.000000 1.000000
1.000000 1.000000 1.000000 1.000000 1.000000 1.000000 1.000000 1.000000 1.000000 0.000000 0.409600 1.000000 1.000000 1.000000 1.000000 0.000000 1.000000 1.000000 1.000000 1.000000 1.000000
1.000000 1.000000 1.000000 1.000000 1.000000 1.000000 1.000000 1.000000 1.000000 0.000000 0.409600 1.000000 0.800000 1.000000 1.000000 0.000000 1.000000 1.000000 1.000000 1.000000 1.000000
1.000000 1.000000 1.000000 1.000000 1.000000 1.000000 1.000000 1.000000 1.000000 0.000000 0.409600 1.000000 1.000000 1.000000 1.000000 0.000000 1.000000 1.000000 1.000000 1.000000 1.000000
1.000000 1.000000 1.000000 1.000000 1.000000 1.000000 1.000000 1.000000 1.000000 0.000000 0.409600 1.000000 1.000000 1.000000 1.000000 0.000000 1.000000 1.000000 1.000000 1.000000 1.000000
1.000000 1.000000 1.000000 1.000000 1.000000 1.000000 1.000000 1.000000 1.000000 0.000000 0.409600 1.000000 1.000000 1.000000 1.000000 0.000000 1.000000 1.000000 1.000000 1.000000 1.000000
1.000000 1.000000 1.000000 1.000000 1.000000 1.000000 1.000000 1.000000 1.000000 0.000000 0.409600 1.000000 1.000000 1.000000 1.000000 0.000000 1.000000 1.000000 1.000000 1.000000 1.000000
1.000000 1.000000 1.000000 1.000000 1.000000 1.000000 1.000000 1.000000 1.000000 0.000000 0.409600 1.000000 1.000000 1.000000 1.000000 0.000000 1.000000 1.000000 1.000000 1.000000 1.000000
1.000000 1.000000 1.000000 1.000000 1.000000 1.000000 1.000000 1.000000 1.000000 0.000000 0.409600 1.000000 1.000000 1.000000 1.000000 0.000000 1.000000 1.000000 1.000000 1.000000 1.000000
1.000000 1.000000 1.000000 1.000000 1.000000 1.000000 1.000000 1.000000 1.000000 0.000000 0.409600 1.000000 1.000000 1.000000 1.000000 0.000000 1.000000 1.000000 1.000000 1.000000 1.000000
1.000000 1.000000 1.000000 1.000000 1.000000 1.000000 1.000000 1.000000 1.000000 0.000000 0.409600 1.000000 1.000000 1.000000 1.000000 0.000000 1.000000 1.000000 1.000000 1.000000 1.000000
1.000000 1.000000 1.000000 1.000000 1.000000 1.000000 1.000000 1.000000 1.000000 0.000000 0.409600 1.000000 1.000000 1.000000 1.000000 0.000000 1.000000 1.000000 1.000000 1.000000 1.000000
1.000000 1.000000 1.000000 1.000000 1.000000 1.000000 1.000000 1.000000 1.000000 0.000000 0.409600 1.000000 1.000000 1.000000 1.000000 0.000000 1.000000 1.000000 1.000000 1.000000 1.000000
1.000000 1.000000 1.000000 1.000000 1.000000 1.000000 1.000000 1.000000 1.000000 0.000000 0.409600 1.000000 1.000000 1.000000 0.800000 0.000000 1.000000 1.000000 1.000000 1.000000 1.000000
1.000000 1.000000 1.000000 1.000000 1.000000 1.000000 1.000000 1.000000 1.000000 0.000000 0.640000 1.000000 1.000000 1.000000 1.000000 0.000000 1.000000 1.000000 1.000000 1.000000 1.000000
1.000000 1.000000 1.000000 1.000000 1.000000 1.000000 1.000000 1.000000 1.000000 0.000000 0.409600 1.000000 1.000000 1.000000 1.000000 0.000000 1.000000 1.000000 1.000000 1.000000 1.000000
1.000000 1.000000 1.000000 1.000000 1.000000 1.000000 1.000000 1.000000 1.000000 0.000000 0.409600 1.000000 1.000000 1.000000 1.000000 0.000000 1.000000 1.000000 1.000000 1.000000 0.800000
1.000000 1.000000 1.000000 1.000000 1.000000 1.000000 1.000000 1.000000 1.000000 0.000000 0.409600 1.000000 1.000000 1.000000 1.000000 0.000000 1.000000 1.000000 1.000000 1.000000 1.000000
1.000000 1.000000 1.000000 1.000000 1.000000 1.000000 1.000000 1.000000 1.000000 0.000000 0.409600 1.000000 1.000000 1.000000 1.000000 0.000000 1.000000 1.000000 1.000000 1.000000 1.000000
1.000000 1.000000 1.000000 1.000000 1.000000 1.000000 1.000000 1.000000 1.000000 0.000000 0.409600 1.000000 1.000000 1.000000 1.000000 0.000000 1.000000 1.000000 1.000000 1.000000 1.000000
1.000000 1.000000 1.000000 1.000000 1.000000 1.000000 1.000000 1.000000 1.000000 0.000000 0.327680 1.000000 1.000000 1.000000 1.000000 0.000000 1.000000 1.000000 1.000000 1.000000 1.000000
1.000000 1.000000 1.000000 1.000000 1.000000 1.000000 1.000000 1.000000 1.000000 0.000000 0.409600 1.000000 1.000000 1.000000 1.000000 0.000000 1.000000 1.000000 1.000000 1.000000 1.000000
1.000000 1.000000 1.000000 1.000000 1.000000 1.000000 1.000000 1.000000 1.000000 0.000000 0.409600 1.000000 1.000000 1.000000 1.000000 0.000000 1.000000 1.000000 1.000000 1.000000 1.000000
1.000000 1.000000 1.000000 1.000000 1.000000 1.000000 1.000000 1.000000 1.000000 0.000000 0.409600 1.000000 1.000000 1.000000 1.000000 0.000000 1.000000 1.000000 1.000000 1.000000 1.000000
1.000000 1.000000 1.000000 1.000000 1.000000 1.000000 1.000000 1.000000 1.000000 0.000000 0.409600 1.000000 1.000000 1.000000 1.000000 0.000000 1.000000 1.000000 1.000000 1.000000 1.000000
1.000000 1.000000 1.000000 1.000000 1.000000 1.000000 1.000000 1.000000 1.000000 0.000000 0.409600 1.000000 1.000000 1.000000 1.000000 0.000000 1.000000 1.000000 1.000000 1.000000 1.000000
1.000000 1.000000 1.000000 1.000000 1.000000 1.000000 1.000000 1.000000 1.000000 0.000000 0.409600 1.000000 1.000000 1.000000 1.000000 0.000000 1.000000 1.000000 1.000000 1.000000 1.000000
1.000000 1.000000 1.000000 1.000000 1.000000 1.000000 1.000000 1.000000 1.000000 0.000000 0.409600 1.000000 1.000000 1.000000 1.000000 0.000000 1.000000 1.000000 1.000000 1.000000 1.000000
1.000000 1.000000 1.000000 1.000000 1.000000 1.000000 1.000000 1.000000 1.000000 0.000000 0.409600 1.000000 1.000000 1.000000 1.000000 0.000000 1.000000 1.000000 1.000000 1.000000 1.000000
1.000000 1.000000 1.000000 1.000000 1.000000 1.000000 1.000000 1.000000 1.000000 0.000000 0.409600 1.000000 1.000000 1.000000 1.000000 0.000000 1.000000 1.000000 1.000000 1.000000 1.000000
1.000000 1.000000 1.000000 1.000000 1.000000 1.000000 1.000000 1.000000 1.000000 0.000000 0.409600 1.000000 1.000000 1.000000 1.000000 0.000000 1.000000 1.000000 1.000000 1.000000 1.000000
1.000000 1.000000 1.000000 1.000000 1.000000 1.000000 1.000000 1.000000 1.000000 0.000000 0.409600 1.000000 1.000000 1.000000 1.000000 0.000000 1.000000 1.000000 1.000000 1.000000 1.000000
1.000000 1.000000 1.000000 1.000000 1.000000 1.000000 1.000000 1.000000 1.000000 0.000000 0.409600 1.000000 1.000000 1.000000 1.000000 0.000000 1.000000 1.000000 1.000000 1.000000 1.000000
1.000000 1.000000 1.000000 1.000000 1.000000 1.000000 1.000000 1.000000 1.000000 0.000000 0.409600 1.000000 1.000000 1.000000 1.000000 0.000000 1.000000 1.000000 1.000000 1.000000 1.000000
1.000000 1.000000 1.000000 1.000000 1.000000 1.000000 1.000000 1.000000 1.000000 0.000000 0.409600 1.000000 1.000000 1.000000 1.000000 0.000000 1.000000 1.000000 1.000000 1.000000 1.000000
1.000000 1.000000 1.000000 1.000000 1.000000 1.000000 1.000000 1.000000 1.000000 0.000000 0.409600 1.000000 1.000000 1.000000 1.000000 0.000000 1.000000 1.000000 1.000000 1.000000 1.000000
1.000000 1.000000 1.000000 1.000000 1.000000 1.000000 1.000000 1.000000 1.000000 0.000000 0.409600 1.000000 1.000000 1.000000 1.000000 0.000000 1.000000 1.000000 1.000000 1.000000 1.000000
1.000000 1.000000 1.000000 1.000000 1.000000 1.000000 1.000000 1.000000 1.000000 0.000000 0.409600 1.000000 1.000000 1.000000 1.000000 0.000000 1.000000 1.000000 1.000000 1.000000 1.000000
1.000000 1.000000 1.000000 1.000000 1.000000 1.000000 1.000000 1.000000 1.000000 0.000000 0.409600 1.000000 1.000000 1.000000 1.000000 0.000000 1.000000 0.800000 1.000000 1.000000 1.000000
1.000000 1.000000 1.000000 1.000000 1.000000 1.000000 1.000000 1.000000 1.000000 0.000000 0.409600 1.000000 1.000000 1.000000 1.000000 0.000000 1.000000 1.000000 1.000000 1.000000 1.000000
1.000000 1.000000 1.000000 1.000000 1.000000 1.000000 1.000000 1.000000 1.000000 0.000000 0.409600 1.000000 1.000000 1.000000 1.000000 0.000000 1.000000 1.000000 1.000000 1.000000 1.000000
1.000000 1.000000 1.000000 1.000000 1.000000 1.000000 1.000000 1.000000 1.000000 0.000000 0.409600 1.000000 1.000000 1.000000 1.000000 0.000000 1.000000 1.000000 1.000000 1.000000 1.000000
1.000000 1.000000 1.000000 1.000000 1.000000 1.000000 1.000000 1.000000 1.000000 0.000000 0.409600 1.000000 1.000000 1.000000 1.000000 0.000000 1.000000 1.000000 1.000000 1.000000 1.000000
1.000000 1.000000 1.000000 1.000000 1.000000 1.000000 1.000000 1.000000 1.000000 0.000000 0.409600 1.000000 1.000000 1.000000 1.000000 0.000000 1.000000 1.000000 1.000000 1.000000 1.000000
1.000000 1.000000 1.000000 1.000000 1.000000 1.000000 1.000000 1.000000 1.000000 0.000000 0.409600 1.000000 1.000000 1.000000 1.000000 0.000000 1.000000 1.000000 1.000000 1.000000 1.000000
1.000000 1.000000 1.000000 1.000000 1.000000 1.000000 1.000000 1.000000 1.000000 0.000000 0.409600 1.000000 1.000000 1.000000 1.000000 0.000000 1.000000 1.000000 1.000000 1.000000 1.000000
1.000000 1.000000 1.000000 1.000000 1.000000 1.000000 1.000000 1.000000 1.000000 0.000000 0.409600 1.000000 1.000000 1.000000 1.000000 0.000000 1.000000 1.000000 1.000000 1.000000 1.000000
1.000000 1.000000 1.000000 1.000000 1.000000 1.000000 1.000000 1.000000 1.000000 0.000000 0.409600 1.000000 1.000000 1.000000 1.000000 0.000000 1.000000 1.000000 1.000000 1.000000 1.000000
1.000000 1.000000 1.000000 1.000000 1.000000 1.000000 1.000000 1.000000 1.000000 0.000000 0.409600 1.000000 1.000000 1.000000 1.000000 0.000000 1.000000 1.000000 1.000000 1.000000 1.000000
1.000000 1.000000 1.000000 1.000000 1.000000 1.000000 1.000000 1.000000 1.000000 0.000000 0.409600 1.000000 1.000000 1.000000 1.000000 0.000000 1.000000 1.000000 1.000000 1.000000 1.000000
1.000000 1.000000 1.000000 1.000000 1.000000 1.000000 1.000000 1.000000 1.000000 0.000000 0.327680 1.000000 1.000000 1.000000 1.000000 0.000000 1.000000 1.000000 1.000000 1.000000 1.000000
1.000000 1.000000 1.000000 1.000000 1.000000 1.000000 1.000000 1.000000 1.000000 0.000000 0.409600 1.000000 1.000000 1.000000 1.000000 0.000000 1.000000 1.000000 1.000000 1.000000 1.000000
1.000000 1.000000 1.000000 1.000000 1.000000 1.000000 1.000000 1.000000 1.000000 0.000000 0.409600 1.000000 1.000000 0.800000 1.000000 0.000000 1.000000 1.000000 1.000000 1.000000 1.000000
1.000000 1.000000 1.000000 1.000000 1.000000 1.000000 1.000000 1.000000 1.000000 0.000000 0.409600 1.000000 1.000000 1.000000 1.000000 0.000000 1.000000 1.000000 1.000000 1.000000 1.000000
1.000000 1.000000 1.000000 1.000000 1.000000 1.000000 1.000000 1.000000 1.000000 0.000000 0.409600 1.000000 1.000000 1.000000 1.000000 0.000000 1.000000 1.000000 1.000000 0.022518 1.000000
1.000000 1.000000 1.000000 1.000000 1.000000 1.000000 1.000000 1.000000 1.000000 0.000000 0.409600 1.000000 1.000000 1.000000 1.000000 0.000000 1.000000 1.000000 1.000000 1.000000 1.000000
1.000000 1.000000 1.000000 1.000000 1.000000 1.000000 1.000000 1.000000 1.000000 0.000000 0.409600 1.000000 1.000000 1.000000 1.000000 0.000000 1.000000 1.000000 1.000000 1.000000 1.000000
1.000000 1.000000 1.000000 1.000000 1.000000 1.000000 1.000000 1.000000 1.000000 0.000000 0.409600 1.000000 1.000000 1.000000 1.000000 0.000000 1.000000 1.000000 1.000000 1.000000 1.000000
1.000000 1.000000 1.000000 1.000000 1.000000 1.000000 1.000000 1.000000 1.000000 0.000000 0.409600 1.000000 1.000000 1.000000 1.000000 0.000000 1.000000 1.000000 1.000000 1.000000 1.000000
1.000000 1.000000 1.000000 1.000000 1.000000 1.000000 1.000000 1.000000 1.000000 0.000000 0.409600 1.000000 1.000000 1.000000 1.000000 0.000000 1.000000 1.000000 1.000000 1.000000 1.000000
1.000000 1.000000 1.000000 1.000000 1.000000 1.000000 1.000000 1.000000 1.000000 0.000000 0.409600 1.000000 1.000000 1.000000 1.000000 0.000000 1.000000 1.000000 1.000000 1.000000 1.000000
1.000000 1.000000 1.000000 1.000000 1.000000 1.000000 1.000000 1.000000 1.000000 0.000000 0.409600 1.000000 1.000000 1.000000 1.000000 0.000000 1.000000 1.000000 1.000000 1.000000 1.000000
1.000000 1.000000 1.000000 1.000000 1.000000 1.000000 1.000000 1.000000 1.000000 0.000000 0.409600 1.000000 1.000000 1.000000 1.000000 0.000000 1.000000 1.000000 1.000000 1.000000 1.000000
1.000000 1.000000 1.000000 1.000000 1.000000 1.000000 1.000000 1.000000 1.000000 0.000000 0.409600 1.000000 1.000000 1.000000 1.000000 0.000000 1.000000 1.000000 1.000000 1.000000 1.000000
1.000000 1.000000 1.000000 1.000000 1.000000 1.000000 1.000000 1.000000 1.000000 0.000000 0.409600 1.000000 1.000000 1.000000 1.000000 0.000000 1.000000 1.000000 1.000000 1.000000 1.000000
1.000000 1.000000 1.000000 1.000000 1.000000 1.000000 1.000000 1.000000 1.000000 0.000000 0.409600 1.000000 1.000000 1.000000 1.000000 0.000000 1.000000 1.000000 1.000000 1.000000 1.000000
1.000000 1.000000 1.000000 1.000000 1.000000 1.000000 1.000000 1.000000 1.000000 0.000000 0.409600 1.000000 1.000000 1.000000 1.000000 0.000000 1.000000 1.000000 1.000000 1.000000 1.000000
1.000000 1.000000 1.000000 1.000000 1.000000 1.000000 1.000000 1.000000 1.000000 0.000000 0.409600 1.000000 1.000000 1.000000 1.000000 0.000000 1.000000 1.000000 1.000000 1.000000 1.000000
1.000000 1.000000 1.000000 1.000000 1.000000 1.000000 1.000000 1.000000 1.000000 0.000000 0.409600 1.000000 1.000000 1.000000 1.000000 0.000000 1.000000 1.000000 1.000000 1.000000 1.000000
1.000000 1.000000 1.000000 1.000000 1.000000 1.000000 1.000000 1.000000 1.000000 0.000000 0.409600 1.000000 1.000000 1.000000 1.000000 0.000000 1.000000 1.000000 1.000000 1.000000 1.000000
1.000000 1.000000 1.000000 1.000000 1.000000 1.000000 1.000000 1.000000 1.000000 0.000000 0.409600 1.000000 1.000000 1.000000 1.000000 0.000000 1.000000 1.000000 1.000000 1.000000 1.000000
1.000000 1.000000 1.000000 1.000000 1.000000 1.000000 1.000000 1.000000 1.000000 0.000000 0.409600 1.000000 1.000000 1.000000 1.000000 0.000000 1.000000 1.000000 1.000000 1.000000 1.000000
1.000000 1.000000 1.000000 1.000000 1.000000 1.000000 1.000000 1.000000 1.000000 0.000000 0.409600 1.000000 1.000000 1.000000 1.000000 0.000000 1.000000 1.000000 1.000000 1.000000 1.000000
1.000000 1.000000 1.000000 1.000000 1.000000 1.000000 1.000000 1.000000 1.000000 0.000000 0.409600 1.000000 1.000000 1.000000 1.000000 0.000000 1.000000 1.000000 1.000000 1.000000 1.000000
1.000000 1.000000 1.000000 1.000000 1.000000 1.000000 1.000000 1.000000 1.000000 0.000000 0.409600 1.000000 1.000000 1.000000 1.000000 0.000000 1.000000 1.000000 1.000000 1.000000 1.000000
1.000000 1.000000 1.000000 1.000000 1.000000 1.000000 1.000000 1.000000 1.000000 0.000000 0.409600 1.000000 1.000000 1.000000 1.000000 0.000000 1.000000 1.000000 1.000000 1.000000 1.000000
1.000000 1.000000 1.000000 1.000000 1.000000 1.000000 1.000000 1.000000 1.000000 0.000000 0.409600 1.000000 1.000000 1.000000 1.000000 0.000000 1.000000 1.000000 1.000000 1.000000 1.000000
1.000000 1.000000 1.000000 1.000000 1.000000 1.000000 1.000000 1.000000 1.000000 0.000000 0.409600 1.000000 1.000000 1.000000 1.000000 0.000000 1.000000 1.000000 1.000000 1.000000 1.000000
1.000000 1.000000 1.000000 1.000000 1.000000 1.000000 1.000000 1.000000 1.000000 0.000000 0.409600 1.000000 1.000000 1.000000 1.000000 0.000000 1.000000 1.000000 1.000000 1.000000 1.000000
1.000000 1.000000 1.000000 1.000000 1.000000 1.000000 1.000000 1.000000 1.000000 0.000000 0.409600 1.000000 1.000000 1.000000 1.000000 0.000000 1.000000 1.000000 1.000000 1.000000 1.000000
1.000000 1.000000 1.000000 1.000000 1.000000 1.000000 1.000000 1.000000 1.000000 0.000000 0.409600 1.000000 1.000000 1.000000 1.000000 0.000000 1.000000 1.000000 1.000000 1.000000 1.000000
1.000000 1.000000 1.000000 1.000000 1.000000 1.000000 1.000000 1.000000 1.000000 0.000000 0.409600 1.000000 1.000000 1.000000 1.000000 0.000000 1.000000 1.000000 1.000000 1.000000 1.000000
1.000000 1.000000 1.000000 1.000000 1.000000 1.000000 1.000000 1.000000 1.000000 0.000000 0.409600 1.000000 1.000000 1.000000 1.000000 0.000000 1.000000 1.000000 1.000000 1.000000 1.000000
1.000000 1.000000 1.000000 1.000000 1.000000 1.000000 1.000000 1.000000 1.000000 0.000000 0.512000 0.800000 1.000000 1.000000 1.000000 0.000000 1.000000 1.000000 1.000000 1.000000 1.000000
1.000000 1.000000 1.000000 1.000000 1.000000 1.000000 1.000000 1.000000 1.000000 0.000000 0.409600 1.000000 1.000000 1.000000 1.000000 0.000000 1.000000 1.000000 1.000000 1.000000 1.000000
1.000000 1.000000 1.000000 1.000000 1.000000 1.000000 1.000000 1.000000 1.000000 0.000000 0.409600 1.000000 1.000000 1.000000 1.000000 0.000000 1.000000 1.000000 1.000000 1.000000 1.000000
1.000000 1.000000 1.000000 1.000000 1.000000 1.000000 1.000000 1.000000 1.000000 0.000000 0.409600 1.000000 1.000000 1.000000 1.000000 0.000000 1.000000 1.000000 1.000000 1.000000 1.000000
1.000000 1.000000 1.000000 1.000000 1.000000 1.000000 1.000000 1.000000 1.000000 0.000000 0.409600 1.000000 1.000000 1.000000 1.000000 0.000000 1.000000 1.000000 1.000000 1.000000 1.000000
1.000000 1.000000 1.000000 1.000000 1.000000 1.000000 1.000000 1.000000 1.000000 0.000000 0.409600 1.000000 1.000000 1.000000 0.800000 0.000000 1.000000 1.000000 1.000000 1.000000 1.000000
1.000000 1.000000 1.000000 1.000000 1.000000 1.000000 1.000000 1.000000 1.000000 0.000000 0.409600 1.000000 1.000000 1.000000 1.000000 0.000000 1.000000 1.000000 1.000000 1.000000 1.000000
1.000000 1.000000 1.000000 1.000000 1.000000 1.000000 1.000000 1.000000 1.000000 0.000000 0.409600 1.000000 1.000000 1.000000 1.000000 0.000000 1.000000 1.000000 1.000000 1.000000 1.000000
1.000000 1.000000 1.000000 1.000000 1.000000 1.000000 1.000000 1.000000 1.000000 0.000000 0.409600 1.000000 1.000000 1.000000 1.000000 0.000000 1.000000 0.800000 1.000000 1.000000 1.000000
1.000000 1.000000 1.000000 1.000000 1.000000 1.000000 1.000000 1.000000 1.000000 0.000000 0.409600 1.000000 1.000000 1.000000 1.000000 0.000000 1.000000 1.000000 1.000000 1.000000 1.000000
1.000000 1.000000 1.000000 1.000000 1.000000 1.000000 1.000000 1.000000 1.000000 0.000000 0.409600 1.000000 1.000000 1.000000 1.000000 0.000000 1.000000 1.000000 1.000000 1.000000 1.000000
1.000000 1.000000 1.000000 1.000000 1.000000 1.000000 1.000000 1.000000 1.000000 0.000000 0.409600 1.000000 1.000000 1.000000 1.000000 0.000000 1.000000 1.000000 1.000000 1.000000 1.000000
1.000000 1.000000 1.000000 1.000000 1.000000 1.000000 1.000000 1.000000 1.000000 0.000000 0.409600 1.000000 1.000000 1.000000 1.000000 0.000000 1.000000 1.000000 1.000000 1.000000 1.000000
1.000000 1.000000 1.000000 1.000000 1.000000 1.000000 1.000000 1.000000 1.000000 0.000000 0.409600 1.000000 1.000000 1.000000 1.000000 0.000000 1.000000 1.000000 1.000000 1.000000 1.000000
1.000000 1.000000 1.000000 1.000000 1.000000 1.000000 1.000000 1.000000 1.000000 0.000000 0.409600 1.000000 1.000000 1.000000 1.000000 0.000000 1.000000 1.000000 1.000000 1.000000 1.000000
1.000000 1.000000 1.000000 1.000000 1.000000 1.000000 1.000000 1.000000 1.000000 0.000000 0.409600 1.000000 1.000000 1.000000 1.000000 0.000000 1.000000 1.000000 1.000000 1.000000 1.000000
1.000000 1.000000 1.000000 1.000000 1.000000 1.000000 1.000000 1.000000 1.000000 0.000000 0.409600 1.000000 1.000000 1.000000 1.000000 0.000000 1.000000 1.000000 1.000000 1.000000 1.000000
1.000000 1.000000 1.000000 1.000000 1.000000 1.000000 1.000000 1.000000 1.000000 0.000000 0.409600 1.000000 1.000000 1.000000 1.000000 0.000000 1.000000 1.000000 1.000000 1.000000 1.000000
1.000000 1.000000 1.000000 1.000000 1.000000 1.000000 1.000000 1.000000 1.000000 0.000000 0.409600 1.000000 1.000000 1.000000 1.000000 0.000000 1.000000 1.000000 1.000000 1.000000 1.000000
1.000000 1.000000 1.000000 1.000000 1.000000 1.000000 1.000000 1.000000 1.000000 0.000000 0.409600 1.000000 1.000000 1.000000 1.000000 0.000000 1.000000 1.000000 1.000000 1.000000 1.000000
1.000000 1.000000 1.000000 1.000000 1.000000 1.000000 1.000000 1.000000 1.000000 0.000000 0.409600 1.000000 1.000000 1.000000 1.000000 0.000000 1.000000 1.000000 1.000000 1.000000 1.000000
1.000000 1.000000 1.000000 1.000000 1.000000 1.000000 1.000000 1.000000 1.000000 0.000000 0.409600 1.000000 1.000000 1.000000 1.000000 0.000000 1.000000 1.000000 1.000000 1.000000 1.000000
1.000000 1.000000 1.000000 1.000000 1.000000 1.000000 1.000000 1.000000 1.000000 0.000000 0.409600 1.000000 1.000000 1.000000 1.000000 0.000000 1.000000 1.000000 1.000000 1.000000 1.000000
1.000000 1.000000 1.000000 1.000000 1.000000 1.000000 1.000000 1.000000 1.000000 0.000000 0.409600 1.000000 1.000000 1.000000 1.000000 0.000000 1.000000 1.000000 1.000000 1.000000 1.000000
1.000000 1.000000 1.000000 1.000000 1.000000 1.000000 1.000000 1.000000 1.000000 0.000000 0.409600 1.000000 1.000000 1.000000 1.000000 0.000000 1.000000 1.000000 1.000000 1.000000 1.000000
1.000000 1.000000 1.000000 1.000000 1.000000 1.000000 1.000000 1.000000 1.000000 0.000000 0.409600 1.000000 1.000000 1.000000 1.000000 0.000000 1.000000 1.000000 1.000000 1.000000 1.000000
1.000000 1.000000 1.000000 1.000000 1.000000 1.000000 1.000000 1.000000 1.000000 0.000000 0.409600 1.000000 1.000000 1.000000 1.000000 0.000000 1.000000 1.000000 1.000000 1.000000 1.000000
1.000000 1.000000 1.000000 1.000000 1.000000 1.000000 1.000000 1.000000 1.000000 0.000000 0.409600 1.000000 1.000000 1.000000 1.000000 0.000000 1.000000 1.000000 1.000000 1.000000 1.000000
1.000000 1.000000 1.000000 1.000000 1.000000 1.000000 1.000000 1.000000 1.000000 0.000000 0.409600 1.000000 1.000000 1.000000 1.000000 0.000000 1.000000 1.000000 1.000000 1.000000 1.000000
1.000000 1.000000 1.000000 1.000000 1.000000 1.000000 1.000000 1.000000 1.000000 0.000000 0.409600 1.000000 1.000000 1.000000 1.000000 0.000000 1.000000 1.000000 1.000000 1.000000 1.000000
1.000000 1.000000 1.000000 1.000000 1.000000 1.000000 1.000000 1.000000 1.000000 0.000000 0.409600 1.000000 1.000000 1.000000 1.000000 0.000000 1.000000 1.000000 1.000000 1.000000 1.000000
1.000000 1.000000 1.000000 1.000000 1.000000 1.000000 1.000000 1.000000 1.000000 0.000000 0.409600 1.000000 1.000000 1.000000 1.000000 0.000000 1.000000 1.000000 1.000000 1.000000 1.000000
1.000000 1.000000 1.000000 1.000000 1.000000 1.000000 1.000000 1.000000 1.000000 0.000000 0.409600 1.000000 1.000000 1.000000 1.000000 0.000000 1.000000 1.000000 1.000000 1.000000 1.000000
1.000000 1.000000 1.000000 1.000000 1.000000 1.000000 1.000000 1.000000 1.000000 0.000000 0.409600 1.000000 1.000000 1.000000 1.000000 0.000000 1.000000 1.000000 1.000000 1.000000 1.000000
1.000000 1.000000 1.000000 1.000000 1.000000 1.000000 1.000000 1.000000 1.000000 0.000000 0.409600 1.000000 1.000000 1.000000 1.000000 0.000000 1.000000 1.000000 1.000000 1.000000 1.000000
1.000000 1.000000 1.000000 1.000000 1.000000 1.000000 1.000000 1.000000 1.000000 0.000000 0.409600 1.000000 1.000000 1.000000 1.000000 0.000000 1.000000 1.000000 1.000000 1.000000 1.000000
1.000000 1.000000 1.000000 1.000000 1.000000 1.000000 1.000000 1.000000 1.000000 0.000000 0.409600 1.000000 1.000000 1.000000 1.000000 0.000000 1.000000 1.000000 1.000000 1.000000 1.000000
1.000000 1.000000 1.000000 1.000000 1.000000 1.000000 1.000000 1.000000 1.000000 0.000000 0.409600 1.000000 1.000000 1.000000 1.000000 0.000000 1.000000 1.000000 1.000000 1.000000 1.000000
1.000000 1.000000 1.000000 1.000000 1.000000 1.000000 1.000000 1.000000 1.000000 0.000000 0.409600 1.000000 1.000000 1.000000 1.000000 0.000000 1.000000 1.000000 1.000000 1.000000 1.000000
1.000000 1.000000 1.000000 1.000000 1.000000 1.000000 1.000000 1.000000 1.000000 0.000000 0.409600 1.000000 1.000000 1.000000 1.000000 0.000000 1.000000 1.000000 1.000000 1.000000 1.000000
1.000000 1.000000 1.000000 1.000000 1.000000 1.000000 1.000000 1.000000 1.000000 0.000000 0.409600 1.000000 1.000000 1.000000 1.000000 0.000000 1.000000 1.000000 1.000000 1.000000 1.000000
1.000000 1.000000 1.000000 1.000000 1.000000 1.000000 1.000000 1.000000 1.000000 0.000000 0.409600 1.000000 1.000000 1.000000 1.000000 0.000000 1.000000 1.000000 1.000000 1.000000 1.000000
1.000000 1.000000 1.000000 1.000000 1.000000 1.000000 1.000000 1.000000 1.000000 0.000000 0.409600 1.000000 1.000000 1.000000 1.000000 0.000000 1.000000 1.000000 1.000000 1.000000 1.000000
1.000000 1.000000 1.000000 1.000000 1.000000 1.000000 1.000000 1.000000 1.000000 0.000000 0.409600 1.000000 1.000000 1.000000 1.000000 0.000000 1.000000 1.000000 1.000000 1.000000 1.000000
1.000000 1.000000 1.000000 1.000000 1.000000 1.000000 1.000000 1.000000 1.000000 0.000000 0.409600 1.000000 1.000000 1.000000 1.000000 0.000000 1.000000 1.000000 1.000000 1.000000 1.000000
1.000000 1.000000 1.000000 1.000000 1.000000 1.000000 1.000000 1.000000 1.000000 0.000000 0.409600 1.000000 1.000000 1.000000 1.000000 0.000000 1.000000 1.000000 1.000000 1.000000 1.000000
1.000000 1.000000 1.000000 1.000000 1.000000 1.000000 1.000000 1.000000 1.000000 0.000000 0.409600 1.000000 1.000000 1.000000 1.000000 0.000000 1.000000 1.000000 1.000000 1.000000 1.000000
1.000000 1.000000 1.000000 1.000000 1.000000 1.000000 1.000000 1.000000 1.000000 0.000000 0.409600 1.000000 1.000000 1.000000 1.000000 0.000000 1.000000 1.000000 1.000000 1.000000 1.000000
1.000000 1.000000 1.000000 1.000000 1.000000 1.000000 1.000000 1.000000 1.000000 0.000000 0.409600 1.000000 1.000000 1.000000 1.000000 0.000000 1.000000 1.000000 1.000000 1.000000 1.000000
1.000000 1.000000 1.000000 1.000000 1.000000 1.000000 1.000000 1.000000 1.000000 0.000000 0.409600 1.000000 1.000000 1.000000 1.000000 0.000000 1.000000 1.000000 1.000000 1.000000 1.000000
1.000000 1.000000 1.000000 1.000000 1.000000 1.000000 1.000000 1.000000 1.000000 0.000000 0.409600 1.000000 1.000000 1.000000 1.000000 0.000000 1.000000 1.000000 1.000000 1.000000 1.000000
1.000000 1.000000 1.000000 1.000000 1.000000 1.000000 1.000000 1.000000 1.000000 0.000000 0.409600 1.000000 1.000000 1.000000 1.000000 0.000000 1.000000 1.000000 1.000000 1.000000 1.000000
1.000000 1.000000 1.000000 1.000000 1.000000 1.000000 1.000000 1.000000 1.000000 0.000000 0.409600 1.000000 1.000000 1.000000 1.000000 0.000000 1.000000 1.000000 1.000000 1.000000 1.000000
1.000000 1.000000 1.000000 1.000000 1.000000 1.000000 1.000000 1.000000 1.000000 0.000000 0.409600 1.000000 1.000000 1.000000 1.000000 0.000000 1.000000 1.000000 1.000000 1.000000 1.000000
1.000000 1.000000 1.000000 1.000000 1.000000 1.000000 1.000000 1.000000 1.000000 0.000000 0.409600 1.000000 1.000000 1.000000 1.000000 0.000000 1.000000 1.000000 1.000000 1.000000 1.000000
1.000000 1.000000 1.000000 1.000000 1.000000 1.000000 1.000000 1.000000 1.000000 0.000000 0.409600 1.000000 1.000000 1.000000 1.000000 0.000000 1.000000 1.000000 1.000000 1.000000 1.000000
1.000000 1.000000 1.000000 1.000000 1.000000 1.000000 1.000000 1.000000 1.000000 0.000000 0.409600 1.000000 1.000000 1.000000 1.000000 0.000000 1.000000 1.000000 1.000000 1.000000 1.000000
1.000000 1.000000 1.000000 1.000000 1.000000 1.000000 1.000000 1.000000 1.000000 0.000000 0.409600 1.000000 1.000000 1.000000 1.000000 0.000000 1.000000 1.000000 1.000000 1.000000 1.000000
1.000000 1.000000 1.000000 1.000000 1.000000 1.000000 1.000000 1.000000 1.000000 0.000000 0.409600 1.000000 1.000000 1.000000 1.000000 0.000000 1.000000 1.000000 1.000000 1.000000 1.000000
1.000000 1.000000 1.000000 1.000000 1.000000 1.000000 1.000000 1.000000 1.000000 0.000000 0.409600 1.000000 1.000000 1.000000 1.000000 0.000000 1.000000 1.000000 1.000000 1.000000 1.000000
1.000000 1.000000 1.000000 1.000000 1.000000 1.000000 1.000000 1.000000 1.000000 0.000000 0.409600 1.000000 1.000000 1.000000 1.000000 0.000000 1.000000 1.000000 1.000000 1.000000 1.000000
1.000000 1.000000 1.000000 1.000000 1.000000 1.000000 1.000000 1.000000 1.000000 0.000000 0.409600 1.000000 1.000000 1.000000 1.000000 0.000000 1.000000 1.000000 1.000000 1.000000 1.000000
