0.000000 0.000000 0.000000 0.000000 0.000000 0.000000 0.000000 0.000000 0.000000 0.000000 0.000000 0.000000 0.000000 0.000000 0.000000 0.000000 0.000000 0.000000 0.000000 0.000000 0.000000
0.084182 0.084182 0.084182 0.084182 0.084182 0.084182 0.084182 0.084182 0.003729 0.001222 0.055393 0.003055 0.000626 0.005826 0.003729 0.000001 0.069122 0.055393 0.009103 0.011378 1.000000
0.084174 0.084174 0.084174 0.084174 0.084174 0.084174 0.084174 0.084174 0.002983 0.000977 0.044359 0.014561 0.000782 0.000164 0.027758 0.000006 0.007456 0.014561 0.043323 0.014220 1.000000
0.084162 0.084162 0.084162 0.084162 0.084162 0.084162 0.084162 0.084162 0.002982 0.001222 0.035507 0.022742 0.000500 0.003728 0.004660 0.000006 0.014559 0.009319 0.007281 0.022209 1.000000
0.084725 0.084725 0.084725 0.084725 0.084725 0.084725 0.084725 0.084725 0.001230 0.001922 0.044652 0.035748 0.001922 0.003003 0.000984 0.000002 0.022896 0.086729 0.003003 0.043610 1.000000
0.084166 0.084166 0.084166 0.084166 0.084166 0.084166 0.084166 0.084166 0.009101 0.000131 0.022743 0.007456 0.002982 0.009101 0.001527 0.000002 0.014560 0.055382 0.014219 0.011376 1.000000
0.084712 0.084712 0.084712 0.084712 0.084712 0.084712 0.084712 0.084712 0.000984 0.009161 0.044645 0.069559 0.000165 0.003753 0.003002 0.000002 0.035742 0.028607 0.007329 0.014312 1.000000
0.084172 0.084172 0.084172 0.084172 0.084172 0.084172 0.084172 0.084172 0.002386 0.004660 0.044358 0.005965 0.000105 0.004660 0.002983 0.000002 0.022744 0.028422 0.009102 0.043322 1.000000
0.084170 0.084170 0.084170 0.084170 0.084170 0.084170 0.084170 0.084170 0.001527 0.009101 0.028421 0.018198 0.000782 0.001527 0.001909 0.000003 0.007456 0.035511 0.004660 0.043321 1.000000
0.084175 0.084175 0.084175 0.084175 0.084175 0.084175 0.084175 0.084175 0.001909 0.004660 0.044359 0.035513 0.000500 0.007282 0.000977 0.000001 0.055388 0.035513 0.004660 0.017773 1.000000
0.084174 0.084174 0.084174 0.084174 0.084174 0.084174 0.084174 0.084174 0.002386 0.004660 0.035512 0.035512 0.000400 0.000977 0.003728 0.000003 0.055388 0.007456 0.005825 0.034682 1.000000
0.084166 0.084166 0.084166 0.084166 0.084166 0.084166 0.084166 0.084166 0.002982 0.014219 0.014560 0.035509 0.000256 0.002982 0.002386 0.000002 0.044355 0.018197 0.004660 0.014219 1.000000
0.084165 0.084165 0.084165 0.084165 0.084165 0.084165 0.084165 0.084165 0.001909 0.005825 0.022742 0.028420 0.002982 0.004660 0.000625 0.000002 0.028420 0.035509 0.001527 0.022210 1.000000
0.084168 0.084168 0.084168 0.084168 0.084168 0.084168 0.084168 0.084168 0.000084 0.001222 0.022743 0.014560 0.002982 0.002386 0.017772 0.000002 0.044356 0.028421 0.017772 0.017772 1.000000
0.084167 0.084167 0.084167 0.084167 0.084167 0.084167 0.084167 0.084167 0.002386 0.002386 0.014560 0.022743 0.000977 0.000977 0.002982 0.000002 0.044355 0.028420 0.011376 0.027755 1.000000
0.084712 0.084712 0.084712 0.084712 0.084712 0.084712 0.084712 0.084712 0.000787 0.003753 0.069560 0.055744 0.000984 0.002402 0.003002 0.000002 0.022892 0.022892 0.004691 0.017888 1.000000
0.084168 0.084168 0.084168 0.084168 0.084168 0.084168 0.084168 0.084168 0.002386 0.009101 0.011649 0.035509 0.000400 0.002386 0.002386 0.000002 0.044355 0.028420 0.003728 0.022210 1.000000
0.084233 0.084233 0.084233 0.084233 0.084233 0.084233 0.084233 0.084233 0.001910 0.002388 0.165048 0.009327 0.000626 0.002985 0.007287 0.000003 0.004776 0.069165 0.005830 0.009108 1.000000
0.084179 0.084179 0.084179 0.084179 0.084179 0.084179 0.084179 0.084179 0.002386 0.004661 0.055391 0.044361 0.000500 0.001527 0.001909 0.000002 0.044361 0.022746 0.003729 0.034684 1.000000
0.084179 0.084179 0.084179 0.084179 0.084179 0.084179 0.084179 0.084179 0.000977 0.005826 0.055391 0.044361 0.000626 0.001909 0.005826 0.000003 0.028424 0.018200 0.001222 0.043326 1.000000
0.084180 0.084180 0.084180 0.084180 0.084180 0.084180 0.084180 0.084180 0.002983 0.001222 0.014562 0.035515 0.000782 0.000977 0.007282 0.000001 0.028425 0.086171 0.014221 0.011378 1.000000
0.084163 0.084163 0.084163 0.084163 0.084163 0.084163 0.084163 0.084163 0.004660 0.007281 0.028419 0.011648 0.000256 0.001909 0.004660 0.000002 0.028419 0.035508 0.009101 0.007281 1.000000
0.084170 0.084170 0.084170 0.084170 0.084170 0.084170 0.084170 0.084170 0.001527 0.000977 0.044357 0.055385 0.000400 0.004660 0.007281 0.000002 0.018198 0.022744 0.011376 0.011376 1.000000
0.084169 0.084169 0.084169 0.084169 0.084169 0.084169 0.084169 0.084169 0.003728 0.005825 0.044356 0.028421 0.000131 0.001527 0.005825 0.000002 0.018198 0.044356 0.017772 0.007281 1.000000
0.084720 0.084720 0.084720 0.084720 0.084720 0.084720 0.084720 0.084720 0.001537 0.000504 0.055750 0.018319 0.000322 0.003002 0.009162 0.000001 0.044650 0.069566 0.011452 0.034910 1.000000
0.084701 0.084701 0.084701 0.084701 0.084701 0.084701 0.084701 0.084701 0.001921 0.000984 0.022889 0.028603 0.000629 0.001229 0.014310 0.000001 0.035737 0.035737 0.014310 0.014310 1.000000
0.084236 0.084236 0.084236 0.084236 0.084236 0.084236 0.084236 0.084236 0.001910 0.000626 0.107342 0.007462 0.000321 0.002985 0.003731 0.000000 0.107342 0.086228 0.022229 0.034708 1.000000
0.084215 0.084215 0.084215 0.084215 0.084215 0.084215 0.084215 0.084215 0.001528 0.011382 0.069150 0.009325 0.001528 0.014227 0.000028 0.000003 0.133295 0.005968 0.011382 0.027771 1.000000
0.084183 0.084183 0.084183 0.084183 0.084183 0.084183 0.084183 0.084183 0.011378 0.000782 0.035516 0.028426 0.000626 0.001909 0.007282 0.000006 0.000023 0.086174 0.022215 0.022215 1.000000
0.084208 0.084208 0.084208 0.084208 0.084208 0.084208 0.084208 0.084208 0.000401 0.002984 0.086199 0.044377 0.000501 0.002387 0.003730 0.000001 0.022754 0.055410 0.004662 0.067538 1.000000
0.084722 0.084722 0.084722 0.084722 0.084722 0.084722 0.084722 0.084722 0.003753 0.001537 0.035746 0.022895 0.000787 0.000322 0.002402 0.000006 0.007506 0.003843 0.054452 0.054452 1.000000
0.084198 0.084198 0.084198 0.084198 0.084198 0.084198 0.084198 0.084198 0.002387 0.000400 0.044371 0.005967 0.001528 0.000782 0.005827 0.000001 0.107293 0.018204 0.027765 0.034692 1.000000
0.084237 0.084237 0.084237 0.084237 0.084237 0.084237 0.084237 0.084237 0.009109 0.002388 0.133329 0.055429 0.009109 0.000401 0.000034 0.000007 0.003057 0.001565 0.043356 0.067561 1.000000
0.084183 0.084183 0.084183 0.084183 0.084183 0.084183 0.084183 0.084183 0.001527 0.011378 0.035516 0.086174 0.009103 0.000028 0.001527 0.000005 0.004773 0.014563 0.022215 0.027761 1.000000
0.084250 0.084250 0.084250 0.084250 0.084250 0.084250 0.084250 0.084250 0.014233 0.000084 0.086242 0.086242 0.000401 0.001529 0.003732 0.000000 0.107359 0.107359 0.017789 0.017789 1.000000
0.084213 0.084213 0.084213 0.084213 0.084213 0.084213 0.084213 0.084213 0.000501 0.004663 0.086205 0.055414 0.000501 0.001222 0.001222 0.000002 0.086205 0.009325 0.017781 0.054123 1.000000
0.084826 0.084826 0.084826 0.084826 0.084826 0.084826 0.084826 0.084826 0.000788 0.084826 0.086832 0.086832 0.000009 0.003006 0.000630 0.000000 0.134242 0.069653 0.043662 0.017912 1.000000
0.084243 0.084243 0.084243 0.084243 0.084243 0.084243 0.084243 0.084243 0.000626 0.001911 0.069173 0.055434 0.000501 0.002985 0.002388 0.000000 0.133339 0.086236 0.007288 0.043359 1.000000
0.084268 0.084268 0.084268 0.084268 0.084268 0.084268 0.084268 0.084268 0.001223 0.001529 0.044409 0.133378 0.011390 0.005832 0.067587 0.000001 0.014578 0.133378 0.000783 0.000205 1.000000
0.084710 0.084710 0.084710 0.084710 0.084710 0.084710 0.084710 0.084710 0.011450 0.004691 0.014655 0.006004 0.002402 0.000084 0.054444 0.000006 0.001259 0.035741 0.001921 0.022356 1.000000
0.084208 0.084208 0.084208 0.084208 0.084208 0.084208 0.084208 0.084208 0.000782 0.000501 0.069143 0.069143 0.000105 0.027769 0.017780 0.000001 0.044377 0.086199 0.002984 0.022221 1.000000
0.084259 0.084259 0.084259 0.084259 0.084259 0.084259 0.084259 0.084259 0.000084 0.054152 0.086252 0.055444 0.000131 0.005831 0.000978 0.000000 0.133364 0.086252 0.014235 0.027786 1.000000
0.084256 0.084256 0.084256 0.084256 0.084256 0.084256 0.084256 0.084256 0.000084 0.017790 0.107367 0.004777 0.000501 0.003732 0.003732 0.000001 0.165091 0.022767 0.014234 0.027785 1.000000
0.084277 0.084277 0.084277 0.084277 0.084277 0.084277 0.084277 0.084277 0.000979 0.000783 0.107394 0.022773 0.000321 0.001529 0.002986 0.000003 0.001957 0.165131 0.034725 0.067594 1.000000
0.084221 0.084221 0.084221 0.084221 0.084221 0.084221 0.084221 0.084221 0.001528 0.000401 0.055419 0.069155 0.005829 0.002984 0.027773 0.000000 0.107323 0.055419 0.043348 0.000105 1.000000
0.084258 0.084258 0.084258 0.084258 0.084258 0.084258 0.084258 0.084258 0.000501 0.002986 0.069185 0.069185 0.001911 0.000205 0.001223 0.000000 0.086251 0.133362 0.034717 0.054152 1.000000
0.084177 0.084177 0.084177 0.084177 0.084177 0.084177 0.084177 0.084177 0.009102 0.001909 0.044361 0.069119 0.000256 0.003729 0.002386 0.000007 0.001955 0.002444 0.034683 0.009102 1.000000
0.084763 0.084763 0.084763 0.084763 0.084763 0.084763 0.084763 0.084763 0.002403 0.000323 0.022906 0.001969 0.000106 0.034927 0.054479 0.000000 0.134144 0.055778 0.004694 0.017899 1.000000
0.084711 0.084711 0.084711 0.084711 0.084711 0.084711 0.084711 0.084711 0.009161 0.003753 0.069559 0.055744 0.000984 0.007329 0.000258 0.000007 0.007505 0.000645 0.007329 0.022356 1.000000
0.084248 0.084248 0.084248 0.084248 0.084248 0.084248 0.084248 0.084248 0.000978 0.002388 0.069177 0.107356 0.000205 0.000256 0.043362 0.000002 0.007463 0.133346 0.011387 0.017789 1.000000
0.084197 0.084197 0.084197 0.084197 0.084197 0.084197 0.084197 0.084197 0.000782 0.005827 0.086188 0.035522 0.000256 0.003729 0.001909 0.000002 0.086188 0.011653 0.009104 0.022218 1.000000
0.084348 0.084348 0.084348 0.084348 0.084348 0.084348 0.084348 0.084348 0.001913 0.000501 0.133501 0.000411 0.000164 0.002989 0.004670 0.000000 0.165264 0.107483 0.067651 0.084348 1.000000
0.084338 0.084338 0.084338 0.084338 0.084338 0.084338 0.084338 0.084338 0.001224 0.067643 0.107470 0.000086 0.000067 0.000321 0.002989 0.000000 0.069251 0.165246 0.084338 0.067643 1.000000
0.084302 0.084302 0.084302 0.084302 0.084302 0.084302 0.084302 0.084302 0.001530 0.001530 0.165178 0.000802 0.000321 0.014242 0.001224 0.000000 0.107425 0.133431 0.014242 0.043390 1.000000
0.084822 0.084822 0.084822 0.084822 0.084822 0.084822 0.084822 0.084822 0.000788 0.001231 0.166156 0.055817 0.005871 0.000132 0.000985 0.000000 0.108081 0.086827 0.034952 0.034952 1.000000
0.084210 0.084210 0.084210 0.084210 0.084210 0.084210 0.084210 0.084210 0.001528 0.000782 0.107308 0.018207 0.000256 0.007285 0.001910 0.000004 0.004774 0.069145 0.011382 0.054120 1.000000
0.084223 0.084223 0.084223 0.084223 0.084223 0.084223 0.084223 0.084223 0.027774 0.001222 0.107326 0.001956 0.014228 0.000401 0.000131 0.000006 0.005969 0.001001 0.084223 0.022225 1.000000
0.084369 0.084369 0.084369 0.084369 0.084369 0.084369 0.084369 0.084369 0.000627 0.000980 0.165303 0.028489 0.084369 0.000627 0.084369 0.000000 0.107509 0.107509 0.067667 0.000007 1.000000
0.084828 0.084828 0.084828 0.084828 0.084828 0.084828 0.084828 0.084828 0.000403 0.003758 0.134244 0.069655 0.001539 0.000011 0.011466 0.000000 0.134244 0.055821 0.043663 0.068037 1.000000
0.084258 0.084258 0.084258 0.084258 0.084258 0.084258 0.084258 0.084258 0.000164 0.084258 0.133362 0.011662 0.007289 0.000783 0.000034 0.000001 0.055443 0.055443 0.022235 0.043367 1.000000
0.084319 0.084319 0.084319 0.084319 0.084319 0.084319 0.084319 0.084319 0.002988 0.002988 0.107446 0.086313 0.067628 0.000000 0.017804 0.000000 0.107446 0.107446 0.034742 0.084319 1.000000
0.084327 0.084327 0.084327 0.084327 0.084327 0.084327 0.084327 0.084327 0.000627 0.001530 0.133468 0.044440 0.000164 0.000979 0.011398 0.000000 0.165224 0.133468 0.011398 0.054196 1.000000
0.084280 0.084280 0.084280 0.084280 0.084280 0.084280 0.084280 0.084280 0.000321 0.000979 0.107396 0.007466 0.000018 0.034726 0.084280 0.000002 0.133395 0.009332 0.003733 0.054165 1.000000
0.084296 0.084296 0.084296 0.084296 0.084296 0.084296 0.084296 0.084296 0.000626 0.000321 0.133420 0.022778 0.000205 0.002987 0.003734 0.000000 0.133420 0.086289 0.067609 0.054176 1.000000
0.084214 0.084214 0.084214 0.084214 0.084214 0.084214 0.084214 0.084214 0.014227 0.000401 0.133293 0.003056 0.001222 0.001222 0.001910 0.000007 0.011655 0.000801 0.034698 0.043344 1.000000
0.084218 0.084218 0.084218 0.084218 0.084218 0.084218 0.084218 0.084218 0.000626 0.000782 0.107318 0.055417 0.000105 0.009107 0.011383 0.000002 0.009325 0.086210 0.005829 0.043346 1.000000
0.084372 0.084372 0.084372 0.084372 0.084372 0.084372 0.084372 0.084372 0.084372 0.000054 0.165309 0.028490 0.000502 0.043426 0.014254 0.000000 0.107513 0.133538 0.000018 0.084372 1.000000
0.084771 0.084771 0.084771 0.084771 0.084771 0.084771 0.084771 0.084771 0.034931 0.067992 0.035767 0.011734 0.001923 0.000323 0.000504 0.000007 0.000044 0.108017 0.000630 0.067992 1.000000
0.084278 0.084278 0.084278 0.084278 0.084278 0.084278 0.084278 0.084278 0.000401 0.000164 0.133393 0.018222 0.084278 0.022240 0.000979 0.000000 0.069202 0.086271 0.000257 0.054164 1.000000
0.084318 0.084318 0.084318 0.084318 0.084318 0.084318 0.084318 0.084318 0.084318 0.084318 0.165209 0.055483 0.000006 0.007294 0.000979 0.000001 0.001253 0.003060 0.000979 0.067627 1.000000
0.084239 0.084239 0.084239 0.084239 0.084239 0.084239 0.084239 0.084239 0.084239 0.000501 0.107346 0.005970 0.000321 0.000401 0.001910 0.000007 0.003057 0.001956 0.043357 0.054139 1.000000
0.084374 0.084374 0.084374 0.084374 0.084374 0.084374 0.084374 0.084374 0.000784 0.000980 0.133542 0.009343 0.000002 0.003737 0.084374 0.000000 0.165314 0.107516 0.054227 0.084374 1.000000
0.084355 0.084355 0.084355 0.084355 0.084355 0.084355 0.084355 0.084355 0.000084 0.067656 0.133512 0.133512 0.022261 0.011402 0.011402 0.000000 0.069265 0.133512 0.084355 0.000000 1.000000
0.084256 0.084256 0.084256 0.084256 0.084256 0.084256 0.084256 0.084256 0.084256 0.000321 0.133358 0.028451 0.001223 0.000978 0.003732 0.000006 0.001002 0.007464 0.001223 0.067576 1.000000
0.084255 0.084255 0.084255 0.084255 0.084255 0.084255 0.084255 0.084255 0.084255 0.000105 0.107365 0.009329 0.001911 0.002986 0.000105 0.000001 0.009329 0.107365 0.017790 0.043365 1.000000
0.084791 0.084791 0.084791 0.084791 0.084791 0.084791 0.084791 0.084791 0.022377 0.084791 0.108042 0.000015 0.000788 0.000022 0.054497 0.000007 0.000645 0.006010 0.068008 0.004695 1.000000
0.084375 0.084375 0.084375 0.084375 0.084375 0.084375 0.084375 0.084375 0.000502 0.000502 0.165315 0.035598 0.000002 0.067673 0.027825 0.000000 0.133543 0.165315 0.022266 0.054227 1.000000
0.084301 0.084301 0.084301 0.084301 0.084301 0.084301 0.084301 0.084301 0.001530 0.084301 0.107424 0.000263 0.084301 0.002390 0.000006 0.000007 0.000035 0.107424 0.014242 0.067613 1.000000
0.084380 0.084380 0.084380 0.084380 0.084380 0.084380 0.084380 0.084380 0.000205 0.004672 0.004784 0.001254 0.084380 0.000004 0.084380 0.000000 0.165324 0.165324 0.022267 0.067677 1.000000
0.084467 0.084467 0.084467 0.084467 0.084467 0.084467 0.084467 0.084467 0.084467 0.000000 0.133685 0.165487 0.009134 0.084467 0.084467 0.000005 0.133685 0.000069 0.084467 0.067746 1.000000
0.084444 0.084444 0.084444 0.084444 0.084444 0.084444 0.084444 0.084444 0.084444 0.084444 0.165445 0.001569 0.000005 0.000054 0.001226 0.000000 0.133650 0.133650 0.084444 0.084444 1.000000
0.084406 0.084406 0.084406 0.084406 0.084406 0.084406 0.084406 0.084406 0.084406 0.000006 0.133591 0.000168 0.000007 0.084406 0.084406 0.000000 0.133591 0.107556 0.009127 0.084406 1.000000
0.084434 0.084434 0.084434 0.084434 0.084434 0.084434 0.084434 0.084434 0.084434 0.067720 0.000514 0.000001 0.084434 0.000000 0.084434 0.000000 0.133634 0.133634 0.084434 0.084434 1.000000
0.083970 0.083970 0.083970 0.083970 0.083970 0.083970 0.083970 0.083970 0.000005 0.000000 0.164554 0.085957 0.083970 0.083970 0.083970 0.000000 0.164554 0.132916 0.083970 0.067347 1.000000
0.084356 0.084356 0.084356 0.084356 0.084356 0.084356 0.084356 0.084356 0.084356 0.000022 0.133514 0.000000 0.084356 0.084356 0.004671 0.000006 0.003061 0.000329 0.084356 0.067657 1.000000
0.084282 0.084282 0.084282 0.084282 0.084282 0.084282 0.084282 0.084282 0.004666 0.003733 0.165140 0.035558 0.004666 0.000004 0.084282 0.000007 0.000210 0.028460 0.004666 0.067598 1.000000
0.084375 0.084375 0.084375 0.084375 0.084375 0.084375 0.084375 0.084375 0.084375 0.000002 0.133543 0.028491 0.054227 0.084375 0.000014 0.000000 0.133543 0.107517 0.002990 0.067672 1.000000
0.084412 0.084412 0.084412 0.084412 0.084412 0.084412 0.084412 0.084412 0.000011 0.002393 0.165385 0.003063 0.027837 0.000014 0.067703 0.000000 0.165385 0.133601 0.084412 0.067703 1.000000
0.084435 0.084435 0.084435 0.084435 0.084435 0.084435 0.084435 0.084435 0.084435 0.004675 0.165429 0.000000 0.084435 0.084435 0.084435 0.000001 0.133637 0.011686 0.084435 0.000000 1.000000
0.084336 0.084336 0.084336 0.084336 0.084336 0.084336 0.084336 0.084336 0.000205 0.084336 0.133483 0.028478 0.084336 0.000164 0.000007 0.000007 0.002448 0.001567 0.084336 0.084336 1.000000
0.084406 0.084406 0.084406 0.084406 0.084406 0.084406 0.084406 0.084406 0.084406 0.000164 0.133591 0.069307 0.000004 0.084406 0.084406 0.000000 0.107556 0.165373 0.004673 0.001225 1.000000
0.084475 0.084475 0.084475 0.084475 0.084475 0.084475 0.084475 0.084475 0.000022 0.084475 0.165502 0.086472 0.000502 0.084475 0.000132 0.000000 0.165502 0.165502 0.000785 0.084475 1.000000
0.084433 0.084433 0.084433 0.084433 0.084433 0.084433 0.084433 0.084433 0.000018 0.084433 0.165424 0.133633 0.084433 0.003740 0.000402 0.000006 0.000044 0.165424 0.000257 0.084433 1.000000
0.084429 0.084429 0.084429 0.084429 0.084429 0.084429 0.084429 0.084429 0.084429 0.084429 0.165416 0.000004 0.000402 0.000002 0.084429 0.000000 0.133626 0.107585 0.084429 0.003740 1.000000
0.084216 0.084216 0.084216 0.084216 0.084216 0.084216 0.084216 0.084216 0.017782 0.002387 0.107316 0.001565 0.043345 0.011383 0.000004 0.000006 0.009325 0.000801 0.009106 0.067544 1.000000
0.084459 0.084459 0.084459 0.084459 0.084459 0.084459 0.084459 0.084459 0.084459 0.084459 0.165473 0.014611 0.000067 0.084459 0.084459 0.000002 0.000028 0.165473 0.084459 0.000000 1.000000
0.084419 0.084419 0.084419 0.084419 0.084419 0.084419 0.084419 0.084419 0.084419 0.084419 0.133612 0.000135 0.003739 0.000034 0.000007 0.000000 0.165399 0.133612 0.067708 0.067708 1.000000
0.084285 0.084285 0.084285 0.084285 0.084285 0.084285 0.084285 0.084285 0.007291 0.000034 0.107403 0.000641 0.084285 0.000084 0.005833 0.000006 0.009333 0.000802 0.084285 0.084285 1.000000
0.084251 0.084251 0.084251 0.084251 0.084251 0.084251 0.084251 0.084251 0.000978 0.084251 0.107360 0.004777 0.084251 0.000626 0.004665 0.000006 0.009329 0.000641 0.000321 0.004665 1.000000
0.084430 0.084430 0.084430 0.084430 0.084430 0.084430 0.084430 0.084430 0.000043 0.084430 0.133628 0.165418 0.000784 0.000084 0.005843 0.000000 0.133628 0.165418 0.005843 0.067717 1.000000
0.084433 0.084433 0.084433 0.084433 0.084433 0.084433 0.084433 0.084433 0.084433 0.000206 0.165424 0.000514 0.000067 0.000784 0.001532 0.000000 0.133633 0.165424 0.084433 0.084433 1.000000
0.084348 0.084348 0.084348 0.084348 0.084348 0.084348 0.084348 0.084348 0.054210 0.084348 0.000006 0.000000 0.084348 0.000501 0.084348 0.000007 0.000000 0.133502 0.005838 0.084348 1.000000
0.084433 0.084433 0.084433 0.084433 0.084433 0.084433 0.084433 0.084433 0.000321 0.000402 0.165424 0.004787 0.000402 0.084433 0.084433 0.000000 0.165424 0.133633 0.000105 0.084433 1.000000
0.084974 0.084974 0.084974 0.084974 0.084974 0.084974 0.084974 0.084974 0.084974 0.084974 0.134472 0.000006 0.000022 0.000022 0.084974 0.000006 0.166443 0.000004 0.084974 0.084974 1.000000
0.084426 0.084426 0.084426 0.084426 0.084426 0.084426 0.084426 0.084426 0.000164 0.084426 0.165410 0.022814 0.001225 0.000028 0.022279 0.000000 0.165410 0.165410 0.001532 0.084426 1.000000
0.084453 0.084453 0.084453 0.084453 0.084453 0.084453 0.084453 0.084453 0.084453 0.084453 0.086450 0.000000 0.000011 0.084453 0.003741 0.000000 0.133664 0.165462 0.084453 0.084453 1.000000
0.084491 0.084491 0.084491 0.084491 0.084491 0.084491 0.084491 0.084491 0.005848 0.000006 0.165534 0.000044 0.084491 0.084491 0.000018 0.000000 0.165534 0.165534 0.084491 0.084491 1.000000
0.083971 0.083971 0.083971 0.083971 0.083971 0.083971 0.083971 0.083971 0.083971 0.000001 0.107007 0.000000 0.083971 0.083971 0.067347 0.000000 0.164556 0.164556 0.083971 0.083971 1.000000
0.084491 0.084491 0.084491 0.084491 0.084491 0.084491 0.084491 0.084491 0.000022 0.002994 0.165533 0.000028 0.000011 0.084491 0.084491 0.000000 0.165533 0.165533 0.084491 0.084491 1.000000
0.084919 0.084919 0.084919 0.084919 0.084919 0.084919 0.084919 0.084919 0.017932 0.084919 0.000044 0.000000 0.084919 0.000018 0.084919 0.000000 0.000517 0.166339 0.084919 0.068111 1.000000
0.083999 0.083999 0.083999 0.083999 0.083999 0.083999 0.083999 0.083999 0.083999 0.083999 0.164607 0.000511 0.083999 0.083999 0.083999 0.000000 0.132960 0.164607 0.083999 0.000000 1.000000
0.083979 0.083979 0.083979 0.083979 0.083979 0.083979 0.083979 0.083979 0.000000 0.083979 0.132929 0.000000 0.083979 0.083979 0.083979 0.000000 0.164569 0.164569 0.083979 0.053971 1.000000
0.084430 0.084430 0.084430 0.084430 0.084430 0.084430 0.084430 0.084430 0.084430 0.084430 0.165419 0.014606 0.000000 0.084430 0.000502 0.000002 0.165419 0.000055 0.034789 0.084430 1.000000
0.084421 0.084421 0.084421 0.084421 0.084421 0.084421 0.084421 0.084421 0.084421 0.000001 0.133614 0.000000 0.084421 0.084421 0.084421 0.000007 0.000000 0.086417 0.084421 0.084421 1.000000
0.084442 0.084442 0.084442 0.084442 0.084442 0.084442 0.084442 0.084442 0.084442 0.000004 0.165442 0.000803 0.084442 0.000007 0.005844 0.000000 0.165442 0.086439 0.084442 0.084442 1.000000
0.084490 0.084490 0.084490 0.084490 0.084490 0.084490 0.084490 0.084490 0.084490 0.084490 0.133721 0.000804 0.000000 0.084490 0.000022 0.000000 0.165531 0.165531 0.084490 0.067765 1.000000
0.084479 0.084479 0.084479 0.084479 0.084479 0.084479 0.084479 0.084479 0.084479 0.000001 0.069367 0.000000 0.084479 0.084479 0.084479 0.000000 0.165511 0.165511 0.084479 0.043482 1.000000
0.084412 0.084412 0.084412 0.084412 0.084412 0.084412 0.084412 0.084412 0.009128 0.084412 0.165385 0.000035 0.000000 0.084412 0.002393 0.000002 0.004786 0.165385 0.084412 0.067703 1.000000
0.084385 0.084385 0.084385 0.084385 0.084385 0.084385 0.084385 0.084385 0.084385 0.000980 0.107530 0.000000 0.000105 0.005840 0.084385 0.000006 0.165335 0.000001 0.084385 0.084385 1.000000
0.084401 0.084401 0.084401 0.084401 0.084401 0.084401 0.084401 0.084401 0.084401 0.001225 0.165365 0.018249 0.000000 0.084401 0.003739 0.000006 0.000044 0.133584 0.084401 0.084401 1.000000
0.084449 0.084449 0.084449 0.084449 0.084449 0.084449 0.084449 0.084449 0.084449 0.000002 0.165455 0.000000 0.084449 0.084449 0.084449 0.000006 0.133658 0.000044 0.084449 0.054275 1.000000
0.084417 0.084417 0.084417 0.084417 0.084417 0.084417 0.084417 0.084417 0.000502 0.084417 0.107570 0.001960 0.084417 0.009128 0.084417 0.000000 0.133608 0.165394 0.000000 0.067706 1.000000
0.084401 0.084401 0.084401 0.084401 0.084401 0.084401 0.084401 0.084401 0.000627 0.084401 0.133583 0.000000 0.000132 0.084401 0.084401 0.000006 0.165364 0.000069 0.005841 0.084401 1.000000
0.084421 0.084421 0.084421 0.084421 0.084421 0.084421 0.084421 0.084421 0.000784 0.000321 0.165401 0.055551 0.084421 0.043451 0.054257 0.000000 0.165401 0.165401 0.000001 0.022278 1.000000
0.084477 0.084477 0.084477 0.084477 0.084477 0.084477 0.084477 0.084477 0.084477 0.084477 0.133702 0.000000 0.000067 0.000165 0.084477 0.000000 0.165508 0.165508 0.067755 0.067755 1.000000
0.084483 0.084483 0.084483 0.084483 0.084483 0.084483 0.084483 0.084483 0.000785 0.084483 0.133711 0.107654 0.000002 0.000009 0.084483 0.000000 0.165519 0.165519 0.084483 0.067760 1.000000
0.084473 0.084473 0.084473 0.084473 0.084473 0.084473 0.084473 0.084473 0.000000 0.084473 0.165499 0.001569 0.084473 0.084473 0.084473 0.000007 0.000035 0.165499 0.054291 0.084473 1.000000
0.084446 0.084446 0.084446 0.084446 0.084446 0.084446 0.084446 0.084446 0.002993 0.084446 0.165449 0.000086 0.000000 0.084446 0.084446 0.000006 0.165449 0.000055 0.084446 0.067730 1.000000
0.083984 0.083984 0.083984 0.083984 0.083984 0.083984 0.083984 0.083984 0.083984 0.083984 0.107023 0.000000 0.083984 0.083984 0.000000 0.000000 0.164579 0.164579 0.083984 0.083984 1.000000
0.084448 0.084448 0.084448 0.084448 0.084448 0.084448 0.084448 0.084448 0.067732 0.084448 0.005985 0.000000 0.084448 0.084448 0.084448 0.000000 0.165453 0.000000 0.084448 0.084448 1.000000
0.084424 0.084424 0.084424 0.084424 0.084424 0.084424 0.084424 0.084424 0.034786 0.005843 0.107578 0.000000 0.084424 0.000980 0.001532 0.000000 0.165407 0.165407 0.084424 0.084424 1.000000
0.083961 0.083961 0.083961 0.083961 0.083961 0.083961 0.083961 0.083961 0.083961 0.083961 0.106993 0.000000 0.083961 0.083961 0.000000 0.000000 0.132901 0.164535 0.083961 0.083961 1.000000
0.084457 0.084457 0.084457 0.084457 0.084457 0.084457 0.084457 0.084457 0.009133 0.001915 0.165469 0.000007 0.084457 0.084457 0.000003 0.000000 0.165469 0.165469 0.002394 0.084457 1.000000
0.084424 0.084424 0.084424 0.084424 0.084424 0.084424 0.084424 0.084424 0.002393 0.084424 0.165407 0.000000 0.000784 0.000257 0.084424 0.000007 0.165407 0.000069 0.084424 0.084424 1.000000
0.084424 0.084424 0.084424 0.084424 0.084424 0.084424 0.084424 0.084424 0.000004 0.000000 0.133618 0.018254 0.084424 0.084424 0.084424 0.000003 0.003063 0.165406 0.084424 0.067712 1.000000
0.084476 0.084476 0.084476 0.084476 0.084476 0.084476 0.084476 0.084476 0.084476 0.084476 0.165505 0.035641 0.084476 0.084476 0.000000 0.000001 0.000055 0.165505 0.054293 0.084476 1.000000
0.084459 0.084459 0.084459 0.084459 0.084459 0.084459 0.084459 0.084459 0.000014 0.084459 0.165472 0.000004 0.084459 0.000028 0.084459 0.000006 0.000009 0.165472 0.084459 0.084459 1.000000
0.083963 0.083963 0.083963 0.083963 0.083963 0.083963 0.083963 0.083963 0.083963 0.083963 0.055248 0.000000 0.083963 0.083963 0.000001 0.000000 0.164540 0.164540 0.083963 0.083963 1.000000
0.083965 0.083965 0.083965 0.083965 0.083965 0.083965 0.083965 0.083965 0.083965 0.083965 0.132908 0.000003 0.000011 0.083965 0.083965 0.000000 0.164543 0.164543 0.083965 0.000003 1.000000
0.083965 0.083965 0.083965 0.083965 0.083965 0.083965 0.083965 0.083965 0.083965 0.000000 0.132908 0.000018 0.083965 0.083965 0.000256 0.000000 0.164543 0.164543 0.083965 0.083965 1.000000
0.084448 0.084448 0.084448 0.084448 0.084448 0.084448 0.084448 0.084448 0.067732 0.084448 0.001569 0.000000 0.084448 0.084448 0.084448 0.000000 0.165453 0.000000 0.084448 0.084448 1.000000
0.083988 0.083988 0.083988 0.083988 0.083988 0.083988 0.083988 0.083988 0.083988 0.083988 0.164587 0.000000 0.083988 0.083988 0.000000 0.000000 0.164587 0.164587 0.000205 0.083988 1.000000
0.083965 0.083965 0.083965 0.083965 0.083965 0.083965 0.083965 0.083965 0.083965 0.083965 0.132908 0.000799 0.083965 0.083965 0.000000 0.000000 0.164544 0.164544 0.007263 0.083965 1.000000
0.084010 0.084010 0.084010 0.084010 0.084010 0.084010 0.084010 0.084010 0.084010 0.084010 0.164628 0.000000 0.000000 0.067378 0.084010 0.000000 0.164628 0.164628 0.084010 0.084010 1.000000
0.084481 0.084481 0.084481 0.084481 0.084481 0.084481 0.084481 0.084481 0.084481 0.000000 0.165514 0.000108 0.084481 0.084481 0.084481 0.000006 0.165514 0.000169 0.067758 0.084481 1.000000
0.083987 0.083987 0.083987 0.083987 0.083987 0.083987 0.083987 0.083987 0.083987 0.083987 0.164584 0.000000 0.083987 0.083987 0.067360 0.000000 0.164584 0.132941 0.083987 0.000000 1.000000
0.084022 0.084022 0.084022 0.084022 0.084022 0.084022 0.084022 0.084022 0.084022 0.084022 0.164651 0.000001 0.000000 0.084022 0.084022 0.000000 0.164651 0.164651 0.084022 0.084022 1.000000
0.083974 0.083974 0.083974 0.083974 0.083974 0.083974 0.083974 0.083974 0.083974 0.083974 0.085960 0.000000 0.083974 0.083974 0.083974 0.000000 0.164560 0.164560 0.000000 0.083974 1.000000
0.084435 0.084435 0.084435 0.084435 0.084435 0.084435 0.084435 0.084435 0.000321 0.084435 0.133636 0.005984 0.000000 0.084435 0.084435 0.000006 0.000055 0.165428 0.084435 0.084435 1.000000
0.085034 0.085034 0.085034 0.085034 0.085034 0.085034 0.085034 0.085034 0.085034 0.000085 0.000036 0.000000 0.085034 0.085034 0.085034 0.000000 0.166554 0.166554 0.085034 0.085034 1.000000
0.084427 0.084427 0.084427 0.084427 0.084427 0.084427 0.084427 0.084427 0.000002 0.084427 0.011685 0.000000 0.084427 0.084427 0.084427 0.000001 0.011685 0.165413 0.084427 0.084427 1.000000
0.083978 0.083978 0.083978 0.083978 0.083978 0.083978 0.083978 0.083978 0.083978 0.083978 0.000003 0.000000 0.067352 0.083978 0.083978 0.000000 0.164568 0.164568 0.083978 0.083978 1.000000
0.083978 0.083978 0.083978 0.083978 0.083978 0.083978 0.083978 0.083978 0.083978 0.083978 0.000000 0.000000 0.067352 0.083978 0.083978 0.000000 0.164568 0.164568 0.083978 0.083978 1.000000
0.083978 0.083978 0.083978 0.083978 0.083978 0.083978 0.083978 0.083978 0.083978 0.083978 0.000000 0.000000 0.067352 0.083978 0.083978 0.000000 0.164568 0.164568 0.083978 0.083978 1.000000
0.084493 0.084493 0.084493 0.084493 0.084493 0.084493 0.084493 0.084493 0.084493 0.000022 0.165537 0.000000 0.084493 0.084493 0.084493 0.000006 0.000000 0.165537 0.084493 0.084493 1.000000
0.083978 0.083978 0.083978 0.083978 0.083978 0.083978 0.083978 0.083978 0.083978 0.083978 0.000000 0.000000 0.067352 0.083978 0.083978 0.000000 0.164568 0.164568 0.083978 0.083978 1.000000
0.084022 0.084022 0.084022 0.084022 0.084022 0.084022 0.084022 0.084022 0.084022 0.084022 0.164651 0.000001 0.084022 0.084022 0.000000 0.000000 0.164651 0.164651 0.084022 0.084022 1.000000
0.083991 0.083991 0.083991 0.083991 0.083991 0.083991 0.083991 0.083991 0.083991 0.000000 0.164592 0.035434 0.083991 0.000004 0.083991 0.000000 0.164592 0.164592 0.083991 0.083991 1.000000
0.084494 0.084494 0.084494 0.084494 0.084494 0.084494 0.084494 0.084494 0.084494 0.084494 0.165538 0.000000 0.084494 0.084494 0.011421 0.000000 0.165538 0.000000 0.084494 0.084494 1.000000
0.084435 0.084435 0.084435 0.084435 0.084435 0.084435 0.084435 0.084435 0.084435 0.084435 0.165428 0.001961 0.084435 0.084435 0.000043 0.000004 0.000028 0.133636 0.000000 0.084435 1.000000
0.083978 0.083978 0.083978 0.083978 0.083978 0.083978 0.083978 0.083978 0.083978 0.083978 0.000000 0.000000 0.067352 0.083978 0.083978 0.000000 0.164568 0.164568 0.083978 0.083978 1.000000
0.084470 0.084470 0.084470 0.084470 0.084470 0.084470 0.084470 0.084470 0.084470 0.084470 0.069360 0.000000 0.000785 0.000054 0.084470 0.000000 0.165494 0.165494 0.084470 0.084470 1.000000
0.083978 0.083978 0.083978 0.083978 0.083978 0.083978 0.083978 0.083978 0.083978 0.083978 0.000000 0.000000 0.067352 0.083978 0.083978 0.000000 0.164568 0.164568 0.083978 0.083978 1.000000
0.084389 0.084389 0.084389 0.084389 0.084389 0.084389 0.084389 0.084389 0.007301 0.084389 0.165341 0.000044 0.000105 0.084389 0.067684 0.000007 0.133564 0.000044 0.084389 0.000007 1.000000
0.083978 0.083978 0.083978 0.083978 0.083978 0.083978 0.083978 0.083978 0.083978 0.083978 0.164568 0.000000 0.083978 0.083978 0.067352 0.000000 0.000000 0.164568 0.083978 0.083978 1.000000
0.083978 0.083978 0.083978 0.083978 0.083978 0.083978 0.083978 0.083978 0.083978 0.083978 0.000000 0.000000 0.067352 0.083978 0.083978 0.000000 0.164568 0.164568 0.083978 0.083978 1.000000
0.084022 0.084022 0.084022 0.084022 0.084022 0.084022 0.084022 0.084022 0.084022 0.084022 0.164651 0.000000 0.000000 0.084022 0.084022 0.000000 0.164651 0.164651 0.084022 0.084022 1.000000
0.083978 0.083978 0.083978 0.083978 0.083978 0.083978 0.083978 0.083978 0.083978 0.083978 0.000000 0.000000 0.067352 0.083978 0.083978 0.000000 0.164568 0.164568 0.083978 0.083978 1.000000
0.083974 0.083974 0.083974 0.083974 0.083974 0.083974 0.083974 0.083974 0.083974 0.083974 0.085960 0.000000 0.083974 0.083974 0.000000 0.000000 0.164560 0.164560 0.083974 0.083974 1.000000
0.083967 0.083967 0.083967 0.083967 0.083967 0.083967 0.083967 0.083967 0.083967 0.083967 0.000000 0.000000 0.083967 0.083967 0.083967 0.000000 0.164547 0.132911 0.083967 0.083967 1.000000
0.083960 0.083960 0.083960 0.083960 0.083960 0.083960 0.083960 0.083960 0.083960 0.083960 0.000000 0.000000 0.027686 0.083960 0.083960 0.000000 0.164533 0.164533 0.083960 0.083960 1.000000
0.084493 0.084493 0.084493 0.084493 0.084493 0.084493 0.084493 0.084493 0.084493 0.084493 0.165537 0.000000 0.084493 0.084493 0.084493 0.000000 0.165537 0.000000 0.000132 0.084493 1.000000
0.084488 0.084488 0.084488 0.084488 0.084488 0.084488 0.084488 0.084488 0.084488 0.084488 0.086486 0.000000 0.000000 0.084488 0.084488 0.000000 0.165527 0.133718 0.084488 0.084488 1.000000
0.084493 0.084493 0.084493 0.084493 0.084493 0.084493 0.084493 0.084493 0.084493 0.000043 0.000086 0.000000 0.084493 0.084493 0.084493 0.000000 0.165537 0.165537 0.084493 0.084493 1.000000
0.083974 0.083974 0.083974 0.083974 0.083974 0.083974 0.083974 0.083974 0.083974 0.083974 0.085960 0.000000 0.083974 0.083974 0.083974 0.000000 0.164560 0.164560 0.000000 0.083974 1.000000
0.085034 0.085034 0.085034 0.085034 0.085034 0.085034 0.085034 0.085034 0.085034 0.085034 0.000018 0.000000 0.085034 0.085034 0.085034 0.000000 0.166554 0.166554 0.085034 0.000166 1.000000
0.084022 0.084022 0.084022 0.084022 0.084022 0.084022 0.084022 0.084022 0.084022 0.084022 0.164651 0.000000 0.084022 0.084022 0.084022 0.000000 0.164651 0.164651 0.000000 0.084022 1.000000
0.083978 0.083978 0.083978 0.083978 0.083978 0.083978 0.083978 0.083978 0.083978 0.083978 0.164568 0.000000 0.067352 0.083978 0.083978 0.000000 0.164568 0.000000 0.083978 0.083978 1.000000
0.084022 0.084022 0.084022 0.084022 0.084022 0.084022 0.084022 0.084022 0.084022 0.084022 0.164651 0.000000 0.084022 0.084022 0.084022 0.000000 0.164651 0.164651 0.000000 0.084022 1.000000
0.083978 0.083978 0.083978 0.083978 0.083978 0.083978 0.083978 0.083978 0.083978 0.083978 0.000000 0.000000 0.067352 0.083978 0.083978 0.000000 0.164568 0.164568 0.083978 0.083978 1.000000
0.083978 0.083978 0.083978 0.083978 0.083978 0.083978 0.083978 0.083978 0.083978 0.083978 0.000000 0.000000 0.067352 0.083978 0.083978 0.000000 0.164568 0.164568 0.083978 0.083978 1.000000
0.083978 0.083978 0.083978 0.083978 0.083978 0.083978 0.083978 0.083978 0.083978 0.083978 0.000000 0.000000 0.067352 0.083978 0.083978 0.000000 0.164568 0.164568 0.083978 0.083978 1.000000
0.083978 0.083978 0.083978 0.083978 0.083978 0.083978 0.083978 0.083978 0.083978 0.083978 0.000000 0.000000 0.067352 0.083978 0.083978 0.000000 0.164568 0.164568 0.083978 0.083978 1.000000
0.084022 0.084022 0.084022 0.084022 0.084022 0.084022 0.084022 0.084022 0.000000 0.084022 0.164651 0.005954 0.084022 0.084022 0.084022 0.000000 0.164651 0.164651 0.084022 0.084022 1.000000
0.083974 0.083974 0.083974 0.083974 0.083974 0.083974 0.083974 0.083974 0.083974 0.083974 0.085960 0.000000 0.000000 0.083974 0.083974 0.000000 0.164560 0.164560 0.083974 0.083974 1.000000
0.084459 0.084459 0.084459 0.084459 0.084459 0.084459 0.084459 0.084459 0.009133 0.084459 0.165473 0.000000 0.000002 0.084459 0.084459 0.000007 0.165473 0.000069 0.084459 0.084459 1.000000
0.084493 0.084493 0.084493 0.084493 0.084493 0.084493 0.084493 0.084493 0.084493 0.084493 0.000006 0.000000 0.084493 0.084493 0.084493 0.000000 0.165537 0.165537 0.084493 0.000628 1.000000
0.083988 0.083988 0.083988 0.083988 0.083988 0.083988 0.083988 0.083988 0.000105 0.083988 0.164587 0.000002 0.000000 0.083988 0.083988 0.000000 0.164587 0.164587 0.083988 0.083988 1.000000
0.083978 0.083978 0.083978 0.083978 0.083978 0.083978 0.083978 0.083978 0.083978 0.083978 0.000000 0.000000 0.067352 0.083978 0.083978 0.000000 0.164568 0.164568 0.083978 0.083978 1.000000
0.084502 0.084502 0.084502 0.084502 0.084502 0.084502 0.084502 0.084502 0.084502 0.084502 0.000000 0.000000 0.043494 0.084502 0.084502 0.000000 0.165554 0.165554 0.084502 0.084502 1.000000
0.083978 0.083978 0.083978 0.083978 0.083978 0.083978 0.083978 0.083978 0.083978 0.083978 0.000000 0.000000 0.067352 0.083978 0.083978 0.000000 0.164568 0.164568 0.083978 0.083978 1.000000
0.084044 0.084044 0.084044 0.084044 0.084044 0.084044 0.084044 0.084044 0.084044 0.067406 0.164692 0.000000 0.084044 0.084044 0.084044 0.000000 0.164692 0.164692 0.084044 0.084044 1.000000
0.084478 0.084478 0.084478 0.084478 0.084478 0.084478 0.084478 0.084478 0.084478 0.084478 0.086476 0.000000 0.000002 0.084478 0.017838 0.000000 0.165509 0.165509 0.084478 0.084478 1.000000
0.083978 0.083978 0.083978 0.083978 0.083978 0.083978 0.083978 0.083978 0.083978 0.083978 0.000000 0.000000 0.067352 0.083978 0.083978 0.000000 0.164568 0.164568 0.083978 0.083978 1.000000
0.083978 0.083978 0.083978 0.083978 0.083978 0.083978 0.083978 0.083978 0.083978 0.083978 0.000000 0.000000 0.067352 0.083978 0.083978 0.000000 0.164568 0.164568 0.083978 0.083978 1.000000
0.084493 0.084493 0.084493 0.084493 0.084493 0.084493 0.084493 0.084493 0.084493 0.084493 0.001256 0.000000 0.084493 0.000004 0.084493 0.000000 0.165537 0.165537 0.084493 0.084493 1.000000
0.083978 0.083978 0.083978 0.083978 0.083978 0.083978 0.083978 0.083978 0.083978 0.083978 0.000000 0.000000 0.067352 0.083978 0.083978 0.000000 0.164568 0.164568 0.083978 0.083978 1.000000
0.083978 0.083978 0.083978 0.083978 0.083978 0.083978 0.083978 0.083978 0.083978 0.083978 0.000000 0.000000 0.067352 0.083978 0.083978 0.000000 0.164568 0.164568 0.083978 0.083978 1.000000
0.085010 0.085010 0.085010 0.085010 0.085010 0.085010 0.085010 0.085010 0.085010 0.085010 0.000109 0.000000 0.085010 0.000035 0.085010 0.000000 0.134526 0.166509 0.085010 0.085010 1.000000
0.083957 0.083957 0.083957 0.083957 0.083957 0.083957 0.083957 0.083957 0.083957 0.083957 0.000000 0.000000 0.083957 0.083957 0.011347 0.000000 0.164528 0.164528 0.083957 0.083957 1.000000
0.083978 0.083978 0.083978 0.083978 0.083978 0.083978 0.083978 0.083978 0.083978 0.083978 0.000000 0.000000 0.067352 0.083978 0.083978 0.000000 0.164568 0.164568 0.083978 0.083978 1.000000
0.083990 0.083990 0.083990 0.083990 0.083990 0.083990 0.083990 0.083990 0.083990 0.000000 0.164590 0.028360 0.083990 0.083990 0.083990 0.000000 0.164590 0.164590 0.000007 0.083990 1.000000
0.083978 0.083978 0.083978 0.083978 0.083978 0.083978 0.083978 0.083978 0.083978 0.083978 0.000000 0.000000 0.067352 0.083978 0.083978 0.000000 0.164568 0.164568 0.083978 0.083978 1.000000
0.083978 0.083978 0.083978 0.083978 0.083978 0.083978 0.083978 0.083978 0.083978 0.083978 0.000000 0.000000 0.067352 0.083978 0.083978 0.000000 0.164568 0.164568 0.083978 0.083978 1.000000
0.083978 0.083978 0.083978 0.083978 0.083978 0.083978 0.083978 0.083978 0.083978 0.083978 0.000000 0.000000 0.067352 0.083978 0.083978 0.000000 0.164568 0.164568 0.083978 0.083978 1.000000
0.083978 0.083978 0.083978 0.083978 0.083978 0.083978 0.083978 0.083978 0.083978 0.083978 0.000000 0.000000 0.067352 0.083978 0.083978 0.000000 0.164568 0.164568 0.083978 0.083978 1.000000
0.084466 0.084466 0.084466 0.084466 0.084466 0.084466 0.084466 0.084466 0.084466 0.084466 0.086464 0.000000 0.067746 0.084466 0.084466 0.000000 0.165487 0.000000 0.084466 0.084466 1.000000
0.085034 0.085034 0.085034 0.085034 0.085034 0.085034 0.085034 0.085034 0.085034 0.085034 0.000005 0.000000 0.085034 0.085034 0.000632 0.000000 0.166554 0.166554 0.085034 0.085034 1.000000
0.083988 0.083988 0.083988 0.083988 0.083988 0.083988 0.083988 0.083988 0.083988 0.083988 0.164587 0.009299 0.000000 0.005812 0.083988 0.000000 0.164587 0.164587 0.083988 0.083988 1.000000
0.083978 0.083978 0.083978 0.083978 0.083978 0.083978 0.083978 0.083978 0.083978 0.083978 0.000000 0.000000 0.067352 0.083978 0.083978 0.000000 0.164568 0.164568 0.083978 0.083978 1.000000
0.083978 0.083978 0.083978 0.083978 0.083978 0.083978 0.083978 0.083978 0.083978 0.083978 0.000000 0.000000 0.067352 0.083978 0.083978 0.000000 0.164568 0.164568 0.083978 0.083978 1.000000
0.083978 0.083978 0.083978 0.083978 0.083978 0.083978 0.083978 0.083978 0.083978 0.083978 0.000000 0.000000 0.067352 0.083978 0.083978 0.000000 0.164568 0.164568 0.083978 0.083978 1.000000
0.083978 0.083978 0.083978 0.083978 0.083978 0.083978 0.083978 0.083978 0.083978 0.083978 0.000000 0.000000 0.067352 0.083978 0.083978 0.000000 0.164568 0.164568 0.083978 0.083978 1.000000
0.083978 0.083978 0.083978 0.083978 0.083978 0.083978 0.083978 0.083978 0.083978 0.083978 0.000000 0.000000 0.067352 0.083978 0.083978 0.000000 0.164568 0.164568 0.083978 0.083978 1.000000
0.083978 0.083978 0.083978 0.083978 0.083978 0.083978 0.083978 0.083978 0.083978 0.083978 0.000000 0.000000 0.067352 0.083978 0.083978 0.000000 0.164568 0.164568 0.083978 0.083978 1.000000
0.083999 0.083999 0.083999 0.083999 0.083999 0.083999 0.083999 0.083999 0.083999 0.083999 0.132960 0.000000 0.083999 0.083999 0.083999 0.000000 0.164607 0.164607 0.083999 0.000000 1.000000
0.083978 0.083978 0.083978 0.083978 0.083978 0.083978 0.083978 0.083978 0.083978 0.083978 0.000000 0.000000 0.067352 0.083978 0.083978 0.000000 0.164568 0.164568 0.083978 0.083978 1.000000
0.083978 0.083978 0.083978 0.083978 0.083978 0.083978 0.083978 0.083978 0.083978 0.083978 0.000000 0.000000 0.067352 0.083978 0.083978 0.000000 0.164568 0.164568 0.083978 0.083978 1.000000
0.084459 0.084459 0.084459 0.084459 0.084459 0.084459 0.084459 0.084459 0.084459 0.084459 0.165472 0.000009 0.000028 0.084459 0.084459 0.000007 0.165472 0.000007 0.000009 0.084459 1.000000
0.083978 0.083978 0.083978 0.083978 0.083978 0.083978 0.083978 0.083978 0.083978 0.083978 0.000000 0.000000 0.067352 0.083978 0.083978 0.000000 0.164568 0.164568 0.083978 0.083978 1.000000
0.083978 0.083978 0.083978 0.083978 0.083978 0.083978 0.083978 0.083978 0.083978 0.083978 0.000000 0.000000 0.067352 0.083978 0.083978 0.000000 0.164568 0.164568 0.083978 0.083978 1.000000
0.083978 0.083978 0.083978 0.083978 0.083978 0.083978 0.083978 0.083978 0.083978 0.083978 0.000000 0.000000 0.067352 0.083978 0.083978 0.000000 0.164568 0.164568 0.083978 0.083978 1.000000
0.083978 0.083978 0.083978 0.083978 0.083978 0.083978 0.083978 0.083978 0.083978 0.083978 0.000000 0.000000 0.067352 0.083978 0.083978 0.000000 0.164568 0.164568 0.083978 0.083978 1.000000
0.083974 0.083974 0.083974 0.083974 0.083974 0.083974 0.083974 0.083974 0.083974 0.083974 0.085960 0.000000 0.083974 0.083974 0.083974 0.000000 0.164560 0.164560 0.000000 0.083974 1.000000
0.083978 0.083978 0.083978 0.083978 0.083978 0.083978 0.083978 0.083978 0.083978 0.083978 0.000000 0.000000 0.067352 0.083978 0.083978 0.000000 0.164568 0.164568 0.083978 0.083978 1.000000
0.083978 0.083978 0.083978 0.083978 0.083978 0.083978 0.083978 0.083978 0.083978 0.083978 0.000000 0.000000 0.067352 0.083978 0.083978 0.000000 0.164568 0.164568 0.083978 0.083978 1.000000
0.084463 0.084463 0.084463 0.084463 0.084463 0.084463 0.084463 0.084463 0.000004 0.084463 0.035636 0.000000 0.084463 0.017835 0.084463 0.000000 0.165481 0.165481 0.084463 0.084463 1.000000
0.083978 0.083978 0.083978 0.083978 0.083978 0.083978 0.083978 0.083978 0.083978 0.083978 0.000000 0.000000 0.067352 0.083978 0.083978 0.000000 0.164568 0.164568 0.083978 0.083978 1.000000
0.083978 0.083978 0.083978 0.083978 0.083978 0.083978 0.083978 0.083978 0.083978 0.083978 0.000000 0.000000 0.067352 0.083978 0.083978 0.000000 0.164568 0.164568 0.083978 0.083978 1.000000
0.083978 0.083978 0.083978 0.083978 0.083978 0.083978 0.083978 0.083978 0.083978 0.083978 0.000000 0.000000 0.067352 0.083978 0.083978 0.000000 0.164568 0.164568 0.083978 0.083978 1.000000
0.083978 0.083978 0.083978 0.083978 0.083978 0.083978 0.083978 0.083978 0.083978 0.083978 0.000000 0.000000 0.067352 0.083978 0.083978 0.000000 0.164568 0.164568 0.083978 0.083978 1.000000
0.084427 0.084427 0.084427 0.084427 0.084427 0.084427 0.084427 0.084427 0.084427 0.084427 0.018255 0.000000 0.084427 0.084427 0.084427 0.000001 0.011685 0.165413 0.084427 0.000001 1.000000
0.085034 0.085034 0.085034 0.085034 0.085034 0.085034 0.085034 0.085034 0.085034 0.085034 0.000004 0.000000 0.085034 0.085034 0.085034 0.000000 0.166554 0.166554 0.085034 0.000790 1.000000
0.083978 0.083978 0.083978 0.083978 0.083978 0.083978 0.083978 0.083978 0.083978 0.083978 0.000000 0.000000 0.067352 0.083978 0.083978 0.000000 0.164568 0.164568 0.083978 0.083978 1.000000
0.083978 0.083978 0.083978 0.083978 0.083978 0.083978 0.083978 0.083978 0.083978 0.083978 0.000000 0.000000 0.067352 0.083978 0.083978 0.000000 0.164568 0.164568 0.083978 0.083978 1.000000
0.083978 0.083978 0.083978 0.083978 0.083978 0.083978 0.083978 0.083978 0.083978 0.083978 0.000000 0.000000 0.067352 0.083978 0.083978 0.000000 0.164568 0.164568 0.083978 0.083978 1.000000
0.083978 0.083978 0.083978 0.083978 0.083978 0.083978 0.083978 0.083978 0.083978 0.083978 0.000000 0.000000 0.067352 0.083978 0.083978 0.000000 0.164568 0.164568 0.083978 0.083978 1.000000
0.083978 0.083978 0.083978 0.083978 0.083978 0.083978 0.083978 0.083978 0.083978 0.083978 0.000000 0.000000 0.067352 0.083978 0.083978 0.000000 0.164568 0.164568 0.083978 0.083978 1.000000
0.084493 0.084493 0.084493 0.084493 0.084493 0.084493 0.084493 0.084493 0.084493 0.084493 0.000044 0.000000 0.084493 0.084493 0.084493 0.000000 0.165537 0.165537 0.084493 0.000084 1.000000
0.083978 0.083978 0.083978 0.083978 0.083978 0.083978 0.083978 0.083978 0.083978 0.083978 0.000000 0.000000 0.067352 0.083978 0.083978 0.000000 0.164568 0.164568 0.083978 0.083978 1.000000
0.083978 0.083978 0.083978 0.083978 0.083978 0.083978 0.083978 0.083978 0.083978 0.083978 0.000000 0.000000 0.067352 0.083978 0.083978 0.000000 0.164568 0.164568 0.083978 0.083978 1.000000
0.083978 0.083978 0.083978 0.083978 0.083978 0.083978 0.083978 0.083978 0.083978 0.083978 0.000000 0.000000 0.067352 0.083978 0.083978 0.000000 0.164568 0.164568 0.083978 0.083978 1.000000
0.084022 0.084022 0.084022 0.084022 0.084022 0.084022 0.084022 0.084022 0.084022 0.000000 0.164651 0.000000 0.084022 0.084022 0.084022 0.000000 0.164651 0.164651 0.084022 0.084022 1.000000
0.084493 0.084493 0.084493 0.084493 0.084493 0.084493 0.084493 0.084493 0.084493 0.084493 0.001570 0.000000 0.084493 0.000004 0.084493 0.000000 0.165537 0.165537 0.084493 0.084493 1.000000
0.084022 0.084022 0.084022 0.084022 0.084022 0.084022 0.084022 0.084022 0.084022 0.000000 0.164651 0.000000 0.084022 0.084022 0.084022 0.000000 0.164651 0.164651 0.084022 0.084022 1.000000
0.083978 0.083978 0.083978 0.083978 0.083978 0.083978 0.083978 0.083978 0.083978 0.083978 0.000000 0.000000 0.067352 0.083978 0.083978 0.000000 0.164568 0.164568 0.083978 0.083978 1.000000
0.083978 0.083978 0.083978 0.083978 0.083978 0.083978 0.083978 0.083978 0.083978 0.083978 0.000000 0.000000 0.067352 0.083978 0.083978 0.000000 0.164568 0.164568 0.083978 0.083978 1.000000
0.083978 0.083978 0.083978 0.083978 0.083978 0.083978 0.083978 0.083978 0.083978 0.083978 0.000000 0.000000 0.067352 0.083978 0.083978 0.000000 0.164568 0.164568 0.083978 0.083978 1.000000
0.083978 0.083978 0.083978 0.083978 0.083978 0.083978 0.083978 0.083978 0.083978 0.083978 0.000000 0.000000 0.067352 0.083978 0.083978 0.000000 0.164568 0.164568 0.083978 0.083978 1.000000
0.083967 0.083967 0.083967 0.083967 0.083967 0.083967 0.083967 0.083967 0.083967 0.083967 0.000000 0.000000 0.083967 0.083967 0.083967 0.000000 0.164547 0.132911 0.083967 0.083967 1.000000
0.083978 0.083978 0.083978 0.083978 0.083978 0.083978 0.083978 0.083978 0.083978 0.083978 0.000000 0.000000 0.067352 0.083978 0.083978 0.000000 0.164568 0.164568 0.083978 0.083978 1.000000
0.083978 0.083978 0.083978 0.083978 0.083978 0.083978 0.083978 0.083978 0.083978 0.083978 0.000000 0.000000 0.067352 0.083978 0.083978 0.000000 0.164568 0.164568 0.083978 0.083978 1.000000
0.083978 0.083978 0.083978 0.083978 0.083978 0.083978 0.083978 0.083978 0.083978 0.083978 0.000000 0.000000 0.067352 0.083978 0.083978 0.000000 0.164568 0.164568 0.083978 0.083978 1.000000
0.083978 0.083978 0.083978 0.083978 0.083978 0.083978 0.083978 0.083978 0.083978 0.083978 0.000000 0.000000 0.067352 0.083978 0.083978 0.000000 0.164568 0.164568 0.083978 0.083978 1.000000
0.083978 0.083978 0.083978 0.083978 0.083978 0.083978 0.083978 0.083978 0.083978 0.083978 0.000000 0.000000 0.067352 0.083978 0.083978 0.000000 0.164568 0.164568 0.083978 0.083978 1.000000
0.083978 0.083978 0.083978 0.083978 0.083978 0.083978 0.083978 0.083978 0.083978 0.083978 0.000000 0.000000 0.067352 0.083978 0.083978 0.000000 0.164568 0.164568 0.083978 0.083978 1.000000
0.083978 0.083978 0.083978 0.083978 0.083978 0.083978 0.083978 0.083978 0.083978 0.083978 0.000000 0.000000 0.067352 0.083978 0.083978 0.000000 0.164568 0.164568 0.083978 0.083978 1.000000
0.083978 0.083978 0.083978 0.083978 0.083978 0.083978 0.083978 0.083978 0.083978 0.083978 0.000000 0.000000 0.067352 0.083978 0.083978 0.000000 0.164568 0.164568 0.083978 0.083978 1.000000
0.083978 0.083978 0.083978 0.083978 0.083978 0.083978 0.083978 0.083978 0.083978 0.083978 0.000000 0.000000 0.067352 0.083978 0.083978 0.000000 0.164568 0.164568 0.083978 0.083978 1.000000
0.083978 0.083978 0.083978 0.083978 0.083978 0.083978 0.083978 0.083978 0.083978 0.083978 0.000000 0.000000 0.067352 0.083978 0.083978 0.000000 0.164568 0.164568 0.083978 0.083978 1.000000
0.083978 0.083978 0.083978 0.083978 0.083978 0.083978 0.083978 0.083978 0.083978 0.083978 0.000000 0.000000 0.067352 0.083978 0.083978 0.000000 0.164568 0.164568 0.083978 0.083978 1.000000
0.083978 0.083978 0.083978 0.083978 0.083978 0.083978 0.083978 0.083978 0.083978 0.083978 0.000000 0.000000 0.067352 0.083978 0.083978 0.000000 0.164568 0.164568 0.083978 0.083978 1.000000
0.083978 0.083978 0.083978 0.083978 0.083978 0.083978 0.083978 0.083978 0.083978 0.083978 0.000000 0.000000 0.067352 0.083978 0.083978 0.000000 0.164568 0.164568 0.083978 0.083978 1.000000
0.083978 0.083978 0.083978 0.083978 0.083978 0.083978 0.083978 0.083978 0.083978 0.083978 0.000000 0.000000 0.067352 0.083978 0.083978 0.000000 0.164568 0.164568 0.083978 0.083978 1.000000
0.083978 0.083978 0.083978 0.083978 0.083978 0.083978 0.083978 0.083978 0.083978 0.083978 0.000000 0.000000 0.067352 0.083978 0.083978 0.000000 0.164568 0.164568 0.083978 0.083978 1.000000
0.083978 0.083978 0.083978 0.083978 0.083978 0.083978 0.083978 0.083978 0.083978 0.083978 0.000000 0.000000 0.067352 0.083978 0.083978 0.000000 0.164568 0.164568 0.083978 0.083978 1.000000
0.085034 0.085034 0.085034 0.085034 0.085034 0.085034 0.085034 0.085034 0.085034 0.085034 0.000005 0.000000 0.085034 0.085034 0.000632 0.000000 0.166554 0.166554 0.085034 0.085034 1.000000
0.083978 0.083978 0.083978 0.083978 0.083978 0.083978 0.083978 0.083978 0.083978 0.083978 0.000000 0.000000 0.067352 0.083978 0.083978 0.000000 0.164568 0.164568 0.083978 0.083978 1.000000
0.083978 0.083978 0.083978 0.083978 0.083978 0.083978 0.083978 0.083978 0.083978 0.083978 0.000000 0.000000 0.067352 0.083978 0.083978 0.000000 0.164568 0.164568 0.083978 0.083978 1.000000
0.083978 0.083978 0.083978 0.083978 0.083978 0.083978 0.083978 0.083978 0.083978 0.083978 0.000000 0.000000 0.067352 0.083978 0.083978 0.000000 0.164568 0.164568 0.083978 0.083978 1.000000
0.083978 0.083978 0.083978 0.083978 0.083978 0.083978 0.083978 0.083978 0.083978 0.083978 0.000000 0.000000 0.067352 0.083978 0.083978 0.000000 0.164568 0.164568 0.083978 0.083978 1.000000
0.083978 0.083978 0.083978 0.083978 0.083978 0.083978 0.083978 0.083978 0.083978 0.083978 0.000000 0.000000 0.067352 0.083978 0.083978 0.000000 0.164568 0.164568 0.083978 0.083978 1.000000
0.083978 0.083978 0.083978 0.083978 0.083978 0.083978 0.083978 0.083978 0.083978 0.083978 0.000000 0.000000 0.067352 0.083978 0.083978 0.000000 0.164568 0.164568 0.083978 0.083978 1.000000
0.083978 0.083978 0.083978 0.083978 0.083978 0.083978 0.083978 0.083978 0.083978 0.083978 0.000000 0.000000 0.067352 0.083978 0.083978 0.000000 0.164568 0.164568 0.083978 0.083978 1.000000
0.083978 0.083978 0.083978 0.083978 0.083978 0.083978 0.083978 0.083978 0.083978 0.083978 0.000000 0.000000 0.067352 0.083978 0.083978 0.000000 0.164568 0.164568 0.083978 0.083978 1.000000
0.083978 0.083978 0.083978 0.083978 0.083978 0.083978 0.083978 0.083978 0.083978 0.083978 0.000000 0.000000 0.067352 0.083978 0.083978 0.000000 0.164568 0.164568 0.083978 0.083978 1.000000
0.084044 0.084044 0.084044 0.084044 0.084044 0.084044 0.084044 0.084044 0.084044 0.067406 0.164692 0.000000 0.084044 0.084044 0.084044 0.000000 0.164692 0.164692 0.084044 0.084044 1.000000
0.083978 0.083978 0.083978 0.083978 0.083978 0.083978 0.083978 0.083978 0.083978 0.083978 0.000000 0.000000 0.067352 0.083978 0.083978 0.000000 0.164568 0.164568 0.083978 0.083978 1.000000
0.083978 0.083978 0.083978 0.083978 0.083978 0.083978 0.083978 0.083978 0.083978 0.083978 0.000000 0.000000 0.067352 0.083978 0.083978 0.000000 0.164568 0.164568 0.083978 0.083978 1.000000
0.083978 0.083978 0.083978 0.083978 0.083978 0.083978 0.083978 0.083978 0.083978 0.083978 0.000000 0.000000 0.067352 0.083978 0.083978 0.000000 0.164568 0.164568 0.083978 0.083978 1.000000
0.083978 0.083978 0.083978 0.083978 0.083978 0.083978 0.083978 0.083978 0.083978 0.083978 0.000000 0.000000 0.067352 0.083978 0.083978 0.000000 0.164568 0.164568 0.083978 0.083978 1.000000
0.083978 0.083978 0.083978 0.083978 0.083978 0.083978 0.083978 0.083978 0.083978 0.083978 0.000000 0.000000 0.067352 0.083978 0.083978 0.000000 0.164568 0.164568 0.083978 0.083978 1.000000
0.083978 0.083978 0.083978 0.083978 0.083978 0.083978 0.083978 0.083978 0.083978 0.083978 0.000000 0.000000 0.067352 0.083978 0.083978 0.000000 0.164568 0.164568 0.083978 0.083978 1.000000
0.083978 0.083978 0.083978 0.083978 0.083978 0.083978 0.083978 0.083978 0.083978 0.083978 0.000000 0.000000 0.067352 0.083978 0.083978 0.000000 0.164568 0.164568 0.083978 0.083978 1.000000
0.083978 0.083978 0.083978 0.083978 0.083978 0.083978 0.083978 0.083978 0.083978 0.083978 0.000000 0.000000 0.067352 0.083978 0.083978 0.000000 0.164568 0.164568 0.083978 0.083978 1.000000
0.083978 0.083978 0.083978 0.083978 0.083978 0.083978 0.083978 0.083978 0.083978 0.083978 0.000000 0.000000 0.067352 0.083978 0.083978 0.000000 0.164568 0.164568 0.083978 0.083978 1.000000
0.083978 0.083978 0.083978 0.083978 0.083978 0.083978 0.083978 0.083978 0.083978 0.083978 0.000000 0.000000 0.067352 0.083978 0.083978 0.000000 0.164568 0.164568 0.083978 0.083978 1.000000
0.083978 0.083978 0.083978 0.083978 0.083978 0.083978 0.083978 0.083978 0.083978 0.083978 0.000000 0.000000 0.067352 0.083978 0.083978 0.000000 0.164568 0.164568 0.083978 0.083978 1.000000
0.083978 0.083978 0.083978 0.083978 0.083978 0.083978 0.083978 0.083978 0.083978 0.083978 0.000000 0.000000 0.067352 0.083978 0.083978 0.000000 0.164568 0.164568 0.083978 0.083978 1.000000
0.083978 0.083978 0.083978 0.083978 0.083978 0.083978 0.083978 0.083978 0.083978 0.083978 0.000000 0.000000 0.067352 0.083978 0.083978 0.000000 0.164568 0.164568 0.083978 0.083978 1.000000
0.083978 0.083978 0.083978 0.083978 0.083978 0.083978 0.083978 0.083978 0.083978 0.083978 0.000000 0.000000 0.067352 0.083978 0.083978 0.000000 0.164568 0.164568 0.083978 0.083978 1.000000
0.083978 0.083978 0.083978 0.083978 0.083978 0.083978 0.083978 0.083978 0.083978 0.083978 0.000000 0.000000 0.067352 0.083978 0.083978 0.000000 0.164568 0.164568 0.083978 0.083978 1.000000
0.083978 0.083978 0.083978 0.083978 0.083978 0.083978 0.083978 0.083978 0.083978 0.083978 0.000000 0.000000 0.067352 0.083978 0.083978 0.000000 0.164568 0.164568 0.083978 0.083978 1.000000
0.083978 0.083978 0.083978 0.083978 0.083978 0.083978 0.083978 0.083978 0.083978 0.083978 0.000000 0.000000 0.067352 0.083978 0.083978 0.000000 0.164568 0.164568 0.083978 0.083978 1.000000
0.083978 0.083978 0.083978 0.083978 0.083978 0.083978 0.083978 0.083978 0.083978 0.083978 0.000000 0.000000 0.067352 0.083978 0.083978 0.000000 0.164568 0.164568 0.083978 0.083978 1.000000
0.083967 0.083967 0.083967 0.083967 0.083967 0.083967 0.083967 0.083967 0.083967 0.083967 0.000000 0.000000 0.083967 0.083967 0.083967 0.000000 0.164547 0.132911 0.083967 0.083967 1.000000
0.083978 0.083978 0.083978 0.083978 0.083978 0.083978 0.083978 0.083978 0.083978 0.083978 0.000000 0.000000 0.067352 0.083978 0.083978 0.000000 0.164568 0.164568 0.083978 0.083978 1.000000
0.083978 0.083978 0.083978 0.083978 0.083978 0.083978 0.083978 0.083978 0.083978 0.083978 0.000000 0.000000 0.067352 0.083978 0.083978 0.000000 0.164568 0.164568 0.083978 0.083978 1.000000
0.083978 0.083978 0.083978 0.083978 0.083978 0.083978 0.083978 0.083978 0.083978 0.083978 0.000000 0.000000 0.067352 0.083978 0.083978 0.000000 0.164568 0.164568 0.083978 0.083978 1.000000
0.083978 0.083978 0.083978 0.083978 0.083978 0.083978 0.083978 0.083978 0.083978 0.083978 0.000000 0.000000 0.067352 0.083978 0.083978 0.000000 0.164568 0.164568 0.083978 0.083978 1.000000
0.083978 0.083978 0.083978 0.083978 0.083978 0.083978 0.083978 0.083978 0.083978 0.083978 0.000000 0.000000 0.067352 0.083978 0.083978 0.000000 0.164568 0.164568 0.083978 0.083978 1.000000
0.083978 0.083978 0.083978 0.083978 0.083978 0.083978 0.083978 0.083978 0.083978 0.083978 0.000000 0.000000 0.067352 0.083978 0.083978 0.000000 0.164568 0.164568 0.083978 0.083978 1.000000
0.083978 0.083978 0.083978 0.083978 0.083978 0.083978 0.083978 0.083978 0.083978 0.083978 0.000000 0.000000 0.067352 0.083978 0.083978 0.000000 0.164568 0.164568 0.083978 0.083978 1.000000
0.083978 0.083978 0.083978 0.083978 0.083978 0.083978 0.083978 0.083978 0.083978 0.083978 0.000000 0.000000 0.067352 0.083978 0.083978 0.000000 0.164568 0.164568 0.083978 0.083978 1.000000
0.083978 0.083978 0.083978 0.083978 0.083978 0.083978 0.083978 0.083978 0.083978 0.083978 0.000000 0.000000 0.067352 0.083978 0.083978 0.000000 0.164568 0.164568 0.083978 0.083978 1.000000
0.083978 0.083978 0.083978 0.083978 0.083978 0.083978 0.083978 0.083978 0.083978 0.083978 0.000000 0.000000 0.067352 0.083978 0.083978 0.000000 0.164568 0.164568 0.083978 0.083978 1.000000
0.083978 0.083978 0.083978 0.083978 0.083978 0.083978 0.083978 0.083978 0.083978 0.083978 0.000000 0.000000 0.067352 0.083978 0.083978 0.000000 0.164568 0.164568 0.083978 0.083978 1.000000
0.083978 0.083978 0.083978 0.083978 0.083978 0.083978 0.083978 0.083978 0.083978 0.083978 0.000000 0.000000 0.067352 0.083978 0.083978 0.000000 0.164568 0.164568 0.083978 0.083978 1.000000
0.083978 0.083978 0.083978 0.083978 0.083978 0.083978 0.083978 0.083978 0.083978 0.083978 0.000000 0.000000 0.067352 0.083978 0.083978 0.000000 0.164568 0.164568 0.083978 0.083978 1.000000
0.083978 0.083978 0.083978 0.083978 0.083978 0.083978 0.083978 0.083978 0.083978 0.083978 0.000000 0.000000 0.067352 0.083978 0.083978 0.000000 0.164568 0.164568 0.083978 0.083978 1.000000
0.083978 0.083978 0.083978 0.083978 0.083978 0.083978 0.083978 0.083978 0.083978 0.083978 0.000000 0.000000 0.067352 0.083978 0.083978 0.000000 0.164568 0.164568 0.083978 0.083978 1.000000
0.083978 0.083978 0.083978 0.083978 0.083978 0.083978 0.083978 0.083978 0.083978 0.083978 0.000000 0.000000 0.067352 0.083978 0.083978 0.000000 0.164568 0.164568 0.083978 0.083978 1.000000
0.083978 0.083978 0.083978 0.083978 0.083978 0.083978 0.083978 0.083978 0.083978 0.083978 0.000000 0.000000 0.067352 0.083978 0.083978 0.000000 0.164568 0.164568 0.083978 0.083978 1.000000
0.083978 0.083978 0.083978 0.083978 0.083978 0.083978 0.083978 0.083978 0.083978 0.083978 0.000000 0.000000 0.067352 0.083978 0.083978 0.000000 0.164568 0.164568 0.083978 0.083978 1.000000
0.083978 0.083978 0.083978 0.083978 0.083978 0.083978 0.083978 0.083978 0.083978 0.083978 0.000000 0.000000 0.067352 0.083978 0.083978 0.000000 0.164568 0.164568 0.083978 0.083978 1.000000
0.083978 0.083978 0.083978 0.083978 0.083978 0.083978 0.083978 0.083978 0.083978 0.083978 0.000000 0.000000 0.067352 0.083978 0.083978 0.000000 0.164568 0.164568 0.083978 0.083978 1.000000
0.083978 0.083978 0.083978 0.083978 0.083978 0.083978 0.083978 0.083978 0.083978 0.083978 0.000000 0.000000 0.067352 0.083978 0.083978 0.000000 0.164568 0.164568 0.083978 0.083978 1.000000
0.083978 0.083978 0.083978 0.083978 0.083978 0.083978 0.083978 0.083978 0.083978 0.083978 0.000000 0.000000 0.067352 0.083978 0.083978 0.000000 0.164568 0.164568 0.083978 0.083978 1.000000
0.083978 0.083978 0.083978 0.083978 0.083978 0.083978 0.083978 0.083978 0.083978 0.083978 0.000000 0.000000 0.067352 0.083978 0.083978 0.000000 0.164568 0.164568 0.083978 0.083978 1.000000
0.083978 0.083978 0.083978 0.083978 0.083978 0.083978 0.083978 0.083978 0.083978 0.083978 0.000000 0.000000 0.067352 0.083978 0.083978 0.000000 0.164568 0.164568 0.083978 0.083978 1.000000
0.083978 0.083978 0.083978 0.083978 0.083978 0.083978 0.083978 0.083978 0.083978 0.083978 0.000000 0.000000 0.067352 0.083978 0.083978 0.000000 0.164568 0.164568 0.083978 0.083978 1.000000
0.083967 0.083967 0.083967 0.083967 0.083967 0.083967 0.083967 0.083967 0.083967 0.083967 0.000000 0.000000 0.083967 0.083967 0.083967 0.000000 0.132911 0.164547 0.083967 0.083967 1.000000
0.083978 0.083978 0.083978 0.083978 0.083978 0.083978 0.083978 0.083978 0.083978 0.083978 0.000000 0.000000 0.067352 0.083978 0.083978 0.000000 0.164568 0.164568 0.083978 0.083978 1.000000
0.083978 0.083978 0.083978 0.083978 0.083978 0.083978 0.083978 0.083978 0.083978 0.083978 0.000000 0.000000 0.067352 0.083978 0.083978 0.000000 0.164568 0.164568 0.083978 0.083978 1.000000
0.083978 0.083978 0.083978 0.083978 0.083978 0.083978 0.083978 0.083978 0.083978 0.083978 0.000000 0.000000 0.067352 0.083978 0.083978 0.000000 0.164568 0.164568 0.083978 0.083978 1.000000
0.083978 0.083978 0.083978 0.083978 0.083978 0.083978 0.083978 0.083978 0.083978 0.083978 0.000000 0.000000 0.067352 0.083978 0.083978 0.000000 0.164568 0.164568 0.083978 0.083978 1.000000
0.083978 0.083978 0.083978 0.083978 0.083978 0.083978 0.083978 0.083978 0.083978 0.083978 0.000000 0.000000 0.067352 0.083978 0.083978 0.000000 0.164568 0.164568 0.083978 0.083978 1.000000
0.083978 0.083978 0.083978 0.083978 0.083978 0.083978 0.083978 0.083978 0.083978 0.083978 0.000000 0.000000 0.067352 0.083978 0.083978 0.000000 0.164568 0.164568 0.083978 0.083978 1.000000
0.083978 0.083978 0.083978 0.083978 0.083978 0.083978 0.083978 0.083978 0.083978 0.083978 0.000000 0.000000 0.067352 0.083978 0.083978 0.000000 0.164568 0.164568 0.083978 0.083978 1.000000
0.083978 0.083978 0.083978 0.083978 0.083978 0.083978 0.083978 0.083978 0.083978 0.083978 0.000000 0.000000 0.067352 0.083978 0.083978 0.000000 0.164568 0.164568 0.083978 0.083978 1.000000
0.083978 0.083978 0.083978 0.083978 0.083978 0.083978 0.083978 0.083978 0.083978 0.083978 0.000000 0.000000 0.067352 0.083978 0.083978 0.000000 0.164568 0.164568 0.083978 0.083978 1.000000
0.083978 0.083978 0.083978 0.083978 0.083978 0.083978 0.083978 0.083978 0.083978 0.083978 0.000000 0.000000 0.067352 0.083978 0.083978 0.000000 0.164568 0.164568 0.083978 0.083978 1.000000
0.083978 0.083978 0.083978 0.083978 0.083978 0.083978 0.083978 0.083978 0.083978 0.083978 0.000000 0.000000 0.067352 0.083978 0.083978 0.000000 0.164568 0.164568 0.083978 0.083978 1.000000
0.083978 0.083978 0.083978 0.083978 0.083978 0.083978 0.083978 0.083978 0.083978 0.083978 0.000000 0.000000 0.067352 0.083978 0.083978 0.000000 0.164568 0.164568 0.083978 0.083978 1.000000
0.083978 0.083978 0.083978 0.083978 0.083978 0.083978 0.083978 0.083978 0.083978 0.083978 0.000000 0.000000 0.067352 0.083978 0.083978 0.000000 0.164568 0.164568 0.083978 0.083978 1.000000
0.083978 0.083978 0.083978 0.083978 0.083978 0.083978 0.083978 0.083978 0.083978 0.083978 0.000000 0.000000 0.067352 0.083978 0.083978 0.000000 0.164568 0.164568 0.083978 0.083978 1.000000
0.083978 0.083978 0.083978 0.083978 0.083978 0.083978 0.083978 0.083978 0.083978 0.083978 0.000000 0.000000 0.067352 0.083978 0.083978 0.000000 0.164568 0.164568 0.083978 0.083978 1.000000
0.083978 0.083978 0.083978 0.083978 0.083978 0.083978 0.083978 0.083978 0.083978 0.083978 0.000000 0.000000 0.067352 0.083978 0.083978 0.000000 0.164568 0.164568 0.083978 0.083978 1.000000
0.083978 0.083978 0.083978 0.083978 0.083978 0.083978 0.083978 0.083978 0.083978 0.083978 0.000000 0.000000 0.067352 0.083978 0.083978 0.000000 0.164568 0.164568 0.083978 0.083978 1.000000
0.083978 0.083978 0.083978 0.083978 0.083978 0.083978 0.083978 0.083978 0.083978 0.083978 0.000000 0.000000 0.067352 0.083978 0.083978 0.000000 0.164568 0.164568 0.083978 0.083978 1.000000
0.083978 0.083978 0.083978 0.083978 0.083978 0.083978 0.083978 0.083978 0.083978 0.083978 0.000000 0.000000 0.067352 0.083978 0.083978 0.000000 0.164568 0.164568 0.083978 0.083978 1.000000
0.083978 0.083978 0.083978 0.083978 0.083978 0.083978 0.083978 0.083978 0.083978 0.083978 0.000000 0.000000 0.067352 0.083978 0.083978 0.000000 0.164568 0.164568 0.083978 0.083978 1.000000
0.083978 0.083978 0.083978 0.083978 0.083978 0.083978 0.083978 0.083978 0.083978 0.083978 0.000000 0.000000 0.067352 0.083978 0.083978 0.000000 0.164568 0.164568 0.083978 0.083978 1.000000
0.083984 0.083984 0.083984 0.083984 0.083984 0.083984 0.083984 0.083984 0.083984 0.083984 0.107023 0.000000 0.083984 0.083984 0.000000 0.000000 0.164579 0.164579 0.083984 0.083984 1.000000
0.083978 0.083978 0.083978 0.083978 0.083978 0.083978 0.083978 0.083978 0.083978 0.083978 0.000000 0.000000 0.067352 0.083978 0.083978 0.000000 0.164568 0.164568 0.083978 0.083978 1.000000
0.083978 0.083978 0.083978 0.083978 0.083978 0.083978 0.083978 0.083978 0.083978 0.083978 0.000000 0.000000 0.067352 0.083978 0.083978 0.000000 0.164568 0.164568 0.083978 0.083978 1.000000
0.083978 0.083978 0.083978 0.083978 0.083978 0.083978 0.083978 0.083978 0.083978 0.083978 0.000000 0.000000 0.067352 0.083978 0.083978 0.000000 0.164568 0.164568 0.083978 0.083978 1.000000
0.083978 0.083978 0.083978 0.083978 0.083978 0.083978 0.083978 0.083978 0.083978 0.083978 0.000000 0.000000 0.067352 0.083978 0.083978 0.000000 0.164568 0.164568 0.083978 0.083978 1.000000
0.083978 0.083978 0.083978 0.083978 0.083978 0.083978 0.083978 0.083978 0.083978 0.083978 0.000000 0.000000 0.067352 0.083978 0.083978 0.000000 0.164568 0.164568 0.083978 0.083978 1.000000
0.083978 0.083978 0.083978 0.083978 0.083978 0.083978 0.083978 0.083978 0.083978 0.083978 0.000000 0.000000 0.067352 0.083978 0.083978 0.000000 0.164568 0.164568 0.083978 0.083978 1.000000
0.083978 0.083978 0.083978 0.083978 0.083978 0.083978 0.083978 0.083978 0.083978 0.083978 0.000000 0.000000 0.067352 0.083978 0.083978 0.000000 0.164568 0.164568 0.083978 0.083978 1.000000
0.083978 0.083978 0.083978 0.083978 0.083978 0.083978 0.083978 0.083978 0.083978 0.083978 0.000000 0.000000 0.067352 0.083978 0.083978 0.000000 0.164568 0.164568 0.083978 0.083978 1.000000
0.083978 0.083978 0.083978 0.083978 0.083978 0.083978 0.083978 0.083978 0.083978 0.083978 0.000000 0.000000 0.067352 0.083978 0.083978 0.000000 0.164568 0.164568 0.083978 0.083978 1.000000
0.083978 0.083978 0.083978 0.083978 0.083978 0.083978 0.083978 0.083978 0.083978 0.083978 0.000000 0.000000 0.067352 0.083978 0.083978 0.000000 0.164568 0.164568 0.083978 0.083978 1.000000
0.083978 0.083978 0.083978 0.083978 0.083978 0.083978 0.083978 0.083978 0.083978 0.083978 0.000000 0.000000 0.067352 0.083978 0.083978 0.000000 0.164568 0.164568 0.083978 0.083978 1.000000
0.083978 0.083978 0.083978 0.083978 0.083978 0.083978 0.083978 0.083978 0.083978 0.083978 0.000000 0.000000 0.067352 0.083978 0.083978 0.000000 0.164568 0.164568 0.083978 0.083978 1.000000
0.083978 0.083978 0.083978 0.083978 0.083978 0.083978 0.083978 0.083978 0.083978 0.083978 0.000000 0.000000 0.067352 0.083978 0.083978 0.000000 0.164568 0.164568 0.083978 0.083978 1.000000
0.083978 0.083978 0.083978 0.083978 0.083978 0.083978 0.083978 0.083978 0.083978 0.083978 0.000000 0.000000 0.067352 0.083978 0.083978 0.000000 0.164568 0.164568 0.083978 0.083978 1.000000
0.083978 0.083978 0.083978 0.083978 0.083978 0.083978 0.083978 0.083978 0.083978 0.083978 0.000000 0.000000 0.067352 0.083978 0.083978 0.000000 0.164568 0.164568 0.083978 0.083978 1.000000
0.083978 0.083978 0.083978 0.083978 0.083978 0.083978 0.083978 0.083978 0.083978 0.083978 0.000000 0.000000 0.067352 0.083978 0.083978 0.000000 0.164568 0.164568 0.083978 0.083978 1.000000
0.083978 0.083978 0.083978 0.083978 0.083978 0.083978 0.083978 0.083978 0.083978 0.083978 0.000000 0.000000 0.067352 0.083978 0.083978 0.000000 0.164568 0.164568 0.083978 0.083978 1.000000
0.083978 0.083978 0.083978 0.083978 0.083978 0.083978 0.083978 0.083978 0.083978 0.083978 0.000000 0.000000 0.067352 0.083978 0.083978 0.000000 0.164568 0.164568 0.083978 0.083978 1.000000
0.083978 0.083978 0.083978 0.083978 0.083978 0.083978 0.083978 0.083978 0.083978 0.083978 0.000000 0.000000 0.067352 0.083978 0.083978 0.000000 0.164568 0.164568 0.083978 0.083978 1.000000
0.083978 0.083978 0.083978 0.083978 0.083978 0.083978 0.083978 0.083978 0.083978 0.083978 0.000000 0.000000 0.067352 0.083978 0.083978 0.000000 0.164568 0.164568 0.083978 0.083978 1.000000
0.083978 0.083978 0.083978 0.083978 0.083978 0.083978 0.083978 0.083978 0.083978 0.083978 0.000000 0.000000 0.067352 0.083978 0.083978 0.000000 0.164568 0.164568 0.083978 0.083978 1.000000
0.083978 0.083978 0.083978 0.083978 0.083978 0.083978 0.083978 0.083978 0.083978 0.083978 0.000000 0.000000 0.067352 0.083978 0.083978 0.000000 0.164568 0.164568 0.083978 0.083978 1.000000
0.083978 0.083978 0.083978 0.083978 0.083978 0.083978 0.083978 0.083978 0.083978 0.083978 0.000000 0.000000 0.067352 0.083978 0.083978 0.000000 0.164568 0.164568 0.083978 0.083978 1.000000
0.083978 0.083978 0.083978 0.083978 0.083978 0.083978 0.083978 0.083978 0.083978 0.083978 0.000000 0.000000 0.067352 0.083978 0.083978 0.000000 0.164568 0.164568 0.083978 0.083978 1.000000
0.083978 0.083978 0.083978 0.083978 0.083978 0.083978 0.083978 0.083978 0.083978 0.083978 0.000000 0.000000 0.067352 0.083978 0.083978 0.000000 0.164568 0.164568 0.083978 0.083978 1.000000
0.083978 0.083978 0.083978 0.083978 0.083978 0.083978 0.083978 0.083978 0.083978 0.083978 0.000000 0.000000 0.067352 0.083978 0.083978 0.000000 0.164568 0.164568 0.083978 0.083978 1.000000
0.083978 0.083978 0.083978 0.083978 0.083978 0.083978 0.083978 0.083978 0.083978 0.083978 0.000000 0.000000 0.067352 0.083978 0.083978 0.000000 0.164568 0.164568 0.083978 0.083978 1.000000
0.083978 0.083978 0.083978 0.083978 0.083978 0.083978 0.083978 0.083978 0.083978 0.083978 0.000000 0.000000 0.067352 0.083978 0.083978 0.000000 0.164568 0.164568 0.083978 0.083978 1.000000
0.083978 0.083978 0.083978 0.083978 0.083978 0.083978 0.083978 0.083978 0.083978 0.083978 0.000000 0.000000 0.067352 0.083978 0.083978 0.000000 0.164568 0.164568 0.083978 0.083978 1.000000
0.083978 0.083978 0.083978 0.083978 0.083978 0.083978 0.083978 0.083978 0.083978 0.083978 0.000000 0.000000 0.067352 0.083978 0.083978 0.000000 0.164568 0.164568 0.083978 0.083978 1.000000
0.083978 0.083978 0.083978 0.083978 0.083978 0.083978 0.083978 0.083978 0.083978 0.083978 0.000000 0.000000 0.067352 0.083978 0.083978 0.000000 0.164568 0.164568 0.083978 0.083978 1.000000
0.083978 0.083978 0.083978 0.083978 0.083978 0.083978 0.083978 0.083978 0.083978 0.083978 0.000000 0.000000 0.067352 0.083978 0.083978 0.000000 0.164568 0.164568 0.083978 0.083978 1.000000
0.083978 0.083978 0.083978 0.083978 0.083978 0.083978 0.083978 0.083978 0.083978 0.083978 0.000000 0.000000 0.067352 0.083978 0.083978 0.000000 0.164568 0.164568 0.083978 0.083978 1.000000
0.083978 0.083978 0.083978 0.083978 0.083978 0.083978 0.083978 0.083978 0.083978 0.083978 0.000000 0.000000 0.067352 0.083978 0.083978 0.000000 0.164568 0.164568 0.083978 0.083978 1.000000
0.083978 0.083978 0.083978 0.083978 0.083978 0.083978 0.083978 0.083978 0.083978 0.083978 0.000000 0.000000 0.067352 0.083978 0.083978 0.000000 0.164568 0.164568 0.083978 0.083978 1.000000
0.083978 0.083978 0.083978 0.083978 0.083978 0.083978 0.083978 0.083978 0.083978 0.083978 0.000000 0.000000 0.067352 0.083978 0.083978 0.000000 0.164568 0.164568 0.083978 0.083978 1.000000
0.083978 0.083978 0.083978 0.083978 0.083978 0.083978 0.083978 0.083978 0.083978 0.083978 0.000000 0.000000 0.067352 0.083978 0.083978 0.000000 0.164568 0.164568 0.083978 0.083978 1.000000
0.083978 0.083978 0.083978 0.083978 0.083978 0.083978 0.083978 0.083978 0.083978 0.083978 0.000000 0.000000 0.067352 0.083978 0.083978 0.000000 0.164568 0.164568 0.083978 0.083978 1.000000
0.083978 0.083978 0.083978 0.083978 0.083978 0.083978 0.083978 0.083978 0.083978 0.083978 0.000000 0.000000 0.067352 0.083978 0.083978 0.000000 0.164568 0.164568 0.083978 0.083978 1.000000
0.083978 0.083978 0.083978 0.083978 0.083978 0.083978 0.083978 0.083978 0.083978 0.083978 0.000000 0.000000 0.067352 0.083978 0.083978 0.000000 0.164568 0.164568 0.083978 0.083978 1.000000
0.083978 0.083978 0.083978 0.083978 0.083978 0.083978 0.083978 0.083978 0.083978 0.083978 0.000000 0.000000 0.067352 0.083978 0.083978 0.000000 0.164568 0.164568 0.083978 0.083978 1.000000
0.083978 0.083978 0.083978 0.083978 0.083978 0.083978 0.083978 0.083978 0.083978 0.083978 0.000000 0.000000 0.067352 0.083978 0.083978 0.000000 0.164568 0.164568 0.083978 0.083978 1.000000
0.083978 0.083978 0.083978 0.083978 0.083978 0.083978 0.083978 0.083978 0.083978 0.083978 0.000000 0.000000 0.067352 0.083978 0.083978 0.000000 0.164568 0.164568 0.083978 0.083978 1.000000
0.083978 0.083978 0.083978 0.083978 0.083978 0.083978 0.083978 0.083978 0.083978 0.083978 0.000000 0.000000 0.067352 0.083978 0.083978 0.000000 0.164568 0.164568 0.083978 0.083978 1.000000
0.083978 0.083978 0.083978 0.083978 0.083978 0.083978 0.083978 0.083978 0.083978 0.083978 0.000000 0.000000 0.067352 0.083978 0.083978 0.000000 0.164568 0.164568 0.083978 0.083978 1.000000
0.083978 0.083978 0.083978 0.083978 0.083978 0.083978 0.083978 0.083978 0.083978 0.083978 0.000000 0.000000 0.067352 0.083978 0.083978 0.000000 0.164568 0.164568 0.083978 0.083978 1.000000
0.083978 0.083978 0.083978 0.083978 0.083978 0.083978 0.083978 0.083978 0.083978 0.083978 0.000000 0.000000 0.067352 0.083978 0.083978 0.000000 0.164568 0.164568 0.083978 0.083978 1.000000
0.083978 0.083978 0.083978 0.083978 0.083978 0.083978 0.083978 0.083978 0.083978 0.083978 0.000000 0.000000 0.067352 0.083978 0.083978 0.000000 0.164568 0.164568 0.083978 0.083978 1.000000
0.083978 0.083978 0.083978 0.083978 0.083978 0.083978 0.083978 0.083978 0.083978 0.083978 0.000000 0.000000 0.067352 0.083978 0.083978 0.000000 0.164568 0.164568 0.083978 0.083978 1.000000
0.083978 0.083978 0.083978 0.083978 0.083978 0.083978 0.083978 0.083978 0.083978 0.083978 0.000000 0.000000 0.067352 0.083978 0.083978 0.000000 0.164568 0.164568 0.083978 0.083978 1.000000
0.083978 0.083978 0.083978 0.083978 0.083978 0.083978 0.083978 0.083978 0.083978 0.083978 0.000000 0.000000 0.067352 0.083978 0.083978 0.000000 0.164568 0.164568 0.083978 0.083978 1.000000
0.083978 0.083978 0.083978 0.083978 0.083978 0.083978 0.083978 0.083978 0.083978 0.083978 0.000000 0.000000 0.067352 0.083978 0.083978 0.000000 0.164568 0.164568 0.083978 0.083978 1.000000
0.083978 0.083978 0.083978 0.083978 0.083978 0.083978 0.083978 0.083978 0.083978 0.083978 0.000000 0.000000 0.067352 0.083978 0.083978 0.000000 0.164568 0.164568 0.083978 0.083978 1.000000
0.083978 0.083978 0.083978 0.083978 0.083978 0.083978 0.083978 0.083978 0.083978 0.083978 0.000000 0.000000 0.067352 0.083978 0.083978 0.000000 0.164568 0.164568 0.083978 0.083978 1.000000
0.083978 0.083978 0.083978 0.083978 0.083978 0.083978 0.083978 0.083978 0.083978 0.083978 0.000000 0.000000 0.067352 0.083978 0.083978 0.000000 0.164568 0.164568 0.083978 0.083978 1.000000
0.083978 0.083978 0.083978 0.083978 0.083978 0.083978 0.083978 0.083978 0.083978 0.083978 0.000000 0.000000 0.067352 0.083978 0.083978 0.000000 0.164568 0.164568 0.083978 0.083978 1.000000
0.083978 0.083978 0.083978 0.083978 0.083978 0.083978 0.083978 0.083978 0.083978 0.083978 0.000000 0.000000 0.067352 0.083978 0.083978 0.000000 0.164568 0.164568 0.083978 0.083978 1.000000
0.083978 0.083978 0.083978 0.083978 0.083978 0.083978 0.083978 0.083978 0.083978 0.083978 0.000000 0.000000 0.067352 0.083978 0.083978 0.000000 0.164568 0.164568 0.083978 0.083978 1.000000
0.083978 0.083978 0.083978 0.083978 0.083978 0.083978 0.083978 0.083978 0.083978 0.083978 0.000000 0.000000 0.067352 0.083978 0.083978 0.000000 0.164568 0.164568 0.083978 0.083978 1.000000
0.083978 0.083978 0.083978 0.083978 0.083978 0.083978 0.083978 0.083978 0.083978 0.083978 0.000000 0.000000 0.067352 0.083978 0.083978 0.000000 0.164568 0.164568 0.083978 0.083978 1.000000
0.083978 0.083978 0.083978 0.083978 0.083978 0.083978 0.083978 0.083978 0.083978 0.083978 0.000000 0.000000 0.067352 0.083978 0.083978 0.000000 0.164568 0.164568 0.083978 0.083978 1.000000
0.083978 0.083978 0.083978 0.083978 0.083978 0.083978 0.083978 0.083978 0.083978 0.083978 0.000000 0.000000 0.067352 0.083978 0.083978 0.000000 0.164568 0.164568 0.083978 0.083978 1.000000
0.083978 0.083978 0.083978 0.083978 0.083978 0.083978 0.083978 0.083978 0.083978 0.083978 0.000000 0.000000 0.067352 0.083978 0.083978 0.000000 0.164568 0.164568 0.083978 0.083978 1.000000
0.083978 0.083978 0.083978 0.083978 0.083978 0.083978 0.083978 0.083978 0.083978 0.083978 0.000000 0.000000 0.067352 0.083978 0.083978 0.000000 0.164568 0.164568 0.083978 0.083978 1.000000
0.083978 0.083978 0.083978 0.083978 0.083978 0.083978 0.083978 0.083978 0.083978 0.083978 0.000000 0.000000 0.067352 0.083978 0.083978 0.000000 0.164568 0.164568 0.083978 0.083978 1.000000
0.083978 0.083978 0.083978 0.083978 0.083978 0.083978 0.083978 0.083978 0.083978 0.083978 0.000000 0.000000 0.067352 0.083978 0.083978 0.000000 0.164568 0.164568 0.083978 0.083978 1.000000
0.083978 0.083978 0.083978 0.083978 0.083978 0.083978 0.083978 0.083978 0.083978 0.083978 0.000000 0.000000 0.067352 0.083978 0.083978 0.000000 0.164568 0.164568 0.083978 0.083978 1.000000
0.083978 0.083978 0.083978 0.083978 0.083978 0.083978 0.083978 0.083978 0.083978 0.083978 0.000000 0.000000 0.067352 0.083978 0.083978 0.000000 0.164568 0.164568 0.083978 0.083978 1.000000
0.083978 0.083978 0.083978 0.083978 0.083978 0.083978 0.083978 0.083978 0.083978 0.083978 0.000000 0.000000 0.067352 0.083978 0.083978 0.000000 0.164568 0.164568 0.083978 0.083978 1.000000
0.083978 0.083978 0.083978 0.083978 0.083978 0.083978 0.083978 0.083978 0.083978 0.083978 0.000000 0.000000 0.067352 0.083978 0.083978 0.000000 0.164568 0.164568 0.083978 0.083978 1.000000
0.083978 0.083978 0.083978 0.083978 0.083978 0.083978 0.083978 0.083978 0.083978 0.083978 0.000000 0.000000 0.067352 0.083978 0.083978 0.000000 0.164568 0.164568 0.083978 0.083978 1.000000
0.083978 0.083978 0.083978 0.083978 0.083978 0.083978 0.083978 0.083978 0.083978 0.083978 0.000000 0.000000 0.067352 0.083978 0.083978 0.000000 0.164568 0.164568 0.083978 0.083978 1.000000
0.083978 0.083978 0.083978 0.083978 0.083978 0.083978 0.083978 0.083978 0.083978 0.083978 0.000000 0.000000 0.067352 0.083978 0.083978 0.000000 0.164568 0.164568 0.083978 0.083978 1.000000
0.083978 0.083978 0.083978 0.083978 0.083978 0.083978 0.083978 0.083978 0.083978 0.083978 0.000000 0.000000 0.067352 0.083978 0.083978 0.000000 0.164568 0.164568 0.083978 0.083978 1.000000
0.083978 0.083978 0.083978 0.083978 0.083978 0.083978 0.083978 0.083978 0.083978 0.083978 0.000000 0.000000 0.067352 0.083978 0.083978 0.000000 0.164568 0.164568 0.083978 0.083978 1.000000
0.083978 0.083978 0.083978 0.083978 0.083978 0.083978 0.083978 0.083978 0.083978 0.083978 0.000000 0.000000 0.067352 0.083978 0.083978 0.000000 0.164568 0.164568 0.083978 0.083978 1.000000
0.083978 0.083978 0.083978 0.083978 0.083978 0.083978 0.083978 0.083978 0.083978 0.083978 0.000000 0.000000 0.067352 0.083978 0.083978 0.000000 0.164568 0.164568 0.083978 0.083978 1.000000
0.083978 0.083978 0.083978 0.083978 0.083978 0.083978 0.083978 0.083978 0.083978 0.083978 0.000000 0.000000 0.067352 0.083978 0.083978 0.000000 0.164568 0.164568 0.083978 0.083978 1.000000
0.083978 0.083978 0.083978 0.083978 0.083978 0.083978 0.083978 0.083978 0.083978 0.083978 0.000000 0.000000 0.067352 0.083978 0.083978 0.000000 0.164568 0.164568 0.083978 0.083978 1.000000
0.083978 0.083978 0.083978 0.083978 0.083978 0.083978 0.083978 0.083978 0.083978 0.083978 0.000000 0.000000 0.067352 0.083978 0.083978 0.000000 0.164568 0.164568 0.083978 0.083978 1.000000
0.083978 0.083978 0.083978 0.083978 0.083978 0.083978 0.083978 0.083978 0.083978 0.083978 0.000000 0.000000 0.067352 0.083978 0.083978 0.000000 0.164568 0.164568 0.083978 0.083978 1.000000
0.083978 0.083978 0.083978 0.083978 0.083978 0.083978 0.083978 0.083978 0.083978 0.083978 0.000000 0.000000 0.067352 0.083978 0.083978 0.000000 0.164568 0.164568 0.083978 0.083978 1.000000
0.083978 0.083978 0.083978 0.083978 0.083978 0.083978 0.083978 0.083978 0.083978 0.083978 0.000000 0.000000 0.067352 0.083978 0.083978 0.000000 0.164568 0.164568 0.083978 0.083978 1.000000
0.083978 0.083978 0.083978 0.083978 0.083978 0.083978 0.083978 0.083978 0.083978 0.083978 0.000000 0.000000 0.067352 0.083978 0.083978 0.000000 0.164568 0.164568 0.083978 0.083978 1.000000
0.083978 0.083978 0.083978 0.083978 0.083978 0.083978 0.083978 0.083978 0.083978 0.083978 0.000000 0.000000 0.067352 0.083978 0.083978 0.000000 0.164568 0.164568 0.083978 0.083978 1.000000
0.083978 0.083978 0.083978 0.083978 0.083978 0.083978 0.083978 0.083978 0.083978 0.083978 0.000000 0.000000 0.067352 0.083978 0.083978 0.000000 0.164568 0.164568 0.083978 0.083978 1.000000
0.083978 0.083978 0.083978 0.083978 0.083978 0.083978 0.083978 0.083978 0.083978 0.083978 0.000000 0.000000 0.067352 0.083978 0.083978 0.000000 0.164568 0.164568 0.083978 0.083978 1.000000
0.083978 0.083978 0.083978 0.083978 0.083978 0.083978 0.083978 0.083978 0.083978 0.083978 0.000000 0.000000 0.067352 0.083978 0.083978 0.000000 0.164568 0.164568 0.083978 0.083978 1.000000
0.083978 0.083978 0.083978 0.083978 0.083978 0.083978 0.083978 0.083978 0.083978 0.083978 0.000000 0.000000 0.067352 0.083978 0.083978 0.000000 0.164568 0.164568 0.083978 0.083978 1.000000
0.083978 0.083978 0.083978 0.083978 0.083978 0.083978 0.083978 0.083978 0.083978 0.083978 0.000000 0.000000 0.067352 0.083978 0.083978 0.000000 0.164568 0.164568 0.083978 0.083978 1.000000
0.083978 0.083978 0.083978 0.083978 0.083978 0.083978 0.083978 0.083978 0.083978 0.083978 0.000000 0.000000 0.067352 0.083978 0.083978 0.000000 0.164568 0.164568 0.083978 0.083978 1.000000
0.083978 0.083978 0.083978 0.083978 0.083978 0.083978 0.083978 0.083978 0.083978 0.083978 0.000000 0.000000 0.067352 0.083978 0.083978 0.000000 0.164568 0.164568 0.083978 0.083978 1.000000
0.083978 0.083978 0.083978 0.083978 0.083978 0.083978 0.083978 0.083978 0.083978 0.083978 0.000000 0.000000 0.067352 0.083978 0.083978 0.000000 0.164568 0.164568 0.083978 0.083978 1.000000
0.083978 0.083978 0.083978 0.083978 0.083978 0.083978 0.083978 0.083978 0.083978 0.083978 0.000000 0.000000 0.067352 0.083978 0.083978 0.000000 0.164568 0.164568 0.083978 0.083978 1.000000
0.083978 0.083978 0.083978 0.083978 0.083978 0.083978 0.083978 0.083978 0.083978 0.083978 0.000000 0.000000 0.067352 0.083978 0.083978 0.000000 0.164568 0.164568 0.083978 0.083978 1.000000
0.083978 0.083978 0.083978 0.083978 0.083978 0.083978 0.083978 0.083978 0.083978 0.083978 0.000000 0.000000 0.067352 0.083978 0.083978 0.000000 0.164568 0.164568 0.083978 0.083978 1.000000
0.083978 0.083978 0.083978 0.083978 0.083978 0.083978 0.083978 0.083978 0.083978 0.083978 0.000000 0.000000 0.067352 0.083978 0.083978 0.000000 0.164568 0.164568 0.083978 0.083978 1.000000
0.083978 0.083978 0.083978 0.083978 0.083978 0.083978 0.083978 0.083978 0.083978 0.083978 0.000000 0.000000 0.067352 0.083978 0.083978 0.000000 0.164568 0.164568 0.083978 0.083978 1.000000
0.083978 0.083978 0.083978 0.083978 0.083978 0.083978 0.083978 0.083978 0.083978 0.083978 0.000000 0.000000 0.067352 0.083978 0.083978 0.000000 0.164568 0.164568 0.083978 0.083978 1.000000
0.083978 0.083978 0.083978 0.083978 0.083978 0.083978 0.083978 0.083978 0.083978 0.083978 0.000000 0.000000 0.067352 0.083978 0.083978 0.000000 0.164568 0.164568 0.083978 0.083978 1.000000
