0.000000 0.000000 0.000000 0.000000 0.000000 0.000000 0.000000 0.000000 0.000000 0.000000 0.000000 0.000000 0.000000 0.000000 0.000000 0.000000 0.000000 0.000000 0.000000 0.000000 0.000000
0.084194 0.084194 0.084194 0.084194 0.084194 0.084194 0.084194 0.084194 0.002983 0.011379 0.055401 0.018204 0.027764 0.001222 0.000022 0.000001 0.086185 0.035521 0.002983 0.034690 1.000000
0.084166 0.084166 0.084166 0.084166 0.084166 0.084166 0.084166 0.084166 0.005825 0.009101 0.014560 0.005965 0.027755 0.000400 0.000782 0.000003 0.018197 0.035509 0.000977 0.022210 1.000000
0.084170 0.084170 0.084170 0.084170 0.084170 0.084170 0.084170 0.084170 0.007281 0.009101 0.011649 0.022744 0.004660 0.001527 0.000320 0.000001 0.035510 0.055385 0.001909 0.022211 1.000000
0.084177 0.084177 0.084177 0.084177 0.084177 0.084177 0.084177 0.084177 0.001222 0.017774 0.055389 0.028424 0.034683 0.002983 0.000067 0.000003 0.011650 0.044360 0.001527 0.011377 1.000000
0.084171 0.084171 0.084171 0.084171 0.084171 0.084171 0.084171 0.084171 0.001527 0.009102 0.035511 0.022744 0.022211 0.000626 0.000626 0.000002 0.055386 0.022744 0.014219 0.001909 1.000000
0.084167 0.084167 0.084167 0.084167 0.084167 0.084167 0.084167 0.084167 0.011376 0.017771 0.035509 0.022743 0.014219 0.000205 0.002386 0.000002 0.035509 0.018198 0.000164 0.017771 1.000000
0.084704 0.084704 0.084704 0.084704 0.084704 0.084704 0.084704 0.084704 0.017886 0.022354 0.022890 0.007504 0.000630 0.000787 0.000984 0.000002 0.022890 0.055739 0.002401 0.014311 1.000000
0.084173 0.084173 0.084173 0.084173 0.084173 0.084173 0.084173 0.084173 0.001527 0.022212 0.035512 0.044358 0.001909 0.004660 0.000205 0.000001 0.035512 0.044358 0.003728 0.011377 1.000000
0.084170 0.084170 0.084170 0.084170 0.084170 0.084170 0.084170 0.084170 0.000500 0.027756 0.044357 0.018198 0.003728 0.000782 0.000782 0.000002 0.028421 0.035511 0.007281 0.014219 1.000000
0.084222 0.084222 0.084222 0.084222 0.084222 0.084222 0.084222 0.084222 0.001222 0.004663 0.086214 0.022758 0.017783 0.000626 0.000978 0.000000 0.107323 0.086214 0.002388 0.014228 1.000000
0.084176 0.084176 0.084176 0.084176 0.084176 0.084176 0.084176 0.084176 0.002983 0.004661 0.044360 0.018200 0.022213 0.000205 0.000977 0.000002 0.055389 0.014561 0.001909 0.034683 1.000000
0.084175 0.084175 0.084175 0.084175 0.084175 0.084175 0.084175 0.084175 0.001527 0.011377 0.044359 0.044359 0.014220 0.000400 0.000977 0.000002 0.055388 0.022745 0.011377 0.001909 1.000000
0.084168 0.084168 0.084168 0.084168 0.084168 0.084168 0.084168 0.084168 0.003728 0.009101 0.035510 0.044355 0.000500 0.000625 0.002386 0.000003 0.028420 0.028420 0.007281 0.011376 1.000000
0.084164 0.084164 0.084164 0.084164 0.084164 0.084164 0.084164 0.084164 0.002982 0.017771 0.028419 0.011648 0.022209 0.000500 0.000164 0.000004 0.018197 0.011648 0.004660 0.017771 1.000000
0.084170 0.084170 0.084170 0.084170 0.084170 0.084170 0.084170 0.084170 0.001222 0.004660 0.022744 0.035510 0.014219 0.000500 0.000782 0.000002 0.035510 0.035510 0.003728 0.027756 1.000000
0.084165 0.084165 0.084165 0.084165 0.084165 0.084165 0.084165 0.084165 0.002386 0.007281 0.014559 0.022742 0.022210 0.000500 0.000625 0.000003 0.028419 0.035508 0.002982 0.011376 1.000000
0.084217 0.084217 0.084217 0.084217 0.084217 0.084217 0.084217 0.084217 0.000501 0.011383 0.107318 0.069151 0.017782 0.000401 0.000782 0.000001 0.086209 0.022757 0.001528 0.022224 1.000000
0.084175 0.084175 0.084175 0.084175 0.084175 0.084175 0.084175 0.084175 0.001527 0.017773 0.028423 0.014561 0.011377 0.001909 0.000054 0.000001 0.069117 0.028423 0.007282 0.022213 1.000000
0.084170 0.084170 0.084170 0.084170 0.084170 0.084170 0.084170 0.084170 0.002386 0.014219 0.028421 0.035510 0.005825 0.000164 0.001222 0.000001 0.044357 0.035510 0.005825 0.014219 1.000000
0.084737 0.084737 0.084737 0.084737 0.084737 0.084737 0.084737 0.084737 0.000787 0.034917 0.018323 0.055761 0.011454 0.000504 0.000403 0.000000 0.086741 0.069580 0.027946 0.001538 1.000000
0.084178 0.084178 0.084178 0.084178 0.084178 0.084178 0.084178 0.084178 0.001527 0.007282 0.044361 0.069119 0.022213 0.000256 0.000256 0.000004 0.035514 0.009321 0.011377 0.011377 1.000000
0.084219 0.084219 0.084219 0.084219 0.084219 0.084219 0.084219 0.084219 0.000978 0.009107 0.133301 0.069153 0.014228 0.000401 0.000782 0.000002 0.035531 0.028438 0.000782 0.027773 1.000000
0.084172 0.084172 0.084172 0.084172 0.084172 0.084172 0.084172 0.084172 0.003728 0.009102 0.055386 0.014561 0.017772 0.000400 0.000977 0.000002 0.044358 0.028422 0.001527 0.009102 1.000000
0.084733 0.084733 0.084733 0.084733 0.084733 0.084733 0.084733 0.084733 0.002402 0.017892 0.107969 0.028614 0.000984 0.000322 0.000787 0.000001 0.055758 0.028614 0.007331 0.022362 1.000000
0.084182 0.084182 0.084182 0.084182 0.084182 0.084182 0.084182 0.084182 0.005826 0.001909 0.028426 0.011651 0.017775 0.000500 0.000500 0.000001 0.044363 0.086173 0.007282 0.014221 1.000000
0.084293 0.084293 0.084293 0.084293 0.084293 0.084293 0.084293 0.084293 0.000164 0.027797 0.133416 0.133416 0.000979 0.000105 0.003734 0.000000 0.069214 0.107413 0.009115 0.043385 1.000000
0.084282 0.084282 0.084282 0.084282 0.084282 0.084282 0.084282 0.084282 0.000054 0.022241 0.086275 0.107400 0.043379 0.084282 0.000054 0.000000 0.107400 0.055459 0.000205 0.017796 1.000000
0.084276 0.084276 0.084276 0.084276 0.084276 0.084276 0.084276 0.084276 0.002986 0.004666 0.133390 0.035556 0.054163 0.034725 0.007291 0.000000 0.107392 0.107392 0.000501 0.000014 1.000000
0.084283 0.084283 0.084283 0.084283 0.084283 0.084283 0.084283 0.084283 0.000321 0.027794 0.086276 0.107401 0.043380 0.017796 0.000401 0.000000 0.069205 0.133400 0.000006 0.054168 1.000000
0.084231 0.084231 0.084231 0.084231 0.084231 0.084231 0.084231 0.084231 0.000164 0.027776 0.086223 0.044389 0.043353 0.000205 0.000782 0.000000 0.069162 0.107334 0.002388 0.017785 1.000000
0.084218 0.084218 0.084218 0.084218 0.084218 0.084218 0.084218 0.084218 0.000256 0.034700 0.055417 0.107319 0.017782 0.000320 0.000164 0.000000 0.055417 0.069152 0.007286 0.022224 1.000000
0.084240 0.084240 0.084240 0.084240 0.084240 0.084240 0.084240 0.084240 0.000501 0.022230 0.022763 0.086232 0.043357 0.001223 0.001528 0.000000 0.086232 0.107346 0.000054 0.043357 1.000000
0.084274 0.084274 0.084274 0.084274 0.084274 0.084274 0.084274 0.084274 0.000043 0.043375 0.086267 0.107390 0.000979 0.000501 0.000401 0.000000 0.055454 0.086267 0.084274 0.034724 1.000000
0.084810 0.084810 0.084810 0.084810 0.084810 0.084810 0.084810 0.084810 0.043654 0.000403 0.028640 0.108066 0.000000 0.009172 0.084810 0.000000 0.069640 0.086815 0.054509 0.022382 1.000000
0.084769 0.084769 0.084769 0.084769 0.084769 0.084769 0.084769 0.084769 0.000323 0.027956 0.086774 0.069607 0.043633 0.004694 0.000035 0.000000 0.069607 0.069607 0.000323 0.054483 1.000000
0.084225 0.084225 0.084225 0.084225 0.084225 0.084225 0.084225 0.084225 0.000501 0.014229 0.055421 0.069157 0.067551 0.004663 0.000028 0.000001 0.086217 0.044386 0.000626 0.034703 1.000000
0.084811 0.084811 0.084811 0.084811 0.084811 0.084811 0.084811 0.084811 0.000068 0.043654 0.134218 0.069641 0.000788 0.001231 0.000403 0.000000 0.134218 0.035784 0.043654 0.017909 1.000000
0.084239 0.084239 0.084239 0.084239 0.084239 0.084239 0.084239 0.084239 0.000783 0.043357 0.028445 0.055430 0.000000 0.054139 0.022229 0.000000 0.133332 0.044393 0.005830 0.017787 1.000000
0.084243 0.084243 0.084243 0.084243 0.084243 0.084243 0.084243 0.084243 0.000256 0.034711 0.055433 0.086235 0.000626 0.004664 0.000501 0.000000 0.055433 0.107350 0.001528 0.067566 1.000000
0.084303 0.084303 0.084303 0.084303 0.084303 0.084303 0.084303 0.084303 0.000022 0.084303 0.133431 0.055473 0.043390 0.084303 0.000018 0.000001 0.055473 0.055473 0.000257 0.034736 1.000000
0.084305 0.084305 0.084305 0.084305 0.084305 0.084305 0.084305 0.084305 0.000105 0.043391 0.133434 0.044429 0.014242 0.000321 0.000627 0.000000 0.133434 0.107428 0.001224 0.067616 1.000000
0.084294 0.084294 0.084294 0.084294 0.084294 0.084294 0.084294 0.084294 0.000205 0.027798 0.086288 0.055467 0.034732 0.000205 0.000321 0.000000 0.107415 0.133418 0.001223 0.084294 1.000000
0.084284 0.084284 0.084284 0.084284 0.084284 0.084284 0.084284 0.084284 0.000131 0.014239 0.086277 0.133402 0.001911 0.000067 0.084284 0.000001 0.107402 0.028460 0.001529 0.027794 1.000000
0.084247 0.084247 0.084247 0.084247 0.084247 0.084247 0.084247 0.084247 0.084247 0.000626 0.069176 0.086240 0.017789 0.003732 0.000321 0.000006 0.000108 0.107356 0.001529 0.003732 1.000000
0.084281 0.084281 0.084281 0.084281 0.084281 0.084281 0.084281 0.084281 0.084281 0.000205 0.035558 0.086274 0.054166 0.000084 0.001911 0.000000 0.107398 0.055458 0.000205 0.067597 1.000000
0.084280 0.084280 0.084280 0.084280 0.084280 0.084280 0.084280 0.084280 0.000205 0.014238 0.086273 0.069203 0.084280 0.000205 0.000401 0.000000 0.069203 0.107397 0.000783 0.067596 1.000000
0.084269 0.084269 0.084269 0.084269 0.084269 0.084269 0.084269 0.084269 0.000321 0.022238 0.055451 0.086262 0.084269 0.000783 0.001223 0.000000 0.069194 0.107384 0.000043 0.054159 1.000000
0.084263 0.084263 0.084263 0.084263 0.084263 0.084263 0.084263 0.084263 0.000256 0.022236 0.044406 0.107375 0.067582 0.000783 0.000054 0.000000 0.086255 0.107375 0.002389 0.034719 1.000000
0.084247 0.084247 0.084247 0.084247 0.084247 0.084247 0.084247 0.084247 0.000131 0.034712 0.107355 0.069176 0.054144 0.000783 0.000011 0.000001 0.069176 0.055436 0.009110 0.054144 1.000000
0.084268 0.084268 0.084268 0.084268 0.084268 0.084268 0.084268 0.084268 0.000105 0.043372 0.055450 0.133377 0.054158 0.000626 0.000257 0.000000 0.107381 0.069193 0.002389 0.011390 1.000000
0.084412 0.084412 0.084412 0.084412 0.084412 0.084412 0.084412 0.084412 0.000022 0.084412 0.165385 0.107564 0.000502 0.000028 0.084412 0.000000 0.086409 0.133601 0.003739 0.084412 1.000000
0.084260 0.084260 0.084260 0.084260 0.084260 0.084260 0.084260 0.084260 0.000626 0.084260 0.007464 0.086253 0.054153 0.000131 0.000401 0.000006 0.000328 0.086253 0.001223 0.067580 1.000000
0.084347 0.084347 0.084347 0.084347 0.084347 0.084347 0.084347 0.084347 0.000084 0.067650 0.165263 0.086342 0.054209 0.000084 0.000067 0.000000 0.055502 0.133500 0.007297 0.067650 1.000000
0.084372 0.084372 0.084372 0.084372 0.084372 0.084372 0.084372 0.084372 0.000028 0.043426 0.165309 0.133538 0.027824 0.000002 0.084372 0.000000 0.069279 0.107513 0.001225 0.067670 1.000000
0.084385 0.084385 0.084385 0.084385 0.084385 0.084385 0.084385 0.084385 0.000022 0.027828 0.107530 0.165335 0.054234 0.084385 0.000018 0.000000 0.133559 0.107530 0.000257 0.054234 1.000000
0.084415 0.084415 0.084415 0.084415 0.084415 0.084415 0.084415 0.084415 0.084415 0.084415 0.011684 0.133605 0.084415 0.000002 0.000002 0.000000 0.107567 0.086411 0.084415 0.084415 1.000000
0.084871 0.084871 0.084871 0.084871 0.084871 0.084871 0.084871 0.084871 0.000043 0.068072 0.108143 0.086877 0.000022 0.084871 0.000505 0.000000 0.108143 0.134311 0.009178 0.034972 1.000000
0.084275 0.084275 0.084275 0.084275 0.084275 0.084275 0.084275 0.084275 0.000626 0.002389 0.107391 0.107391 0.004666 0.001529 0.000501 0.000005 0.133388 0.001253 0.003733 0.067592 1.000000
0.084413 0.084413 0.084413 0.084413 0.084413 0.084413 0.084413 0.084413 0.000006 0.067704 0.165387 0.086410 0.034782 0.000502 0.000784 0.000000 0.165387 0.165387 0.002393 0.054252 1.000000
0.084422 0.084422 0.084422 0.084422 0.084422 0.084422 0.084422 0.084422 0.000034 0.067710 0.165403 0.165403 0.054257 0.000257 0.000206 0.000000 0.086418 0.165403 0.001532 0.054257 1.000000
0.084404 0.084404 0.084404 0.084404 0.084404 0.084404 0.084404 0.084404 0.000009 0.084404 0.133588 0.165370 0.054246 0.000034 0.084404 0.000000 0.086400 0.086400 0.000067 0.067696 1.000000
0.084318 0.084318 0.084318 0.084318 0.084318 0.084318 0.084318 0.084318 0.000084 0.034742 0.133455 0.107445 0.067627 0.000979 0.000009 0.000000 0.107445 0.107445 0.009118 0.043398 1.000000
0.084390 0.084390 0.084390 0.084390 0.084390 0.084390 0.084390 0.084390 0.000105 0.022270 0.133566 0.165343 0.067685 0.000627 0.084390 0.000000 0.086386 0.107536 0.067685 0.000001 1.000000
0.084387 0.084387 0.084387 0.084387 0.084387 0.084387 0.084387 0.084387 0.000084 0.014257 0.107533 0.133563 0.067683 0.000084 0.084387 0.000000 0.107533 0.133563 0.000014 0.084387 1.000000
0.084421 0.084421 0.084421 0.084421 0.084421 0.084421 0.084421 0.084421 0.084421 0.084421 0.107575 0.107575 0.084421 0.000054 0.000067 0.000000 0.165402 0.107575 0.000132 0.054257 1.000000
0.084364 0.084364 0.084364 0.084364 0.084364 0.084364 0.084364 0.084364 0.000043 0.067664 0.107503 0.107503 0.002392 0.084364 0.084364 0.000000 0.069272 0.086359 0.084364 0.000000 1.000000
0.084441 0.084441 0.084441 0.084441 0.084441 0.084441 0.084441 0.084441 0.084441 0.000018 0.133645 0.133645 0.084441 0.000000 0.084441 0.000000 0.086438 0.133645 0.084441 0.022284 1.000000
0.084250 0.084250 0.084250 0.084250 0.084250 0.084250 0.084250 0.084250 0.000501 0.043362 0.007463 0.044399 0.054146 0.000626 0.000007 0.000000 0.044399 0.107359 0.011387 0.084250 1.000000
0.084381 0.084381 0.084381 0.084381 0.084381 0.084381 0.084381 0.084381 0.000043 0.067677 0.133552 0.107524 0.022268 0.000321 0.000164 0.000000 0.133552 0.165326 0.002990 0.067677 1.000000
0.084291 0.084291 0.084291 0.084291 0.084291 0.084291 0.084291 0.084291 0.000783 0.014240 0.035562 0.055465 0.084291 0.004667 0.084291 0.000000 0.055465 0.107411 0.067605 0.000000 1.000000
0.084330 0.084330 0.084330 0.084330 0.084330 0.084330 0.084330 0.084330 0.000028 0.067637 0.086325 0.133474 0.001530 0.000627 0.000105 0.000001 0.028476 0.133474 0.084330 0.054198 1.000000
0.084399 0.084399 0.084399 0.084399 0.084399 0.084399 0.084399 0.084399 0.000321 0.007301 0.165359 0.165359 0.067692 0.009126 0.004673 0.000000 0.133580 0.069301 0.000001 0.084399 1.000000
0.084877 0.084877 0.084877 0.084877 0.084877 0.084877 0.084877 0.084877 0.022400 0.000207 0.108151 0.134321 0.084877 0.000106 0.000043 0.000000 0.108151 0.108151 0.007343 0.068077 1.000000
0.084403 0.084403 0.084403 0.084403 0.084403 0.084403 0.084403 0.084403 0.000028 0.034777 0.133586 0.133586 0.054245 0.084403 0.000018 0.000000 0.133586 0.133586 0.000132 0.067695 1.000000
0.084313 0.084313 0.084313 0.084313 0.084313 0.084313 0.084313 0.084313 0.000501 0.014244 0.165199 0.086307 0.000205 0.011396 0.027804 0.000000 0.107439 0.107439 0.000028 0.054187 1.000000
0.084041 0.084041 0.084041 0.084041 0.084041 0.084041 0.084041 0.084041 0.000000 0.084041 0.164686 0.164686 0.067403 0.084041 0.067403 0.000000 0.133025 0.164686 0.084041 0.084041 1.000000
0.084476 0.084476 0.084476 0.084476 0.084476 0.084476 0.084476 0.084476 0.000206 0.000001 0.133699 0.165504 0.067754 0.009135 0.084476 0.000000 0.165504 0.165504 0.000981 0.067754 1.000000
0.084356 0.084356 0.084356 0.084356 0.084356 0.084356 0.084356 0.084356 0.000084 0.067657 0.107493 0.165279 0.054215 0.000084 0.007298 0.000000 0.107493 0.133514 0.000401 0.009122 1.000000
0.083988 0.083988 0.083988 0.083988 0.083988 0.083988 0.083988 0.083988 0.083988 0.001524 0.132943 0.132943 0.083988 0.000000 0.083988 0.000000 0.164586 0.164586 0.083988 0.053976 1.000000
0.084449 0.084449 0.084449 0.084449 0.084449 0.084449 0.084449 0.084449 0.002993 0.000257 0.107610 0.165454 0.067732 0.000628 0.000003 0.000000 0.165454 0.133657 0.084449 0.084449 1.000000
0.084461 0.084461 0.084461 0.084461 0.084461 0.084461 0.084461 0.084461 0.000004 0.084461 0.086458 0.133676 0.000000 0.084461 0.084461 0.000000 0.107626 0.165477 0.084461 0.054283 1.000000
0.084488 0.084488 0.084488 0.084488 0.084488 0.084488 0.084488 0.084488 0.000000 0.084488 0.004790 0.133719 0.067764 0.084488 0.084488 0.000000 0.133719 0.165529 0.067764 0.084488 1.000000
0.084442 0.084442 0.084442 0.084442 0.084442 0.084442 0.084442 0.084442 0.084442 0.000165 0.107602 0.165441 0.000000 0.009131 0.014266 0.000000 0.133647 0.165441 0.084442 0.054271 1.000000
0.084483 0.084483 0.084483 0.084483 0.084483 0.084483 0.084483 0.084483 0.084483 0.084483 0.133711 0.133711 0.084483 0.000000 0.084483 0.000000 0.133711 0.107654 0.000018 0.084483 1.000000
0.083997 0.083997 0.083997 0.083997 0.083997 0.083997 0.083997 0.083997 0.000054 0.083997 0.164604 0.164604 0.000000 0.083997 0.005813 0.000000 0.132957 0.164604 0.083997 0.083997 1.000000
0.084472 0.084472 0.084472 0.084472 0.084472 0.084472 0.084472 0.084472 0.084472 0.084472 0.165498 0.165498 0.000105 0.034806 0.022292 0.000000 0.133694 0.133694 0.000000 0.067751 1.000000
0.084031 0.084031 0.084031 0.084031 0.084031 0.084031 0.084031 0.084031 0.000001 0.084031 0.164667 0.164667 0.084031 0.084031 0.084031 0.000000 0.133010 0.164667 0.000000 0.084031 1.000000
0.084462 0.084462 0.084462 0.084462 0.084462 0.084462 0.084462 0.084462 0.000043 0.084462 0.165479 0.133678 0.084462 0.084462 0.001916 0.000000 0.086459 0.133678 0.084462 0.000000 1.000000
0.084468 0.084468 0.084468 0.084468 0.084468 0.084468 0.084468 0.084468 0.000321 0.000132 0.107634 0.165490 0.067747 0.084468 0.000000 0.000000 0.165490 0.107634 0.084468 0.084468 1.000000
0.084968 0.084968 0.084968 0.084968 0.084968 0.084968 0.084968 0.084968 0.000132 0.084968 0.166430 0.134461 0.068150 0.000166 0.000054 0.000000 0.134461 0.134461 0.005881 0.068150 1.000000
0.084984 0.084984 0.084984 0.084984 0.084984 0.084984 0.084984 0.084984 0.009191 0.084984 0.134486 0.166461 0.084984 0.084984 0.000005 0.000000 0.001011 0.134486 0.000043 0.084984 1.000000
0.083985 0.083985 0.083985 0.083985 0.083985 0.083985 0.083985 0.083985 0.000000 0.083985 0.164580 0.164580 0.083985 0.000131 0.083985 0.000000 0.164580 0.132938 0.000320 0.067358 1.000000
0.084423 0.084423 0.084423 0.084423 0.084423 0.084423 0.084423 0.084423 0.084423 0.000980 0.133617 0.133617 0.067711 0.084423 0.000000 0.000000 0.014605 0.133617 0.084423 0.054258 1.000000
0.084334 0.084334 0.084334 0.084334 0.084334 0.084334 0.084334 0.084334 0.067640 0.054201 0.165238 0.000014 0.084334 0.084334 0.000022 0.000006 0.002448 0.003825 0.000014 0.043406 1.000000
0.083995 0.083995 0.083995 0.083995 0.083995 0.083995 0.083995 0.083995 0.000003 0.083995 0.132955 0.164601 0.067367 0.083995 0.000000 0.000000 0.164601 0.132955 0.083995 0.083995 1.000000
0.084478 0.084478 0.084478 0.084478 0.084478 0.084478 0.084478 0.084478 0.084478 0.084478 0.133702 0.069366 0.067756 0.084478 0.000001 0.000000 0.165509 0.133702 0.000006 0.084478 1.000000
0.084404 0.084404 0.084404 0.084404 0.084404 0.084404 0.084404 0.084404 0.000018 0.084404 0.086400 0.133589 0.000034 0.084404 0.084404 0.000000 0.133589 0.133589 0.000502 0.004673 1.000000
0.084490 0.084490 0.084490 0.084490 0.084490 0.084490 0.084490 0.084490 0.000001 0.054301 0.165531 0.165531 0.054301 0.084490 0.084490 0.000000 0.107662 0.133721 0.000000 0.084490 1.000000
0.084491 0.084491 0.084491 0.084491 0.084491 0.084491 0.084491 0.084491 0.084491 0.000321 0.165533 0.133723 0.084491 0.084491 0.000000 0.000000 0.133723 0.165533 0.007310 0.054302 1.000000
0.084460 0.084460 0.084460 0.084460 0.084460 0.084460 0.084460 0.084460 0.084460 0.000132 0.165475 0.107624 0.067741 0.084460 0.000000 0.000000 0.133675 0.133675 0.002993 0.084460 1.000000
0.084464 0.084464 0.084464 0.084464 0.084464 0.084464 0.084464 0.084464 0.000981 0.000132 0.133681 0.133681 0.084464 0.000000 0.084464 0.000000 0.133681 0.133681 0.084464 0.084464 1.000000
0.084042 0.084042 0.084042 0.084042 0.084042 0.084042 0.084042 0.084042 0.084042 0.084042 0.164688 0.164688 0.084042 0.084042 0.084042 0.000000 0.133027 0.133027 0.000000 0.084042 1.000000
0.084548 0.084548 0.084548 0.084548 0.084548 0.084548 0.084548 0.084548 0.084548 0.067812 0.000264 0.165640 0.084548 0.000000 0.084548 0.000000 0.165640 0.165640 0.084548 0.084548 1.000000
0.084087 0.084087 0.084087 0.084087 0.084087 0.084087 0.084087 0.084087 0.084087 0.084087 0.164773 0.164773 0.084087 0.067440 0.084087 0.000000 0.164773 0.133097 0.084087 0.084087 1.000000
0.084019 0.084019 0.084019 0.084019 0.084019 0.084019 0.084019 0.084019 0.084019 0.084019 0.132991 0.164644 0.084019 0.000001 0.084019 0.000000 0.164644 0.164644 0.000006 0.067385 1.000000
0.084042 0.084042 0.084042 0.084042 0.084042 0.084042 0.084042 0.084042 0.084042 0.000000 0.164689 0.164689 0.067404 0.084042 0.007270 0.000000 0.164689 0.164689 0.084042 0.084042 1.000000
0.084474 0.084474 0.084474 0.084474 0.084474 0.084474 0.084474 0.084474 0.084474 0.084474 0.133697 0.165501 0.067752 0.000165 0.084474 0.000000 0.107642 0.133697 0.000000 0.054291 1.000000
0.084479 0.084479 0.084479 0.084479 0.084479 0.084479 0.084479 0.084479 0.000018 0.084479 0.133705 0.165511 0.022294 0.000000 0.084479 0.000000 0.133705 0.165511 0.009135 0.084479 1.000000
0.084014 0.084014 0.084014 0.084014 0.084014 0.084014 0.084014 0.084014 0.000000 0.084014 0.164636 0.107061 0.084014 0.084014 0.084014 0.000000 0.132984 0.164636 0.084014 0.067382 1.000000
0.084042 0.084042 0.084042 0.084042 0.084042 0.084042 0.084042 0.084042 0.084042 0.084042 0.164688 0.133027 0.084042 0.084042 0.084042 0.000000 0.133027 0.164688 0.084042 0.000000 1.000000
0.083999 0.083999 0.083999 0.083999 0.083999 0.083999 0.083999 0.083999 0.083999 0.083999 0.009301 0.132961 0.083999 0.083999 0.083999 0.000000 0.164607 0.164607 0.000000 0.083999 1.000000
0.083974 0.083974 0.083974 0.083974 0.083974 0.083974 0.083974 0.083974 0.083974 0.000131 0.132922 0.164560 0.083974 0.000000 0.083974 0.000000 0.164560 0.132922 0.007264 0.083974 1.000000
0.084008 0.084008 0.084008 0.084008 0.084008 0.084008 0.084008 0.084008 0.000105 0.084008 0.132974 0.132974 0.084008 0.084008 0.084008 0.000000 0.164624 0.164624 0.000000 0.084008 1.000000
0.084042 0.084042 0.084042 0.084042 0.084042 0.084042 0.084042 0.084042 0.084042 0.084042 0.164688 0.164688 0.067404 0.084042 0.000001 0.000000 0.164688 0.164688 0.000004 0.084042 1.000000
0.084076 0.084076 0.084076 0.084076 0.084076 0.084076 0.084076 0.084076 0.084076 0.084076 0.164752 0.164752 0.084076 0.084076 0.000000 0.000000 0.164752 0.164752 0.084076 0.067432 1.000000
0.084031 0.084031 0.084031 0.084031 0.084031 0.084031 0.084031 0.084031 0.000001 0.084031 0.164667 0.164667 0.084031 0.084031 0.000000 0.000000 0.164667 0.133010 0.084031 0.084031 1.000000
0.083976 0.083976 0.083976 0.083976 0.083976 0.083976 0.083976 0.083976 0.083976 0.083976 0.164564 0.132924 0.083976 0.083976 0.083976 0.000000 0.000639 0.132924 0.000000 0.083976 1.000000
0.083961 0.083961 0.083961 0.083961 0.083961 0.083961 0.083961 0.083961 0.000011 0.083961 0.132902 0.164537 0.067339 0.000027 0.083961 0.000000 0.132902 0.164537 0.000054 0.083961 1.000000
0.084011 0.084011 0.084011 0.084011 0.084011 0.084011 0.084011 0.084011 0.084011 0.000000 0.107058 0.164631 0.084011 0.084011 0.084011 0.000000 0.164631 0.107058 0.084011 0.084011 1.000000
0.083995 0.083995 0.083995 0.083995 0.083995 0.083995 0.083995 0.083995 0.083995 0.000002 0.164601 0.132955 0.083995 0.083995 0.083995 0.000000 0.164601 0.132955 0.000000 0.067367 1.000000
0.084397 0.084397 0.084397 0.084397 0.084397 0.084397 0.084397 0.084397 0.084397 0.009126 0.001254 0.133577 0.000034 0.084397 0.084397 0.000000 0.000000 0.107544 0.084397 0.084397 1.000000
0.084042 0.084042 0.084042 0.084042 0.084042 0.084042 0.084042 0.084042 0.084042 0.084042 0.164688 0.133027 0.084042 0.000000 0.084042 0.000000 0.164688 0.133027 0.084042 0.084042 1.000000
0.084088 0.084088 0.084088 0.084088 0.084088 0.084088 0.084088 0.084088 0.084088 0.084088 0.164775 0.164775 0.084088 0.084088 0.084088 0.000000 0.164775 0.164775 0.084088 0.000001 1.000000
0.083996 0.083996 0.083996 0.083996 0.083996 0.083996 0.083996 0.083996 0.083996 0.000105 0.164601 0.164601 0.067367 0.083996 0.000000 0.000000 0.164601 0.164601 0.003720 0.067367 1.000000
0.084088 0.084088 0.084088 0.084088 0.084088 0.084088 0.084088 0.084088 0.084088 0.000000 0.164775 0.164775 0.084088 0.084088 0.084088 0.000000 0.164775 0.164775 0.084088 0.084088 1.000000
0.084628 0.084628 0.084628 0.084628 0.084628 0.084628 0.084628 0.084628 0.084628 0.084628 0.165791 0.165791 0.084628 0.084628 0.000000 0.000000 0.165791 0.165791 0.084628 0.084628 1.000000
0.084020 0.084020 0.084020 0.084020 0.084020 0.084020 0.084020 0.084020 0.084020 0.000131 0.164647 0.164647 0.084020 0.084020 0.000005 0.000000 0.164647 0.164647 0.000054 0.084020 1.000000
0.083999 0.083999 0.083999 0.083999 0.083999 0.083999 0.083999 0.083999 0.083999 0.000018 0.164607 0.164607 0.083999 0.083999 0.083999 0.000000 0.001951 0.132960 0.083999 0.083999 1.000000
0.083999 0.083999 0.083999 0.083999 0.083999 0.083999 0.083999 0.083999 0.083999 0.083999 0.132960 0.164607 0.083999 0.083999 0.083999 0.000000 0.000044 0.164607 0.083999 0.000000 1.000000
0.084087 0.084087 0.084087 0.084087 0.084087 0.084087 0.084087 0.084087 0.084087 0.084087 0.164773 0.133097 0.084087 0.084087 0.067440 0.000000 0.164773 0.164773 0.084087 0.084087 1.000000
0.084054 0.084054 0.084054 0.084054 0.084054 0.084054 0.084054 0.084054 0.000001 0.084054 0.164711 0.164711 0.084054 0.000000 0.084054 0.000000 0.164711 0.164711 0.084054 0.084054 1.000000
0.084065 0.084065 0.084065 0.084065 0.084065 0.084065 0.084065 0.084065 0.084065 0.084065 0.164732 0.133063 0.084065 0.084065 0.084065 0.000000 0.164732 0.164732 0.084065 0.000000 1.000000
0.084088 0.084088 0.084088 0.084088 0.084088 0.084088 0.084088 0.084088 0.084088 0.084088 0.164775 0.164775 0.084088 0.084088 0.084088 0.000000 0.164775 0.164775 0.084088 0.000000 1.000000
0.084509 0.084509 0.084509 0.084509 0.084509 0.084509 0.084509 0.084509 0.084509 0.084509 0.165567 0.165567 0.084509 0.000322 0.084509 0.000000 0.007487 0.107686 0.084509 0.067781 1.000000
0.084604 0.084604 0.084604 0.084604 0.084604 0.084604 0.084604 0.084604 0.084604 0.084604 0.165746 0.133898 0.000000 0.084604 0.084604 0.000000 0.165746 0.165746 0.084604 0.084604 1.000000
0.084088 0.084088 0.084088 0.084088 0.084088 0.084088 0.084088 0.084088 0.000000 0.084088 0.164775 0.164775 0.084088 0.084088 0.084088 0.000000 0.164775 0.164775 0.084088 0.084088 1.000000
0.084021 0.084021 0.084021 0.084021 0.084021 0.084021 0.084021 0.084021 0.084021 0.084021 0.164648 0.132994 0.084021 0.084021 0.067387 0.000000 0.003049 0.164648 0.084021 0.084021 1.000000
0.084054 0.084054 0.084054 0.084054 0.084054 0.084054 0.084054 0.084054 0.084054 0.000054 0.164711 0.164711 0.084054 0.000000 0.084054 0.000000 0.164711 0.164711 0.084054 0.084054 1.000000
0.084040 0.084040 0.084040 0.084040 0.084040 0.084040 0.084040 0.084040 0.084040 0.000067 0.164684 0.164684 0.084040 0.084040 0.084040 0.000000 0.086027 0.164684 0.084040 0.084040 1.000000
0.084088 0.084088 0.084088 0.084088 0.084088 0.084088 0.084088 0.084088 0.084088 0.084088 0.164775 0.164775 0.084088 0.084088 0.000000 0.000000 0.164775 0.164775 0.084088 0.084088 1.000000
0.084019 0.084019 0.084019 0.084019 0.084019 0.084019 0.084019 0.084019 0.084019 0.084019 0.164644 0.164644 0.084019 0.000001 0.084019 0.000000 0.132991 0.164644 0.000006 0.067385 1.000000
0.084088 0.084088 0.084088 0.084088 0.084088 0.084088 0.084088 0.084088 0.084088 0.084088 0.164775 0.164775 0.084088 0.084088 0.084088 0.000000 0.164775 0.164775 0.084088 0.000000 1.000000
0.084040 0.084040 0.084040 0.084040 0.084040 0.084040 0.084040 0.084040 0.084040 0.084040 0.164684 0.133024 0.000000 0.084040 0.084040 0.000000 0.164684 0.164684 0.043253 0.084040 1.000000
0.084022 0.084022 0.084022 0.084022 0.084022 0.084022 0.084022 0.084022 0.084022 0.084022 0.164651 0.164651 0.084022 0.084022 0.084022 0.000000 0.000035 0.164651 0.084022 0.000000 1.000000
0.084628 0.084628 0.084628 0.084628 0.084628 0.084628 0.084628 0.084628 0.084628 0.084628 0.165791 0.165791 0.000000 0.084628 0.084628 0.000000 0.165791 0.165791 0.084628 0.084628 1.000000
0.084006 0.084006 0.084006 0.084006 0.084006 0.084006 0.084006 0.084006 0.000002 0.084006 0.164621 0.132972 0.067376 0.000000 0.084006 0.000000 0.164621 0.164621 0.084006 0.067376 1.000000
0.084007 0.084007 0.084007 0.084007 0.084007 0.084007 0.084007 0.084007 0.084007 0.084007 0.044270 0.164622 0.000000 0.053989 0.084007 0.000000 0.164622 0.164622 0.084007 0.084007 1.000000
0.084044 0.084044 0.084044 0.084044 0.084044 0.084044 0.084044 0.084044 0.084044 0.084044 0.007445 0.164692 0.084044 0.067406 0.084044 0.000000 0.164692 0.164692 0.084044 0.084044 1.000000
0.084555 0.084555 0.084555 0.084555 0.084555 0.084555 0.084555 0.084555 0.084555 0.000000 0.165653 0.165653 0.084555 0.084555 0.054344 0.000000 0.165653 0.133822 0.084555 0.034841 1.000000
0.084570 0.084570 0.084570 0.084570 0.084570 0.084570 0.084570 0.084570 0.014288 0.084570 0.165683 0.133846 0.084570 0.084570 0.084570 0.000000 0.165683 0.165683 0.084570 0.000000 1.000000
0.084604 0.084604 0.084604 0.084604 0.084604 0.084604 0.084604 0.084604 0.084604 0.084604 0.165746 0.133898 0.084604 0.084604 0.084604 0.000000 0.165746 0.165746 0.001919 0.084604 1.000000
0.084008 0.084008 0.084008 0.084008 0.084008 0.084008 0.084008 0.084008 0.084008 0.000027 0.164624 0.164624 0.084008 0.084008 0.084008 0.000000 0.132974 0.132974 0.000002 0.084008 1.000000
0.084076 0.084076 0.084076 0.084076 0.084076 0.084076 0.084076 0.084076 0.084076 0.000000 0.164752 0.164752 0.084076 0.084076 0.084076 0.000000 0.164752 0.164752 0.084076 0.067432 1.000000
0.084628 0.084628 0.084628 0.084628 0.084628 0.084628 0.084628 0.084628 0.084628 0.084628 0.165791 0.165791 0.084628 0.084628 0.000503 0.000000 0.165791 0.165791 0.084628 0.084628 1.000000
0.084044 0.084044 0.084044 0.084044 0.084044 0.084044 0.084044 0.084044 0.084044 0.084044 0.011632 0.164693 0.084044 0.067406 0.084044 0.000000 0.164693 0.164693 0.084044 0.084044 1.000000
0.084022 0.084022 0.084022 0.084022 0.084022 0.084022 0.084022 0.084022 0.000000 0.084022 0.011628 0.164651 0.084022 0.084022 0.084022 0.000000 0.164651 0.164651 0.084022 0.084022 1.000000
0.084054 0.084054 0.084054 0.084054 0.084054 0.084054 0.084054 0.084054 0.000001 0.084054 0.164711 0.164711 0.084054 0.084054 0.084054 0.000000 0.164711 0.164711 0.084054 0.000000 1.000000
0.084088 0.084088 0.084088 0.084088 0.084088 0.084088 0.084088 0.084088 0.084088 0.000000 0.164775 0.164775 0.084088 0.084088 0.084088 0.000000 0.164775 0.164775 0.084088 0.084088 1.000000
0.084019 0.084019 0.084019 0.084019 0.084019 0.084019 0.084019 0.084019 0.084019 0.084019 0.164644 0.164644 0.000000 0.084019 0.084019 0.000000 0.164644 0.132991 0.000054 0.067385 1.000000
0.084546 0.084546 0.084546 0.084546 0.084546 0.084546 0.084546 0.084546 0.084546 0.034837 0.011702 0.165637 0.084546 0.084546 0.054338 0.000000 0.165637 0.165637 0.084546 0.084546 1.000000
0.084065 0.084065 0.084065 0.084065 0.084065 0.084065 0.084065 0.084065 0.084065 0.084065 0.164732 0.164732 0.084065 0.084065 0.084065 0.000000 0.164732 0.133063 0.000000 0.084065 1.000000
0.084044 0.084044 0.084044 0.084044 0.084044 0.084044 0.084044 0.084044 0.084044 0.084044 0.164692 0.164692 0.084044 0.084044 0.067406 0.000000 0.002440 0.164692 0.084044 0.084044 1.000000
0.083967 0.083967 0.083967 0.083967 0.083967 0.083967 0.083967 0.083967 0.083967 0.083967 0.005950 0.132911 0.083967 0.083967 0.083967 0.000000 0.000000 0.164547 0.083967 0.083967 1.000000
0.084628 0.084628 0.084628 0.084628 0.084628 0.084628 0.084628 0.084628 0.084628 0.084628 0.165791 0.165791 0.084628 0.084628 0.000000 0.000000 0.165791 0.165791 0.084628 0.084628 1.000000
0.084087 0.084087 0.084087 0.084087 0.084087 0.084087 0.084087 0.084087 0.084087 0.084087 0.164773 0.164773 0.084087 0.084087 0.067440 0.000000 0.133097 0.164773 0.084087 0.084087 1.000000
0.084628 0.084628 0.084628 0.084628 0.084628 0.084628 0.084628 0.084628 0.084628 0.084628 0.165791 0.165791 0.084628 0.084628 0.084628 0.000000 0.165791 0.165791 0.000000 0.084628 1.000000
0.084604 0.084604 0.084604 0.084604 0.084604 0.084604 0.084604 0.084604 0.084604 0.084604 0.165746 0.133898 0.000258 0.084604 0.084604 0.000000 0.165746 0.165746 0.084604 0.084604 1.000000
0.084604 0.084604 0.084604 0.084604 0.084604 0.084604 0.084604 0.084604 0.000165 0.084604 0.165746 0.133898 0.084604 0.084604 0.084604 0.000000 0.165746 0.165746 0.084604 0.084604 1.000000
0.084088 0.084088 0.084088 0.084088 0.084088 0.084088 0.084088 0.084088 0.084088 0.084088 0.164775 0.164775 0.000000 0.084088 0.084088 0.000000 0.164775 0.164775 0.084088 0.084088 1.000000
0.083979 0.083979 0.083979 0.083979 0.083979 0.083979 0.083979 0.083979 0.083979 0.083979 0.018156 0.164569 0.083979 0.067353 0.083979 0.000000 0.000639 0.164569 0.083979 0.083979 1.000000
0.084088 0.084088 0.084088 0.084088 0.084088 0.084088 0.084088 0.084088 0.084088 0.084088 0.164775 0.164775 0.084088 0.084088 0.084088 0.000000 0.164775 0.164775 0.000000 0.084088 1.000000
0.084628 0.084628 0.084628 0.084628 0.084628 0.084628 0.084628 0.084628 0.084628 0.084628 0.165791 0.165791 0.084628 0.084628 0.000000 0.000000 0.165791 0.165791 0.084628 0.084628 1.000000
0.084022 0.084022 0.084022 0.084022 0.084022 0.084022 0.084022 0.084022 0.084022 0.084022 0.164651 0.164651 0.000001 0.084022 0.084022 0.000000 0.000999 0.164651 0.084022 0.084022 1.000000
0.084044 0.084044 0.084044 0.084044 0.084044 0.084044 0.084044 0.084044 0.084044 0.084044 0.164692 0.164692 0.084044 0.084044 0.067406 0.000000 0.002440 0.164692 0.084044 0.084044 1.000000
0.084092 0.084092 0.084092 0.084092 0.084092 0.084092 0.084092 0.084092 0.027730 0.084092 0.164782 0.164782 0.084092 0.084092 0.084092 0.000000 0.164782 0.164782 0.084092 0.084092 1.000000
0.084560 0.084560 0.084560 0.084560 0.084560 0.084560 0.084560 0.084560 0.000165 0.084560 0.165664 0.165664 0.084560 0.084560 0.084560 0.000000 0.001006 0.165664 0.084560 0.084560 1.000000
0.084088 0.084088 0.084088 0.084088 0.084088 0.084088 0.084088 0.084088 0.084088 0.084088 0.164775 0.164775 0.084088 0.084088 0.084088 0.000000 0.164775 0.164775 0.000001 0.084088 1.000000
0.084021 0.084021 0.084021 0.084021 0.084021 0.084021 0.084021 0.084021 0.084021 0.084021 0.011628 0.164649 0.084021 0.067387 0.084021 0.000000 0.164649 0.132995 0.084021 0.084021 1.000000
0.084076 0.084076 0.084076 0.084076 0.084076 0.084076 0.084076 0.084076 0.000000 0.067432 0.164752 0.164752 0.084076 0.084076 0.084076 0.000000 0.164752 0.164752 0.084076 0.084076 1.000000
0.084110 0.084110 0.084110 0.084110 0.084110 0.084110 0.084110 0.084110 0.084110 0.084110 0.164817 0.164817 0.084110 0.084110 0.067459 0.000000 0.164817 0.164817 0.084110 0.084110 1.000000
0.084110 0.084110 0.084110 0.084110 0.084110 0.084110 0.084110 0.084110 0.084110 0.084110 0.164817 0.164817 0.084110 0.084110 0.067459 0.000000 0.164817 0.164817 0.084110 0.084110 1.000000
0.084110 0.084110 0.084110 0.084110 0.084110 0.084110 0.084110 0.084110 0.084110 0.084110 0.164817 0.164817 0.084110 0.084110 0.067459 0.000000 0.164817 0.164817 0.084110 0.084110 1.000000
0.084634 0.084634 0.084634 0.084634 0.084634 0.084634 0.084634 0.084634 0.084634 0.084634 0.165802 0.165802 0.084634 0.084634 0.034874 0.000000 0.165802 0.165802 0.084634 0.084634 1.000000
0.084110 0.084110 0.084110 0.084110 0.084110 0.084110 0.084110 0.084110 0.084110 0.084110 0.164817 0.164817 0.084110 0.084110 0.067459 0.000000 0.164817 0.164817 0.084110 0.084110 1.000000
0.084628 0.084628 0.084628 0.084628 0.084628 0.084628 0.084628 0.084628 0.084628 0.000000 0.165791 0.165791 0.084628 0.084628 0.084628 0.000000 0.165791 0.165791 0.084628 0.084628 1.000000
0.084110 0.084110 0.084110 0.084110 0.084110 0.084110 0.084110 0.084110 0.084110 0.084110 0.164817 0.164817 0.084110 0.084110 0.067459 0.000000 0.164817 0.164817 0.084110 0.084110 1.000000
0.084110 0.084110 0.084110 0.084110 0.084110 0.084110 0.084110 0.084110 0.084110 0.084110 0.164817 0.164817 0.084110 0.084110 0.067459 0.000000 0.164817 0.164817 0.084110 0.084110 1.000000
0.084088 0.084088 0.084088 0.084088 0.084088 0.084088 0.084088 0.084088 0.084088 0.000000 0.164775 0.164775 0.084088 0.084088 0.084088 0.000000 0.164775 0.164775 0.084088 0.084088 1.000000
0.084110 0.084110 0.084110 0.084110 0.084110 0.084110 0.084110 0.084110 0.084110 0.084110 0.164817 0.164817 0.084110 0.084110 0.067459 0.000000 0.164817 0.164817 0.084110 0.084110 1.000000
0.084628 0.084628 0.084628 0.084628 0.084628 0.084628 0.084628 0.084628 0.084628 0.084628 0.165791 0.165791 0.084628 0.000106 0.084628 0.000000 0.165791 0.165791 0.084628 0.084628 1.000000
0.084054 0.084054 0.084054 0.084054 0.084054 0.084054 0.084054 0.084054 0.000625 0.084054 0.164711 0.164711 0.084054 0.003723 0.084054 0.000000 0.164711 0.164711 0.084054 0.084054 1.000000
0.084088 0.084088 0.084088 0.084088 0.084088 0.084088 0.084088 0.084088 0.084088 0.000007 0.164775 0.164775 0.084088 0.084088 0.084088 0.000000 0.164775 0.164775 0.084088 0.084088 1.000000
0.084088 0.084088 0.084088 0.084088 0.084088 0.084088 0.084088 0.084088 0.000000 0.084088 0.164775 0.164775 0.084088 0.084088 0.084088 0.000000 0.164775 0.164775 0.084088 0.084088 1.000000
0.084110 0.084110 0.084110 0.084110 0.084110 0.084110 0.084110 0.084110 0.084110 0.084110 0.164817 0.164817 0.084110 0.084110 0.067459 0.000000 0.164817 0.164817 0.084110 0.084110 1.000000
0.084088 0.084088 0.084088 0.084088 0.084088 0.084088 0.084088 0.084088 0.084088 0.084088 0.164775 0.164775 0.084088 0.084088 0.084088 0.000000 0.164775 0.164775 0.084088 0.000000 1.000000
0.084110 0.084110 0.084110 0.084110 0.084110 0.084110 0.084110 0.084110 0.084110 0.084110 0.164817 0.164817 0.084110 0.084110 0.067459 0.000000 0.164817 0.164817 0.084110 0.084110 1.000000
0.084110 0.084110 0.084110 0.084110 0.084110 0.084110 0.084110 0.084110 0.084110 0.084110 0.164817 0.164817 0.084110 0.084110 0.067459 0.000000 0.164817 0.164817 0.084110 0.084110 1.000000
0.084110 0.084110 0.084110 0.084110 0.084110 0.084110 0.084110 0.084110 0.084110 0.084110 0.164817 0.164817 0.084110 0.084110 0.067459 0.000000 0.164817 0.164817 0.084110 0.084110 1.000000
0.084110 0.084110 0.084110 0.084110 0.084110 0.084110 0.084110 0.084110 0.084110 0.084110 0.164817 0.164817 0.084110 0.084110 0.067459 0.000000 0.164817 0.164817 0.084110 0.084110 1.000000
0.084628 0.084628 0.084628 0.084628 0.084628 0.084628 0.084628 0.084628 0.084628 0.084628 0.165791 0.165791 0.084628 0.002999 0.084628 0.000000 0.165791 0.165791 0.084628 0.084628 1.000000
0.084607 0.084607 0.084607 0.084607 0.084607 0.084607 0.084607 0.084607 0.084607 0.084607 0.165752 0.165752 0.054378 0.084607 0.084607 0.000000 0.165752 0.165752 0.084607 0.000503 1.000000
0.084110 0.084110 0.084110 0.084110 0.084110 0.084110 0.084110 0.084110 0.084110 0.084110 0.164817 0.164817 0.084110 0.084110 0.067459 0.000000 0.164817 0.164817 0.084110 0.084110 1.000000
0.084110 0.084110 0.084110 0.084110 0.084110 0.084110 0.084110 0.084110 0.084110 0.084110 0.164817 0.164817 0.084110 0.084110 0.067459 0.000000 0.164817 0.164817 0.084110 0.084110 1.000000
0.084110 0.084110 0.084110 0.084110 0.084110 0.084110 0.084110 0.084110 0.084110 0.084110 0.164817 0.164817 0.084110 0.084110 0.067459 0.000000 0.164817 0.164817 0.084110 0.084110 1.000000
0.084110 0.084110 0.084110 0.084110 0.084110 0.084110 0.084110 0.084110 0.084110 0.084110 0.164817 0.164817 0.084110 0.084110 0.067459 0.000000 0.164817 0.164817 0.084110 0.084110 1.000000
0.084110 0.084110 0.084110 0.084110 0.084110 0.084110 0.084110 0.084110 0.084110 0.084110 0.164817 0.164817 0.084110 0.084110 0.067459 0.000000 0.164817 0.164817 0.084110 0.084110 1.000000
0.084110 0.084110 0.084110 0.084110 0.084110 0.084110 0.084110 0.084110 0.084110 0.084110 0.164817 0.164817 0.084110 0.084110 0.067459 0.000000 0.164817 0.164817 0.084110 0.084110 1.000000
0.084110 0.084110 0.084110 0.084110 0.084110 0.084110 0.084110 0.084110 0.084110 0.084110 0.164817 0.164817 0.084110 0.084110 0.067459 0.000000 0.164817 0.164817 0.084110 0.084110 1.000000
0.084088 0.084088 0.084088 0.084088 0.084088 0.084088 0.084088 0.084088 0.084088 0.084088 0.164775 0.164775 0.084088 0.084088 0.084088 0.000000 0.164775 0.164775 0.000000 0.084088 1.000000
0.084110 0.084110 0.084110 0.084110 0.084110 0.084110 0.084110 0.084110 0.084110 0.084110 0.164817 0.164817 0.084110 0.084110 0.067459 0.000000 0.164817 0.164817 0.084110 0.084110 1.000000
0.084110 0.084110 0.084110 0.084110 0.084110 0.084110 0.084110 0.084110 0.084110 0.084110 0.164817 0.164817 0.084110 0.084110 0.067459 0.000000 0.164817 0.164817 0.084110 0.084110 1.000000
0.084024 0.084024 0.084024 0.084024 0.084024 0.084024 0.084024 0.084024 0.084024 0.084024 0.028371 0.164654 0.000002 0.084024 0.084024 0.000000 0.164654 0.164654 0.084024 0.084024 1.000000
0.084110 0.084110 0.084110 0.084110 0.084110 0.084110 0.084110 0.084110 0.084110 0.084110 0.164817 0.164817 0.084110 0.084110 0.067459 0.000000 0.164817 0.164817 0.084110 0.084110 1.000000
0.084087 0.084087 0.084087 0.084087 0.084087 0.084087 0.084087 0.084087 0.084087 0.084087 0.164773 0.164773 0.084087 0.084087 0.067440 0.000000 0.164773 0.133097 0.084087 0.084087 1.000000
0.084110 0.084110 0.084110 0.084110 0.084110 0.084110 0.084110 0.084110 0.084110 0.084110 0.164817 0.164817 0.084110 0.084110 0.067459 0.000000 0.164817 0.164817 0.084110 0.084110 1.000000
0.084110 0.084110 0.084110 0.084110 0.084110 0.084110 0.084110 0.084110 0.084110 0.084110 0.164817 0.164817 0.084110 0.084110 0.067459 0.000000 0.164817 0.164817 0.084110 0.084110 1.000000
0.084628 0.084628 0.084628 0.084628 0.084628 0.084628 0.084628 0.084628 0.084628 0.084628 0.165791 0.165791 0.084628 0.084628 0.084628 0.000000 0.165791 0.165791 0.001228 0.084628 1.000000
0.084110 0.084110 0.084110 0.084110 0.084110 0.084110 0.084110 0.084110 0.084110 0.084110 0.164817 0.164817 0.084110 0.084110 0.067459 0.000000 0.164817 0.164817 0.084110 0.084110 1.000000
0.084603 0.084603 0.084603 0.084603 0.084603 0.084603 0.084603 0.084603 0.084603 0.067856 0.165744 0.165744 0.000001 0.084603 0.084603 0.000000 0.165744 0.165744 0.084603 0.067856 1.000000
0.084110 0.084110 0.084110 0.084110 0.084110 0.084110 0.084110 0.084110 0.084110 0.084110 0.164817 0.164817 0.084110 0.084110 0.067459 0.000000 0.164817 0.164817 0.084110 0.084110 1.000000
0.084110 0.084110 0.084110 0.084110 0.084110 0.084110 0.084110 0.084110 0.084110 0.084110 0.164817 0.164817 0.084110 0.084110 0.067459 0.000000 0.164817 0.164817 0.084110 0.084110 1.000000
0.084110 0.084110 0.084110 0.084110 0.084110 0.084110 0.084110 0.084110 0.084110 0.084110 0.164817 0.164817 0.084110 0.084110 0.067459 0.000000 0.164817 0.164817 0.084110 0.084110 1.000000
0.084110 0.084110 0.084110 0.084110 0.084110 0.084110 0.084110 0.084110 0.084110 0.084110 0.164817 0.164817 0.084110 0.084110 0.067459 0.000000 0.164817 0.164817 0.084110 0.084110 1.000000
0.084110 0.084110 0.084110 0.084110 0.084110 0.084110 0.084110 0.084110 0.084110 0.084110 0.164817 0.164817 0.084110 0.084110 0.067459 0.000000 0.164817 0.164817 0.084110 0.084110 1.000000
0.084088 0.084088 0.084088 0.084088 0.084088 0.084088 0.084088 0.084088 0.084088 0.084088 0.164775 0.164775 0.000000 0.084088 0.084088 0.000000 0.164775 0.164775 0.084088 0.084088 1.000000
0.084110 0.084110 0.084110 0.084110 0.084110 0.084110 0.084110 0.084110 0.084110 0.084110 0.164817 0.164817 0.084110 0.084110 0.067459 0.000000 0.164817 0.164817 0.084110 0.084110 1.000000
0.084110 0.084110 0.084110 0.084110 0.084110 0.084110 0.084110 0.084110 0.084110 0.084110 0.164817 0.164817 0.084110 0.084110 0.067459 0.000000 0.164817 0.164817 0.084110 0.084110 1.000000
0.084110 0.084110 0.084110 0.084110 0.084110 0.084110 0.084110 0.084110 0.084110 0.084110 0.164817 0.164817 0.084110 0.084110 0.067459 0.000000 0.164817 0.164817 0.084110 0.084110 1.000000
0.084110 0.084110 0.084110 0.084110 0.084110 0.084110 0.084110 0.084110 0.084110 0.084110 0.164817 0.164817 0.084110 0.084110 0.067459 0.000000 0.164817 0.164817 0.084110 0.084110 1.000000
0.084110 0.084110 0.084110 0.084110 0.084110 0.084110 0.084110 0.084110 0.084110 0.084110 0.164817 0.164817 0.084110 0.084110 0.067459 0.000000 0.164817 0.164817 0.084110 0.084110 1.000000
0.084088 0.084088 0.084088 0.084088 0.084088 0.084088 0.084088 0.084088 0.000000 0.084088 0.164775 0.164775 0.084088 0.084088 0.084088 0.000000 0.164775 0.164775 0.084088 0.084088 1.000000
0.084046 0.084046 0.084046 0.084046 0.084046 0.084046 0.084046 0.084046 0.084046 0.084046 0.028379 0.164696 0.084046 0.067407 0.084046 0.000000 0.164696 0.164696 0.084046 0.084046 1.000000
0.084110 0.084110 0.084110 0.084110 0.084110 0.084110 0.084110 0.084110 0.084110 0.084110 0.164817 0.164817 0.084110 0.084110 0.067459 0.000000 0.164817 0.164817 0.084110 0.084110 1.000000
0.084628 0.084628 0.084628 0.084628 0.084628 0.084628 0.084628 0.084628 0.084628 0.084628 0.165791 0.165791 0.000000 0.084628 0.084628 0.000000 0.165791 0.165791 0.084628 0.084628 1.000000
0.084110 0.084110 0.084110 0.084110 0.084110 0.084110 0.084110 0.084110 0.084110 0.084110 0.164817 0.164817 0.084110 0.084110 0.067459 0.000000 0.164817 0.164817 0.084110 0.084110 1.000000
0.084110 0.084110 0.084110 0.084110 0.084110 0.084110 0.084110 0.084110 0.084110 0.084110 0.164817 0.164817 0.084110 0.084110 0.067459 0.000000 0.164817 0.164817 0.084110 0.084110 1.000000
0.084110 0.084110 0.084110 0.084110 0.084110 0.084110 0.084110 0.084110 0.084110 0.084110 0.164817 0.164817 0.084110 0.084110 0.067459 0.000000 0.164817 0.164817 0.084110 0.084110 1.000000
0.084110 0.084110 0.084110 0.084110 0.084110 0.084110 0.084110 0.084110 0.084110 0.084110 0.164817 0.164817 0.084110 0.084110 0.067459 0.000000 0.164817 0.164817 0.084110 0.084110 1.000000
0.084110 0.084110 0.084110 0.084110 0.084110 0.084110 0.084110 0.084110 0.084110 0.084110 0.164817 0.164817 0.084110 0.084110 0.067459 0.000000 0.164817 0.164817 0.084110 0.084110 1.000000
0.084110 0.084110 0.084110 0.084110 0.084110 0.084110 0.084110 0.084110 0.084110 0.084110 0.164817 0.164817 0.084110 0.084110 0.067459 0.000000 0.164817 0.164817 0.084110 0.084110 1.000000
0.084110 0.084110 0.084110 0.084110 0.084110 0.084110 0.084110 0.084110 0.084110 0.084110 0.164817 0.164817 0.084110 0.084110 0.067459 0.000000 0.164817 0.164817 0.084110 0.084110 1.000000
0.084110 0.084110 0.084110 0.084110 0.084110 0.084110 0.084110 0.084110 0.084110 0.084110 0.164817 0.164817 0.084110 0.084110 0.067459 0.000000 0.164817 0.164817 0.084110 0.084110 1.000000
0.084087 0.084087 0.084087 0.084087 0.084087 0.084087 0.084087 0.084087 0.084087 0.084087 0.164773 0.133097 0.084087 0.067440 0.084087 0.000000 0.164773 0.164773 0.084087 0.084087 1.000000
0.084110 0.084110 0.084110 0.084110 0.084110 0.084110 0.084110 0.084110 0.084110 0.084110 0.164817 0.164817 0.084110 0.084110 0.067459 0.000000 0.164817 0.164817 0.084110 0.084110 1.000000
0.084110 0.084110 0.084110 0.084110 0.084110 0.084110 0.084110 0.084110 0.084110 0.084110 0.164817 0.164817 0.084110 0.084110 0.067459 0.000000 0.164817 0.164817 0.084110 0.084110 1.000000
0.084110 0.084110 0.084110 0.084110 0.084110 0.084110 0.084110 0.084110 0.084110 0.084110 0.164817 0.164817 0.084110 0.084110 0.067459 0.000000 0.164817 0.164817 0.084110 0.084110 1.000000
0.084110 0.084110 0.084110 0.084110 0.084110 0.084110 0.084110 0.084110 0.084110 0.084110 0.164817 0.164817 0.084110 0.084110 0.067459 0.000000 0.164817 0.164817 0.084110 0.084110 1.000000
0.084110 0.084110 0.084110 0.084110 0.084110 0.084110 0.084110 0.084110 0.084110 0.084110 0.164817 0.164817 0.084110 0.084110 0.067459 0.000000 0.164817 0.164817 0.084110 0.084110 1.000000
0.084110 0.084110 0.084110 0.084110 0.084110 0.084110 0.084110 0.084110 0.084110 0.084110 0.164817 0.164817 0.084110 0.084110 0.067459 0.000000 0.164817 0.164817 0.084110 0.084110 1.000000
0.084087 0.084087 0.084087 0.084087 0.084087 0.084087 0.084087 0.084087 0.084087 0.084087 0.164773 0.164773 0.084087 0.084087 0.067440 0.000000 0.164773 0.133097 0.084087 0.084087 1.000000
0.084110 0.084110 0.084110 0.084110 0.084110 0.084110 0.084110 0.084110 0.084110 0.084110 0.164817 0.164817 0.084110 0.084110 0.067459 0.000000 0.164817 0.164817 0.084110 0.084110 1.000000
0.084110 0.084110 0.084110 0.084110 0.084110 0.084110 0.084110 0.084110 0.084110 0.084110 0.164817 0.164817 0.084110 0.084110 0.067459 0.000000 0.164817 0.164817 0.084110 0.084110 1.000000
0.084110 0.084110 0.084110 0.084110 0.084110 0.084110 0.084110 0.084110 0.084110 0.084110 0.164817 0.164817 0.084110 0.084110 0.067459 0.000000 0.164817 0.164817 0.084110 0.084110 1.000000
0.084110 0.084110 0.084110 0.084110 0.084110 0.084110 0.084110 0.084110 0.084110 0.084110 0.164817 0.164817 0.084110 0.084110 0.067459 0.000000 0.164817 0.164817 0.084110 0.084110 1.000000
0.084110 0.084110 0.084110 0.084110 0.084110 0.084110 0.084110 0.084110 0.084110 0.084110 0.164817 0.164817 0.084110 0.084110 0.067459 0.000000 0.164817 0.164817 0.084110 0.084110 1.000000
0.084110 0.084110 0.084110 0.084110 0.084110 0.084110 0.084110 0.084110 0.084110 0.084110 0.164817 0.164817 0.084110 0.084110 0.067459 0.000000 0.164817 0.164817 0.084110 0.084110 1.000000
0.084110 0.084110 0.084110 0.084110 0.084110 0.084110 0.084110 0.084110 0.084110 0.084110 0.164817 0.164817 0.084110 0.084110 0.067459 0.000000 0.164817 0.164817 0.084110 0.084110 1.000000
0.084110 0.084110 0.084110 0.084110 0.084110 0.084110 0.084110 0.084110 0.084110 0.084110 0.164817 0.164817 0.084110 0.084110 0.067459 0.000000 0.164817 0.164817 0.084110 0.084110 1.000000
0.084110 0.084110 0.084110 0.084110 0.084110 0.084110 0.084110 0.084110 0.084110 0.084110 0.164817 0.164817 0.084110 0.084110 0.067459 0.000000 0.164817 0.164817 0.084110 0.084110 1.000000
0.084110 0.084110 0.084110 0.084110 0.084110 0.084110 0.084110 0.084110 0.084110 0.084110 0.164817 0.164817 0.084110 0.084110 0.067459 0.000000 0.164817 0.164817 0.084110 0.084110 1.000000
0.084110 0.084110 0.084110 0.084110 0.084110 0.084110 0.084110 0.084110 0.084110 0.084110 0.164817 0.164817 0.084110 0.084110 0.067459 0.000000 0.164817 0.164817 0.084110 0.084110 1.000000
0.084110 0.084110 0.084110 0.084110 0.084110 0.084110 0.084110 0.084110 0.084110 0.084110 0.164817 0.164817 0.084110 0.084110 0.067459 0.000000 0.164817 0.164817 0.084110 0.084110 1.000000
0.084110 0.084110 0.084110 0.084110 0.084110 0.084110 0.084110 0.084110 0.084110 0.084110 0.164817 0.164817 0.084110 0.084110 0.067459 0.000000 0.164817 0.164817 0.084110 0.084110 1.000000
0.084110 0.084110 0.084110 0.084110 0.084110 0.084110 0.084110 0.084110 0.084110 0.084110 0.164817 0.164817 0.084110 0.084110 0.067459 0.000000 0.164817 0.164817 0.084110 0.084110 1.000000
0.084110 0.084110 0.084110 0.084110 0.084110 0.084110 0.084110 0.084110 0.084110 0.084110 0.164817 0.164817 0.084110 0.084110 0.067459 0.000000 0.164817 0.164817 0.084110 0.084110 1.000000
0.084110 0.084110 0.084110 0.084110 0.084110 0.084110 0.084110 0.084110 0.084110 0.084110 0.164817 0.164817 0.084110 0.084110 0.067459 0.000000 0.164817 0.164817 0.084110 0.084110 1.000000
0.084110 0.084110 0.084110 0.084110 0.084110 0.084110 0.084110 0.084110 0.084110 0.084110 0.164817 0.164817 0.084110 0.084110 0.067459 0.000000 0.164817 0.164817 0.084110 0.084110 1.000000
0.084110 0.084110 0.084110 0.084110 0.084110 0.084110 0.084110 0.084110 0.084110 0.084110 0.164817 0.164817 0.084110 0.084110 0.067459 0.000000 0.164817 0.164817 0.084110 0.084110 1.000000
0.084110 0.084110 0.084110 0.084110 0.084110 0.084110 0.084110 0.084110 0.084110 0.084110 0.164817 0.164817 0.084110 0.084110 0.067459 0.000000 0.164817 0.164817 0.084110 0.084110 1.000000
0.084110 0.084110 0.084110 0.084110 0.084110 0.084110 0.084110 0.084110 0.084110 0.084110 0.164817 0.164817 0.084110 0.084110 0.067459 0.000000 0.164817 0.164817 0.084110 0.084110 1.000000
0.084110 0.084110 0.084110 0.084110 0.084110 0.084110 0.084110 0.084110 0.084110 0.084110 0.164817 0.164817 0.084110 0.084110 0.067459 0.000000 0.164817 0.164817 0.084110 0.084110 1.000000
0.084110 0.084110 0.084110 0.084110 0.084110 0.084110 0.084110 0.084110 0.084110 0.084110 0.164817 0.164817 0.084110 0.084110 0.067459 0.000000 0.164817 0.164817 0.084110 0.084110 1.000000
0.084110 0.084110 0.084110 0.084110 0.084110 0.084110 0.084110 0.084110 0.084110 0.084110 0.164817 0.164817 0.084110 0.084110 0.067459 0.000000 0.164817 0.164817 0.084110 0.084110 1.000000
0.084110 0.084110 0.084110 0.084110 0.084110 0.084110 0.084110 0.084110 0.084110 0.084110 0.164817 0.164817 0.084110 0.084110 0.067459 0.000000 0.164817 0.164817 0.084110 0.084110 1.000000
0.084110 0.084110 0.084110 0.084110 0.084110 0.084110 0.084110 0.084110 0.084110 0.084110 0.164817 0.164817 0.084110 0.084110 0.067459 0.000000 0.164817 0.164817 0.084110 0.084110 1.000000
0.084110 0.084110 0.084110 0.084110 0.084110 0.084110 0.084110 0.084110 0.084110 0.084110 0.164817 0.164817 0.084110 0.084110 0.067459 0.000000 0.164817 0.164817 0.084110 0.084110 1.000000
0.084110 0.084110 0.084110 0.084110 0.084110 0.084110 0.084110 0.084110 0.084110 0.084110 0.164817 0.164817 0.084110 0.084110 0.067459 0.000000 0.164817 0.164817 0.084110 0.084110 1.000000
0.084046 0.084046 0.084046 0.084046 0.084046 0.084046 0.084046 0.084046 0.084046 0.084046 0.028379 0.164696 0.084046 0.067407 0.084046 0.000000 0.164696 0.164696 0.084046 0.084046 1.000000
0.084110 0.084110 0.084110 0.084110 0.084110 0.084110 0.084110 0.084110 0.084110 0.084110 0.164817 0.164817 0.084110 0.084110 0.067459 0.000000 0.164817 0.164817 0.084110 0.084110 1.000000
0.084088 0.084088 0.084088 0.084088 0.084088 0.084088 0.084088 0.084088 0.084088 0.084088 0.164775 0.164775 0.084088 0.084088 0.000000 0.000000 0.164775 0.164775 0.084088 0.084088 1.000000
0.084110 0.084110 0.084110 0.084110 0.084110 0.084110 0.084110 0.084110 0.084110 0.084110 0.164817 0.164817 0.084110 0.084110 0.067459 0.000000 0.164817 0.164817 0.084110 0.084110 1.000000
0.084110 0.084110 0.084110 0.084110 0.084110 0.084110 0.084110 0.084110 0.084110 0.084110 0.164817 0.164817 0.084110 0.084110 0.067459 0.000000 0.164817 0.164817 0.084110 0.084110 1.000000
0.084110 0.084110 0.084110 0.084110 0.084110 0.084110 0.084110 0.084110 0.084110 0.084110 0.164817 0.164817 0.084110 0.084110 0.067459 0.000000 0.164817 0.164817 0.084110 0.084110 1.000000
0.084110 0.084110 0.084110 0.084110 0.084110 0.084110 0.084110 0.084110 0.084110 0.084110 0.164817 0.164817 0.084110 0.084110 0.067459 0.000000 0.164817 0.164817 0.084110 0.084110 1.000000
0.084110 0.084110 0.084110 0.084110 0.084110 0.084110 0.084110 0.084110 0.084110 0.084110 0.164817 0.164817 0.084110 0.084110 0.067459 0.000000 0.164817 0.164817 0.084110 0.084110 1.000000
0.084110 0.084110 0.084110 0.084110 0.084110 0.084110 0.084110 0.084110 0.084110 0.084110 0.164817 0.164817 0.084110 0.084110 0.067459 0.000000 0.164817 0.164817 0.084110 0.084110 1.000000
0.084110 0.084110 0.084110 0.084110 0.084110 0.084110 0.084110 0.084110 0.084110 0.084110 0.164817 0.164817 0.084110 0.084110 0.067459 0.000000 0.164817 0.164817 0.084110 0.084110 1.000000
0.084110 0.084110 0.084110 0.084110 0.084110 0.084110 0.084110 0.084110 0.084110 0.084110 0.164817 0.164817 0.084110 0.084110 0.067459 0.000000 0.164817 0.164817 0.084110 0.084110 1.000000
0.084110 0.084110 0.084110 0.084110 0.084110 0.084110 0.084110 0.084110 0.084110 0.084110 0.164817 0.164817 0.084110 0.084110 0.067459 0.000000 0.164817 0.164817 0.084110 0.084110 1.000000
0.084110 0.084110 0.084110 0.084110 0.084110 0.084110 0.084110 0.084110 0.084110 0.084110 0.164817 0.164817 0.084110 0.084110 0.067459 0.000000 0.164817 0.164817 0.084110 0.084110 1.000000
0.084110 0.084110 0.084110 0.084110 0.084110 0.084110 0.084110 0.084110 0.084110 0.084110 0.164817 0.164817 0.084110 0.084110 0.067459 0.000000 0.164817 0.164817 0.084110 0.084110 1.000000
0.084110 0.084110 0.084110 0.084110 0.084110 0.084110 0.084110 0.084110 0.084110 0.084110 0.164817 0.164817 0.084110 0.084110 0.067459 0.000000 0.164817 0.164817 0.084110 0.084110 1.000000
0.084110 0.084110 0.084110 0.084110 0.084110 0.084110 0.084110 0.084110 0.084110 0.084110 0.164817 0.164817 0.084110 0.084110 0.067459 0.000000 0.164817 0.164817 0.084110 0.084110 1.000000
0.084110 0.084110 0.084110 0.084110 0.084110 0.084110 0.084110 0.084110 0.084110 0.084110 0.164817 0.164817 0.084110 0.084110 0.067459 0.000000 0.164817 0.164817 0.084110 0.084110 1.000000
0.084110 0.084110 0.084110 0.084110 0.084110 0.084110 0.084110 0.084110 0.084110 0.084110 0.164817 0.164817 0.084110 0.084110 0.067459 0.000000 0.164817 0.164817 0.084110 0.084110 1.000000
0.084110 0.084110 0.084110 0.084110 0.084110 0.084110 0.084110 0.084110 0.084110 0.084110 0.164817 0.164817 0.084110 0.084110 0.067459 0.000000 0.164817 0.164817 0.084110 0.084110 1.000000
0.084632 0.084632 0.084632 0.084632 0.084632 0.084632 0.084632 0.084632 0.084632 0.084632 0.165798 0.165798 0.084632 0.027910 0.084632 0.000000 0.165798 0.165798 0.084632 0.084632 1.000000
0.084110 0.084110 0.084110 0.084110 0.084110 0.084110 0.084110 0.084110 0.084110 0.084110 0.164817 0.164817 0.084110 0.084110 0.067459 0.000000 0.164817 0.164817 0.084110 0.084110 1.000000
0.084110 0.084110 0.084110 0.084110 0.084110 0.084110 0.084110 0.084110 0.084110 0.084110 0.164817 0.164817 0.084110 0.084110 0.067459 0.000000 0.164817 0.164817 0.084110 0.084110 1.000000
0.084110 0.084110 0.084110 0.084110 0.084110 0.084110 0.084110 0.084110 0.084110 0.084110 0.164817 0.164817 0.084110 0.084110 0.067459 0.000000 0.164817 0.164817 0.084110 0.084110 1.000000
0.084110 0.084110 0.084110 0.084110 0.084110 0.084110 0.084110 0.084110 0.084110 0.084110 0.164817 0.164817 0.084110 0.084110 0.067459 0.000000 0.164817 0.164817 0.084110 0.084110 1.000000
0.084044 0.084044 0.084044 0.084044 0.084044 0.084044 0.084044 0.084044 0.084044 0.084044 0.164692 0.164692 0.084044 0.084044 0.067406 0.000000 0.009306 0.164692 0.084044 0.084044 1.000000
0.084110 0.084110 0.084110 0.084110 0.084110 0.084110 0.084110 0.084110 0.084110 0.084110 0.164817 0.164817 0.084110 0.084110 0.067459 0.000000 0.164817 0.164817 0.084110 0.084110 1.000000
0.084110 0.084110 0.084110 0.084110 0.084110 0.084110 0.084110 0.084110 0.084110 0.084110 0.164817 0.164817 0.084110 0.084110 0.067459 0.000000 0.164817 0.164817 0.084110 0.084110 1.000000
0.084110 0.084110 0.084110 0.084110 0.084110 0.084110 0.084110 0.084110 0.084110 0.084110 0.164817 0.164817 0.084110 0.084110 0.067459 0.000000 0.164817 0.164817 0.084110 0.084110 1.000000
0.084110 0.084110 0.084110 0.084110 0.084110 0.084110 0.084110 0.084110 0.084110 0.084110 0.164817 0.164817 0.084110 0.084110 0.067459 0.000000 0.164817 0.164817 0.084110 0.084110 1.000000
0.084110 0.084110 0.084110 0.084110 0.084110 0.084110 0.084110 0.084110 0.084110 0.084110 0.164817 0.164817 0.084110 0.084110 0.067459 0.000000 0.164817 0.164817 0.084110 0.084110 1.000000
0.084110 0.084110 0.084110 0.084110 0.084110 0.084110 0.084110 0.084110 0.084110 0.084110 0.164817 0.164817 0.084110 0.084110 0.067459 0.000000 0.164817 0.164817 0.084110 0.084110 1.000000
0.084110 0.084110 0.084110 0.084110 0.084110 0.084110 0.084110 0.084110 0.084110 0.084110 0.164817 0.164817 0.084110 0.084110 0.067459 0.000000 0.164817 0.164817 0.084110 0.084110 1.000000
0.084110 0.084110 0.084110 0.084110 0.084110 0.084110 0.084110 0.084110 0.084110 0.084110 0.164817 0.164817 0.084110 0.084110 0.067459 0.000000 0.164817 0.164817 0.084110 0.084110 1.000000
0.084110 0.084110 0.084110 0.084110 0.084110 0.084110 0.084110 0.084110 0.084110 0.084110 0.164817 0.164817 0.084110 0.084110 0.067459 0.000000 0.164817 0.164817 0.084110 0.084110 1.000000
0.084110 0.084110 0.084110 0.084110 0.084110 0.084110 0.084110 0.084110 0.084110 0.084110 0.164817 0.164817 0.084110 0.084110 0.067459 0.000000 0.164817 0.164817 0.084110 0.084110 1.000000
0.084110 0.084110 0.084110 0.084110 0.084110 0.084110 0.084110 0.084110 0.084110 0.084110 0.164817 0.164817 0.084110 0.084110 0.067459 0.000000 0.164817 0.164817 0.084110 0.084110 1.000000
0.084110 0.084110 0.084110 0.084110 0.084110 0.084110 0.084110 0.084110 0.084110 0.084110 0.164817 0.164817 0.084110 0.084110 0.067459 0.000000 0.164817 0.164817 0.084110 0.084110 1.000000
0.084110 0.084110 0.084110 0.084110 0.084110 0.084110 0.084110 0.084110 0.084110 0.084110 0.164817 0.164817 0.084110 0.084110 0.067459 0.000000 0.164817 0.164817 0.084110 0.084110 1.000000
0.084110 0.084110 0.084110 0.084110 0.084110 0.084110 0.084110 0.084110 0.084110 0.084110 0.164817 0.164817 0.084110 0.084110 0.067459 0.000000 0.164817 0.164817 0.084110 0.084110 1.000000
0.084110 0.084110 0.084110 0.084110 0.084110 0.084110 0.084110 0.084110 0.084110 0.084110 0.164817 0.164817 0.084110 0.084110 0.067459 0.000000 0.164817 0.164817 0.084110 0.084110 1.000000
0.084110 0.084110 0.084110 0.084110 0.084110 0.084110 0.084110 0.084110 0.084110 0.084110 0.164817 0.164817 0.084110 0.084110 0.067459 0.000000 0.164817 0.164817 0.084110 0.084110 1.000000
0.084110 0.084110 0.084110 0.084110 0.084110 0.084110 0.084110 0.084110 0.084110 0.084110 0.164817 0.164817 0.084110 0.084110 0.067459 0.000000 0.164817 0.164817 0.084110 0.084110 1.000000
0.084110 0.084110 0.084110 0.084110 0.084110 0.084110 0.084110 0.084110 0.084110 0.084110 0.164817 0.164817 0.084110 0.084110 0.067459 0.000000 0.164817 0.164817 0.084110 0.084110 1.000000
0.084110 0.084110 0.084110 0.084110 0.084110 0.084110 0.084110 0.084110 0.084110 0.084110 0.164817 0.164817 0.084110 0.084110 0.067459 0.000000 0.164817 0.164817 0.084110 0.084110 1.000000
0.084110 0.084110 0.084110 0.084110 0.084110 0.084110 0.084110 0.084110 0.084110 0.084110 0.164817 0.164817 0.084110 0.084110 0.067459 0.000000 0.164817 0.164817 0.084110 0.084110 1.000000
0.084110 0.084110 0.084110 0.084110 0.084110 0.084110 0.084110 0.084110 0.084110 0.084110 0.164817 0.164817 0.084110 0.084110 0.067459 0.000000 0.164817 0.164817 0.084110 0.084110 1.000000
0.084110 0.084110 0.084110 0.084110 0.084110 0.084110 0.084110 0.084110 0.084110 0.084110 0.164817 0.164817 0.084110 0.084110 0.067459 0.000000 0.164817 0.164817 0.084110 0.084110 1.000000
0.084110 0.084110 0.084110 0.084110 0.084110 0.084110 0.084110 0.084110 0.084110 0.084110 0.164817 0.164817 0.084110 0.084110 0.067459 0.000000 0.164817 0.164817 0.084110 0.084110 1.000000
0.084110 0.084110 0.084110 0.084110 0.084110 0.084110 0.084110 0.084110 0.084110 0.084110 0.164817 0.164817 0.084110 0.084110 0.067459 0.000000 0.164817 0.164817 0.084110 0.084110 1.000000
0.084110 0.084110 0.084110 0.084110 0.084110 0.084110 0.084110 0.084110 0.084110 0.084110 0.164817 0.164817 0.084110 0.084110 0.067459 0.000000 0.164817 0.164817 0.084110 0.084110 1.000000
0.084110 0.084110 0.084110 0.084110 0.084110 0.084110 0.084110 0.084110 0.084110 0.084110 0.164817 0.164817 0.084110 0.084110 0.067459 0.000000 0.164817 0.164817 0.084110 0.084110 1.000000
0.084110 0.084110 0.084110 0.084110 0.084110 0.084110 0.084110 0.084110 0.084110 0.084110 0.164817 0.164817 0.084110 0.084110 0.067459 0.000000 0.164817 0.164817 0.084110 0.084110 1.000000
0.084110 0.084110 0.084110 0.084110 0.084110 0.084110 0.084110 0.084110 0.084110 0.084110 0.164817 0.164817 0.084110 0.084110 0.067459 0.000000 0.164817 0.164817 0.084110 0.084110 1.000000
0.084110 0.084110 0.084110 0.084110 0.084110 0.084110 0.084110 0.084110 0.084110 0.084110 0.164817 0.164817 0.084110 0.084110 0.067459 0.000000 0.164817 0.164817 0.084110 0.084110 1.000000
0.084110 0.084110 0.084110 0.084110 0.084110 0.084110 0.084110 0.084110 0.084110 0.084110 0.164817 0.164817 0.084110 0.084110 0.067459 0.000000 0.164817 0.164817 0.084110 0.084110 1.000000
0.084088 0.084088 0.084088 0.084088 0.084088 0.084088 0.084088 0.084088 0.084088 0.084088 0.164775 0.164775 0.084088 0.084088 0.084088 0.000000 0.164775 0.164775 0.084088 0.000000 1.000000
0.084110 0.084110 0.084110 0.084110 0.084110 0.084110 0.084110 0.084110 0.084110 0.084110 0.164817 0.164817 0.084110 0.084110 0.067459 0.000000 0.164817 0.164817 0.084110 0.084110 1.000000
0.084110 0.084110 0.084110 0.084110 0.084110 0.084110 0.084110 0.084110 0.084110 0.084110 0.164817 0.164817 0.084110 0.084110 0.067459 0.000000 0.164817 0.164817 0.084110 0.084110 1.000000
0.084110 0.084110 0.084110 0.084110 0.084110 0.084110 0.084110 0.084110 0.084110 0.084110 0.164817 0.164817 0.084110 0.084110 0.067459 0.000000 0.164817 0.164817 0.084110 0.084110 1.000000
0.084110 0.084110 0.084110 0.084110 0.084110 0.084110 0.084110 0.084110 0.084110 0.084110 0.164817 0.164817 0.084110 0.084110 0.067459 0.000000 0.164817 0.164817 0.084110 0.084110 1.000000
0.084110 0.084110 0.084110 0.084110 0.084110 0.084110 0.084110 0.084110 0.084110 0.084110 0.164817 0.164817 0.084110 0.084110 0.067459 0.000000 0.164817 0.164817 0.084110 0.084110 1.000000
0.084110 0.084110 0.084110 0.084110 0.084110 0.084110 0.084110 0.084110 0.084110 0.084110 0.164817 0.164817 0.084110 0.084110 0.067459 0.000000 0.164817 0.164817 0.084110 0.084110 1.000000
0.084110 0.084110 0.084110 0.084110 0.084110 0.084110 0.084110 0.084110 0.084110 0.084110 0.164817 0.164817 0.084110 0.084110 0.067459 0.000000 0.164817 0.164817 0.084110 0.084110 1.000000
0.084110 0.084110 0.084110 0.084110 0.084110 0.084110 0.084110 0.084110 0.084110 0.084110 0.164817 0.164817 0.084110 0.084110 0.067459 0.000000 0.164817 0.164817 0.084110 0.084110 1.000000
0.084110 0.084110 0.084110 0.084110 0.084110 0.084110 0.084110 0.084110 0.084110 0.084110 0.164817 0.164817 0.084110 0.084110 0.067459 0.000000 0.164817 0.164817 0.084110 0.084110 1.000000
0.084110 0.084110 0.084110 0.084110 0.084110 0.084110 0.084110 0.084110 0.084110 0.084110 0.164817 0.164817 0.084110 0.084110 0.067459 0.000000 0.164817 0.164817 0.084110 0.084110 1.000000
0.084110 0.084110 0.084110 0.084110 0.084110 0.084110 0.084110 0.084110 0.084110 0.084110 0.164817 0.164817 0.084110 0.084110 0.067459 0.000000 0.164817 0.164817 0.084110 0.084110 1.000000
0.084110 0.084110 0.084110 0.084110 0.084110 0.084110 0.084110 0.084110 0.084110 0.084110 0.164817 0.164817 0.084110 0.084110 0.067459 0.000000 0.164817 0.164817 0.084110 0.084110 1.000000
0.084110 0.084110 0.084110 0.084110 0.084110 0.084110 0.084110 0.084110 0.084110 0.084110 0.164817 0.164817 0.084110 0.084110 0.067459 0.000000 0.164817 0.164817 0.084110 0.084110 1.000000
0.084110 0.084110 0.084110 0.084110 0.084110 0.084110 0.084110 0.084110 0.084110 0.084110 0.164817 0.164817 0.084110 0.084110 0.067459 0.000000 0.164817 0.164817 0.084110 0.084110 1.000000
0.084110 0.084110 0.084110 0.084110 0.084110 0.084110 0.084110 0.084110 0.084110 0.084110 0.164817 0.164817 0.084110 0.084110 0.067459 0.000000 0.164817 0.164817 0.084110 0.084110 1.000000
0.084110 0.084110 0.084110 0.084110 0.084110 0.084110 0.084110 0.084110 0.084110 0.084110 0.164817 0.164817 0.084110 0.084110 0.067459 0.000000 0.164817 0.164817 0.084110 0.084110 1.000000
0.084110 0.084110 0.084110 0.084110 0.084110 0.084110 0.084110 0.084110 0.084110 0.084110 0.164817 0.164817 0.084110 0.084110 0.067459 0.000000 0.164817 0.164817 0.084110 0.084110 1.000000
0.084110 0.084110 0.084110 0.084110 0.084110 0.084110 0.084110 0.084110 0.084110 0.084110 0.164817 0.164817 0.084110 0.084110 0.067459 0.000000 0.164817 0.164817 0.084110 0.084110 1.000000
0.084110 0.084110 0.084110 0.084110 0.084110 0.084110 0.084110 0.084110 0.084110 0.084110 0.164817 0.164817 0.084110 0.084110 0.067459 0.000000 0.164817 0.164817 0.084110 0.084110 1.000000
0.084110 0.084110 0.084110 0.084110 0.084110 0.084110 0.084110 0.084110 0.084110 0.084110 0.164817 0.164817 0.084110 0.084110 0.067459 0.000000 0.164817 0.164817 0.084110 0.084110 1.000000
0.084110 0.084110 0.084110 0.084110 0.084110 0.084110 0.084110 0.084110 0.084110 0.084110 0.164817 0.164817 0.084110 0.084110 0.067459 0.000000 0.164817 0.164817 0.084110 0.084110 1.000000
0.084110 0.084110 0.084110 0.084110 0.084110 0.084110 0.084110 0.084110 0.084110 0.084110 0.164817 0.164817 0.084110 0.084110 0.067459 0.000000 0.164817 0.164817 0.084110 0.084110 1.000000
0.084110 0.084110 0.084110 0.084110 0.084110 0.084110 0.084110 0.084110 0.084110 0.084110 0.164817 0.164817 0.084110 0.084110 0.067459 0.000000 0.164817 0.164817 0.084110 0.084110 1.000000
0.084110 0.084110 0.084110 0.084110 0.084110 0.084110 0.084110 0.084110 0.084110 0.084110 0.164817 0.164817 0.084110 0.084110 0.067459 0.000000 0.164817 0.164817 0.084110 0.084110 1.000000
0.084110 0.084110 0.084110 0.084110 0.084110 0.084110 0.084110 0.084110 0.084110 0.084110 0.164817 0.164817 0.084110 0.084110 0.067459 0.000000 0.164817 0.164817 0.084110 0.084110 1.000000
0.084110 0.084110 0.084110 0.084110 0.084110 0.084110 0.084110 0.084110 0.084110 0.084110 0.164817 0.164817 0.084110 0.084110 0.067459 0.000000 0.164817 0.164817 0.084110 0.084110 1.000000
0.084110 0.084110 0.084110 0.084110 0.084110 0.084110 0.084110 0.084110 0.084110 0.084110 0.164817 0.164817 0.084110 0.084110 0.067459 0.000000 0.164817 0.164817 0.084110 0.084110 1.000000
0.084110 0.084110 0.084110 0.084110 0.084110 0.084110 0.084110 0.084110 0.084110 0.084110 0.164817 0.164817 0.084110 0.084110 0.067459 0.000000 0.164817 0.164817 0.084110 0.084110 1.000000
0.084110 0.084110 0.084110 0.084110 0.084110 0.084110 0.084110 0.084110 0.084110 0.084110 0.164817 0.164817 0.084110 0.084110 0.067459 0.000000 0.164817 0.164817 0.084110 0.084110 1.000000
0.084110 0.084110 0.084110 0.084110 0.084110 0.084110 0.084110 0.084110 0.084110 0.084110 0.164817 0.164817 0.084110 0.084110 0.067459 0.000000 0.164817 0.164817 0.084110 0.084110 1.000000
0.084110 0.084110 0.084110 0.084110 0.084110 0.084110 0.084110 0.084110 0.084110 0.084110 0.164817 0.164817 0.084110 0.084110 0.067459 0.000000 0.164817 0.164817 0.084110 0.084110 1.000000
0.084110 0.084110 0.084110 0.084110 0.084110 0.084110 0.084110 0.084110 0.084110 0.084110 0.164817 0.164817 0.084110 0.084110 0.067459 0.000000 0.164817 0.164817 0.084110 0.084110 1.000000
0.084110 0.084110 0.084110 0.084110 0.084110 0.084110 0.084110 0.084110 0.084110 0.084110 0.164817 0.164817 0.084110 0.084110 0.067459 0.000000 0.164817 0.164817 0.084110 0.084110 1.000000
0.084110 0.084110 0.084110 0.084110 0.084110 0.084110 0.084110 0.084110 0.084110 0.084110 0.164817 0.164817 0.084110 0.084110 0.067459 0.000000 0.164817 0.164817 0.084110 0.084110 1.000000
0.084110 0.084110 0.084110 0.084110 0.084110 0.084110 0.084110 0.084110 0.084110 0.084110 0.164817 0.164817 0.084110 0.084110 0.067459 0.000000 0.164817 0.164817 0.084110 0.084110 1.000000
0.084110 0.084110 0.084110 0.084110 0.084110 0.084110 0.084110 0.084110 0.084110 0.084110 0.164817 0.164817 0.084110 0.084110 0.067459 0.000000 0.164817 0.164817 0.084110 0.084110 1.000000
0.084110 0.084110 0.084110 0.084110 0.084110 0.084110 0.084110 0.084110 0.084110 0.084110 0.164817 0.164817 0.084110 0.084110 0.067459 0.000000 0.164817 0.164817 0.084110 0.084110 1.000000
0.084110 0.084110 0.084110 0.084110 0.084110 0.084110 0.084110 0.084110 0.084110 0.084110 0.164817 0.164817 0.084110 0.084110 0.067459 0.000000 0.164817 0.164817 0.084110 0.084110 1.000000
0.084110 0.084110 0.084110 0.084110 0.084110 0.084110 0.084110 0.084110 0.084110 0.084110 0.164817 0.164817 0.084110 0.084110 0.067459 0.000000 0.164817 0.164817 0.084110 0.084110 1.000000
0.084110 0.084110 0.084110 0.084110 0.084110 0.084110 0.084110 0.084110 0.084110 0.084110 0.164817 0.164817 0.084110 0.084110 0.067459 0.000000 0.164817 0.164817 0.084110 0.084110 1.000000
0.084087 0.084087 0.084087 0.084087 0.084087 0.084087 0.084087 0.084087 0.084087 0.084087 0.164773 0.164773 0.084087 0.067440 0.084087 0.000000 0.133097 0.164773 0.084087 0.084087 1.000000
0.084110 0.084110 0.084110 0.084110 0.084110 0.084110 0.084110 0.084110 0.084110 0.084110 0.164817 0.164817 0.084110 0.084110 0.067459 0.000000 0.164817 0.164817 0.084110 0.084110 1.000000
0.084110 0.084110 0.084110 0.084110 0.084110 0.084110 0.084110 0.084110 0.084110 0.084110 0.164817 0.164817 0.084110 0.084110 0.067459 0.000000 0.164817 0.164817 0.084110 0.084110 1.000000
0.084110 0.084110 0.084110 0.084110 0.084110 0.084110 0.084110 0.084110 0.084110 0.084110 0.164817 0.164817 0.084110 0.084110 0.067459 0.000000 0.164817 0.164817 0.084110 0.084110 1.000000
0.084110 0.084110 0.084110 0.084110 0.084110 0.084110 0.084110 0.084110 0.084110 0.084110 0.164817 0.164817 0.084110 0.084110 0.067459 0.000000 0.164817 0.164817 0.084110 0.084110 1.000000
0.084110 0.084110 0.084110 0.084110 0.084110 0.084110 0.084110 0.084110 0.084110 0.084110 0.164817 0.164817 0.084110 0.084110 0.067459 0.000000 0.164817 0.164817 0.084110 0.084110 1.000000
0.084110 0.084110 0.084110 0.084110 0.084110 0.084110 0.084110 0.084110 0.084110 0.084110 0.164817 0.164817 0.084110 0.084110 0.067459 0.000000 0.164817 0.164817 0.084110 0.084110 1.000000
0.084110 0.084110 0.084110 0.084110 0.084110 0.084110 0.084110 0.084110 0.084110 0.084110 0.164817 0.164817 0.084110 0.084110 0.067459 0.000000 0.164817 0.164817 0.084110 0.084110 1.000000
0.084110 0.084110 0.084110 0.084110 0.084110 0.084110 0.084110 0.084110 0.084110 0.084110 0.164817 0.164817 0.084110 0.084110 0.067459 0.000000 0.164817 0.164817 0.084110 0.084110 1.000000
0.084110 0.084110 0.084110 0.084110 0.084110 0.084110 0.084110 0.084110 0.084110 0.084110 0.164817 0.164817 0.084110 0.084110 0.067459 0.000000 0.164817 0.164817 0.084110 0.084110 1.000000
0.084110 0.084110 0.084110 0.084110 0.084110 0.084110 0.084110 0.084110 0.084110 0.084110 0.164817 0.164817 0.084110 0.084110 0.067459 0.000000 0.164817 0.164817 0.084110 0.084110 1.000000
0.084110 0.084110 0.084110 0.084110 0.084110 0.084110 0.084110 0.084110 0.084110 0.084110 0.164817 0.164817 0.084110 0.084110 0.067459 0.000000 0.164817 0.164817 0.084110 0.084110 1.000000
0.084110 0.084110 0.084110 0.084110 0.084110 0.084110 0.084110 0.084110 0.084110 0.084110 0.164817 0.164817 0.084110 0.084110 0.067459 0.000000 0.164817 0.164817 0.084110 0.084110 1.000000
0.084110 0.084110 0.084110 0.084110 0.084110 0.084110 0.084110 0.084110 0.084110 0.084110 0.164817 0.164817 0.084110 0.084110 0.067459 0.000000 0.164817 0.164817 0.084110 0.084110 1.000000
0.084110 0.084110 0.084110 0.084110 0.084110 0.084110 0.084110 0.084110 0.084110 0.084110 0.164817 0.164817 0.084110 0.084110 0.067459 0.000000 0.164817 0.164817 0.084110 0.084110 1.000000
0.084110 0.084110 0.084110 0.084110 0.084110 0.084110 0.084110 0.084110 0.084110 0.084110 0.164817 0.164817 0.084110 0.084110 0.067459 0.000000 0.164817 0.164817 0.084110 0.084110 1.000000
0.084110 0.084110 0.084110 0.084110 0.084110 0.084110 0.084110 0.084110 0.084110 0.084110 0.164817 0.164817 0.084110 0.084110 0.067459 0.000000 0.164817 0.164817 0.084110 0.084110 1.000000
0.084110 0.084110 0.084110 0.084110 0.084110 0.084110 0.084110 0.084110 0.084110 0.084110 0.164817 0.164817 0.084110 0.084110 0.067459 0.000000 0.164817 0.164817 0.084110 0.084110 1.000000
0.084110 0.084110 0.084110 0.084110 0.084110 0.084110 0.084110 0.084110 0.084110 0.084110 0.164817 0.164817 0.084110 0.084110 0.067459 0.000000 0.164817 0.164817 0.084110 0.084110 1.000000
0.084110 0.084110 0.084110 0.084110 0.084110 0.084110 0.084110 0.084110 0.084110 0.084110 0.164817 0.164817 0.084110 0.084110 0.067459 0.000000 0.164817 0.164817 0.084110 0.084110 1.000000
0.084110 0.084110 0.084110 0.084110 0.084110 0.084110 0.084110 0.084110 0.084110 0.084110 0.164817 0.164817 0.084110 0.084110 0.067459 0.000000 0.164817 0.164817 0.084110 0.084110 1.000000
0.084110 0.084110 0.084110 0.084110 0.084110 0.084110 0.084110 0.084110 0.084110 0.084110 0.164817 0.164817 0.084110 0.084110 0.067459 0.000000 0.164817 0.164817 0.084110 0.084110 1.000000
0.084110 0.084110 0.084110 0.084110 0.084110 0.084110 0.084110 0.084110 0.084110 0.084110 0.164817 0.164817 0.084110 0.084110 0.067459 0.000000 0.164817 0.164817 0.084110 0.084110 1.000000
0.084110 0.084110 0.084110 0.084110 0.084110 0.084110 0.084110 0.084110 0.084110 0.084110 0.164817 0.164817 0.084110 0.084110 0.067459 0.000000 0.164817 0.164817 0.084110 0.084110 1.000000
0.084110 0.084110 0.084110 0.084110 0.084110 0.084110 0.084110 0.084110 0.084110 0.084110 0.164817 0.164817 0.084110 0.084110 0.067459 0.000000 0.164817 0.164817 0.084110 0.084110 1.000000
0.084110 0.084110 0.084110 0.084110 0.084110 0.084110 0.084110 0.084110 0.084110 0.084110 0.164817 0.164817 0.084110 0.084110 0.067459 0.000000 0.164817 0.164817 0.084110 0.084110 1.000000
0.084110 0.084110 0.084110 0.084110 0.084110 0.084110 0.084110 0.084110 0.084110 0.084110 0.164817 0.164817 0.084110 0.084110 0.067459 0.000000 0.164817 0.164817 0.084110 0.084110 1.000000
0.084110 0.084110 0.084110 0.084110 0.084110 0.084110 0.084110 0.084110 0.084110 0.084110 0.164817 0.164817 0.084110 0.084110 0.067459 0.000000 0.164817 0.164817 0.084110 0.084110 1.000000
0.084110 0.084110 0.084110 0.084110 0.084110 0.084110 0.084110 0.084110 0.084110 0.084110 0.164817 0.164817 0.084110 0.084110 0.067459 0.000000 0.164817 0.164817 0.084110 0.084110 1.000000
0.084110 0.084110 0.084110 0.084110 0.084110 0.084110 0.084110 0.084110 0.084110 0.084110 0.164817 0.164817 0.084110 0.084110 0.067459 0.000000 0.164817 0.164817 0.084110 0.084110 1.000000
0.084110 0.084110 0.084110 0.084110 0.084110 0.084110 0.084110 0.084110 0.084110 0.084110 0.164817 0.164817 0.084110 0.084110 0.067459 0.000000 0.164817 0.164817 0.084110 0.084110 1.000000
0.084110 0.084110 0.084110 0.084110 0.084110 0.084110 0.084110 0.084110 0.084110 0.084110 0.164817 0.164817 0.084110 0.084110 0.067459 0.000000 0.164817 0.164817 0.084110 0.084110 1.000000
0.084110 0.084110 0.084110 0.084110 0.084110 0.084110 0.084110 0.084110 0.084110 0.084110 0.164817 0.164817 0.084110 0.084110 0.067459 0.000000 0.164817 0.164817 0.084110 0.084110 1.000000
0.084110 0.084110 0.084110 0.084110 0.084110 0.084110 0.084110 0.084110 0.084110 0.084110 0.164817 0.164817 0.084110 0.084110 0.067459 0.000000 0.164817 0.164817 0.084110 0.084110 1.000000
0.084110 0.084110 0.084110 0.084110 0.084110 0.084110 0.084110 0.084110 0.084110 0.084110 0.164817 0.164817 0.084110 0.084110 0.067459 0.000000 0.164817 0.164817 0.084110 0.084110 1.000000
0.084110 0.084110 0.084110 0.084110 0.084110 0.084110 0.084110 0.084110 0.084110 0.084110 0.164817 0.164817 0.084110 0.084110 0.067459 0.000000 0.164817 0.164817 0.084110 0.084110 1.000000
0.084110 0.084110 0.084110 0.084110 0.084110 0.084110 0.084110 0.084110 0.084110 0.084110 0.164817 0.164817 0.084110 0.084110 0.067459 0.000000 0.164817 0.164817 0.084110 0.084110 1.000000
0.084110 0.084110 0.084110 0.084110 0.084110 0.084110 0.084110 0.084110 0.084110 0.084110 0.164817 0.164817 0.084110 0.084110 0.067459 0.000000 0.164817 0.164817 0.084110 0.084110 1.000000
0.084110 0.084110 0.084110 0.084110 0.084110 0.084110 0.084110 0.084110 0.084110 0.084110 0.164817 0.164817 0.084110 0.084110 0.067459 0.000000 0.164817 0.164817 0.084110 0.084110 1.000000
0.084110 0.084110 0.084110 0.084110 0.084110 0.084110 0.084110 0.084110 0.084110 0.084110 0.164817 0.164817 0.084110 0.084110 0.067459 0.000000 0.164817 0.164817 0.084110 0.084110 1.000000
0.084110 0.084110 0.084110 0.084110 0.084110 0.084110 0.084110 0.084110 0.084110 0.084110 0.164817 0.164817 0.084110 0.084110 0.067459 0.000000 0.164817 0.164817 0.084110 0.084110 1.000000
0.084110 0.084110 0.084110 0.084110 0.084110 0.084110 0.084110 0.084110 0.084110 0.084110 0.164817 0.164817 0.084110 0.084110 0.067459 0.000000 0.164817 0.164817 0.084110 0.084110 1.000000
0.084110 0.084110 0.084110 0.084110 0.084110 0.084110 0.084110 0.084110 0.084110 0.084110 0.164817 0.164817 0.084110 0.084110 0.067459 0.000000 0.164817 0.164817 0.084110 0.084110 1.000000
0.084110 0.084110 0.084110 0.084110 0.084110 0.084110 0.084110 0.084110 0.084110 0.084110 0.164817 0.164817 0.084110 0.084110 0.067459 0.000000 0.164817 0.164817 0.084110 0.084110 1.000000
0.084110 0.084110 0.084110 0.084110 0.084110 0.084110 0.084110 0.084110 0.084110 0.084110 0.164817 0.164817 0.084110 0.067459 0.084110 0.000000 0.164817 0.164817 0.084110 0.084110 1.000000
0.084110 0.084110 0.084110 0.084110 0.084110 0.084110 0.084110 0.084110 0.084110 0.084110 0.164817 0.164817 0.084110 0.067459 0.084110 0.000000 0.164817 0.164817 0.084110 0.084110 1.000000
0.084110 0.084110 0.084110 0.084110 0.084110 0.084110 0.084110 0.084110 0.084110 0.084110 0.164817 0.164817 0.084110 0.067459 0.084110 0.000000 0.164817 0.164817 0.084110 0.084110 1.000000
0.084110 0.084110 0.084110 0.084110 0.084110 0.084110 0.084110 0.084110 0.084110 0.084110 0.164817 0.164817 0.084110 0.067459 0.084110 0.000000 0.164817 0.164817 0.084110 0.084110 1.000000
0.084110 0.084110 0.084110 0.084110 0.084110 0.084110 0.084110 0.084110 0.084110 0.084110 0.164817 0.164817 0.084110 0.067459 0.084110 0.000000 0.164817 0.164817 0.084110 0.084110 1.000000
0.084110 0.084110 0.084110 0.084110 0.084110 0.084110 0.084110 0.084110 0.084110 0.084110 0.164817 0.164817 0.084110 0.067459 0.084110 0.000000 0.164817 0.164817 0.084110 0.084110 1.000000
0.084110 0.084110 0.084110 0.084110 0.084110 0.084110 0.084110 0.084110 0.084110 0.084110 0.164817 0.164817 0.084110 0.067459 0.084110 0.000000 0.164817 0.164817 0.084110 0.084110 1.000000
0.084110 0.084110 0.084110 0.084110 0.084110 0.084110 0.084110 0.084110 0.084110 0.084110 0.164817 0.164817 0.084110 0.067459 0.084110 0.000000 0.164817 0.164817 0.084110 0.084110 1.000000
0.084110 0.084110 0.084110 0.084110 0.084110 0.084110 0.084110 0.084110 0.084110 0.084110 0.164817 0.164817 0.084110 0.067459 0.084110 0.000000 0.164817 0.164817 0.084110 0.084110 1.000000
0.084110 0.084110 0.084110 0.084110 0.084110 0.084110 0.084110 0.084110 0.084110 0.084110 0.164817 0.164817 0.084110 0.067459 0.084110 0.000000 0.164817 0.164817 0.084110 0.084110 1.000000
0.084110 0.084110 0.084110 0.084110 0.084110 0.084110 0.084110 0.084110 0.084110 0.084110 0.164817 0.164817 0.084110 0.067459 0.084110 0.000000 0.164817 0.164817 0.084110 0.084110 1.000000
0.084110 0.084110 0.084110 0.084110 0.084110 0.084110 0.084110 0.084110 0.084110 0.084110 0.164817 0.164817 0.084110 0.067459 0.084110 0.000000 0.164817 0.164817 0.084110 0.084110 1.000000
0.084110 0.084110 0.084110 0.084110 0.084110 0.084110 0.084110 0.084110 0.084110 0.084110 0.164817 0.164817 0.084110 0.067459 0.084110 0.000000 0.164817 0.164817 0.084110 0.084110 1.000000
0.084110 0.084110 0.084110 0.084110 0.084110 0.084110 0.084110 0.084110 0.084110 0.084110 0.164817 0.164817 0.084110 0.067459 0.084110 0.000000 0.164817 0.164817 0.084110 0.084110 1.000000
0.084110 0.084110 0.084110 0.084110 0.084110 0.084110 0.084110 0.084110 0.084110 0.084110 0.164817 0.164817 0.084110 0.067459 0.084110 0.000000 0.164817 0.164817 0.084110 0.084110 1.000000
0.084110 0.084110 0.084110 0.084110 0.084110 0.084110 0.084110 0.084110 0.084110 0.084110 0.164817 0.164817 0.084110 0.067459 0.084110 0.000000 0.164817 0.164817 0.084110 0.084110 1.000000
0.084110 0.084110 0.084110 0.084110 0.084110 0.084110 0.084110 0.084110 0.084110 0.084110 0.164817 0.164817 0.084110 0.067459 0.084110 0.000000 0.164817 0.164817 0.084110 0.084110 1.000000
0.084110 0.084110 0.084110 0.084110 0.084110 0.084110 0.084110 0.084110 0.084110 0.084110 0.164817 0.164817 0.084110 0.067459 0.084110 0.000000 0.164817 0.164817 0.084110 0.084110 1.000000
0.084110 0.084110 0.084110 0.084110 0.084110 0.084110 0.084110 0.084110 0.084110 0.084110 0.164817 0.164817 0.084110 0.067459 0.084110 0.000000 0.164817 0.164817 0.084110 0.084110 1.000000
0.084110 0.084110 0.084110 0.084110 0.084110 0.084110 0.084110 0.084110 0.084110 0.084110 0.164817 0.164817 0.084110 0.067459 0.084110 0.000000 0.164817 0.164817 0.084110 0.084110 1.000000
0.084110 0.084110 0.084110 0.084110 0.084110 0.084110 0.084110 0.084110 0.084110 0.084110 0.164817 0.164817 0.084110 0.067459 0.084110 0.000000 0.164817 0.164817 0.084110 0.084110 1.000000
0.084110 0.084110 0.084110 0.084110 0.084110 0.084110 0.084110 0.084110 0.084110 0.084110 0.164817 0.164817 0.084110 0.067459 0.084110 0.000000 0.164817 0.164817 0.084110 0.084110 1.000000
0.084110 0.084110 0.084110 0.084110 0.084110 0.084110 0.084110 0.084110 0.084110 0.084110 0.164817 0.164817 0.084110 0.067459 0.084110 0.000000 0.164817 0.164817 0.084110 0.084110 1.000000
0.084110 0.084110 0.084110 0.084110 0.084110 0.084110 0.084110 0.084110 0.084110 0.084110 0.164817 0.164817 0.084110 0.067459 0.084110 0.000000 0.164817 0.164817 0.084110 0.084110 1.000000
0.084110 0.084110 0.084110 0.084110 0.084110 0.084110 0.084110 0.084110 0.084110 0.084110 0.164817 0.164817 0.084110 0.067459 0.084110 0.000000 0.164817 0.164817 0.084110 0.084110 1.000000
0.084110 0.084110 0.084110 0.084110 0.084110 0.084110 0.084110 0.084110 0.084110 0.084110 0.164817 0.164817 0.084110 0.067459 0.084110 0.000000 0.164817 0.164817 0.084110 0.084110 1.000000
0.084110 0.084110 0.084110 0.084110 0.084110 0.084110 0.084110 0.084110 0.084110 0.084110 0.164817 0.164817 0.084110 0.067459 0.084110 0.000000 0.164817 0.164817 0.084110 0.084110 1.000000
0.084110 0.084110 0.084110 0.084110 0.084110 0.084110 0.084110 0.084110 0.084110 0.084110 0.164817 0.164817 0.084110 0.067459 0.084110 0.000000 0.164817 0.164817 0.084110 0.084110 1.000000
0.084110 0.084110 0.084110 0.084110 0.084110 0.084110 0.084110 0.084110 0.084110 0.084110 0.164817 0.164817 0.084110 0.067459 0.084110 0.000000 0.164817 0.164817 0.084110 0.084110 1.000000
0.084110 0.084110 0.084110 0.084110 0.084110 0.084110 0.084110 0.084110 0.084110 0.084110 0.164817 0.164817 0.084110 0.067459 0.084110 0.000000 0.164817 0.164817 0.084110 0.084110 1.000000
0.084110 0.084110 0.084110 0.084110 0.084110 0.084110 0.084110 0.084110 0.084110 0.084110 0.164817 0.164817 0.084110 0.067459 0.084110 0.000000 0.164817 0.164817 0.084110 0.084110 1.000000
0.084110 0.084110 0.084110 0.084110 0.084110 0.084110 0.084110 0.084110 0.084110 0.084110 0.164817 0.164817 0.084110 0.067459 0.084110 0.000000 0.164817 0.164817 0.084110 0.084110 1.000000
0.084110 0.084110 0.084110 0.084110 0.084110 0.084110 0.084110 0.084110 0.084110 0.084110 0.164817 0.164817 0.084110 0.067459 0.084110 0.000000 0.164817 0.164817 0.084110 0.084110 1.000000
0.084110 0.084110 0.084110 0.084110 0.084110 0.084110 0.084110 0.084110 0.084110 0.084110 0.164817 0.164817 0.084110 0.067459 0.084110 0.000000 0.164817 0.164817 0.084110 0.084110 1.000000
0.084110 0.084110 0.084110 0.084110 0.084110 0.084110 0.084110 0.084110 0.084110 0.084110 0.164817 0.164817 0.084110 0.067459 0.084110 0.000000 0.164817 0.164817 0.084110 0.084110 1.000000
0.084110 0.084110 0.084110 0.084110 0.084110 0.084110 0.084110 0.084110 0.084110 0.084110 0.164817 0.164817 0.084110 0.067459 0.084110 0.000000 0.164817 0.164817 0.084110 0.084110 1.000000
0.084110 0.084110 0.084110 0.084110 0.084110 0.084110 0.084110 0.084110 0.084110 0.084110 0.164817 0.164817 0.084110 0.067459 0.084110 0.000000 0.164817 0.164817 0.084110 0.084110 1.000000
0.084110 0.084110 0.084110 0.084110 0.084110 0.084110 0.084110 0.084110 0.084110 0.084110 0.164817 0.164817 0.084110 0.067459 0.084110 0.000000 0.164817 0.164817 0.084110 0.084110 1.000000
0.084110 0.084110 0.084110 0.084110 0.084110 0.084110 0.084110 0.084110 0.084110 0.084110 0.164817 0.164817 0.084110 0.067459 0.084110 0.000000 0.164817 0.164817 0.084110 0.084110 1.000000
0.084110 0.084110 0.084110 0.084110 0.084110 0.084110 0.084110 0.084110 0.084110 0.084110 0.164817 0.164817 0.084110 0.067459 0.084110 0.000000 0.164817 0.164817 0.084110 0.084110 1.000000
0.084110 0.084110 0.084110 0.084110 0.084110 0.084110 0.084110 0.084110 0.084110 0.084110 0.164817 0.164817 0.084110 0.067459 0.084110 0.000000 0.164817 0.164817 0.084110 0.084110 1.000000
0.084110 0.084110 0.084110 0.084110 0.084110 0.084110 0.084110 0.084110 0.084110 0.084110 0.164817 0.164817 0.084110 0.067459 0.084110 0.000000 0.164817 0.164817 0.084110 0.084110 1.000000
0.084110 0.084110 0.084110 0.084110 0.084110 0.084110 0.084110 0.084110 0.084110 0.084110 0.164817 0.164817 0.084110 0.067459 0.084110 0.000000 0.164817 0.164817 0.084110 0.084110 1.000000
0.084110 0.084110 0.084110 0.084110 0.084110 0.084110 0.084110 0.084110 0.084110 0.084110 0.164817 0.164817 0.084110 0.067459 0.084110 0.000000 0.164817 0.164817 0.084110 0.084110 1.000000
0.084110 0.084110 0.084110 0.084110 0.084110 0.084110 0.084110 0.084110 0.084110 0.084110 0.164817 0.164817 0.084110 0.067459 0.084110 0.000000 0.164817 0.164817 0.084110 0.084110 1.000000
0.084110 0.084110 0.084110 0.084110 0.084110 0.084110 0.084110 0.084110 0.084110 0.084110 0.164817 0.164817 0.084110 0.067459 0.084110 0.000000 0.164817 0.164817 0.084110 0.084110 1.000000
0.084110 0.084110 0.084110 0.084110 0.084110 0.084110 0.084110 0.084110 0.084110 0.084110 0.164817 0.164817 0.084110 0.067459 0.084110 0.000000 0.164817 0.164817 0.084110 0.084110 1.000000
0.084110 0.084110 0.084110 0.084110 0.084110 0.084110 0.084110 0.084110 0.084110 0.084110 0.164817 0.164817 0.084110 0.067459 0.084110 0.000000 0.164817 0.164817 0.084110 0.084110 1.000000
0.084110 0.084110 0.084110 0.084110 0.084110 0.084110 0.084110 0.084110 0.084110 0.084110 0.164817 0.164817 0.084110 0.067459 0.084110 0.000000 0.164817 0.164817 0.084110 0.084110 1.000000
0.084110 0.084110 0.084110 0.084110 0.084110 0.084110 0.084110 0.084110 0.084110 0.084110 0.164817 0.164817 0.084110 0.067459 0.084110 0.000000 0.164817 0.164817 0.084110 0.084110 1.000000
0.084110 0.084110 0.084110 0.084110 0.084110 0.084110 0.084110 0.084110 0.084110 0.084110 0.164817 0.164817 0.084110 0.067459 0.084110 0.000000 0.164817 0.164817 0.084110 0.084110 1.000000
0.084110 0.084110 0.084110 0.084110 0.084110 0.084110 0.084110 0.084110 0.084110 0.084110 0.164817 0.164817 0.084110 0.067459 0.084110 0.000000 0.164817 0.164817 0.084110 0.084110 1.000000
0.084110 0.084110 0.084110 0.084110 0.084110 0.084110 0.084110 0.084110 0.084110 0.084110 0.164817 0.164817 0.084110 0.067459 0.084110 0.000000 0.164817 0.164817 0.084110 0.084110 1.000000
0.084110 0.084110 0.084110 0.084110 0.084110 0.084110 0.084110 0.084110 0.084110 0.084110 0.164817 0.164817 0.084110 0.067459 0.084110 0.000000 0.164817 0.164817 0.084110 0.084110 1.000000
0.084110 0.084110 0.084110 0.084110 0.084110 0.084110 0.084110 0.084110 0.084110 0.084110 0.164817 0.164817 0.084110 0.067459 0.084110 0.000000 0.164817 0.164817 0.084110 0.084110 1.000000
0.084110 0.084110 0.084110 0.084110 0.084110 0.084110 0.084110 0.084110 0.084110 0.084110 0.164817 0.164817 0.084110 0.067459 0.084110 0.000000 0.164817 0.164817 0.084110 0.084110 1.000000
0.084110 0.084110 0.084110 0.084110 0.084110 0.084110 0.084110 0.084110 0.084110 0.084110 0.164817 0.164817 0.084110 0.067459 0.084110 0.000000 0.164817 0.164817 0.084110 0.084110 1.000000
0.084110 0.084110 0.084110 0.084110 0.084110 0.084110 0.084110 0.084110 0.084110 0.084110 0.164817 0.164817 0.084110 0.067459 0.084110 0.000000 0.164817 0.164817 0.084110 0.084110 1.000000
0.084110 0.084110 0.084110 0.084110 0.084110 0.084110 0.084110 0.084110 0.084110 0.084110 0.164817 0.164817 0.084110 0.067459 0.084110 0.000000 0.164817 0.164817 0.084110 0.084110 1.000000
0.084110 0.084110 0.084110 0.084110 0.084110 0.084110 0.084110 0.084110 0.084110 0.084110 0.164817 0.164817 0.084110 0.067459 0.084110 0.000000 0.164817 0.164817 0.084110 0.084110 1.000000
0.084110 0.084110 0.084110 0.084110 0.084110 0.084110 0.084110 0.084110 0.084110 0.084110 0.164817 0.164817 0.084110 0.067459 0.084110 0.000000 0.164817 0.164817 0.084110 0.084110 1.000000
0.084110 0.084110 0.084110 0.084110 0.084110 0.084110 0.084110 0.084110 0.084110 0.084110 0.164817 0.164817 0.084110 0.067459 0.084110 0.000000 0.164817 0.164817 0.084110 0.084110 1.000000
0.084110 0.084110 0.084110 0.084110 0.084110 0.084110 0.084110 0.084110 0.084110 0.084110 0.164817 0.164817 0.084110 0.067459 0.084110 0.000000 0.164817 0.164817 0.084110 0.084110 1.000000
0.084110 0.084110 0.084110 0.084110 0.084110 0.084110 0.084110 0.084110 0.084110 0.084110 0.164817 0.164817 0.084110 0.067459 0.084110 0.000000 0.164817 0.164817 0.084110 0.084110 1.000000
0.084110 0.084110 0.084110 0.084110 0.084110 0.084110 0.084110 0.084110 0.084110 0.084110 0.164817 0.164817 0.084110 0.067459 0.084110 0.000000 0.164817 0.164817 0.084110 0.084110 1.000000
0.084110 0.084110 0.084110 0.084110 0.084110 0.084110 0.084110 0.084110 0.084110 0.084110 0.164817 0.164817 0.084110 0.067459 0.084110 0.000000 0.164817 0.164817 0.084110 0.084110 1.000000
0.084110 0.084110 0.084110 0.084110 0.084110 0.084110 0.084110 0.084110 0.084110 0.084110 0.164817 0.164817 0.084110 0.067459 0.084110 0.000000 0.164817 0.164817 0.084110 0.084110 1.000000
0.084110 0.084110 0.084110 0.084110 0.084110 0.084110 0.084110 0.084110 0.084110 0.084110 0.164817 0.164817 0.084110 0.067459 0.084110 0.000000 0.164817 0.164817 0.084110 0.084110 1.000000
0.084110 0.084110 0.084110 0.084110 0.084110 0.084110 0.084110 0.084110 0.084110 0.084110 0.164817 0.164817 0.084110 0.067459 0.084110 0.000000 0.164817 0.164817 0.084110 0.084110 1.000000
0.084110 0.084110 0.084110 0.084110 0.084110 0.084110 0.084110 0.084110 0.084110 0.084110 0.164817 0.164817 0.084110 0.067459 0.084110 0.000000 0.164817 0.164817 0.084110 0.084110 1.000000
0.084110 0.084110 0.084110 0.084110 0.084110 0.084110 0.084110 0.084110 0.084110 0.084110 0.164817 0.164817 0.084110 0.067459 0.084110 0.000000 0.164817 0.164817 0.084110 0.084110 1.000000
0.084110 0.084110 0.084110 0.084110 0.084110 0.084110 0.084110 0.084110 0.084110 0.084110 0.164817 0.164817 0.084110 0.067459 0.084110 0.000000 0.164817 0.164817 0.084110 0.084110 1.000000
0.084110 0.084110 0.084110 0.084110 0.084110 0.084110 0.084110 0.084110 0.084110 0.084110 0.164817 0.164817 0.084110 0.067459 0.084110 0.000000 0.164817 0.164817 0.084110 0.084110 1.000000
0.084110 0.084110 0.084110 0.084110 0.084110 0.084110 0.084110 0.084110 0.084110 0.084110 0.164817 0.164817 0.084110 0.067459 0.084110 0.000000 0.164817 0.164817 0.084110 0.084110 1.000000
0.084110 0.084110 0.084110 0.084110 0.084110 0.084110 0.084110 0.084110 0.084110 0.084110 0.164817 0.164817 0.084110 0.067459 0.084110 0.000000 0.164817 0.164817 0.084110 0.084110 1.000000
0.084110 0.084110 0.084110 0.084110 0.084110 0.084110 0.084110 0.084110 0.084110 0.084110 0.164817 0.164817 0.084110 0.067459 0.084110 0.000000 0.164817 0.164817 0.084110 0.084110 1.000000
0.084110 0.084110 0.084110 0.084110 0.084110 0.084110 0.084110 0.084110 0.084110 0.084110 0.164817 0.164817 0.084110 0.067459 0.084110 0.000000 0.164817 0.164817 0.084110 0.084110 1.000000
0.084110 0.084110 0.084110 0.084110 0.084110 0.084110 0.084110 0.084110 0.084110 0.084110 0.164817 0.164817 0.084110 0.067459 0.084110 0.000000 0.164817 0.164817 0.084110 0.084110 1.000000
0.084110 0.084110 0.084110 0.084110 0.084110 0.084110 0.084110 0.084110 0.084110 0.084110 0.164817 0.164817 0.084110 0.067459 0.084110 0.000000 0.164817 0.164817 0.084110 0.084110 1.000000
0.084110 0.084110 0.084110 0.084110 0.084110 0.084110 0.084110 0.084110 0.084110 0.084110 0.164817 0.164817 0.084110 0.067459 0.084110 0.000000 0.164817 0.164817 0.084110 0.084110 1.000000
0.084110 0.084110 0.084110 0.084110 0.084110 0.084110 0.084110 0.084110 0.084110 0.084110 0.164817 0.164817 0.084110 0.067459 0.084110 0.000000 0.164817 0.164817 0.084110 0.084110 1.000000
0.084110 0.084110 0.084110 0.084110 0.084110 0.084110 0.084110 0.084110 0.084110 0.084110 0.164817 0.164817 0.084110 0.067459 0.084110 0.000000 0.164817 0.164817 0.084110 0.084110 1.000000
0.084110 0.084110 0.084110 0.084110 0.084110 0.084110 0.084110 0.084110 0.084110 0.084110 0.164817 0.164817 0.084110 0.067459 0.084110 0.000000 0.164817 0.164817 0.084110 0.084110 1.000000
