0.000000 0.000000 0.000000 0.000000 0.000000 0.000000 0.000000 0.000000 0.000000 0.000000 0.000000 0.000000 0.000000 0.000000 0.000000 0.000000 0.000000 0.000000 0.000000 0.000000 0.000000
11.880360 11.880360 11.880360 11.880360 11.880360 11.880360 11.880360 11.880360 523.857880 3903.031391 43.966968 85.840212 36.026865 70.324978 23263.878475 330599.596508 28.159815 68.677411 45.021097 28.833968 1.000000
11.804031 11.804031 11.804031 11.804031 11.804031 11.804031 11.804031 11.804031 1270.611389 6058.743652 34.954887 17.938002 87.327147 44.727994 3102.076988 1002335.029758 34.954887 14.375367 69.866870 69.866870 1.000000
11.881208 11.881208 11.881208 11.881208 11.881208 11.881208 11.881208 11.881208 818.585396 4879.142098 35.186343 85.846421 109.877609 70.330064 1279.038554 413279.393810 35.186343 22.545425 87.906182 70.330064 1.000000
11.805218 11.805218 11.805218 11.805218 11.805218 11.805218 11.805218 11.805218 813.274976 2481.914913 27.979613 43.685193 333.119929 28.649431 3877.991680 328478.650378 22.399742 133.254275 87.336054 35.796094 1.000000
11.879570 11.879570 11.879570 11.879570 11.879570 11.879570 11.879570 11.879570 818.470958 7622.593548 14.467791 68.672780 87.893896 56.262586 1598.574328 330577.293683 68.672780 28.157920 28.832027 214.561591 1.000000
11.880382 11.880382 11.880382 11.880382 11.880382 11.880382 11.880382 11.880382 818.527678 3903.038549 54.948579 107.295220 56.266482 45.021180 3903.038549 1261139.689810 18.054974 28.159866 70.325107 56.266482 1.000000
11.878398 11.878398 11.878398 11.878398 11.878398 11.878398 11.878398 11.878398 523.770134 1598.414398 11.603963 35.177918 109.851261 56.256961 45429.651812 264435.376686 22.540039 107.277054 56.256961 36.020840 1.000000
11.880454 11.880454 11.880454 11.880454 11.880454 11.880454 11.880454 11.880454 419.090530 3903.062744 35.184083 18.055085 36.027154 36.027154 1998.368494 169268.353165 134.115662 261.933907 137.334084 214.577790 1.000000
11.878743 11.878743 11.878743 11.878743 11.878743 11.878743 11.878743 11.878743 1998.076439 1278.769383 11.604299 54.940895 28.829995 109.854489 11909.460739 264443.148603 43.960902 85.828359 56.258613 56.258613 1.000000
11.879982 11.879982 11.879982 11.879982 11.879982 11.879982 11.879982 11.879982 1598.630527 9528.576844 22.543075 28.158907 36.025703 56.264562 2497.859621 516545.180081 22.543075 54.946705 87.896985 56.264562 1.000000
11.879743 11.879743 11.879743 11.879743 11.879743 11.879743 11.879743 11.879743 214.564762 14888.097831 54.945586 107.289371 28.832452 36.024970 9528.382674 264465.742881 209.536121 18.053995 87.895195 36.024970 1.000000
11.880614 11.880614 11.880614 11.880614 11.880614 11.880614 11.880614 11.880614 523.869209 7623.272672 54.949666 35.184561 87.901725 109.872037 1598.716751 330606.746010 35.184561 43.967918 23.083249 171.666662 1.000000
11.800857 11.800857 11.800857 11.800857 11.800857 11.800857 11.800857 11.800857 3101.230706 11830.255148 11.528264 34.945366 35.782698 22.926659 2480.984710 1565721.220782 14.371483 22.391380 69.847817 109.124008 1.000000
11.880078 11.880078 11.880078 11.880078 11.880078 11.880078 11.880078 11.880078 1598.643631 2497.880096 28.159138 22.543259 419.077058 56.265023 2497.880096 264473.300072 85.838143 28.159138 28.833274 56.265023 1.000000
11.880557 11.880557 11.880557 11.880557 11.880557 11.880557 11.880557 11.880557 1278.967541 7623.236069 85.841656 28.160287 56.267325 137.335292 1278.967541 807141.500555 35.184392 22.544179 45.021854 45.021854 1.000000
11.880239 11.880239 11.880239 11.880239 11.880239 11.880239 11.880239 11.880239 1998.331742 3122.392886 54.947910 22.543568 87.898914 36.026493 3122.392886 264476.937706 134.113196 22.543568 109.868524 36.026493 1.000000
11.877728 11.877728 11.877728 11.877728 11.877728 11.877728 11.877728 11.877728 818.342204 137.302117 9.320985 28.153502 268.157702 56.253741 23258.649650 264420.232348 28.153502 134.084444 137.302117 87.880073 1.000000
11.876581 11.876581 11.876581 11.876581 11.876581 11.876581 11.876581 11.876581 1997.707599 4877.214802 22.536555 14.464133 28.824686 56.248234 1598.166305 1575913.030362 28.150751 11.602188 137.288670 171.607560 1.000000
11.806496 11.806496 11.806496 11.806496 11.806496 11.806496 11.806496 11.806496 520.554256 4848.021613 27.982677 54.602183 35.800017 87.345638 1985.750072 168199.530934 54.602183 208.225736 136.466999 69.881662 1.000000
11.879162 11.879162 11.879162 11.879162 11.879162 11.879162 11.879162 11.879162 818.442431 6097.862358 43.962475 35.180207 36.023185 18.483759 7622.327874 211562.094030 68.670387 43.962475 268.190544 36.023185 1.000000
11.805381 11.805381 11.805381 11.805381 11.805381 11.805381 11.805381 11.805381 333.124578 3102.436764 54.596955 43.685802 170.564110 44.733176 1985.559826 801961.023750 43.685802 14.377018 87.337272 170.564110 1.000000
11.877149 11.877149 11.877149 11.877149 11.877149 11.877149 11.877149 11.877149 1598.243921 1997.804619 14.464829 11.602743 654.641981 45.008767 3901.961425 413136.208653 28.152115 54.933425 36.017004 56.250964 1.000000
11.804058 11.804058 11.804058 11.804058 11.804058 11.804058 11.804058 11.804058 520.445217 2481.667421 14.375400 34.954967 87.327347 87.327347 3102.084095 801869.861098 27.976831 17.938043 44.728096 416.357038 1.000000
11.880867 11.880867 11.880867 11.880867 11.880867 11.880867 11.880867 11.880867 1023.201408 137.338918 43.968867 68.680379 137.338918 109.874411 70998.792300 413267.362668 28.161029 43.968867 36.028421 36.028421 1.000000
11.878340 11.878340 11.878340 11.878340 11.878340 11.878340 11.878340 11.878340 1022.980663 11909.051009 14.466285 18.051845 45.013338 87.884664 2497.509397 413178.204337 85.825407 18.051845 45.013338 109.850711 1.000000
11.876432 11.876432 11.876432 11.876432 11.876432 11.876432 11.876432 11.876432 523.682191 9525.688924 14.463951 11.602043 28.824321 23.075039 3901.722397 169210.224847 167.583657 511.408480 56.247521 214.504105 1.000000
11.865326 11.865326 11.865326 11.865326 11.865326 11.865326 11.865326 11.865326 3898.021707 3118.417481 11.591201 9.311339 267.873728 56.194205 29042.523022 2459997.384170 11.591201 14.450363 18.462051 11.865326 1.000000
11.862224 11.862224 11.862224 11.862224 11.862224 11.862224 11.862224 11.862224 9514.130690 56708.637401 11.588173 7.494631 14.790017 23.047146 11892.663315 3074181.392499 11.588173 14.446568 35.971169 14.790017 1.000000
11.871594 11.871594 11.871594 11.871594 11.871594 11.871594 11.871594 11.871594 523.465825 18597.174136 9.316214 18.041511 14.801759 18.471885 7617.402635 135312.250374 327.168003 798.743797 23.065541 214.415483 1.000000
11.874929 11.874929 11.874929 11.874929 11.874929 11.874929 11.874929 11.874929 3120.977321 6095.658368 22.533388 11.600575 28.820629 23.072088 23253.090724 1008442.057351 28.146790 14.462112 36.010185 70.292381 1.000000
11.869520 11.869520 11.869520 11.869520 11.869520 11.869520 11.869520 11.869520 2495.628594 7616.052968 22.523019 14.455495 28.807347 28.807347 14875.103265 6008006.335250 11.595296 7.499143 28.807347 87.818498 1.000000
11.870400 11.870400 11.870400 11.870400 11.870400 11.870400 11.870400 11.870400 3119.770157 4874.640575 14.456572 14.456572 28.809509 137.216216 4874.640575 3845413.214800 18.039682 7.499687 23.063197 109.776252 1.000000
11.872345 11.872345 11.872345 11.872345 11.872345 11.872345 11.872345 11.872345 4875.450713 6094.313298 11.598053 14.458951 44.990321 268.034457 1022.457056 3076841.840569 9.316799 14.458951 56.227902 44.990321 1.000000
11.871028 11.871028 11.871028 11.871028 11.871028 11.871028 11.871028 11.871028 1277.927010 7617.034014 14.457339 7.500075 23.064429 28.811049 14877.019369 135305.702342 408.938838 638.964679 18.470997 70.268968 1.000000
11.864052 11.864052 11.864052 11.864052 11.864052 11.864052 11.864052 11.864052 3118.077835 11894.521854 7.495761 14.448804 23.050734 35.976782 2494.462413 4804159.083711 7.495761 11.589957 28.793919 523.128511 1.000000
11.874558 11.874558 11.874558 11.874558 11.874558 11.874558 11.874558 11.874558 654.497137 1597.890297 11.600214 22.532678 18.476536 28.819720 216554.431673 135346.519800 85.797704 1950.549428 18.476536 44.998819 1.000000
11.872580 11.872580 11.872580 11.872580 11.872580 11.872580 11.872580 11.872580 3900.438872 9522.555320 11.598283 22.528885 14.802994 137.241770 3900.438872 2461522.829844 14.459239 18.043021 23.067477 87.841454 1.000000
11.802788 11.802788 11.802788 11.802788 11.802788 11.802788 11.802788 11.802788 2481.396506 3877.181669 22.395082 14.373845 44.723218 44.723218 9465.775036 168145.940388 54.584797 260.197083 18.363926 87.317816 1.000000
11.861020 11.861020 11.861020 11.861020 11.861020 11.861020 11.861020 11.861020 1995.052871 3117.269649 28.113436 7.493886 56.173534 35.967471 216304.011408 2459091.904293 6.053548 35.125802 18.455295 14.788508 1.000000
11.871083 11.871083 11.871083 11.871083 11.871083 11.871083 11.871083 11.871083 6093.656083 11901.671800 9.315817 22.526015 35.998375 18.471084 2495.961865 516152.733215 14.457407 107.210056 14.801118 335.005262 1.000000
11.866638 11.866638 11.866638 11.866638 11.866638 11.866638 11.866638 11.866638 1996.011373 6091.341937 18.033919 14.451969 28.800270 28.800270 56730.041041 4805221.384604 6.056302 14.451969 35.984725 35.984725 1.000000
11.854641 11.854641 11.854641 11.854641 11.854641 11.854641 11.854641 11.854641 9507.961151 45337.491277 11.580770 9.303028 18.445286 35.947879 14856.189202 7500458.757529 6.050421 9.303028 23.032257 11.854641 1.000000
11.871621 11.871621 11.871621 11.871621 11.871621 11.871621 11.871621 11.871621 4875.149157 14877.773970 9.316235 14.458066 56.224427 18.471928 6093.936355 412941.178542 11.597347 167.514812 28.812507 56.224427 1.000000
11.797912 11.797912 11.797912 11.797912 11.797912 11.797912 11.797912 11.797912 7569.447026 28875.148402 22.385735 17.928628 28.631488 28.631488 4844.446218 2445820.202407 14.367881 14.367881 44.704497 14.709423 1.000000
11.869533 11.869533 11.869533 11.869533 11.869533 11.869533 11.869533 11.869533 3119.538880 14875.119082 18.038353 22.523043 18.468651 28.807378 4874.279204 4806410.179212 11.595308 7.499151 87.818591 56.214400 1.000000
11.875849 11.875849 11.875849 11.875849 11.875849 11.875849 11.875849 11.875849 1278.453445 1997.582787 22.535152 14.463238 14.807091 28.822889 45419.762662 108289.152726 209.466458 1248.489730 45.003775 36.013011 1.000000
11.867005 11.867005 11.867005 11.867005 11.867005 11.867005 11.867005 11.867005 4873.226302 3118.865022 9.312645 9.312645 23.056531 137.176410 23237.352874 2460350.431861 22.518197 9.312645 18.464685 56.202265 1.000000
11.868198 11.868198 11.868198 11.868198 11.868198 11.868198 11.868198 11.868198 6092.154058 23239.722845 9.313573 14.453877 23.058874 44.974396 3898.978749 3075751.702831 7.498325 22.520485 44.974396 35.989515 1.000000
11.864722 11.864722 11.864722 11.864722 11.864722 11.864722 11.864722 11.864722 6090.344388 11895.203647 9.310869 11.590612 28.795565 18.461104 6090.344388 3843547.566115 14.449625 7.496176 23.052050 214.289604 1.000000
11.791675 11.791675 11.791675 11.791675 11.791675 11.791675 11.791675 11.791675 7565.387017 9456.733712 9.254052 9.254052 44.680543 35.754498 3873.478343 1251588.271526 43.634404 11.519300 11.791675 212.951406 1.000000
11.849720 11.849720 11.849720 11.849720 11.849720 11.849720 11.849720 11.849720 11.849720 422060.492625 6.048008 14.431268 14.774347 14.774347 527575.615780 7497300.427104 35.091911 7.486898 11.849720 87.669941 1.000000
11.856616 11.856616 11.856616 11.856616 11.856616 11.856616 11.856616 11.856616 3116.095586 522.795946 9.304564 7.491163 653.494072 18.448385 216222.544367 6001381.179842 7.491163 9.304564 23.036135 14.782989 1.000000
11.862668 11.862668 11.862668 11.862668 11.862668 11.862668 11.862668 11.862668 1995.333929 11893.114103 7.494905 6.054355 23.048016 18.457880 23228.738361 135209.052355 408.646733 408.646733 23.048016 44.953160 1.000000
11.839559 11.839559 11.839559 11.839559 11.839559 11.839559 11.839559 11.839559 658895.951481 11.839559 6.043028 6.043028 28.733769 11.839559 421693.408950 9363474.638916 7.480614 7.480614 18.421622 87.593711 1.000000
11.855128 11.855128 11.855128 11.855128 11.855128 11.855128 11.855128 11.855128 11.855128 6085.348959 6.050659 14.437886 11.855128 11.855128 3932564.487080 211127.948272 18.016285 28337.113569 23.033213 87.710520 1.000000
11.858731 11.858731 11.858731 11.858731 11.858731 11.858731 11.858731 11.858731 2493.327661 334.651708 9.306209 9.306209 216261.666598 56.162544 418.313291 644509.990794 6.052426 209.160231 18.451703 11.858731 1.000000
11.861057 11.861057 11.861057 11.861057 11.861057 11.861057 11.861057 11.861057 1021.471029 14864.345637 6.053566 11.587034 14.788555 23.044854 14864.345637 168988.044274 18144.953144 11.587034 14.788555 137.106683 1.000000
11.856670 11.856670 11.856670 11.856670 11.856670 11.856670 11.856670 11.856670 9509.611709 11887.014589 7.491196 9.304606 11.856670 11.856670 88565.159636 3072721.231108 11.582750 11.582750 23.036240 44.930128 1.000000
11.852039 11.852039 11.852039 11.852039 11.852039 11.852039 11.852039 11.852039 110662.591997 11.852039 7.488332 9.301004 87.687342 11.852039 3145220.034310 1006470.410980 7.488332 85.632711 18.441203 14.777253 1.000000
11.844527 11.844527 11.844527 11.844527 11.844527 11.844527 11.844527 11.844527 11.844527 215998.925297 6.045463 11.570896 11.844527 11.844527 2514558.440221 35734024.666862 7.483687 9.295161 28.745969 23.012400 1.000000
11.851287 11.851287 11.851287 11.851287 11.851287 11.851287 11.851287 11.851287 14851.926245 18564.907776 14.433186 6.048777 23.025672 18.440024 3893.343593 11716103.929118 6.048777 7.487867 18.440024 136.992140 1.000000
11.846108 11.846108 11.846108 11.846108 11.846108 11.846108 11.846108 11.846108 2490.635496 1020.165115 6.046238 11.572439 14.769820 11.846108 3929529.309744 9368727.945670 6.046238 7.484664 28.749850 28.749850 1.000000
11.861602 11.861602 11.861602 11.861602 11.861602 11.861602 11.861602 11.861602 1995.152032 653.772783 14.445806 7.494246 35.969256 14.789237 825175.332797 135196.726533 7.494246 14516.638043 18.456207 18.456207 1.000000
11.864467 11.864467 11.864467 11.864467 11.864467 11.864467 11.864467 11.864467 653.932961 418.518505 6.055237 7.496018 56.190079 137.146652 216367.760770 135229.850486 167.412420 997.821179 18.460703 28.794937 1.000000
11.863401 11.863401 11.863401 11.863401 11.863401 11.863401 11.863401 11.863401 11893.859544 109.710606 6.054714 7.495358 28.792319 18.459030 138462.747691 135217.527042 2435.862828 28.119145 28.792319 137.134156 1.000000
11.852978 11.852978 11.852978 11.852978 11.852978 11.852978 11.852978 11.852978 11.852978 824566.827199 11.579146 9.301734 18.442677 11.852978 337742.572423 18309061.537932 11.579146 7.488913 14.778430 56.134925 1.000000
11.861144 11.861144 11.861144 11.861144 11.861144 11.861144 11.861144 11.861144 4870.785093 4870.785093 9.308086 18.025501 11.861144 56.174128 173045.040979 4802964.719634 9.308086 9.308086 18.455489 18.455489 1.000000
11.861546 11.861546 11.861546 11.861546 11.861546 11.861546 11.861546 11.861546 4870.952453 36291.422332 9.308399 14.445738 18.456120 18.456120 14864.966643 264054.850448 6.053805 1246.964577 23.045813 23.045813 1.000000
11.855619 11.855619 11.855619 11.855619 11.855619 11.855619 11.855619 11.855619 23214.738772 7607.005718 9.303789 9.303789 11.855619 18.446821 138370.625553 2457956.070612 7.490546 28.100484 14.781740 14.781740 1.000000
11.850373 11.850373 11.850373 11.850373 11.850373 11.850373 11.850373 11.850373 3114.431189 1594.589232 14.432067 9.299708 14.775165 18.438589 1610123.020766 14643983.565886 6.048329 6.048329 18.438589 23.023877 1.000000
11.859107 11.859107 11.859107 11.859107 11.859107 11.859107 11.859107 11.859107 7609.275484 11889.492822 7.492703 9.306501 18.452293 14.786110 56693.519314 3073361.839324 9.306501 14.442754 14.786110 70.197423 1.000000
11.861419 11.861419 11.861419 11.861419 11.861419 11.861419 11.861419 11.861419 3117.375928 70.211301 11.587387 7.494133 523.010751 23.045564 1611645.415047 4803077.623385 9.308300 11.587387 14.789008 18.455921 1.000000
11.839357 11.839357 11.839357 11.839357 11.839357 11.839357 11.839357 11.839357 3111.494532 14.761360 7.480489 6.042929 652.529163 18.421305 9588031.795910 11704140.375867 6.042929 6.042929 23.002249 14.761360 1.000000
11.858757 11.858757 11.858757 11.858757 11.858757 11.858757 11.858757 11.858757 11.858757 11.858757 11.584788 9.306229 1595.733546 18.451743 57244111.100118 28622055.550059 18.021844 261.448706 14.785671 18.451743 1.000000
11.837586 11.837586 11.837586 11.837586 11.837586 11.837586 11.837586 11.837586 11.837586 823480.715847 7.479394 6.042061 11.837586 14.759142 527027.658143 69751529.775018 7.479394 7.479394 11.837586 56.061031 1.000000
11.849861 11.849861 11.849861 11.849861 11.849861 11.849861 11.849861 11.849861 18562.641290 70810.856781 14.431441 9.299310 11.849861 14.774524 29004.126966 7497391.088151 9.299310 7.486985 11.849861 11.849861 1.000000
11.849225 11.849225 11.849225 11.849225 11.849225 11.849225 11.849225 11.849225 11.849225 337634.109577 6.047766 18.007242 18.436789 171.206674 110635.945034 44685502.332176 7.486592 7.486592 23.021624 14.773727 1.000000
11.852165 11.852165 11.852165 11.852165 11.852165 11.852165 11.852165 11.852165 11.852165 9505.947017 9.301102 6.049207 11.852165 11.852165 2516203.196656 211074.422656 18.011745 28329.929482 18.441401 137.002432 1.000000
11.842241 11.842241 11.842241 11.842241 11.842241 11.842241 11.842241 11.842241 11.842241 269945.793343 6.044343 7.482273 11.842241 23.007912 2011252.890075 55823481.672628 9.293383 7.482273 14.764975 23.007912 1.000000
11.851038 11.851038 11.851038 11.851038 11.851038 11.851038 11.851038 11.851038 11.851038 14851.609374 9.300225 6.048655 28.761958 70.148997 2012768.384374 211054.062146 7.487713 28327.196741 11.851038 18.439633 1.000000
11.849930 11.849930 11.849930 11.849930 11.849930 11.849930 11.849930 11.849930 1275.623328 70811.275995 9.299363 6.048112 14.774610 14.774610 56649.020802 135061.790436 35405.638018 9.299363 11.849930 11.849930 1.000000
11.851558 11.851558 11.851558 11.851558 11.851558 11.851558 11.851558 11.851558 35.938412 824466.625671 9.300630 7.488034 14.776650 14.776650 1030583.282088 7498480.278355 11.577760 11.577760 11.851558 11.851558 1.000000
11.838063 11.838063 11.838063 11.838063 11.838063 11.838063 11.838063 11.838063 11.838063 1029392.916865 7.479689 6.042295 14.759739 14.759739 421639.338750 69754377.300319 9.290133 6.042295 11.838063 44.858677 1.000000
11.835865 11.835865 11.835865 11.835865 11.835865 11.835865 11.835865 11.835865 11.835865 14832.321990 14.414317 6.041218 11.835865 14.756985 111585988.032003 44634395.212801 7.478330 6.041218 14.756985 11.835865 1.000000
11.845396 11.845396 11.845396 11.845396 11.845396 11.845396 11.845396 11.845396 9500.440337 9500.440337 6.045889 7.484224 14.768929 11.845396 70783.795664 7494525.880908 7.484224 7.484224 18.430781 87.637505 1.000000
11.844123 11.844123 11.844123 11.844123 11.844123 11.844123 11.844123 11.844123 11.844123 11.844123 9.294847 11.570502 1593.736205 11.844123 139581201.104516 1983568169.869674 7.483437 9.294847 14.767333 11.844123 1.000000
11.849061 11.849061 11.849061 11.849061 11.849061 11.849061 11.849061 11.849061 110634.390365 11.849061 9.298688 11.575323 18.436531 70.137133 2515534.796561 9371097.373071 6.047686 7.486490 14.773522 18.436531 1.000000
11.846849 11.846849 11.846849 11.846849 11.846849 11.846849 11.846849 11.846849 70792.600483 652.948023 7.485122 11.573163 18.433060 213.962180 28996.649187 14639566.655049 6.046601 6.046601 11.846849 18.433060 1.000000
11.840783 11.840783 11.840783 11.840783 11.840783 11.840783 11.840783 11.840783 527172.024228 11.840783 7.481371 7.481371 14.763147 11.840783 6137090.085843 514816.429910 261.046773 6.043628 11.840783 14.763147 1.000000
11.853077 11.853077 11.853077 11.853077 11.853077 11.853077 11.853077 11.853077 1020.773957 3115.152231 7.488974 6.049654 18.442833 56.135402 270196.357463 135098.178737 7.488974 35415.176993 14.778555 14.778555 1.000000
11.865048 11.865048 11.865048 11.865048 11.865048 11.865048 11.865048 11.865048 137.153462 1995.739948 11.590929 11.590929 137.153462 11.865048 1289716.389149 169045.706564 85.728021 3045.257053 14.793555 11.865048 1.000000
11.856035 11.856035 11.856035 11.856035 11.856035 11.856035 11.856035 11.856035 14857.961316 11.856035 6.051104 11.582131 109.641524 18.447473 2517036.541281 168915.462938 5943.184668 35.110850 14.782261 11.856035 1.000000
11.908002 11.908002 11.908002 11.908002 11.908002 11.908002 11.908002 11.908002 11.908002 11.908002 11.632863 9.344534 11.908002 11.908002 15216212430.370554 3116280305.739877 6.076579 6.076579 14.847383 14.847383 1.000000
11.850700 11.850700 11.850700 11.850700 11.850700 11.850700 11.850700 11.850700 11.850700 70815.943990 7.487504 7.487504 11.850700 136.985257 337676.734813 211047.959261 7.487504 28326.377626 14.775575 23.024520 1.000000
11.838712 11.838712 11.838712 11.838712 11.838712 11.838712 11.838712 11.838712 11.838712 1029450.234722 14.417801 6.042613 18.420294 14.760553 1029450.234722 44645287.238027 6.042613 7.480091 14.760553 11.838712 1.000000
11.853712 11.853712 11.853712 11.853712 11.853712 11.853712 11.853712 11.853712 11.853712 9507.205371 6.049965 9.302305 14.779350 56.138447 6143887.402489 168881.890975 18.014115 22666.943750 11.853712 18.443828 1.000000
11.854589 11.854589 11.854589 11.854589 11.854589 11.854589 11.854589 11.854589 1276.132011 4868.054510 7.489909 6.050395 11.854589 11.854589 270231.298682 135115.649346 326.692655 797.583271 14.780448 56.142657 1.000000
11.836475 11.836475 11.836475 11.836475 11.836475 11.836475 11.836475 11.836475 1029252.846029 11.836475 7.478707 6.041516 18.416783 18.416783 2010259.464899 9361000.102471 7.478707 6.041516 11.836475 18.416783 1.000000
11.910328 11.910328 11.910328 11.910328 11.910328 11.910328 11.910328 11.910328 3951137.208160 11.910328 7.524381 6.077719 11.910328 18.532658 271520.081461 14719133.109449 6.077719 6.077719 23.141586 23.141586 1.000000
11.843900 11.843900 11.843900 11.843900 11.843900 11.843900 11.843900 11.843900 11.843900 14842.535710 6.045156 6.045156 11.843900 14.767054 18733913.764565 210925.117628 28309.890101 11.570284 14.767054 18.428433 1.000000
11.906683 11.906683 11.906683 11.906683 11.906683 11.906683 11.906683 11.906683 11.906683 424118.451600 6.075932 6.075932 14.845731 14.845731 2527942.965018 87705640.146922 6.075932 7.522127 11.906683 18.526939 1.000000
11.839958 11.839958 11.839958 11.839958 11.839958 11.839958 11.839958 11.839958 215914.409026 1019.627949 7.480861 9.291607 11.839958 11.839958 269893.011281 9363794.853295 7.480861 6.043224 14.762114 11.839958 1.000000
11.836337 11.836337 11.836337 11.836337 11.836337 11.836337 11.836337 11.836337 815.449738 36213.188551 11.562901 6.041449 11.836337 11.836337 2512794.730832 9360889.832793 6.041449 7.478622 11.836337 11.836337 1.000000
11.905853 11.905853 11.905853 11.905853 11.905853 11.905853 11.905853 11.905853 11.905853 11.905853 11.630765 7.521613 14.844691 11.905853 15213427768.284073 3894637508.680731 6.075525 6.075525 11.905853 14.844691 1.000000
11.897112 11.897112 11.897112 11.897112 11.897112 11.897112 11.897112 11.897112 11.897112 827681.013388 6.071240 6.071240 11.897112 11.897112 3157352.498576 109542670.024249 6.071240 6.071240 11.897112 11.897112 1.000000
11.838830 11.838830 11.838830 11.838830 11.838830 11.838830 11.838830 11.838830 23181.392219 70743.994692 6.042671 6.042671 11.838830 11.838830 56595.195760 804266.104268 7.480163 85.535933 11.838830 11.838830 1.000000
11.836302 11.836302 11.836302 11.836302 11.836302 11.836302 11.836302 11.836302 136.816456 526969.663602 11.562867 7.478600 11.836302 11.836302 823390.099377 14626346.345199 6.041432 6.041432 11.836302 11.836302 1.000000
11.906943 11.906943 11.906943 11.906943 11.906943 11.906943 11.906943 11.906943 14922.671107 420.038229 6.076059 6.076059 11.906943 11.906943 12054437.667527 9417529.427756 6.076059 7.522287 14.846056 11.906943 1.000000
11.908056 11.908056 11.908056 11.908056 11.908056 11.908056 11.908056 11.908056 2503.846614 7641.132378 6.076605 6.076605 18.529093 11.908056 3160298.226211 9418422.657880 7.522976 6.076605 11.908056 11.908056 1.000000
11.897112 11.897112 11.897112 11.897112 11.897112 11.897112 11.897112 11.897112 11.897112 662144.810711 6.071240 6.071240 11.897112 11.897112 3946690.623219 109542670.024244 6.071240 6.071240 11.897112 11.897112 1.000000
11.829432 11.829432 11.829432 11.829432 11.829432 11.829432 11.829432 11.829432 56.021885 269649.621338 6.038065 6.038065 14.748923 11.829432 3139134.744809 22840211.348438 6.038065 6.038065 11.829432 14.748923 1.000000
11.908238 11.908238 11.908238 11.908238 11.908238 11.908238 11.908238 11.908238 11.908238 138993.542900 7.523088 6.076695 11.908238 11.908238 9644614.474639 70173806.122615 6.076695 7.523088 18.529379 14.847679 1.000000
11.907397 11.907397 11.907397 11.907397 11.907397 11.907397 11.907397 11.907397 1294385.427394 23.135831 6.076282 6.076282 11.907397 14.846624 2022477.230303 9417893.506133 6.076282 7.522568 14.846624 11.907397 1.000000
11.906515 11.906515 11.906515 11.906515 11.906515 11.906515 11.906515 11.906515 11.906515 1035430.592875 6.075850 6.075850 18.526675 11.906515 1617860.301366 70163506.140748 7.522023 7.522023 11.906515 11.906515 1.000000
11.902123 11.902123 11.902123 11.902123 11.902123 11.902123 11.902123 11.902123 11.902123 828034.606042 6.073697 6.073697 14.840016 11.902123 2526961.078007 87671574.097961 7.519306 6.073697 11.902123 11.902123 1.000000
11.904959 11.904959 11.904959 11.904959 11.904959 11.904959 11.904959 11.904959 11.904959 339244.935407 6.075087 6.075087 14.843570 11.904959 3949330.833327 87692760.460430 6.075087 7.521060 11.904959 18.524234 1.000000
11.841650 11.841650 11.841650 11.841650 11.841650 11.841650 11.841650 11.841650 11.841650 70.092656 9.292923 7.481907 652.657387 11.841650 111641314.330838 519870381.480258 6.044053 7.481907 23.006752 11.841650 1.000000
11.836052 11.836052 11.836052 11.836052 11.836052 11.836052 11.836052 11.836052 138138.974050 417.501826 6.041309 6.041309 14.757219 417.501826 36212.303239 11700826.231403 7.478445 6.041309 11.836052 11.836052 1.000000
11.902123 11.902123 11.902123 11.902123 11.902123 11.902123 11.902123 11.902123 11.902123 828034.606042 6.073697 6.073697 14.840016 11.902123 2526961.078007 87671574.097961 7.519306 6.073697 11.902123 11.902123 1.000000
11.905405 11.905405 11.905405 11.905405 11.905405 11.905405 11.905405 11.905405 11.905405 662612.908748 6.075305 7.521336 14.844128 11.905405 3159584.563954 70156870.623041 6.075305 7.521336 11.905405 11.905405 1.000000
11.905405 11.905405 11.905405 11.905405 11.905405 11.905405 11.905405 11.905405 3159584.563955 11.905405 7.521336 7.521336 14.844128 11.905405 1617707.296745 11770369.723269 6.075305 6.075305 11.905405 11.905405 1.000000
11.842240 11.842240 11.842240 11.842240 11.842240 11.842240 11.842240 11.842240 70.096194 138212.232312 7.482272 6.044342 14.764973 14.764973 3142582.325026 11707031.447537 7.482272 7.482272 18.425828 11.842240 1.000000
11.898839 11.898839 11.898839 11.898839 11.898839 11.898839 11.898839 11.898839 2501.881115 11.898839 6.072087 6.072087 11.898839 14.835901 2550864594.855261 11763786.586996 6.072087 6.072087 11.898839 11.898839 1.000000
11.902123 11.902123 11.902123 11.902123 11.902123 11.902123 11.902123 11.902123 11.902123 828034.606042 6.073697 6.073697 11.902123 14.840016 2526961.078007 87671574.097961 7.519306 6.073697 11.902123 11.902123 1.000000
11.903849 11.903849 11.903849 11.903849 11.903849 11.903849 11.903849 11.903849 11.903849 1617492.848469 7.520374 6.074543 14.842178 14.842178 1035195.423021 87684463.014469 6.074543 6.074543 11.903849 11.903849 1.000000
11.903810 11.903810 11.903810 11.903810 11.903810 11.903810 11.903810 11.903810 11.903810 11.903810 11.628770 6.074523 11.903810 70.465707 3987414468.193239 4867449301.993679 6.074523 6.074523 11.903810 11.903810 1.000000
11.894007 11.894007 11.894007 11.894007 11.894007 11.894007 11.894007 11.894007 11.894007 11.894007 6.069718 6.069718 11.894007 11.894007 18997593250.449768 9498796625.224878 6.069718 6.069718 14.829845 11.894007 1.000000
11.898840 11.898840 11.898840 11.898840 11.898840 11.898840 11.898840 11.898840 11.898840 662242.317267 6.072087 6.072087 11.898840 14.835901 3157817.446069 109558801.130876 6.072087 6.072087 11.898840 11.898840 1.000000
11.902123 11.902123 11.902123 11.902123 11.902123 11.902123 11.902123 11.902123 11.902123 11.902123 6.073697 6.073697 3158701.347473 11.902123 71127.631071 7604296888.092052 7.519306 6.073697 11.902123 14.840016 1.000000
11.897112 11.897112 11.897112 11.897112 11.897112 11.897112 11.897112 11.897112 11.897112 827681.013388 6.071240 6.071240 11.897112 11.897112 3157352.498576 109542670.024248 6.071240 6.071240 11.897112 11.897112 1.000000
11.909752 11.909752 11.909752 11.909752 11.909752 11.909752 11.909752 11.909752 11.909752 29152.815675 6.077437 7.524024 11.909752 11.909752 23549456.932735 212114.650939 6.077437 35586.933183 11.909752 11.909752 1.000000
11.836240 11.836240 11.836240 11.836240 11.836240 11.836240 11.836240 11.836240 28970.310609 110512.964543 7.478562 6.041402 14.757455 11.836240 18540.998822 9360812.205880 6.041402 7.478562 14.757455 11.836240 1.000000
11.902123 11.902123 11.902123 11.902123 11.902123 11.902123 11.902123 11.902123 11.902123 662427.684834 7.519306 6.073697 14.840016 11.902123 3158701.347509 87671574.097957 6.073697 6.073697 11.902123 11.902123 1.000000
11.901691 11.901691 11.901691 11.901691 11.901691 11.901691 11.901691 11.901691 11.901691 11.901691 6.073485 7.519039 18.519107 11.901691 15208033673.936619 6083213469.574638 6.073485 7.519039 11.901691 11.901691 1.000000
11.841792 11.841792 11.841792 11.841792 11.841792 11.841792 11.841792 11.841792 11.841792 1287152.329483 14.421569 7.481995 11.841792 11.841792 527217.594158 168709.630136 6.044123 22643.823292 11.841792 11.841792 1.000000
11.901650 11.901650 11.901650 11.901650 11.901650 11.901650 11.901650 11.901650 11.901650 11.901650 6.073465 6.073465 11.901650 2551475681.735979 11.901650 3114594338.056618 6.073465 1564.050681 11.901650 11.901650 1.000000
11.898840 11.898840 11.898840 11.898840 11.898840 11.898840 11.898840 11.898840 11.898840 662242.317267 6.072087 6.072087 11.898840 14.835901 3157817.446069 109558801.130876 6.072087 6.072087 11.898840 11.898840 1.000000
11.905391 11.905391 11.905391 11.905391 11.905391 11.905391 11.905391 11.905391 11936.559102 7639.397903 6.075299 6.075299 11.905391 11.905391 662612.132847 11770355.940493 6.075299 6.075299 14.844111 14.844111 1.000000
11.897112 11.897112 11.897112 11.897112 11.897112 11.897112 11.897112 11.897112 11.897112 827681.013388 6.071240 6.071240 11.897112 11.897112 3157352.498576 109542670.024248 6.071240 6.071240 11.897112 11.897112 1.000000
11.904274 11.904274 11.904274 11.904274 11.904274 11.904274 11.904274 11.904274 11.904274 662549.080823 6.074751 9.341634 14.842711 11.904274 2527424.166952 109609550.904054 6.074751 6.074751 11.904274 11.904274 1.000000
11.902572 11.902572 11.902572 11.902572 11.902572 11.902572 11.902572 11.902572 11.902572 11.902572 11.627562 6.073917 14.840579 11.902572 15209175627.992950 4866936200.957732 6.073917 6.073917 11.902572 14.840579 1.000000
11.908197 11.908197 11.908197 11.908197 11.908197 11.908197 11.908197 11.908197 11.908197 23319.165158 6.076674 6.076674 11.908197 11.908197 23546339.458239 265108.214029 6.076674 35582.222189 14.847628 11.908197 1.000000
11.909752 11.909752 11.909752 11.909752 11.909752 11.909752 11.909752 11.909752 11.909752 29152.815674 6.077437 6.077437 11.909752 11.909752 29436821.165529 169691.720751 28469.546559 7.524024 11.909752 11.909752 1.000000
11.900397 11.900397 11.900397 11.900397 11.900397 11.900397 11.900397 11.900397 11.900397 827912.820643 6.072851 7.518239 11.900397 11.900397 3158236.773077 87658679.567192 6.072851 6.072851 11.900397 11.900397 1.000000
11.897112 11.897112 11.897112 11.897112 11.897112 11.897112 11.897112 11.897112 11.897112 662144.810711 6.071240 6.071240 11.897112 11.897112 3946690.623219 109542670.024243 6.071240 6.071240 11.897112 11.897112 1.000000
11.904777 11.904777 11.904777 11.904777 11.904777 11.904777 11.904777 11.904777 7638.998370 3128.933998 6.074998 6.074998 11.904777 11.904777 2527532.497094 11769740.363086 6.074998 6.074998 11.904777 18.523949 1.000000
11.901941 11.901941 11.901941 11.901941 11.901941 11.901941 11.901941 11.901941 36416.781800 88908.158637 6.073607 6.073607 11.901941 11.901941 29133.425453 11766896.818034 6.073607 6.073607 11.901941 11.901941 1.000000
11.898840 11.898840 11.898840 11.898840 11.898840 11.898840 11.898840 11.898840 11.898840 662242.317267 6.072087 6.072087 11.898840 14.835901 3157817.446069 109558801.130876 6.072087 6.072087 11.898840 11.898840 1.000000
11.905830 11.905830 11.905830 11.905830 11.905830 11.905830 11.905830 11.905830 339270.098367 11.905830 9.342844 6.075514 11.905830 11.905830 18833273.738557 9416636.869279 7.521599 6.075514 11.905830 11.905830 1.000000
11.899120 11.899120 11.899120 11.899120 11.899120 11.899120 11.899120 11.899120 11.899120 11.899120 11.624192 6.072224 11.899120 11.899120 23757345927.106617 4865504445.871425 6.072224 6.072224 11.899120 11.899120 1.000000
11.900397 11.900397 11.900397 11.900397 11.900397 11.900397 11.900397 11.900397 11.900397 662330.256515 6.072851 6.072851 11.900397 11.900397 3947795.966346 87658679.567188 7.518239 6.072851 11.900397 11.900397 1.000000
11.892277 11.892277 11.892277 11.892277 11.892277 11.892277 11.892277 11.892277 11.892277 11.892277 6.068870 6.068870 11.892277 11.892277 23743489392.397430 9497395756.958973 6.068870 6.068870 11.892277 11.892277 1.000000
11.908501 11.908501 11.908501 11.908501 11.908501 11.908501 11.908501 11.908501 9551.777569 2503.941551 6.076824 7.523251 11.908501 11.908501 3160418.053451 11773474.713605 7.523251 6.076824 11.908501 11.908501 1.000000
11.897112 11.897112 11.897112 11.897112 11.897112 11.897112 11.897112 11.897112 11.897112 827681.013388 6.071240 6.071240 11.897112 11.897112 3157352.498576 109542670.024248 6.071240 6.071240 11.897112 11.897112 1.000000
11.897112 11.897112 11.897112 11.897112 11.897112 11.897112 11.897112 11.897112 11.897112 827681.013388 6.071240 6.071240 11.897112 11.897112 3157352.498576 109542670.024248 6.071240 6.071240 11.897112 11.897112 1.000000
11.900397 11.900397 11.900397 11.900397 11.900397 11.900397 11.900397 11.900397 11.900397 827912.820643 6.072851 7.518239 11.900397 11.900397 3158236.773077 87658679.567192 6.072851 6.072851 11.900397 11.900397 1.000000
11.903842 11.903842 11.903842 11.903842 11.903842 11.903842 11.903842 11.903842 11.903842 11.903842 9.341298 7.520369 11.903842 18.522482 15210821174.011753 4867462775.683767 6.074539 6.074539 11.903842 11.903842 1.000000
11.897112 11.897112 11.897112 11.897112 11.897112 11.897112 11.897112 11.897112 11.897112 827681.013388 6.071240 6.071240 11.897112 11.897112 3157352.498576 109542670.024248 6.071240 6.071240 11.897112 11.897112 1.000000
11.897112 11.897112 11.897112 11.897112 11.897112 11.897112 11.897112 11.897112 11.897112 11.897112 6.071240 6.071240 1024.620385 11.897112 273856659.905238 9501311539.804300 6.071240 6.071240 11.897112 11.897112 1.000000
11.897112 11.897112 11.897112 11.897112 11.897112 11.897112 11.897112 11.897112 11.897112 827681.013388 6.071240 6.071240 11.897112 11.897112 3157352.498576 109542670.024248 6.071240 6.071240 11.897112 11.897112 1.000000
11.901678 11.901678 11.901678 11.901678 11.901678 11.901678 11.901678 11.901678 11.901678 423937.616340 6.073478 6.073478 14.839458 11.901678 3158581.378593 109585305.364567 6.073478 6.073478 11.901678 18.519086 1.000000
11.835764 11.835764 11.835764 11.835764 11.835764 11.835764 11.835764 11.835764 11.835764 23175.302744 6.041168 6.041168 11.835764 11.835764 29251344.427281 210778.150185 28290.164465 7.478267 14.756858 11.835764 1.000000
11.903666 11.903666 11.903666 11.903666 11.903666 11.903666 11.903666 11.903666 7638.275550 3128.637931 6.074453 6.074453 14.841950 11.903666 3159116.670158 11768626.683047 6.074453 6.074453 11.903666 11.903666 1.000000
11.900397 11.900397 11.900397 11.900397 11.900397 11.900397 11.900397 11.900397 11.900397 827912.820643 6.072851 7.518239 11.900397 11.900397 3158236.773077 87658679.567192 6.072851 6.072851 11.900397 11.900397 1.000000
11.901678 11.901678 11.901678 11.901678 11.901678 11.901678 11.901678 11.901678 11.901678 529922.020424 6.073478 6.073478 14.839458 11.901678 2526865.102875 109585305.364579 6.073478 6.073478 11.901678 18.519086 1.000000
11.909752 11.909752 11.909752 11.909752 11.909752 11.909752 11.909752 11.909752 11.909752 29152.815674 6.077437 6.077437 11.909752 11.909752 29436821.165529 169691.720751 28469.546559 7.524024 11.909752 11.909752 1.000000
11.903849 11.903849 11.903849 11.903849 11.903849 11.903849 11.903849 11.903849 11.903849 530020.056588 7.520374 6.074543 11.903849 14.842178 3159165.719665 87684463.014457 6.074543 6.074543 14.842178 11.903849 1.000000
11.898840 11.898840 11.898840 11.898840 11.898840 11.898840 11.898840 11.898840 11.898840 662242.317267 6.072087 6.072087 14.835901 11.898840 3157817.446069 109558801.130876 6.072087 6.072087 11.898840 11.898840 1.000000
11.900397 11.900397 11.900397 11.900397 11.900397 11.900397 11.900397 11.900397 11.900397 827912.820643 6.072851 7.518239 11.900397 11.900397 3158236.773077 87658679.567191 6.072851 6.072851 11.900397 11.900397 1.000000
11.897112 11.897112 11.897112 11.897112 11.897112 11.897112 11.897112 11.897112 11.897112 827681.013388 6.071240 6.071240 11.897112 11.897112 3157352.498576 109542670.024248 6.071240 6.071240 11.897112 11.897112 1.000000
11.897112 11.897112 11.897112 11.897112 11.897112 11.897112 11.897112 11.897112 11.897112 827681.013388 6.071240 6.071240 11.897112 11.897112 3157352.498576 109542670.024248 6.071240 6.071240 11.897112 11.897112 1.000000
11.898840 11.898840 11.898840 11.898840 11.898840 11.898840 11.898840 11.898840 11.898840 827802.896583 6.072087 6.072087 11.898840 11.898840 2526253.956855 109558801.130881 6.072087 6.072087 14.835901 11.898840 1.000000
11.897112 11.897112 11.897112 11.897112 11.897112 11.897112 11.897112 11.897112 11.897112 827681.013388 6.071240 6.071240 11.897112 11.897112 3157352.498576 109542670.024248 6.071240 6.071240 11.897112 11.897112 1.000000
11.902123 11.902123 11.902123 11.902123 11.902123 11.902123 11.902123 11.902123 11.902123 662427.684834 6.073697 6.073697 14.840016 11.902123 3158701.347509 87671574.097957 6.073697 7.519306 11.902123 11.902123 1.000000
11.897112 11.897112 11.897112 11.897112 11.897112 11.897112 11.897112 11.897112 11.897112 827681.013388 6.071240 6.071240 11.897112 11.897112 3157352.498576 109542670.024249 6.071240 6.071240 11.897112 11.897112 1.000000
11.897112 11.897112 11.897112 11.897112 11.897112 11.897112 11.897112 11.897112 11.897112 827681.013388 6.071240 6.071240 11.897112 11.897112 3157352.498576 109542670.024248 6.071240 6.071240 11.897112 11.897112 1.000000
11.897112 11.897112 11.897112 11.897112 11.897112 11.897112 11.897112 11.897112 11.897112 827681.013388 6.071240 6.071240 11.897112 11.897112 3157352.498576 109542670.024248 6.071240 6.071240 11.897112 11.897112 1.000000
11.897112 11.897112 11.897112 11.897112 11.897112 11.897112 11.897112 11.897112 11.897112 827681.013388 6.071240 6.071240 11.897112 11.897112 3157352.498576 109542670.024248 6.071240 6.071240 11.897112 11.897112 1.000000
11.899952 11.899952 11.899952 11.899952 11.899952 11.899952 11.899952 11.899952 11.899952 662305.088950 6.072632 6.072632 11.899952 11.899952 2526493.411824 109569185.834761 6.072632 6.072632 11.899952 18.516378 1.000000
11.897112 11.897112 11.897112 11.897112 11.897112 11.897112 11.897112 11.897112 11.897112 827681.013388 6.071240 6.071240 11.897112 11.897112 3157352.498576 109542670.024248 6.071240 6.071240 11.897112 11.897112 1.000000
11.897112 11.897112 11.897112 11.897112 11.897112 11.897112 11.897112 11.897112 11.897112 827681.013388 6.071240 6.071240 11.897112 11.897112 3157352.498576 109542670.024248 6.071240 6.071240 11.897112 11.897112 1.000000
11.895566 11.895566 11.895566 11.895566 11.895566 11.895566 11.895566 11.895566 11.895566 11.895566 6.070482 7.515251 11.895566 11.895566 23750149838.392925 7600047948.285691 6.070482 6.070482 11.895566 11.895566 1.000000
11.897112 11.897112 11.897112 11.897112 11.897112 11.897112 11.897112 11.897112 11.897112 827681.013388 6.071240 6.071240 11.897112 11.897112 3157352.498576 109542670.024248 6.071240 6.071240 11.897112 11.897112 1.000000
11.897112 11.897112 11.897112 11.897112 11.897112 11.897112 11.897112 11.897112 11.897112 827681.013388 6.071240 6.071240 11.897112 11.897112 3157352.498576 109542670.024248 6.071240 6.071240 11.897112 11.897112 1.000000
11.897112 11.897112 11.897112 11.897112 11.897112 11.897112 11.897112 11.897112 11.897112 827681.013388 6.071240 6.071240 11.897112 11.897112 3157352.498576 109542670.024248 6.071240 6.071240 11.897112 11.897112 1.000000
11.903144 11.903144 11.903144 11.903144 11.903144 11.903144 11.903144 11.903144 36.096832 339192.458313 6.074197 6.074197 14.841295 11.903144 3158975.935633 44891748.070097 6.074197 6.074197 11.903144 11.903144 1.000000
11.897112 11.897112 11.897112 11.897112 11.897112 11.897112 11.897112 11.897112 11.897112 827681.013388 6.071240 6.071240 11.897112 11.897112 3157352.498576 109542670.024248 6.071240 6.071240 11.897112 11.897112 1.000000
11.897112 11.897112 11.897112 11.897112 11.897112 11.897112 11.897112 11.897112 11.897112 827681.013388 6.071240 6.071240 11.897112 11.897112 3157352.498576 109542670.024248 6.071240 6.071240 11.897112 11.897112 1.000000
11.897112 11.897112 11.897112 11.897112 11.897112 11.897112 11.897112 11.897112 11.897112 827681.013388 6.071240 6.071240 11.897112 11.897112 3157352.498576 109542670.024248 6.071240 6.071240 11.897112 11.897112 1.000000
11.897112 11.897112 11.897112 11.897112 11.897112 11.897112 11.897112 11.897112 11.897112 827681.013388 6.071240 6.071240 11.897112 11.897112 3157352.498576 109542670.024248 6.071240 6.071240 11.897112 11.897112 1.000000
11.897112 11.897112 11.897112 11.897112 11.897112 11.897112 11.897112 11.897112 11.897112 827681.013388 6.071240 6.071240 11.897112 11.897112 3157352.498576 109542670.024248 6.071240 6.071240 11.897112 11.897112 1.000000
11.900397 11.900397 11.900397 11.900397 11.900397 11.900397 11.900397 11.900397 11.900397 827912.820643 6.072851 6.072851 11.900397 11.900397 3158236.773077 87658679.567192 6.072851 7.518239 11.900397 11.900397 1.000000
11.899952 11.899952 11.899952 11.899952 11.899952 11.899952 11.899952 11.899952 11.899952 529844.071161 6.072632 6.072632 11.899952 11.899952 3158116.764779 109569185.834754 6.072632 6.072632 11.899952 18.516378 1.000000
11.897112 11.897112 11.897112 11.897112 11.897112 11.897112 11.897112 11.897112 11.897112 827681.013388 6.071240 6.071240 11.897112 11.897112 3157352.498576 109542670.024248 6.071240 6.071240 11.897112 11.897112 1.000000
11.897112 11.897112 11.897112 11.897112 11.897112 11.897112 11.897112 11.897112 11.897112 827681.013388 6.071240 6.071240 11.897112 11.897112 3157352.498576 109542670.024248 6.071240 6.071240 11.897112 11.897112 1.000000
11.898840 11.898840 11.898840 11.898840 11.898840 11.898840 11.898840 11.898840 11.898840 662242.317267 6.072087 6.072087 11.898840 14.835901 3157817.446069 109558801.130876 6.072087 6.072087 11.898840 11.898840 1.000000
11.898840 11.898840 11.898840 11.898840 11.898840 11.898840 11.898840 11.898840 11.898840 662242.317267 6.072087 6.072087 11.898840 11.898840 3157817.446069 109558801.130876 6.072087 6.072087 14.835901 11.898840 1.000000
11.896294 11.896294 11.896294 11.896294 11.896294 11.896294 11.896294 11.896294 11.896294 11.896294 6.070839 6.070839 28.873097 11.896294 9728665113.052999 9500649524.465719 6.070839 6.070839 11.896294 11.896294 1.000000
11.900397 11.900397 11.900397 11.900397 11.900397 11.900397 11.900397 11.900397 11.900397 827912.820643 7.518239 6.072851 11.900397 11.900397 3158236.773077 87658679.567191 6.072851 6.072851 11.900397 11.900397 1.000000
11.897112 11.897112 11.897112 11.897112 11.897112 11.897112 11.897112 11.897112 11.897112 827681.013388 6.071240 6.071240 11.897112 11.897112 3157352.498576 109542670.024248 6.071240 6.071240 11.897112 11.897112 1.000000
11.897112 11.897112 11.897112 11.897112 11.897112 11.897112 11.897112 11.897112 11.897112 827681.013388 6.071240 6.071240 11.897112 11.897112 3157352.498576 109542670.024248 6.071240 6.071240 11.897112 11.897112 1.000000
11.897112 11.897112 11.897112 11.897112 11.897112 11.897112 11.897112 11.897112 11.897112 827681.013388 6.071240 6.071240 11.897112 11.897112 3157352.498576 109542670.024248 6.071240 6.071240 11.897112 11.897112 1.000000
11.897112 11.897112 11.897112 11.897112 11.897112 11.897112 11.897112 11.897112 11.897112 827681.013388 6.071240 6.071240 11.897112 11.897112 3157352.498576 109542670.024248 6.071240 6.071240 11.897112 11.897112 1.000000
11.898853 11.898853 11.898853 11.898853 11.898853 11.898853 11.898853 11.898853 11.898853 11.898853 7.517284 6.072093 11.898853 11.898853 23756805107.919750 6081742107.627436 6.072093 7.517284 11.898853 11.898853 1.000000
11.892277 11.892277 11.892277 11.892277 11.892277 11.892277 11.892277 11.892277 11.892277 11.892277 6.068870 6.068870 11.892277 11.892277 23743489392.397430 9497395756.958973 6.068870 6.068870 11.892277 11.892277 1.000000
11.896294 11.896294 11.896294 11.896294 11.896294 11.896294 11.896294 11.896294 11.896294 11.896294 6.070839 6.070839 28.873097 11.896294 9728665113.052963 9500649524.465754 6.070839 6.070839 11.896294 11.896294 1.000000
11.892277 11.892277 11.892277 11.892277 11.892277 11.892277 11.892277 11.892277 11.892277 11.892277 6.068870 6.068870 11.892277 11.892277 23743489392.397430 9497395756.958973 6.068870 6.068870 11.892277 11.892277 1.000000
11.892277 11.892277 11.892277 11.892277 11.892277 11.892277 11.892277 11.892277 11.892277 11.892277 6.068870 6.068870 11.892277 11.892277 23743489392.397430 9497395756.958973 6.068870 6.068870 11.892277 11.892277 1.000000
11.892277 11.892277 11.892277 11.892277 11.892277 11.892277 11.892277 11.892277 11.892277 11.892277 6.068870 6.068870 11.892277 11.892277 23743489392.397430 9497395756.958973 6.068870 6.068870 11.892277 11.892277 1.000000
11.892277 11.892277 11.892277 11.892277 11.892277 11.892277 11.892277 11.892277 11.892277 11.892277 6.068870 6.068870 11.892277 11.892277 23743489392.397430 9497395756.958973 6.068870 6.068870 11.892277 11.892277 1.000000
11.892277 11.892277 11.892277 11.892277 11.892277 11.892277 11.892277 11.892277 11.892277 11.892277 6.068870 6.068870 11.892277 11.892277 23743489392.397430 9497395756.958973 6.068870 6.068870 11.892277 11.892277 1.000000
11.892277 11.892277 11.892277 11.892277 11.892277 11.892277 11.892277 11.892277 11.892277 11.892277 6.068870 6.068870 11.892277 11.892277 23743489392.397430 9497395756.958973 6.068870 6.068870 11.892277 11.892277 1.000000
11.892277 11.892277 11.892277 11.892277 11.892277 11.892277 11.892277 11.892277 11.892277 11.892277 6.068870 6.068870 11.892277 11.892277 23743489392.397430 9497395756.958973 6.068870 6.068870 11.892277 11.892277 1.000000
11.900397 11.900397 11.900397 11.900397 11.900397 11.900397 11.900397 11.900397 3127.766505 11.900397 6.072851 6.072851 11.900397 11.900397 2551203333.041803 9412278.992923 6.072851 7.518239 11.900397 11.900397 1.000000
11.892277 11.892277 11.892277 11.892277 11.892277 11.892277 11.892277 11.892277 11.892277 11.892277 6.068870 6.068870 11.892277 11.892277 23743489392.397430 9497395756.958973 6.068870 6.068870 11.892277 11.892277 1.000000
11.892277 11.892277 11.892277 11.892277 11.892277 11.892277 11.892277 11.892277 11.892277 11.892277 6.068870 6.068870 11.892277 11.892277 23743489392.397430 9497395756.958973 6.068870 6.068870 11.892277 11.892277 1.000000
11.892277 11.892277 11.892277 11.892277 11.892277 11.892277 11.892277 11.892277 11.892277 11.892277 6.068870 6.068870 11.892277 11.892277 23743489392.397430 9497395756.958973 6.068870 6.068870 11.892277 11.892277 1.000000
11.892277 11.892277 11.892277 11.892277 11.892277 11.892277 11.892277 11.892277 11.892277 11.892277 6.068870 6.068870 11.892277 11.892277 23743489392.397430 9497395756.958973 6.068870 6.068870 11.892277 11.892277 1.000000
11.897112 11.897112 11.897112 11.897112 11.897112 11.897112 11.897112 11.897112 11.897112 3126.890762 6.071240 6.071240 11.897112 11.897112 835744242.655472 109542669.373338 6.071240 6.071240 11.897112 11.897112 1.000000
11.892277 11.892277 11.892277 11.892277 11.892277 11.892277 11.892277 11.892277 11.892277 11.892277 6.068870 6.068870 11.892277 11.892277 23743489392.397430 9497395756.958973 6.068870 6.068870 11.892277 11.892277 1.000000
11.894007 11.894007 11.894007 11.894007 11.894007 11.894007 11.894007 11.894007 11.894007 11.894007 6.069718 6.069718 11.894007 11.894007 18997593250.449768 9498796625.224878 6.069718 6.069718 11.894007 14.829845 1.000000
11.892277 11.892277 11.892277 11.892277 11.892277 11.892277 11.892277 11.892277 11.892277 11.892277 6.068870 6.068870 11.892277 11.892277 23743489392.397430 9497395756.958973 6.068870 6.068870 11.892277 11.892277 1.000000
11.892277 11.892277 11.892277 11.892277 11.892277 11.892277 11.892277 11.892277 11.892277 11.892277 6.068870 6.068870 11.892277 11.892277 23743489392.397430 9497395756.958973 6.068870 6.068870 11.892277 11.892277 1.000000
11.897112 11.897112 11.897112 11.897112 11.897112 11.897112 11.897112 11.897112 11.897112 2020705.599089 6.071240 6.071240 11.897112 11.897112 1293251.583417 109542670.024253 6.071240 6.071240 11.897112 11.897112 1.000000
11.892277 11.892277 11.892277 11.892277 11.892277 11.892277 11.892277 11.892277 11.892277 11.892277 6.068870 6.068870 11.892277 11.892277 23743489392.397430 9497395756.958973 6.068870 6.068870 11.892277 11.892277 1.000000
11.892277 11.892277 11.892277 11.892277 11.892277 11.892277 11.892277 11.892277 11.892277 11.892277 6.068870 6.068870 11.892277 11.892277 23743489392.397430 9497395756.958973 6.068870 6.068870 11.892277 11.892277 1.000000
11.892277 11.892277 11.892277 11.892277 11.892277 11.892277 11.892277 11.892277 11.892277 11.892277 6.068870 6.068870 11.892277 11.892277 23743489392.397430 9497395756.958973 6.068870 6.068870 11.892277 11.892277 1.000000
11.892277 11.892277 11.892277 11.892277 11.892277 11.892277 11.892277 11.892277 11.892277 11.892277 6.068870 6.068870 11.892277 11.892277 23743489392.397430 9497395756.958973 6.068870 6.068870 11.892277 11.892277 1.000000
11.892277 11.892277 11.892277 11.892277 11.892277 11.892277 11.892277 11.892277 11.892277 11.892277 6.068870 6.068870 11.892277 11.892277 23743489392.397430 9497395756.958973 6.068870 6.068870 11.892277 11.892277 1.000000
11.892277 11.892277 11.892277 11.892277 11.892277 11.892277 11.892277 11.892277 11.892277 11.892277 6.068870 6.068870 11.892277 11.892277 23743489392.397430 9497395756.958973 6.068870 6.068870 11.892277 11.892277 1.000000
11.895566 11.895566 11.895566 11.895566 11.895566 11.895566 11.895566 11.895566 11.895566 11.895566 6.070482 6.070482 11.895566 11.895566 23750149838.392841 7600047948.285705 7.515251 6.070482 11.895566 11.895566 1.000000
11.892277 11.892277 11.892277 11.892277 11.892277 11.892277 11.892277 11.892277 11.892277 11.892277 6.068870 6.068870 11.892277 11.892277 23743489392.397430 9497395756.958973 6.068870 6.068870 11.892277 11.892277 1.000000
11.892277 11.892277 11.892277 11.892277 11.892277 11.892277 11.892277 11.892277 11.892277 11.892277 6.068870 6.068870 11.892277 11.892277 23743489392.397430 9497395756.958973 6.068870 6.068870 11.892277 11.892277 1.000000
11.892277 11.892277 11.892277 11.892277 11.892277 11.892277 11.892277 11.892277 11.892277 11.892277 6.068870 6.068870 11.892277 11.892277 23743489392.397430 9497395756.958973 6.068870 6.068870 11.892277 11.892277 1.000000
11.892277 11.892277 11.892277 11.892277 11.892277 11.892277 11.892277 11.892277 11.892277 11.892277 6.068870 6.068870 11.892277 11.892277 23743489392.397430 9497395756.958973 6.068870 6.068870 11.892277 11.892277 1.000000
11.892277 11.892277 11.892277 11.892277 11.892277 11.892277 11.892277 11.892277 11.892277 11.892277 6.068870 6.068870 11.892277 11.892277 23743489392.397430 9497395756.958973 6.068870 6.068870 11.892277 11.892277 1.000000
11.897112 11.897112 11.897112 11.897112 11.897112 11.897112 11.897112 11.897112 11.897112 827681.013388 6.071240 6.071240 11.897112 11.897112 3157352.498576 109542670.024249 6.071240 6.071240 11.897112 11.897112 1.000000
11.892277 11.892277 11.892277 11.892277 11.892277 11.892277 11.892277 11.892277 11.892277 11.892277 6.068870 6.068870 11.892277 11.892277 23743489392.397430 9497395756.958973 6.068870 6.068870 11.892277 11.892277 1.000000
11.892277 11.892277 11.892277 11.892277 11.892277 11.892277 11.892277 11.892277 11.892277 11.892277 6.068870 6.068870 11.892277 11.892277 23743489392.397430 9497395756.958973 6.068870 6.068870 11.892277 11.892277 1.000000
11.892277 11.892277 11.892277 11.892277 11.892277 11.892277 11.892277 11.892277 11.892277 11.892277 6.068870 6.068870 11.892277 11.892277 23743489392.397430 9497395756.958973 6.068870 6.068870 11.892277 11.892277 1.000000
11.892277 11.892277 11.892277 11.892277 11.892277 11.892277 11.892277 11.892277 11.892277 11.892277 6.068870 6.068870 11.892277 11.892277 23743489392.397430 9497395756.958973 6.068870 6.068870 11.892277 11.892277 1.000000
11.892277 11.892277 11.892277 11.892277 11.892277 11.892277 11.892277 11.892277 11.892277 11.892277 6.068870 6.068870 11.892277 11.892277 23743489392.397430 9497395756.958973 6.068870 6.068870 11.892277 11.892277 1.000000
11.892277 11.892277 11.892277 11.892277 11.892277 11.892277 11.892277 11.892277 11.892277 11.892277 6.068870 6.068870 11.892277 11.892277 23743489392.397430 9497395756.958973 6.068870 6.068870 11.892277 11.892277 1.000000
11.892277 11.892277 11.892277 11.892277 11.892277 11.892277 11.892277 11.892277 11.892277 11.892277 6.068870 6.068870 11.892277 11.892277 23743489392.397430 9497395756.958973 6.068870 6.068870 11.892277 11.892277 1.000000
11.892277 11.892277 11.892277 11.892277 11.892277 11.892277 11.892277 11.892277 11.892277 11.892277 6.068870 6.068870 11.892277 11.892277 23743489392.397430 9497395756.958973 6.068870 6.068870 11.892277 11.892277 1.000000
11.892277 11.892277 11.892277 11.892277 11.892277 11.892277 11.892277 11.892277 11.892277 11.892277 6.068870 6.068870 11.892277 11.892277 23743489392.397430 9497395756.958973 6.068870 6.068870 11.892277 11.892277 1.000000
11.892277 11.892277 11.892277 11.892277 11.892277 11.892277 11.892277 11.892277 11.892277 11.892277 6.068870 6.068870 11.892277 11.892277 23743489392.397430 9497395756.958973 6.068870 6.068870 11.892277 11.892277 1.000000
11.895566 11.895566 11.895566 11.895566 11.895566 11.895566 11.895566 11.895566 11.895566 11.895566 6.070482 6.070482 11.895566 11.895566 23750149838.392925 7600047948.285691 7.515251 6.070482 11.895566 11.895566 1.000000
11.892277 11.892277 11.892277 11.892277 11.892277 11.892277 11.892277 11.892277 11.892277 11.892277 6.068870 6.068870 11.892277 11.892277 23743489392.397430 9497395756.958973 6.068870 6.068870 11.892277 11.892277 1.000000
11.897112 11.897112 11.897112 11.897112 11.897112 11.897112 11.897112 11.897112 11.897112 662144.810711 6.071240 6.071240 11.897112 11.897112 3946690.623219 109542670.024244 6.071240 6.071240 11.897112 11.897112 1.000000
11.892277 11.892277 11.892277 11.892277 11.892277 11.892277 11.892277 11.892277 11.892277 11.892277 6.068870 6.068870 11.892277 11.892277 23743489392.397430 9497395756.958973 6.068870 6.068870 11.892277 11.892277 1.000000
11.892277 11.892277 11.892277 11.892277 11.892277 11.892277 11.892277 11.892277 11.892277 11.892277 6.068870 6.068870 11.892277 11.892277 23743489392.397430 9497395756.958973 6.068870 6.068870 11.892277 11.892277 1.000000
11.892277 11.892277 11.892277 11.892277 11.892277 11.892277 11.892277 11.892277 11.892277 11.892277 6.068870 6.068870 11.892277 11.892277 23743489392.397430 9497395756.958973 6.068870 6.068870 11.892277 11.892277 1.000000
11.897112 11.897112 11.897112 11.897112 11.897112 11.897112 11.897112 11.897112 11.897112 2020705.599089 6.071240 6.071240 11.897112 11.897112 1293251.583417 109542670.024253 6.071240 6.071240 11.897112 11.897112 1.000000
11.892277 11.892277 11.892277 11.892277 11.892277 11.892277 11.892277 11.892277 11.892277 11.892277 6.068870 6.068870 11.892277 11.892277 23743489392.397430 9497395756.958973 6.068870 6.068870 11.892277 11.892277 1.000000
11.892277 11.892277 11.892277 11.892277 11.892277 11.892277 11.892277 11.892277 11.892277 11.892277 6.068870 6.068870 11.892277 11.892277 23743489392.397430 9497395756.958973 6.068870 6.068870 11.892277 11.892277 1.000000
11.892277 11.892277 11.892277 11.892277 11.892277 11.892277 11.892277 11.892277 11.892277 11.892277 6.068870 6.068870 11.892277 11.892277 23743489392.397430 9497395756.958973 6.068870 6.068870 11.892277 11.892277 1.000000
11.892277 11.892277 11.892277 11.892277 11.892277 11.892277 11.892277 11.892277 11.892277 11.892277 6.068870 6.068870 11.892277 11.892277 23743489392.397430 9497395756.958973 6.068870 6.068870 11.892277 11.892277 1.000000
11.892277 11.892277 11.892277 11.892277 11.892277 11.892277 11.892277 11.892277 11.892277 11.892277 6.068870 6.068870 11.892277 11.892277 23743489392.397430 9497395756.958973 6.068870 6.068870 11.892277 11.892277 1.000000
11.892277 11.892277 11.892277 11.892277 11.892277 11.892277 11.892277 11.892277 11.892277 11.892277 6.068870 6.068870 11.892277 11.892277 23743489392.397430 9497395756.958973 6.068870 6.068870 11.892277 11.892277 1.000000
11.892277 11.892277 11.892277 11.892277 11.892277 11.892277 11.892277 11.892277 11.892277 11.892277 6.068870 6.068870 11.892277 11.892277 23743489392.397430 9497395756.958973 6.068870 6.068870 11.892277 11.892277 1.000000
11.892277 11.892277 11.892277 11.892277 11.892277 11.892277 11.892277 11.892277 11.892277 11.892277 6.068870 6.068870 11.892277 11.892277 23743489392.397430 9497395756.958973 6.068870 6.068870 11.892277 11.892277 1.000000
11.892277 11.892277 11.892277 11.892277 11.892277 11.892277 11.892277 11.892277 11.892277 11.892277 6.068870 6.068870 11.892277 11.892277 23743489392.397430 9497395756.958973 6.068870 6.068870 11.892277 11.892277 1.000000
11.892277 11.892277 11.892277 11.892277 11.892277 11.892277 11.892277 11.892277 11.892277 11.892277 6.068870 6.068870 11.892277 11.892277 23743489392.397430 9497395756.958973 6.068870 6.068870 11.892277 11.892277 1.000000
11.892277 11.892277 11.892277 11.892277 11.892277 11.892277 11.892277 11.892277 11.892277 11.892277 6.068870 6.068870 11.892277 11.892277 23743489392.397430 9497395756.958973 6.068870 6.068870 11.892277 11.892277 1.000000
11.892277 11.892277 11.892277 11.892277 11.892277 11.892277 11.892277 11.892277 11.892277 11.892277 6.068870 6.068870 11.892277 11.892277 23743489392.397430 9497395756.958973 6.068870 6.068870 11.892277 11.892277 1.000000
11.892277 11.892277 11.892277 11.892277 11.892277 11.892277 11.892277 11.892277 11.892277 11.892277 6.068870 6.068870 11.892277 11.892277 23743489392.397430 9497395756.958973 6.068870 6.068870 11.892277 11.892277 1.000000
11.892277 11.892277 11.892277 11.892277 11.892277 11.892277 11.892277 11.892277 11.892277 11.892277 6.068870 6.068870 11.892277 11.892277 23743489392.397430 9497395756.958973 6.068870 6.068870 11.892277 11.892277 1.000000
11.892277 11.892277 11.892277 11.892277 11.892277 11.892277 11.892277 11.892277 11.892277 11.892277 6.068870 6.068870 11.892277 11.892277 23743489392.397430 9497395756.958973 6.068870 6.068870 11.892277 11.892277 1.000000
11.892277 11.892277 11.892277 11.892277 11.892277 11.892277 11.892277 11.892277 11.892277 11.892277 6.068870 6.068870 11.892277 11.892277 23743489392.397430 9497395756.958973 6.068870 6.068870 11.892277 11.892277 1.000000
11.892277 11.892277 11.892277 11.892277 11.892277 11.892277 11.892277 11.892277 11.892277 11.892277 6.068870 6.068870 11.892277 11.892277 23743489392.397430 9497395756.958973 6.068870 6.068870 11.892277 11.892277 1.000000
11.892277 11.892277 11.892277 11.892277 11.892277 11.892277 11.892277 11.892277 11.892277 11.892277 6.068870 6.068870 11.892277 11.892277 23743489392.397430 9497395756.958973 6.068870 6.068870 11.892277 11.892277 1.000000
11.892277 11.892277 11.892277 11.892277 11.892277 11.892277 11.892277 11.892277 11.892277 11.892277 6.068870 6.068870 11.892277 11.892277 23743489392.397430 9497395756.958973 6.068870 6.068870 11.892277 11.892277 1.000000
11.892277 11.892277 11.892277 11.892277 11.892277 11.892277 11.892277 11.892277 11.892277 11.892277 6.068870 6.068870 11.892277 11.892277 23743489392.397430 9497395756.958973 6.068870 6.068870 11.892277 11.892277 1.000000
11.892277 11.892277 11.892277 11.892277 11.892277 11.892277 11.892277 11.892277 11.892277 11.892277 6.068870 6.068870 11.892277 11.892277 23743489392.397430 9497395756.958973 6.068870 6.068870 11.892277 11.892277 1.000000
11.892277 11.892277 11.892277 11.892277 11.892277 11.892277 11.892277 11.892277 11.892277 11.892277 6.068870 6.068870 11.892277 11.892277 23743489392.397430 9497395756.958973 6.068870 6.068870 11.892277 11.892277 1.000000
11.895566 11.895566 11.895566 11.895566 11.895566 11.895566 11.895566 11.895566 11.895566 11.895566 6.070482 6.070482 11.895566 11.895566 23750149838.392925 7600047948.285691 6.070482 7.515251 11.895566 11.895566 1.000000
11.892277 11.892277 11.892277 11.892277 11.892277 11.892277 11.892277 11.892277 11.892277 11.892277 6.068870 6.068870 11.892277 11.892277 23743489392.397430 9497395756.958973 6.068870 6.068870 11.892277 11.892277 1.000000
11.892277 11.892277 11.892277 11.892277 11.892277 11.892277 11.892277 11.892277 11.892277 11.892277 6.068870 6.068870 11.892277 11.892277 23743489392.397430 9497395756.958973 6.068870 6.068870 11.892277 11.892277 1.000000
11.892277 11.892277 11.892277 11.892277 11.892277 11.892277 11.892277 11.892277 11.892277 11.892277 6.068870 6.068870 11.892277 11.892277 23743489392.397430 9497395756.958973 6.068870 6.068870 11.892277 11.892277 1.000000
11.892277 11.892277 11.892277 11.892277 11.892277 11.892277 11.892277 11.892277 11.892277 11.892277 6.068870 6.068870 11.892277 11.892277 23743489392.397430 9497395756.958973 6.068870 6.068870 11.892277 11.892277 1.000000
11.892277 11.892277 11.892277 11.892277 11.892277 11.892277 11.892277 11.892277 11.892277 11.892277 6.068870 6.068870 11.892277 11.892277 23743489392.397430 9497395756.958973 6.068870 6.068870 11.892277 11.892277 1.000000
11.892277 11.892277 11.892277 11.892277 11.892277 11.892277 11.892277 11.892277 11.892277 11.892277 6.068870 6.068870 11.892277 11.892277 23743489392.397430 9497395756.958973 6.068870 6.068870 11.892277 11.892277 1.000000
11.892277 11.892277 11.892277 11.892277 11.892277 11.892277 11.892277 11.892277 11.892277 11.892277 6.068870 6.068870 11.892277 11.892277 23743489392.397430 9497395756.958973 6.068870 6.068870 11.892277 11.892277 1.000000
11.892277 11.892277 11.892277 11.892277 11.892277 11.892277 11.892277 11.892277 11.892277 11.892277 6.068870 6.068870 11.892277 11.892277 23743489392.397430 9497395756.958973 6.068870 6.068870 11.892277 11.892277 1.000000
11.892277 11.892277 11.892277 11.892277 11.892277 11.892277 11.892277 11.892277 11.892277 11.892277 6.068870 6.068870 11.892277 11.892277 23743489392.397430 9497395756.958973 6.068870 6.068870 11.892277 11.892277 1.000000
11.895566 11.895566 11.895566 11.895566 11.895566 11.895566 11.895566 11.895566 11.895566 11.895566 6.070482 6.070482 11.895566 11.895566 23750149838.392925 7600047948.285691 6.070482 7.515251 11.895566 11.895566 1.000000
11.892277 11.892277 11.892277 11.892277 11.892277 11.892277 11.892277 11.892277 11.892277 11.892277 6.068870 6.068870 11.892277 11.892277 23743489392.397430 9497395756.958973 6.068870 6.068870 11.892277 11.892277 1.000000
11.892277 11.892277 11.892277 11.892277 11.892277 11.892277 11.892277 11.892277 11.892277 11.892277 6.068870 6.068870 11.892277 11.892277 23743489392.397430 9497395756.958973 6.068870 6.068870 11.892277 11.892277 1.000000
11.892277 11.892277 11.892277 11.892277 11.892277 11.892277 11.892277 11.892277 11.892277 11.892277 6.068870 6.068870 11.892277 11.892277 23743489392.397430 9497395756.958973 6.068870 6.068870 11.892277 11.892277 1.000000
11.892277 11.892277 11.892277 11.892277 11.892277 11.892277 11.892277 11.892277 11.892277 11.892277 6.068870 6.068870 11.892277 11.892277 23743489392.397430 9497395756.958973 6.068870 6.068870 11.892277 11.892277 1.000000
11.892277 11.892277 11.892277 11.892277 11.892277 11.892277 11.892277 11.892277 11.892277 11.892277 6.068870 6.068870 11.892277 11.892277 23743489392.397430 9497395756.958973 6.068870 6.068870 11.892277 11.892277 1.000000
11.892277 11.892277 11.892277 11.892277 11.892277 11.892277 11.892277 11.892277 11.892277 11.892277 6.068870 6.068870 11.892277 11.892277 23743489392.397430 9497395756.958973 6.068870 6.068870 11.892277 11.892277 1.000000
11.892277 11.892277 11.892277 11.892277 11.892277 11.892277 11.892277 11.892277 11.892277 11.892277 6.068870 6.068870 11.892277 11.892277 23743489392.397430 9497395756.958973 6.068870 6.068870 11.892277 11.892277 1.000000
11.892277 11.892277 11.892277 11.892277 11.892277 11.892277 11.892277 11.892277 11.892277 11.892277 6.068870 6.068870 11.892277 11.892277 23743489392.397430 9497395756.958973 6.068870 6.068870 11.892277 11.892277 1.000000
11.892277 11.892277 11.892277 11.892277 11.892277 11.892277 11.892277 11.892277 11.892277 11.892277 6.068870 6.068870 11.892277 11.892277 23743489392.397430 9497395756.958973 6.068870 6.068870 11.892277 11.892277 1.000000
11.892277 11.892277 11.892277 11.892277 11.892277 11.892277 11.892277 11.892277 11.892277 11.892277 6.068870 6.068870 11.892277 11.892277 23743489392.397430 9497395756.958973 6.068870 6.068870 11.892277 11.892277 1.000000
11.892277 11.892277 11.892277 11.892277 11.892277 11.892277 11.892277 11.892277 11.892277 11.892277 6.068870 6.068870 11.892277 11.892277 23743489392.397430 9497395756.958973 6.068870 6.068870 11.892277 11.892277 1.000000
11.892277 11.892277 11.892277 11.892277 11.892277 11.892277 11.892277 11.892277 11.892277 11.892277 6.068870 6.068870 11.892277 11.892277 23743489392.397430 9497395756.958973 6.068870 6.068870 11.892277 11.892277 1.000000
11.892277 11.892277 11.892277 11.892277 11.892277 11.892277 11.892277 11.892277 11.892277 11.892277 6.068870 6.068870 11.892277 11.892277 23743489392.397430 9497395756.958973 6.068870 6.068870 11.892277 11.892277 1.000000
11.892277 11.892277 11.892277 11.892277 11.892277 11.892277 11.892277 11.892277 11.892277 11.892277 6.068870 6.068870 11.892277 11.892277 23743489392.397430 9497395756.958973 6.068870 6.068870 11.892277 11.892277 1.000000
11.892277 11.892277 11.892277 11.892277 11.892277 11.892277 11.892277 11.892277 11.892277 11.892277 6.068870 6.068870 11.892277 11.892277 23743489392.397430 9497395756.958973 6.068870 6.068870 11.892277 11.892277 1.000000
11.892277 11.892277 11.892277 11.892277 11.892277 11.892277 11.892277 11.892277 11.892277 11.892277 6.068870 6.068870 11.892277 11.892277 23743489392.397430 9497395756.958973 6.068870 6.068870 11.892277 11.892277 1.000000
11.892277 11.892277 11.892277 11.892277 11.892277 11.892277 11.892277 11.892277 11.892277 11.892277 6.068870 6.068870 11.892277 11.892277 23743489392.397430 9497395756.958973 6.068870 6.068870 11.892277 11.892277 1.000000
11.892277 11.892277 11.892277 11.892277 11.892277 11.892277 11.892277 11.892277 11.892277 11.892277 6.068870 6.068870 11.892277 11.892277 23743489392.397430 9497395756.958973 6.068870 6.068870 11.892277 11.892277 1.000000
11.892277 11.892277 11.892277 11.892277 11.892277 11.892277 11.892277 11.892277 11.892277 11.892277 6.068870 6.068870 11.892277 11.892277 23743489392.397430 9497395756.958973 6.068870 6.068870 11.892277 11.892277 1.000000
11.892277 11.892277 11.892277 11.892277 11.892277 11.892277 11.892277 11.892277 11.892277 11.892277 6.068870 6.068870 11.892277 11.892277 23743489392.397430 9497395756.958973 6.068870 6.068870 11.892277 11.892277 1.000000
11.892277 11.892277 11.892277 11.892277 11.892277 11.892277 11.892277 11.892277 11.892277 11.892277 6.068870 6.068870 11.892277 11.892277 23743489392.397430 9497395756.958973 6.068870 6.068870 11.892277 11.892277 1.000000
11.892277 11.892277 11.892277 11.892277 11.892277 11.892277 11.892277 11.892277 11.892277 11.892277 6.068870 6.068870 11.892277 11.892277 23743489392.397430 9497395756.958973 6.068870 6.068870 11.892277 11.892277 1.000000
11.892277 11.892277 11.892277 11.892277 11.892277 11.892277 11.892277 11.892277 11.892277 11.892277 6.068870 6.068870 11.892277 11.892277 23743489392.397430 9497395756.958973 6.068870 6.068870 11.892277 11.892277 1.000000
11.892277 11.892277 11.892277 11.892277 11.892277 11.892277 11.892277 11.892277 11.892277 11.892277 6.068870 6.068870 11.892277 11.892277 23743489392.397430 9497395756.958973 6.068870 6.068870 11.892277 11.892277 1.000000
11.892277 11.892277 11.892277 11.892277 11.892277 11.892277 11.892277 11.892277 11.892277 11.892277 6.068870 6.068870 11.892277 11.892277 23743489392.397430 9497395756.958973 6.068870 6.068870 11.892277 11.892277 1.000000
11.892277 11.892277 11.892277 11.892277 11.892277 11.892277 11.892277 11.892277 11.892277 11.892277 6.068870 6.068870 11.892277 11.892277 23743489392.397430 9497395756.958973 6.068870 6.068870 11.892277 11.892277 1.000000
11.892277 11.892277 11.892277 11.892277 11.892277 11.892277 11.892277 11.892277 11.892277 11.892277 6.068870 6.068870 11.892277 11.892277 23743489392.397430 9497395756.958973 6.068870 6.068870 11.892277 11.892277 1.000000
11.892277 11.892277 11.892277 11.892277 11.892277 11.892277 11.892277 11.892277 11.892277 11.892277 6.068870 6.068870 11.892277 11.892277 23743489392.397430 9497395756.958973 6.068870 6.068870 11.892277 11.892277 1.000000
11.892277 11.892277 11.892277 11.892277 11.892277 11.892277 11.892277 11.892277 11.892277 11.892277 6.068870 6.068870 11.892277 11.892277 23743489392.397430 9497395756.958973 6.068870 6.068870 11.892277 11.892277 1.000000
11.892277 11.892277 11.892277 11.892277 11.892277 11.892277 11.892277 11.892277 11.892277 11.892277 6.068870 6.068870 11.892277 11.892277 23743489392.397430 9497395756.958973 6.068870 6.068870 11.892277 11.892277 1.000000
11.892277 11.892277 11.892277 11.892277 11.892277 11.892277 11.892277 11.892277 11.892277 11.892277 6.068870 6.068870 11.892277 11.892277 23743489392.397430 9497395756.958973 6.068870 6.068870 11.892277 11.892277 1.000000
11.892277 11.892277 11.892277 11.892277 11.892277 11.892277 11.892277 11.892277 11.892277 11.892277 6.068870 6.068870 11.892277 11.892277 23743489392.397430 9497395756.958973 6.068870 6.068870 11.892277 11.892277 1.000000
11.892277 11.892277 11.892277 11.892277 11.892277 11.892277 11.892277 11.892277 11.892277 11.892277 6.068870 6.068870 11.892277 11.892277 23743489392.397430 9497395756.958973 6.068870 6.068870 11.892277 11.892277 1.000000
11.892277 11.892277 11.892277 11.892277 11.892277 11.892277 11.892277 11.892277 11.892277 11.892277 6.068870 6.068870 11.892277 11.892277 23743489392.397430 9497395756.958973 6.068870 6.068870 11.892277 11.892277 1.000000
11.892277 11.892277 11.892277 11.892277 11.892277 11.892277 11.892277 11.892277 11.892277 11.892277 6.068870 6.068870 11.892277 11.892277 23743489392.397430 9497395756.958973 6.068870 6.068870 11.892277 11.892277 1.000000
11.892277 11.892277 11.892277 11.892277 11.892277 11.892277 11.892277 11.892277 11.892277 11.892277 6.068870 6.068870 11.892277 11.892277 23743489392.397430 9497395756.958973 6.068870 6.068870 11.892277 11.892277 1.000000
11.892277 11.892277 11.892277 11.892277 11.892277 11.892277 11.892277 11.892277 11.892277 11.892277 6.068870 6.068870 11.892277 11.892277 23743489392.397430 9497395756.958973 6.068870 6.068870 11.892277 11.892277 1.000000
11.892277 11.892277 11.892277 11.892277 11.892277 11.892277 11.892277 11.892277 11.892277 11.892277 6.068870 6.068870 11.892277 11.892277 23743489392.397430 9497395756.958973 6.068870 6.068870 11.892277 11.892277 1.000000
11.892277 11.892277 11.892277 11.892277 11.892277 11.892277 11.892277 11.892277 11.892277 11.892277 6.068870 6.068870 11.892277 11.892277 23743489392.397430 9497395756.958973 6.068870 6.068870 11.892277 11.892277 1.000000
11.892277 11.892277 11.892277 11.892277 11.892277 11.892277 11.892277 11.892277 11.892277 11.892277 6.068870 6.068870 11.892277 11.892277 23743489392.397430 9497395756.958973 6.068870 6.068870 11.892277 11.892277 1.000000
11.892277 11.892277 11.892277 11.892277 11.892277 11.892277 11.892277 11.892277 11.892277 11.892277 6.068870 6.068870 11.892277 11.892277 23743489392.397430 9497395756.958973 6.068870 6.068870 11.892277 11.892277 1.000000
11.892277 11.892277 11.892277 11.892277 11.892277 11.892277 11.892277 11.892277 11.892277 11.892277 6.068870 6.068870 11.892277 11.892277 23743489392.397430 9497395756.958973 6.068870 6.068870 11.892277 11.892277 1.000000
11.892277 11.892277 11.892277 11.892277 11.892277 11.892277 11.892277 11.892277 11.892277 11.892277 6.068870 6.068870 11.892277 11.892277 23743489392.397430 9497395756.958973 6.068870 6.068870 11.892277 11.892277 1.000000
11.892277 11.892277 11.892277 11.892277 11.892277 11.892277 11.892277 11.892277 11.892277 11.892277 6.068870 6.068870 11.892277 11.892277 23743489392.397430 9497395756.958973 6.068870 6.068870 11.892277 11.892277 1.000000
11.892277 11.892277 11.892277 11.892277 11.892277 11.892277 11.892277 11.892277 11.892277 11.892277 6.068870 6.068870 11.892277 11.892277 23743489392.397430 9497395756.958973 6.068870 6.068870 11.892277 11.892277 1.000000
11.892277 11.892277 11.892277 11.892277 11.892277 11.892277 11.892277 11.892277 11.892277 11.892277 6.068870 6.068870 11.892277 11.892277 23743489392.397430 9497395756.958973 6.068870 6.068870 11.892277 11.892277 1.000000
11.892277 11.892277 11.892277 11.892277 11.892277 11.892277 11.892277 11.892277 11.892277 11.892277 6.068870 6.068870 11.892277 11.892277 23743489392.397430 9497395756.958973 6.068870 6.068870 11.892277 11.892277 1.000000
11.892277 11.892277 11.892277 11.892277 11.892277 11.892277 11.892277 11.892277 11.892277 11.892277 6.068870 6.068870 11.892277 11.892277 23743489392.397430 9497395756.958973 6.068870 6.068870 11.892277 11.892277 1.000000
11.892277 11.892277 11.892277 11.892277 11.892277 11.892277 11.892277 11.892277 11.892277 11.892277 6.068870 6.068870 11.892277 11.892277 23743489392.397430 9497395756.958973 6.068870 6.068870 11.892277 11.892277 1.000000
11.892277 11.892277 11.892277 11.892277 11.892277 11.892277 11.892277 11.892277 11.892277 11.892277 6.068870 6.068870 11.892277 11.892277 23743489392.397430 9497395756.958973 6.068870 6.068870 11.892277 11.892277 1.000000
11.892277 11.892277 11.892277 11.892277 11.892277 11.892277 11.892277 11.892277 11.892277 11.892277 6.068870 6.068870 11.892277 11.892277 23743489392.397430 9497395756.958973 6.068870 6.068870 11.892277 11.892277 1.000000
11.892277 11.892277 11.892277 11.892277 11.892277 11.892277 11.892277 11.892277 11.892277 11.892277 6.068870 6.068870 11.892277 11.892277 23743489392.397430 9497395756.958973 6.068870 6.068870 11.892277 11.892277 1.000000
11.892277 11.892277 11.892277 11.892277 11.892277 11.892277 11.892277 11.892277 11.892277 11.892277 6.068870 6.068870 11.892277 11.892277 23743489392.397430 9497395756.958973 6.068870 6.068870 11.892277 11.892277 1.000000
11.892277 11.892277 11.892277 11.892277 11.892277 11.892277 11.892277 11.892277 11.892277 11.892277 6.068870 6.068870 11.892277 11.892277 23743489392.397430 9497395756.958973 6.068870 6.068870 11.892277 11.892277 1.000000
11.892277 11.892277 11.892277 11.892277 11.892277 11.892277 11.892277 11.892277 11.892277 11.892277 6.068870 6.068870 11.892277 11.892277 23743489392.397430 9497395756.958973 6.068870 6.068870 11.892277 11.892277 1.000000
11.892277 11.892277 11.892277 11.892277 11.892277 11.892277 11.892277 11.892277 11.892277 11.892277 6.068870 6.068870 11.892277 11.892277 23743489392.397430 9497395756.958973 6.068870 6.068870 11.892277 11.892277 1.000000
11.892277 11.892277 11.892277 11.892277 11.892277 11.892277 11.892277 11.892277 11.892277 11.892277 6.068870 6.068870 11.892277 11.892277 23743489392.397430 9497395756.958973 6.068870 6.068870 11.892277 11.892277 1.000000
11.892277 11.892277 11.892277 11.892277 11.892277 11.892277 11.892277 11.892277 11.892277 11.892277 6.068870 6.068870 11.892277 11.892277 23743489392.397430 9497395756.958973 6.068870 6.068870 11.892277 11.892277 1.000000
11.892277 11.892277 11.892277 11.892277 11.892277 11.892277 11.892277 11.892277 11.892277 11.892277 6.068870 6.068870 11.892277 11.892277 23743489392.397430 9497395756.958973 6.068870 6.068870 11.892277 11.892277 1.000000
11.892277 11.892277 11.892277 11.892277 11.892277 11.892277 11.892277 11.892277 11.892277 11.892277 6.068870 6.068870 11.892277 11.892277 23743489392.397430 9497395756.958973 6.068870 6.068870 11.892277 11.892277 1.000000
11.892277 11.892277 11.892277 11.892277 11.892277 11.892277 11.892277 11.892277 11.892277 11.892277 6.068870 6.068870 11.892277 11.892277 23743489392.397430 9497395756.958973 6.068870 6.068870 11.892277 11.892277 1.000000
11.892277 11.892277 11.892277 11.892277 11.892277 11.892277 11.892277 11.892277 11.892277 11.892277 6.068870 6.068870 11.892277 11.892277 23743489392.397430 9497395756.958973 6.068870 6.068870 11.892277 11.892277 1.000000
11.892277 11.892277 11.892277 11.892277 11.892277 11.892277 11.892277 11.892277 11.892277 11.892277 6.068870 6.068870 11.892277 11.892277 23743489392.397430 9497395756.958973 6.068870 6.068870 11.892277 11.892277 1.000000
11.892277 11.892277 11.892277 11.892277 11.892277 11.892277 11.892277 11.892277 11.892277 11.892277 6.068870 6.068870 11.892277 11.892277 23743489392.397430 9497395756.958973 6.068870 6.068870 11.892277 11.892277 1.000000
11.892277 11.892277 11.892277 11.892277 11.892277 11.892277 11.892277 11.892277 11.892277 11.892277 6.068870 6.068870 11.892277 11.892277 23743489392.397430 9497395756.958973 6.068870 6.068870 11.892277 11.892277 1.000000
11.892277 11.892277 11.892277 11.892277 11.892277 11.892277 11.892277 11.892277 11.892277 11.892277 6.068870 6.068870 11.892277 11.892277 23743489392.397430 9497395756.958973 6.068870 6.068870 11.892277 11.892277 1.000000
11.892277 11.892277 11.892277 11.892277 11.892277 11.892277 11.892277 11.892277 11.892277 11.892277 6.068870 6.068870 11.892277 11.892277 23743489392.397430 9497395756.958973 6.068870 6.068870 11.892277 11.892277 1.000000
