0.000000 0.000000 0.000000 0.000000 0.000000 0.000000 0.000000 0.000000 0.000000 0.000000 0.000000 0.000000 0.000000 0.000000 0.000000 0.000000 0.000000 0.000000 0.000000 0.000000 0.000000
11.881109 11.881109 11.881109 11.881109 11.881109 11.881109 11.881109 11.881109 2498.099935 56.269972 22.545236 35.186046 9529.493570 171.673918 45.023971 169277.808934 54.951987 327.433956 214.589776 70.329470 1.000000
11.879676 11.879676 11.879676 11.879676 11.879676 11.879676 11.879676 11.879676 419.062675 56.263093 43.964402 28.158174 45434.607517 18.484566 214.563528 330580.278350 68.673399 54.945270 818.478347 56.263093 1.000000
11.880761 11.880761 11.880761 11.880761 11.880761 11.880761 11.880761 11.880761 2498.025767 70.327382 22.544569 35.185003 3122.532029 70.327382 109.873419 516579.538352 22.544569 43.968471 268.227160 335.282272 1.000000
11.804464 11.804464 11.804464 11.804464 11.804464 11.804464 11.804464 11.804464 813.222263 69.869467 43.682364 133.245639 9467.138931 87.330394 109.157840 1957758.423206 14.375897 17.938665 650.578363 44.729656 1.000000
11.880966 11.880966 11.880966 11.880966 11.880966 11.880966 11.880966 11.880966 214.587155 171.671821 35.185617 18.055868 4879.041254 137.340078 45.023421 135420.592773 43.969238 1561.293776 523.884952 171.671821 1.000000
11.878000 11.878000 11.878000 11.878000 11.878000 11.878000 11.878000 11.878000 7621.571648 56.255048 28.154155 11.603574 6097.257377 137.305310 87.882116 1008706.591313 18.051325 28.154155 268.163937 70.310812 1.000000
11.804166 11.804166 11.804166 11.804166 11.804166 11.804166 11.804166 11.804166 813.201422 55.900581 54.591259 17.938208 18490.031712 266.473192 35.792861 641501.839789 14.375532 54.591259 650.561691 69.867677 1.000000
11.805333 11.805333 11.805333 11.805333 11.805333 11.805333 11.805333 11.805333 3102.424122 69.874685 43.685624 14.376960 9467.846175 109.165994 55.906186 210228.414009 43.685624 325.315788 266.499928 55.906186 1.000000
11.880603 11.880603 11.880603 11.880603 11.880603 11.880603 11.880603 11.880603 4878.890057 87.901642 28.160396 18.055312 4878.890057 137.335822 45.022028 211588.119101 85.841987 43.967877 419.095833 70.326432 1.000000
11.873994 11.873994 11.873994 11.873994 11.873994 11.873994 11.873994 11.873994 9523.705767 36.007315 22.531596 7.501910 4876.137504 523.573166 36.007315 413024.894774 18.045188 85.793570 137.258349 171.569658 1.000000
11.878993 11.878993 11.878993 11.878993 11.878993 11.878993 11.878993 11.878993 4878.219778 28.830611 35.179702 85.830197 11909.715839 268.186686 18.483495 330561.016202 107.282504 22.541180 109.856842 171.642919 1.000000
11.878438 11.878438 11.878438 11.878438 11.878438 11.878438 11.878438 11.878438 3902.390980 45.013717 54.939469 11.604002 6097.485670 109.851637 109.851637 1260930.448931 22.540116 22.540116 171.634785 171.634785 1.000000
11.880215 11.880215 11.880215 11.880215 11.880215 11.880215 11.880215 11.880215 1278.930195 109.868302 43.966425 18.054719 3902.983083 335.266655 171.660826 645694.345172 43.966425 18.054719 171.660826 70.324108 1.000000
11.879649 11.879649 11.879649 11.879649 11.879649 11.879649 11.879649 11.879649 1023.095052 56.262965 28.158110 409.240074 1598.585118 171.652529 36.024681 1261060.809515 28.158110 14.467888 419.061719 419.061719 1.000000
11.805856 11.805856 11.805856 11.805856 11.805856 11.805856 11.805856 11.805856 333.138195 22.936475 34.960361 34.960361 14794.174556 213.211214 69.877824 134552.233152 325.330411 1241.026110 213.211214 87.340842 1.000000
11.880285 11.880285 11.880285 11.880285 11.880285 11.880285 11.880285 11.880285 335.268657 171.661851 167.638802 28.159635 11911.029549 36.026635 56.266019 807122.751421 35.183576 18.054826 1278.937832 87.899262 1.000000
11.881007 11.881007 11.881007 11.881007 11.881007 11.881007 11.881007 11.881007 3903.246858 87.904676 35.185740 43.969393 7623.528651 87.904676 56.269483 807172.478805 22.545040 35.185740 87.904676 214.587911 1.000000
11.803766 11.803766 11.803766 11.803766 11.803766 11.803766 11.803766 11.803766 2481.605172 35.791633 17.937596 34.954091 3102.006284 213.172918 55.898661 1252890.230053 14.375043 27.976131 109.151294 1270.582429 1.000000
11.805528 11.805528 11.805528 11.805528 11.805528 11.805528 11.805528 11.805528 1270.774795 44.733740 34.959375 34.959375 11835.005295 87.338375 44.733740 1002463.934450 22.400335 27.980355 266.504378 416.409628 1.000000
11.880841 11.880841 11.880841 11.880841 11.880841 11.880841 11.880841 11.880841 4878.989176 56.268685 54.950730 28.160967 6098.736378 268.228983 28.835147 330613.152616 68.680226 43.968769 268.228983 56.268685 1.000000
11.800369 11.800369 11.800369 11.800369 11.800369 11.800369 11.800369 11.800369 11829.759547 35.781202 34.943905 22.390446 18483.999214 170.490666 18.360132 513034.036352 133.198758 9.260815 213.110694 69.844892 1.000000
11.879221 11.879221 11.879221 11.879221 11.879221 11.879221 11.879221 11.879221 7622.366588 36.023368 28.157084 107.284592 23261.616426 137.319629 23.080516 645639.552461 43.962698 18.053196 137.319629 70.318143 1.000000
11.879145 11.879145 11.879145 11.879145 11.879145 11.879145 11.879145 11.879145 2497.681111 87.890705 107.283891 35.180156 4878.282843 70.317683 23.080365 1261006.506465 35.180156 14.467271 818.441237 109.858262 1.000000
11.880316 11.880316 11.880316 11.880316 11.880316 11.880316 11.880316 11.880316 3122.413350 56.266165 54.948270 35.183668 7623.078817 171.662297 45.020926 330598.338902 35.183668 68.677150 818.523063 23.082664 1.000000
11.881138 11.881138 11.881138 11.881138 11.881138 11.881138 11.881138 11.881138 1598.788362 87.905661 22.545292 22.545292 3122.632619 214.590318 56.270114 135422.588899 85.845912 409.292104 137.342102 214.590318 1.000000
11.873231 11.873231 11.873231 11.873231 11.873231 11.873231 11.873231 11.873231 18599.774344 18.474453 11.598918 28.142717 110863.293954 87.846334 28.816459 516247.441739 11.598918 85.787976 268.054728 23.068754 1.000000
11.868585 11.868585 11.868585 11.868585 11.868585 11.868585 11.868585 11.868585 23240.490714 14.797988 14.454350 22.521226 23240.490714 137.194932 18.467164 3075853.329526 18.036901 9.313874 1597.074984 18.467164 1.000000
11.870201 11.870201 11.870201 11.870201 11.870201 11.870201 11.870201 11.870201 23243.701056 56.217609 9.315131 18.039377 45397.853563 23.062806 35.995666 3076278.214714 9.315131 14.456328 334.980020 56.217609 1.000000
11.871387 11.871387 11.871387 11.871387 11.871387 11.871387 11.871387 11.871387 11901.980806 14.801499 9.316053 9.316053 7617.267793 70.271124 44.986641 169137.318864 54.906411 1248.013935 214.411688 268.012511 1.000000
11.872259 11.872259 11.872259 11.872259 11.872259 11.872259 11.872259 11.872259 23247.787414 28.814072 11.597969 11.597969 18598.229950 87.839042 28.814072 2461455.231730 18.042529 11.597969 654.368569 44.989988 1.000000
11.863943 11.863943 11.863943 11.863943 11.863943 11.863943 11.863943 11.863943 29039.089749 28.793651 7.495694 14.448671 18585.017471 44.958058 14.792171 2459706.574626 22.512328 7.495694 2494.439213 44.958058 1.000000
11.867718 11.867718 11.867718 11.867718 11.867718 11.867718 11.867718 11.867718 45388.219096 35.988039 28.129497 7.498028 173142.315200 109.751091 44.972551 1968400.229019 14.453289 18.035572 11.867718 44.972551 1.000000
11.800484 11.800484 11.800484 11.800484 11.800484 11.800484 11.800484 11.800484 3876.413901 28.637803 14.371027 17.932567 14787.344592 28.637803 14.712645 134490.114993 85.254967 3785.560462 416.229148 266.388871 1.000000
11.869758 11.869758 11.869758 11.869758 11.869758 11.869758 11.869758 11.869758 23242.821803 14.799459 7.499290 14.455786 29053.527234 28.807932 23.061937 211392.232452 35.152007 327.116693 418.707842 171.507584 1.000000
11.869695 11.869695 11.869695 11.869695 11.869695 11.869695 11.869695 11.869695 4874.346710 137.207945 11.595466 11.595466 110829.808037 23.061812 28.807776 3845181.396499 9.314737 14.455708 523.380881 35.994111 1.000000
11.874300 11.874300 11.874300 11.874300 11.874300 11.874300 11.874300 11.874300 23251.842525 36.008255 14.461343 18.045657 138591.781158 36.008255 14.805150 1260484.906657 18.045657 28.145283 214.465057 44.997828 1.000000
11.872164 11.872164 11.872164 11.872164 11.872164 11.872164 11.872164 11.872164 11.872164 7617.773472 22.528087 11.597876 11902.770929 137.236891 44.989624 2461435.319695 14.458729 28.140159 1597.563486 44.989624 1.000000
11.877243 11.877243 11.877243 11.877243 11.877243 11.877243 11.877243 11.877243 2497.275447 28.826312 22.537824 14.464943 9526.348396 523.718445 36.017291 135377.551542 85.817370 1560.797545 418.975615 18.480748 1.000000
11.872822 11.872822 11.872822 11.872822 11.872822 11.872822 11.872822 11.872822 18599.124966 28.815455 9.317169 28.141737 29061.132709 109.798963 18.473812 1969258.948822 18.043392 18.043392 654.400060 28.815455 1.000000
11.794523 11.794523 11.794523 11.794523 11.794523 11.794523 11.794523 11.794523 23093.385185 35.763244 7.452764 17.923434 56380.334835 55.854283 22.914222 1251894.917008 14.363733 22.379236 1015.658804 18.350958 1.000000
11.796989 11.796989 11.796989 11.796989 11.796989 11.796989 11.796989 11.796989 11.796989 2480.159849 14.366751 11.524488 45113.837524 87.274311 22.919065 210077.676472 34.933767 3784.423246 1015.874293 44.700952 1.000000
11.876399 11.876399 11.876399 11.876399 11.876399 11.876399 11.876399 11.876399 6096.423667 109.832507 14.463911 22.536206 11907.077238 418.945420 36.014699 413109.725399 134.069229 14.463911 214.503495 18.479424 1.000000
11.872143 11.872143 11.872143 11.872143 11.872143 11.872143 11.872143 11.872143 18598.046628 28.813789 9.316641 14.458704 11902.749892 70.275663 36.001630 1575315.820329 11.597856 28.140110 1996.950546 28.813789 1.000000
11.795479 11.795479 11.795479 11.795479 11.795479 11.795479 11.795479 11.795479 11824.785754 22.916099 14.364903 17.924899 23095.284553 650.076005 28.625511 2445308.363285 22.381069 9.257011 416.050062 14.706373 1.000000
11.863825 11.863825 11.863825 11.863825 11.863825 11.863825 11.863825 11.863825 29038.796545 14.792023 18.029609 7.495621 9515.432946 214.273166 35.976085 3843252.717690 18.029609 7.495621 1277.140560 23.050288 1.000000
11.795609 11.795609 11.795609 11.795609 11.795609 11.795609 11.795609 11.795609 18476.434187 44.695650 11.523141 17.925098 28869.428367 69.816318 14.706536 2445335.696586 11.523141 22.381318 1587.114237 18.352662 1.000000
11.794073 11.794073 11.794073 11.794073 11.794073 11.794073 11.794073 11.794073 36082.018769 22.913339 11.521641 9.255918 56378.154301 649.997403 44.689752 801181.759627 68.171675 9.255918 22.913339 35.761863 1.000000
11.866411 11.866411 11.866411 11.866411 11.866411 11.866411 11.866411 11.866411 11896.920554 28.799711 14.451690 22.517058 9517.536481 267.898566 44.967533 7508012.360912 9.312183 7.497220 1021.938665 14.795263 1.000000
11.872603 11.872603 11.872603 11.872603 11.872603 11.872603 11.872603 11.872603 18598.777710 28.814919 11.598305 18.043057 14879.022192 109.796913 18.473469 2461527.727042 18.043057 11.598305 1022.479593 44.991312 1.000000
11.873607 11.873607 11.873607 11.873607 11.873607 11.873607 11.873607 11.873607 36328.851900 18.475043 14.460495 9.317780 9523.390650 109.806325 28.817383 516264.035937 35.163548 28.143620 818.054241 56.233958 1.000000
11.855041 11.855041 11.855041 11.855041 11.855041 11.855041 11.855041 11.855041 36271.236405 28.771790 6.050617 7.490189 216193.415987 28.771790 14.781016 1966267.663939 11.581161 28.099098 1276.181460 11.855041 1.000000
11.852820 11.852820 11.852820 11.852820 11.852820 11.852820 11.852820 11.852820 23209.178736 171.259351 7.488815 6.049528 56663.033936 44.915345 23.028681 5999432.077537 7.488815 9.301611 522.626156 14.778232 1.000000
11.847994 11.847994 11.847994 11.847994 11.847994 11.847994 11.847994 11.847994 70799.543510 14.772185 9.297858 7.485831 45311.707859 87.656998 11.847994 7496193.248901 7.485831 7.485831 2491.037884 11.847994 1.000000
11.792179 11.792179 11.792179 11.792179 11.792179 11.792179 11.792179 11.792179 11.792179 1586.646013 11.519792 14.360865 137619.549719 87.238215 11.792179 167992.614401 17.919843 22547.587069 1015.454030 28.617406 1.000000
11.856082 11.856082 11.856082 11.856082 11.856082 11.856082 11.856082 11.856082 88560.706196 28.774345 9.304148 9.304148 2013637.326509 18.447547 11.856082 168916.141868 7.490832 2434.338566 11.856082 35.952305 1.000000
11.861271 11.861271 11.861271 11.861271 11.861271 11.861271 11.861271 11.861271 3117.336511 18.455689 9.308185 7.494041 216308.650880 418.404171 11.861271 168991.133502 107.120191 4756.677747 11.861271 137.109189 1.000000
11.865507 11.865507 11.865507 11.865507 11.865507 11.865507 11.865507 11.865507 9516.801482 418.555740 9.311480 11.591378 1289767.091040 28.797493 11.865507 515906.836417 11.591378 107.158990 28.797493 18.462335 1.000000
11.858517 11.858517 11.858517 11.858517 11.858517 11.858517 11.858517 11.858517 3116.602277 35.959783 6.052321 7.492338 1611245.446871 137.076899 14.785371 135161.064463 107.094965 3804.446010 11.858517 35.959783 1.000000
11.860984 11.860984 11.860984 11.860984 11.860984 11.860984 11.860984 11.860984 11.860984 1276.830362 7.493864 9.307962 29031.743465 109.687942 14.788463 168986.987738 9.307962 35439.139958 1995.046719 87.754456 1.000000
11.852239 11.852239 11.852239 11.852239 11.852239 11.852239 11.852239 11.852239 11.852239 110664.489994 11.578425 6.049243 6143113.239503 11.852239 14.777504 1572636.989313 28.092378 85.634180 11.852239 28.764909 1.000000
11.850288 11.850288 11.850288 11.850288 11.850288 11.850288 11.850288 11.850288 56650.758962 11.850288 9.299642 7.487249 88516.810861 4866.263345 18.438457 2456835.036806 6.048287 28.087700 11.850288 23.023711 1.000000
11.852792 11.852792 11.852792 11.852792 11.852792 11.852792 11.852792 11.852792 1594.919424 56.134031 7.488798 6.049514 2013070.537783 418.100785 11.852792 168868.596184 68.515836 7426.919537 11.852792 11.852792 1.000000
11.852300 11.852300 11.852300 11.852300 11.852300 11.852300 11.852300 11.852300 2491.956194 18.441613 7.488494 7.488494 88532.054312 653.252790 23.027661 9373695.860145 6.049273 9.301207 1275.882149 18.441613 1.000000
11.843690 11.843690 11.843690 11.843690 11.843690 11.843690 11.843690 11.843690 14.766790 36236.006841 7.483169 6.045053 45295.008539 4863.514712 14.766790 69788010.587118 9.294510 6.045053 14.766790 23.010756 1.000000
11.851842 11.851842 11.851842 11.851842 11.851842 11.851842 11.851842 11.851842 11.851842 11.851842 11.578037 9.300850 110660.725661 3893.528404 11.851842 1016258264.542961 18.011250 7.488210 6083.637894 14.777006 1.000000
11.859744 11.859744 11.859744 11.859744 11.859744 11.859744 11.859744 11.859744 1994.835038 28.783338 6.052922 11.585751 23222.930496 87.745147 23.042275 168969.057660 7.493097 44294.224672 3116.929284 14.786908 1.000000
11.865673 11.865673 11.865673 11.865673 11.865673 11.865673 11.865673 11.865673 23234.706804 35.981759 9.311608 11.591539 29043.383486 56.195869 28.797899 1574444.971700 54.879622 7.496763 1596.677517 14.794338 1.000000
11.858260 11.858260 11.858260 11.858260 11.858260 11.858260 11.858260 11.858260 1595.665793 28.779695 7.492179 6.052195 1288968.056714 87.734018 23.039363 168947.621135 9.305843 35430.884183 14.785049 87.734018 1.000000
11.848260 11.848260 11.848260 11.848260 11.848260 11.848260 11.848260 11.848260 36250.191809 23.019730 7.485995 6.047293 36250.191809 136.956654 23.019730 9370454.951013 6.047293 7.485995 816.282976 23.019730 1.000000
11.854186 11.854186 11.854186 11.854186 11.854186 11.854186 11.854186 11.854186 11884.488643 28.769689 11.580325 6.050198 659721.641700 14.779943 14.779943 168888.740281 6.050198 9284.756794 35.946482 171.279369 1.000000
11.855928 11.855928 11.855928 11.855928 11.855928 11.855928 11.855928 11.855928 56678.107996 23.034785 9.304029 6.051052 23215.353071 23.034785 11.855928 1258506.809402 7.490737 54.833939 3115.912259 56.149089 1.000000
11.870702 11.870702 11.870702 11.870702 11.870702 11.870702 11.870702 11.870702 3899.812911 28.810248 9.315520 11.596449 7616.821723 70.267011 11.870702 135301.931295 209.374374 511.158201 334.994341 817.851214 1.000000
11.852374 11.852374 11.852374 11.852374 11.852374 11.852374 11.852374 11.852374 56660.871776 11.852374 18.012065 6.049309 14853.307633 137.004881 23.027806 4799362.519929 6.049309 14.434516 2491.971895 14.777673 1.000000
11.863468 11.863468 11.863468 11.863468 11.863468 11.863468 11.863468 11.863468 2494.337911 14.791576 9.309894 7.495400 1031633.814732 171.415402 14.791576 169022.884211 85.716451 5946.964218 70.223599 14.791576 1.000000
11.855100 11.855100 11.855100 11.855100 11.855100 11.855100 11.855100 11.855100 6085.334187 18.446006 11.581218 6.050646 1994.042754 11.855100 14.781089 135121.558906 7.490225 14508.566980 214.113327 29017.133857 1.000000
11.850181 11.850181 11.850181 11.850181 11.850181 11.850181 11.850181 11.850181 11.850181 1594.563029 6.048234 7.487183 7677538.696651 14.774925 14.774925 168830.861399 7.487183 44257.997352 70.143853 70.143853 1.000000
11.853694 11.853694 11.853694 11.853694 11.853694 11.853694 11.853694 11.853694 11883.988541 18.443800 9.302291 7.489355 18568.732017 171.272162 14.779327 135105.306722 6.049956 44271.306927 1276.034328 11.853694 1.000000
11.839276 11.839276 11.839276 11.839276 11.839276 11.839276 11.839276 11.839276 1274.460002 4861.676298 9.291077 6.042890 823599.965769 18.421178 11.839276 14630074.321212 6.042890 6.042890 11.839276 109.484347 1.000000
11.775585 11.775585 11.775585 11.775585 11.775585 11.775585 11.775585 11.775585 9443.642978 14.681443 6.011675 11.503593 14755.692056 11.775585 14.681443 167752.796056 6.011675 43975.388990 1014.004418 415.338214 1.000000
11.854368 11.854368 11.854368 11.854368 11.854368 11.854368 11.854368 11.854368 18569.802677 11.854368 9.302815 7.489772 527785.534331 11.854368 14.780172 135113.096796 18.015120 22668.216137 11.854368 522.695389 1.000000
11.852469 11.852469 11.852469 11.852469 11.852469 11.852469 11.852469 11.852469 4867.171808 11.852469 6.049356 6.049356 6083.964668 109.608084 18.441879 168863.936825 54.817723 7426.714616 18566.786258 11.852469 1.000000
11.835707 11.835707 11.835707 11.835707 11.835707 11.835707 11.835707 11.835707 88406.327009 18.415578 7.478232 6.041140 4907536.987766 14.756786 14.756786 11700479.955114 6.041140 6.041140 11.835707 87.564806 1.000000
11.841721 11.841721 11.841721 11.841721 11.841721 11.841721 11.841721 11.841721 3890.155838 18.425014 6.044088 7.481951 1029715.608322 11.841721 11.841721 168708.605273 6.044088 55282.435792 11.841721 1274.726965 1.000000
11.854372 11.854372 11.854372 11.854372 11.854372 11.854372 11.854372 11.854372 110684.685862 11.854372 9.302818 9.302818 56670.559174 11.854372 18.444864 6000228.843122 9.302818 9.302818 3115.497258 23.031728 1.000000
11.849851 11.849851 11.849851 11.849851 11.849851 11.849851 11.849851 11.849851 9504.064733 11.849851 6.048073 7.486979 29004.103512 87.670930 14.774512 168826.102039 6.048073 35405.399781 1020.492149 44.903946 1.000000
11.908487 11.908487 11.908487 11.908487 11.908487 11.908487 11.908487 11.908487 1282.017063 3129.922885 6.076816 6.076816 138996.483910 1602.520978 14.847991 11773460.141857 6.076816 6.076816 11.908487 11.908487 1.000000
11.851991 11.851991 11.851991 11.851991 11.851991 11.851991 11.851991 11.851991 11.851991 11.851991 7.488302 9.300966 11882.256412 1020.679026 18.441128 1006466.259768 6.049122 55331.067797 1020.679026 1594.810075 1.000000
11.841059 11.841059 11.841059 11.841059 11.841059 11.841059 11.841059 11.841059 45284.804740 171.087000 7.481542 6.043764 45284.804740 1991.647276 14.763494 9364678.126421 7.481542 6.043764 11.841059 14.763494 1.000000
11.842925 11.842925 11.842925 11.842925 11.842925 11.842925 11.842925 11.842925 527268.762352 14.765832 9.293915 7.482696 6138216.265824 11.842925 14.765832 804548.282395 6.044678 133.685993 11.842925 11.842925 1.000000
11.903680 11.903680 11.903680 11.903680 11.903680 11.903680 11.903680 11.903680 271366.372763 11.903680 6.074460 6.074460 29421601.088511 11.903680 11.903680 7531929.878659 7.520269 7.520269 11.903680 11.903680 1.000000
11.856582 11.856582 11.856582 11.856582 11.856582 11.856582 11.856582 11.856582 11.856582 1994.295663 7.491141 6.051372 110705.620302 214.140482 14.782946 168923.370815 18.018512 69191.012698 522.794424 18.448332 2.966788
11.849976 11.849976 11.849976 11.849976 11.849976 11.849976 11.849976 11.849976 11.849976 7603.332725 6.048134 7.487056 659483.977247 11.849976 14.774668 168827.898181 261.252346 1946.453658 1020.503006 11.849976 1.000000
11.842780 11.842780 11.842780 11.842780 11.842780 11.842780 11.842780 11.842780 11.842780 23.008969 9.293802 7.482606 7747421700.672903 11.842780 18.426675 514904.490986 6.044607 44229.959009 14.765650 11.842780 1.000000
11.866506 11.866506 11.866506 11.866506 11.866506 11.866506 11.866506 11.866506 3898.414787 35.984317 7.497279 14.451807 18589.089116 70.241829 14.795382 169066.780132 43.915017 4758.807010 3898.414787 11.866506 1.000000
11.849384 11.849384 11.849384 11.849384 11.849384 11.849384 11.849384 11.849384 110637.446948 11.849384 9.298939 7.486690 88509.957563 11.849384 23.021936 4798134.413193 9.298939 9.298939 3892.709357 11.849384 1.000000
11.842336 11.842336 11.842336 11.842336 11.842336 11.842336 11.842336 11.842336 1019.835641 11.842336 6.044389 7.482331 6137906.593615 1019.835641 14.765094 168717.491753 6.044389 35382.622553 11.842336 14.765094 1.000000
11.854261 11.854261 11.854261 11.854261 11.854261 11.854261 11.854261 11.854261 56670.021236 11.854261 7.489706 7.489706 138354.543997 1276.096216 18.444689 135111.859372 54.826121 1557.734324 11.854261 11.854261 1.000000
11.837518 11.837518 11.837518 11.837518 11.837518 11.837518 11.837518 11.837518 658780.702637 18.418419 7.479352 9.289709 3141311.181237 14.759056 11.837518 11702296.067913 6.042028 6.042028 11.837518 18.418419 1.000000
11.837487 11.837487 11.837487 11.837487 11.837487 11.837487 11.837487 11.837487 11.837487 172694.953613 11.564023 6.042013 1286677.670532 14.759017 18.418371 69750936.283931 6.042013 6.042013 11.837487 70.067668 1.000000
11.868246 11.868246 11.868246 11.868246 11.868246 11.868246 11.868246 11.868246 137.190957 109.756046 7.498355 11.594051 528412.268228 87.808936 11.868246 169091.925838 35.147471 44326.433828 214.354146 28.804218 2.798323
11.840019 11.840019 11.840019 11.840019 11.840019 11.840019 11.840019 11.840019 11.840019 11.840019 6.043254 6.043254 2513587.558593 110548.749933 11.840019 804348.018751 54.759351 9273.501388 11.840019 11.840019 1.000000
11.846828 11.846828 11.846828 11.846828 11.846828 11.846828 11.846828 11.846828 6081.027213 11.846828 7.485109 6.046591 18738611.336282 44.892335 18.433027 135025.924858 44245.295078 9.296950 11.846828 11.846828 1.000000
11.901937 11.901937 11.901937 11.901937 11.901937 11.901937 11.901937 11.901937 71126.503499 419.859152 6.073606 6.073606 3158651.273220 11.901937 11.901937 11766892.944351 6.073606 6.073606 11.901937 11.901937 1.000000
11.906424 11.906424 11.906424 11.906424 11.906424 11.906424 11.906424 11.906424 1602.239403 11.906424 6.075805 7.521966 1306886982.841817 11.906424 14.845405 9417113.166307 6.075805 6.075805 11.906424 36.106905 1.000000
11.843171 11.843171 11.843171 11.843171 11.843171 11.843171 11.843171 11.843171 11.843171 11.843171 7.482848 6.044798 3966812765.274946 70.101780 11.843171 643652.170612 54.774128 9276.005470 11.843171 11.843171 1.000000
11.837315 11.837315 11.837315 11.837315 11.837315 11.837315 11.837315 11.837315 4860.859264 14.758801 6.041928 6.041928 2010404.186569 11.837315 11.837315 168644.926433 6.041928 44209.255616 11.837315 815.518050 1.000000
11.841192 11.841192 11.841192 11.841192 11.841192 11.841192 11.841192 11.841192 9497.019584 11.841192 6.043828 6.043828 29264950.714617 11.841192 11.841192 168700.955057 22.468710 69099.911203 11.841192 14.763660 1.000000
11.835764 11.835764 11.835764 11.835764 11.835764 11.835764 11.835764 11.835764 11.835764 18540.242214 6.041168 7.478267 29251344.426276 11.835764 14.756858 168622.520145 6.041168 55254.227417 11.835764 11.835764 1.000000
11.838991 11.838991 11.838991 11.838991 11.838991 11.838991 11.838991 11.838991 3889.246018 11.838991 6.042750 6.042750 11984663.793894 11.838991 14.760902 168669.148120 6.042750 69086.883082 109.481670 14.760902 1.000000
11.905223 11.905223 11.905223 11.905223 11.905223 11.905223 11.905223 11.905223 111166.273076 11.905223 6.075216 6.075216 339252.542320 11.905223 11.905223 9416149.591086 6.075216 7.521223 2503.242329 11.905223 1.000000
11.775975 11.775975 11.775975 11.775975 11.775975 11.775975 11.775975 11.775975 11.775975 11.775975 9.241842 9.241842 7628770.409778 11.775975 14.681932 409566.492736 14.341039 85892.318949 11.775975 18445.235095 1.000000
11.850050 11.850050 11.850050 11.850050 11.850050 11.850050 11.850050 11.850050 11880.282816 11.850050 6.048170 7.487102 14850.353482 23203.677253 11.850050 135063.177507 18.008505 35406.001631 11.850050 18.438083 1.000000
11.843349 11.843349 11.843349 11.843349 11.843349 11.843349 11.843349 11.843349 56617.107441 11.843349 7.482958 6.044886 7673048.858493 11.843349 11.843349 168732.128814 68.460490 11595.183686 11.843349 11.843349 1.000000
11.903847 11.903847 11.903847 11.903847 11.903847 11.903847 11.903847 11.903847 11.903847 656.134485 6.074542 6.074542 3189941751.565986 14.842176 11.903847 56118048.764399 7.520373 6.074542 11.903847 14.842176 1.000000
11.842376 11.842376 11.842376 11.842376 11.842376 11.842376 11.842376 11.842376 70765.486321 11.842376 6.044409 7.482356 7672409.399077 11.842376 11.842376 134974.453565 17.996748 35382.743182 11.842376 11.842376 1.000000
11.906474 11.906474 11.906474 11.906474 11.906474 11.906474 11.906474 11.906474 11.906474 23315.742422 6.075830 6.075830 29428604.222716 11.906474 11.906474 169644.353301 6.075830 55589.061706 11.906474 11.906474 1.000000
11.847600 11.847600 11.847600 11.847600 11.847600 11.847600 11.847600 11.847600 18.434239 1594.210817 6.046970 6.046970 36601270.944155 70.128365 11.847600 168793.569476 68.485408 9279.524724 11.847600 11.847600 1.000000
11.844861 11.844861 11.844861 11.844861 11.844861 11.844861 11.844861 11.844861 11.844861 11.844861 6.045627 6.045627 4911387.300398 136.916800 11.844861 1005852.119122 68.469353 9277.348417 11.844861 3891.202169 1.000000
11.842119 11.842119 11.842119 11.842119 11.842119 11.842119 11.842119 11.842119 4862.860318 11.842119 6.044283 6.044283 527232.349785 171.102524 11.842119 134971.481552 6.044283 55284.318859 213.875525 14.764821 1.000000
11.858433 11.858433 11.858433 11.858433 11.858433 11.858433 11.858433 11.858433 11.858433 11.858433 7.492286 7.492286 2014042.388383 109.664017 18.451236 412475.881143 22.501764 44289.260520 653.595653 137.075917 2.828684
11.841951 11.841951 11.841951 11.841951 11.841951 11.841951 11.841951 11.841951 88453.641825 11.841951 6.044201 7.482093 9590163.061874 11.841951 11.841951 210889.915981 7.482093 995.900475 11.841951 56.081987 1.000000
11.839057 11.839057 11.839057 11.839057 11.839057 11.839057 11.839057 11.839057 11.839057 11.839057 6.042782 7.480304 45718123.847748 11.839057 14.760985 804281.740332 7.480304 55269.820362 11.839057 4861.585016 2.989616
11.855505 11.855505 11.855505 11.855505 11.855505 11.855505 11.855505 11.855505 1020.986005 14.781597 6.050844 7.490475 3932691.265735 44.925655 14.781597 168907.803722 22.496150 55347.709140 171.298701 11.855505 2.966786
11.899952 11.899952 11.899952 11.899952 11.899952 11.899952 11.899952 11.899952 6108.686391 11.899952 6.072632 6.072632 835946545.900461 11.899952 18.516378 11764901.726934 6.072632 6.072632 11.899952 11.899952 1.000000
11.837972 11.837972 11.837972 11.837972 11.837972 11.837972 11.837972 11.837972 110529.364158 14.759625 6.042250 7.479633 337308.850557 11.837972 14.759625 9362201.307363 6.042250 7.479633 1274.317593 14.759625 1.000000
11.903376 11.903376 11.903376 11.903376 11.903376 11.903376 11.903376 11.903376 11.903376 11.903376 6.074311 6.074311 15210216517.145592 11.903376 14.841585 1263615.351035 6.074311 69467.988589 11.903376 11.903376 2.948352
11.906656 11.906656 11.906656 11.906656 11.906656 11.906656 11.906656 11.906656 11.906656 11.906656 7.522110 6.075919 19018084765.586182 11.906656 14.845696 1011174.827866 6.075919 44471.939261 11.906656 11.906656 1.000000
11.837325 11.837325 11.837325 11.837325 11.837325 11.837325 11.837325 11.837325 11.837325 11.837325 7.479233 6.041933 2010406.046694 11.837325 11.837325 1005203.023348 7.479233 69077.025792 110523.241254 11.837325 2.973309
11.839086 11.839086 11.839086 11.839086 11.839086 11.839086 11.839086 11.839086 11.839086 11.839086 6.042796 6.042796 18726189.351322 11.839086 11.839086 514741.573395 17.991707 69087.444502 11.839086 11869.132670 2.834449
11.837910 11.837910 11.837910 11.837910 11.837910 11.837910 11.837910 11.837910 11.837910 11.837910 7.479595 6.042220 18906715276.661205 11.837910 11.837910 411751.796805 22.462419 55264.390685 11.837910 11.837910 1.000000
11.840769 11.840769 11.840769 11.840769 11.840769 11.840769 11.840769 11.840769 14838.555448 11.840769 6.043621 6.043621 29263890.573402 11.840769 11.840769 134955.875010 35377.872925 9.292238 18.423520 14.763130 1.000000
11.843481 11.843481 11.843481 11.843481 11.843481 11.843481 11.843481 11.843481 56617.748050 11.843481 6.044950 6.044950 3142916.373386 11.843481 11.843481 168734.037978 22.473098 44232.615673 11.843481 28.743400 1.000000
11.840816 11.840816 11.840816 11.840816 11.840816 11.840816 11.840816 11.840816 11.840816 11.840816 6.043644 6.043644 11986538.427158 11.840816 14.763189 514817.905371 17.994359 69097.689607 11.840816 14838.615919 2.972073
11.835577 11.835577 11.835577 11.835577 11.835577 11.835577 11.835577 11.835577 11.835577 3888.108583 6.041077 6.041077 6134353.306310 11.835577 11.835577 210774.774666 6.041077 55253.342547 11.835577 333.988956 1.000000
11.844105 11.844105 11.844105 11.844105 11.844105 11.844105 11.844105 11.844105 11874.237246 11.844105 6.045256 7.483425 23417803.691457 11.844105 14.767311 168743.059172 17.999397 69117.157049 11.844105 11.844105 1.000000
11.835560 11.835560 11.835560 11.835560 11.835560 11.835560 11.835560 11.835560 11.835560 11.835560 6.041068 6.041068 14976426.117932 171.006405 11.835560 1005050.943555 6.041068 69066.574949 11.835560 1274.054217 1.000000
11.842375 11.842375 11.842375 11.842375 11.842375 11.842375 11.842375 11.842375 11.842375 815.871664 7.482355 6.044408 425904241.420866 11.842375 11.842375 168718.052280 17.996746 69106.914226 11.842375 11.842375 2.999902
11.902109 11.902109 11.902109 11.902109 11.902109 11.902109 11.902109 11.902109 11.902109 11.902109 6.073690 7.519297 1045125293.364632 214.974456 11.902109 7604287336.032093 6.073690 6.073690 11.902109 14.839998 1.000000
11.836948 11.836948 11.836948 11.836948 11.836948 11.836948 11.836948 11.836948 11.836948 11.836948 6.041748 6.041748 15124125122.125166 11.836948 14.758342 1005170.526205 68.422976 9271.061832 11.836948 11.836948 1.000000
11.903948 11.903948 11.903948 11.903948 11.903948 11.903948 11.903948 11.903948 1281.521485 11.903948 7.520435 6.074591 2551975336.070923 23.129060 11.903948 14711136.220912 6.074591 6.074591 11.903948 11.903948 1.000000
11.908211 11.908211 11.908211 11.908211 11.908211 11.908211 11.908211 11.908211 11.908211 11.908211 7.523072 7.523072 19020604033.702286 11.908211 11.908211 1011308.775134 6.076681 55597.287895 11.908211 11.908211 1.000000
11.837325 11.837325 11.837325 11.837325 11.837325 11.837325 11.837325 11.837325 11.837325 11.837325 7.479233 7.479233 14978692.280851 18542.722965 11.837325 1005203.023174 6.041933 44209.296513 11.837325 11.837325 1.213658
11.908188 11.908188 11.908188 11.908188 11.908188 11.908188 11.908188 11.908188 268.855173 11.908188 6.076670 6.076670 2552897191.568361 11.908188 14.847616 169669.120876 6.076670 35582.193645 11.908188 11.908188 1.000000
11.835974 11.835974 11.835974 11.835974 11.835974 11.835974 11.835974 11.835974 11.835974 11.835974 6.041271 6.041271 15122861975.608246 11.835974 11.835974 514604.326770 17.986940 69069.023572 11.835974 14.757121 2.835239
11.840606 11.840606 11.840606 11.840606 11.840606 11.840606 11.840606 11.840606 11.840606 11.840606 7.481262 6.043541 337384.986752 815.748069 14.762926 1005485.614389 6.043541 55277.156247 11.840606 9496.543234 1.000000
11.909920 11.909920 11.909920 11.909920 11.909920 11.909920 11.909920 11.909920 11.909920 18658.069145 6.077519 6.077519 23549794.036756 11.909920 14.849786 169694.149844 6.077519 55605.379037 11.909920 14.849786 1.000000
11.907081 11.907081 11.907081 11.907081 11.907081 11.907081 11.907081 11.907081 11.907081 11.907081 6.076127 9.343818 19018773404.536583 11.907081 11.907081 808969.153755 6.076127 69489.921191 11.907081 11.907081 2.975464
11.852645 11.852645 11.852645 11.852645 11.852645 11.852645 11.852645 11.852645 7605.069951 11.852645 7.488707 9.301475 527707.726096 11.852645 11.852645 135093.177888 18.012480 35413.866050 1275.919774 11.852645 2.737231
11.835974 11.835974 11.835974 11.835974 11.835974 11.835974 11.835974 11.835974 11.835974 11.835974 6.041271 6.041271 15122861975.608273 11.835974 14.757121 514604.326770 17.986940 69069.023572 11.835974 11.835974 1.000000
11.905100 11.905100 11.905100 11.905100 11.905100 11.905100 11.905100 11.905100 11.905100 11.905100 6.075156 6.075156 12169961371.601101 11.905100 14.843747 1263801.043966 6.075156 69478.197166 11.905100 14.843747 2.444244
11.909961 11.909961 11.909961 11.909961 11.909961 11.909961 11.909961 11.909961 11.909961 11.909961 6.077539 6.077539 19023439018.735558 11.909961 11.909961 414293.814804 18.100288 69506.968198 11.909961 11.909961 2.971647
11.846333 11.846333 11.846333 11.846333 11.846333 11.846333 11.846333 11.846333 11.846333 11.846333 137663746994.551147 7.484804 172825.869038 11.846333 11.846333 210969.078413 14.427125 86412.934528 11.846333 11.846333 2.942383
11.907766 11.907766 11.907766 11.907766 11.907766 11.907766 11.907766 11.907766 11.907766 11.907766 7.522796 6.076463 15215906226.278023 11.907766 11.907766 1264088.033576 6.076463 35580.915009 11.907766 18.528638 1.000000
11.901650 11.901650 11.901650 11.901650 11.901650 11.901650 11.901650 11.901650 11.901650 11.901650 6.073465 6.073465 19009975433.331429 11.901650 11.901650 1263429.577259 6.073465 69457.775568 11.901650 11.901650 1.000000
11.910335 11.910335 11.910335 11.910335 11.910335 11.910335 11.910335 11.910335 11.910335 11.910335 6.077722 6.077722 15219235281.699545 11.910335 11.910335 517883.740440 22.601264 69509.179024 11.910335 11.910335 2.808726
11.842763 11.842763 11.842763 11.842763 11.842763 11.842763 11.842763 11.842763 23189.204036 14.765629 6.044599 6.044599 110574.741337 11.842763 11.842763 134978.932293 35383.917253 9.293789 3112.402595 11.842763 1.931407
11.901650 11.901650 11.901650 11.901650 11.901650 11.901650 11.901650 11.901650 11.901650 11.901650 6.073465 6.073465 19009975433.372391 11.901650 11.901650 1010743.661810 6.073465 86822.219454 11.901650 11.901650 2.957061
11.840815 11.840815 11.840815 11.840815 11.840815 11.840815 11.840815 11.840815 11.840815 652.610670 6.043644 6.043644 425847332.513044 11.840815 14.763187 210869.385421 17.994356 69097.680228 11.840815 11.840815 2.717257
11.906474 11.906474 11.906474 11.906474 11.906474 11.906474 11.906474 11.906474 11.906474 11.906474 6.075830 6.075830 3159872.317903 11.906474 11.906474 1263948.927162 6.075830 69486.327131 71153.998981 11.906474 1.000000
11.895566 11.895566 11.895566 11.895566 11.895566 11.895566 11.895566 11.895566 11.895566 11.895566 6.070482 6.070482 23750149838.392807 11.895566 11.895566 7600047948.285691 7.515251 6.070482 11.895566 11.895566 1.000000
11.906474 11.906474 11.906474 11.906474 11.906474 11.906474 11.906474 11.906474 11.906474 23315.742422 6.075830 6.075830 29428604.222719 11.906474 11.906474 169644.353301 6.075830 55589.061706 11.906474 11.906474 3.020306
11.835974 11.835974 11.835974 11.835974 11.835974 11.835974 11.835974 11.835974 11.835974 11.835974 6.041271 6.041271 15122861975.608299 11.835974 14.757121 514604.326770 17.986940 69069.023572 11.835974 11.835974 2.978498
11.837535 11.837535 11.837535 11.837535 11.837535 11.837535 11.837535 11.837535 11.837535 11.837535 7.479362 6.042036 18906106709.287647 11.837535 11.837535 514673.179226 17.989331 55262.611840 11.837535 11.837535 1.000000
11.839032 11.839032 11.839032 11.839032 11.839032 11.839032 11.839032 11.839032 11.839032 2489.126552 6.042770 6.042770 9587765.177551 213.818985 14.760954 210837.185947 6.042770 55269.703290 11.839032 14.760954 1.000000
11.838739 11.838739 11.838739 11.838739 11.838739 11.838739 11.838739 11.838739 172713.476613 11.838739 6.042626 6.042626 823562.033687 70.075180 11.838739 134932.403606 44214.650034 7.480107 11.838739 11.838739 2.400985
11.906656 11.906656 11.906656 11.906656 11.906656 11.906656 11.906656 11.906656 11.906656 11.906656 7.522110 6.075919 15214467812.600630 11.906656 14.845696 1011174.827875 6.075919 69487.405074 11.906656 11.906656 1.000000
11.835495 11.835495 11.835495 11.835495 11.835495 11.835495 11.835495 11.835495 11.835495 4860.101396 6.041036 6.041036 18720428.829929 11.835495 11.835495 210773.290761 6.041036 55252.953550 87.563220 11.835495 3.002573
11.839962 11.839962 11.839962 11.839962 11.839962 11.839962 11.839962 11.839962 11.839962 11.839962 6.043226 6.043226 2538062559.676367 11.839962 11.839962 804344.131799 54.759087 9273.456574 109.490783 11.839962 1.000000
11.906474 11.906474 11.906474 11.906474 11.906474 11.906474 11.906474 11.906474 11.906474 23315.742422 6.075830 6.075830 29428604.222719 11.906474 11.906474 169644.353301 6.075830 55589.061706 11.906474 11.906474 2.880851
11.836191 11.836191 11.836191 11.836191 11.836191 11.836191 11.836191 11.836191 23176.150088 11.836191 6.041377 6.041377 36565517.408277 11.836191 11.836191 134902.948318 35363.998510 9.288677 11.836191 11.836191 2.922723
11.906474 11.906474 11.906474 11.906474 11.906474 11.906474 11.906474 11.906474 2002.807491 11.906474 6.075829 6.075829 342594038.233598 11.906474 11.906474 135715.480695 6.075829 69486.326127 11.906474 11.906474 2.947043
11.845663 11.845663 11.845663 11.845663 11.845663 11.845663 11.845663 11.845663 11.845663 11.845663 7.484389 7.484389 14989394.437053 14844.777298 11.845663 515031.671154 18.001785 44240.883703 11.845663 11.845663 1.000000
11.906474 11.906474 11.906474 11.906474 11.906474 11.906474 11.906474 11.906474 29144.678009 11.906474 6.075830 6.075830 29428604.223677 11.906474 11.906474 135715.482648 6.075830 44471.249374 11.906474 11.906474 2.989517
11.840199 11.840199 11.840199 11.840199 11.840199 11.840199 11.840199 11.840199 11.840199 11.840199 6.043342 6.043342 9588723.689217 87.598512 11.840199 1005450.553115 6.043342 69094.035908 70.083945 652.576251 1.000000
11.901650 11.901650 11.901650 11.901650 11.901650 11.901650 11.901650 11.901650 11.901650 11.901650 6.073465 6.073465 19009975433.331398 11.901650 11.901650 1263429.577259 6.073465 69457.775568 11.901650 11.901650 2.957061
11.910335 11.910335 11.910335 11.910335 11.910335 11.910335 11.910335 11.910335 11.910335 11.910335 6.077722 6.077722 15219235281.699545 11.910335 11.910335 517883.740440 22.601264 69509.179024 11.910335 11.910335 2.962162
11.901650 11.901650 11.901650 11.901650 11.901650 11.901650 11.901650 11.901650 11.901650 11.901650 6.073465 6.073465 19009975433.331398 11.901650 11.901650 1263429.577259 6.073465 69457.775568 11.901650 11.901650 2.957061
11.909961 11.909961 11.909961 11.909961 11.909961 11.909961 11.909961 11.909961 11.909961 11.909961 6.077539 6.077539 19023439018.735558 11.909961 11.909961 414293.814804 18.100288 69506.968198 11.909961 11.909961 2.808860
11.904932 11.904932 11.904932 11.904932 11.904932 11.904932 11.904932 11.904932 11.904932 11.904932 6.075074 7.521043 19015291791.294937 11.904932 11.904932 1011026.327881 6.075074 69477.200233 11.904932 11.904932 1.000000
11.901650 11.901650 11.901650 11.901650 11.901650 11.901650 11.901650 11.901650 11.901650 11.901650 6.073465 6.073465 19009975433.331398 11.901650 11.901650 1263429.577259 6.073465 69457.775568 11.901650 11.901650 2.957061
11.844857 11.844857 11.844857 11.844857 11.844857 11.844857 11.844857 11.844857 14843.751705 11.844857 6.045625 6.045625 70780.523495 11.844857 11.844857 168753.918369 54.782032 7421.875954 7600.000970 11.844857 2.915296
11.901650 11.901650 11.901650 11.901650 11.901650 11.901650 11.901650 11.901650 11.901650 11.901650 6.073465 6.073465 19009975433.331364 11.901650 11.901650 1263429.577259 6.073465 69457.775568 11.901650 11.901650 2.948841
11.901650 11.901650 11.901650 11.901650 11.901650 11.901650 11.901650 11.901650 11.901650 11.901650 6.073465 6.073465 19009975433.331364 11.901650 11.901650 1263429.577259 6.073465 69457.775568 11.901650 11.901650 2.948841
11.906474 11.906474 11.906474 11.906474 11.906474 11.906474 11.906474 11.906474 11.906474 11.906474 6.075830 6.075830 18834306.696965 11.906474 11.906474 1263948.926662 6.075830 69486.327103 11.906474 11937.660178 1.000000
11.901650 11.901650 11.901650 11.901650 11.901650 11.901650 11.901650 11.901650 11.901650 11.901650 6.073465 6.073465 19009975433.331364 11.901650 11.901650 1263429.577259 6.073465 69457.775568 11.901650 11.901650 2.948841
11.901650 11.901650 11.901650 11.901650 11.901650 11.901650 11.901650 11.901650 11.901650 11.901650 6.073465 6.073465 19009975433.331329 11.901650 11.901650 1263429.577259 6.073465 69457.775568 11.901650 11.901650 2.795987
11.910335 11.910335 11.910335 11.910335 11.910335 11.910335 11.910335 11.910335 11.910335 11.910335 6.077722 6.077722 19024044101.959904 11.910335 11.910335 517883.740436 22.601264 44485.874588 11.910335 11.910335 2.835764
11.901650 11.901650 11.901650 11.901650 11.901650 11.901650 11.901650 11.901650 11.901650 11.901650 6.073465 6.073465 19009975433.331364 11.901650 11.901650 1263429.577259 6.073465 69457.775568 11.901650 11.901650 2.948841
11.835974 11.835974 11.835974 11.835974 11.835974 11.835974 11.835974 11.835974 11.835974 11.835974 6.041271 6.041271 15122861975.608273 11.835974 14.757121 514604.326770 17.986940 69069.023572 11.835974 11.835974 1.000000
11.904932 11.904932 11.904932 11.904932 11.904932 11.904932 11.904932 11.904932 11.904932 11.904932 6.075074 6.075074 19015291791.294838 11.904932 11.904932 1011026.327881 7.521043 69477.200233 11.904932 11.904932 2.947622
11.901650 11.901650 11.901650 11.901650 11.901650 11.901650 11.901650 11.901650 11.901650 11.901650 6.073465 6.073465 19009975433.331364 11.901650 11.901650 1263429.577259 6.073465 69457.775568 11.901650 11.901650 1.000000
11.904932 11.904932 11.904932 11.904932 11.904932 11.904932 11.904932 11.904932 11.904932 11.904932 7.521043 6.075074 19015291791.230793 11.904932 11.904932 1263782.909847 6.075074 55581.760192 11.904932 11.904932 1.000000
11.901650 11.901650 11.901650 11.901650 11.901650 11.901650 11.901650 11.901650 11.901650 11.901650 6.073465 6.073465 19009975433.331398 11.901650 11.901650 1263429.577259 6.073465 69457.775568 11.901650 11.901650 1.000000
11.901650 11.901650 11.901650 11.901650 11.901650 11.901650 11.901650 11.901650 11.901650 11.901650 6.073465 6.073465 19009975433.331463 11.901650 11.901650 1263429.577259 6.073465 69457.775568 11.901650 11.901650 1.000000
11.901650 11.901650 11.901650 11.901650 11.901650 11.901650 11.901650 11.901650 11.901650 11.901650 6.073465 6.073465 19009975433.331398 11.901650 11.901650 1263429.577259 6.073465 69457.775568 11.901650 11.901650 1.000000
11.901650 11.901650 11.901650 11.901650 11.901650 11.901650 11.901650 11.901650 11.901650 11.901650 6.073465 6.073465 19009975433.331398 11.901650 11.901650 1263429.577259 6.073465 69457.775568 11.901650 11.901650 1.000000
11.901650 11.901650 11.901650 11.901650 11.901650 11.901650 11.901650 11.901650 11.901650 11.901650 6.073465 6.073465 19009975433.331398 11.901650 11.901650 1263429.577259 6.073465 69457.775568 11.901650 11.901650 1.000000
11.901650 11.901650 11.901650 11.901650 11.901650 11.901650 11.901650 11.901650 11.901650 11.901650 6.073465 6.073465 19009975433.331398 11.901650 11.901650 1263429.577259 6.073465 69457.775568 11.901650 11.901650 1.000000
11.901650 11.901650 11.901650 11.901650 11.901650 11.901650 11.901650 11.901650 11.901650 11.901650 6.073465 6.073465 19009975433.331398 11.901650 11.901650 1263429.577259 6.073465 69457.775568 11.901650 11.901650 1.000000
11.904932 11.904932 11.904932 11.904932 11.904932 11.904932 11.904932 11.904932 11.904932 11.904932 6.075074 7.521043 19015291791.294868 11.904932 11.904932 1011026.327881 6.075074 69477.200233 11.904932 11.904932 1.000000
11.906260 11.906260 11.906260 11.906260 11.906260 11.906260 11.906260 11.906260 11.906260 56.390711 6.075725 6.075725 9736930694.767010 11.906260 11.906260 212051.572700 6.075725 69485.059355 11.906260 11.906260 1.000000
11.901650 11.901650 11.901650 11.901650 11.901650 11.901650 11.901650 11.901650 11.901650 11.901650 6.073465 6.073465 19009975433.331429 11.901650 11.901650 1263429.577259 6.073465 69457.775568 11.901650 11.901650 1.000000
11.901650 11.901650 11.901650 11.901650 11.901650 11.901650 11.901650 11.901650 11.901650 11.901650 6.073465 6.073465 19009975433.331398 11.901650 11.901650 1263429.577259 6.073465 69457.775568 11.901650 11.901650 1.000000
11.901650 11.901650 11.901650 11.901650 11.901650 11.901650 11.901650 11.901650 11.901650 11.901650 6.073465 6.073465 19009975433.331398 11.901650 11.901650 1263429.577259 6.073465 69457.775568 11.901650 11.901650 1.000000
11.901650 11.901650 11.901650 11.901650 11.901650 11.901650 11.901650 11.901650 11.901650 11.901650 6.073465 6.073465 19009975433.331364 11.901650 11.901650 1263429.577259 6.073465 69457.775568 11.901650 11.901650 1.000000
11.901650 11.901650 11.901650 11.901650 11.901650 11.901650 11.901650 11.901650 11.901650 11.901650 6.073465 6.073465 19009975433.331364 11.901650 11.901650 1263429.577259 6.073465 69457.775568 11.901650 11.901650 1.000000
11.901650 11.901650 11.901650 11.901650 11.901650 11.901650 11.901650 11.901650 11.901650 11.901650 6.073465 6.073465 19009975433.331429 11.901650 11.901650 1263429.577259 6.073465 69457.775568 11.901650 11.901650 1.000000
11.901650 11.901650 11.901650 11.901650 11.901650 11.901650 11.901650 11.901650 11.901650 11.901650 6.073465 6.073465 19009975433.331429 11.901650 11.901650 1263429.577259 6.073465 69457.775568 11.901650 11.901650 1.000000
11.901650 11.901650 11.901650 11.901650 11.901650 11.901650 11.901650 11.901650 11.901650 11.901650 6.073465 6.073465 19009975433.331398 11.901650 11.901650 1263429.577259 6.073465 69457.775568 11.901650 11.901650 1.000000
11.901650 11.901650 11.901650 11.901650 11.901650 11.901650 11.901650 11.901650 11.901650 11.901650 6.073465 6.073465 19009975433.331398 11.901650 11.901650 1263429.577259 6.073465 69457.775568 11.901650 11.901650 1.000000
11.904932 11.904932 11.904932 11.904932 11.904932 11.904932 11.904932 11.904932 11.904932 11.904932 6.075074 7.521043 19015291791.294903 11.904932 11.904932 1011026.327881 6.075074 69477.200233 11.904932 11.904932 1.000000
11.901650 11.901650 11.901650 11.901650 11.901650 11.901650 11.901650 11.901650 11.901650 11.901650 6.073465 6.073465 19009975433.331398 11.901650 11.901650 1263429.577259 6.073465 69457.775568 11.901650 11.901650 1.000000
11.901650 11.901650 11.901650 11.901650 11.901650 11.901650 11.901650 11.901650 11.901650 11.901650 6.073465 6.073465 19009975433.331398 11.901650 11.901650 1263429.577259 6.073465 69457.775568 11.901650 11.901650 1.000000
11.901650 11.901650 11.901650 11.901650 11.901650 11.901650 11.901650 11.901650 11.901650 11.901650 6.073465 6.073465 19009975433.331398 11.901650 11.901650 1263429.577259 6.073465 69457.775568 11.901650 11.901650 1.000000
11.901650 11.901650 11.901650 11.901650 11.901650 11.901650 11.901650 11.901650 11.901650 11.901650 6.073465 6.073465 19009975433.331398 11.901650 11.901650 1263429.577259 6.073465 69457.775568 11.901650 11.901650 1.000000
11.901650 11.901650 11.901650 11.901650 11.901650 11.901650 11.901650 11.901650 11.901650 11.901650 6.073465 6.073465 19009975433.331364 11.901650 11.901650 1263429.577259 6.073465 69457.775568 11.901650 11.901650 1.000000
11.901650 11.901650 11.901650 11.901650 11.901650 11.901650 11.901650 11.901650 11.901650 11.901650 6.073465 6.073465 19009975433.331364 11.901650 11.901650 1263429.577259 6.073465 69457.775568 11.901650 11.901650 1.000000
11.901650 11.901650 11.901650 11.901650 11.901650 11.901650 11.901650 11.901650 11.901650 11.901650 6.073465 6.073465 19009975433.331429 11.901650 11.901650 1263429.577259 6.073465 69457.775568 11.901650 11.901650 1.000000
11.901650 11.901650 11.901650 11.901650 11.901650 11.901650 11.901650 11.901650 11.901650 11.901650 6.073465 6.073465 19009975433.331429 11.901650 11.901650 1263429.577259 6.073465 69457.775568 11.901650 11.901650 1.000000
11.904932 11.904932 11.904932 11.904932 11.904932 11.904932 11.904932 11.904932 11.904932 11.904932 6.075074 7.521043 19015291791.294937 11.904932 11.904932 1011026.327881 6.075074 69477.200233 11.904932 11.904932 1.000000
11.901650 11.901650 11.901650 11.901650 11.901650 11.901650 11.901650 11.901650 11.901650 11.901650 6.073465 6.073465 19009975433.331429 11.901650 11.901650 1263429.577259 6.073465 69457.775568 11.901650 11.901650 1.000000
11.904932 11.904932 11.904932 11.904932 11.904932 11.904932 11.904932 11.904932 11.904932 11.904932 7.521043 6.075074 19015291791.294903 11.904932 11.904932 1011026.327881 6.075074 69477.200233 11.904932 11.904932 1.000000
11.901650 11.901650 11.901650 11.901650 11.901650 11.901650 11.901650 11.901650 11.901650 11.901650 6.073465 6.073465 19009975433.331364 11.901650 11.901650 1263429.577259 6.073465 69457.775568 11.901650 11.901650 1.000000
11.901650 11.901650 11.901650 11.901650 11.901650 11.901650 11.901650 11.901650 11.901650 11.901650 6.073465 6.073465 19009975433.331364 11.901650 11.901650 1263429.577259 6.073465 69457.775568 11.901650 11.901650 1.000000
11.901650 11.901650 11.901650 11.901650 11.901650 11.901650 11.901650 11.901650 11.901650 11.901650 6.073465 6.073465 19009975433.331364 11.901650 11.901650 1263429.577259 6.073465 69457.775568 11.901650 11.901650 1.000000
11.901650 11.901650 11.901650 11.901650 11.901650 11.901650 11.901650 11.901650 11.901650 11.901650 6.073465 6.073465 19009975433.331398 11.901650 11.901650 1263429.577259 6.073465 69457.775568 11.901650 11.901650 1.000000
11.904932 11.904932 11.904932 11.904932 11.904932 11.904932 11.904932 11.904932 11.904932 11.904932 7.521043 6.075074 19015291791.294937 11.904932 11.904932 1011026.327881 6.075074 69477.200233 11.904932 11.904932 1.000000
11.901650 11.901650 11.901650 11.901650 11.901650 11.901650 11.901650 11.901650 11.901650 11.901650 6.073465 6.073465 19009975433.331398 11.901650 11.901650 1263429.577259 6.073465 69457.775568 11.901650 11.901650 1.000000
11.901650 11.901650 11.901650 11.901650 11.901650 11.901650 11.901650 11.901650 11.901650 11.901650 6.073465 6.073465 19009975433.331398 11.901650 11.901650 1263429.577259 6.073465 69457.775568 11.901650 11.901650 1.000000
11.901650 11.901650 11.901650 11.901650 11.901650 11.901650 11.901650 11.901650 11.901650 11.901650 6.073465 6.073465 19009975433.331364 11.901650 11.901650 1263429.577259 6.073465 69457.775568 11.901650 11.901650 1.000000
11.836191 11.836191 11.836191 11.836191 11.836191 11.836191 11.836191 11.836191 28970.187592 11.836191 6.041377 6.041377 29252413.927758 11.836191 11.836191 134902.948323 35363.998512 9.288677 11.836191 11.836191 3.095578
11.903376 11.903376 11.903376 11.903376 11.903376 11.903376 11.903376 11.903376 11.903376 11.903376 6.074311 6.074311 15210216517.145536 11.903376 14.841585 1263615.351035 6.074311 69467.988589 11.903376 11.903376 1.000000
11.906474 11.906474 11.906474 11.906474 11.906474 11.906474 11.906474 11.906474 11.906474 11.906474 6.075830 6.075830 2022318.283472 11.906474 11.906474 1263948.927170 6.075830 69486.327131 111178.123396 11.906474 1.000000
11.901650 11.901650 11.901650 11.901650 11.901650 11.901650 11.901650 11.901650 11.901650 11.901650 6.073465 6.073465 23762469176.310097 11.901650 11.901650 22981650.020031 6.073465 2443.828617 11.901650 11.901650 1.000000
11.901650 11.901650 11.901650 11.901650 11.901650 11.901650 11.901650 11.901650 11.901650 11.901650 6.073465 6.073465 19009975433.331463 11.901650 11.901650 1263429.577259 6.073465 69457.775568 11.901650 11.901650 1.000000
11.901650 11.901650 11.901650 11.901650 11.901650 11.901650 11.901650 11.901650 11.901650 11.901650 6.073465 6.073465 19009975433.331463 11.901650 11.901650 1263429.577259 6.073465 69457.775568 11.901650 11.901650 1.000000
11.901650 11.901650 11.901650 11.901650 11.901650 11.901650 11.901650 11.901650 11.901650 11.901650 6.073465 6.073465 19009975433.331398 11.901650 11.901650 1263429.577259 6.073465 69457.775568 11.901650 11.901650 1.000000
11.901650 11.901650 11.901650 11.901650 11.901650 11.901650 11.901650 11.901650 11.901650 11.901650 6.073465 6.073465 19009975433.331398 11.901650 11.901650 1263429.577259 6.073465 69457.775568 11.901650 11.901650 1.000000
11.901650 11.901650 11.901650 11.901650 11.901650 11.901650 11.901650 11.901650 11.901650 11.901650 6.073465 6.073465 19009975433.331398 11.901650 11.901650 1263429.577259 6.073465 69457.775568 11.901650 11.901650 1.000000
11.901650 11.901650 11.901650 11.901650 11.901650 11.901650 11.901650 11.901650 11.901650 11.901650 6.073465 6.073465 19009975433.331398 11.901650 11.901650 1263429.577259 6.073465 69457.775568 11.901650 11.901650 1.000000
11.901650 11.901650 11.901650 11.901650 11.901650 11.901650 11.901650 11.901650 11.901650 11.901650 6.073465 6.073465 19009975433.331398 11.901650 11.901650 1263429.577259 6.073465 69457.775568 11.901650 11.901650 1.000000
11.901650 11.901650 11.901650 11.901650 11.901650 11.901650 11.901650 11.901650 11.901650 11.901650 6.073465 6.073465 19009975433.331398 11.901650 11.901650 1263429.577259 6.073465 69457.775568 11.901650 11.901650 1.000000
11.901650 11.901650 11.901650 11.901650 11.901650 11.901650 11.901650 11.901650 11.901650 11.901650 6.073465 6.073465 19009975433.331398 11.901650 11.901650 1263429.577259 6.073465 69457.775568 11.901650 11.901650 1.000000
11.901650 11.901650 11.901650 11.901650 11.901650 11.901650 11.901650 11.901650 11.901650 11.901650 6.073465 6.073465 19009975433.331398 11.901650 11.901650 1263429.577259 6.073465 69457.775568 11.901650 11.901650 1.000000
11.901650 11.901650 11.901650 11.901650 11.901650 11.901650 11.901650 11.901650 11.901650 11.901650 6.073465 6.073465 19009975433.331398 11.901650 11.901650 1263429.577259 6.073465 69457.775568 11.901650 11.901650 1.000000
11.901650 11.901650 11.901650 11.901650 11.901650 11.901650 11.901650 11.901650 11.901650 11.901650 6.073465 6.073465 19009975433.331398 11.901650 11.901650 1263429.577259 6.073465 69457.775568 11.901650 11.901650 1.000000
11.901650 11.901650 11.901650 11.901650 11.901650 11.901650 11.901650 11.901650 11.901650 11.901650 6.073465 6.073465 19009975433.331398 11.901650 11.901650 1263429.577259 6.073465 69457.775568 11.901650 11.901650 1.000000
11.901650 11.901650 11.901650 11.901650 11.901650 11.901650 11.901650 11.901650 11.901650 11.901650 6.073465 6.073465 19009975433.331398 11.901650 11.901650 1263429.577259 6.073465 69457.775568 11.901650 11.901650 1.000000
11.901650 11.901650 11.901650 11.901650 11.901650 11.901650 11.901650 11.901650 11.901650 11.901650 6.073465 6.073465 19009975433.331398 11.901650 11.901650 1263429.577259 6.073465 69457.775568 11.901650 11.901650 1.000000
11.901650 11.901650 11.901650 11.901650 11.901650 11.901650 11.901650 11.901650 11.901650 11.901650 6.073465 6.073465 19009975433.331398 11.901650 11.901650 1263429.577259 6.073465 69457.775568 11.901650 11.901650 1.000000
11.901650 11.901650 11.901650 11.901650 11.901650 11.901650 11.901650 11.901650 11.901650 11.901650 6.073465 6.073465 19009975433.331398 11.901650 11.901650 1263429.577259 6.073465 69457.775568 11.901650 11.901650 1.000000
11.901650 11.901650 11.901650 11.901650 11.901650 11.901650 11.901650 11.901650 11.901650 11.901650 6.073465 6.073465 19009975433.331398 11.901650 11.901650 1263429.577259 6.073465 69457.775568 11.901650 11.901650 1.000000
11.901650 11.901650 11.901650 11.901650 11.901650 11.901650 11.901650 11.901650 11.901650 11.901650 6.073465 6.073465 19009975433.331398 11.901650 11.901650 1263429.577259 6.073465 69457.775568 11.901650 11.901650 1.000000
11.901650 11.901650 11.901650 11.901650 11.901650 11.901650 11.901650 11.901650 11.901650 11.901650 6.073465 6.073465 19009975433.331398 11.901650 11.901650 1263429.577259 6.073465 69457.775568 11.901650 11.901650 1.000000
11.903376 11.903376 11.903376 11.903376 11.903376 11.903376 11.903376 11.903376 11.903376 11.903376 6.074311 6.074311 15210216517.145563 11.903376 11.903376 1263615.351035 6.074311 69467.988589 14.841585 11.903376 1.000000
11.901650 11.901650 11.901650 11.901650 11.901650 11.901650 11.901650 11.901650 11.901650 11.901650 6.073465 6.073465 19009975433.331398 11.901650 11.901650 1263429.577259 6.073465 69457.775568 11.901650 11.901650 1.000000
11.901650 11.901650 11.901650 11.901650 11.901650 11.901650 11.901650 11.901650 11.901650 11.901650 6.073465 6.073465 19009975433.331398 11.901650 11.901650 1263429.577259 6.073465 69457.775568 11.901650 11.901650 1.000000
11.901650 11.901650 11.901650 11.901650 11.901650 11.901650 11.901650 11.901650 11.901650 11.901650 6.073465 6.073465 19009975433.331398 11.901650 11.901650 1263429.577259 6.073465 69457.775568 11.901650 11.901650 1.000000
11.901650 11.901650 11.901650 11.901650 11.901650 11.901650 11.901650 11.901650 11.901650 11.901650 6.073465 6.073465 19009975433.331398 11.901650 11.901650 1263429.577259 6.073465 69457.775568 11.901650 11.901650 1.000000
11.901650 11.901650 11.901650 11.901650 11.901650 11.901650 11.901650 11.901650 11.901650 11.901650 6.073465 6.073465 19009975433.331398 11.901650 11.901650 1263429.577259 6.073465 69457.775568 11.901650 11.901650 1.000000
11.901650 11.901650 11.901650 11.901650 11.901650 11.901650 11.901650 11.901650 11.901650 11.901650 6.073465 6.073465 19009975433.331364 11.901650 11.901650 1263429.577259 6.073465 69457.775568 11.901650 11.901650 1.000000
11.901650 11.901650 11.901650 11.901650 11.901650 11.901650 11.901650 11.901650 11.901650 11.901650 6.073465 6.073465 19009975433.331398 11.901650 11.901650 1263429.577259 6.073465 69457.775568 11.901650 11.901650 1.000000
11.901650 11.901650 11.901650 11.901650 11.901650 11.901650 11.901650 11.901650 11.901650 11.901650 6.073465 6.073465 19009975433.331398 11.901650 11.901650 1263429.577259 6.073465 69457.775568 11.901650 11.901650 1.000000
11.901650 11.901650 11.901650 11.901650 11.901650 11.901650 11.901650 11.901650 11.901650 11.901650 6.073465 6.073465 19009975433.331398 11.901650 11.901650 1263429.577259 6.073465 69457.775568 11.901650 11.901650 1.000000
11.901650 11.901650 11.901650 11.901650 11.901650 11.901650 11.901650 11.901650 11.901650 11.901650 6.073465 6.073465 19009975433.331398 11.901650 11.901650 1263429.577259 6.073465 69457.775568 11.901650 11.901650 1.000000
11.901650 11.901650 11.901650 11.901650 11.901650 11.901650 11.901650 11.901650 11.901650 11.901650 6.073465 6.073465 19009975433.331398 11.901650 11.901650 1263429.577259 6.073465 69457.775568 11.901650 11.901650 1.000000
11.901650 11.901650 11.901650 11.901650 11.901650 11.901650 11.901650 11.901650 11.901650 11.901650 6.073465 6.073465 19009975433.331398 11.901650 11.901650 1263429.577259 6.073465 69457.775568 11.901650 11.901650 1.000000
11.901650 11.901650 11.901650 11.901650 11.901650 11.901650 11.901650 11.901650 11.901650 11.901650 6.073465 6.073465 19009975433.331398 11.901650 11.901650 1263429.577259 6.073465 69457.775568 11.901650 11.901650 1.000000
11.901650 11.901650 11.901650 11.901650 11.901650 11.901650 11.901650 11.901650 11.901650 11.901650 6.073465 6.073465 19009975433.331398 11.901650 11.901650 1263429.577259 6.073465 69457.775568 11.901650 11.901650 1.000000
11.901650 11.901650 11.901650 11.901650 11.901650 11.901650 11.901650 11.901650 11.901650 11.901650 6.073465 6.073465 19009975433.331398 11.901650 11.901650 1263429.577259 6.073465 69457.775568 11.901650 11.901650 1.000000
11.901650 11.901650 11.901650 11.901650 11.901650 11.901650 11.901650 11.901650 11.901650 11.901650 6.073465 6.073465 19009975433.331398 11.901650 11.901650 1263429.577259 6.073465 69457.775568 11.901650 11.901650 1.000000
11.901650 11.901650 11.901650 11.901650 11.901650 11.901650 11.901650 11.901650 11.901650 11.901650 6.073465 6.073465 19009975433.331398 11.901650 11.901650 1263429.577259 6.073465 69457.775568 11.901650 11.901650 1.000000
11.901650 11.901650 11.901650 11.901650 11.901650 11.901650 11.901650 11.901650 11.901650 11.901650 6.073465 6.073465 19009975433.331398 11.901650 11.901650 1263429.577259 6.073465 69457.775568 11.901650 11.901650 1.000000
11.901650 11.901650 11.901650 11.901650 11.901650 11.901650 11.901650 11.901650 11.901650 11.901650 6.073465 6.073465 19009975433.331398 11.901650 11.901650 1263429.577259 6.073465 69457.775568 11.901650 11.901650 1.000000
11.901650 11.901650 11.901650 11.901650 11.901650 11.901650 11.901650 11.901650 11.901650 11.901650 6.073465 6.073465 19009975433.331398 11.901650 11.901650 1263429.577259 6.073465 69457.775568 11.901650 11.901650 1.000000
11.901650 11.901650 11.901650 11.901650 11.901650 11.901650 11.901650 11.901650 11.901650 11.901650 6.073465 6.073465 19009975433.331398 11.901650 11.901650 1263429.577259 6.073465 69457.775568 11.901650 11.901650 1.000000
11.901650 11.901650 11.901650 11.901650 11.901650 11.901650 11.901650 11.901650 11.901650 11.901650 6.073465 6.073465 19009975433.331398 11.901650 11.901650 1263429.577259 6.073465 69457.775568 11.901650 11.901650 1.000000
11.901650 11.901650 11.901650 11.901650 11.901650 11.901650 11.901650 11.901650 11.901650 11.901650 6.073465 6.073465 19009975433.331398 11.901650 11.901650 1263429.577259 6.073465 69457.775568 11.901650 11.901650 1.000000
11.901650 11.901650 11.901650 11.901650 11.901650 11.901650 11.901650 11.901650 11.901650 11.901650 6.073465 6.073465 19009975433.331398 11.901650 11.901650 1263429.577259 6.073465 69457.775568 11.901650 11.901650 1.000000
11.901650 11.901650 11.901650 11.901650 11.901650 11.901650 11.901650 11.901650 11.901650 11.901650 6.073465 6.073465 19009975433.331398 11.901650 11.901650 1263429.577259 6.073465 69457.775568 11.901650 11.901650 1.000000
11.901650 11.901650 11.901650 11.901650 11.901650 11.901650 11.901650 11.901650 11.901650 11.901650 6.073465 6.073465 19009975433.331398 11.901650 11.901650 1263429.577259 6.073465 69457.775568 11.901650 11.901650 1.000000
11.901650 11.901650 11.901650 11.901650 11.901650 11.901650 11.901650 11.901650 11.901650 11.901650 6.073465 6.073465 19009975433.331398 11.901650 11.901650 1263429.577259 6.073465 69457.775568 11.901650 11.901650 1.000000
11.901650 11.901650 11.901650 11.901650 11.901650 11.901650 11.901650 11.901650 11.901650 11.901650 6.073465 6.073465 19009975433.331463 11.901650 11.901650 1263429.577259 6.073465 69457.775568 11.901650 11.901650 1.000000
11.901650 11.901650 11.901650 11.901650 11.901650 11.901650 11.901650 11.901650 11.901650 11.901650 6.073465 6.073465 19009975433.331398 11.901650 11.901650 1263429.577259 6.073465 69457.775568 11.901650 11.901650 1.000000
11.901650 11.901650 11.901650 11.901650 11.901650 11.901650 11.901650 11.901650 11.901650 11.901650 6.073465 6.073465 19009975433.331398 11.901650 11.901650 1263429.577259 6.073465 69457.775568 11.901650 11.901650 1.000000
11.901650 11.901650 11.901650 11.901650 11.901650 11.901650 11.901650 11.901650 11.901650 11.901650 6.073465 6.073465 19009975433.331398 11.901650 11.901650 1263429.577259 6.073465 69457.775568 11.901650 11.901650 1.000000
11.901650 11.901650 11.901650 11.901650 11.901650 11.901650 11.901650 11.901650 11.901650 11.901650 6.073465 6.073465 19009975433.331398 11.901650 11.901650 1263429.577259 6.073465 69457.775568 11.901650 11.901650 1.000000
11.901650 11.901650 11.901650 11.901650 11.901650 11.901650 11.901650 11.901650 11.901650 11.901650 6.073465 6.073465 19009975433.331398 11.901650 11.901650 1263429.577259 6.073465 69457.775568 11.901650 11.901650 1.000000
11.901650 11.901650 11.901650 11.901650 11.901650 11.901650 11.901650 11.901650 11.901650 11.901650 6.073465 6.073465 19009975433.331398 11.901650 11.901650 1263429.577259 6.073465 69457.775568 11.901650 11.901650 1.000000
11.901650 11.901650 11.901650 11.901650 11.901650 11.901650 11.901650 11.901650 11.901650 11.901650 6.073465 6.073465 19009975433.331398 11.901650 11.901650 1263429.577259 6.073465 69457.775568 11.901650 11.901650 1.000000
11.901650 11.901650 11.901650 11.901650 11.901650 11.901650 11.901650 11.901650 11.901650 11.901650 6.073465 6.073465 19009975433.331398 11.901650 11.901650 1263429.577259 6.073465 69457.775568 11.901650 11.901650 1.000000
11.901650 11.901650 11.901650 11.901650 11.901650 11.901650 11.901650 11.901650 11.901650 11.901650 6.073465 6.073465 19009975433.331398 11.901650 11.901650 1263429.577259 6.073465 69457.775568 11.901650 11.901650 1.000000
11.901650 11.901650 11.901650 11.901650 11.901650 11.901650 11.901650 11.901650 11.901650 11.901650 6.073465 6.073465 19009975433.331398 11.901650 11.901650 1263429.577259 6.073465 69457.775568 11.901650 11.901650 1.000000
11.901650 11.901650 11.901650 11.901650 11.901650 11.901650 11.901650 11.901650 11.901650 11.901650 6.073465 6.073465 19009975433.331398 11.901650 11.901650 1263429.577259 6.073465 69457.775568 11.901650 11.901650 1.000000
11.901650 11.901650 11.901650 11.901650 11.901650 11.901650 11.901650 11.901650 11.901650 11.901650 6.073465 6.073465 19009975433.331398 11.901650 11.901650 1263429.577259 6.073465 69457.775568 11.901650 11.901650 1.000000
11.901650 11.901650 11.901650 11.901650 11.901650 11.901650 11.901650 11.901650 11.901650 11.901650 6.073465 6.073465 19009975433.331398 11.901650 11.901650 1263429.577259 6.073465 69457.775568 11.901650 11.901650 1.000000
11.901650 11.901650 11.901650 11.901650 11.901650 11.901650 11.901650 11.901650 11.901650 11.901650 6.073465 6.073465 19009975433.331398 11.901650 11.901650 1263429.577259 6.073465 69457.775568 11.901650 11.901650 1.000000
11.901650 11.901650 11.901650 11.901650 11.901650 11.901650 11.901650 11.901650 11.901650 11.901650 6.073465 6.073465 19009975433.331398 11.901650 11.901650 1263429.577259 6.073465 69457.775568 11.901650 11.901650 1.000000
11.901650 11.901650 11.901650 11.901650 11.901650 11.901650 11.901650 11.901650 11.901650 11.901650 6.073465 6.073465 19009975433.331398 11.901650 11.901650 1263429.577259 6.073465 69457.775568 11.901650 11.901650 1.000000
11.901650 11.901650 11.901650 11.901650 11.901650 11.901650 11.901650 11.901650 11.901650 11.901650 6.073465 6.073465 19009975433.331398 11.901650 11.901650 1263429.577259 6.073465 69457.775568 11.901650 11.901650 1.000000
11.901650 11.901650 11.901650 11.901650 11.901650 11.901650 11.901650 11.901650 11.901650 11.901650 6.073465 6.073465 19009975433.331398 11.901650 11.901650 1263429.577259 6.073465 69457.775568 11.901650 11.901650 1.000000
11.901650 11.901650 11.901650 11.901650 11.901650 11.901650 11.901650 11.901650 11.901650 11.901650 6.073465 6.073465 19009975433.331398 11.901650 11.901650 1263429.577259 6.073465 69457.775568 11.901650 11.901650 1.000000
11.901650 11.901650 11.901650 11.901650 11.901650 11.901650 11.901650 11.901650 11.901650 11.901650 6.073465 6.073465 19009975433.331398 11.901650 11.901650 1263429.577259 6.073465 69457.775568 11.901650 11.901650 1.000000
11.901650 11.901650 11.901650 11.901650 11.901650 11.901650 11.901650 11.901650 11.901650 11.901650 6.073465 6.073465 19009975433.331398 11.901650 11.901650 1263429.577259 6.073465 69457.775568 11.901650 11.901650 1.000000
11.901650 11.901650 11.901650 11.901650 11.901650 11.901650 11.901650 11.901650 11.901650 11.901650 6.073465 6.073465 19009975433.331398 11.901650 11.901650 1263429.577259 6.073465 69457.775568 11.901650 11.901650 1.000000
11.901650 11.901650 11.901650 11.901650 11.901650 11.901650 11.901650 11.901650 11.901650 11.901650 6.073465 6.073465 19009975433.331398 11.901650 11.901650 1263429.577259 6.073465 69457.775568 11.901650 11.901650 1.000000
11.901650 11.901650 11.901650 11.901650 11.901650 11.901650 11.901650 11.901650 11.901650 11.901650 6.073465 6.073465 19009975433.331398 11.901650 11.901650 1263429.577259 6.073465 69457.775568 11.901650 11.901650 1.000000
11.901650 11.901650 11.901650 11.901650 11.901650 11.901650 11.901650 11.901650 11.901650 11.901650 6.073465 6.073465 19009975433.331398 11.901650 11.901650 1263429.577259 6.073465 69457.775568 11.901650 11.901650 1.000000
11.901650 11.901650 11.901650 11.901650 11.901650 11.901650 11.901650 11.901650 11.901650 11.901650 6.073465 6.073465 19009975433.331398 11.901650 11.901650 1263429.577259 6.073465 69457.775568 11.901650 11.901650 1.000000
11.901650 11.901650 11.901650 11.901650 11.901650 11.901650 11.901650 11.901650 11.901650 11.901650 6.073465 6.073465 19009975433.331398 11.901650 11.901650 1263429.577259 6.073465 69457.775568 11.901650 11.901650 1.000000
11.901650 11.901650 11.901650 11.901650 11.901650 11.901650 11.901650 11.901650 11.901650 11.901650 6.073465 6.073465 19009975433.331398 11.901650 11.901650 1263429.577259 6.073465 69457.775568 11.901650 11.901650 1.000000
11.901650 11.901650 11.901650 11.901650 11.901650 11.901650 11.901650 11.901650 11.901650 11.901650 6.073465 6.073465 19009975433.331398 11.901650 11.901650 1263429.577259 6.073465 69457.775568 11.901650 11.901650 1.000000
11.901650 11.901650 11.901650 11.901650 11.901650 11.901650 11.901650 11.901650 11.901650 11.901650 6.073465 6.073465 19009975433.331398 11.901650 11.901650 1263429.577259 6.073465 69457.775568 11.901650 11.901650 1.000000
11.901650 11.901650 11.901650 11.901650 11.901650 11.901650 11.901650 11.901650 11.901650 11.901650 6.073465 6.073465 19009975433.331398 11.901650 11.901650 1263429.577259 6.073465 69457.775568 11.901650 11.901650 1.000000
11.901650 11.901650 11.901650 11.901650 11.901650 11.901650 11.901650 11.901650 11.901650 11.901650 6.073465 6.073465 19009975433.331398 11.901650 11.901650 1263429.577259 6.073465 69457.775568 11.901650 11.901650 1.000000
11.901650 11.901650 11.901650 11.901650 11.901650 11.901650 11.901650 11.901650 11.901650 11.901650 6.073465 6.073465 19009975433.331398 11.901650 11.901650 1263429.577259 6.073465 69457.775568 11.901650 11.901650 1.000000
11.901650 11.901650 11.901650 11.901650 11.901650 11.901650 11.901650 11.901650 11.901650 11.901650 6.073465 6.073465 19009975433.331398 11.901650 11.901650 1263429.577259 6.073465 69457.775568 11.901650 11.901650 1.000000
11.901650 11.901650 11.901650 11.901650 11.901650 11.901650 11.901650 11.901650 11.901650 11.901650 6.073465 6.073465 19009975433.331429 11.901650 11.901650 1263429.577259 6.073465 69457.775568 11.901650 11.901650 1.000000
11.901650 11.901650 11.901650 11.901650 11.901650 11.901650 11.901650 11.901650 11.901650 11.901650 6.073465 6.073465 19009975433.331429 11.901650 11.901650 1263429.577259 6.073465 69457.775568 11.901650 11.901650 1.000000
11.901650 11.901650 11.901650 11.901650 11.901650 11.901650 11.901650 11.901650 11.901650 11.901650 6.073465 6.073465 19009975433.331429 11.901650 11.901650 1263429.577259 6.073465 69457.775568 11.901650 11.901650 1.000000
11.901650 11.901650 11.901650 11.901650 11.901650 11.901650 11.901650 11.901650 11.901650 11.901650 6.073465 6.073465 19009975433.331429 11.901650 11.901650 1263429.577259 6.073465 69457.775568 11.901650 11.901650 1.000000
11.901650 11.901650 11.901650 11.901650 11.901650 11.901650 11.901650 11.901650 11.901650 11.901650 6.073465 6.073465 19009975433.331429 11.901650 11.901650 1263429.577259 6.073465 69457.775568 11.901650 11.901650 1.000000
11.901650 11.901650 11.901650 11.901650 11.901650 11.901650 11.901650 11.901650 11.901650 11.901650 6.073465 6.073465 19009975433.331429 11.901650 11.901650 1263429.577259 6.073465 69457.775568 11.901650 11.901650 1.000000
11.901650 11.901650 11.901650 11.901650 11.901650 11.901650 11.901650 11.901650 11.901650 11.901650 6.073465 6.073465 19009975433.331429 11.901650 11.901650 1263429.577259 6.073465 69457.775568 11.901650 11.901650 1.000000
11.901650 11.901650 11.901650 11.901650 11.901650 11.901650 11.901650 11.901650 11.901650 11.901650 6.073465 6.073465 19009975433.331429 11.901650 11.901650 1263429.577259 6.073465 69457.775568 11.901650 11.901650 1.000000
11.901650 11.901650 11.901650 11.901650 11.901650 11.901650 11.901650 11.901650 11.901650 11.901650 6.073465 6.073465 19009975433.331429 11.901650 11.901650 1263429.577259 6.073465 69457.775568 11.901650 11.901650 1.000000
11.901650 11.901650 11.901650 11.901650 11.901650 11.901650 11.901650 11.901650 11.901650 11.901650 6.073465 6.073465 19009975433.331429 11.901650 11.901650 1263429.577259 6.073465 69457.775568 11.901650 11.901650 1.000000
11.901650 11.901650 11.901650 11.901650 11.901650 11.901650 11.901650 11.901650 11.901650 11.901650 6.073465 6.073465 19009975433.331429 11.901650 11.901650 1263429.577259 6.073465 69457.775568 11.901650 11.901650 1.000000
11.901650 11.901650 11.901650 11.901650 11.901650 11.901650 11.901650 11.901650 11.901650 11.901650 6.073465 6.073465 19009975433.331429 11.901650 11.901650 1263429.577259 6.073465 69457.775568 11.901650 11.901650 1.000000
11.901650 11.901650 11.901650 11.901650 11.901650 11.901650 11.901650 11.901650 11.901650 11.901650 6.073465 6.073465 19009975433.331429 11.901650 11.901650 1263429.577259 6.073465 69457.775568 11.901650 11.901650 1.000000
11.901650 11.901650 11.901650 11.901650 11.901650 11.901650 11.901650 11.901650 11.901650 11.901650 6.073465 6.073465 19009975433.331429 11.901650 11.901650 1263429.577259 6.073465 69457.775568 11.901650 11.901650 1.000000
11.901650 11.901650 11.901650 11.901650 11.901650 11.901650 11.901650 11.901650 11.901650 11.901650 6.073465 6.073465 19009975433.331429 11.901650 11.901650 1263429.577259 6.073465 69457.775568 11.901650 11.901650 1.000000
11.901650 11.901650 11.901650 11.901650 11.901650 11.901650 11.901650 11.901650 11.901650 11.901650 6.073465 6.073465 19009975433.331429 11.901650 11.901650 1263429.577259 6.073465 69457.775568 11.901650 11.901650 1.000000
11.901650 11.901650 11.901650 11.901650 11.901650 11.901650 11.901650 11.901650 11.901650 11.901650 6.073465 6.073465 19009975433.331429 11.901650 11.901650 1263429.577259 6.073465 69457.775568 11.901650 11.901650 1.000000
11.901650 11.901650 11.901650 11.901650 11.901650 11.901650 11.901650 11.901650 11.901650 11.901650 6.073465 6.073465 19009975433.331429 11.901650 11.901650 1263429.577259 6.073465 69457.775568 11.901650 11.901650 1.000000
11.901650 11.901650 11.901650 11.901650 11.901650 11.901650 11.901650 11.901650 11.901650 11.901650 6.073465 6.073465 19009975433.331429 11.901650 11.901650 1263429.577259 6.073465 69457.775568 11.901650 11.901650 1.000000
11.901650 11.901650 11.901650 11.901650 11.901650 11.901650 11.901650 11.901650 11.901650 11.901650 6.073465 6.073465 19009975433.331429 11.901650 11.901650 1263429.577259 6.073465 69457.775568 11.901650 11.901650 1.000000
11.901650 11.901650 11.901650 11.901650 11.901650 11.901650 11.901650 11.901650 11.901650 11.901650 6.073465 6.073465 19009975433.331429 11.901650 11.901650 1263429.577259 6.073465 69457.775568 11.901650 11.901650 1.000000
