0.000000 0.000000 0.000000 0.000000 0.000000 0.000000 0.000000 0.000000 0.000000 0.000000 0.000000 0.000000 0.000000 0.000000 0.000000 0.000000 0.000000 0.000000 0.000000 0.000000 0.000000
0.084185 0.084185 0.084185 0.084185 0.084185 0.084185 0.084185 0.084185 0.007283 0.003729 0.018202 0.022748 0.000400 0.054104 0.000205 0.000001 0.055395 0.022748 0.034687 0.001222 1.000000
0.084179 0.084179 0.084179 0.084179 0.084179 0.084179 0.084179 0.084179 0.003729 0.002983 0.044361 0.014562 0.000782 0.054100 0.000205 0.000002 0.035514 0.022746 0.009102 0.004661 1.000000
0.084171 0.084171 0.084171 0.084171 0.084171 0.084171 0.084171 0.084171 0.002983 0.007281 0.044357 0.044357 0.001527 0.017772 0.000205 0.000004 0.014560 0.014560 0.027756 0.000977 1.000000
0.084193 0.084193 0.084193 0.084193 0.084193 0.084193 0.084193 0.084193 0.002983 0.003729 0.107287 0.014564 0.003729 0.014223 0.000043 0.000002 0.011652 0.035520 0.034690 0.003729 1.000000
0.084699 0.084699 0.084699 0.084699 0.084699 0.084699 0.084699 0.084699 0.011449 0.014310 0.022889 0.014653 0.007328 0.003002 0.004690 0.000001 0.028602 0.044639 0.000403 0.000787 1.000000
0.084240 0.084240 0.084240 0.084240 0.084240 0.084240 0.084240 0.084240 0.002985 0.001910 0.165060 0.011659 0.000321 0.034709 0.000626 0.000001 0.055431 0.044394 0.011386 0.004664 1.000000
0.084173 0.084173 0.084173 0.084173 0.084173 0.084173 0.084173 0.084173 0.003728 0.017773 0.044358 0.055387 0.000400 0.014220 0.000034 0.000003 0.022745 0.014561 0.011377 0.017773 1.000000
0.084182 0.084182 0.084182 0.084182 0.084182 0.084182 0.084182 0.084182 0.002983 0.005826 0.018201 0.028425 0.002983 0.005826 0.000164 0.000000 0.069122 0.069122 0.011378 0.007282 1.000000
0.084163 0.084163 0.084163 0.084163 0.084163 0.084163 0.084163 0.084163 0.003728 0.022209 0.022742 0.035508 0.000782 0.009101 0.002386 0.000005 0.022742 0.007455 0.002982 0.001222 1.000000
0.084186 0.084186 0.084186 0.084186 0.084186 0.084186 0.084186 0.084186 0.003729 0.011378 0.022748 0.028427 0.001909 0.022215 0.000009 0.000000 0.055395 0.069125 0.007283 0.034687 1.000000
0.084183 0.084183 0.084183 0.084183 0.084183 0.084183 0.084183 0.084183 0.001222 0.043328 0.055394 0.028426 0.001222 0.004661 0.000400 0.000001 0.044364 0.035516 0.000977 0.022215 1.000000
0.084699 0.084699 0.084699 0.084699 0.084699 0.084699 0.084699 0.084699 0.003752 0.009159 0.018314 0.011723 0.002401 0.017885 0.000106 0.000001 0.035736 0.035736 0.011449 0.003752 1.000000
0.084706 0.084706 0.084706 0.084706 0.084706 0.084706 0.084706 0.084706 0.002401 0.027935 0.018316 0.028605 0.000630 0.004690 0.000165 0.000001 0.055740 0.022890 0.007328 0.017887 1.000000
0.084163 0.084163 0.084163 0.084163 0.084163 0.084163 0.084163 0.084163 0.002386 0.009101 0.035507 0.018197 0.000500 0.011375 0.004660 0.000002 0.022742 0.028419 0.002982 0.002386 1.000000
0.084174 0.084174 0.084174 0.084174 0.084174 0.084174 0.084174 0.084174 0.004660 0.004660 0.044359 0.044359 0.001527 0.017773 0.000400 0.000001 0.035512 0.044359 0.003728 0.002386 1.000000
0.084178 0.084178 0.084178 0.084178 0.084178 0.084178 0.084178 0.084178 0.002983 0.034684 0.018200 0.069119 0.002386 0.003729 0.000105 0.000002 0.028424 0.035514 0.002983 0.009102 1.000000
0.084175 0.084175 0.084175 0.084175 0.084175 0.084175 0.084175 0.084175 0.002983 0.022213 0.014561 0.014561 0.000105 0.005826 0.000977 0.000002 0.018200 0.055388 0.003728 0.043324 1.000000
0.084736 0.084736 0.084736 0.084736 0.084736 0.084736 0.084736 0.084736 0.003754 0.007331 0.069579 0.006006 0.000106 0.017893 0.000206 0.000000 0.069579 0.055760 0.054461 0.009164 1.000000
0.084185 0.084185 0.084185 0.084185 0.084185 0.084185 0.084185 0.084185 0.002386 0.003729 0.069125 0.011651 0.001527 0.017775 0.000084 0.000001 0.035517 0.044365 0.003729 0.043329 1.000000
0.084710 0.084710 0.084710 0.084710 0.084710 0.084710 0.084710 0.084710 0.001921 0.014312 0.028606 0.011725 0.003752 0.014312 0.000403 0.000001 0.022891 0.069558 0.000322 0.027936 1.000000
0.084171 0.084171 0.084171 0.084171 0.084171 0.084171 0.084171 0.084171 0.001527 0.011376 0.035511 0.044357 0.000977 0.014220 0.000105 0.000002 0.035511 0.028422 0.022212 0.004660 1.000000
0.084170 0.084170 0.084170 0.084170 0.084170 0.084170 0.084170 0.084170 0.004660 0.014219 0.005965 0.022744 0.005825 0.034680 0.000028 0.000002 0.035510 0.022744 0.001222 0.022211 1.000000
0.084165 0.084165 0.084165 0.084165 0.084165 0.084165 0.084165 0.084165 0.003728 0.007281 0.035508 0.018197 0.009101 0.027754 0.000977 0.000003 0.014559 0.022742 0.000320 0.002386 1.000000
0.084709 0.084709 0.084709 0.084709 0.084709 0.084709 0.084709 0.084709 0.002402 0.011450 0.022891 0.018316 0.000165 0.011450 0.000630 0.000001 0.055742 0.055742 0.007329 0.017887 1.000000
0.084164 0.084164 0.084164 0.084164 0.084164 0.084164 0.084164 0.084164 0.003728 0.011375 0.028419 0.014559 0.000782 0.022209 0.000256 0.000002 0.022742 0.028419 0.003728 0.007281 1.000000
0.084272 0.084272 0.084272 0.084272 0.084272 0.084272 0.084272 0.084272 0.000321 0.067590 0.069197 0.028456 0.084272 0.005832 0.022238 0.000000 0.086265 0.107387 0.000028 0.000321 1.000000
0.084252 0.084252 0.084252 0.084252 0.084252 0.084252 0.084252 0.084252 0.001223 0.067573 0.086244 0.133352 0.003732 0.054148 0.000022 0.000007 0.001252 0.014575 0.004665 0.001911 1.000000
0.084264 0.084264 0.084264 0.084264 0.084264 0.084264 0.084264 0.084264 0.000321 0.017792 0.086257 0.107377 0.001529 0.054156 0.000006 0.000000 0.107377 0.086257 0.017792 0.017792 1.000000
0.084201 0.084201 0.084201 0.084201 0.084201 0.084201 0.084201 0.084201 0.001910 0.005827 0.069138 0.022752 0.001528 0.054114 0.000164 0.000002 0.086192 0.007459 0.017779 0.000978 1.000000
0.084246 0.084246 0.084246 0.084246 0.084246 0.084246 0.084246 0.084246 0.000978 0.004664 0.044397 0.086238 0.017788 0.034712 0.000018 0.000000 0.133343 0.086238 0.003732 0.007288 1.000000
0.084233 0.084233 0.084233 0.084233 0.084233 0.084233 0.084233 0.084233 0.002388 0.002985 0.086225 0.107338 0.001223 0.067558 0.001910 0.000005 0.001565 0.055427 0.027777 0.000067 1.000000
0.084275 0.084275 0.084275 0.084275 0.084275 0.084275 0.084275 0.084275 0.000321 0.017794 0.107390 0.086268 0.002986 0.022239 0.004666 0.000000 0.107390 0.133388 0.000979 0.000501 1.000000
0.084218 0.084218 0.084218 0.084218 0.084218 0.084218 0.084218 0.084218 0.007286 0.003730 0.069152 0.003056 0.001910 0.034700 0.001222 0.000000 0.107318 0.086209 0.000978 0.002984 1.000000
0.084273 0.084273 0.084273 0.084273 0.084273 0.084273 0.084273 0.084273 0.000084 0.084273 0.035554 0.107388 0.000979 0.054161 0.000043 0.000000 0.086266 0.055453 0.054161 0.001911 1.000000
0.084220 0.084220 0.084220 0.084220 0.084220 0.084220 0.084220 0.084220 0.000782 0.002984 0.086212 0.069153 0.000320 0.034701 0.000782 0.000001 0.107321 0.018209 0.017783 0.003730 1.000000
0.084226 0.084226 0.084226 0.084226 0.084226 0.084226 0.084226 0.084226 0.000401 0.027775 0.107329 0.014570 0.000626 0.014229 0.000131 0.000001 0.107329 0.028441 0.004663 0.043350 1.000000
0.084266 0.084266 0.084266 0.084266 0.084266 0.084266 0.084266 0.084266 0.000401 0.014236 0.055448 0.107379 0.000626 0.034720 0.003732 0.000000 0.035551 0.165109 0.002986 0.000783 1.000000
0.084235 0.084235 0.084235 0.084235 0.084235 0.084235 0.084235 0.084235 0.002388 0.000043 0.055428 0.044391 0.001528 0.009109 0.001910 0.000000 0.107340 0.086227 0.067560 0.009109 1.000000
0.084245 0.084245 0.084245 0.084245 0.084245 0.084245 0.084245 0.084245 0.027781 0.000401 0.107353 0.055435 0.000014 0.014232 0.001223 0.000005 0.133342 0.001002 0.022231 0.034712 1.000000
0.084261 0.084261 0.084261 0.084261 0.084261 0.084261 0.084261 0.084261 0.001529 0.000978 0.165100 0.044405 0.007289 0.043368 0.000105 0.000001 0.044405 0.086254 0.027787 0.000783 1.000000
0.084214 0.084214 0.084214 0.084214 0.084214 0.084214 0.084214 0.084214 0.007285 0.009106 0.055414 0.069149 0.002984 0.043344 0.000084 0.000007 0.000086 0.107314 0.027771 0.000401 1.000000
0.084204 0.084204 0.084204 0.084204 0.084204 0.084204 0.084204 0.084204 0.002984 0.002984 0.055407 0.018206 0.002984 0.034694 0.000014 0.000000 0.086195 0.069140 0.005828 0.034694 1.000000
0.084743 0.084743 0.084743 0.084743 0.084743 0.084743 0.084743 0.084743 0.001230 0.005865 0.107982 0.009384 0.000984 0.007332 0.000206 0.000001 0.055765 0.069585 0.007332 0.034919 1.000000
0.084195 0.084195 0.084195 0.084195 0.084195 0.084195 0.084195 0.084195 0.001909 0.054111 0.069133 0.055402 0.000626 0.004662 0.005827 0.000006 0.000055 0.055402 0.002983 0.002983 1.000000
0.084218 0.084218 0.084218 0.084218 0.084218 0.084218 0.084218 0.084218 0.011383 0.005829 0.086209 0.000801 0.000978 0.034700 0.000054 0.000001 0.107318 0.028438 0.043346 0.002387 1.000000
0.084244 0.084244 0.084244 0.084244 0.084244 0.084244 0.084244 0.084244 0.000205 0.084244 0.107351 0.022764 0.022231 0.043359 0.000011 0.000001 0.055434 0.055434 0.001911 0.005830 1.000000
0.084215 0.084215 0.084215 0.084215 0.084215 0.084215 0.084215 0.084215 0.004663 0.001910 0.133296 0.011656 0.001222 0.054124 0.000105 0.000005 0.007460 0.018208 0.022223 0.002984 1.000000
0.084208 0.084208 0.084208 0.084208 0.084208 0.084208 0.084208 0.084208 0.001222 0.005828 0.055410 0.022754 0.000401 0.054119 0.000105 0.000000 0.055410 0.086200 0.004662 0.034696 1.000000
0.084213 0.084213 0.084213 0.084213 0.084213 0.084213 0.084213 0.084213 0.001528 0.005828 0.086205 0.035529 0.000501 0.054122 0.014227 0.000001 0.086205 0.044380 0.002984 0.000164 1.000000
0.084749 0.084749 0.084749 0.084749 0.084749 0.084749 0.084749 0.084749 0.022366 0.004693 0.107990 0.000211 0.000322 0.022366 0.000206 0.000000 0.086753 0.055769 0.017896 0.007332 1.000000
0.084367 0.084367 0.084367 0.084367 0.084367 0.084367 0.084367 0.084367 0.000980 0.001913 0.086362 0.035595 0.084367 0.054222 0.000007 0.000000 0.133531 0.165300 0.084367 0.000321 1.000000
0.084336 0.084336 0.084336 0.084336 0.084336 0.084336 0.084336 0.084336 0.084336 0.084336 0.165242 0.000069 0.000321 0.000205 0.000067 0.000002 0.003825 0.069249 0.017808 0.084336 1.000000
0.084315 0.084315 0.084315 0.084315 0.084315 0.084315 0.084315 0.084315 0.002390 0.002390 0.018230 0.165202 0.001912 0.067624 0.084315 0.000005 0.035572 0.004780 0.084315 0.000000 1.000000
0.084350 0.084350 0.084350 0.084350 0.084350 0.084350 0.084350 0.084350 0.000501 0.067653 0.069261 0.165269 0.000022 0.084350 0.084350 0.000007 0.000069 0.107486 0.000257 0.003736 1.000000
0.084366 0.084366 0.084366 0.084366 0.084366 0.084366 0.084366 0.084366 0.002990 0.000000 0.107505 0.009342 0.084366 0.067665 0.000321 0.000000 0.133529 0.107505 0.067665 0.084366 1.000000
0.084356 0.084356 0.084356 0.084356 0.084356 0.084356 0.084356 0.084356 0.001531 0.067657 0.069265 0.001254 0.000321 0.000002 0.022261 0.000000 0.133513 0.165279 0.084356 0.067657 1.000000
0.084358 0.084358 0.084358 0.084358 0.084358 0.084358 0.084358 0.084358 0.084358 0.000043 0.107496 0.009341 0.084358 0.084358 0.000005 0.000000 0.107496 0.069268 0.000401 0.084358 1.000000
0.084393 0.084393 0.084393 0.084393 0.084393 0.084393 0.084393 0.084393 0.084393 0.084393 0.133571 0.005981 0.000132 0.067687 0.000014 0.000000 0.133571 0.107540 0.000206 0.084393 1.000000
0.084259 0.084259 0.084259 0.084259 0.084259 0.084259 0.084259 0.084259 0.014235 0.001911 0.165097 0.022768 0.004665 0.067579 0.000034 0.000007 0.005971 0.001002 0.054152 0.000626 1.000000
0.084295 0.084295 0.084295 0.084295 0.084295 0.084295 0.084295 0.084295 0.001529 0.005834 0.165165 0.011667 0.000401 0.043386 0.000043 0.000002 0.003823 0.133420 0.005834 0.067608 1.000000
0.084281 0.084281 0.084281 0.084281 0.084281 0.084281 0.084281 0.084281 0.002987 0.005833 0.086274 0.007466 0.014238 0.084281 0.000001 0.000000 0.107398 0.133397 0.011391 0.017796 1.000000
0.084289 0.084289 0.084289 0.084289 0.084289 0.084289 0.084289 0.084289 0.001912 0.009114 0.133409 0.007467 0.014240 0.054171 0.000000 0.000000 0.069210 0.107408 0.022243 0.084289 1.000000
0.084313 0.084313 0.084313 0.084313 0.084313 0.084313 0.084313 0.084313 0.002988 0.002988 0.165198 0.022783 0.011396 0.054187 0.000000 0.000005 0.000802 0.107438 0.084313 0.054187 1.000000
0.084288 0.084288 0.084288 0.084288 0.084288 0.084288 0.084288 0.084288 0.002389 0.002987 0.133408 0.005973 0.000164 0.043382 0.000084 0.000000 0.133408 0.107407 0.043382 0.017797 1.000000
0.084314 0.084314 0.084314 0.084314 0.084314 0.084314 0.084314 0.084314 0.000501 0.014244 0.165201 0.069231 0.000131 0.043396 0.034740 0.000005 0.001003 0.165201 0.005835 0.000164 1.000000
0.084353 0.084353 0.084353 0.084353 0.084353 0.084353 0.084353 0.084353 0.084353 0.000084 0.133510 0.044454 0.001224 0.067655 0.001913 0.000000 0.133510 0.133510 0.043416 0.000043 1.000000
0.084304 0.084304 0.084304 0.084304 0.084304 0.084304 0.084304 0.084304 0.003734 0.003734 0.133434 0.002447 0.002390 0.067616 0.000627 0.000000 0.133434 0.107428 0.000067 0.054181 1.000000
0.084269 0.084269 0.084269 0.084269 0.084269 0.084269 0.084269 0.084269 0.014236 0.000401 0.086262 0.022771 0.000105 0.054159 0.084269 0.000006 0.133379 0.000069 0.027789 0.000164 1.000000
0.084326 0.084326 0.084326 0.084326 0.084326 0.084326 0.084326 0.084326 0.084326 0.000131 0.165223 0.007470 0.022253 0.067633 0.000783 0.000000 0.107455 0.086320 0.000018 0.014246 1.000000
0.084363 0.084363 0.084363 0.084363 0.084363 0.084363 0.084363 0.084363 0.000627 0.002392 0.086358 0.069272 0.000022 0.067663 0.084363 0.000000 0.165293 0.133525 0.054220 0.000105 1.000000
0.084320 0.084320 0.084320 0.084320 0.084320 0.084320 0.084320 0.084320 0.000783 0.002988 0.165212 0.044437 0.084320 0.054192 0.000001 0.000000 0.086314 0.107448 0.007295 0.011397 1.000000
0.084350 0.084350 0.084350 0.084350 0.084350 0.084350 0.084350 0.084350 0.000164 0.027816 0.165268 0.107485 0.011401 0.000002 0.002391 0.000000 0.133504 0.086345 0.067652 0.054211 1.000000
0.084284 0.084284 0.084284 0.084284 0.084284 0.084284 0.084284 0.084284 0.002987 0.007291 0.107401 0.003823 0.000321 0.067599 0.084284 0.000000 0.133401 0.028460 0.000034 0.003733 1.000000
0.084317 0.084317 0.084317 0.084317 0.084317 0.084317 0.084317 0.084317 0.067626 0.084317 0.133454 0.000004 0.011396 0.014244 0.000005 0.000007 0.000009 0.107444 0.084317 0.005836 1.000000
0.084289 0.084289 0.084289 0.084289 0.084289 0.084289 0.084289 0.084289 0.001912 0.002389 0.107408 0.018224 0.000054 0.022243 0.003734 0.000000 0.165153 0.035561 0.084289 0.001223 1.000000
0.084410 0.084410 0.084410 0.084410 0.084410 0.084410 0.084410 0.084410 0.054250 0.034780 0.165381 0.000000 0.007302 0.084410 0.000009 0.000006 0.000009 0.165381 0.084410 0.084410 1.000000
0.084415 0.084415 0.084415 0.084415 0.084415 0.084415 0.084415 0.084415 0.000784 0.007303 0.165390 0.044487 0.009128 0.067705 0.001225 0.000000 0.165390 0.165390 0.084415 0.000003 1.000000
0.084311 0.084311 0.084311 0.084311 0.084311 0.084311 0.084311 0.084311 0.067621 0.054186 0.133444 0.000000 0.000979 0.084311 0.000627 0.000006 0.133444 0.000069 0.004668 0.003735 1.000000
0.084422 0.084422 0.084422 0.084422 0.084422 0.084422 0.084422 0.084422 0.001225 0.067711 0.133616 0.000329 0.000402 0.084422 0.000003 0.000000 0.165404 0.165404 0.084422 0.017826 1.000000
0.084311 0.084311 0.084311 0.084311 0.084311 0.084311 0.084311 0.084311 0.027803 0.022249 0.107436 0.000802 0.000131 0.067621 0.003735 0.000007 0.000028 0.165194 0.084311 0.000043 1.000000
0.084435 0.084435 0.084435 0.084435 0.084435 0.084435 0.084435 0.084435 0.084435 0.000164 0.165428 0.005984 0.000164 0.054266 0.000006 0.000000 0.165428 0.133636 0.067721 0.084435 1.000000
0.084438 0.084438 0.084438 0.084438 0.084438 0.084438 0.084438 0.084438 0.000014 0.084438 0.107597 0.000055 0.084438 0.067724 0.000001 0.000000 0.133641 0.165435 0.067724 0.084438 1.000000
0.084399 0.084399 0.084399 0.084399 0.084399 0.084399 0.084399 0.084399 0.084399 0.000132 0.165360 0.044479 0.004673 0.084399 0.000011 0.000000 0.107547 0.133580 0.084399 0.000502 1.000000
0.084348 0.084348 0.084348 0.084348 0.084348 0.084348 0.084348 0.084348 0.005838 0.001913 0.133502 0.107483 0.007297 0.067651 0.000002 0.000007 0.165265 0.000035 0.084348 0.005838 1.000000
0.084410 0.084410 0.084410 0.084410 0.084410 0.084410 0.084410 0.084410 0.001225 0.000018 0.133597 0.011683 0.000067 0.084410 0.084410 0.000000 0.133597 0.165381 0.002393 0.084410 1.000000
0.084296 0.084296 0.084296 0.084296 0.084296 0.084296 0.084296 0.084296 0.011394 0.003734 0.133421 0.028464 0.000164 0.007292 0.000034 0.000006 0.000044 0.107418 0.084296 0.084296 1.000000
0.084387 0.084387 0.084387 0.084387 0.084387 0.084387 0.084387 0.084387 0.022269 0.005840 0.133563 0.000086 0.000401 0.067683 0.000001 0.000000 0.165339 0.133563 0.084387 0.067683 1.000000
0.084824 0.084824 0.084824 0.084824 0.084824 0.084824 0.084824 0.084824 0.043661 0.068035 0.166160 0.000000 0.001539 0.084824 0.017912 0.000007 0.007515 0.000264 0.000323 0.005871 1.000000
0.084917 0.084917 0.084917 0.084917 0.084917 0.084917 0.084917 0.084917 0.000404 0.084917 0.166335 0.000646 0.084917 0.068110 0.000003 0.000000 0.086925 0.108202 0.000207 0.068110 1.000000
0.084405 0.084405 0.084405 0.084405 0.084405 0.084405 0.084405 0.084405 0.084405 0.084405 0.133590 0.007477 0.000043 0.084405 0.000007 0.000000 0.133590 0.107555 0.000980 0.084405 1.000000
0.084890 0.084890 0.084890 0.084890 0.084890 0.084890 0.084890 0.084890 0.084890 0.043695 0.134341 0.000006 0.001925 0.000043 0.000404 0.000007 0.000023 0.134341 0.084890 0.084890 1.000000
0.084439 0.084439 0.084439 0.084439 0.084439 0.084439 0.084439 0.084439 0.084439 0.000132 0.165435 0.001961 0.084439 0.043461 0.043461 0.000000 0.165435 0.133642 0.000000 0.067724 1.000000
0.084455 0.084455 0.084455 0.084455 0.084455 0.084455 0.084455 0.084455 0.084455 0.084455 0.165466 0.001255 0.084455 0.000004 0.000022 0.000000 0.133667 0.165466 0.004676 0.067737 1.000000
0.084440 0.084440 0.084440 0.084440 0.084440 0.084440 0.084440 0.084440 0.084440 0.002394 0.107599 0.000055 0.000206 0.067725 0.000002 0.000000 0.165437 0.165437 0.084440 0.084440 1.000000
0.084407 0.084407 0.084407 0.084407 0.084407 0.084407 0.084407 0.084407 0.000784 0.084407 0.165375 0.001255 0.027835 0.054248 0.000000 0.000000 0.165375 0.107557 0.084407 0.034779 1.000000
0.084472 0.084472 0.084472 0.084472 0.084472 0.084472 0.084472 0.084472 0.027857 0.067751 0.165498 0.000001 0.084472 0.022292 0.084472 0.000000 0.165498 0.165498 0.000000 0.067751 1.000000
0.084384 0.084384 0.084384 0.084384 0.084384 0.084384 0.084384 0.084384 0.002990 0.009125 0.165333 0.003828 0.043433 0.084384 0.000000 0.000000 0.133558 0.165333 0.017818 0.043433 1.000000
0.084392 0.084392 0.084392 0.084392 0.084392 0.084392 0.084392 0.084392 0.000257 0.054238 0.165347 0.018247 0.067686 0.000132 0.005841 0.000000 0.165347 0.165347 0.000132 0.017820 1.000000
0.084365 0.084365 0.084365 0.084365 0.084365 0.084365 0.084365 0.084365 0.000014 0.084365 0.133528 0.000002 0.000502 0.067665 0.084365 0.000007 0.133528 0.000055 0.003737 0.084365 1.000000
0.084360 0.084360 0.084360 0.084360 0.084360 0.084360 0.084360 0.084360 0.084360 0.000784 0.165286 0.028486 0.000054 0.067660 0.027820 0.000005 0.000035 0.133519 0.084360 0.000022 1.000000
0.083965 0.083965 0.083965 0.083965 0.083965 0.083965 0.083965 0.083965 0.083965 0.000164 0.132908 0.000000 0.083965 0.083965 0.083965 0.000000 0.164543 0.164543 0.000006 0.083965 1.000000
0.083977 0.083977 0.083977 0.083977 0.083977 0.083977 0.083977 0.083977 0.083977 0.083977 0.164567 0.000000 0.017731 0.000000 0.083977 0.000000 0.164567 0.164567 0.083977 0.067352 1.000000
0.084450 0.084450 0.084450 0.084450 0.084450 0.084450 0.084450 0.084450 0.004676 0.084450 0.165456 0.000003 0.084450 0.084450 0.084450 0.000000 0.133659 0.133659 0.000000 0.034797 1.000000
0.084288 0.084288 0.084288 0.084288 0.084288 0.084288 0.084288 0.084288 0.067603 0.009114 0.133408 0.000007 0.001223 0.084288 0.084288 0.000007 0.000802 0.005973 0.000043 0.002987 1.000000
0.083988 0.083988 0.083988 0.083988 0.083988 0.083988 0.083988 0.083988 0.083988 0.083988 0.164587 0.009299 0.083988 0.083988 0.000005 0.000000 0.164587 0.164587 0.083988 0.000001 1.000000
0.084493 0.084493 0.084493 0.084493 0.084493 0.084493 0.084493 0.084493 0.084493 0.084493 0.165537 0.000000 0.084493 0.084493 0.000018 0.000007 0.165537 0.000000 0.084493 0.084493 1.000000
0.084410 0.084410 0.084410 0.084410 0.084410 0.084410 0.084410 0.084410 0.067701 0.084410 0.133598 0.000000 0.084410 0.067701 0.000105 0.000004 0.165382 0.001255 0.000007 0.084410 1.000000
0.084490 0.084490 0.084490 0.084490 0.084490 0.084490 0.084490 0.084490 0.084490 0.084490 0.133721 0.000006 0.000084 0.067765 0.000000 0.000000 0.165531 0.165531 0.084490 0.084490 1.000000
0.083988 0.083988 0.083988 0.083988 0.083988 0.083988 0.083988 0.083988 0.083988 0.083988 0.164587 0.001950 0.083988 0.083988 0.000001 0.000000 0.164587 0.164587 0.000003 0.083988 1.000000
0.084473 0.084473 0.084473 0.084473 0.084473 0.084473 0.084473 0.084473 0.000257 0.084473 0.133695 0.001569 0.000000 0.084473 0.084473 0.000000 0.165500 0.165500 0.034807 0.084473 1.000000
0.084469 0.084469 0.084469 0.084469 0.084469 0.084469 0.084469 0.084469 0.000022 0.084469 0.165493 0.028524 0.000011 0.084469 0.084469 0.000000 0.165493 0.133689 0.000105 0.084469 1.000000
0.084424 0.084424 0.084424 0.084424 0.084424 0.084424 0.084424 0.084424 0.002992 0.084424 0.165407 0.000035 0.084424 0.084424 0.084424 0.000007 0.000028 0.165407 0.000006 0.000321 1.000000
0.084490 0.084490 0.084490 0.084490 0.084490 0.084490 0.084490 0.084490 0.067765 0.084490 0.133721 0.000000 0.084490 0.084490 0.000014 0.000000 0.165531 0.165531 0.002994 0.084490 1.000000
0.083968 0.083968 0.083968 0.083968 0.083968 0.083968 0.083968 0.083968 0.083968 0.083968 0.164550 0.007438 0.000000 0.083968 0.083968 0.000000 0.164550 0.164550 0.053964 0.009079 1.000000
0.084432 0.084432 0.084432 0.084432 0.084432 0.084432 0.084432 0.084432 0.002394 0.084432 0.133631 0.000643 0.084432 0.067718 0.000018 0.000000 0.133631 0.165422 0.000006 0.084432 1.000000
0.084470 0.084470 0.084470 0.084470 0.084470 0.084470 0.084470 0.084470 0.022291 0.084470 0.165494 0.000003 0.000165 0.084470 0.000001 0.000000 0.133690 0.165494 0.084470 0.084470 1.000000
0.084010 0.084010 0.084010 0.084010 0.084010 0.084010 0.084010 0.084010 0.084010 0.067378 0.164628 0.000000 0.084010 0.084010 0.000000 0.000000 0.164628 0.164628 0.084010 0.084010 1.000000
0.083962 0.083962 0.083962 0.083962 0.083962 0.083962 0.083962 0.083962 0.083962 0.083962 0.164537 0.000000 0.083962 0.067339 0.000000 0.000000 0.085948 0.164537 0.083962 0.083962 1.000000
0.084477 0.084477 0.084477 0.084477 0.084477 0.084477 0.084477 0.084477 0.067755 0.084477 0.133702 0.000000 0.084477 0.067755 0.000011 0.000000 0.165508 0.165508 0.004677 0.084477 1.000000
0.084447 0.084447 0.084447 0.084447 0.084447 0.084447 0.084447 0.084447 0.084447 0.005845 0.165450 0.000018 0.084447 0.084447 0.000000 0.000000 0.133654 0.133654 0.022285 0.084447 1.000000
0.083976 0.083976 0.083976 0.083976 0.083976 0.083976 0.083976 0.083976 0.083976 0.083976 0.132924 0.000001 0.000000 0.083976 0.083976 0.000000 0.132924 0.164564 0.083976 0.083976 1.000000
0.084407 0.084407 0.084407 0.084407 0.084407 0.084407 0.084407 0.084407 0.084407 0.084407 0.165376 0.000000 0.084407 0.067699 0.000132 0.000006 0.107558 0.000108 0.000006 0.084407 1.000000
0.084412 0.084412 0.084412 0.084412 0.084412 0.084412 0.084412 0.084412 0.084412 0.084412 0.133600 0.000000 0.084412 0.000164 0.084412 0.000006 0.000018 0.133600 0.000054 0.084412 1.000000
0.084452 0.084452 0.084452 0.084452 0.084452 0.084452 0.084452 0.084452 0.000035 0.084452 0.107614 0.003831 0.084452 0.084452 0.084452 0.000000 0.165460 0.165460 0.000018 0.000132 1.000000
0.084399 0.084399 0.084399 0.084399 0.084399 0.084399 0.084399 0.084399 0.084399 0.084399 0.133581 0.002450 0.084399 0.084399 0.000084 0.000004 0.000044 0.133581 0.000000 0.067692 1.000000
0.084459 0.084459 0.084459 0.084459 0.084459 0.084459 0.084459 0.084459 0.084459 0.000132 0.165472 0.000000 0.084459 0.084459 0.084459 0.000007 0.000018 0.165472 0.000035 0.084459 1.000000
0.084459 0.084459 0.084459 0.084459 0.084459 0.084459 0.084459 0.084459 0.084459 0.084459 0.165472 0.004789 0.084459 0.000000 0.000054 0.000003 0.000028 0.165472 0.084459 0.084459 1.000000
0.083999 0.083999 0.083999 0.083999 0.083999 0.083999 0.083999 0.083999 0.083999 0.083999 0.164607 0.000999 0.083999 0.083999 0.083999 0.000000 0.132960 0.164607 0.000000 0.083999 1.000000
0.084487 0.084487 0.084487 0.084487 0.084487 0.084487 0.084487 0.084487 0.009136 0.084487 0.107658 0.000000 0.084487 0.084487 0.000000 0.000000 0.165526 0.165526 0.084487 0.084487 1.000000
0.083988 0.083988 0.083988 0.083988 0.083988 0.083988 0.083988 0.083988 0.002976 0.083988 0.164587 0.003047 0.083988 0.083988 0.083988 0.000000 0.164587 0.164587 0.000000 0.083988 1.000000
0.084488 0.084488 0.084488 0.084488 0.084488 0.084488 0.084488 0.084488 0.084488 0.000000 0.165527 0.000000 0.014274 0.084488 0.084488 0.000000 0.107659 0.165527 0.084488 0.084488 1.000000
0.083988 0.083988 0.083988 0.083988 0.083988 0.083988 0.083988 0.083988 0.083988 0.083988 0.164587 0.000000 0.083988 0.083988 0.000000 0.000000 0.164587 0.164587 0.000205 0.083988 1.000000
0.084467 0.084467 0.084467 0.084467 0.084467 0.084467 0.084467 0.084467 0.084467 0.001533 0.165489 0.000035 0.084467 0.084467 0.000028 0.000000 0.133686 0.165489 0.000018 0.084467 1.000000
0.084444 0.084444 0.084444 0.084444 0.084444 0.084444 0.084444 0.084444 0.084444 0.084444 0.133650 0.000000 0.084444 0.003741 0.000084 0.000000 0.165445 0.133650 0.000132 0.084444 1.000000
0.083988 0.083988 0.083988 0.083988 0.083988 0.083988 0.083988 0.083988 0.083988 0.083988 0.164587 0.000000 0.001219 0.083988 0.000027 0.000000 0.164587 0.164587 0.083988 0.083988 1.000000
0.084435 0.084435 0.084435 0.084435 0.084435 0.084435 0.084435 0.084435 0.084435 0.084435 0.133636 0.005984 0.084435 0.000000 0.000043 0.000004 0.000035 0.165428 0.084435 0.084435 1.000000
0.085010 0.085010 0.085010 0.085010 0.085010 0.085010 0.085010 0.085010 0.085010 0.085010 0.166509 0.000000 0.000007 0.085010 0.085010 0.000000 0.134526 0.001264 0.085010 0.085010 1.000000
0.084468 0.084468 0.084468 0.084468 0.084468 0.084468 0.084468 0.084468 0.084468 0.000001 0.165490 0.011691 0.000502 0.084468 0.000084 0.000000 0.165490 0.133687 0.084468 0.084468 1.000000
0.084459 0.084459 0.084459 0.084459 0.084459 0.084459 0.084459 0.084459 0.084459 0.084459 0.165472 0.000000 0.084459 0.000785 0.000028 0.000006 0.165472 0.000012 0.084459 0.084459 1.000000
0.083976 0.083976 0.083976 0.083976 0.083976 0.083976 0.083976 0.083976 0.083976 0.000007 0.164564 0.000327 0.083976 0.067351 0.000000 0.000000 0.164564 0.164564 0.083976 0.083976 1.000000
0.083965 0.083965 0.083965 0.083965 0.083965 0.083965 0.083965 0.083965 0.083965 0.083965 0.132908 0.000014 0.083965 0.083965 0.083965 0.000000 0.164543 0.164543 0.001904 0.000000 1.000000
0.084490 0.084490 0.084490 0.084490 0.084490 0.084490 0.084490 0.084490 0.067765 0.084490 0.133721 0.000000 0.084490 0.084490 0.000009 0.000000 0.165531 0.165531 0.004678 0.084490 1.000000
0.084477 0.084477 0.084477 0.084477 0.084477 0.084477 0.084477 0.084477 0.084477 0.084477 0.133702 0.000000 0.084477 0.067755 0.000000 0.000000 0.133702 0.133702 0.084477 0.084477 1.000000
0.084493 0.084493 0.084493 0.084493 0.084493 0.084493 0.084493 0.084493 0.084493 0.084493 0.165537 0.000000 0.084493 0.084493 0.000022 0.000007 0.000000 0.165537 0.084493 0.084493 0.333007
0.084021 0.084021 0.084021 0.084021 0.084021 0.084021 0.084021 0.084021 0.084021 0.084021 0.164648 0.000000 0.084021 0.084021 0.067387 0.000000 0.132994 0.164648 0.084021 0.084021 1.000000
0.084435 0.084435 0.084435 0.084435 0.084435 0.084435 0.084435 0.084435 0.084435 0.084435 0.133636 0.000000 0.000980 0.084435 0.000502 0.000007 0.165428 0.000000 0.084435 0.084435 1.000000
0.083988 0.083988 0.083988 0.083988 0.083988 0.083988 0.083988 0.083988 0.083988 0.083988 0.164587 0.000000 0.083988 0.005812 0.000000 0.000000 0.164587 0.164587 0.083988 0.083988 1.000000
0.083988 0.083988 0.083988 0.083988 0.083988 0.083988 0.083988 0.083988 0.083988 0.000002 0.164587 0.004762 0.083988 0.083988 0.000000 0.000000 0.164587 0.164587 0.083988 0.083988 1.000000
0.084435 0.084435 0.084435 0.084435 0.084435 0.084435 0.084435 0.084435 0.084435 0.084435 0.133636 0.000000 0.084435 0.084435 0.000784 0.000006 0.165428 0.000000 0.002394 0.084435 1.000000
0.083979 0.083979 0.083979 0.083979 0.083979 0.083979 0.083979 0.083979 0.053971 0.083979 0.132929 0.000000 0.083979 0.083979 0.000001 0.000000 0.164569 0.164569 0.083979 0.083979 1.000000
0.084022 0.084022 0.084022 0.084022 0.084022 0.084022 0.084022 0.084022 0.084022 0.084022 0.164651 0.000000 0.084022 0.084022 0.000000 0.000000 0.164651 0.164651 0.084022 0.084022 1.000000
0.083988 0.083988 0.083988 0.083988 0.083988 0.083988 0.083988 0.083988 0.083988 0.083988 0.164587 0.000000 0.083988 0.083988 0.000006 0.000000 0.164587 0.164587 0.005812 0.083988 1.000000
0.084002 0.084002 0.084002 0.084002 0.084002 0.084002 0.084002 0.084002 0.084002 0.053985 0.164613 0.000000 0.084002 0.084002 0.000000 0.000000 0.164613 0.164613 0.084002 0.084002 1.000000
0.084044 0.084044 0.084044 0.084044 0.084044 0.084044 0.084044 0.084044 0.084044 0.084044 0.164692 0.000000 0.084044 0.084044 0.067406 0.000000 0.164692 0.164692 0.084044 0.084044 1.000000
0.084548 0.084548 0.084548 0.084548 0.084548 0.084548 0.084548 0.084548 0.084548 0.067812 0.165640 0.000000 0.084548 0.084548 0.000000 0.000000 0.165640 0.165640 0.084548 0.084548 1.000000
0.084442 0.084442 0.084442 0.084442 0.084442 0.084442 0.084442 0.084442 0.084442 0.084442 0.086439 0.000000 0.084442 0.007305 0.000043 0.000000 0.165442 0.165442 0.000981 0.084442 1.000000
0.084022 0.084022 0.084022 0.084022 0.084022 0.084022 0.084022 0.084022 0.084022 0.084022 0.164651 0.000000 0.084022 0.084022 0.000000 0.000000 0.164651 0.164651 0.084022 0.084022 1.000000
0.083965 0.083965 0.083965 0.083965 0.083965 0.083965 0.083965 0.083965 0.083965 0.083965 0.164543 0.000000 0.083965 0.083965 0.000009 0.000000 0.164543 0.132908 0.003719 0.083965 1.000000
0.083988 0.083988 0.083988 0.083988 0.083988 0.083988 0.083988 0.083988 0.000043 0.083988 0.164587 0.000009 0.083988 0.083988 0.000000 0.000000 0.164587 0.164587 0.083988 0.083988 1.000000
0.084010 0.084010 0.084010 0.084010 0.084010 0.084010 0.084010 0.084010 0.084010 0.067378 0.164628 0.000000 0.084010 0.084010 0.000000 0.000000 0.164628 0.164628 0.084010 0.084010 1.000000
0.084628 0.084628 0.084628 0.084628 0.084628 0.084628 0.084628 0.084628 0.084628 0.000000 0.165791 0.165791 0.084628 0.084628 0.084628 0.000000 0.165791 0.165791 0.084628 0.084628 1.000000
0.083999 0.083999 0.083999 0.083999 0.083999 0.083999 0.083999 0.083999 0.083999 0.000000 0.132960 0.000209 0.083999 0.083999 0.083999 0.000000 0.164607 0.164607 0.083999 0.083999 1.000000
0.083999 0.083999 0.083999 0.083999 0.083999 0.083999 0.083999 0.083999 0.083999 0.083999 0.164607 0.000000 0.083999 0.083999 0.000000 0.000000 0.132960 0.164607 0.083999 0.083999 1.000000
0.084460 0.084460 0.084460 0.084460 0.084460 0.084460 0.084460 0.084460 0.084460 0.084460 0.165475 0.000000 0.017834 0.084460 0.000105 0.000007 0.000000 0.165475 0.084460 0.084460 0.333202
0.084493 0.084493 0.084493 0.084493 0.084493 0.084493 0.084493 0.084493 0.084493 0.084493 0.165537 0.000000 0.084493 0.084493 0.000022 0.000007 0.000000 0.165537 0.084493 0.084493 0.333007
0.083988 0.083988 0.083988 0.083988 0.083988 0.083988 0.083988 0.083988 0.083988 0.083988 0.164587 0.004762 0.000006 0.083988 0.083988 0.000000 0.164587 0.164587 0.000001 0.083988 1.000000
0.084493 0.084493 0.084493 0.084493 0.084493 0.084493 0.084493 0.084493 0.084493 0.084493 0.165537 0.000000 0.084493 0.084493 0.000018 0.000006 0.165537 0.000000 0.084493 0.084493 1.000000
0.084010 0.084010 0.084010 0.084010 0.084010 0.084010 0.084010 0.084010 0.084010 0.084010 0.164628 0.000000 0.084010 0.067378 0.000000 0.000000 0.164628 0.164628 0.084010 0.084010 1.000000
0.084022 0.084022 0.084022 0.084022 0.084022 0.084022 0.084022 0.084022 0.084022 0.084022 0.164651 0.000000 0.084022 0.084022 0.000000 0.000000 0.164651 0.164651 0.084022 0.084022 1.000000
0.084022 0.084022 0.084022 0.084022 0.084022 0.084022 0.084022 0.084022 0.084022 0.084022 0.164651 0.000000 0.084022 0.084022 0.000000 0.000000 0.164651 0.164651 0.084022 0.084022 1.000000
0.084482 0.084482 0.084482 0.084482 0.084482 0.084482 0.084482 0.084482 0.084482 0.084482 0.133708 0.001005 0.084482 0.084482 0.000002 0.000000 0.165516 0.165516 0.000005 0.054296 1.000000
0.084491 0.084491 0.084491 0.084491 0.084491 0.084491 0.084491 0.084491 0.001916 0.084491 0.165533 0.000086 0.000014 0.084491 0.000018 0.000000 0.165533 0.165533 0.084491 0.084491 1.000000
0.084022 0.084022 0.084022 0.084022 0.084022 0.084022 0.084022 0.084022 0.084022 0.084022 0.164651 0.000000 0.084022 0.084022 0.000000 0.000000 0.164651 0.164651 0.084022 0.084022 1.000000
0.084022 0.084022 0.084022 0.084022 0.084022 0.084022 0.084022 0.084022 0.084022 0.084022 0.164651 0.000000 0.084022 0.084022 0.000000 0.000000 0.164651 0.164651 0.084022 0.084022 1.000000
0.084022 0.084022 0.084022 0.084022 0.084022 0.084022 0.084022 0.084022 0.084022 0.084022 0.164651 0.000000 0.084022 0.084022 0.000000 0.000000 0.164651 0.164651 0.084022 0.084022 1.000000
0.084022 0.084022 0.084022 0.084022 0.084022 0.084022 0.084022 0.084022 0.084022 0.084022 0.164651 0.000000 0.084022 0.000001 0.084022 0.000000 0.164651 0.164651 0.084022 0.084022 1.000000
0.084022 0.084022 0.084022 0.084022 0.084022 0.084022 0.084022 0.084022 0.000000 0.084022 0.164651 0.000001 0.084022 0.084022 0.084022 0.000000 0.164651 0.164651 0.084022 0.084022 1.000000
0.084010 0.084010 0.084010 0.084010 0.084010 0.084010 0.084010 0.084010 0.084010 0.084010 0.164628 0.000000 0.084010 0.067378 0.000000 0.000000 0.164628 0.164628 0.084010 0.084010 1.000000
0.084022 0.084022 0.084022 0.084022 0.084022 0.084022 0.084022 0.084022 0.084022 0.084022 0.164651 0.000000 0.084022 0.084022 0.000000 0.000000 0.164651 0.164651 0.084022 0.084022 1.000000
0.083999 0.083999 0.083999 0.083999 0.083999 0.083999 0.083999 0.083999 0.083999 0.083999 0.164607 0.000000 0.083999 0.083999 0.000000 0.000000 0.132960 0.164607 0.083999 0.083999 1.000000
0.084010 0.084010 0.084010 0.084010 0.084010 0.084010 0.084010 0.084010 0.084010 0.084010 0.164628 0.000000 0.084010 0.084010 0.000000 0.000000 0.164628 0.164628 0.084010 0.067378 1.000000
0.084022 0.084022 0.084022 0.084022 0.084022 0.084022 0.084022 0.084022 0.084022 0.084022 0.164651 0.000000 0.084022 0.084022 0.000000 0.000000 0.164651 0.164651 0.084022 0.084022 1.000000
0.084490 0.084490 0.084490 0.084490 0.084490 0.084490 0.084490 0.084490 0.084490 0.084490 0.165531 0.000000 0.000000 0.067765 0.084490 0.000000 0.133721 0.165531 0.001533 0.084490 1.000000
0.084022 0.084022 0.084022 0.084022 0.084022 0.084022 0.084022 0.084022 0.084022 0.084022 0.164651 0.000000 0.084022 0.084022 0.000000 0.000000 0.164651 0.164651 0.084022 0.084022 1.000000
0.083976 0.083976 0.083976 0.083976 0.083976 0.083976 0.083976 0.083976 0.083976 0.000624 0.164564 0.000000 0.083976 0.067351 0.000000 0.000000 0.164564 0.164564 0.083976 0.083976 1.000000
0.083976 0.083976 0.083976 0.083976 0.083976 0.083976 0.083976 0.083976 0.083976 0.083976 0.164564 0.000000 0.000204 0.083976 0.000002 0.000000 0.164564 0.164564 0.067351 0.083976 1.000000
0.084022 0.084022 0.084022 0.084022 0.084022 0.084022 0.084022 0.084022 0.084022 0.084022 0.164651 0.000000 0.084022 0.084022 0.000000 0.000000 0.164651 0.164651 0.084022 0.084022 1.000000
0.083987 0.083987 0.083987 0.083987 0.083987 0.083987 0.083987 0.083987 0.067360 0.083987 0.164584 0.000000 0.083987 0.083987 0.000000 0.000000 0.132941 0.164584 0.083987 0.083987 1.000000
0.084022 0.084022 0.084022 0.084022 0.084022 0.084022 0.084022 0.084022 0.084022 0.084022 0.164651 0.000000 0.084022 0.084022 0.000000 0.000000 0.164651 0.164651 0.084022 0.084022 1.000000
0.083976 0.083976 0.083976 0.083976 0.083976 0.083976 0.083976 0.083976 0.083976 0.083976 0.132924 0.000000 0.083976 0.083976 0.083976 0.000000 0.164564 0.132924 0.000000 0.083976 1.000000
0.084022 0.084022 0.084022 0.084022 0.084022 0.084022 0.084022 0.084022 0.084022 0.084022 0.164651 0.000000 0.084022 0.084022 0.000000 0.000000 0.164651 0.164651 0.084022 0.084022 1.000000
0.083999 0.083999 0.083999 0.083999 0.083999 0.083999 0.083999 0.083999 0.083999 0.083999 0.164607 0.000000 0.083999 0.083999 0.000000 0.000000 0.164607 0.132960 0.083999 0.083999 1.000000
0.083988 0.083988 0.083988 0.083988 0.083988 0.083988 0.083988 0.083988 0.083988 0.083988 0.164587 0.000000 0.002381 0.083988 0.000014 0.000000 0.164587 0.164587 0.083988 0.083988 1.000000
0.084022 0.084022 0.084022 0.084022 0.084022 0.084022 0.084022 0.084022 0.084022 0.084022 0.164651 0.000000 0.084022 0.084022 0.000000 0.000000 0.164651 0.164651 0.084022 0.084022 1.000000
0.083999 0.083999 0.083999 0.083999 0.083999 0.083999 0.083999 0.083999 0.083999 0.083999 0.132960 0.000000 0.083999 0.083999 0.000000 0.000000 0.164607 0.164607 0.083999 0.083999 1.000000
0.084022 0.084022 0.084022 0.084022 0.084022 0.084022 0.084022 0.084022 0.084022 0.084022 0.164651 0.000000 0.000000 0.084022 0.084022 0.000000 0.164651 0.164651 0.084022 0.084022 1.000000
0.084022 0.084022 0.084022 0.084022 0.084022 0.084022 0.084022 0.084022 0.084022 0.084022 0.164651 0.000000 0.084022 0.084022 0.000000 0.000000 0.164651 0.164651 0.084022 0.084022 1.000000
0.084022 0.084022 0.084022 0.084022 0.084022 0.084022 0.084022 0.084022 0.084022 0.084022 0.164651 0.000044 0.084022 0.084022 0.084022 0.000000 0.164651 0.164651 0.084022 0.000000 1.000000
0.084490 0.084490 0.084490 0.084490 0.084490 0.084490 0.084490 0.084490 0.067765 0.000981 0.165531 0.000000 0.084490 0.084490 0.000000 0.000000 0.133721 0.165531 0.084490 0.084490 1.000000
0.083988 0.083988 0.083988 0.083988 0.083988 0.083988 0.083988 0.083988 0.000009 0.083988 0.164587 0.000209 0.083988 0.083988 0.000000 0.000000 0.164587 0.164587 0.083988 0.083988 1.000000
0.084022 0.084022 0.084022 0.084022 0.084022 0.084022 0.084022 0.084022 0.084022 0.084022 0.164651 0.000000 0.084022 0.084022 0.000000 0.000000 0.164651 0.164651 0.084022 0.084022 1.000000
0.084022 0.084022 0.084022 0.084022 0.084022 0.084022 0.084022 0.084022 0.084022 0.084022 0.164651 0.000000 0.084022 0.084022 0.000000 0.000000 0.164651 0.164651 0.084022 0.084022 1.000000
0.083982 0.083982 0.083982 0.083982 0.083982 0.083982 0.083982 0.083982 0.083982 0.083982 0.164575 0.000000 0.034602 0.083982 0.000001 0.000000 0.164575 0.164575 0.083982 0.067355 1.000000
0.084022 0.084022 0.084022 0.084022 0.084022 0.084022 0.084022 0.084022 0.084022 0.084022 0.164651 0.000000 0.084022 0.084022 0.000000 0.000000 0.164651 0.164651 0.084022 0.084022 1.000000
0.084022 0.084022 0.084022 0.084022 0.084022 0.084022 0.084022 0.084022 0.084022 0.084022 0.164651 0.000000 0.084022 0.084022 0.000000 0.000000 0.164651 0.164651 0.084022 0.084022 1.000000
0.084022 0.084022 0.084022 0.084022 0.084022 0.084022 0.084022 0.084022 0.084022 0.084022 0.164651 0.000000 0.084022 0.084022 0.000000 0.000000 0.164651 0.164651 0.084022 0.084022 1.000000
0.083999 0.083999 0.083999 0.083999 0.083999 0.083999 0.083999 0.083999 0.083999 0.083999 0.164607 0.000000 0.083999 0.083999 0.000000 0.000000 0.164607 0.132960 0.083999 0.083999 1.000000
0.084022 0.084022 0.084022 0.084022 0.084022 0.084022 0.084022 0.084022 0.084022 0.084022 0.164651 0.000000 0.084022 0.084022 0.000000 0.000000 0.164651 0.164651 0.084022 0.084022 1.000000
0.084022 0.084022 0.084022 0.084022 0.084022 0.084022 0.084022 0.084022 0.084022 0.084022 0.164651 0.000000 0.084022 0.084022 0.000000 0.000000 0.164651 0.164651 0.084022 0.084022 1.000000
0.084022 0.084022 0.084022 0.084022 0.084022 0.084022 0.084022 0.084022 0.084022 0.084022 0.164651 0.000000 0.084022 0.084022 0.000000 0.000000 0.164651 0.164651 0.084022 0.084022 1.000000
0.084022 0.084022 0.084022 0.084022 0.084022 0.084022 0.084022 0.084022 0.084022 0.084022 0.164651 0.000000 0.084022 0.084022 0.000000 0.000000 0.164651 0.164651 0.084022 0.084022 1.000000
0.084022 0.084022 0.084022 0.084022 0.084022 0.084022 0.084022 0.084022 0.084022 0.084022 0.164651 0.000000 0.084022 0.084022 0.000000 0.000000 0.164651 0.164651 0.084022 0.084022 1.000000
0.084022 0.084022 0.084022 0.084022 0.084022 0.084022 0.084022 0.084022 0.084022 0.084022 0.164651 0.000000 0.084022 0.084022 0.000000 0.000000 0.164651 0.164651 0.084022 0.084022 1.000000
0.084493 0.084493 0.084493 0.084493 0.084493 0.084493 0.084493 0.084493 0.084493 0.084493 0.165537 0.000000 0.000022 0.084493 0.084493 0.000007 0.000000 0.165537 0.084493 0.084493 0.380995
0.084022 0.084022 0.084022 0.084022 0.084022 0.084022 0.084022 0.084022 0.084022 0.084022 0.164651 0.000000 0.084022 0.084022 0.000000 0.000000 0.164651 0.164651 0.084022 0.084022 1.000000
0.084010 0.084010 0.084010 0.084010 0.084010 0.084010 0.084010 0.084010 0.067378 0.084010 0.164628 0.000000 0.084010 0.084010 0.000000 0.000000 0.164628 0.164628 0.084010 0.084010 1.000000
0.083994 0.083994 0.083994 0.083994 0.083994 0.083994 0.083994 0.083994 0.083994 0.083994 0.164597 0.000000 0.083994 0.000000 0.083994 0.000000 0.164597 0.164597 0.034607 0.083994 1.000000
0.084022 0.084022 0.084022 0.084022 0.084022 0.084022 0.084022 0.084022 0.084022 0.084022 0.164651 0.000000 0.084022 0.084022 0.000000 0.000000 0.164651 0.164651 0.084022 0.084022 1.000000
0.084022 0.084022 0.084022 0.084022 0.084022 0.084022 0.084022 0.084022 0.084022 0.084022 0.164651 0.000000 0.084022 0.084022 0.000000 0.000000 0.164651 0.164651 0.084022 0.084022 1.000000
0.083999 0.083999 0.083999 0.083999 0.083999 0.083999 0.083999 0.083999 0.083999 0.083999 0.164607 0.000000 0.083999 0.083999 0.000000 0.000000 0.132960 0.164607 0.083999 0.083999 1.000000
0.084022 0.084022 0.084022 0.084022 0.084022 0.084022 0.084022 0.084022 0.084022 0.084022 0.164651 0.000000 0.084022 0.084022 0.084022 0.000000 0.164651 0.164651 0.000000 0.084022 1.000000
0.084010 0.084010 0.084010 0.084010 0.084010 0.084010 0.084010 0.084010 0.084010 0.084010 0.164628 0.000000 0.084010 0.067378 0.000000 0.000000 0.164628 0.164628 0.084010 0.084010 1.000000
0.084010 0.084010 0.084010 0.084010 0.084010 0.084010 0.084010 0.084010 0.067378 0.084010 0.164628 0.000000 0.084010 0.084010 0.000000 0.000000 0.164628 0.164628 0.084010 0.084010 1.000000
0.083992 0.083992 0.083992 0.083992 0.083992 0.083992 0.083992 0.083992 0.083992 0.083992 0.164594 0.000000 0.083992 0.027697 0.000000 0.000000 0.164594 0.164594 0.083992 0.083992 1.000000
0.084022 0.084022 0.084022 0.084022 0.084022 0.084022 0.084022 0.084022 0.084022 0.084022 0.164651 0.000000 0.084022 0.084022 0.000000 0.000000 0.164651 0.164651 0.084022 0.084022 1.000000
0.084022 0.084022 0.084022 0.084022 0.084022 0.084022 0.084022 0.084022 0.084022 0.084022 0.164651 0.000000 0.084022 0.084022 0.000000 0.000000 0.164651 0.164651 0.084022 0.084022 1.000000
0.084022 0.084022 0.084022 0.084022 0.084022 0.084022 0.084022 0.084022 0.084022 0.084022 0.164651 0.000001 0.084022 0.084022 0.084022 0.000000 0.164651 0.164651 0.084022 0.000000 1.000000
0.084022 0.084022 0.084022 0.084022 0.084022 0.084022 0.084022 0.084022 0.084022 0.084022 0.164651 0.000000 0.084022 0.084022 0.000000 0.000000 0.164651 0.164651 0.084022 0.084022 1.000000
0.084022 0.084022 0.084022 0.084022 0.084022 0.084022 0.084022 0.084022 0.084022 0.084022 0.164651 0.000000 0.084022 0.084022 0.000000 0.000000 0.164651 0.164651 0.084022 0.084022 1.000000
0.084022 0.084022 0.084022 0.084022 0.084022 0.084022 0.084022 0.084022 0.084022 0.084022 0.164651 0.000000 0.084022 0.084022 0.000000 0.000000 0.164651 0.164651 0.084022 0.084022 1.000000
0.084022 0.084022 0.084022 0.084022 0.084022 0.084022 0.084022 0.084022 0.084022 0.084022 0.164651 0.000000 0.084022 0.084022 0.000000 0.000000 0.164651 0.164651 0.084022 0.084022 1.000000
0.084022 0.084022 0.084022 0.084022 0.084022 0.084022 0.084022 0.084022 0.084022 0.084022 0.164651 0.000000 0.084022 0.084022 0.000000 0.000000 0.164651 0.164651 0.084022 0.084022 1.000000
0.083999 0.083999 0.083999 0.083999 0.083999 0.083999 0.083999 0.083999 0.083999 0.083999 0.164607 0.000000 0.083999 0.083999 0.000000 0.000000 0.164607 0.132960 0.083999 0.083999 1.000000
0.084010 0.084010 0.084010 0.084010 0.084010 0.084010 0.084010 0.084010 0.067378 0.084010 0.164628 0.000000 0.084010 0.084010 0.000000 0.000000 0.164628 0.164628 0.084010 0.084010 1.000000
0.084022 0.084022 0.084022 0.084022 0.084022 0.084022 0.084022 0.084022 0.084022 0.084022 0.164651 0.000000 0.084022 0.084022 0.000000 0.000000 0.164651 0.164651 0.084022 0.084022 1.000000
0.084022 0.084022 0.084022 0.084022 0.084022 0.084022 0.084022 0.084022 0.084022 0.084022 0.164651 0.000000 0.084022 0.084022 0.000000 0.000000 0.164651 0.164651 0.084022 0.084022 1.000000
0.084022 0.084022 0.084022 0.084022 0.084022 0.084022 0.084022 0.084022 0.084022 0.084022 0.164651 0.000000 0.084022 0.084022 0.000000 0.000000 0.164651 0.164651 0.084022 0.084022 1.000000
0.084022 0.084022 0.084022 0.084022 0.084022 0.084022 0.084022 0.084022 0.084022 0.084022 0.164651 0.000000 0.084022 0.084022 0.000000 0.000000 0.164651 0.164651 0.084022 0.084022 1.000000
0.084022 0.084022 0.084022 0.084022 0.084022 0.084022 0.084022 0.084022 0.084022 0.084022 0.164651 0.000000 0.084022 0.084022 0.000000 0.000000 0.164651 0.164651 0.084022 0.084022 1.000000
0.083999 0.083999 0.083999 0.083999 0.083999 0.083999 0.083999 0.083999 0.083999 0.083999 0.164607 0.000000 0.083999 0.083999 0.000000 0.000000 0.132960 0.164607 0.083999 0.083999 1.000000
0.083988 0.083988 0.083988 0.083988 0.083988 0.083988 0.083988 0.083988 0.083988 0.083988 0.164587 0.000000 0.083988 0.083988 0.000018 0.000000 0.164587 0.164587 0.001905 0.083988 1.000000
0.084022 0.084022 0.084022 0.084022 0.084022 0.084022 0.084022 0.084022 0.084022 0.084022 0.164651 0.000000 0.084022 0.084022 0.000000 0.000000 0.164651 0.164651 0.084022 0.084022 1.000000
0.084022 0.084022 0.084022 0.084022 0.084022 0.084022 0.084022 0.084022 0.084022 0.084022 0.164651 0.000000 0.084022 0.084022 0.084022 0.000000 0.164651 0.164651 0.084022 0.000000 1.000000
0.084022 0.084022 0.084022 0.084022 0.084022 0.084022 0.084022 0.084022 0.084022 0.084022 0.164651 0.000000 0.084022 0.084022 0.000000 0.000000 0.164651 0.164651 0.084022 0.084022 1.000000
0.084022 0.084022 0.084022 0.084022 0.084022 0.084022 0.084022 0.084022 0.084022 0.084022 0.164651 0.000000 0.084022 0.084022 0.000000 0.000000 0.164651 0.164651 0.084022 0.084022 1.000000
0.084022 0.084022 0.084022 0.084022 0.084022 0.084022 0.084022 0.084022 0.084022 0.084022 0.164651 0.000000 0.084022 0.084022 0.000000 0.000000 0.164651 0.164651 0.084022 0.084022 1.000000
0.084022 0.084022 0.084022 0.084022 0.084022 0.084022 0.084022 0.084022 0.084022 0.084022 0.164651 0.000000 0.084022 0.084022 0.000000 0.000000 0.164651 0.164651 0.084022 0.084022 1.000000
0.084022 0.084022 0.084022 0.084022 0.084022 0.084022 0.084022 0.084022 0.084022 0.084022 0.164651 0.000000 0.084022 0.084022 0.000000 0.000000 0.164651 0.164651 0.084022 0.084022 1.000000
0.084022 0.084022 0.084022 0.084022 0.084022 0.084022 0.084022 0.084022 0.084022 0.084022 0.164651 0.000000 0.084022 0.084022 0.000000 0.000000 0.164651 0.164651 0.084022 0.084022 1.000000
0.084022 0.084022 0.084022 0.084022 0.084022 0.084022 0.084022 0.084022 0.084022 0.084022 0.164651 0.000000 0.084022 0.084022 0.000000 0.000000 0.164651 0.164651 0.084022 0.084022 1.000000
0.084022 0.084022 0.084022 0.084022 0.084022 0.084022 0.084022 0.084022 0.084022 0.084022 0.164651 0.000000 0.084022 0.084022 0.000000 0.000000 0.164651 0.164651 0.084022 0.084022 1.000000
0.084022 0.084022 0.084022 0.084022 0.084022 0.084022 0.084022 0.084022 0.084022 0.084022 0.164651 0.000000 0.084022 0.084022 0.000000 0.000000 0.164651 0.164651 0.084022 0.084022 1.000000
0.084022 0.084022 0.084022 0.084022 0.084022 0.084022 0.084022 0.084022 0.084022 0.084022 0.164651 0.000000 0.084022 0.084022 0.000000 0.000000 0.164651 0.164651 0.084022 0.084022 1.000000
0.084022 0.084022 0.084022 0.084022 0.084022 0.084022 0.084022 0.084022 0.084022 0.084022 0.164651 0.000000 0.084022 0.084022 0.000000 0.000000 0.164651 0.164651 0.084022 0.084022 1.000000
0.084022 0.084022 0.084022 0.084022 0.084022 0.084022 0.084022 0.084022 0.084022 0.084022 0.164651 0.000000 0.084022 0.084022 0.000000 0.000000 0.164651 0.164651 0.084022 0.084022 1.000000
0.084022 0.084022 0.084022 0.084022 0.084022 0.084022 0.084022 0.084022 0.084022 0.084022 0.164651 0.000000 0.084022 0.084022 0.000000 0.000000 0.164651 0.164651 0.084022 0.084022 1.000000
0.084022 0.084022 0.084022 0.084022 0.084022 0.084022 0.084022 0.084022 0.084022 0.084022 0.164651 0.000000 0.084022 0.084022 0.000000 0.000000 0.164651 0.164651 0.084022 0.084022 1.000000
0.084022 0.084022 0.084022 0.084022 0.084022 0.084022 0.084022 0.084022 0.084022 0.084022 0.164651 0.000000 0.084022 0.084022 0.000000 0.000000 0.164651 0.164651 0.084022 0.084022 1.000000
0.084022 0.084022 0.084022 0.084022 0.084022 0.084022 0.084022 0.084022 0.084022 0.084022 0.164651 0.000000 0.084022 0.084022 0.000000 0.000000 0.164651 0.164651 0.084022 0.084022 1.000000
0.084022 0.084022 0.084022 0.084022 0.084022 0.084022 0.084022 0.084022 0.084022 0.084022 0.164651 0.000000 0.084022 0.084022 0.000000 0.000000 0.164651 0.164651 0.084022 0.084022 1.000000
0.084022 0.084022 0.084022 0.084022 0.084022 0.084022 0.084022 0.084022 0.084022 0.084022 0.164651 0.000000 0.084022 0.084022 0.000000 0.000000 0.164651 0.164651 0.084022 0.084022 1.000000
0.084022 0.084022 0.084022 0.084022 0.084022 0.084022 0.084022 0.084022 0.084022 0.084022 0.164651 0.000000 0.084022 0.084022 0.000000 0.000000 0.164651 0.164651 0.084022 0.084022 1.000000
0.084493 0.084493 0.084493 0.084493 0.084493 0.084493 0.084493 0.084493 0.084493 0.084493 0.165537 0.000000 0.084493 0.084493 0.000022 0.000007 0.000000 0.165537 0.084493 0.084493 1.000000
0.084022 0.084022 0.084022 0.084022 0.084022 0.084022 0.084022 0.084022 0.084022 0.084022 0.164651 0.000000 0.084022 0.084022 0.000000 0.000000 0.164651 0.164651 0.084022 0.084022 1.000000
0.084022 0.084022 0.084022 0.084022 0.084022 0.084022 0.084022 0.084022 0.084022 0.084022 0.164651 0.000000 0.084022 0.084022 0.000000 0.000000 0.164651 0.164651 0.084022 0.084022 1.000000
0.084022 0.084022 0.084022 0.084022 0.084022 0.084022 0.084022 0.084022 0.084022 0.084022 0.164651 0.000000 0.084022 0.084022 0.000000 0.000000 0.164651 0.164651 0.084022 0.084022 1.000000
0.084022 0.084022 0.084022 0.084022 0.084022 0.084022 0.084022 0.084022 0.084022 0.084022 0.164651 0.000000 0.084022 0.084022 0.000000 0.000000 0.164651 0.164651 0.084022 0.084022 1.000000
0.084022 0.084022 0.084022 0.084022 0.084022 0.084022 0.084022 0.084022 0.084022 0.084022 0.164651 0.000000 0.084022 0.084022 0.000000 0.000000 0.164651 0.164651 0.084022 0.084022 1.000000
0.084022 0.084022 0.084022 0.084022 0.084022 0.084022 0.084022 0.084022 0.084022 0.084022 0.164651 0.000000 0.084022 0.084022 0.000000 0.000000 0.164651 0.164651 0.084022 0.084022 1.000000
0.084022 0.084022 0.084022 0.084022 0.084022 0.084022 0.084022 0.084022 0.084022 0.084022 0.164651 0.000000 0.084022 0.084022 0.000000 0.000000 0.164651 0.164651 0.084022 0.084022 1.000000
0.084022 0.084022 0.084022 0.084022 0.084022 0.084022 0.084022 0.084022 0.084022 0.084022 0.164651 0.000000 0.084022 0.084022 0.000000 0.000000 0.164651 0.164651 0.084022 0.084022 1.000000
0.084022 0.084022 0.084022 0.084022 0.084022 0.084022 0.084022 0.084022 0.084022 0.084022 0.164651 0.000000 0.084022 0.084022 0.000000 0.000000 0.164651 0.164651 0.084022 0.084022 1.000000
0.084022 0.084022 0.084022 0.084022 0.084022 0.084022 0.084022 0.084022 0.084022 0.084022 0.164651 0.000000 0.084022 0.084022 0.000000 0.000000 0.164651 0.164651 0.084022 0.084022 1.000000
0.084022 0.084022 0.084022 0.084022 0.084022 0.084022 0.084022 0.084022 0.084022 0.084022 0.164651 0.000000 0.084022 0.084022 0.000000 0.000000 0.164651 0.164651 0.084022 0.084022 1.000000
0.084022 0.084022 0.084022 0.084022 0.084022 0.084022 0.084022 0.084022 0.084022 0.084022 0.164651 0.000000 0.084022 0.084022 0.000000 0.000000 0.164651 0.164651 0.084022 0.084022 1.000000
0.084022 0.084022 0.084022 0.084022 0.084022 0.084022 0.084022 0.084022 0.084022 0.084022 0.164651 0.000000 0.084022 0.084022 0.000000 0.000000 0.164651 0.164651 0.084022 0.084022 1.000000
0.084022 0.084022 0.084022 0.084022 0.084022 0.084022 0.084022 0.084022 0.084022 0.084022 0.164651 0.000000 0.084022 0.084022 0.000000 0.000000 0.164651 0.164651 0.084022 0.084022 1.000000
0.084044 0.084044 0.084044 0.084044 0.084044 0.084044 0.084044 0.084044 0.084044 0.084044 0.164692 0.000000 0.084044 0.084044 0.067406 0.000000 0.164692 0.164692 0.084044 0.084044 1.000000
0.084022 0.084022 0.084022 0.084022 0.084022 0.084022 0.084022 0.084022 0.084022 0.084022 0.164651 0.000000 0.084022 0.084022 0.000000 0.000000 0.164651 0.164651 0.084022 0.084022 1.000000
0.084022 0.084022 0.084022 0.084022 0.084022 0.084022 0.084022 0.084022 0.084022 0.084022 0.164651 0.000000 0.084022 0.084022 0.000000 0.000000 0.164651 0.164651 0.084022 0.084022 1.000000
0.084022 0.084022 0.084022 0.084022 0.084022 0.084022 0.084022 0.084022 0.084022 0.084022 0.164651 0.000000 0.084022 0.084022 0.000000 0.000000 0.164651 0.164651 0.084022 0.084022 1.000000
0.084022 0.084022 0.084022 0.084022 0.084022 0.084022 0.084022 0.084022 0.084022 0.084022 0.164651 0.000000 0.084022 0.084022 0.000000 0.000000 0.164651 0.164651 0.084022 0.084022 1.000000
0.084022 0.084022 0.084022 0.084022 0.084022 0.084022 0.084022 0.084022 0.084022 0.084022 0.164651 0.000000 0.084022 0.084022 0.000000 0.000000 0.164651 0.164651 0.084022 0.084022 1.000000
0.084022 0.084022 0.084022 0.084022 0.084022 0.084022 0.084022 0.084022 0.084022 0.084022 0.164651 0.000000 0.084022 0.084022 0.000000 0.000000 0.164651 0.164651 0.084022 0.084022 1.000000
0.084022 0.084022 0.084022 0.084022 0.084022 0.084022 0.084022 0.084022 0.084022 0.084022 0.164651 0.000000 0.084022 0.084022 0.000000 0.000000 0.164651 0.164651 0.084022 0.084022 1.000000
0.084022 0.084022 0.084022 0.084022 0.084022 0.084022 0.084022 0.084022 0.084022 0.084022 0.164651 0.000000 0.084022 0.084022 0.000000 0.000000 0.164651 0.164651 0.084022 0.084022 1.000000
0.083999 0.083999 0.083999 0.083999 0.083999 0.083999 0.083999 0.083999 0.083999 0.083999 0.164607 0.000000 0.083999 0.083999 0.000000 0.000000 0.164607 0.132960 0.083999 0.083999 1.000000
0.084022 0.084022 0.084022 0.084022 0.084022 0.084022 0.084022 0.084022 0.084022 0.084022 0.164651 0.000000 0.084022 0.084022 0.000000 0.000000 0.164651 0.164651 0.084022 0.084022 1.000000
0.084022 0.084022 0.084022 0.084022 0.084022 0.084022 0.084022 0.084022 0.084022 0.084022 0.164651 0.000000 0.084022 0.084022 0.000000 0.000000 0.164651 0.164651 0.084022 0.084022 1.000000
0.084022 0.084022 0.084022 0.084022 0.084022 0.084022 0.084022 0.084022 0.084022 0.084022 0.164651 0.000000 0.084022 0.084022 0.000000 0.000000 0.164651 0.164651 0.084022 0.084022 1.000000
0.084022 0.084022 0.084022 0.084022 0.084022 0.084022 0.084022 0.084022 0.084022 0.084022 0.164651 0.000000 0.084022 0.084022 0.000000 0.000000 0.164651 0.164651 0.084022 0.084022 1.000000
0.084022 0.084022 0.084022 0.084022 0.084022 0.084022 0.084022 0.084022 0.084022 0.084022 0.164651 0.000000 0.084022 0.084022 0.000000 0.000000 0.164651 0.164651 0.084022 0.084022 1.000000
0.084022 0.084022 0.084022 0.084022 0.084022 0.084022 0.084022 0.084022 0.084022 0.084022 0.164651 0.000000 0.084022 0.084022 0.000000 0.000000 0.164651 0.164651 0.084022 0.084022 1.000000
0.084022 0.084022 0.084022 0.084022 0.084022 0.084022 0.084022 0.084022 0.084022 0.084022 0.164651 0.000000 0.084022 0.084022 0.000000 0.000000 0.164651 0.164651 0.084022 0.084022 1.000000
0.084022 0.084022 0.084022 0.084022 0.084022 0.084022 0.084022 0.084022 0.084022 0.084022 0.164651 0.000000 0.084022 0.084022 0.000000 0.000000 0.164651 0.164651 0.084022 0.084022 1.000000
0.084022 0.084022 0.084022 0.084022 0.084022 0.084022 0.084022 0.084022 0.084022 0.084022 0.164651 0.000000 0.084022 0.084022 0.000000 0.000000 0.164651 0.164651 0.084022 0.084022 1.000000
0.083989 0.083989 0.083989 0.083989 0.083989 0.083989 0.083989 0.083989 0.014188 0.083989 0.164588 0.000000 0.083989 0.083989 0.000000 0.000000 0.164588 0.164588 0.083989 0.083989 1.000000
0.084022 0.084022 0.084022 0.084022 0.084022 0.084022 0.084022 0.084022 0.084022 0.084022 0.164651 0.000000 0.084022 0.084022 0.000000 0.000000 0.164651 0.164651 0.084022 0.084022 1.000000
0.084022 0.084022 0.084022 0.084022 0.084022 0.084022 0.084022 0.084022 0.084022 0.084022 0.164651 0.000000 0.084022 0.084022 0.000000 0.000000 0.164651 0.164651 0.084022 0.084022 1.000000
0.084022 0.084022 0.084022 0.084022 0.084022 0.084022 0.084022 0.084022 0.084022 0.084022 0.164651 0.000000 0.084022 0.084022 0.000000 0.000000 0.164651 0.164651 0.084022 0.084022 1.000000
0.084022 0.084022 0.084022 0.084022 0.084022 0.084022 0.084022 0.084022 0.084022 0.084022 0.164651 0.000000 0.084022 0.084022 0.000000 0.000000 0.164651 0.164651 0.084022 0.084022 1.000000
0.084022 0.084022 0.084022 0.084022 0.084022 0.084022 0.084022 0.084022 0.084022 0.084022 0.164651 0.000000 0.084022 0.084022 0.000000 0.000000 0.164651 0.164651 0.084022 0.084022 1.000000
0.084022 0.084022 0.084022 0.084022 0.084022 0.084022 0.084022 0.084022 0.084022 0.084022 0.164651 0.000000 0.084022 0.084022 0.000000 0.000000 0.164651 0.164651 0.084022 0.084022 1.000000
0.084022 0.084022 0.084022 0.084022 0.084022 0.084022 0.084022 0.084022 0.084022 0.084022 0.164651 0.000000 0.084022 0.084022 0.000000 0.000000 0.164651 0.164651 0.084022 0.084022 1.000000
0.084022 0.084022 0.084022 0.084022 0.084022 0.084022 0.084022 0.084022 0.084022 0.084022 0.164651 0.000000 0.084022 0.084022 0.000000 0.000000 0.164651 0.164651 0.084022 0.084022 1.000000
0.084022 0.084022 0.084022 0.084022 0.084022 0.084022 0.084022 0.084022 0.084022 0.084022 0.164651 0.000000 0.084022 0.084022 0.000000 0.000000 0.164651 0.164651 0.084022 0.084022 1.000000
0.084022 0.084022 0.084022 0.084022 0.084022 0.084022 0.084022 0.084022 0.084022 0.084022 0.164651 0.000000 0.084022 0.084022 0.000000 0.000000 0.164651 0.164651 0.084022 0.084022 1.000000
0.084022 0.084022 0.084022 0.084022 0.084022 0.084022 0.084022 0.084022 0.084022 0.084022 0.164651 0.000000 0.084022 0.084022 0.000000 0.000000 0.164651 0.164651 0.084022 0.084022 1.000000
0.084022 0.084022 0.084022 0.084022 0.084022 0.084022 0.084022 0.084022 0.084022 0.084022 0.164651 0.000000 0.084022 0.084022 0.000000 0.000000 0.164651 0.164651 0.084022 0.084022 1.000000
0.084022 0.084022 0.084022 0.084022 0.084022 0.084022 0.084022 0.084022 0.084022 0.084022 0.164651 0.000000 0.084022 0.084022 0.000000 0.000000 0.164651 0.164651 0.084022 0.084022 1.000000
0.084022 0.084022 0.084022 0.084022 0.084022 0.084022 0.084022 0.084022 0.084022 0.084022 0.164651 0.000000 0.084022 0.084022 0.000000 0.000000 0.164651 0.164651 0.084022 0.084022 1.000000
0.084022 0.084022 0.084022 0.084022 0.084022 0.084022 0.084022 0.084022 0.084022 0.084022 0.164651 0.000000 0.084022 0.084022 0.000000 0.000000 0.164651 0.164651 0.084022 0.084022 1.000000
0.084022 0.084022 0.084022 0.084022 0.084022 0.084022 0.084022 0.084022 0.084022 0.084022 0.164651 0.000000 0.084022 0.084022 0.000000 0.000000 0.164651 0.164651 0.084022 0.084022 1.000000
0.084022 0.084022 0.084022 0.084022 0.084022 0.084022 0.084022 0.084022 0.084022 0.084022 0.164651 0.000000 0.084022 0.084022 0.000000 0.000000 0.164651 0.164651 0.084022 0.084022 1.000000
0.084022 0.084022 0.084022 0.084022 0.084022 0.084022 0.084022 0.084022 0.084022 0.084022 0.164651 0.000000 0.084022 0.084022 0.000000 0.000000 0.164651 0.164651 0.084022 0.084022 1.000000
0.084022 0.084022 0.084022 0.084022 0.084022 0.084022 0.084022 0.084022 0.084022 0.084022 0.164651 0.000000 0.084022 0.084022 0.000000 0.000000 0.164651 0.164651 0.084022 0.084022 1.000000
0.084022 0.084022 0.084022 0.084022 0.084022 0.084022 0.084022 0.084022 0.084022 0.084022 0.164651 0.000000 0.084022 0.084022 0.000000 0.000000 0.164651 0.164651 0.084022 0.084022 1.000000
0.084022 0.084022 0.084022 0.084022 0.084022 0.084022 0.084022 0.084022 0.084022 0.084022 0.164651 0.000000 0.084022 0.084022 0.000000 0.000000 0.164651 0.164651 0.084022 0.084022 1.000000
0.084022 0.084022 0.084022 0.084022 0.084022 0.084022 0.084022 0.084022 0.084022 0.084022 0.164651 0.000000 0.084022 0.084022 0.000000 0.000000 0.164651 0.164651 0.084022 0.084022 1.000000
0.084022 0.084022 0.084022 0.084022 0.084022 0.084022 0.084022 0.084022 0.084022 0.084022 0.164651 0.000000 0.084022 0.084022 0.000000 0.000000 0.164651 0.164651 0.084022 0.084022 1.000000
0.084022 0.084022 0.084022 0.084022 0.084022 0.084022 0.084022 0.084022 0.084022 0.084022 0.164651 0.000000 0.084022 0.084022 0.000000 0.000000 0.164651 0.164651 0.084022 0.084022 1.000000
0.084022 0.084022 0.084022 0.084022 0.084022 0.084022 0.084022 0.084022 0.084022 0.084022 0.164651 0.000000 0.084022 0.084022 0.000000 0.000000 0.164651 0.164651 0.084022 0.084022 1.000000
0.084022 0.084022 0.084022 0.084022 0.084022 0.084022 0.084022 0.084022 0.084022 0.084022 0.164651 0.000000 0.084022 0.084022 0.000000 0.000000 0.164651 0.164651 0.084022 0.084022 1.000000
0.084022 0.084022 0.084022 0.084022 0.084022 0.084022 0.084022 0.084022 0.084022 0.084022 0.164651 0.000000 0.084022 0.084022 0.000000 0.000000 0.164651 0.164651 0.084022 0.084022 1.000000
0.084022 0.084022 0.084022 0.084022 0.084022 0.084022 0.084022 0.084022 0.084022 0.084022 0.164651 0.000000 0.084022 0.084022 0.000000 0.000000 0.164651 0.164651 0.084022 0.084022 1.000000
0.084022 0.084022 0.084022 0.084022 0.084022 0.084022 0.084022 0.084022 0.084022 0.084022 0.164651 0.000000 0.084022 0.084022 0.000000 0.000000 0.164651 0.164651 0.084022 0.084022 1.000000
0.084022 0.084022 0.084022 0.084022 0.084022 0.084022 0.084022 0.084022 0.084022 0.084022 0.164651 0.000000 0.084022 0.084022 0.000000 0.000000 0.164651 0.164651 0.084022 0.084022 1.000000
0.084022 0.084022 0.084022 0.084022 0.084022 0.084022 0.084022 0.084022 0.084022 0.084022 0.164651 0.000000 0.084022 0.084022 0.000000 0.000000 0.164651 0.164651 0.084022 0.084022 1.000000
0.084022 0.084022 0.084022 0.084022 0.084022 0.084022 0.084022 0.084022 0.084022 0.084022 0.164651 0.000000 0.084022 0.084022 0.000000 0.000000 0.164651 0.164651 0.084022 0.084022 1.000000
0.084022 0.084022 0.084022 0.084022 0.084022 0.084022 0.084022 0.084022 0.084022 0.084022 0.164651 0.000000 0.084022 0.084022 0.000000 0.000000 0.164651 0.164651 0.084022 0.084022 1.000000
0.084022 0.084022 0.084022 0.084022 0.084022 0.084022 0.084022 0.084022 0.084022 0.084022 0.164651 0.000000 0.084022 0.084022 0.000000 0.000000 0.164651 0.164651 0.084022 0.084022 1.000000
0.084022 0.084022 0.084022 0.084022 0.084022 0.084022 0.084022 0.084022 0.084022 0.084022 0.164651 0.000000 0.084022 0.084022 0.000000 0.000000 0.164651 0.164651 0.084022 0.084022 1.000000
0.084022 0.084022 0.084022 0.084022 0.084022 0.084022 0.084022 0.084022 0.084022 0.084022 0.164651 0.000000 0.084022 0.084022 0.000000 0.000000 0.164651 0.164651 0.084022 0.084022 1.000000
0.084022 0.084022 0.084022 0.084022 0.084022 0.084022 0.084022 0.084022 0.084022 0.084022 0.164651 0.000000 0.084022 0.084022 0.000000 0.000000 0.164651 0.164651 0.084022 0.084022 1.000000
0.084022 0.084022 0.084022 0.084022 0.084022 0.084022 0.084022 0.084022 0.084022 0.084022 0.164651 0.000000 0.084022 0.084022 0.000000 0.000000 0.164651 0.164651 0.084022 0.084022 1.000000
0.084022 0.084022 0.084022 0.084022 0.084022 0.084022 0.084022 0.084022 0.084022 0.084022 0.164651 0.000000 0.084022 0.084022 0.000000 0.000000 0.164651 0.164651 0.084022 0.084022 1.000000
0.084022 0.084022 0.084022 0.084022 0.084022 0.084022 0.084022 0.084022 0.084022 0.084022 0.164651 0.000000 0.084022 0.084022 0.000000 0.000000 0.164651 0.164651 0.084022 0.084022 1.000000
0.084022 0.084022 0.084022 0.084022 0.084022 0.084022 0.084022 0.084022 0.084022 0.084022 0.164651 0.000000 0.084022 0.084022 0.000000 0.000000 0.164651 0.164651 0.084022 0.084022 1.000000
0.084022 0.084022 0.084022 0.084022 0.084022 0.084022 0.084022 0.084022 0.084022 0.084022 0.164651 0.000000 0.084022 0.084022 0.000000 0.000000 0.164651 0.164651 0.084022 0.084022 1.000000
0.084022 0.084022 0.084022 0.084022 0.084022 0.084022 0.084022 0.084022 0.084022 0.084022 0.164651 0.000000 0.084022 0.084022 0.000000 0.000000 0.164651 0.164651 0.084022 0.084022 1.000000
0.084022 0.084022 0.084022 0.084022 0.084022 0.084022 0.084022 0.084022 0.084022 0.084022 0.164651 0.000000 0.084022 0.084022 0.000000 0.000000 0.164651 0.164651 0.084022 0.084022 1.000000
0.084022 0.084022 0.084022 0.084022 0.084022 0.084022 0.084022 0.084022 0.084022 0.084022 0.164651 0.000000 0.084022 0.084022 0.000000 0.000000 0.164651 0.164651 0.084022 0.084022 1.000000
0.084022 0.084022 0.084022 0.084022 0.084022 0.084022 0.084022 0.084022 0.084022 0.084022 0.164651 0.000000 0.084022 0.084022 0.000000 0.000000 0.164651 0.164651 0.084022 0.084022 1.000000
0.084022 0.084022 0.084022 0.084022 0.084022 0.084022 0.084022 0.084022 0.084022 0.084022 0.164651 0.000000 0.084022 0.084022 0.000000 0.000000 0.164651 0.164651 0.084022 0.084022 1.000000
0.084022 0.084022 0.084022 0.084022 0.084022 0.084022 0.084022 0.084022 0.084022 0.084022 0.164651 0.000000 0.084022 0.084022 0.000000 0.000000 0.164651 0.164651 0.084022 0.084022 1.000000
0.084022 0.084022 0.084022 0.084022 0.084022 0.084022 0.084022 0.084022 0.084022 0.084022 0.164651 0.000000 0.084022 0.084022 0.000000 0.000000 0.164651 0.164651 0.084022 0.084022 1.000000
0.084022 0.084022 0.084022 0.084022 0.084022 0.084022 0.084022 0.084022 0.084022 0.084022 0.164651 0.000000 0.084022 0.084022 0.000000 0.000000 0.164651 0.164651 0.084022 0.084022 1.000000
0.084022 0.084022 0.084022 0.084022 0.084022 0.084022 0.084022 0.084022 0.084022 0.084022 0.164651 0.000000 0.084022 0.084022 0.000000 0.000000 0.164651 0.164651 0.084022 0.084022 1.000000
0.084022 0.084022 0.084022 0.084022 0.084022 0.084022 0.084022 0.084022 0.084022 0.084022 0.164651 0.000000 0.084022 0.084022 0.000000 0.000000 0.164651 0.164651 0.084022 0.084022 1.000000
0.084022 0.084022 0.084022 0.084022 0.084022 0.084022 0.084022 0.084022 0.084022 0.084022 0.164651 0.000000 0.084022 0.084022 0.000000 0.000000 0.164651 0.164651 0.084022 0.084022 1.000000
0.084022 0.084022 0.084022 0.084022 0.084022 0.084022 0.084022 0.084022 0.084022 0.084022 0.164651 0.000000 0.084022 0.084022 0.000000 0.000000 0.164651 0.164651 0.084022 0.084022 1.000000
0.084022 0.084022 0.084022 0.084022 0.084022 0.084022 0.084022 0.084022 0.084022 0.084022 0.164651 0.000000 0.084022 0.084022 0.000000 0.000000 0.164651 0.164651 0.084022 0.084022 1.000000
0.084022 0.084022 0.084022 0.084022 0.084022 0.084022 0.084022 0.084022 0.084022 0.084022 0.164651 0.000000 0.084022 0.084022 0.000000 0.000000 0.164651 0.164651 0.084022 0.084022 1.000000
0.084022 0.084022 0.084022 0.084022 0.084022 0.084022 0.084022 0.084022 0.084022 0.084022 0.164651 0.000000 0.084022 0.084022 0.000000 0.000000 0.164651 0.164651 0.084022 0.084022 1.000000
0.084022 0.084022 0.084022 0.084022 0.084022 0.084022 0.084022 0.084022 0.084022 0.084022 0.164651 0.000000 0.084022 0.084022 0.000000 0.000000 0.164651 0.164651 0.084022 0.084022 1.000000
0.084022 0.084022 0.084022 0.084022 0.084022 0.084022 0.084022 0.084022 0.084022 0.084022 0.164651 0.000000 0.084022 0.084022 0.000000 0.000000 0.164651 0.164651 0.084022 0.084022 1.000000
0.084022 0.084022 0.084022 0.084022 0.084022 0.084022 0.084022 0.084022 0.084022 0.084022 0.164651 0.000000 0.084022 0.084022 0.000000 0.000000 0.164651 0.164651 0.084022 0.084022 1.000000
0.084022 0.084022 0.084022 0.084022 0.084022 0.084022 0.084022 0.084022 0.084022 0.084022 0.164651 0.000000 0.084022 0.084022 0.000000 0.000000 0.164651 0.164651 0.084022 0.084022 1.000000
0.084022 0.084022 0.084022 0.084022 0.084022 0.084022 0.084022 0.084022 0.084022 0.084022 0.164651 0.000000 0.084022 0.084022 0.000000 0.000000 0.164651 0.164651 0.084022 0.084022 1.000000
0.084022 0.084022 0.084022 0.084022 0.084022 0.084022 0.084022 0.084022 0.084022 0.084022 0.164651 0.000000 0.084022 0.084022 0.000000 0.000000 0.164651 0.164651 0.084022 0.084022 1.000000
0.084022 0.084022 0.084022 0.084022 0.084022 0.084022 0.084022 0.084022 0.084022 0.084022 0.164651 0.000000 0.084022 0.084022 0.000000 0.000000 0.164651 0.164651 0.084022 0.084022 1.000000
0.084022 0.084022 0.084022 0.084022 0.084022 0.084022 0.084022 0.084022 0.084022 0.084022 0.164651 0.000000 0.084022 0.084022 0.000000 0.000000 0.164651 0.164651 0.084022 0.084022 1.000000
0.084022 0.084022 0.084022 0.084022 0.084022 0.084022 0.084022 0.084022 0.084022 0.084022 0.164651 0.000000 0.084022 0.084022 0.000000 0.000000 0.164651 0.164651 0.084022 0.084022 1.000000
0.084022 0.084022 0.084022 0.084022 0.084022 0.084022 0.084022 0.084022 0.084022 0.084022 0.164651 0.000000 0.084022 0.084022 0.000000 0.000000 0.164651 0.164651 0.084022 0.084022 1.000000
0.084022 0.084022 0.084022 0.084022 0.084022 0.084022 0.084022 0.084022 0.084022 0.084022 0.164651 0.000000 0.084022 0.084022 0.000000 0.000000 0.164651 0.164651 0.084022 0.084022 1.000000
0.084022 0.084022 0.084022 0.084022 0.084022 0.084022 0.084022 0.084022 0.084022 0.084022 0.164651 0.000000 0.084022 0.084022 0.000000 0.000000 0.164651 0.164651 0.084022 0.084022 1.000000
0.084022 0.084022 0.084022 0.084022 0.084022 0.084022 0.084022 0.084022 0.084022 0.084022 0.164651 0.000000 0.084022 0.084022 0.000000 0.000000 0.164651 0.164651 0.084022 0.084022 1.000000
0.084022 0.084022 0.084022 0.084022 0.084022 0.084022 0.084022 0.084022 0.084022 0.084022 0.164651 0.000000 0.084022 0.084022 0.000000 0.000000 0.164651 0.164651 0.084022 0.084022 1.000000
0.084022 0.084022 0.084022 0.084022 0.084022 0.084022 0.084022 0.084022 0.084022 0.084022 0.164651 0.000000 0.084022 0.084022 0.000000 0.000000 0.164651 0.164651 0.084022 0.084022 1.000000
0.084022 0.084022 0.084022 0.084022 0.084022 0.084022 0.084022 0.084022 0.084022 0.084022 0.164651 0.000000 0.084022 0.084022 0.000000 0.000000 0.164651 0.164651 0.084022 0.084022 1.000000
0.084022 0.084022 0.084022 0.084022 0.084022 0.084022 0.084022 0.084022 0.084022 0.084022 0.164651 0.000000 0.084022 0.084022 0.000000 0.000000 0.164651 0.164651 0.084022 0.084022 1.000000
0.084022 0.084022 0.084022 0.084022 0.084022 0.084022 0.084022 0.084022 0.084022 0.084022 0.164651 0.000000 0.084022 0.084022 0.000000 0.000000 0.164651 0.164651 0.084022 0.084022 1.000000
0.084022 0.084022 0.084022 0.084022 0.084022 0.084022 0.084022 0.084022 0.084022 0.084022 0.164651 0.000000 0.084022 0.084022 0.000000 0.000000 0.164651 0.164651 0.084022 0.084022 1.000000
0.084022 0.084022 0.084022 0.084022 0.084022 0.084022 0.084022 0.084022 0.084022 0.084022 0.164651 0.000000 0.084022 0.084022 0.000000 0.000000 0.164651 0.164651 0.084022 0.084022 1.000000
0.084022 0.084022 0.084022 0.084022 0.084022 0.084022 0.084022 0.084022 0.084022 0.084022 0.164651 0.000000 0.084022 0.084022 0.000000 0.000000 0.164651 0.164651 0.084022 0.084022 1.000000
0.084022 0.084022 0.084022 0.084022 0.084022 0.084022 0.084022 0.084022 0.084022 0.084022 0.164651 0.000000 0.084022 0.084022 0.000000 0.000000 0.164651 0.164651 0.084022 0.084022 1.000000
0.084022 0.084022 0.084022 0.084022 0.084022 0.084022 0.084022 0.084022 0.084022 0.084022 0.164651 0.000000 0.084022 0.084022 0.000000 0.000000 0.164651 0.164651 0.084022 0.084022 1.000000
0.084022 0.084022 0.084022 0.084022 0.084022 0.084022 0.084022 0.084022 0.084022 0.084022 0.164651 0.000000 0.084022 0.084022 0.000000 0.000000 0.164651 0.164651 0.084022 0.084022 1.000000
0.084022 0.084022 0.084022 0.084022 0.084022 0.084022 0.084022 0.084022 0.084022 0.084022 0.164651 0.000000 0.084022 0.084022 0.000000 0.000000 0.164651 0.164651 0.084022 0.084022 1.000000
0.084022 0.084022 0.084022 0.084022 0.084022 0.084022 0.084022 0.084022 0.084022 0.084022 0.164651 0.000000 0.084022 0.084022 0.000000 0.000000 0.164651 0.164651 0.084022 0.084022 1.000000
0.084022 0.084022 0.084022 0.084022 0.084022 0.084022 0.084022 0.084022 0.084022 0.084022 0.164651 0.000000 0.084022 0.084022 0.000000 0.000000 0.164651 0.164651 0.084022 0.084022 1.000000
0.084022 0.084022 0.084022 0.084022 0.084022 0.084022 0.084022 0.084022 0.084022 0.084022 0.164651 0.000000 0.084022 0.084022 0.000000 0.000000 0.164651 0.164651 0.084022 0.084022 1.000000
0.084022 0.084022 0.084022 0.084022 0.084022 0.084022 0.084022 0.084022 0.084022 0.084022 0.164651 0.000000 0.084022 0.084022 0.000000 0.000000 0.164651 0.164651 0.084022 0.084022 1.000000
0.084022 0.084022 0.084022 0.084022 0.084022 0.084022 0.084022 0.084022 0.084022 0.084022 0.164651 0.000000 0.084022 0.084022 0.000000 0.000000 0.164651 0.164651 0.084022 0.084022 1.000000
0.084022 0.084022 0.084022 0.084022 0.084022 0.084022 0.084022 0.084022 0.084022 0.084022 0.164651 0.000000 0.084022 0.084022 0.000000 0.000000 0.164651 0.164651 0.084022 0.084022 1.000000
0.084022 0.084022 0.084022 0.084022 0.084022 0.084022 0.084022 0.084022 0.084022 0.084022 0.164651 0.000000 0.084022 0.084022 0.000000 0.000000 0.164651 0.164651 0.084022 0.084022 1.000000
0.084022 0.084022 0.084022 0.084022 0.084022 0.084022 0.084022 0.084022 0.084022 0.084022 0.164651 0.000000 0.084022 0.084022 0.000000 0.000000 0.164651 0.164651 0.084022 0.084022 1.000000
0.084022 0.084022 0.084022 0.084022 0.084022 0.084022 0.084022 0.084022 0.084022 0.084022 0.164651 0.000000 0.084022 0.084022 0.000000 0.000000 0.164651 0.164651 0.084022 0.084022 1.000000
0.084022 0.084022 0.084022 0.084022 0.084022 0.084022 0.084022 0.084022 0.084022 0.084022 0.164651 0.000000 0.084022 0.084022 0.000000 0.000000 0.164651 0.164651 0.084022 0.084022 1.000000
0.084022 0.084022 0.084022 0.084022 0.084022 0.084022 0.084022 0.084022 0.084022 0.084022 0.164651 0.000000 0.084022 0.084022 0.000000 0.000000 0.164651 0.164651 0.084022 0.084022 1.000000
0.084022 0.084022 0.084022 0.084022 0.084022 0.084022 0.084022 0.084022 0.084022 0.084022 0.164651 0.000000 0.084022 0.084022 0.000000 0.000000 0.164651 0.164651 0.084022 0.084022 1.000000
0.084022 0.084022 0.084022 0.084022 0.084022 0.084022 0.084022 0.084022 0.084022 0.084022 0.164651 0.000000 0.084022 0.084022 0.000000 0.000000 0.164651 0.164651 0.084022 0.084022 1.000000
0.084022 0.084022 0.084022 0.084022 0.084022 0.084022 0.084022 0.084022 0.084022 0.084022 0.164651 0.000000 0.084022 0.084022 0.000000 0.000000 0.164651 0.164651 0.084022 0.084022 1.000000
0.084022 0.084022 0.084022 0.084022 0.084022 0.084022 0.084022 0.084022 0.084022 0.084022 0.164651 0.000000 0.084022 0.084022 0.000000 0.000000 0.164651 0.164651 0.084022 0.084022 1.000000
0.084022 0.084022 0.084022 0.084022 0.084022 0.084022 0.084022 0.084022 0.084022 0.084022 0.164651 0.000000 0.084022 0.084022 0.000000 0.000000 0.164651 0.164651 0.084022 0.084022 1.000000
0.084022 0.084022 0.084022 0.084022 0.084022 0.084022 0.084022 0.084022 0.084022 0.084022 0.164651 0.000000 0.084022 0.084022 0.000000 0.000000 0.164651 0.164651 0.084022 0.084022 1.000000
0.084022 0.084022 0.084022 0.084022 0.084022 0.084022 0.084022 0.084022 0.084022 0.084022 0.164651 0.000000 0.084022 0.084022 0.000000 0.000000 0.164651 0.164651 0.084022 0.084022 1.000000
