0.000000 0.000000 0.000000 0.000000 0.000000 0.000000 0.000000 0.000000 0.000000 0.000000 0.000000 0.000000 0.000000 0.000000 0.000000 0.000000 0.000000 0.000000 0.000000 0.000000 0.000000
0.084171 0.084171 0.084171 0.084171 0.084171 0.084171 0.084171 0.084171 0.000977 0.000105 0.014561 0.003818 0.003728 0.003728 0.007281 0.000004 0.018199 0.028422 0.027757 0.043322 1.000000
0.084180 0.084180 0.084180 0.084180 0.084180 0.084180 0.084180 0.084180 0.000205 0.000022 0.035515 0.018201 0.027760 0.000977 0.034684 0.000003 0.028425 0.018201 0.034684 0.027760 1.000000
0.084181 0.084181 0.084181 0.084181 0.084181 0.084181 0.084181 0.084181 0.000400 0.000105 0.014562 0.086172 0.022214 0.002386 0.011378 0.000002 0.035515 0.022747 0.011378 0.009103 1.000000
0.084171 0.084171 0.084171 0.084171 0.084171 0.084171 0.084171 0.084171 0.000626 0.000131 0.055386 0.035511 0.005825 0.002386 0.014219 0.000002 0.028422 0.028422 0.011376 0.011376 1.000000
0.084190 0.084190 0.084190 0.084190 0.084190 0.084190 0.084190 0.084190 0.000256 0.000067 0.055398 0.086181 0.011379 0.002387 0.017776 0.000002 0.018203 0.044367 0.011379 0.017776 1.000000
0.084701 0.084701 0.084701 0.084701 0.084701 0.084701 0.084701 0.084701 0.000504 0.000084 0.022889 0.028603 0.014310 0.003752 0.009160 0.000002 0.035737 0.035737 0.011449 0.014310 1.000000
0.084174 0.084174 0.084174 0.084174 0.084174 0.084174 0.084174 0.084174 0.000500 0.000105 0.014561 0.022745 0.011377 0.001527 0.027758 0.000001 0.035512 0.055387 0.009102 0.022212 1.000000
0.084172 0.084172 0.084172 0.084172 0.084172 0.084172 0.084172 0.084172 0.000131 0.005825 0.028422 0.035512 0.004660 0.000400 0.034681 0.000002 0.022744 0.044358 0.005825 0.011377 1.000000
0.084184 0.084184 0.084184 0.084184 0.084184 0.084184 0.084184 0.084184 0.000205 0.000054 0.028426 0.055394 0.054104 0.001222 0.009103 0.000006 0.011651 0.014563 0.027761 0.017775 1.000000
0.084177 0.084177 0.084177 0.084177 0.084177 0.084177 0.084177 0.084177 0.000320 0.000034 0.035514 0.028424 0.014220 0.002386 0.034683 0.000001 0.044361 0.028424 0.009102 0.027759 1.000000
0.084173 0.084173 0.084173 0.084173 0.084173 0.084173 0.084173 0.084173 0.000500 0.000105 0.011650 0.028422 0.014220 0.001909 0.011377 0.000002 0.055387 0.018199 0.034681 0.009102 1.000000
0.084188 0.084188 0.084188 0.084188 0.084188 0.084188 0.084188 0.084188 0.000205 0.000054 0.086179 0.018202 0.034688 0.001527 0.022216 0.000002 0.035518 0.018202 0.011379 0.022216 1.000000
0.084187 0.084187 0.084187 0.084187 0.084187 0.084187 0.084187 0.084187 0.000400 0.000067 0.028427 0.028427 0.022216 0.001909 0.017776 0.000001 0.086178 0.044366 0.011379 0.014222 1.000000
0.084177 0.084177 0.084177 0.084177 0.084177 0.084177 0.084177 0.084177 0.000205 0.000043 0.018200 0.011650 0.022213 0.001527 0.017774 0.000002 0.028424 0.035514 0.043325 0.027759 1.000000
0.084171 0.084171 0.084171 0.084171 0.084171 0.084171 0.084171 0.084171 0.000320 0.000084 0.044357 0.035511 0.014219 0.001909 0.022211 0.000002 0.028422 0.022744 0.017772 0.009102 1.000000
0.084193 0.084193 0.084193 0.084193 0.084193 0.084193 0.084193 0.084193 0.000501 0.000131 0.055400 0.011652 0.027764 0.001222 0.002387 0.000001 0.044369 0.069131 0.017777 0.043333 1.000000
0.084182 0.084182 0.084182 0.084182 0.084182 0.084182 0.084182 0.084182 0.000500 0.000105 0.011651 0.028425 0.014221 0.002386 0.017775 0.000001 0.018201 0.086173 0.005826 0.027760 1.000000
0.084729 0.084729 0.084729 0.084729 0.084729 0.084729 0.084729 0.084729 0.000258 0.000068 0.044655 0.055756 0.014315 0.001922 0.009163 0.000001 0.044655 0.086733 0.022361 0.017892 1.000000
0.084198 0.084198 0.084198 0.084198 0.084198 0.084198 0.084198 0.084198 0.000320 0.000131 0.107293 0.035522 0.014224 0.002387 0.002984 0.000002 0.044372 0.009323 0.014224 0.034692 1.000000
0.084180 0.084180 0.084180 0.084180 0.084180 0.084180 0.084180 0.084180 0.000256 0.000626 0.055391 0.035515 0.022214 0.000400 0.022214 0.000001 0.044362 0.044362 0.007282 0.009102 1.000000
0.084167 0.084167 0.084167 0.084167 0.084167 0.084167 0.084167 0.084167 0.001527 0.000164 0.009319 0.005965 0.027755 0.007281 0.009101 0.000007 0.000086 0.022743 0.034679 0.009101 1.000000
0.084194 0.084194 0.084194 0.084194 0.084194 0.084194 0.084194 0.084194 0.000320 0.000084 0.069132 0.086185 0.034690 0.002387 0.014223 0.000007 0.001251 0.028429 0.007283 0.014223 1.000000
0.084172 0.084172 0.084172 0.084172 0.084172 0.084172 0.084172 0.084172 0.001222 0.000205 0.035511 0.022744 0.011376 0.002386 0.001909 0.000001 0.044358 0.022744 0.009102 0.034681 1.000000
0.084188 0.084188 0.084188 0.084188 0.084188 0.084188 0.084188 0.084188 0.000626 0.000067 0.014564 0.035518 0.034688 0.000978 0.003729 0.000001 0.044367 0.044367 0.014222 0.054106 1.000000
0.084171 0.084171 0.084171 0.084171 0.084171 0.084171 0.084171 0.084171 0.000400 0.000084 0.044357 0.014561 0.014219 0.002386 0.017772 0.000002 0.035511 0.028422 0.027757 0.007281 1.000000
0.084247 0.084247 0.084247 0.084247 0.084247 0.084247 0.084247 0.084247 0.000321 0.000006 0.069176 0.055436 0.067570 0.000164 0.054144 0.000001 0.055436 0.086240 0.027782 0.043361 1.000000
0.084246 0.084246 0.084246 0.084246 0.084246 0.084246 0.084246 0.084246 0.000164 0.000067 0.107354 0.086238 0.017788 0.002985 0.022231 0.000005 0.001956 0.107354 0.001911 0.054144 1.000000
0.084262 0.084262 0.084262 0.084262 0.084262 0.084262 0.084262 0.084262 0.000054 0.000014 0.069188 0.086255 0.054154 0.000321 0.043369 0.000000 0.055446 0.107374 0.034719 0.054154 1.000000
0.084780 0.084780 0.084780 0.084780 0.084780 0.084780 0.084780 0.084780 0.000068 0.000018 0.069616 0.055789 0.054490 0.000403 0.043638 0.000000 0.055789 0.108028 0.043638 0.027960 1.000000
0.084315 0.084315 0.084315 0.084315 0.084315 0.084315 0.084315 0.084315 0.000054 0.000011 0.107441 0.086309 0.043397 0.000321 0.067624 0.000000 0.035572 0.165202 0.043397 0.034741 1.000000
0.084230 0.084230 0.084230 0.084230 0.084230 0.084230 0.084230 0.084230 0.000164 0.000022 0.069162 0.069162 0.034705 0.000978 0.017785 0.000006 0.000328 0.107334 0.043353 0.043353 1.000000
0.084270 0.084270 0.084270 0.084270 0.084270 0.084270 0.084270 0.084270 0.000321 0.000043 0.107384 0.007465 0.034722 0.002986 0.001529 0.000001 0.018220 0.165117 0.034722 0.043373 1.000000
0.084780 0.084780 0.084780 0.084780 0.084780 0.084780 0.084780 0.084780 0.000165 0.000009 0.069616 0.035771 0.054490 0.000206 0.054490 0.000000 0.086785 0.069616 0.043638 0.043638 1.000000
0.084222 0.084222 0.084222 0.084222 0.084222 0.084222 0.084222 0.084222 0.000054 0.000014 0.009326 0.035533 0.017783 0.084222 0.043348 0.000006 0.000044 0.055420 0.027774 0.043348 1.000000
0.084277 0.084277 0.084277 0.084277 0.084277 0.084277 0.084277 0.084277 0.000131 0.000018 0.055456 0.086270 0.043377 0.000783 0.067593 0.000006 0.000028 0.133391 0.043377 0.054164 1.000000
0.084307 0.084307 0.084307 0.084307 0.084307 0.084307 0.084307 0.084307 0.000054 0.000014 0.107431 0.133438 0.043392 0.000321 0.067618 0.000000 0.055476 0.107431 0.017801 0.054183 1.000000
0.084273 0.084273 0.084273 0.084273 0.084273 0.084273 0.084273 0.084273 0.000164 0.000007 0.107388 0.107388 0.027791 0.002389 0.011390 0.000000 0.055453 0.133385 0.034723 0.022239 1.000000
0.084302 0.084302 0.084302 0.084302 0.084302 0.084302 0.084302 0.084302 0.000084 0.000004 0.086295 0.055472 0.043390 0.000626 0.054180 0.000000 0.028466 0.165177 0.067614 0.043390 1.000000
0.084776 0.084776 0.084776 0.084776 0.084776 0.084776 0.084776 0.084776 0.000165 0.000028 0.108023 0.086781 0.027959 0.000984 0.027959 0.000006 0.000413 0.086781 0.014323 0.054487 1.000000
0.084233 0.084233 0.084233 0.084233 0.084233 0.084233 0.084233 0.084233 0.000131 0.000034 0.086225 0.044390 0.027777 0.001223 0.022228 0.000001 0.133323 0.035537 0.017786 0.022228 1.000000
0.084232 0.084232 0.084232 0.084232 0.084232 0.084232 0.084232 0.084232 0.000067 0.000014 0.069164 0.044390 0.043354 0.000501 0.027777 0.000001 0.035537 0.086224 0.054135 0.054135 1.000000
0.084242 0.084242 0.084242 0.084242 0.084242 0.084242 0.084242 0.084242 0.000205 0.000002 0.055432 0.086234 0.034710 0.002985 0.011386 0.000000 0.044395 0.107349 0.054141 0.043358 1.000000
0.084262 0.084262 0.084262 0.084262 0.084262 0.084262 0.084262 0.084262 0.000014 0.000002 0.086255 0.028453 0.005832 0.084262 0.034719 0.000002 0.009330 0.069188 0.054154 0.067582 1.000000
0.084279 0.084279 0.084279 0.084279 0.084279 0.084279 0.084279 0.084279 0.000009 0.000002 0.107395 0.107395 0.054165 0.017795 0.043378 0.000000 0.069202 0.086272 0.034726 0.043378 1.000000
0.084264 0.084264 0.084264 0.084264 0.084264 0.084264 0.084264 0.084264 0.000043 0.000007 0.086256 0.107376 0.054155 0.000501 0.054155 0.000005 0.003822 0.055447 0.054155 0.054155 1.000000
0.084225 0.084225 0.084225 0.084225 0.084225 0.084225 0.084225 0.084225 0.000164 0.000022 0.086217 0.055421 0.022226 0.000978 0.067552 0.000007 0.000263 0.044386 0.022226 0.054130 1.000000
0.084218 0.084218 0.084218 0.084218 0.084218 0.084218 0.084218 0.084218 0.000084 0.000014 0.055417 0.069152 0.027772 0.000626 0.054126 0.000003 0.022757 0.014569 0.067546 0.027772 1.000000
0.084257 0.084257 0.084257 0.084257 0.084257 0.084257 0.084257 0.084257 0.000054 0.000009 0.086250 0.069184 0.043366 0.000401 0.043366 0.000002 0.005971 0.069184 0.067578 0.067578 1.000000
0.084253 0.084253 0.084253 0.084253 0.084253 0.084253 0.084253 0.084253 0.000205 0.000014 0.069181 0.086246 0.034715 0.001529 0.011388 0.000007 0.000263 0.133354 0.054148 0.034715 1.000000
0.084255 0.084255 0.084255 0.084255 0.084255 0.084255 0.084255 0.084255 0.000084 0.000018 0.069182 0.107365 0.034716 0.000626 0.054149 0.000000 0.055441 0.107365 0.022234 0.027785 1.000000
0.084315 0.084315 0.084315 0.084315 0.084315 0.084315 0.084315 0.084315 0.000105 0.000014 0.069232 0.165203 0.067624 0.000627 0.034741 0.000006 0.000035 0.069232 0.067624 0.067624 1.000000
0.084362 0.084362 0.084362 0.084362 0.084362 0.084362 0.084362 0.084362 0.000034 0.000009 0.086357 0.165291 0.054219 0.000321 0.043421 0.000000 0.035592 0.165291 0.043421 0.067662 1.000000
0.084317 0.084317 0.084317 0.084317 0.084317 0.084317 0.084317 0.084317 0.000401 0.000002 0.133453 0.133453 0.067626 0.002988 0.009117 0.000006 0.000108 0.086311 0.054189 0.067626 1.000000
0.084406 0.084406 0.084406 0.084406 0.084406 0.084406 0.084406 0.084406 0.000028 0.000006 0.133591 0.133591 0.084406 0.000164 0.084406 0.000000 0.133591 0.086402 0.054247 0.067698 1.000000
0.084353 0.084353 0.084353 0.084353 0.084353 0.084353 0.084353 0.084353 0.000784 0.000000 0.133510 0.165275 0.054213 0.067655 0.007297 0.000003 0.003061 0.107490 0.067655 0.027817 1.000000
0.084353 0.084353 0.084353 0.084353 0.084353 0.084353 0.084353 0.084353 0.084353 0.000000 0.133510 0.107490 0.027817 0.002989 0.054213 0.000001 0.007473 0.107490 0.054213 0.084353 1.000000
0.084272 0.084272 0.084272 0.084272 0.084272 0.084272 0.084272 0.084272 0.001529 0.000000 0.086265 0.107387 0.034723 0.017794 0.027790 0.000006 0.000035 0.133384 0.043374 0.043374 1.000000
0.084272 0.084272 0.084272 0.084272 0.084272 0.084272 0.084272 0.084272 0.043374 0.000000 0.107386 0.107386 0.054160 0.000257 0.034723 0.000007 0.044411 0.000168 0.054160 0.054160 1.000000
0.084349 0.084349 0.084349 0.084349 0.084349 0.084349 0.084349 0.084349 0.000321 0.000000 0.107484 0.133503 0.034755 0.014250 0.004670 0.000000 0.133503 0.086344 0.084349 0.067652 1.000000
0.084293 0.084293 0.084293 0.084293 0.084293 0.084293 0.084293 0.084293 0.000131 0.000000 0.107413 0.086286 0.084293 0.054174 0.027797 0.000009 0.000023 0.086286 0.054174 0.043385 1.000000
0.084403 0.084403 0.084403 0.084403 0.084403 0.084403 0.084403 0.084403 0.084403 0.000000 0.069304 0.086399 0.067695 0.084403 0.084403 0.000000 0.011682 0.165368 0.067695 0.034777 1.000000
0.084342 0.084342 0.084342 0.084342 0.084342 0.084342 0.084342 0.084342 0.084342 0.000000 0.133492 0.069254 0.084342 0.000028 0.067646 0.000005 0.000035 0.107475 0.043410 0.034752 1.000000
0.084365 0.084365 0.084365 0.084365 0.084365 0.084365 0.084365 0.084365 0.001531 0.000000 0.165296 0.086360 0.084365 0.011403 0.004671 0.000000 0.055514 0.107504 0.067664 0.084365 1.000000
0.084342 0.084342 0.084342 0.084342 0.084342 0.084342 0.084342 0.084342 0.084342 0.000000 0.107475 0.165252 0.067646 0.000067 0.022257 0.000005 0.000069 0.069254 0.054206 0.043410 1.000000
0.084379 0.084379 0.084379 0.084379 0.084379 0.084379 0.084379 0.084379 0.001914 0.084379 0.086374 0.044468 0.000009 0.000004 0.067676 0.000000 0.165322 0.133549 0.067676 0.054230 1.000000
0.084350 0.084350 0.084350 0.084350 0.084350 0.084350 0.084350 0.084350 0.000007 0.000002 0.165269 0.133505 0.043415 0.084350 0.054211 0.000007 0.022793 0.000108 0.054211 0.054211 1.000000
0.084278 0.084278 0.084278 0.084278 0.084278 0.084278 0.084278 0.084278 0.000626 0.000000 0.069201 0.107394 0.054164 0.007291 0.054164 0.000006 0.000035 0.107394 0.054164 0.054164 1.000000
0.084370 0.084370 0.084370 0.084370 0.084370 0.084370 0.084370 0.084370 0.084370 0.000000 0.133535 0.086365 0.054224 0.009123 0.084370 0.000000 0.011677 0.133535 0.054224 0.054224 1.000000
0.084331 0.084331 0.084331 0.084331 0.084331 0.084331 0.084331 0.084331 0.000084 0.000000 0.055492 0.133475 0.067637 0.084331 0.022254 0.000007 0.000028 0.069245 0.067637 0.084331 1.000000
0.084408 0.084408 0.084408 0.084408 0.084408 0.084408 0.084408 0.084408 0.009128 0.000000 0.133595 0.133595 0.067700 0.084408 0.014260 0.000005 0.001568 0.165378 0.067700 0.067700 1.000000
0.084365 0.084365 0.084365 0.084365 0.084365 0.084365 0.084365 0.084365 0.000401 0.000000 0.107504 0.133527 0.067664 0.084365 0.007298 0.000000 0.069273 0.107504 0.067664 0.067664 1.000000
0.084309 0.084309 0.084309 0.084309 0.084309 0.084309 0.084309 0.084309 0.000034 0.000007 0.069227 0.069227 0.084309 0.000257 0.067619 0.000000 0.107433 0.069227 0.067619 0.054184 1.000000
0.084391 0.084391 0.084391 0.084391 0.084391 0.084391 0.084391 0.084391 0.000028 0.000006 0.165346 0.107537 0.084391 0.000206 0.067686 0.000000 0.133568 0.055532 0.054238 0.067686 1.000000
0.084394 0.084394 0.084394 0.084394 0.084394 0.084394 0.084394 0.084394 0.009126 0.000000 0.107541 0.107541 0.043438 0.000014 0.043438 0.000000 0.165351 0.133573 0.067688 0.084394 1.000000
0.084344 0.084344 0.084344 0.084344 0.084344 0.084344 0.084344 0.084344 0.084344 0.000000 0.086338 0.165256 0.054207 0.000011 0.022258 0.000000 0.014591 0.086338 0.054207 0.067647 1.000000
0.084465 0.084465 0.084465 0.084465 0.084465 0.084465 0.084465 0.084465 0.000006 0.000000 0.133683 0.165484 0.084465 0.084465 0.067745 0.000006 0.000028 0.165484 0.067745 0.067745 1.000000
0.084433 0.084433 0.084433 0.084433 0.084433 0.084433 0.084433 0.084433 0.000018 0.000004 0.165425 0.107591 0.084433 0.000206 0.084433 0.000000 0.044497 0.133634 0.084433 0.084433 1.000000
0.084455 0.084455 0.084455 0.084455 0.084455 0.084455 0.084455 0.084455 0.000054 0.000000 0.133667 0.133667 0.084455 0.084455 0.084455 0.000007 0.000035 0.133667 0.084455 0.084455 1.000000
0.084443 0.084443 0.084443 0.084443 0.084443 0.084443 0.084443 0.084443 0.000628 0.000000 0.165443 0.133649 0.067728 0.009131 0.084443 0.000006 0.000018 0.165443 0.084443 0.067728 1.000000
0.084476 0.084476 0.084476 0.084476 0.084476 0.084476 0.084476 0.084476 0.000206 0.000000 0.165504 0.107644 0.084476 0.084476 0.067754 0.000001 0.022827 0.165504 0.084476 0.084476 1.000000
0.083972 0.083972 0.083972 0.083972 0.083972 0.083972 0.083972 0.083972 0.000002 0.000000 0.107008 0.164556 0.083972 0.083972 0.022158 0.000000 0.164556 0.164556 0.083972 0.067348 1.000000
0.084397 0.084397 0.084397 0.084397 0.084397 0.084397 0.084397 0.084397 0.000001 0.007301 0.165357 0.133578 0.054242 0.084397 0.000034 0.000000 0.055536 0.133578 0.007301 0.084397 1.000000
0.084479 0.084479 0.084479 0.084479 0.084479 0.084479 0.084479 0.084479 0.000502 0.000000 0.165511 0.165511 0.084479 0.007308 0.084479 0.000006 0.000014 0.165511 0.084479 0.067756 1.000000
0.084412 0.084412 0.084412 0.084412 0.084412 0.084412 0.084412 0.084412 0.000257 0.000001 0.165385 0.133601 0.067703 0.002991 0.027837 0.000007 0.000023 0.165385 0.084412 0.067703 1.000000
0.084337 0.084337 0.084337 0.084337 0.084337 0.084337 0.084337 0.084337 0.000084 0.000006 0.107469 0.133485 0.067642 0.000979 0.054203 0.000006 0.000028 0.107469 0.054203 0.084337 1.000000
0.084469 0.084469 0.084469 0.084469 0.084469 0.084469 0.084469 0.084469 0.000067 0.000000 0.133689 0.165493 0.084469 0.084469 0.054288 0.000007 0.000023 0.165493 0.084469 0.067749 1.000000
0.084444 0.084444 0.084444 0.084444 0.084444 0.084444 0.084444 0.084444 0.000054 0.000000 0.165445 0.165445 0.067728 0.084444 0.054272 0.000007 0.000055 0.133650 0.084444 0.043464 1.000000
0.084455 0.084455 0.084455 0.084455 0.084455 0.084455 0.084455 0.084455 0.000043 0.000000 0.133667 0.133667 0.084455 0.084455 0.084455 0.000007 0.000023 0.133667 0.084455 0.084455 1.000000
0.084397 0.084397 0.084397 0.084397 0.084397 0.084397 0.084397 0.084397 0.000132 0.000000 0.069299 0.165356 0.067690 0.084397 0.054241 0.000006 0.000023 0.165356 0.034775 0.067690 1.000000
0.084408 0.084408 0.084408 0.084408 0.084408 0.084408 0.084408 0.084408 0.084408 0.000000 0.165376 0.133594 0.084408 0.000034 0.043445 0.000005 0.000044 0.086404 0.084408 0.054248 1.000000
0.084437 0.084437 0.084437 0.084437 0.084437 0.084437 0.084437 0.084437 0.000011 0.000000 0.165431 0.133639 0.067722 0.084437 0.054267 0.000000 0.035624 0.133639 0.084437 0.067722 1.000000
0.084010 0.084010 0.084010 0.084010 0.084010 0.084010 0.084010 0.084010 0.000002 0.000000 0.164627 0.164627 0.067378 0.084010 0.067378 0.000000 0.164627 0.164627 0.084010 0.053990 1.000000
0.084415 0.084415 0.084415 0.084415 0.084415 0.084415 0.084415 0.084415 0.000067 0.000005 0.165390 0.133604 0.054253 0.000980 0.054253 0.000006 0.000028 0.165390 0.067705 0.084415 1.000000
0.084403 0.084403 0.084403 0.084403 0.084403 0.084403 0.084403 0.084403 0.000067 0.000005 0.133587 0.107553 0.084403 0.000980 0.084403 0.000006 0.000018 0.165368 0.043442 0.084403 1.000000
0.084476 0.084476 0.084476 0.084476 0.084476 0.084476 0.084476 0.084476 0.000002 0.000000 0.165504 0.165504 0.067754 0.084476 0.054292 0.000000 0.035641 0.165504 0.084476 0.054292 1.000000
0.084004 0.084004 0.084004 0.084004 0.084004 0.084004 0.084004 0.084004 0.084004 0.000000 0.164618 0.164618 0.053987 0.084004 0.067374 0.000000 0.164618 0.132969 0.084004 0.034611 1.000000
0.084404 0.084404 0.084404 0.084404 0.084404 0.084404 0.084404 0.084404 0.000257 0.000000 0.107554 0.165370 0.067696 0.002991 0.084404 0.000007 0.000023 0.133588 0.067696 0.084404 1.000000
0.084486 0.084486 0.084486 0.084486 0.084486 0.084486 0.084486 0.084486 0.084486 0.000000 0.165525 0.165525 0.067763 0.084486 0.084486 0.000001 0.002453 0.086484 0.084486 0.067763 1.000000
0.084392 0.084392 0.084392 0.084392 0.084392 0.084392 0.084392 0.084392 0.000105 0.000007 0.165347 0.133569 0.084392 0.000321 0.067686 0.000006 0.000028 0.107538 0.067686 0.067686 1.000000
0.084421 0.084421 0.084421 0.084421 0.084421 0.084421 0.084421 0.084421 0.000105 0.000000 0.165402 0.133615 0.054257 0.084421 0.067710 0.000006 0.000055 0.133615 0.067710 0.067710 1.000000
0.084017 0.084017 0.084017 0.084017 0.084017 0.084017 0.084017 0.084017 0.084017 0.000000 0.164641 0.132988 0.043241 0.084017 0.084017 0.000000 0.164641 0.132988 0.084017 0.084017 1.000000
0.084481 0.084481 0.084481 0.084481 0.084481 0.084481 0.084481 0.084481 0.000043 0.000000 0.165514 0.165514 0.054296 0.084481 0.067758 0.000007 0.000018 0.165514 0.084481 0.067758 1.000000
0.083964 0.083964 0.083964 0.083964 0.083964 0.083964 0.083964 0.083964 0.000043 0.000000 0.164541 0.164541 0.083964 0.083964 0.067341 0.000006 0.000018 0.164541 0.083964 0.067341 1.000000
0.084381 0.084381 0.084381 0.084381 0.084381 0.084381 0.084381 0.084381 0.000067 0.000009 0.165327 0.165327 0.067678 0.000401 0.067678 0.000007 0.028494 0.000108 0.084381 0.054231 1.000000
0.084443 0.084443 0.084443 0.084443 0.084443 0.084443 0.084443 0.084443 0.000067 0.000006 0.165443 0.133648 0.067727 0.000402 0.084443 0.000006 0.000028 0.165443 0.067727 0.084443 1.000000
0.084467 0.084467 0.084467 0.084467 0.084467 0.084467 0.084467 0.084467 0.000054 0.000004 0.165489 0.165489 0.084467 0.000502 0.084467 0.000007 0.000023 0.133686 0.084467 0.084467 1.000000
0.083964 0.083964 0.083964 0.083964 0.083964 0.083964 0.083964 0.083964 0.000067 0.000000 0.164541 0.164541 0.067341 0.083964 0.067341 0.000006 0.000018 0.164541 0.083964 0.083964 1.000000
0.084441 0.084441 0.084441 0.084441 0.084441 0.084441 0.084441 0.084441 0.000084 0.000000 0.165439 0.133645 0.067726 0.084441 0.084441 0.000007 0.000018 0.133645 0.043462 0.084441 1.000000
0.084417 0.084417 0.084417 0.084417 0.084417 0.084417 0.084417 0.084417 0.000043 0.000000 0.133609 0.133609 0.043450 0.084417 0.084417 0.000007 0.000023 0.133609 0.084417 0.067707 1.000000
0.084445 0.084445 0.084445 0.084445 0.084445 0.084445 0.084445 0.084445 0.000257 0.000000 0.133651 0.133651 0.084445 0.011414 0.084445 0.000007 0.000018 0.165446 0.084445 0.084445 1.000000
0.084487 0.084487 0.084487 0.084487 0.084487 0.084487 0.084487 0.084487 0.000043 0.000000 0.107658 0.165525 0.084487 0.084487 0.084487 0.000006 0.000023 0.165525 0.084487 0.084487 1.000000
0.084008 0.084008 0.084008 0.084008 0.084008 0.084008 0.084008 0.084008 0.084008 0.000000 0.132974 0.164624 0.084008 0.001524 0.084008 0.000000 0.164624 0.132974 0.084008 0.084008 1.000000
0.083963 0.083963 0.083963 0.083963 0.083963 0.083963 0.083963 0.083963 0.000054 0.000000 0.164540 0.164540 0.043213 0.083963 0.083963 0.000006 0.000018 0.164540 0.083963 0.083963 1.000000
0.084470 0.084470 0.084470 0.084470 0.084470 0.084470 0.084470 0.084470 0.084470 0.000000 0.165493 0.165493 0.084470 0.084470 0.067749 0.000005 0.022826 0.000086 0.084470 0.067749 1.000000
0.084490 0.084490 0.084490 0.084490 0.084490 0.084490 0.084490 0.084490 0.000043 0.000000 0.133721 0.165531 0.084490 0.084490 0.084490 0.000007 0.000023 0.165531 0.067765 0.084490 1.000000
0.084482 0.084482 0.084482 0.084482 0.084482 0.084482 0.084482 0.084482 0.000054 0.000000 0.133708 0.165516 0.054296 0.084482 0.084482 0.000007 0.000023 0.165516 0.084482 0.084482 1.000000
0.084477 0.084477 0.084477 0.084477 0.084477 0.084477 0.084477 0.084477 0.084477 0.000000 0.165508 0.165508 0.084477 0.003742 0.084477 0.000000 0.005987 0.133702 0.067755 0.067755 1.000000
0.084455 0.084455 0.084455 0.084455 0.084455 0.084455 0.084455 0.084455 0.000165 0.000000 0.133667 0.165466 0.084455 0.002993 0.067737 0.000006 0.000028 0.165466 0.084455 0.084455 1.000000
0.083999 0.083999 0.083999 0.083999 0.083999 0.083999 0.083999 0.083999 0.083999 0.000000 0.107042 0.164608 0.067370 0.083999 0.083999 0.000000 0.164608 0.107042 0.083999 0.083999 1.000000
0.084473 0.084473 0.084473 0.084473 0.084473 0.084473 0.084473 0.084473 0.084473 0.000000 0.165499 0.165499 0.054290 0.000054 0.084473 0.000005 0.000028 0.165499 0.054290 0.067751 1.000000
0.084438 0.084438 0.084438 0.084438 0.084438 0.084438 0.084438 0.084438 0.000043 0.000000 0.133641 0.107597 0.084438 0.084438 0.084438 0.000007 0.000014 0.165435 0.067724 0.067724 1.000000
0.084031 0.084031 0.084031 0.084031 0.084031 0.084031 0.084031 0.084031 0.084031 0.084031 0.133010 0.164667 0.084031 0.000003 0.000001 0.000000 0.164667 0.164667 0.084031 0.084031 1.000000
0.084443 0.084443 0.084443 0.084443 0.084443 0.084443 0.084443 0.084443 0.000132 0.000000 0.165443 0.133648 0.084443 0.002992 0.067727 0.000007 0.000023 0.165443 0.084443 0.067727 0.339720
0.084430 0.084430 0.084430 0.084430 0.084430 0.084430 0.084430 0.084430 0.000054 0.000000 0.133629 0.133629 0.067717 0.084430 0.067717 0.000006 0.000028 0.133629 0.084430 0.084430 1.000000
0.083988 0.083988 0.083988 0.083988 0.083988 0.083988 0.083988 0.083988 0.000043 0.000000 0.164587 0.164587 0.083988 0.083988 0.083988 0.000006 0.000018 0.164587 0.083988 0.083988 0.342569
0.084479 0.084479 0.084479 0.084479 0.084479 0.084479 0.084479 0.084479 0.000043 0.000003 0.165510 0.165510 0.084479 0.000981 0.084479 0.000007 0.000018 0.165510 0.067756 0.084479 0.359237
0.083976 0.083976 0.083976 0.083976 0.083976 0.083976 0.083976 0.083976 0.000043 0.000000 0.164564 0.164564 0.083976 0.083976 0.083976 0.000006 0.000018 0.164564 0.083976 0.067351 1.000000
0.083965 0.083965 0.083965 0.083965 0.083965 0.083965 0.083965 0.083965 0.000043 0.000000 0.164543 0.132908 0.083965 0.083965 0.083965 0.000007 0.000018 0.164543 0.083965 0.083965 1.000000
0.084471 0.084471 0.084471 0.084471 0.084471 0.084471 0.084471 0.084471 0.084471 0.000000 0.165495 0.133692 0.084471 0.084471 0.084471 0.000006 0.022826 0.000086 0.084471 0.084471 1.000000
0.083964 0.083964 0.083964 0.083964 0.083964 0.083964 0.083964 0.083964 0.000054 0.000000 0.164541 0.164541 0.067341 0.083964 0.083964 0.000006 0.000018 0.164541 0.083964 0.067341 1.000000
0.084010 0.084010 0.084010 0.084010 0.084010 0.084010 0.084010 0.084010 0.084010 0.000000 0.164628 0.164628 0.067378 0.084010 0.084010 0.000000 0.003810 0.164628 0.084010 0.084010 1.000000
0.083965 0.083965 0.083965 0.083965 0.083965 0.083965 0.083965 0.083965 0.000043 0.000000 0.164543 0.132908 0.083965 0.083965 0.083965 0.000007 0.000018 0.164543 0.083965 0.083965 0.342691
0.084513 0.084513 0.084513 0.084513 0.084513 0.084513 0.084513 0.084513 0.000043 0.000000 0.165575 0.165575 0.084513 0.084513 0.067784 0.000006 0.000014 0.165575 0.084513 0.084513 1.000000
0.083970 0.083970 0.083970 0.083970 0.083970 0.083970 0.083970 0.083970 0.001904 0.000000 0.132916 0.164554 0.083970 0.083970 0.083970 0.000000 0.164554 0.085957 0.067347 0.083970 1.000000
0.084010 0.084010 0.084010 0.084010 0.084010 0.084010 0.084010 0.084010 0.084010 0.000000 0.164628 0.164628 0.084010 0.084010 0.084010 0.000001 0.000999 0.164628 0.084010 0.067378 1.000000
0.084412 0.084412 0.084412 0.084412 0.084412 0.084412 0.084412 0.084412 0.000257 0.000000 0.133601 0.165385 0.084412 0.005842 0.084412 0.000006 0.000069 0.069312 0.084412 0.084412 1.000000
0.083988 0.083988 0.083988 0.083988 0.083988 0.083988 0.083988 0.083988 0.000043 0.000000 0.164587 0.164587 0.083988 0.083988 0.083988 0.000006 0.000018 0.164587 0.083988 0.083988 1.000000
0.084022 0.084022 0.084022 0.084022 0.084022 0.084022 0.084022 0.084022 0.084022 0.000000 0.164651 0.164651 0.084022 0.084022 0.084022 0.000000 0.005954 0.164651 0.084022 0.084022 1.000000
0.084490 0.084490 0.084490 0.084490 0.084490 0.084490 0.084490 0.084490 0.084490 0.000005 0.165531 0.133721 0.084490 0.084490 0.067765 0.000005 0.000035 0.165531 0.084490 0.000000 1.000000
0.083988 0.083988 0.083988 0.083988 0.083988 0.083988 0.083988 0.083988 0.000043 0.000000 0.164587 0.164587 0.083988 0.083988 0.083988 0.000006 0.000018 0.164587 0.083988 0.083988 0.342569
0.084425 0.084425 0.084425 0.084425 0.084425 0.084425 0.084425 0.084425 0.084425 0.000000 0.133620 0.165408 0.084425 0.011411 0.084425 0.000006 0.022813 0.000086 0.067713 0.084425 0.341963
0.084490 0.084490 0.084490 0.084490 0.084490 0.084490 0.084490 0.084490 0.000006 0.000000 0.165531 0.133721 0.084490 0.084490 0.067765 0.000007 0.000023 0.165531 0.084490 0.084490 1.000000
0.084467 0.084467 0.084467 0.084467 0.084467 0.084467 0.084467 0.084467 0.000054 0.000005 0.165489 0.133686 0.084467 0.000402 0.084467 0.000006 0.000028 0.165489 0.084467 0.084467 1.000000
0.084482 0.084482 0.084482 0.084482 0.084482 0.084482 0.084482 0.084482 0.000043 0.000000 0.165516 0.165516 0.084482 0.084482 0.084482 0.000007 0.000023 0.133708 0.054296 0.084482 1.000000
0.084487 0.084487 0.084487 0.084487 0.084487 0.084487 0.084487 0.084487 0.000005 0.000000 0.107658 0.165525 0.084487 0.084487 0.084487 0.000007 0.000028 0.165525 0.084487 0.084487 0.339509
0.083976 0.083976 0.083976 0.083976 0.083976 0.083976 0.083976 0.083976 0.000043 0.000000 0.164564 0.164564 0.083976 0.083976 0.083976 0.000006 0.000028 0.164564 0.067351 0.083976 1.000000
0.083965 0.083965 0.083965 0.083965 0.083965 0.083965 0.083965 0.083965 0.000002 0.000000 0.164543 0.132908 0.083965 0.083965 0.083965 0.000005 0.000639 0.164543 0.083965 0.083965 1.000000
0.084490 0.084490 0.084490 0.084490 0.084490 0.084490 0.084490 0.084490 0.000043 0.000000 0.133721 0.165531 0.067765 0.084490 0.084490 0.000006 0.000018 0.165531 0.084490 0.084490 0.339505
0.084490 0.084490 0.084490 0.084490 0.084490 0.084490 0.084490 0.084490 0.000035 0.000000 0.165531 0.133721 0.084490 0.084490 0.067765 0.000006 0.000028 0.165531 0.084490 0.084490 1.000000
0.083965 0.083965 0.083965 0.083965 0.083965 0.083965 0.083965 0.083965 0.000043 0.000000 0.164543 0.164543 0.083965 0.083965 0.083965 0.000007 0.000018 0.132908 0.083965 0.083965 0.342711
0.084490 0.084490 0.084490 0.084490 0.084490 0.084490 0.084490 0.084490 0.000035 0.000000 0.165531 0.133721 0.084490 0.084490 0.084490 0.000007 0.000023 0.165531 0.084490 0.067765 0.339470
0.083988 0.083988 0.083988 0.083988 0.083988 0.083988 0.083988 0.083988 0.000043 0.000000 0.164587 0.164587 0.083988 0.083988 0.083988 0.000006 0.000018 0.164587 0.083988 0.083988 1.000000
0.084446 0.084446 0.084446 0.084446 0.084446 0.084446 0.084446 0.084446 0.000067 0.000000 0.133653 0.133653 0.067730 0.084446 0.084446 0.000007 0.000018 0.165449 0.054273 0.084446 0.339716
0.083988 0.083988 0.083988 0.083988 0.083988 0.083988 0.083988 0.083988 0.000043 0.000000 0.164587 0.164587 0.083988 0.083988 0.083988 0.000006 0.000018 0.164587 0.083988 0.083988 1.000000
0.084076 0.084076 0.084076 0.084076 0.084076 0.084076 0.084076 0.084076 0.084076 0.000000 0.164752 0.164752 0.084076 0.084076 0.084076 0.000000 0.164752 0.164752 0.084076 0.067432 1.000000
0.084466 0.084466 0.084466 0.084466 0.084466 0.084466 0.084466 0.084466 0.000084 0.000001 0.165487 0.165487 0.067746 0.001226 0.084466 0.000007 0.000028 0.165487 0.084466 0.067746 1.000000
0.083976 0.083976 0.083976 0.083976 0.083976 0.083976 0.083976 0.083976 0.000043 0.000000 0.164564 0.164564 0.067351 0.083976 0.083976 0.000007 0.000022 0.164564 0.083976 0.083976 0.342632
0.083988 0.083988 0.083988 0.083988 0.083988 0.083988 0.083988 0.083988 0.000034 0.000000 0.164587 0.164587 0.083988 0.083988 0.083988 0.000006 0.000028 0.164587 0.083988 0.083988 1.000000
0.083976 0.083976 0.083976 0.083976 0.083976 0.083976 0.083976 0.083976 0.000043 0.000000 0.164564 0.164564 0.067351 0.083976 0.083976 0.000006 0.000028 0.164564 0.083976 0.083976 0.342632
0.083976 0.083976 0.083976 0.083976 0.083976 0.083976 0.083976 0.083976 0.000043 0.000000 0.164564 0.164564 0.067351 0.083976 0.083976 0.000006 0.000028 0.164564 0.083976 0.083976 1.000000
0.084493 0.084493 0.084493 0.084493 0.084493 0.084493 0.084493 0.084493 0.000035 0.000000 0.165538 0.165538 0.084493 0.084493 0.022298 0.000007 0.000018 0.165538 0.084493 0.084493 0.370836
0.084491 0.084491 0.084491 0.084491 0.084491 0.084491 0.084491 0.084491 0.000402 0.000000 0.165534 0.165534 0.084491 0.005848 0.084491 0.000007 0.000028 0.165534 0.084491 0.084491 1.000000
0.083999 0.083999 0.083999 0.083999 0.083999 0.083999 0.083999 0.083999 0.083999 0.000000 0.132960 0.164607 0.083999 0.083999 0.083999 0.000004 0.000086 0.164607 0.083999 0.083999 1.000000
0.083988 0.083988 0.083988 0.083988 0.083988 0.083988 0.083988 0.083988 0.000034 0.000000 0.164587 0.164587 0.083988 0.083988 0.083988 0.000006 0.000028 0.164587 0.083988 0.083988 0.374768
0.083988 0.083988 0.083988 0.083988 0.083988 0.083988 0.083988 0.083988 0.000034 0.000000 0.164587 0.164587 0.083988 0.083988 0.083988 0.000007 0.000022 0.164587 0.083988 0.083988 0.344594
0.083988 0.083988 0.083988 0.083988 0.083988 0.083988 0.083988 0.083988 0.000034 0.000000 0.164587 0.164587 0.083988 0.083988 0.083988 0.000006 0.000028 0.164587 0.083988 0.083988 1.000000
0.083976 0.083976 0.083976 0.083976 0.083976 0.083976 0.083976 0.083976 0.000043 0.000000 0.164564 0.164564 0.083976 0.083976 0.083976 0.000006 0.000028 0.164564 0.083976 0.067351 0.342632
0.084493 0.084493 0.084493 0.084493 0.084493 0.084493 0.084493 0.084493 0.000043 0.000000 0.165538 0.165538 0.084493 0.084493 0.022298 0.000007 0.000018 0.165538 0.084493 0.084493 0.343965
0.083965 0.083965 0.083965 0.083965 0.083965 0.083965 0.083965 0.083965 0.000043 0.000000 0.164543 0.132908 0.083965 0.083965 0.083965 0.000006 0.000022 0.164543 0.083965 0.083965 0.342675
0.083988 0.083988 0.083988 0.083988 0.083988 0.083988 0.083988 0.083988 0.000043 0.000000 0.164587 0.164587 0.083988 0.083988 0.083988 0.000006 0.000028 0.164587 0.083988 0.083988 1.000000
0.084022 0.084022 0.084022 0.084022 0.084022 0.084022 0.084022 0.084022 0.084022 0.084022 0.164651 0.001951 0.084022 0.084022 0.084022 0.000000 0.164651 0.164651 0.084022 0.000000 1.000000
0.083988 0.083988 0.083988 0.083988 0.083988 0.083988 0.083988 0.083988 0.000034 0.000000 0.164587 0.164587 0.083988 0.083988 0.083988 0.000006 0.000028 0.164587 0.083988 0.083988 0.342558
0.083964 0.083964 0.083964 0.083964 0.083964 0.083964 0.083964 0.083964 0.000043 0.000000 0.164541 0.164541 0.067341 0.083964 0.083964 0.000006 0.000028 0.164541 0.067341 0.083964 1.000000
0.083988 0.083988 0.083988 0.083988 0.083988 0.083988 0.083988 0.083988 0.000034 0.000000 0.164587 0.164587 0.083988 0.083988 0.083988 0.000006 0.000028 0.164587 0.083988 0.083988 1.000000
0.083988 0.083988 0.083988 0.083988 0.083988 0.083988 0.083988 0.083988 0.000034 0.000000 0.164587 0.164587 0.083988 0.083988 0.083988 0.000006 0.000028 0.164587 0.083988 0.083988 1.000000
0.083988 0.083988 0.083988 0.083988 0.083988 0.083988 0.083988 0.083988 0.000034 0.000000 0.164587 0.164587 0.083988 0.083988 0.083988 0.000006 0.000028 0.164587 0.083988 0.083988 1.000000
0.083988 0.083988 0.083988 0.083988 0.083988 0.083988 0.083988 0.083988 0.000034 0.000000 0.164587 0.164587 0.083988 0.083988 0.083988 0.000006 0.000028 0.164587 0.083988 0.083988 1.000000
0.083988 0.083988 0.083988 0.083988 0.083988 0.083988 0.083988 0.083988 0.000034 0.000000 0.164587 0.164587 0.083988 0.083988 0.083988 0.000006 0.000028 0.164587 0.083988 0.083988 1.000000
0.083988 0.083988 0.083988 0.083988 0.083988 0.083988 0.083988 0.083988 0.000034 0.000000 0.164587 0.164587 0.083988 0.083988 0.083988 0.000006 0.000028 0.164587 0.083988 0.083988 1.000000
0.083965 0.083965 0.083965 0.083965 0.083965 0.083965 0.083965 0.083965 0.000043 0.000000 0.132908 0.164543 0.083965 0.083965 0.083965 0.000006 0.000022 0.164543 0.083965 0.083965 0.341366
0.083988 0.083988 0.083988 0.083988 0.083988 0.083988 0.083988 0.083988 0.000034 0.000000 0.164587 0.164587 0.083988 0.083988 0.083988 0.000006 0.000028 0.164587 0.083988 0.083988 1.000000
0.083976 0.083976 0.083976 0.083976 0.083976 0.083976 0.083976 0.083976 0.000034 0.000000 0.164564 0.164564 0.083976 0.083976 0.083976 0.000006 0.000028 0.164564 0.067351 0.083976 1.000000
0.083988 0.083988 0.083988 0.083988 0.083988 0.083988 0.083988 0.083988 0.000034 0.000000 0.164587 0.164587 0.083988 0.083988 0.083988 0.000006 0.000028 0.164587 0.083988 0.083988 1.000000
0.083988 0.083988 0.083988 0.083988 0.083988 0.083988 0.083988 0.083988 0.000034 0.000000 0.164587 0.164587 0.083988 0.083988 0.083988 0.000006 0.000028 0.164587 0.083988 0.083988 1.000000
0.083965 0.083965 0.083965 0.083965 0.083965 0.083965 0.083965 0.083965 0.000034 0.000000 0.164543 0.132908 0.083965 0.083965 0.083965 0.000007 0.000028 0.164543 0.083965 0.083965 1.000000
0.083988 0.083988 0.083988 0.083988 0.083988 0.083988 0.083988 0.083988 0.000034 0.000000 0.164587 0.164587 0.083988 0.083988 0.083988 0.000006 0.000028 0.164587 0.083988 0.083988 1.000000
0.083988 0.083988 0.083988 0.083988 0.083988 0.083988 0.083988 0.083988 0.000034 0.000000 0.164587 0.164587 0.083988 0.083988 0.083988 0.000006 0.000028 0.164587 0.083988 0.083988 1.000000
0.083988 0.083988 0.083988 0.083988 0.083988 0.083988 0.083988 0.083988 0.000034 0.000000 0.164587 0.164587 0.083988 0.083988 0.083988 0.000006 0.000028 0.164587 0.083988 0.083988 1.000000
0.083988 0.083988 0.083988 0.083988 0.083988 0.083988 0.083988 0.083988 0.000034 0.000000 0.164587 0.164587 0.083988 0.083988 0.083988 0.000006 0.000028 0.164587 0.083988 0.083988 1.000000
0.084491 0.084491 0.084491 0.084491 0.084491 0.084491 0.084491 0.084491 0.000054 0.000006 0.165533 0.165533 0.084491 0.000257 0.084491 0.000007 0.000028 0.165533 0.084491 0.084491 0.339465
0.083976 0.083976 0.083976 0.083976 0.083976 0.083976 0.083976 0.083976 0.000043 0.000000 0.164564 0.164564 0.083976 0.083976 0.083976 0.000006 0.000028 0.164564 0.083976 0.067351 1.000000
0.083964 0.083964 0.083964 0.083964 0.083964 0.083964 0.083964 0.083964 0.000043 0.000000 0.164541 0.164541 0.083964 0.083964 0.067341 0.000006 0.000028 0.164541 0.067341 0.083964 1.000000
0.083988 0.083988 0.083988 0.083988 0.083988 0.083988 0.083988 0.083988 0.000034 0.000000 0.164587 0.164587 0.083988 0.083988 0.083988 0.000006 0.000028 0.164587 0.083988 0.083988 1.000000
0.083988 0.083988 0.083988 0.083988 0.083988 0.083988 0.083988 0.083988 0.000034 0.000000 0.164587 0.164587 0.083988 0.083988 0.083988 0.000006 0.000028 0.164587 0.083988 0.083988 1.000000
0.084491 0.084491 0.084491 0.084491 0.084491 0.084491 0.084491 0.084491 0.000054 0.000006 0.165533 0.165533 0.084491 0.000257 0.084491 0.000007 0.000028 0.165533 0.084491 0.084491 0.340981
0.083988 0.083988 0.083988 0.083988 0.083988 0.083988 0.083988 0.083988 0.000034 0.000000 0.164587 0.164587 0.083988 0.083988 0.083988 0.000006 0.000028 0.164587 0.083988 0.083988 1.000000
0.083988 0.083988 0.083988 0.083988 0.083988 0.083988 0.083988 0.083988 0.000034 0.000000 0.164587 0.164587 0.083988 0.083988 0.083988 0.000006 0.000028 0.164587 0.083988 0.083988 1.000000
0.083964 0.083964 0.083964 0.083964 0.083964 0.083964 0.083964 0.083964 0.000034 0.000000 0.164541 0.164541 0.067341 0.083964 0.083964 0.000006 0.000028 0.164541 0.083964 0.067341 1.000000
0.083965 0.083965 0.083965 0.083965 0.083965 0.083965 0.083965 0.083965 0.000034 0.000000 0.132908 0.164543 0.083965 0.083965 0.083965 0.000007 0.000028 0.164543 0.083965 0.083965 1.000000
0.083976 0.083976 0.083976 0.083976 0.083976 0.083976 0.083976 0.083976 0.000034 0.000000 0.164564 0.164564 0.067351 0.083976 0.083976 0.000006 0.000028 0.164564 0.083976 0.083976 1.000000
0.084479 0.084479 0.084479 0.084479 0.084479 0.084479 0.084479 0.084479 0.000043 0.000000 0.165510 0.133704 0.084479 0.084479 0.084479 0.000006 0.000023 0.133704 0.084479 0.084479 1.000000
0.084022 0.084022 0.084022 0.084022 0.084022 0.084022 0.084022 0.084022 0.084022 0.000000 0.164651 0.164651 0.084022 0.084022 0.084022 0.000000 0.003811 0.164651 0.084022 0.084022 1.000000
0.083988 0.083988 0.083988 0.083988 0.083988 0.083988 0.083988 0.083988 0.000034 0.000000 0.164587 0.164587 0.083988 0.083988 0.083988 0.000006 0.000028 0.164587 0.083988 0.083988 1.000000
0.083988 0.083988 0.083988 0.083988 0.083988 0.083988 0.083988 0.083988 0.000034 0.000000 0.164587 0.164587 0.083988 0.083988 0.083988 0.000006 0.000028 0.164587 0.083988 0.083988 1.000000
0.083988 0.083988 0.083988 0.083988 0.083988 0.083988 0.083988 0.083988 0.000034 0.000000 0.164587 0.164587 0.083988 0.083988 0.083988 0.000006 0.000028 0.164587 0.083988 0.083988 1.000000
0.083988 0.083988 0.083988 0.083988 0.083988 0.083988 0.083988 0.083988 0.000034 0.000000 0.164587 0.164587 0.083988 0.083988 0.083988 0.000006 0.000028 0.164587 0.083988 0.083988 1.000000
0.083988 0.083988 0.083988 0.083988 0.083988 0.083988 0.083988 0.083988 0.000034 0.000000 0.164587 0.164587 0.083988 0.083988 0.083988 0.000006 0.000028 0.164587 0.083988 0.083988 1.000000
0.083988 0.083988 0.083988 0.083988 0.083988 0.083988 0.083988 0.083988 0.000034 0.000000 0.164587 0.164587 0.083988 0.083988 0.083988 0.000006 0.000028 0.164587 0.083988 0.083988 1.000000
0.083988 0.083988 0.083988 0.083988 0.083988 0.083988 0.083988 0.083988 0.000034 0.000000 0.164587 0.164587 0.083988 0.083988 0.083988 0.000006 0.000028 0.164587 0.083988 0.083988 1.000000
0.083988 0.083988 0.083988 0.083988 0.083988 0.083988 0.083988 0.083988 0.000034 0.000000 0.164587 0.164587 0.083988 0.083988 0.083988 0.000007 0.000022 0.164587 0.083988 0.083988 1.000000
0.083988 0.083988 0.083988 0.083988 0.083988 0.083988 0.083988 0.083988 0.000034 0.000000 0.164587 0.164587 0.083988 0.083988 0.083988 0.000006 0.000028 0.164587 0.083988 0.083988 1.000000
0.083976 0.083976 0.083976 0.083976 0.083976 0.083976 0.083976 0.083976 0.000043 0.000000 0.164564 0.164564 0.083976 0.083976 0.083976 0.000006 0.000028 0.164564 0.083976 0.067351 1.000000
0.083988 0.083988 0.083988 0.083988 0.083988 0.083988 0.083988 0.083988 0.000034 0.000000 0.164587 0.164587 0.083988 0.083988 0.083988 0.000007 0.000022 0.164587 0.083988 0.083988 1.000000
0.083988 0.083988 0.083988 0.083988 0.083988 0.083988 0.083988 0.083988 0.000034 0.000000 0.164587 0.164587 0.083988 0.083988 0.083988 0.000006 0.000028 0.164587 0.083988 0.083988 1.000000
0.083988 0.083988 0.083988 0.083988 0.083988 0.083988 0.083988 0.083988 0.000034 0.000000 0.164587 0.164587 0.083988 0.083988 0.083988 0.000006 0.000028 0.164587 0.083988 0.083988 1.000000
0.083988 0.083988 0.083988 0.083988 0.083988 0.083988 0.083988 0.083988 0.000034 0.000000 0.164587 0.164587 0.083988 0.083988 0.083988 0.000006 0.000028 0.164587 0.083988 0.083988 1.000000
0.083988 0.083988 0.083988 0.083988 0.083988 0.083988 0.083988 0.083988 0.000034 0.000000 0.164587 0.164587 0.083988 0.083988 0.083988 0.000006 0.000028 0.164587 0.083988 0.083988 1.000000
0.083988 0.083988 0.083988 0.083988 0.083988 0.083988 0.083988 0.083988 0.000034 0.000000 0.164587 0.164587 0.083988 0.083988 0.083988 0.000006 0.000028 0.164587 0.083988 0.083988 1.000000
0.083988 0.083988 0.083988 0.083988 0.083988 0.083988 0.083988 0.083988 0.000034 0.000000 0.164587 0.164587 0.083988 0.083988 0.083988 0.000006 0.000028 0.164587 0.083988 0.083988 1.000000
0.083988 0.083988 0.083988 0.083988 0.083988 0.083988 0.083988 0.083988 0.000034 0.000000 0.164587 0.164587 0.083988 0.083988 0.083988 0.000006 0.000028 0.164587 0.083988 0.083988 1.000000
0.083988 0.083988 0.083988 0.083988 0.083988 0.083988 0.083988 0.083988 0.000034 0.000000 0.164587 0.164587 0.083988 0.083988 0.083988 0.000006 0.000028 0.164587 0.083988 0.083988 1.000000
0.083988 0.083988 0.083988 0.083988 0.083988 0.083988 0.083988 0.083988 0.000034 0.000000 0.164587 0.164587 0.083988 0.083988 0.083988 0.000006 0.000028 0.164587 0.083988 0.083988 1.000000
0.083988 0.083988 0.083988 0.083988 0.083988 0.083988 0.083988 0.083988 0.000034 0.000000 0.164587 0.164587 0.083988 0.083988 0.083988 0.000006 0.000028 0.164587 0.083988 0.083988 1.000000
0.083988 0.083988 0.083988 0.083988 0.083988 0.083988 0.083988 0.083988 0.000034 0.000000 0.164587 0.164587 0.083988 0.083988 0.083988 0.000006 0.000028 0.164587 0.083988 0.083988 1.000000
0.083988 0.083988 0.083988 0.083988 0.083988 0.083988 0.083988 0.083988 0.000034 0.000000 0.164587 0.164587 0.083988 0.083988 0.083988 0.000006 0.000028 0.164587 0.083988 0.083988 1.000000
0.083988 0.083988 0.083988 0.083988 0.083988 0.083988 0.083988 0.083988 0.000034 0.000000 0.164587 0.164587 0.083988 0.083988 0.083988 0.000006 0.000028 0.164587 0.083988 0.083988 1.000000
0.083988 0.083988 0.083988 0.083988 0.083988 0.083988 0.083988 0.083988 0.000034 0.000000 0.164587 0.164587 0.083988 0.083988 0.083988 0.000006 0.000028 0.164587 0.083988 0.083988 1.000000
0.083988 0.083988 0.083988 0.083988 0.083988 0.083988 0.083988 0.083988 0.000034 0.000000 0.164587 0.164587 0.083988 0.083988 0.083988 0.000006 0.000028 0.164587 0.083988 0.083988 1.000000
0.083988 0.083988 0.083988 0.083988 0.083988 0.083988 0.083988 0.083988 0.000034 0.000000 0.164587 0.164587 0.083988 0.083988 0.083988 0.000006 0.000028 0.164587 0.083988 0.083988 1.000000
0.083988 0.083988 0.083988 0.083988 0.083988 0.083988 0.083988 0.083988 0.000034 0.000000 0.164587 0.164587 0.083988 0.083988 0.083988 0.000006 0.000028 0.164587 0.083988 0.083988 1.000000
0.083988 0.083988 0.083988 0.083988 0.083988 0.083988 0.083988 0.083988 0.000034 0.000000 0.164587 0.164587 0.083988 0.083988 0.083988 0.000006 0.000028 0.164587 0.083988 0.083988 1.000000
0.083988 0.083988 0.083988 0.083988 0.083988 0.083988 0.083988 0.083988 0.000034 0.000000 0.164587 0.164587 0.083988 0.083988 0.083988 0.000006 0.000028 0.164587 0.083988 0.083988 1.000000
0.083988 0.083988 0.083988 0.083988 0.083988 0.083988 0.083988 0.083988 0.000034 0.000000 0.164587 0.164587 0.083988 0.083988 0.083988 0.000006 0.000028 0.164587 0.083988 0.083988 1.000000
0.083976 0.083976 0.083976 0.083976 0.083976 0.083976 0.083976 0.083976 0.000043 0.000000 0.164564 0.164564 0.083976 0.083976 0.083976 0.000006 0.000028 0.164564 0.067351 0.083976 1.000000
0.083988 0.083988 0.083988 0.083988 0.083988 0.083988 0.083988 0.083988 0.000034 0.000000 0.164587 0.164587 0.083988 0.083988 0.083988 0.000006 0.000028 0.164587 0.083988 0.083988 1.000000
0.083988 0.083988 0.083988 0.083988 0.083988 0.083988 0.083988 0.083988 0.000034 0.000000 0.164587 0.164587 0.083988 0.083988 0.083988 0.000006 0.000028 0.164587 0.083988 0.083988 1.000000
0.083988 0.083988 0.083988 0.083988 0.083988 0.083988 0.083988 0.083988 0.000034 0.000000 0.164587 0.164587 0.083988 0.083988 0.083988 0.000006 0.000028 0.164587 0.083988 0.083988 1.000000
0.083988 0.083988 0.083988 0.083988 0.083988 0.083988 0.083988 0.083988 0.000034 0.000000 0.164587 0.164587 0.083988 0.083988 0.083988 0.000006 0.000028 0.164587 0.083988 0.083988 1.000000
0.083988 0.083988 0.083988 0.083988 0.083988 0.083988 0.083988 0.083988 0.000034 0.000000 0.164587 0.164587 0.083988 0.083988 0.083988 0.000006 0.000028 0.164587 0.083988 0.083988 1.000000
0.083988 0.083988 0.083988 0.083988 0.083988 0.083988 0.083988 0.083988 0.000034 0.000000 0.164587 0.164587 0.083988 0.083988 0.083988 0.000006 0.000028 0.164587 0.083988 0.083988 1.000000
0.083988 0.083988 0.083988 0.083988 0.083988 0.083988 0.083988 0.083988 0.000034 0.000000 0.164587 0.164587 0.083988 0.083988 0.083988 0.000006 0.000028 0.164587 0.083988 0.083988 1.000000
0.083988 0.083988 0.083988 0.083988 0.083988 0.083988 0.083988 0.083988 0.000034 0.000000 0.164587 0.164587 0.083988 0.083988 0.083988 0.000006 0.000028 0.164587 0.083988 0.083988 1.000000
0.083988 0.083988 0.083988 0.083988 0.083988 0.083988 0.083988 0.083988 0.000034 0.000000 0.164587 0.164587 0.083988 0.083988 0.083988 0.000006 0.000028 0.164587 0.083988 0.083988 1.000000
0.084491 0.084491 0.084491 0.084491 0.084491 0.084491 0.084491 0.084491 0.000321 0.000000 0.165534 0.165534 0.084491 0.007310 0.084491 0.000007 0.000028 0.165534 0.084491 0.084491 1.000000
0.083988 0.083988 0.083988 0.083988 0.083988 0.083988 0.083988 0.083988 0.000034 0.000000 0.164587 0.164587 0.083988 0.083988 0.083988 0.000006 0.000028 0.164587 0.083988 0.083988 1.000000
0.083988 0.083988 0.083988 0.083988 0.083988 0.083988 0.083988 0.083988 0.000034 0.000000 0.164587 0.164587 0.083988 0.083988 0.083988 0.000006 0.000028 0.164587 0.083988 0.083988 1.000000
0.083988 0.083988 0.083988 0.083988 0.083988 0.083988 0.083988 0.083988 0.000034 0.000000 0.164587 0.164587 0.083988 0.083988 0.083988 0.000006 0.000028 0.164587 0.083988 0.083988 1.000000
0.083988 0.083988 0.083988 0.083988 0.083988 0.083988 0.083988 0.083988 0.000034 0.000000 0.164587 0.164587 0.083988 0.083988 0.083988 0.000006 0.000028 0.164587 0.083988 0.083988 1.000000
0.083988 0.083988 0.083988 0.083988 0.083988 0.083988 0.083988 0.083988 0.000034 0.000000 0.164587 0.164587 0.083988 0.083988 0.083988 0.000006 0.000028 0.164587 0.083988 0.083988 1.000000
0.083988 0.083988 0.083988 0.083988 0.083988 0.083988 0.083988 0.083988 0.000034 0.000000 0.164587 0.164587 0.083988 0.083988 0.083988 0.000006 0.000028 0.164587 0.083988 0.083988 1.000000
0.083988 0.083988 0.083988 0.083988 0.083988 0.083988 0.083988 0.083988 0.000034 0.000000 0.164587 0.164587 0.083988 0.083988 0.083988 0.000006 0.000028 0.164587 0.083988 0.083988 1.000000
0.083988 0.083988 0.083988 0.083988 0.083988 0.083988 0.083988 0.083988 0.000034 0.000000 0.164587 0.164587 0.083988 0.083988 0.083988 0.000006 0.000028 0.164587 0.083988 0.083988 1.000000
0.083988 0.083988 0.083988 0.083988 0.083988 0.083988 0.083988 0.083988 0.000034 0.000000 0.164587 0.164587 0.083988 0.083988 0.083988 0.000006 0.000028 0.164587 0.083988 0.083988 1.000000
0.083965 0.083965 0.083965 0.083965 0.083965 0.083965 0.083965 0.083965 0.000034 0.000000 0.164543 0.164543 0.083965 0.083965 0.083965 0.000006 0.000035 0.132908 0.083965 0.083965 1.000000
0.083988 0.083988 0.083988 0.083988 0.083988 0.083988 0.083988 0.083988 0.000034 0.000000 0.164587 0.164587 0.083988 0.083988 0.083988 0.000006 0.000028 0.164587 0.083988 0.083988 1.000000
0.083988 0.083988 0.083988 0.083988 0.083988 0.083988 0.083988 0.083988 0.000034 0.000000 0.164587 0.164587 0.083988 0.083988 0.083988 0.000006 0.000028 0.164587 0.083988 0.083988 1.000000
0.083988 0.083988 0.083988 0.083988 0.083988 0.083988 0.083988 0.083988 0.000034 0.000000 0.164587 0.164587 0.083988 0.083988 0.083988 0.000006 0.000028 0.164587 0.083988 0.083988 1.000000
0.083988 0.083988 0.083988 0.083988 0.083988 0.083988 0.083988 0.083988 0.000034 0.000000 0.164587 0.164587 0.083988 0.083988 0.083988 0.000006 0.000028 0.164587 0.083988 0.083988 1.000000
0.083988 0.083988 0.083988 0.083988 0.083988 0.083988 0.083988 0.083988 0.000034 0.000000 0.164587 0.164587 0.083988 0.083988 0.083988 0.000006 0.000028 0.164587 0.083988 0.083988 1.000000
0.083988 0.083988 0.083988 0.083988 0.083988 0.083988 0.083988 0.083988 0.000034 0.000000 0.164587 0.164587 0.083988 0.083988 0.083988 0.000006 0.000028 0.164587 0.083988 0.083988 1.000000
0.083988 0.083988 0.083988 0.083988 0.083988 0.083988 0.083988 0.083988 0.000034 0.000000 0.164587 0.164587 0.083988 0.083988 0.083988 0.000006 0.000028 0.164587 0.083988 0.083988 1.000000
0.083988 0.083988 0.083988 0.083988 0.083988 0.083988 0.083988 0.083988 0.000034 0.000000 0.164587 0.164587 0.083988 0.083988 0.083988 0.000006 0.000028 0.164587 0.083988 0.083988 1.000000
0.083988 0.083988 0.083988 0.083988 0.083988 0.083988 0.083988 0.083988 0.000034 0.000000 0.164587 0.164587 0.083988 0.083988 0.083988 0.000007 0.000022 0.164587 0.083988 0.083988 1.000000
0.083988 0.083988 0.083988 0.083988 0.083988 0.083988 0.083988 0.083988 0.000034 0.000000 0.164587 0.164587 0.083988 0.083988 0.083988 0.000006 0.000028 0.164587 0.083988 0.083988 1.000000
0.083988 0.083988 0.083988 0.083988 0.083988 0.083988 0.083988 0.083988 0.000034 0.000000 0.164587 0.164587 0.083988 0.083988 0.083988 0.000006 0.000028 0.164587 0.083988 0.083988 1.000000
0.083976 0.083976 0.083976 0.083976 0.083976 0.083976 0.083976 0.083976 0.000034 0.000000 0.164564 0.164564 0.067351 0.083976 0.083976 0.000006 0.000028 0.164564 0.083976 0.083976 1.000000
0.083988 0.083988 0.083988 0.083988 0.083988 0.083988 0.083988 0.083988 0.000034 0.000000 0.164587 0.164587 0.083988 0.083988 0.083988 0.000006 0.000028 0.164587 0.083988 0.083988 1.000000
0.083988 0.083988 0.083988 0.083988 0.083988 0.083988 0.083988 0.083988 0.000034 0.000000 0.164587 0.164587 0.083988 0.083988 0.083988 0.000006 0.000028 0.164587 0.083988 0.083988 1.000000
0.083988 0.083988 0.083988 0.083988 0.083988 0.083988 0.083988 0.083988 0.000034 0.000000 0.164587 0.164587 0.083988 0.083988 0.083988 0.000006 0.000028 0.164587 0.083988 0.083988 1.000000
0.083988 0.083988 0.083988 0.083988 0.083988 0.083988 0.083988 0.083988 0.000034 0.000000 0.164587 0.164587 0.083988 0.083988 0.083988 0.000006 0.000028 0.164587 0.083988 0.083988 1.000000
0.083988 0.083988 0.083988 0.083988 0.083988 0.083988 0.083988 0.083988 0.000034 0.000000 0.164587 0.164587 0.083988 0.083988 0.083988 0.000006 0.000028 0.164587 0.083988 0.083988 1.000000
0.083988 0.083988 0.083988 0.083988 0.083988 0.083988 0.083988 0.083988 0.000034 0.000000 0.164587 0.164587 0.083988 0.083988 0.083988 0.000006 0.000028 0.164587 0.083988 0.083988 1.000000
0.083988 0.083988 0.083988 0.083988 0.083988 0.083988 0.083988 0.083988 0.000034 0.000000 0.164587 0.164587 0.083988 0.083988 0.083988 0.000006 0.000028 0.164587 0.083988 0.083988 1.000000
0.083988 0.083988 0.083988 0.083988 0.083988 0.083988 0.083988 0.083988 0.000034 0.000000 0.164587 0.164587 0.083988 0.083988 0.083988 0.000006 0.000028 0.164587 0.083988 0.083988 1.000000
0.083988 0.083988 0.083988 0.083988 0.083988 0.083988 0.083988 0.083988 0.000034 0.000000 0.164587 0.164587 0.083988 0.083988 0.083988 0.000006 0.000028 0.164587 0.083988 0.083988 1.000000
0.083988 0.083988 0.083988 0.083988 0.083988 0.083988 0.083988 0.083988 0.000034 0.000000 0.164587 0.164587 0.083988 0.083988 0.083988 0.000006 0.000028 0.164587 0.083988 0.083988 1.000000
0.083988 0.083988 0.083988 0.083988 0.083988 0.083988 0.083988 0.083988 0.000034 0.000000 0.164587 0.164587 0.083988 0.083988 0.083988 0.000006 0.000028 0.164587 0.083988 0.083988 1.000000
0.083988 0.083988 0.083988 0.083988 0.083988 0.083988 0.083988 0.083988 0.000034 0.000000 0.164587 0.164587 0.083988 0.083988 0.083988 0.000006 0.000028 0.164587 0.083988 0.083988 1.000000
0.083988 0.083988 0.083988 0.083988 0.083988 0.083988 0.083988 0.083988 0.000034 0.000000 0.164587 0.164587 0.083988 0.083988 0.083988 0.000006 0.000028 0.164587 0.083988 0.083988 1.000000
0.083988 0.083988 0.083988 0.083988 0.083988 0.083988 0.083988 0.083988 0.000034 0.000000 0.164587 0.164587 0.083988 0.083988 0.083988 0.000006 0.000028 0.164587 0.083988 0.083988 1.000000
0.083988 0.083988 0.083988 0.083988 0.083988 0.083988 0.083988 0.083988 0.000034 0.000000 0.164587 0.164587 0.083988 0.083988 0.083988 0.000006 0.000028 0.164587 0.083988 0.083988 1.000000
0.083988 0.083988 0.083988 0.083988 0.083988 0.083988 0.083988 0.083988 0.000034 0.000000 0.164587 0.164587 0.083988 0.083988 0.083988 0.000006 0.000028 0.164587 0.083988 0.083988 1.000000
0.083988 0.083988 0.083988 0.083988 0.083988 0.083988 0.083988 0.083988 0.000034 0.000000 0.164587 0.164587 0.083988 0.083988 0.083988 0.000006 0.000028 0.164587 0.083988 0.083988 1.000000
0.083988 0.083988 0.083988 0.083988 0.083988 0.083988 0.083988 0.083988 0.000034 0.000000 0.164587 0.164587 0.083988 0.083988 0.083988 0.000006 0.000028 0.164587 0.083988 0.083988 1.000000
0.083988 0.083988 0.083988 0.083988 0.083988 0.083988 0.083988 0.083988 0.000034 0.000000 0.164587 0.164587 0.083988 0.083988 0.083988 0.000006 0.000028 0.164587 0.083988 0.083988 1.000000
0.083988 0.083988 0.083988 0.083988 0.083988 0.083988 0.083988 0.083988 0.000034 0.000000 0.164587 0.164587 0.083988 0.083988 0.083988 0.000006 0.000028 0.164587 0.083988 0.083988 1.000000
0.083988 0.083988 0.083988 0.083988 0.083988 0.083988 0.083988 0.083988 0.000034 0.000000 0.164587 0.164587 0.083988 0.083988 0.083988 0.000006 0.000028 0.164587 0.083988 0.083988 1.000000
0.083988 0.083988 0.083988 0.083988 0.083988 0.083988 0.083988 0.083988 0.000034 0.000000 0.164587 0.164587 0.083988 0.083988 0.083988 0.000006 0.000028 0.164587 0.083988 0.083988 1.000000
0.083988 0.083988 0.083988 0.083988 0.083988 0.083988 0.083988 0.083988 0.000034 0.000000 0.164587 0.164587 0.083988 0.083988 0.083988 0.000006 0.000028 0.164587 0.083988 0.083988 1.000000
0.083988 0.083988 0.083988 0.083988 0.083988 0.083988 0.083988 0.083988 0.000034 0.000000 0.164587 0.164587 0.083988 0.083988 0.083988 0.000006 0.000028 0.164587 0.083988 0.083988 1.000000
0.083988 0.083988 0.083988 0.083988 0.083988 0.083988 0.083988 0.083988 0.000034 0.000000 0.164587 0.164587 0.083988 0.083988 0.083988 0.000006 0.000028 0.164587 0.083988 0.083988 1.000000
0.083988 0.083988 0.083988 0.083988 0.083988 0.083988 0.083988 0.083988 0.000034 0.000000 0.164587 0.164587 0.083988 0.083988 0.083988 0.000006 0.000028 0.164587 0.083988 0.083988 1.000000
0.083988 0.083988 0.083988 0.083988 0.083988 0.083988 0.083988 0.083988 0.000034 0.000000 0.164587 0.164587 0.083988 0.083988 0.083988 0.000006 0.000028 0.164587 0.083988 0.083988 1.000000
0.083988 0.083988 0.083988 0.083988 0.083988 0.083988 0.083988 0.083988 0.000034 0.000000 0.164587 0.164587 0.083988 0.083988 0.083988 0.000006 0.000028 0.164587 0.083988 0.083988 1.000000
0.083965 0.083965 0.083965 0.083965 0.083965 0.083965 0.083965 0.083965 0.000034 0.000000 0.164543 0.164543 0.083965 0.083965 0.083965 0.000007 0.000028 0.132908 0.083965 0.083965 1.000000
0.083988 0.083988 0.083988 0.083988 0.083988 0.083988 0.083988 0.083988 0.000034 0.000000 0.164587 0.164587 0.083988 0.083988 0.083988 0.000006 0.000028 0.164587 0.083988 0.083988 1.000000
0.083988 0.083988 0.083988 0.083988 0.083988 0.083988 0.083988 0.083988 0.000034 0.000000 0.164587 0.164587 0.083988 0.083988 0.083988 0.000006 0.000028 0.164587 0.083988 0.083988 1.000000
0.083988 0.083988 0.083988 0.083988 0.083988 0.083988 0.083988 0.083988 0.000034 0.000000 0.164587 0.164587 0.083988 0.083988 0.083988 0.000006 0.000028 0.164587 0.083988 0.083988 1.000000
0.083988 0.083988 0.083988 0.083988 0.083988 0.083988 0.083988 0.083988 0.000034 0.000000 0.164587 0.164587 0.083988 0.083988 0.083988 0.000006 0.000028 0.164587 0.083988 0.083988 1.000000
0.083988 0.083988 0.083988 0.083988 0.083988 0.083988 0.083988 0.083988 0.000034 0.000000 0.164587 0.164587 0.083988 0.083988 0.083988 0.000006 0.000028 0.164587 0.083988 0.083988 1.000000
0.083988 0.083988 0.083988 0.083988 0.083988 0.083988 0.083988 0.083988 0.000034 0.000000 0.164587 0.164587 0.083988 0.083988 0.083988 0.000006 0.000028 0.164587 0.083988 0.083988 1.000000
0.083988 0.083988 0.083988 0.083988 0.083988 0.083988 0.083988 0.083988 0.000034 0.000000 0.164587 0.164587 0.083988 0.083988 0.083988 0.000006 0.000028 0.164587 0.083988 0.083988 1.000000
0.083988 0.083988 0.083988 0.083988 0.083988 0.083988 0.083988 0.083988 0.000034 0.000000 0.164587 0.164587 0.083988 0.083988 0.083988 0.000006 0.000028 0.164587 0.083988 0.083988 1.000000
0.083988 0.083988 0.083988 0.083988 0.083988 0.083988 0.083988 0.083988 0.000034 0.000000 0.164587 0.164587 0.083988 0.083988 0.083988 0.000006 0.000028 0.164587 0.083988 0.083988 1.000000
0.083988 0.083988 0.083988 0.083988 0.083988 0.083988 0.083988 0.083988 0.000034 0.000000 0.164587 0.164587 0.083988 0.083988 0.083988 0.000006 0.000028 0.164587 0.083988 0.083988 1.000000
0.083988 0.083988 0.083988 0.083988 0.083988 0.083988 0.083988 0.083988 0.000034 0.000000 0.164587 0.164587 0.083988 0.083988 0.083988 0.000006 0.000028 0.164587 0.083988 0.083988 1.000000
0.083988 0.083988 0.083988 0.083988 0.083988 0.083988 0.083988 0.083988 0.000034 0.000000 0.164587 0.164587 0.083988 0.083988 0.083988 0.000006 0.000028 0.164587 0.083988 0.083988 1.000000
0.083988 0.083988 0.083988 0.083988 0.083988 0.083988 0.083988 0.083988 0.000034 0.000000 0.164587 0.164587 0.083988 0.083988 0.083988 0.000006 0.000028 0.164587 0.083988 0.083988 1.000000
0.083988 0.083988 0.083988 0.083988 0.083988 0.083988 0.083988 0.083988 0.000034 0.000000 0.164587 0.164587 0.083988 0.083988 0.083988 0.000006 0.000028 0.164587 0.083988 0.083988 1.000000
0.083988 0.083988 0.083988 0.083988 0.083988 0.083988 0.083988 0.083988 0.000034 0.000000 0.164587 0.164587 0.083988 0.083988 0.083988 0.000006 0.000028 0.164587 0.083988 0.083988 1.000000
0.083988 0.083988 0.083988 0.083988 0.083988 0.083988 0.083988 0.083988 0.000034 0.000000 0.164587 0.164587 0.083988 0.083988 0.083988 0.000006 0.000028 0.164587 0.083988 0.083988 1.000000
0.083988 0.083988 0.083988 0.083988 0.083988 0.083988 0.083988 0.083988 0.000034 0.000000 0.164587 0.164587 0.083988 0.083988 0.083988 0.000006 0.000028 0.164587 0.083988 0.083988 1.000000
0.083988 0.083988 0.083988 0.083988 0.083988 0.083988 0.083988 0.083988 0.000034 0.000000 0.164587 0.164587 0.083988 0.083988 0.083988 0.000006 0.000028 0.164587 0.083988 0.083988 1.000000
0.083988 0.083988 0.083988 0.083988 0.083988 0.083988 0.083988 0.083988 0.000034 0.000000 0.164587 0.164587 0.083988 0.083988 0.083988 0.000006 0.000028 0.164587 0.083988 0.083988 1.000000
0.083988 0.083988 0.083988 0.083988 0.083988 0.083988 0.083988 0.083988 0.000034 0.000000 0.164587 0.164587 0.083988 0.083988 0.083988 0.000006 0.000028 0.164587 0.083988 0.083988 1.000000
0.083988 0.083988 0.083988 0.083988 0.083988 0.083988 0.083988 0.083988 0.000034 0.000000 0.164587 0.164587 0.083988 0.083988 0.083988 0.000006 0.000028 0.164587 0.083988 0.083988 1.000000
0.083988 0.083988 0.083988 0.083988 0.083988 0.083988 0.083988 0.083988 0.000034 0.000000 0.164587 0.164587 0.083988 0.083988 0.083988 0.000006 0.000028 0.164587 0.083988 0.083988 1.000000
0.083988 0.083988 0.083988 0.083988 0.083988 0.083988 0.083988 0.083988 0.000034 0.000000 0.164587 0.164587 0.083988 0.083988 0.083988 0.000006 0.000028 0.164587 0.083988 0.083988 1.000000
0.083988 0.083988 0.083988 0.083988 0.083988 0.083988 0.083988 0.083988 0.000034 0.000000 0.164587 0.164587 0.083988 0.083988 0.083988 0.000006 0.000028 0.164587 0.083988 0.083988 1.000000
0.083988 0.083988 0.083988 0.083988 0.083988 0.083988 0.083988 0.083988 0.000034 0.000000 0.164587 0.164587 0.083988 0.083988 0.083988 0.000006 0.000028 0.164587 0.083988 0.083988 1.000000
0.083988 0.083988 0.083988 0.083988 0.083988 0.083988 0.083988 0.083988 0.000034 0.000000 0.164587 0.164587 0.083988 0.083988 0.083988 0.000006 0.000028 0.164587 0.083988 0.083988 1.000000
0.083988 0.083988 0.083988 0.083988 0.083988 0.083988 0.083988 0.083988 0.000034 0.000000 0.164587 0.164587 0.083988 0.083988 0.083988 0.000006 0.000028 0.164587 0.083988 0.083988 1.000000
0.083988 0.083988 0.083988 0.083988 0.083988 0.083988 0.083988 0.083988 0.000034 0.000000 0.164587 0.164587 0.083988 0.083988 0.083988 0.000006 0.000028 0.164587 0.083988 0.083988 1.000000
0.083988 0.083988 0.083988 0.083988 0.083988 0.083988 0.083988 0.083988 0.000034 0.000000 0.164587 0.164587 0.083988 0.083988 0.083988 0.000006 0.000028 0.164587 0.083988 0.083988 1.000000
0.083988 0.083988 0.083988 0.083988 0.083988 0.083988 0.083988 0.083988 0.000034 0.000000 0.164587 0.164587 0.083988 0.083988 0.083988 0.000006 0.000028 0.164587 0.083988 0.083988 1.000000
0.083988 0.083988 0.083988 0.083988 0.083988 0.083988 0.083988 0.083988 0.000034 0.000000 0.164587 0.164587 0.083988 0.083988 0.083988 0.000006 0.000028 0.164587 0.083988 0.083988 1.000000
0.083988 0.083988 0.083988 0.083988 0.083988 0.083988 0.083988 0.083988 0.000034 0.000000 0.164587 0.164587 0.083988 0.083988 0.083988 0.000006 0.000028 0.164587 0.083988 0.083988 1.000000
0.083988 0.083988 0.083988 0.083988 0.083988 0.083988 0.083988 0.083988 0.000034 0.000000 0.164587 0.164587 0.083988 0.083988 0.083988 0.000006 0.000028 0.164587 0.083988 0.083988 1.000000
0.083988 0.083988 0.083988 0.083988 0.083988 0.083988 0.083988 0.083988 0.000034 0.000000 0.164587 0.164587 0.083988 0.083988 0.083988 0.000006 0.000028 0.164587 0.083988 0.083988 1.000000
0.083988 0.083988 0.083988 0.083988 0.083988 0.083988 0.083988 0.083988 0.000034 0.000000 0.164587 0.164587 0.083988 0.083988 0.083988 0.000006 0.000028 0.164587 0.083988 0.083988 1.000000
0.083988 0.083988 0.083988 0.083988 0.083988 0.083988 0.083988 0.083988 0.000034 0.000000 0.164587 0.164587 0.083988 0.083988 0.083988 0.000006 0.000028 0.164587 0.083988 0.083988 1.000000
0.083988 0.083988 0.083988 0.083988 0.083988 0.083988 0.083988 0.083988 0.000034 0.000000 0.164587 0.164587 0.083988 0.083988 0.083988 0.000006 0.000028 0.164587 0.083988 0.083988 1.000000
0.083988 0.083988 0.083988 0.083988 0.083988 0.083988 0.083988 0.083988 0.000034 0.000000 0.164587 0.164587 0.083988 0.083988 0.083988 0.000006 0.000028 0.164587 0.083988 0.083988 1.000000
0.083988 0.083988 0.083988 0.083988 0.083988 0.083988 0.083988 0.083988 0.000034 0.000000 0.164587 0.164587 0.083988 0.083988 0.083988 0.000006 0.000028 0.164587 0.083988 0.083988 1.000000
0.083988 0.083988 0.083988 0.083988 0.083988 0.083988 0.083988 0.083988 0.000034 0.000000 0.164587 0.164587 0.083988 0.083988 0.083988 0.000006 0.000028 0.164587 0.083988 0.083988 1.000000
0.083988 0.083988 0.083988 0.083988 0.083988 0.083988 0.083988 0.083988 0.000034 0.000000 0.164587 0.164587 0.083988 0.083988 0.083988 0.000006 0.000028 0.164587 0.083988 0.083988 1.000000
0.083988 0.083988 0.083988 0.083988 0.083988 0.083988 0.083988 0.083988 0.000034 0.000000 0.164587 0.164587 0.083988 0.083988 0.083988 0.000006 0.000028 0.164587 0.083988 0.083988 1.000000
0.083988 0.083988 0.083988 0.083988 0.083988 0.083988 0.083988 0.083988 0.000034 0.000000 0.164587 0.164587 0.083988 0.083988 0.083988 0.000006 0.000028 0.164587 0.083988 0.083988 1.000000
0.083988 0.083988 0.083988 0.083988 0.083988 0.083988 0.083988 0.083988 0.000034 0.000000 0.164587 0.164587 0.083988 0.083988 0.083988 0.000006 0.000028 0.164587 0.083988 0.083988 1.000000
0.083988 0.083988 0.083988 0.083988 0.083988 0.083988 0.083988 0.083988 0.000034 0.000000 0.164587 0.164587 0.083988 0.083988 0.083988 0.000006 0.000028 0.164587 0.083988 0.083988 1.000000
0.083988 0.083988 0.083988 0.083988 0.083988 0.083988 0.083988 0.083988 0.000034 0.000000 0.164587 0.164587 0.083988 0.083988 0.083988 0.000006 0.000028 0.164587 0.083988 0.083988 1.000000
0.083988 0.083988 0.083988 0.083988 0.083988 0.083988 0.083988 0.083988 0.000034 0.000000 0.164587 0.164587 0.083988 0.083988 0.083988 0.000006 0.000028 0.164587 0.083988 0.083988 1.000000
0.083988 0.083988 0.083988 0.083988 0.083988 0.083988 0.083988 0.083988 0.000034 0.000000 0.164587 0.164587 0.083988 0.083988 0.083988 0.000006 0.000028 0.164587 0.083988 0.083988 1.000000
0.083988 0.083988 0.083988 0.083988 0.083988 0.083988 0.083988 0.083988 0.000034 0.000000 0.164587 0.164587 0.083988 0.083988 0.083988 0.000006 0.000028 0.164587 0.083988 0.083988 1.000000
0.083988 0.083988 0.083988 0.083988 0.083988 0.083988 0.083988 0.083988 0.000034 0.000000 0.164587 0.164587 0.083988 0.083988 0.083988 0.000006 0.000028 0.164587 0.083988 0.083988 1.000000
0.083988 0.083988 0.083988 0.083988 0.083988 0.083988 0.083988 0.083988 0.000034 0.000000 0.164587 0.164587 0.083988 0.083988 0.083988 0.000006 0.000028 0.164587 0.083988 0.083988 1.000000
0.083988 0.083988 0.083988 0.083988 0.083988 0.083988 0.083988 0.083988 0.000034 0.000000 0.164587 0.164587 0.083988 0.083988 0.083988 0.000006 0.000028 0.164587 0.083988 0.083988 1.000000
0.083988 0.083988 0.083988 0.083988 0.083988 0.083988 0.083988 0.083988 0.000034 0.000000 0.164587 0.164587 0.083988 0.083988 0.083988 0.000006 0.000028 0.164587 0.083988 0.083988 1.000000
0.083988 0.083988 0.083988 0.083988 0.083988 0.083988 0.083988 0.083988 0.000034 0.000000 0.164587 0.164587 0.083988 0.083988 0.083988 0.000006 0.000028 0.164587 0.083988 0.083988 1.000000
0.083988 0.083988 0.083988 0.083988 0.083988 0.083988 0.083988 0.083988 0.000034 0.000000 0.164587 0.164587 0.083988 0.083988 0.083988 0.000006 0.000028 0.164587 0.083988 0.083988 1.000000
0.083988 0.083988 0.083988 0.083988 0.083988 0.083988 0.083988 0.083988 0.000034 0.000000 0.164587 0.164587 0.083988 0.083988 0.083988 0.000006 0.000028 0.164587 0.083988 0.083988 1.000000
0.083988 0.083988 0.083988 0.083988 0.083988 0.083988 0.083988 0.083988 0.000034 0.000000 0.164587 0.164587 0.083988 0.083988 0.083988 0.000006 0.000028 0.164587 0.083988 0.083988 1.000000
0.083988 0.083988 0.083988 0.083988 0.083988 0.083988 0.083988 0.083988 0.000034 0.000000 0.164587 0.164587 0.083988 0.083988 0.083988 0.000006 0.000028 0.164587 0.083988 0.083988 1.000000
0.083988 0.083988 0.083988 0.083988 0.083988 0.083988 0.083988 0.083988 0.000034 0.000000 0.164587 0.164587 0.083988 0.083988 0.083988 0.000006 0.000028 0.164587 0.083988 0.083988 1.000000
0.083988 0.083988 0.083988 0.083988 0.083988 0.083988 0.083988 0.083988 0.000034 0.000000 0.164587 0.164587 0.083988 0.083988 0.083988 0.000006 0.000028 0.164587 0.083988 0.083988 1.000000
0.083988 0.083988 0.083988 0.083988 0.083988 0.083988 0.083988 0.083988 0.000034 0.000000 0.164587 0.164587 0.083988 0.083988 0.083988 0.000006 0.000028 0.164587 0.083988 0.083988 1.000000
0.083988 0.083988 0.083988 0.083988 0.083988 0.083988 0.083988 0.083988 0.000034 0.000000 0.164587 0.164587 0.083988 0.083988 0.083988 0.000006 0.000028 0.164587 0.083988 0.083988 1.000000
0.083988 0.083988 0.083988 0.083988 0.083988 0.083988 0.083988 0.083988 0.000034 0.000000 0.164587 0.164587 0.083988 0.083988 0.083988 0.000006 0.000028 0.164587 0.083988 0.083988 1.000000
0.083988 0.083988 0.083988 0.083988 0.083988 0.083988 0.083988 0.083988 0.000034 0.000000 0.164587 0.164587 0.083988 0.083988 0.083988 0.000006 0.000028 0.164587 0.083988 0.083988 1.000000
0.083988 0.083988 0.083988 0.083988 0.083988 0.083988 0.083988 0.083988 0.000034 0.000000 0.164587 0.164587 0.083988 0.083988 0.083988 0.000006 0.000028 0.164587 0.083988 0.083988 1.000000
0.083988 0.083988 0.083988 0.083988 0.083988 0.083988 0.083988 0.083988 0.000034 0.000000 0.164587 0.164587 0.083988 0.083988 0.083988 0.000006 0.000028 0.164587 0.083988 0.083988 1.000000
0.083988 0.083988 0.083988 0.083988 0.083988 0.083988 0.083988 0.083988 0.000034 0.000000 0.164587 0.164587 0.083988 0.083988 0.083988 0.000006 0.000028 0.164587 0.083988 0.083988 1.000000
0.083988 0.083988 0.083988 0.083988 0.083988 0.083988 0.083988 0.083988 0.000034 0.000000 0.164587 0.164587 0.083988 0.083988 0.083988 0.000006 0.000028 0.164587 0.083988 0.083988 1.000000
0.083988 0.083988 0.083988 0.083988 0.083988 0.083988 0.083988 0.083988 0.000034 0.000000 0.164587 0.164587 0.083988 0.083988 0.083988 0.000006 0.000028 0.164587 0.083988 0.083988 1.000000
0.083988 0.083988 0.083988 0.083988 0.083988 0.083988 0.083988 0.083988 0.000034 0.000000 0.164587 0.164587 0.083988 0.083988 0.083988 0.000006 0.000028 0.164587 0.083988 0.083988 1.000000
0.083988 0.083988 0.083988 0.083988 0.083988 0.083988 0.083988 0.083988 0.000034 0.000000 0.164587 0.164587 0.083988 0.083988 0.083988 0.000006 0.000028 0.164587 0.083988 0.083988 1.000000
0.083988 0.083988 0.083988 0.083988 0.083988 0.083988 0.083988 0.083988 0.000034 0.000000 0.164587 0.164587 0.083988 0.083988 0.083988 0.000006 0.000028 0.164587 0.083988 0.083988 1.000000
0.083988 0.083988 0.083988 0.083988 0.083988 0.083988 0.083988 0.083988 0.000034 0.000000 0.164587 0.164587 0.083988 0.083988 0.083988 0.000006 0.000028 0.164587 0.083988 0.083988 1.000000
0.083988 0.083988 0.083988 0.083988 0.083988 0.083988 0.083988 0.083988 0.000034 0.000000 0.164587 0.164587 0.083988 0.083988 0.083988 0.000006 0.000028 0.164587 0.083988 0.083988 1.000000
0.083988 0.083988 0.083988 0.083988 0.083988 0.083988 0.083988 0.083988 0.000034 0.000000 0.164587 0.164587 0.083988 0.083988 0.083988 0.000006 0.000028 0.164587 0.083988 0.083988 1.000000
0.083988 0.083988 0.083988 0.083988 0.083988 0.083988 0.083988 0.083988 0.000034 0.000000 0.164587 0.164587 0.083988 0.083988 0.083988 0.000006 0.000028 0.164587 0.083988 0.083988 1.000000
0.083976 0.083976 0.083976 0.083976 0.083976 0.083976 0.083976 0.083976 0.000043 0.000000 0.164564 0.164564 0.067351 0.083976 0.083976 0.000006 0.000028 0.164564 0.083976 0.083976 1.000000
0.083988 0.083988 0.083988 0.083988 0.083988 0.083988 0.083988 0.083988 0.000034 0.000000 0.164587 0.164587 0.083988 0.083988 0.083988 0.000006 0.000028 0.164587 0.083988 0.083988 1.000000
0.083988 0.083988 0.083988 0.083988 0.083988 0.083988 0.083988 0.083988 0.000034 0.000000 0.164587 0.164587 0.083988 0.083988 0.083988 0.000006 0.000028 0.164587 0.083988 0.083988 1.000000
0.083988 0.083988 0.083988 0.083988 0.083988 0.083988 0.083988 0.083988 0.000034 0.000000 0.164587 0.164587 0.083988 0.083988 0.083988 0.000006 0.000028 0.164587 0.083988 0.083988 1.000000
0.083988 0.083988 0.083988 0.083988 0.083988 0.083988 0.083988 0.083988 0.000034 0.000000 0.164587 0.164587 0.083988 0.083988 0.083988 0.000006 0.000028 0.164587 0.083988 0.083988 1.000000
0.083988 0.083988 0.083988 0.083988 0.083988 0.083988 0.083988 0.083988 0.000034 0.000000 0.164587 0.164587 0.083988 0.083988 0.083988 0.000006 0.000028 0.164587 0.083988 0.083988 1.000000
0.083988 0.083988 0.083988 0.083988 0.083988 0.083988 0.083988 0.083988 0.000034 0.000000 0.164587 0.164587 0.083988 0.083988 0.083988 0.000006 0.000028 0.164587 0.083988 0.083988 1.000000
0.083988 0.083988 0.083988 0.083988 0.083988 0.083988 0.083988 0.083988 0.000034 0.000000 0.164587 0.164587 0.083988 0.083988 0.083988 0.000006 0.000028 0.164587 0.083988 0.083988 1.000000
0.083988 0.083988 0.083988 0.083988 0.083988 0.083988 0.083988 0.083988 0.000034 0.000000 0.164587 0.164587 0.083988 0.083988 0.083988 0.000006 0.000028 0.164587 0.083988 0.083988 1.000000
0.083988 0.083988 0.083988 0.083988 0.083988 0.083988 0.083988 0.083988 0.000034 0.000000 0.164587 0.164587 0.083988 0.083988 0.083988 0.000006 0.000028 0.164587 0.083988 0.083988 1.000000
0.083988 0.083988 0.083988 0.083988 0.083988 0.083988 0.083988 0.083988 0.000034 0.000000 0.164587 0.164587 0.083988 0.083988 0.083988 0.000006 0.000028 0.164587 0.083988 0.083988 1.000000
0.083988 0.083988 0.083988 0.083988 0.083988 0.083988 0.083988 0.083988 0.000034 0.000000 0.164587 0.164587 0.083988 0.083988 0.083988 0.000006 0.000028 0.164587 0.083988 0.083988 1.000000
0.083988 0.083988 0.083988 0.083988 0.083988 0.083988 0.083988 0.083988 0.000034 0.000000 0.164587 0.164587 0.083988 0.083988 0.083988 0.000006 0.000028 0.164587 0.083988 0.083988 1.000000
0.083988 0.083988 0.083988 0.083988 0.083988 0.083988 0.083988 0.083988 0.000034 0.000000 0.164587 0.164587 0.083988 0.083988 0.083988 0.000006 0.000028 0.164587 0.083988 0.083988 1.000000
0.083988 0.083988 0.083988 0.083988 0.083988 0.083988 0.083988 0.083988 0.000034 0.000000 0.164587 0.164587 0.083988 0.083988 0.083988 0.000006 0.000028 0.164587 0.083988 0.083988 1.000000
0.083988 0.083988 0.083988 0.083988 0.083988 0.083988 0.083988 0.083988 0.000034 0.000000 0.164587 0.164587 0.083988 0.083988 0.083988 0.000006 0.000028 0.164587 0.083988 0.083988 1.000000
0.083988 0.083988 0.083988 0.083988 0.083988 0.083988 0.083988 0.083988 0.000034 0.000000 0.164587 0.164587 0.083988 0.083988 0.083988 0.000006 0.000028 0.164587 0.083988 0.083988 1.000000
0.083988 0.083988 0.083988 0.083988 0.083988 0.083988 0.083988 0.083988 0.000034 0.000000 0.164587 0.164587 0.083988 0.083988 0.083988 0.000006 0.000028 0.164587 0.083988 0.083988 1.000000
0.083988 0.083988 0.083988 0.083988 0.083988 0.083988 0.083988 0.083988 0.000034 0.000000 0.164587 0.164587 0.083988 0.083988 0.083988 0.000006 0.000028 0.164587 0.083988 0.083988 1.000000
0.083988 0.083988 0.083988 0.083988 0.083988 0.083988 0.083988 0.083988 0.000034 0.000000 0.164587 0.164587 0.083988 0.083988 0.083988 0.000006 0.000028 0.164587 0.083988 0.083988 1.000000
0.083988 0.083988 0.083988 0.083988 0.083988 0.083988 0.083988 0.083988 0.000034 0.000000 0.164587 0.164587 0.083988 0.083988 0.083988 0.000006 0.000028 0.164587 0.083988 0.083988 1.000000
0.083988 0.083988 0.083988 0.083988 0.083988 0.083988 0.083988 0.083988 0.000034 0.000000 0.164587 0.164587 0.083988 0.083988 0.083988 0.000006 0.000028 0.164587 0.083988 0.083988 1.000000
0.083988 0.083988 0.083988 0.083988 0.083988 0.083988 0.083988 0.083988 0.000034 0.000000 0.164587 0.164587 0.083988 0.083988 0.083988 0.000006 0.000028 0.164587 0.083988 0.083988 1.000000
0.083988 0.083988 0.083988 0.083988 0.083988 0.083988 0.083988 0.083988 0.000034 0.000000 0.164587 0.164587 0.083988 0.083988 0.083988 0.000006 0.000028 0.164587 0.083988 0.083988 1.000000
0.083988 0.083988 0.083988 0.083988 0.083988 0.083988 0.083988 0.083988 0.000034 0.000000 0.164587 0.164587 0.083988 0.083988 0.083988 0.000006 0.000028 0.164587 0.083988 0.083988 1.000000
0.083988 0.083988 0.083988 0.083988 0.083988 0.083988 0.083988 0.083988 0.000034 0.000000 0.164587 0.164587 0.083988 0.083988 0.083988 0.000006 0.000028 0.164587 0.083988 0.083988 1.000000
0.083988 0.083988 0.083988 0.083988 0.083988 0.083988 0.083988 0.083988 0.000034 0.000000 0.164587 0.164587 0.083988 0.083988 0.083988 0.000006 0.000028 0.164587 0.083988 0.083988 1.000000
0.083988 0.083988 0.083988 0.083988 0.083988 0.083988 0.083988 0.083988 0.000034 0.000000 0.164587 0.164587 0.083988 0.083988 0.083988 0.000006 0.000028 0.164587 0.083988 0.083988 1.000000
0.083988 0.083988 0.083988 0.083988 0.083988 0.083988 0.083988 0.083988 0.000034 0.000000 0.164587 0.164587 0.083988 0.083988 0.083988 0.000006 0.000028 0.164587 0.083988 0.083988 1.000000
0.083988 0.083988 0.083988 0.083988 0.083988 0.083988 0.083988 0.083988 0.000034 0.000000 0.164587 0.164587 0.083988 0.083988 0.083988 0.000006 0.000028 0.164587 0.083988 0.083988 1.000000
0.083988 0.083988 0.083988 0.083988 0.083988 0.083988 0.083988 0.083988 0.000034 0.000000 0.164587 0.164587 0.083988 0.083988 0.083988 0.000006 0.000028 0.164587 0.083988 0.083988 1.000000
0.083988 0.083988 0.083988 0.083988 0.083988 0.083988 0.083988 0.083988 0.000034 0.000000 0.164587 0.164587 0.083988 0.083988 0.083988 0.000006 0.000028 0.164587 0.083988 0.083988 1.000000
0.083988 0.083988 0.083988 0.083988 0.083988 0.083988 0.083988 0.083988 0.000034 0.000000 0.164587 0.164587 0.083988 0.083988 0.083988 0.000006 0.000028 0.164587 0.083988 0.083988 1.000000
0.083988 0.083988 0.083988 0.083988 0.083988 0.083988 0.083988 0.083988 0.000034 0.000000 0.164587 0.164587 0.083988 0.083988 0.083988 0.000006 0.000028 0.164587 0.083988 0.083988 1.000000
0.083988 0.083988 0.083988 0.083988 0.083988 0.083988 0.083988 0.083988 0.000034 0.000000 0.164587 0.164587 0.083988 0.083988 0.083988 0.000006 0.000028 0.164587 0.083988 0.083988 1.000000
0.083988 0.083988 0.083988 0.083988 0.083988 0.083988 0.083988 0.083988 0.000034 0.000000 0.164587 0.164587 0.083988 0.083988 0.083988 0.000006 0.000028 0.164587 0.083988 0.083988 1.000000
0.083988 0.083988 0.083988 0.083988 0.083988 0.083988 0.083988 0.083988 0.000034 0.000000 0.164587 0.164587 0.083988 0.083988 0.083988 0.000006 0.000028 0.164587 0.083988 0.083988 1.000000
0.083988 0.083988 0.083988 0.083988 0.083988 0.083988 0.083988 0.083988 0.000034 0.000000 0.164587 0.164587 0.083988 0.083988 0.083988 0.000006 0.000028 0.164587 0.083988 0.083988 1.000000
0.083988 0.083988 0.083988 0.083988 0.083988 0.083988 0.083988 0.083988 0.000034 0.000000 0.164587 0.164587 0.083988 0.083988 0.083988 0.000006 0.000028 0.164587 0.083988 0.083988 1.000000
0.083988 0.083988 0.083988 0.083988 0.083988 0.083988 0.083988 0.083988 0.000034 0.000000 0.164587 0.164587 0.083988 0.083988 0.083988 0.000006 0.000028 0.164587 0.083988 0.083988 1.000000
0.083988 0.083988 0.083988 0.083988 0.083988 0.083988 0.083988 0.083988 0.000034 0.000000 0.164587 0.164587 0.083988 0.083988 0.083988 0.000006 0.000028 0.164587 0.083988 0.083988 1.000000
0.083988 0.083988 0.083988 0.083988 0.083988 0.083988 0.083988 0.083988 0.000034 0.000000 0.164587 0.164587 0.083988 0.083988 0.083988 0.000006 0.000028 0.164587 0.083988 0.083988 1.000000
0.083988 0.083988 0.083988 0.083988 0.083988 0.083988 0.083988 0.083988 0.000034 0.000000 0.164587 0.164587 0.083988 0.083988 0.083988 0.000006 0.000028 0.164587 0.083988 0.083988 1.000000
0.083988 0.083988 0.083988 0.083988 0.083988 0.083988 0.083988 0.083988 0.000034 0.000000 0.164587 0.164587 0.083988 0.083988 0.083988 0.000006 0.000028 0.164587 0.083988 0.083988 1.000000
0.083988 0.083988 0.083988 0.083988 0.083988 0.083988 0.083988 0.083988 0.000034 0.000000 0.164587 0.164587 0.083988 0.083988 0.083988 0.000006 0.000028 0.164587 0.083988 0.083988 1.000000
0.083988 0.083988 0.083988 0.083988 0.083988 0.083988 0.083988 0.083988 0.000034 0.000000 0.164587 0.164587 0.083988 0.083988 0.083988 0.000006 0.000028 0.164587 0.083988 0.083988 1.000000
0.083988 0.083988 0.083988 0.083988 0.083988 0.083988 0.083988 0.083988 0.000034 0.000000 0.164587 0.164587 0.083988 0.083988 0.083988 0.000006 0.000028 0.164587 0.083988 0.083988 1.000000
0.083988 0.083988 0.083988 0.083988 0.083988 0.083988 0.083988 0.083988 0.000034 0.000000 0.164587 0.164587 0.083988 0.083988 0.083988 0.000006 0.000028 0.164587 0.083988 0.083988 1.000000
0.083988 0.083988 0.083988 0.083988 0.083988 0.083988 0.083988 0.083988 0.000034 0.000000 0.164587 0.164587 0.083988 0.083988 0.083988 0.000006 0.000028 0.164587 0.083988 0.083988 1.000000
0.083988 0.083988 0.083988 0.083988 0.083988 0.083988 0.083988 0.083988 0.000034 0.000000 0.164587 0.164587 0.083988 0.083988 0.083988 0.000006 0.000028 0.164587 0.083988 0.083988 1.000000
0.083988 0.083988 0.083988 0.083988 0.083988 0.083988 0.083988 0.083988 0.000034 0.000000 0.164587 0.164587 0.083988 0.083988 0.083988 0.000006 0.000028 0.164587 0.083988 0.083988 1.000000
0.083988 0.083988 0.083988 0.083988 0.083988 0.083988 0.083988 0.083988 0.000034 0.000000 0.164587 0.164587 0.083988 0.083988 0.083988 0.000006 0.000028 0.164587 0.083988 0.083988 1.000000
0.083988 0.083988 0.083988 0.083988 0.083988 0.083988 0.083988 0.083988 0.000034 0.000000 0.164587 0.164587 0.083988 0.083988 0.083988 0.000006 0.000028 0.164587 0.083988 0.083988 1.000000
0.083988 0.083988 0.083988 0.083988 0.083988 0.083988 0.083988 0.083988 0.000034 0.000000 0.164587 0.164587 0.083988 0.083988 0.083988 0.000006 0.000028 0.164587 0.083988 0.083988 1.000000
