0.000000 0.000000 0.000000 0.000000 0.000000 0.000000 0.000000 0.000000 0.000000 0.000000 0.000000 0.000000 0.000000 0.000000 0.000000 0.000000 0.000000 0.000000 0.000000 0.000000 0.000000
11.804227 11.804227 11.804227 11.804227 11.804227 11.804227 11.804227 11.804227 416.363110 520.452807 22.397842 54.591549 650.565144 87.328620 3102.129337 1566174.913884 17.938303 14.375607 69.868048 136.440406 1.000000
11.881246 11.881246 11.881246 11.881246 11.881246 11.881246 11.881246 11.881246 214.592294 419.118859 85.846702 22.545499 1023.234553 109.877970 2498.129247 645751.171776 43.970290 28.161939 56.270632 137.343367 1.000000
11.805092 11.805092 11.805092 11.805092 11.805092 11.805092 11.805092 11.805092 266.494394 650.613454 54.595600 43.684718 650.613454 520.491455 3102.359698 328475.075700 68.236259 34.958067 55.905026 18.367541 1.000000
11.880688 11.880688 11.880688 11.880688 11.880688 11.880688 11.880688 11.880688 523.872516 523.872516 43.968195 22.544428 523.872516 109.872731 1998.408272 645720.376868 18.055442 54.950013 87.902280 109.872731 1.000000
11.880190 11.880190 11.880190 11.880190 11.880190 11.880190 11.880190 11.880190 171.660448 335.265917 28.159405 28.159405 1598.658874 214.572938 4878.718003 135411.620767 409.258955 209.544106 36.026341 23.082416 1.000000
11.880460 11.880460 11.880460 11.880460 11.880460 11.880460 11.880460 11.880460 87.900573 818.533152 54.948947 28.160054 523.862344 214.577895 1998.369470 645707.839343 14.468880 68.677996 137.334151 109.870598 1.000000
11.879983 11.879983 11.879983 11.879983 11.879983 11.879983 11.879983 11.879983 419.073662 335.260004 28.158910 43.965553 523.841004 56.264568 1598.630677 1261096.749355 28.158910 14.468296 171.657420 268.209345 1.000000
11.878250 11.878250 11.878250 11.878250 11.878250 11.878250 11.878250 11.878250 818.378684 654.703497 18.051707 28.154753 1022.972805 137.308237 3902.328089 1576137.659502 22.539754 14.466175 45.012993 36.020383 1.000000
11.880689 11.880689 11.880689 11.880689 11.880689 11.880689 11.880689 11.880689 214.582084 523.872572 68.679336 22.544431 523.872572 109.872742 7623.321611 169271.740628 167.644577 85.842619 109.872742 23.083397 1.000000
11.805624 11.805624 11.805624 11.805624 11.805624 11.805624 11.805624 11.805624 213.206964 520.515285 54.598098 22.400521 1016.628647 170.567682 11835.103740 262792.091543 68.239382 34.959665 44.734112 28.650428 1.000000
11.879396 11.879396 11.879396 11.879396 11.879396 11.879396 11.879396 11.879396 268.195906 654.767584 22.541952 18.053463 818.458793 268.195906 4878.387484 516519.344322 18.053463 68.671759 36.023904 70.319191 1.000000
11.881336 11.881336 11.881336 11.881336 11.881336 11.881336 11.881336 11.881336 268.240325 654.876031 107.303958 28.162154 523.901512 109.878811 4879.195478 135424.873349 28.162154 134.125754 109.878811 36.029861 1.000000
11.880851 11.880851 11.880851 11.880851 11.880851 11.880851 11.880851 11.880851 523.879840 523.879840 28.160992 28.160992 1023.200062 70.327925 3122.556122 516583.524184 68.680288 22.544742 56.268736 87.903508 1.000000
11.880164 11.880164 11.880164 11.880164 11.880164 11.880164 11.880164 11.880164 419.080133 523.849093 35.183212 43.966232 1023.140009 137.330678 3122.372853 1261116.222791 22.543424 22.543424 28.833485 87.898350 1.000000
11.881258 11.881258 11.881258 11.881258 11.881258 11.881258 11.881258 11.881258 109.878077 1998.505527 43.970333 85.846786 137.343501 523.898010 3122.664424 645751.801560 43.970333 22.545521 70.330363 45.024543 1.000000
11.877332 11.877332 11.877332 11.877332 11.877332 11.877332 11.877332 11.877332 523.722463 418.978829 11.602922 11.602922 654.652219 171.618578 3902.022449 264411.308627 35.174721 85.818028 87.877108 87.877108 1.000000
11.879271 11.879271 11.879271 11.879271 11.879271 11.879271 11.879271 11.879271 419.048183 419.048183 28.157202 54.943371 335.239621 70.318440 9527.998411 516513.823158 11.604814 43.962883 171.646984 56.261149 1.000000
11.880379 11.880379 11.880379 11.880379 11.880379 11.880379 11.880379 11.880379 419.087840 523.858727 85.840351 18.054970 1023.158825 109.869839 2497.944364 807129.225684 22.543837 35.183858 45.021170 87.899966 1.000000
11.805908 11.805908 11.805908 11.805908 11.805908 11.805908 11.805908 11.805908 416.423228 520.527954 54.599426 27.981267 416.423228 136.460105 1985.649739 1002496.673950 22.401064 22.401064 109.171381 109.171381 1.000000
11.875589 11.875589 11.875589 11.875589 11.875589 11.875589 11.875589 11.875589 523.644472 418.916437 28.148372 35.169491 1022.740358 56.243472 3901.441373 1575779.518124 7.502896 54.926109 87.864025 70.296341 1.000000
11.881819 11.881819 11.881819 11.881819 11.881819 11.881819 11.881819 11.881819 268.251376 268.251376 43.972436 35.188174 1279.105246 137.350077 1598.881206 413300.943068 35.188174 43.972436 109.883337 109.883337 1.000000
11.881049 11.881049 11.881049 11.881049 11.881049 11.881049 11.881049 11.881049 419.111797 523.888673 43.969550 35.185866 1279.021203 109.876119 3122.608769 516592.233964 54.951707 22.545121 45.023741 56.269685 1.000000
11.877900 11.877900 11.877900 11.877900 11.877900 11.877900 11.877900 11.877900 268.161644 523.747837 68.662990 22.539084 418.999129 268.161644 3121.769315 516453.357923 9.321119 134.086415 56.254567 87.881364 1.000000
11.802480 11.802480 11.802480 11.802480 11.802480 11.802480 11.802480 11.802480 333.041547 1270.442011 17.935626 14.373469 650.467444 333.041547 6057.935993 641408.904847 54.583356 14.373469 35.787684 35.787684 1.000000
11.881551 11.881551 11.881551 11.881551 11.881551 11.881551 11.881551 11.881551 109.880826 335.304877 107.305925 22.546083 1598.844651 70.332122 3903.428052 135427.356689 261.958422 167.656912 45.025668 87.908755 1.000000
11.868417 11.868417 11.868417 11.868417 11.868417 11.868417 11.868417 11.868417 2495.393285 817.691563 7.498461 9.313743 1022.113904 171.487925 6092.267949 1574814.311896 22.520904 18.036643 18.466901 28.804638 1.000000
11.870310 11.870310 11.870310 11.870310 11.870310 11.870310 11.870310 11.870310 1277.848695 654.259660 28.135715 9.315216 1277.848695 214.391969 7616.567221 1575069.157607 28.135715 9.315216 14.800150 28.809288 1.000000
11.801068 11.801068 11.801068 11.801068 11.801068 11.801068 11.801068 11.801068 109.125992 3876.608745 11.528471 14.371742 1270.287856 266.402260 6057.200926 801663.845718 34.946001 17.933463 28.639239 35.783348 1.000000
11.867574 11.867574 11.867574 11.867574 11.867574 11.867574 11.867574 11.867574 654.106683 1596.937038 9.313087 7.497939 28.802568 418.629688 138512.154204 1574700.879669 28.129153 14.453114 18.465578 35.987599 1.000000
11.867986 11.867986 11.867986 11.867986 11.867986 11.867986 11.867986 11.867986 1596.993248 654.129707 18.035983 6.056962 1022.076256 267.934634 4873.634914 1574756.306250 28.130140 14.453618 18.466224 35.988863 1.000000
11.876544 11.876544 11.876544 11.876544 11.876544 11.876544 11.876544 11.876544 335.161561 818.259467 9.320064 18.049094 818.259467 109.833867 4877.199409 135369.471301 327.306353 511.413359 36.015144 28.824595 1.000000
11.873261 11.873261 11.873261 11.873261 11.873261 11.873261 11.873261 11.873261 1278.170817 418.833145 11.598947 14.460071 1597.713170 214.446011 3120.532633 2461665.944525 28.142789 9.317511 44.993835 28.816533 1.000000
11.871180 11.871180 11.871180 11.871180 11.871180 11.871180 11.871180 11.871180 1996.786250 654.308283 14.457526 9.315892 1022.355282 335.008043 4874.965412 1575186.213425 22.526202 14.457526 14.801240 28.811424 1.000000
11.869496 11.869496 11.869496 11.869496 11.869496 11.869496 11.869496 11.869496 1597.199317 1277.759735 11.595272 14.455465 11.869496 1597.199317 45395.117117 806379.267270 18.038296 43.926229 23.061421 18.468593 1.000000
11.869584 11.869584 11.869584 11.869584 11.869584 11.869584 11.869584 11.869584 1597.211419 523.375943 7.499183 22.523142 817.773149 267.971236 6092.875808 1574971.439788 43.926561 9.314651 35.993772 18.468732 1.000000
11.873121 11.873121 11.873121 11.873121 11.873121 11.873121 11.873121 11.873121 1597.694075 818.020268 14.459900 9.317402 818.020268 171.556857 3900.619028 1969309.219081 11.598810 22.529922 36.004632 36.004632 1.000000
11.859410 11.859410 11.859410 11.859410 11.859410 11.859410 11.859410 11.859410 3116.840498 817.062175 9.306738 6.052759 1276.658520 171.355937 6087.578636 1967002.691140 35.120974 7.492891 28.782520 14.786491 1.000000
11.785207 11.785207 11.785207 11.785207 11.785207 11.785207 11.785207 11.785207 3097.058452 332.547092 6.016390 7.447004 4839.153533 28.600284 18459.905016 1954518.463251 27.931621 9.249022 28.600284 22.895931 1.000000
11.872171 11.872171 11.872171 11.872171 11.872171 11.872171 11.872171 11.872171 418.794143 523.491604 9.316663 9.316663 654.363646 70.275827 14878.472043 135318.914331 9299.045092 14.458737 44.989650 28.813856 1.000000
11.872020 11.872020 11.872020 11.872020 11.872020 11.872020 11.872020 11.872020 1996.929538 817.943356 7.500689 11.597736 1022.428645 137.235205 4875.315238 645242.572032 35.158790 22.527812 28.813486 36.001252 1.000000
11.870989 11.870989 11.870989 11.870989 11.870989 11.870989 11.870989 11.870989 3119.927118 23245.266101 22.525835 11.596729 109.781774 9521.261083 11.870989 1260128.398029 18.040584 18.040584 23.064353 35.998086 1.000000
11.869493 11.869493 11.869493 11.869493 11.869493 11.869493 11.869493 11.869493 9520.043678 11.869493 11.595269 11.595269 1022.207873 109.767740 45395.105257 1968698.868625 14.455461 18.038291 35.993491 44.979367 1.000000
11.873794 11.873794 11.873794 11.873794 11.873794 11.873794 11.873794 11.873794 36.006702 1997.232264 9.317926 18.044882 1597.786036 171.566731 9523.543287 135337.688540 798.893957 327.229508 36.006702 14.804516 1.000000
11.798444 11.798444 11.798444 11.798444 11.798444 11.798444 11.798444 11.798444 332.926014 1270.001285 14.368531 11.525909 1016.001382 416.156166 9462.241170 1252317.177549 22.386754 17.929442 35.775288 14.710089 1.000000
11.860676 11.860676 11.860676 11.860676 11.860676 11.860676 11.860676 11.860676 9512.870935 14863.860740 9.307722 9.307722 11.860676 11.860676 88595.513548 1573772.464111 22.506064 14.444674 35.966414 18.454755 1.000000
11.868521 11.868521 11.868521 11.868521 11.868521 11.868521 11.868521 11.868521 1277.653269 171.489445 11.594320 7.498525 7615.402392 23.059507 29050.454213 1968535.345776 22.521103 11.594320 35.990505 28.804893 1.000000
11.874313 11.874313 11.874313 11.874313 11.874313 11.874313 11.874313 11.874313 523.587401 818.103553 18.045675 18.045675 1278.285674 109.812942 6095.337513 169179.596704 3047.669003 9.318329 23.070878 23.070878 1.000000
11.870746 11.870746 11.870746 11.870746 11.870746 11.870746 11.870746 11.870746 1022.317312 1996.712090 14.456994 7.499901 137.220263 523.427873 9521.062904 1575127.711696 18.040211 14.456994 35.997338 23.063875 1.000000
11.868445 11.868445 11.868445 11.868445 11.868445 11.868445 11.868445 11.868445 1996.319513 817.693490 11.594245 9.313764 1277.644950 214.357787 7615.352808 1968522.528646 28.131240 11.594245 14.797812 18.466944 1.000000
11.860115 11.860115 11.860115 11.860115 11.860115 11.860115 11.860115 11.860115 18578.935206 11.860115 9.307286 6.053104 2493.622866 334.691330 9512.414903 1573697.019870 28.111266 11.586114 23.043005 35.964692 1.000000
11.871415 11.871415 11.871415 11.871415 11.871415 11.871415 11.871415 11.871415 335.014772 418.767122 11.597145 18.041237 4875.063334 44.986750 14877.512057 135310.183313 11623.056328 11.597145 14.801535 18.471605 1.000000
11.856135 11.856135 11.856135 11.856135 11.856135 11.856135 11.856135 11.856135 3894.958941 1994.219348 9.304190 9.304190 3894.958941 11.856135 18572.610355 1573161.284157 43.876128 7.490865 14.782386 11.856135 1.000000
11.863516 11.863516 11.863516 11.863516 11.863516 11.863516 11.863516 11.863516 9515.181565 11.863516 9.309931 11.589434 3117.934981 267.832282 18584.338842 264099.338500 510.844372 11.589434 28.792603 11.863516 1.000000
11.864080 11.864080 11.864080 11.864080 11.864080 11.864080 11.864080 11.864080 1995.574806 817.388459 14.448838 7.495778 1596.460071 171.424361 7612.511977 330140.075254 261.567738 7.495778 14.792342 18.460095 1.000000
11.866903 11.866903 11.866903 11.866903 11.866903 11.866903 11.866903 11.866903 418.605672 817.585761 6.056431 14.452292 1277.476623 70.244213 6091.479658 135258.015763 14523.218924 14.452292 14.795880 56.201775 1.000000
11.861707 11.861707 11.861707 11.861707 11.861707 11.861707 11.861707 11.861707 2493.962238 418.419754 9.308524 9.308524 1276.909244 267.790847 6088.774180 3074045.300128 6.053884 28.115082 35.969579 14.789368 1.000000
11.859133 11.859133 11.859133 11.859133 11.859133 11.859133 11.859133 11.859133 3116.766391 817.042749 9.306521 6.052622 1595.784855 214.187202 7609.292296 1966955.922950 28.108909 9.306521 14.786143 14.786143 1.000000
11.855898 11.855898 11.855898 11.855898 11.855898 11.855898 11.855898 11.855898 11.855898 1994.178904 6.051037 7.490718 267.657831 816.816698 216209.255668 211141.851238 510.511630 209.109543 11.855898 18.447258 1.000000
11.861305 11.861305 11.861305 11.861305 11.861305 11.861305 11.861305 11.861305 11.861305 11.861305 9.308211 14.445443 2493.876568 4870.852095 88600.279743 805814.849917 9.308211 9290.412800 23.045340 23.045340 1.000000
11.786673 11.786673 11.786673 11.786673 11.786673 11.786673 11.786673 11.786673 415.734957 649.583652 6.017108 9.250162 811.978872 44.661334 110043.490276 134330.432462 9231.117136 11.514417 14.695338 18.338641 1.000000
11.859429 11.859429 11.859429 11.859429 11.859429 11.859429 11.859429 11.859429 817.063490 522.921763 6.052768 9.306752 817.063490 56.165896 56695.083818 135171.613225 7431.138158 7.492902 18.452799 18.452799 1.000000
11.781028 11.781028 11.781028 11.781028 11.781028 11.781028 11.781028 11.781028 519.415124 136.168397 9.245771 7.444420 36041.530789 11.781028 137487.528853 1953815.297576 34.885895 7.444420 11.781028 28.590020 1.000000
11.869367 11.869367 11.869367 11.869367 11.869367 11.869367 11.869367 11.869367 1996.476914 1996.476914 18.038099 9.314482 44.978885 1022.196902 18593.635582 1574942.190206 22.522726 11.595146 14.798968 18.468391 1.000000
11.869138 11.869138 11.869138 11.869138 11.869138 11.869138 11.869138 11.869138 418.685657 1277.720718 14.455028 9.314304 2495.547149 11.869138 11899.694278 135283.860283 43.924889 11620.795197 23.060720 18.468032 1.000000
11.866515 11.866515 11.866515 11.866515 11.866515 11.866515 11.866515 11.866515 2494.987705 654.047481 9.312264 9.312264 1596.792501 171.460054 7614.097129 1574558.354735 35.142280 9.312264 14.795394 23.055570 1.000000
11.868872 11.868872 11.868872 11.868872 11.868872 11.868872 11.868872 11.868872 418.676106 334.941960 9.314097 9.314097 523.344058 214.365608 56740.869326 108224.619508 209.341636 798.557996 14.798347 14.798347 1.000000
11.784645 11.784645 11.784645 11.784645 11.784645 11.784645 11.784645 11.784645 2477.527049 415.662403 9.248585 7.446656 1014.795899 87.181690 70415.542427 1954423.911947 34.896744 7.446656 18.335459 11.784645 1.000000
11.782878 11.782878 11.782878 11.782878 11.782878 11.782878 11.782878 11.782878 11.782878 14.690582 9.247210 9.247210 332.480416 11.782878 338986924.551325 3816653.467732 324.688049 106.402169 14.690582 22.891358 1.000000
11.863480 11.863480 11.863480 11.863480 11.863480 11.863480 11.863480 11.863480 523.102913 1277.102837 9.309903 9.309903 1995.472460 11.863480 36297.423511 169023.049459 638.552593 408.675104 11.863480 18.459154 1.000000
11.859448 11.859448 11.859448 11.859448 11.859448 11.859448 11.859448 11.859448 267.739138 1021.330488 6.052777 6.052777 334.672242 418.338957 14862.300507 135171.835066 28.109667 11611.172304 14.786539 23.041696 1.000000
11.783241 11.783241 11.783241 11.783241 11.783241 11.783241 11.783241 11.783241 1014.673272 415.612175 6.015427 7.445788 811.739061 11.783241 268581.517929 134290.758970 634.171756 133.002645 22.892072 14.691037 1.000000
11.850280 11.850280 11.850280 11.850280 11.850280 11.850280 11.850280 11.850280 4866.260002 1020.529626 6.048283 7.487244 3114.406591 11.850280 29005.168687 2456833.348967 35.093593 7.487244 23.023696 11.850280 1.000000
11.869165 11.869165 11.869165 11.869165 11.869165 11.869165 11.869165 11.869165 267.961636 214.370988 14.455060 9.314325 267.961636 14.798715 3149830.023892 135284.169413 638.862993 133.986415 14.798715 18.468074 1.000000
11.856014 11.856014 11.856014 11.856014 11.856014 11.856014 11.856014 11.856014 4868.648030 3115.934929 6.051093 14.438969 11.856014 816.824786 36274.253045 1966431.196322 28.101429 9.304095 11.856014 18.447440 1.000000
11.855114 11.855114 11.855114 11.855114 11.855114 11.855114 11.855114 11.855114 1276.189356 1276.189356 7.490233 11.581231 3115.695078 11.855114 14856.790404 135121.720971 14508.584382 6.050652 18.446028 14.781106 1.000000
11.857404 11.857404 11.857404 11.857404 11.857404 11.857404 11.857404 11.857404 418.265793 214.155532 6.051775 9.305177 334.613711 1021.151864 36278.567198 135148.194331 18139.283641 7.491650 14.783976 14.783976 1.000000
11.772409 11.772409 11.772409 11.772409 11.772409 11.772409 11.772409 11.772409 11.772409 170.080879 6.010119 9.239068 1583.947492 265.745949 3123784.386601 2440456.552032 6.010119 405.492863 11.772409 14.677463 1.000000
11.858032 11.858032 11.858032 11.858032 11.858032 11.858032 11.858032 11.858032 2493.178633 11.858032 9.305666 9.305666 816.965867 1276.508038 29024.414659 168944.328474 14512.207381 7.492038 14.784764 14.784764 1.000000
11.855407 11.855407 11.855407 11.855407 11.855407 11.855407 11.855407 11.855407 11.855407 1994.095133 7.490415 7.490415 418.194346 35.950232 3146126.592043 168906.385280 28.099974 9285.726838 11.855407 11.855407 1.000000
11.842148 11.842148 11.842148 11.842148 11.842148 11.842148 11.842148 11.842148 815.855814 334.177032 6.044297 6.044297 652.685203 11.842148 1287191.577802 134971.819596 9275.192924 6.044297 11.842148 14.764858 1.000000
11.836615 11.836615 11.836615 11.836615 11.836615 11.836615 11.836615 11.836615 11.836615 11.836615 6.041585 7.478794 18.417003 11.836615 9679163795.791660 4792889.763845 7416.637813 6.041585 18.417003 14.757925 1.000000
11.855004 11.855004 11.855004 11.855004 11.855004 11.855004 11.855004 11.855004 522.723844 2492.532800 6.050599 7.490166 1020.942250 11.855004 56673.625282 135120.452088 11606.758540 14.437734 11.855004 23.032970 1.000000
11.844484 11.844484 11.844484 11.844484 11.844484 11.844484 11.844484 11.844484 11.844484 1275.028676 6.045442 9.295127 3112.861385 14.767786 4911228.793842 2455614.396921 208.905357 6.045442 14.767786 11.844484 1.000000
11.837315 11.837315 11.837315 11.837315 11.837315 11.837315 11.837315 11.837315 11.837315 3888.687498 6.041928 6.041928 815.518049 14.758801 3926570.670991 210806.157721 14486.488920 6.041928 11.837315 11.837315 1.000000
11.837315 11.837315 11.837315 11.837315 11.837315 11.837315 11.837315 11.837315 56587.849444 11.837315 6.041928 6.041928 11.837315 3888.687659 215865.514481 263507.708104 796.404436 6.041928 14.758802 11.837315 1.000000
11.846547 11.846547 11.846547 11.846547 11.846547 11.846547 11.846547 11.846547 11.846547 4864.705095 7.484936 6.046454 3113.411451 267.443719 18557.376495 263716.180500 22653.047457 6.046454 18.432587 11.846547 1.000000
11.847163 11.847163 11.847163 11.847163 11.847163 11.847163 11.847163 11.847163 11.847163 9501.877736 6.046755 9.297211 9501.877736 11.847163 70794.505126 263730.083081 14498.714716 7.485317 11.847163 18.433553 1.000000
11.766873 11.766873 11.766873 11.766873 11.766873 11.766873 11.766873 11.766873 35997.599636 11.766873 6.007406 7.435668 11.766873 810.595115 1998268.195813 2439292.231217 34.843442 6.007406 14.670525 14.670525 1.000000
11.856072 11.856072 11.856072 11.856072 11.856072 11.856072 11.856072 11.856072 11.856072 11886.406330 7.490826 7.490826 3115.950400 11.856072 337831.984500 1966440.959933 68.535058 22.497236 14.782307 23.035066 1.000000
11.858309 11.858309 11.858309 11.858309 11.858309 11.858309 11.858309 11.858309 11.858309 6087.005255 6.052219 11.584351 3116.546927 171.339798 29025.102126 211185.412573 797.837185 133.862128 14.785111 11.858309 1.000000
11.849610 11.849610 11.849610 11.849610 11.849610 11.849610 11.849610 11.849610 11.849610 3892.784731 6.047955 6.047955 1993.106152 214.012762 45317.975757 168822.615358 43.851661 14501.752304 11.849610 11.849610 1.000000
11.851971 11.851971 11.851971 11.851971 11.851971 11.851971 11.851971 11.851971 522.588200 214.056015 6.049112 9.300951 418.071421 11.851971 2516161.446389 168856.736314 9282.997358 7.488290 18.441097 11.851971 1.000000
11.856692 11.856692 11.856692 11.856692 11.856692 11.856692 11.856692 11.856692 11.856692 1595.451757 7.491209 7.491209 214.142496 14.783084 15003550.323535 168924.959122 326.751452 510.546320 14.783084 14.783084 1.000000
11.851991 11.851991 11.851991 11.851991 11.851991 11.851991 11.851991 11.851991 11.851991 3114.862479 6.049122 9.300966 1020.679012 816.543650 36261.768089 211071.269950 11603.765866 7.488302 11.851991 18.441127 1.000000
11.850973 11.850973 11.850973 11.850973 11.850973 11.850973 11.850973 11.850973 11.850973 11.850973 9.300175 7.487673 1275.737224 87.679346 18745262.237611 2456979.012009 11602.755422 7.487673 14.775917 14.775917 1.000000
11.850454 11.850454 11.850454 11.850454 11.850454 11.850454 11.850454 11.850454 3893.065789 11.850454 6.048368 7.487351 816.436242 816.436242 45321.247706 135067.843457 14502.799328 7.487351 14.775266 14.775266 1.000000
11.846865 11.846865 11.846865 11.846865 11.846865 11.846865 11.846865 11.846865 11.846865 11.846865 7.485132 6.046609 138266.992686 11.846865 824135.498277 804819.822536 54.791450 11598.676095 23.016991 11.846865 1.000000
11.835308 11.835308 11.835308 11.835308 11.835308 11.835308 11.835308 11.835308 88403.307274 11.835308 6.040945 6.040945 11.835308 4860.023419 215828.386877 2453684.679414 35.048690 6.040945 11.835308 11.835308 1.000000
11.847333 11.847333 11.847333 11.847333 11.847333 11.847333 11.847333 11.847333 36247.314279 11.847333 7.485422 9.297344 11.847333 3113.620907 527467.844244 2456213.553632 35.084754 7.485422 11.847333 11.847333 1.000000
11.853232 11.853232 11.853232 11.853232 11.853232 11.853232 11.853232 11.853232 11.853232 3893.991579 7.489070 7.489070 816.630393 11.853232 3145541.139514 211093.692543 797.490677 107.046560 14.778748 11.853232 1.000000
11.841033 11.841033 11.841033 11.841033 11.841033 11.841033 11.841033 11.841033 11.841033 9496.890738 6.043751 9.292443 11871.113375 11.841033 88446.686361 263591.666075 18113.881420 6.043751 11.841033 11.841033 1.000000
11.760344 11.760344 11.760344 11.760344 11.760344 11.760344 11.760344 11.760344 7544.994182 3090.429886 6.004206 6.004206 11.760344 11.760344 3900670.499543 639085.854647 6.004206 165.922201 11.760344 11.760344 1.000000
11.842437 11.842437 11.842437 11.842437 11.842437 11.842437 11.842437 11.842437 11.842437 11.842437 6.044439 7.482394 18550.844603 1019.844445 88457.319980 4795280.924092 11594.277929 6.044439 11.842437 23.008296 1.000000
11.844164 11.844164 11.844164 11.844164 11.844164 11.844164 11.844164 11.844164 3890.969760 11.844164 6.045285 11.570541 1019.995290 11.844164 3143100.133833 134995.122836 11595.992840 6.045285 14.767384 11.844164 1.000000
11.840412 11.840412 11.840412 11.840412 11.840412 11.840412 11.840412 11.840412 11.840412 7597.108040 6.043446 6.043446 3889.719506 213.844253 28980.666798 263577.628759 11592.266792 6.043446 11.840412 11.840412 1.000000
11.906462 11.906462 11.906462 11.906462 11.906462 11.906462 11.906462 11.906462 424110.447513 11.906462 6.075824 6.075824 11.906462 11.906462 15067429.881927 647141.185778 6.075824 168.013409 11.906462 11.906462 1.000000
11.844163 11.844163 11.844163 11.844163 11.844163 11.844163 11.844163 11.844163 11.844163 2490.220670 6.045285 6.045285 652.797834 11.844163 6138866.922716 210929.861345 11595.991846 11.570540 11.844163 14.767383 1.000000
11.845583 11.845583 11.845583 11.845583 11.845583 11.845583 11.845583 11.845583 11875.740086 11.845583 6.045981 7.484339 11.845583 1275.148657 4911690.944784 2455845.472392 18.001661 14.426207 11.845583 11.845583 1.000000
11.843876 11.843876 11.843876 11.843876 11.843876 11.843876 11.843876 11.843876 3890.874019 11.843876 6.045144 9.294655 1019.970192 18.428396 2514418.235672 134991.801141 14494.634346 6.045144 11.843876 11.843876 1.000000
11.850139 11.850139 11.850139 11.850139 11.850139 11.850139 11.850139 11.850139 1993.196342 9504.298506 6.048214 6.048214 11.850139 11.850139 138305.744647 168830.254693 54.806796 11601.926846 14.774872 23.023418 1.000000
11.838408 11.838408 11.838408 11.838408 11.838408 11.838408 11.838408 11.838408 11.838408 11.838408 6.042464 6.042464 3889.051762 171.048140 3141550.787461 5992032.599374 11590.276760 6.042464 18.419816 11.838408 1.000000
11.843627 11.843627 11.843627 11.843627 11.843627 11.843627 11.843627 11.843627 7599.200911 11.843627 6.045022 7.483130 3112.632960 87.624232 110582.925548 168736.153478 9276.368246 6.045022 11.843627 11.843627 1.000000
11.761883 11.761883 11.761883 11.761883 11.761883 11.761883 11.761883 11.761883 55.697575 11.761883 6.004960 6.004960 44977.639329 11.761883 2496760.537581 998704.215033 14392.844648 6.004960 14.664271 11.761883 1.000000
11.842064 11.842064 11.842064 11.842064 11.842064 11.842064 11.842064 11.842064 417.716953 87.612506 6.044256 6.044256 1593.455215 11.842064 2514028.056691 168713.566955 18115.481366 6.044256 11.842064 14.764753 1.000000
11.842347 11.842347 11.842347 11.842347 11.842347 11.842347 11.842347 11.842347 11.842347 11.842347 7.482338 7.482338 215958.599172 11.842347 1029770.847165 2455165.021811 14492.736330 7.482338 14.765108 11.842347 1.000000
11.850383 11.850383 11.850383 11.850383 11.850383 11.850383 11.850383 11.850383 11.850383 418.014592 6.048334 9.299716 1020.538576 11.850383 23430394.122373 211042.228482 996.619750 133.771379 11.850383 11.850383 1.000000
11.840424 11.840424 11.840424 11.840424 11.840424 11.840424 11.840424 11.840424 1593.231381 652.588849 6.043452 6.043452 1991.538944 11.840424 138190.739566 134951.894108 9273.823655 6.043452 11.840424 11.840424 1.000000
11.835319 11.835319 11.835319 11.835319 11.835319 11.835319 11.835319 11.835319 11.835319 11.835319 6.040950 6.040950 56578.167862 11.835319 2512575.385262 3833885.780735 18105.013765 6.040950 14.756300 18.414969 1.000000
11.845616 11.845616 11.845616 11.845616 11.845616 11.845616 11.845616 11.845616 11.845616 11.845616 7.484360 9.296008 70785.125798 11.845616 2514792.846294 2455852.388959 11597.435095 7.484360 18.431125 11.845616 1.000000
11.839483 11.839483 11.839483 11.839483 11.839483 11.839483 11.839483 11.839483 11.839483 11.839483 7.480567 9.291238 70747.954210 11.839483 3927300.384683 2454562.740427 14489.181088 6.042991 11.839483 11.839483 1.000000
11.835569 11.835569 11.835569 11.835569 11.835569 11.835569 11.835569 11.835569 11.835569 11.835569 6.041072 6.041072 4860.131978 213.755534 3140786.544081 4792459.936646 14484.321461 6.041072 11.835569 11.835569 1.000000
11.909105 11.909105 11.909105 11.909105 11.909105 11.909105 11.909105 11.909105 11.909105 11.909105 6.077119 6.077119 11.909105 28.904555 6233145768.557892 11774079.464112 4776.134257 6.077119 14.848765 14.848765 1.000000
11.842626 11.842626 11.842626 11.842626 11.842626 11.842626 11.842626 11.842626 70.098509 11.842626 9.293682 6.044531 36232.704478 11.842626 3142686.150436 411918.159112 11594.465510 6.044531 14.765457 11.842626 1.000000
11.843014 11.843014 11.843014 11.843014 11.843014 11.843014 11.843014 11.843014 11.843014 11.843014 7.482750 7.482750 18.427042 522.187567 340742036.684392 11707807.231455 6.044721 1556.235157 18.427042 11.843014 1.000000
11.835764 11.835764 11.835764 11.835764 11.835764 11.835764 11.835764 11.835764 11.835764 11.835764 6.041168 6.041168 70725.411090 11.835764 3140839.192121 3067225.773556 18105.705291 7.478267 14.756858 11.835764 1.000000
11.837325 11.837325 11.837325 11.837325 11.837325 11.837325 11.837325 11.837325 11.837325 11.837325 7.479233 6.041933 88418.592988 11.837325 3141259.447293 3834545.223746 11589.201905 7.479233 11.837325 11.837325 1.000000
11.843714 11.843714 11.843714 11.843714 11.843714 11.843714 11.843714 11.843714 11.843714 1992.100115 7.483183 6.045064 3112.655966 652.772733 45295.101105 210921.750795 11595.545963 6.045064 11.843714 11.843714 1.000000
11.906474 11.906474 11.906474 11.906474 11.906474 11.906474 11.906474 11.906474 11.906474 11.906474 6.075830 6.075830 7640.102585 11.906474 36785755.238298 4821582.510594 11657.871263 6.075830 11.906474 11.906474 1.000000
11.835764 11.835764 11.835764 11.835764 11.835764 11.835764 11.835764 11.835764 11.835764 11.835764 7.478267 6.041168 9492.604085 11.835764 29251344.406384 3067225.771227 11587.651428 6.041168 14.756858 11.835764 1.000000
11.846554 11.846554 11.846554 11.846554 11.846554 11.846554 11.846554 11.846554 1275.254691 522.345915 7.484940 6.046457 1992.584731 18.432597 110610.644490 135022.759384 11598.366801 6.046457 11.846554 11.846554 1.000000
11.844284 11.844284 11.844284 11.844284 11.844284 11.844284 11.844284 11.844284 1593.758238 11.844284 6.045344 6.045344 213.915200 11.844284 29272704.184211 168745.650766 22.474639 11596.112908 11.844284 11.844284 1.000000
11.763611 11.763611 11.763611 11.763611 11.763611 11.763611 11.763611 11.763611 11.763611 108.774665 7.433651 6.005807 44984.344585 11.763611 2497132.754088 409130.230432 11515.992295 6.005807 11.763611 11.763611 1.000000
11.835764 11.835764 11.835764 11.835764 11.835764 11.835764 11.835764 11.835764 11.835764 11.835764 7.478267 6.041168 45264.263104 11.835764 4907561.236982 4792540.270490 11587.651435 6.041168 11.835764 14.756858 1.000000
11.909920 11.909920 11.909920 11.909920 11.909920 11.909920 11.909920 11.909920 11.909920 11.909920 6.077519 6.077519 7642.345223 11.909920 23549794.012526 4822997.813766 11661.293256 6.077519 14.849786 14.849786 1.000000
11.837314 11.837314 11.837314 11.837314 11.837314 11.837314 11.837314 11.837314 11.837314 11.837314 6.041928 6.041928 23178.381155 652.414961 172692.396586 4793176.871515 14486.488264 6.041928 14.758801 11.837314 1.000000
11.842166 11.842166 11.842166 11.842166 11.842166 11.842166 11.842166 11.842166 11.842166 3890.304085 7.482226 6.044306 1019.820787 11.842166 3142562.405990 263617.241398 11594.008974 7.482226 11.842166 11.842166 1.000000
11.836191 11.836191 11.836191 11.836191 11.836191 11.836191 11.836191 11.836191 11.836191 11.836191 6.041377 9.288677 88409.996208 11.836191 3140954.028313 3834172.397843 11588.075108 6.041377 11.836191 11.836191 1.000000
11.842142 11.842142 11.842142 11.842142 11.842142 11.842142 11.842142 11.842142 7598.234076 11.842142 6.044294 6.044294 4862.869930 213.875948 23187.969845 134971.748355 14492.481195 6.044294 14.764850 11.842142 1.000000
11.909752 11.909752 11.909752 11.909752 11.909752 11.909752 11.909752 11.909752 11.909752 11.909752 6.077437 6.077437 88967.332898 11.909752 3160754.605137 2469339.535263 18220.509830 7.524024 11.909752 11.909752 1.000000
11.839702 11.839702 11.839702 11.839702 11.839702 11.839702 11.839702 11.839702 11.839702 11.839702 6.043098 6.043098 9495.807663 11.839702 29261216.195292 1256759.666000 28.062312 11591.562047 11.839702 11.839702 1.000000
11.845103 11.845103 11.845103 11.845103 11.845103 11.845103 11.845103 11.845103 11.845103 11.845103 6.045746 7.484043 70782.020191 11.845103 3143353.141202 3069680.801956 1245.211271 85.581896 11.845103 14.768562 1.000000
11.894007 11.894007 11.894007 11.894007 11.894007 11.894007 11.894007 11.894007 11.894007 11.894007 6.069718 6.069718 11.894007 11.894007 18997593250.449703 9498796625.224878 6.069718 6.069718 11.894007 14.829845 1.000000
11.840606 11.840606 11.840606 11.840606 11.840606 11.840606 11.840606 11.840606 11.840606 3889.784431 6.043542 7.481262 1019.684563 14.762926 3142142.632765 210865.622616 11592.460284 6.043542 11.840606 11.840606 1.000000
11.840607 11.840607 11.840607 11.840607 11.840607 11.840607 11.840607 11.840607 3889.784510 11.840607 7.481262 6.043542 1274.605288 11.840607 2513714.156819 168692.501491 14490.575608 6.043542 14.762927 11.840607 1.000000
11.837496 11.837496 11.837496 11.837496 11.837496 11.837496 11.837496 11.837496 11.837496 11.837496 6.042017 7.479339 45270.982903 11.837496 3926631.839239 4793251.756884 11589.371704 6.042017 14.759029 14.759029 1.000000
11.845441 11.845441 11.845441 11.845441 11.845441 11.845441 11.845441 11.845441 1275.133164 522.296138 6.045911 7.484252 1992.394846 11.845441 138250.129682 135009.892268 11597.261524 6.045911 14.768985 11.845441 1.000000
11.838876 11.838876 11.838876 11.838876 11.838876 11.838876 11.838876 11.838876 11.838876 9495.135929 7.480192 6.042694 11868.919864 11.838876 110537.929285 329428.700438 11590.742059 6.042694 11.838876 11.838876 1.000000
11.841789 11.841789 11.841789 11.841789 11.841789 11.841789 11.841789 11.841789 11.841789 11.841789 6.044121 6.044121 70761.933028 11.841789 3142461.091973 4795015.093952 1244.857894 68.451351 14.764409 11.841789 1.000000
11.840370 11.840370 11.840370 11.840370 11.840370 11.840370 11.840370 11.840370 11.840370 7597.080968 6.043426 6.043426 4862.131941 109.494606 45282.130483 210861.351630 14490.281817 6.043426 11.840370 11.840370 1.000000
11.843671 11.843671 11.843671 11.843671 11.843671 11.843671 11.843671 11.843671 7599.229345 11.843671 6.045044 6.045044 3112.644607 56.090243 138229.174151 134989.427882 9276.402956 6.045044 14.766767 14.766767 1.000000
11.841432 11.841432 11.841432 11.841432 11.841432 11.841432 11.841432 11.841432 11.841432 11.841432 6.043946 6.043946 9497.215517 11.841432 23412443.583300 1256945.993872 28.066462 11593.280618 11.841432 14.763962 1.000000
11.909752 11.909752 11.909752 11.909752 11.909752 11.909752 11.909752 11.909752 11.909752 11.909752 7.524024 6.077437 88967.332887 11.909752 3160754.604739 3858343.023363 11661.126340 6.077437 11.909752 11.909752 1.000000
11.840423 11.840423 11.840423 11.840423 11.840423 11.840423 11.840423 11.840423 1274.585281 522.071725 6.043452 6.043452 2489.423245 11.840423 138190.727964 168689.853468 11592.278547 6.043452 11.840423 11.840423 1.000000
11.835583 11.835583 11.835583 11.835583 11.835583 11.835583 11.835583 11.835583 4860.137970 11.835583 6.041079 6.041079 1274.056739 11.835583 3140790.416613 168619.901543 11587.471487 6.041079 11.835583 11.835583 1.000000
11.906474 11.906474 11.906474 11.906474 11.906474 11.906474 11.906474 11.906474 11.906474 11.906474 6.075830 6.075830 88942.498709 11.906474 3159872.317503 3857266.012577 14572.339055 6.075830 11.906474 11.906474 1.000000
11.906474 11.906474 11.906474 11.906474 11.906474 11.906474 11.906474 11.906474 11.906474 11.906474 6.075830 6.075830 9550.128176 11.906474 29428604.201167 4821582.512319 11657.871267 6.075830 11.906474 11.906474 1.000000
11.906474 11.906474 11.906474 11.906474 11.906474 11.906474 11.906474 11.906474 11.906474 11.906474 6.075830 6.075830 88942.498709 11.906474 3159872.317503 3857266.012577 14572.339055 6.075830 11.906474 11.906474 1.000000
11.903792 11.903792 11.903792 11.903792 11.903792 11.903792 11.903792 11.903792 11.903792 11.903792 6.074515 7.520339 11.903792 110.089415 1633242575.966984 7605378404.105960 6.074515 6.074515 14.842108 14.842108 1.000000
11.906474 11.906474 11.906474 11.906474 11.906474 11.906474 11.906474 11.906474 11.906474 11.906474 6.075830 6.075830 88942.498709 11.906474 3159872.317503 3857266.012577 14572.339055 6.075830 11.906474 11.906474 1.000000
11.908197 11.908197 11.908197 11.908197 11.908197 11.908197 11.908197 11.908197 11.908197 11.908197 6.076674 6.076674 71164.444334 11.908197 3160336.184745 3857832.256769 14574.478265 6.076674 11.908197 14.847628 1.000000
11.906474 11.906474 11.906474 11.906474 11.906474 11.906474 11.906474 11.906474 11.906474 11.906474 6.075830 6.075830 88942.498709 11.906474 3159872.317503 3857266.012577 14572.339055 6.075830 11.906474 11.906474 1.000000
11.838876 11.838876 11.838876 11.838876 11.838876 11.838876 11.838876 11.838876 11.838876 1991.274765 6.042693 7.480192 2489.093230 11.838876 3141676.834957 210834.363454 11590.741794 6.042693 11.838876 11.838876 1.000000
11.906474 11.906474 11.906474 11.906474 11.906474 11.906474 11.906474 11.906474 11.906474 11.906474 6.075830 6.075830 88942.498709 11.906474 3159872.317503 3857266.012577 14572.339055 6.075830 11.906474 11.906474 1.000000
11.908197 11.908197 11.908197 11.908197 11.908197 11.908197 11.908197 11.908197 11.908197 11.908197 6.076674 6.076674 88955.555411 11.908197 2528268.947807 3857832.256785 14574.478265 6.076674 14.847628 11.908197 1.000000
11.897112 11.897112 11.897112 11.897112 11.897112 11.897112 11.897112 11.897112 9542.512492 11.897112 6.071240 6.071240 11.897112 11.897112 835744247.088366 11762054.624263 6.071240 6.071240 11.897112 11.897112 1.000000
11.909752 11.909752 11.909752 11.909752 11.909752 11.909752 11.909752 11.909752 11.909752 11.909752 7.524024 6.077437 88967.332898 11.909752 3160754.605137 2469339.535263 18220.509830 6.077437 11.909752 11.909752 1.000000
11.835583 11.835583 11.835583 11.835583 11.835583 11.835583 11.835583 11.835583 11.835583 4860.137971 6.041079 6.041079 1274.056739 11.835583 2512632.333487 210774.876942 14484.339321 6.041079 11.835583 11.835583 1.000000
11.835583 11.835583 11.835583 11.835583 11.835583 11.835583 11.835583 11.835583 4860.137970 11.835583 6.041079 6.041079 1274.056739 11.835583 3140790.416613 168619.901543 11587.471487 6.041079 11.835583 11.835583 1.000000
11.906474 11.906474 11.906474 11.906474 11.906474 11.906474 11.906474 11.906474 11.906474 11.906474 6.075830 6.075830 88942.498709 11.906474 3159872.317503 3857266.012577 14572.339055 6.075830 11.906474 11.906474 1.000000
11.835560 11.835560 11.835560 11.835560 11.835560 11.835560 11.835560 11.835560 11.835560 171.006411 6.041068 6.041068 28968.622214 11.835560 3140784.310144 210774.467128 14484.311159 6.041068 11.835560 11.835560 1.000000
11.838408 11.838408 11.838408 11.838408 11.838408 11.838408 11.838408 11.838408 2513240.633973 171.048141 6.042464 6.042464 11.838408 11.838408 4861.314595 134928.579131 514711.681839 6.042464 18.419816 11.838408 1.000000
11.835764 11.835764 11.835764 11.835764 11.835764 11.835764 11.835764 11.835764 11.835764 11.835764 6.041168 7.478267 88406.763846 11.835764 2512671.353387 4792540.270590 11587.651436 6.041168 11.835764 14.756858 1.000000
11.906474 11.906474 11.906474 11.906474 11.906474 11.906474 11.906474 11.906474 11.906474 11.906474 6.075830 6.075830 88942.498709 11.906474 3159872.317503 3857266.012577 14572.339055 6.075830 11.906474 11.906474 1.000000
11.838876 11.838876 11.838876 11.838876 11.838876 11.838876 11.838876 11.838876 4861.509567 11.838876 7.480192 6.042693 1274.416295 11.838876 3141676.790462 134933.990704 11590.741629 6.042693 11.838876 11.838876 1.000000
11.906474 11.906474 11.906474 11.906474 11.906474 11.906474 11.906474 11.906474 11.906474 11.906474 6.075830 6.075830 88942.498709 11.906474 3159872.317503 3857266.012577 14572.339055 6.075830 11.906474 11.906474 1.000000
11.906474 11.906474 11.906474 11.906474 11.906474 11.906474 11.906474 11.906474 11.906474 11.906474 6.075830 6.075830 88942.498709 11.906474 3159872.317503 3857266.012577 14572.339055 6.075830 11.906474 11.906474 1.000000
11.906474 11.906474 11.906474 11.906474 11.906474 11.906474 11.906474 11.906474 11.906474 11.906474 6.075830 6.075830 88942.498709 11.906474 3159872.317503 3857266.012577 14572.339055 6.075830 11.906474 11.906474 1.000000
11.906474 11.906474 11.906474 11.906474 11.906474 11.906474 11.906474 11.906474 11.906474 11.906474 6.075830 6.075830 88942.498709 11.906474 3159872.317503 3857266.012577 14572.339055 6.075830 11.906474 11.906474 1.000000
11.909752 11.909752 11.909752 11.909752 11.909752 11.909752 11.909752 11.909752 11.909752 11.909752 7.524024 6.077437 88967.332894 11.909752 3160754.604981 3086674.418927 14576.407888 6.077437 11.909752 11.909752 1.000000
11.906474 11.906474 11.906474 11.906474 11.906474 11.906474 11.906474 11.906474 11.906474 11.906474 6.075830 6.075830 88942.498709 11.906474 3159872.317503 3857266.012577 14572.339055 6.075830 11.906474 11.906474 1.000000
11.906474 11.906474 11.906474 11.906474 11.906474 11.906474 11.906474 11.906474 11.906474 11.906474 6.075830 6.075830 88942.498709 11.906474 3159872.317503 3857266.012577 14572.339055 6.075830 11.906474 11.906474 1.000000
11.906474 11.906474 11.906474 11.906474 11.906474 11.906474 11.906474 11.906474 11.906474 11.906474 6.075830 6.075830 88942.498709 11.906474 3159872.317503 3857266.012577 14572.339055 6.075830 11.906474 11.906474 1.000000
11.909752 11.909752 11.909752 11.909752 11.909752 11.909752 11.909752 11.909752 11.909752 11.909752 6.077437 7.524024 111209.166104 11.909752 2528603.683798 3858343.023373 11661.126340 6.077437 11.909752 11.909752 1.000000
11.906474 11.906474 11.906474 11.906474 11.906474 11.906474 11.906474 11.906474 11.906474 11.906474 6.075830 6.075830 88942.498709 11.906474 3159872.317503 3857266.012577 14572.339055 6.075830 11.906474 11.906474 1.000000
11.906474 11.906474 11.906474 11.906474 11.906474 11.906474 11.906474 11.906474 11.906474 11.906474 6.075830 6.075830 88942.498709 11.906474 3159872.317503 3857266.012577 14572.339055 6.075830 11.906474 11.906474 1.000000
11.906474 11.906474 11.906474 11.906474 11.906474 11.906474 11.906474 11.906474 11.906474 11.906474 6.075830 6.075830 71153.998972 11.906474 3949840.396863 3857266.012561 14572.339055 6.075830 11.906474 11.906474 1.000000
11.906474 11.906474 11.906474 11.906474 11.906474 11.906474 11.906474 11.906474 11.906474 11.906474 6.075830 6.075830 88942.498709 11.906474 3159872.317503 3857266.012577 14572.339055 6.075830 11.906474 11.906474 1.000000
11.906474 11.906474 11.906474 11.906474 11.906474 11.906474 11.906474 11.906474 11.906474 11.906474 6.075830 6.075830 88942.498709 11.906474 3159872.317503 3857266.012577 14572.339055 6.075830 11.906474 11.906474 1.000000
11.892277 11.892277 11.892277 11.892277 11.892277 11.892277 11.892277 11.892277 11.892277 11.892277 6.068870 6.068870 11.892277 11.892277 23743489392.397514 9497395756.958973 6.068870 6.068870 11.892277 11.892277 1.000000
11.906474 11.906474 11.906474 11.906474 11.906474 11.906474 11.906474 11.906474 11.906474 11.906474 6.075830 6.075830 88942.498709 11.906474 3159872.317503 3857266.012577 14572.339055 6.075830 11.906474 11.906474 1.000000
11.906474 11.906474 11.906474 11.906474 11.906474 11.906474 11.906474 11.906474 11.906474 11.906474 6.075830 6.075830 217144.772235 11.906474 1294283.701362 2468650.248264 22769.279713 6.075830 11.906474 11.906474 1.000000
11.906474 11.906474 11.906474 11.906474 11.906474 11.906474 11.906474 11.906474 11.906474 11.906474 6.075830 6.075830 71153.998972 11.906474 3949840.396863 3857266.012561 14572.339055 6.075830 11.906474 11.906474 1.000000
11.835583 11.835583 11.835583 11.835583 11.835583 11.835583 11.835583 11.835583 11.835583 3888.110385 6.041079 6.041079 1019.245723 11.835583 3925987.936479 263468.590499 11587.471238 6.041079 11.835583 11.835583 1.000000
11.906474 11.906474 11.906474 11.906474 11.906474 11.906474 11.906474 11.906474 11.906474 11.906474 6.075830 6.075830 88942.498709 11.906474 3159872.317503 3857266.012577 14572.339055 6.075830 11.906474 11.906474 1.000000
11.838853 11.838853 11.838853 11.838853 11.838853 11.838853 11.838853 11.838853 11.838853 11.838853 6.042682 7.480178 9495.117131 171.054668 2010669.239798 3835047.225566 14488.398852 6.042682 11.838853 11.838853 1.000000
11.906474 11.906474 11.906474 11.906474 11.906474 11.906474 11.906474 11.906474 11.906474 11.906474 6.075830 6.075830 88942.498709 11.906474 3159872.317503 3857266.012577 14572.339055 6.075830 11.906474 11.906474 1.000000
11.906474 11.906474 11.906474 11.906474 11.906474 11.906474 11.906474 11.906474 11.906474 11.906474 6.075830 6.075830 88942.498709 11.906474 3159872.317503 3857266.012577 14572.339055 6.075830 11.906474 11.906474 1.000000
11.906474 11.906474 11.906474 11.906474 11.906474 11.906474 11.906474 11.906474 11.906474 11.906474 6.075830 6.075830 88942.498709 11.906474 3159872.317503 3857266.012577 14572.339055 6.075830 11.906474 11.906474 1.000000
11.906474 11.906474 11.906474 11.906474 11.906474 11.906474 11.906474 11.906474 11.906474 11.906474 6.075830 6.075830 88942.498709 11.906474 3159872.317503 3857266.012577 14572.339055 6.075830 11.906474 11.906474 1.000000
11.906474 11.906474 11.906474 11.906474 11.906474 11.906474 11.906474 11.906474 11.906474 11.906474 6.075830 6.075830 88942.498709 11.906474 3159872.317503 3857266.012577 14572.339055 6.075830 11.906474 11.906474 1.000000
11.909752 11.909752 11.909752 11.909752 11.909752 11.909752 11.909752 11.909752 11.909752 11.909752 6.077437 7.524024 88967.332894 11.909752 3160754.604981 3086674.418927 14576.407888 6.077437 11.909752 11.909752 1.000000
11.906474 11.906474 11.906474 11.906474 11.906474 11.906474 11.906474 11.906474 11.906474 11.906474 6.075830 6.075830 88942.498709 11.906474 3159872.317503 3857266.012577 14572.339055 6.075830 11.906474 11.906474 1.000000
11.906474 11.906474 11.906474 11.906474 11.906474 11.906474 11.906474 11.906474 11.906474 11.906474 6.075830 6.075830 88942.498709 11.906474 3159872.317503 3857266.012577 14572.339055 6.075830 11.906474 11.906474 1.000000
11.906474 11.906474 11.906474 11.906474 11.906474 11.906474 11.906474 11.906474 11.906474 11.906474 6.075830 6.075830 88942.498709 11.906474 3159872.317503 3857266.012577 14572.339055 6.075830 11.906474 11.906474 1.000000
11.906474 11.906474 11.906474 11.906474 11.906474 11.906474 11.906474 11.906474 11.906474 11.906474 6.075830 6.075830 88942.498709 11.906474 3159872.317503 3857266.012577 14572.339055 6.075830 11.906474 11.906474 1.000000
11.906474 11.906474 11.906474 11.906474 11.906474 11.906474 11.906474 11.906474 11.906474 11.906474 6.075830 6.075830 88942.498709 11.906474 3159872.317503 3857266.012577 14572.339055 6.075830 11.906474 11.906474 1.000000
11.906474 11.906474 11.906474 11.906474 11.906474 11.906474 11.906474 11.906474 11.906474 11.906474 6.075830 6.075830 88942.498709 11.906474 3159872.317503 3857266.012577 14572.339055 6.075830 11.906474 11.906474 1.000000
11.906474 11.906474 11.906474 11.906474 11.906474 11.906474 11.906474 11.906474 11.906474 11.906474 6.075830 6.075830 88942.498709 11.906474 3159872.317503 3857266.012577 14572.339055 6.075830 11.906474 11.906474 1.000000
11.906474 11.906474 11.906474 11.906474 11.906474 11.906474 11.906474 11.906474 11.906474 11.906474 6.075830 6.075830 88942.498709 11.906474 3159872.317503 3857266.012577 14572.339055 6.075830 11.906474 11.906474 1.000000
11.835583 11.835583 11.835583 11.835583 11.835583 11.835583 11.835583 11.835583 4860.137971 11.835583 6.041079 6.041079 1274.056739 11.835583 3140790.416855 134895.921247 14484.339321 6.041079 11.835583 11.835583 1.000000
11.906474 11.906474 11.906474 11.906474 11.906474 11.906474 11.906474 11.906474 11.906474 11.906474 6.075830 6.075830 88942.498709 11.906474 3159872.317503 3857266.012577 14572.339055 6.075830 11.906474 11.906474 1.000000
11.909752 11.909752 11.909752 11.909752 11.909752 11.909752 11.909752 11.909752 11.909752 11.909752 7.524024 6.077437 88967.332894 11.909752 3160754.604981 3086674.418927 14576.407888 6.077437 11.909752 11.909752 1.000000
11.906474 11.906474 11.906474 11.906474 11.906474 11.906474 11.906474 11.906474 11.906474 11.906474 6.075830 6.075830 71153.998972 11.906474 3949840.396863 3857266.012561 14572.339055 6.075830 11.906474 11.906474 1.000000
11.906474 11.906474 11.906474 11.906474 11.906474 11.906474 11.906474 11.906474 11.906474 11.906474 6.075830 6.075830 88942.498709 11.906474 3159872.317503 3857266.012577 14572.339055 6.075830 11.906474 11.906474 1.000000
11.906474 11.906474 11.906474 11.906474 11.906474 11.906474 11.906474 11.906474 11.906474 11.906474 6.075830 6.075830 88942.498709 11.906474 3159872.317503 3857266.012577 14572.339055 6.075830 11.906474 11.906474 1.000000
11.906474 11.906474 11.906474 11.906474 11.906474 11.906474 11.906474 11.906474 11.906474 11.906474 6.075830 6.075830 88942.498709 11.906474 3159872.317503 3857266.012577 14572.339055 6.075830 11.906474 11.906474 1.000000
11.835580 11.835580 11.835580 11.835580 11.835580 11.835580 11.835580 11.835580 11.835580 11.835580 6.041078 6.041078 36210.837495 417.484927 215833.410429 4792464.434724 14484.335056 6.041078 11.835580 11.835580 1.000000
11.906474 11.906474 11.906474 11.906474 11.906474 11.906474 11.906474 11.906474 11.906474 11.906474 6.075830 6.075830 88942.498709 11.906474 3159872.317503 3857266.012577 14572.339055 6.075830 11.906474 11.906474 1.000000
11.906474 11.906474 11.906474 11.906474 11.906474 11.906474 11.906474 11.906474 11.906474 11.906474 6.075830 6.075830 88942.498709 11.906474 3159872.317503 3857266.012577 14572.339055 6.075830 11.906474 11.906474 1.000000
11.906474 11.906474 11.906474 11.906474 11.906474 11.906474 11.906474 11.906474 11.906474 11.906474 6.075830 6.075830 88942.498709 11.906474 3159872.317503 3857266.012577 14572.339055 6.075830 11.906474 11.906474 1.000000
11.906474 11.906474 11.906474 11.906474 11.906474 11.906474 11.906474 11.906474 11.906474 11.906474 6.075830 6.075830 88942.498709 11.906474 3159872.317503 3857266.012577 14572.339055 6.075830 11.906474 11.906474 1.000000
11.906474 11.906474 11.906474 11.906474 11.906474 11.906474 11.906474 11.906474 11.906474 11.906474 6.075830 6.075830 88942.498709 11.906474 3159872.317503 3857266.012577 14572.339055 6.075830 11.906474 11.906474 1.000000
11.906474 11.906474 11.906474 11.906474 11.906474 11.906474 11.906474 11.906474 11.906474 11.906474 6.075830 6.075830 88942.498709 11.906474 3159872.317503 3857266.012577 14572.339055 6.075830 11.906474 11.906474 1.000000
11.908197 11.908197 11.908197 11.908197 11.908197 11.908197 11.908197 11.908197 11.908197 11.908197 6.076674 6.076674 88955.555411 11.908197 2528268.947807 3857832.256785 14574.478265 6.076674 14.847628 11.908197 1.000000
11.835583 11.835583 11.835583 11.835583 11.835583 11.835583 11.835583 11.835583 11.835583 3888.110464 6.041079 6.041079 1274.056737 11.835583 3140790.412522 210774.876651 14484.339301 6.041079 11.835583 11.835583 1.000000
11.906474 11.906474 11.906474 11.906474 11.906474 11.906474 11.906474 11.906474 11.906474 11.906474 6.075830 6.075830 88942.498709 11.906474 3159872.317503 3857266.012577 14572.339055 6.075830 11.906474 11.906474 1.000000
11.906474 11.906474 11.906474 11.906474 11.906474 11.906474 11.906474 11.906474 11.906474 11.906474 6.075830 6.075830 88942.498709 11.906474 3159872.317503 3857266.012577 14572.339055 6.075830 11.906474 11.906474 1.000000
11.906474 11.906474 11.906474 11.906474 11.906474 11.906474 11.906474 11.906474 11.906474 11.906474 6.075830 6.075830 88942.498709 11.906474 3159872.317503 3857266.012577 14572.339055 6.075830 11.906474 11.906474 1.000000
11.906474 11.906474 11.906474 11.906474 11.906474 11.906474 11.906474 11.906474 11.906474 11.906474 6.075830 6.075830 88942.498709 11.906474 3159872.317503 3857266.012577 14572.339055 6.075830 11.906474 11.906474 1.000000
11.906474 11.906474 11.906474 11.906474 11.906474 11.906474 11.906474 11.906474 11.906474 11.906474 6.075830 6.075830 88942.498709 11.906474 3159872.317503 3857266.012577 14572.339055 6.075830 11.906474 11.906474 1.000000
11.835547 11.835547 11.835547 11.835547 11.835547 11.835547 11.835547 11.835547 11.835547 11.835547 6.041062 6.041062 7593.942150 136.807607 3140780.805134 4792451.179709 14484.294995 6.041062 11.835547 11.835547 1.000000
11.906474 11.906474 11.906474 11.906474 11.906474 11.906474 11.906474 11.906474 11.906474 11.906474 6.075830 6.075830 88942.498709 11.906474 3159872.317503 3857266.012577 14572.339055 6.075830 11.906474 11.906474 1.000000
11.906474 11.906474 11.906474 11.906474 11.906474 11.906474 11.906474 11.906474 11.906474 11.906474 6.075830 6.075830 88942.498709 11.906474 3159872.317503 3857266.012577 14572.339055 6.075830 11.906474 11.906474 1.000000
11.906474 11.906474 11.906474 11.906474 11.906474 11.906474 11.906474 11.906474 11.906474 11.906474 6.075830 6.075830 88942.498709 11.906474 3159872.317503 3857266.012577 14572.339055 6.075830 11.906474 11.906474 1.000000
11.906474 11.906474 11.906474 11.906474 11.906474 11.906474 11.906474 11.906474 11.906474 11.906474 6.075830 6.075830 88942.498709 11.906474 3159872.317503 3857266.012577 14572.339055 6.075830 11.906474 11.906474 1.000000
11.906474 11.906474 11.906474 11.906474 11.906474 11.906474 11.906474 11.906474 11.906474 11.906474 6.075830 6.075830 88942.498709 11.906474 3159872.317503 3857266.012577 14572.339055 6.075830 11.906474 11.906474 1.000000
11.906474 11.906474 11.906474 11.906474 11.906474 11.906474 11.906474 11.906474 11.906474 11.906474 6.075830 6.075830 88942.498709 11.906474 3159872.317503 3857266.012577 14572.339055 6.075830 11.906474 11.906474 1.000000
11.906474 11.906474 11.906474 11.906474 11.906474 11.906474 11.906474 11.906474 11.906474 11.906474 6.075830 6.075830 88942.498709 11.906474 3159872.317503 3857266.012577 14572.339055 6.075830 11.906474 11.906474 1.000000
11.906474 11.906474 11.906474 11.906474 11.906474 11.906474 11.906474 11.906474 11.906474 11.906474 6.075830 6.075830 88942.498709 11.906474 3159872.317503 3857266.012577 14572.339055 6.075830 11.906474 11.906474 1.000000
11.906474 11.906474 11.906474 11.906474 11.906474 11.906474 11.906474 11.906474 11.906474 11.906474 6.075830 6.075830 88942.498709 11.906474 3159872.317503 3857266.012577 14572.339055 6.075830 11.906474 11.906474 1.000000
11.906474 11.906474 11.906474 11.906474 11.906474 11.906474 11.906474 11.906474 11.906474 11.906474 6.075830 6.075830 88942.498709 11.906474 3159872.317503 3857266.012577 14572.339055 6.075830 11.906474 11.906474 1.000000
11.906474 11.906474 11.906474 11.906474 11.906474 11.906474 11.906474 11.906474 11.906474 11.906474 6.075830 6.075830 88942.498709 11.906474 3159872.317503 3857266.012577 14572.339055 6.075830 11.906474 11.906474 1.000000
11.906474 11.906474 11.906474 11.906474 11.906474 11.906474 11.906474 11.906474 11.906474 11.906474 6.075830 6.075830 88942.498713 11.906474 3159872.317659 3085812.810213 18215.423789 6.075830 11.906474 11.906474 1.000000
11.906474 11.906474 11.906474 11.906474 11.906474 11.906474 11.906474 11.906474 11.906474 11.906474 6.075830 6.075830 88942.498709 11.906474 3159872.317503 3857266.012577 14572.339055 6.075830 11.906474 11.906474 1.000000
11.906474 11.906474 11.906474 11.906474 11.906474 11.906474 11.906474 11.906474 11.906474 11.906474 6.075830 6.075830 88942.498709 11.906474 3159872.317503 3857266.012577 14572.339055 6.075830 11.906474 11.906474 1.000000
11.838876 11.838876 11.838876 11.838876 11.838876 11.838876 11.838876 11.838876 3889.207741 11.838876 6.042693 7.480192 1274.416293 11.838876 3141676.786375 168667.488157 14488.426979 6.042693 11.838876 11.838876 1.000000
11.906474 11.906474 11.906474 11.906474 11.906474 11.906474 11.906474 11.906474 11.906474 11.906474 6.075830 6.075830 88942.498709 11.906474 3159872.317503 3857266.012577 14572.339055 6.075830 11.906474 11.906474 1.000000
11.906474 11.906474 11.906474 11.906474 11.906474 11.906474 11.906474 11.906474 11.906474 11.906474 6.075830 6.075830 88942.498709 11.906474 3159872.317503 3857266.012577 14572.339055 6.075830 11.906474 11.906474 1.000000
11.906474 11.906474 11.906474 11.906474 11.906474 11.906474 11.906474 11.906474 11.906474 11.906474 6.075830 6.075830 88942.498709 11.906474 3159872.317503 3857266.012577 14572.339055 6.075830 11.906474 11.906474 1.000000
11.906474 11.906474 11.906474 11.906474 11.906474 11.906474 11.906474 11.906474 11.906474 11.906474 6.075830 6.075830 88942.498709 11.906474 3159872.317503 3857266.012577 14572.339055 6.075830 11.906474 11.906474 1.000000
11.906474 11.906474 11.906474 11.906474 11.906474 11.906474 11.906474 11.906474 11.906474 11.906474 6.075830 6.075830 88942.498709 11.906474 3159872.317503 3857266.012577 14572.339055 6.075830 11.906474 11.906474 1.000000
11.906474 11.906474 11.906474 11.906474 11.906474 11.906474 11.906474 11.906474 11.906474 11.906474 6.075830 6.075830 88942.498709 11.906474 3159872.317503 3857266.012577 14572.339055 6.075830 11.906474 11.906474 1.000000
11.906474 11.906474 11.906474 11.906474 11.906474 11.906474 11.906474 11.906474 11.906474 11.906474 6.075830 6.075830 88942.498709 11.906474 3159872.317503 3857266.012577 14572.339055 6.075830 11.906474 11.906474 1.000000
11.906474 11.906474 11.906474 11.906474 11.906474 11.906474 11.906474 11.906474 11.906474 11.906474 6.075830 6.075830 88942.498709 11.906474 3159872.317503 3857266.012577 14572.339055 6.075830 11.906474 11.906474 1.000000
11.906474 11.906474 11.906474 11.906474 11.906474 11.906474 11.906474 11.906474 11.906474 11.906474 6.075830 6.075830 88942.498709 11.906474 3159872.317503 3857266.012577 14572.339055 6.075830 11.906474 11.906474 1.000000
11.906474 11.906474 11.906474 11.906474 11.906474 11.906474 11.906474 11.906474 11.906474 11.906474 6.075830 6.075830 88942.498709 11.906474 3159872.317503 3857266.012577 14572.339055 6.075830 11.906474 11.906474 1.000000
11.906474 11.906474 11.906474 11.906474 11.906474 11.906474 11.906474 11.906474 11.906474 11.906474 6.075830 6.075830 88942.498709 11.906474 3159872.317503 3857266.012577 14572.339055 6.075830 11.906474 11.906474 1.000000
11.906474 11.906474 11.906474 11.906474 11.906474 11.906474 11.906474 11.906474 11.906474 11.906474 6.075830 6.075830 88942.498709 11.906474 3159872.317503 3857266.012577 14572.339055 6.075830 11.906474 11.906474 1.000000
11.906474 11.906474 11.906474 11.906474 11.906474 11.906474 11.906474 11.906474 11.906474 11.906474 6.075830 6.075830 88942.498709 11.906474 3159872.317503 3857266.012577 14572.339055 6.075830 11.906474 11.906474 1.000000
11.906474 11.906474 11.906474 11.906474 11.906474 11.906474 11.906474 11.906474 11.906474 11.906474 6.075830 6.075830 9550.128176 11.906474 29428604.201167 4821582.512319 11657.871267 6.075830 11.906474 11.906474 1.000000
11.906474 11.906474 11.906474 11.906474 11.906474 11.906474 11.906474 11.906474 11.906474 11.906474 6.075830 6.075830 88942.498709 11.906474 3159872.317503 3857266.012577 14572.339055 6.075830 11.906474 11.906474 1.000000
11.906474 11.906474 11.906474 11.906474 11.906474 11.906474 11.906474 11.906474 11.906474 11.906474 6.075830 6.075830 88942.498709 11.906474 3159872.317503 3857266.012577 14572.339055 6.075830 11.906474 11.906474 1.000000
11.906474 11.906474 11.906474 11.906474 11.906474 11.906474 11.906474 11.906474 11.906474 11.906474 6.075830 6.075830 88942.498709 11.906474 3159872.317503 3857266.012577 14572.339055 6.075830 11.906474 11.906474 1.000000
11.906474 11.906474 11.906474 11.906474 11.906474 11.906474 11.906474 11.906474 11.906474 11.906474 6.075830 6.075830 88942.498709 11.906474 3159872.317503 3857266.012577 14572.339055 6.075830 11.906474 11.906474 1.000000
11.906474 11.906474 11.906474 11.906474 11.906474 11.906474 11.906474 11.906474 11.906474 11.906474 6.075830 6.075830 88942.498709 11.906474 3159872.317503 3857266.012577 14572.339055 6.075830 11.906474 11.906474 1.000000
11.906474 11.906474 11.906474 11.906474 11.906474 11.906474 11.906474 11.906474 11.906474 11.906474 6.075830 6.075830 88942.498709 11.906474 3159872.317503 3857266.012577 14572.339055 6.075830 11.906474 11.906474 1.000000
11.906474 11.906474 11.906474 11.906474 11.906474 11.906474 11.906474 11.906474 11.906474 11.906474 6.075830 6.075830 88942.498709 11.906474 3159872.317503 3857266.012577 14572.339055 6.075830 11.906474 11.906474 1.000000
11.906474 11.906474 11.906474 11.906474 11.906474 11.906474 11.906474 11.906474 11.906474 11.906474 6.075830 6.075830 88942.498709 11.906474 3159872.317503 3857266.012577 14572.339055 6.075830 11.906474 11.906474 1.000000
11.906474 11.906474 11.906474 11.906474 11.906474 11.906474 11.906474 11.906474 11.906474 11.906474 6.075830 6.075830 88942.498709 11.906474 3159872.317503 3857266.012577 14572.339055 6.075830 11.906474 11.906474 1.000000
11.906474 11.906474 11.906474 11.906474 11.906474 11.906474 11.906474 11.906474 11.906474 11.906474 6.075830 6.075830 88942.498709 11.906474 3159872.317503 3857266.012577 14572.339055 6.075830 11.906474 11.906474 1.000000
11.906474 11.906474 11.906474 11.906474 11.906474 11.906474 11.906474 11.906474 11.906474 11.906474 6.075830 6.075830 88942.498709 11.906474 3159872.317503 3857266.012577 14572.339055 6.075830 11.906474 11.906474 1.000000
11.906474 11.906474 11.906474 11.906474 11.906474 11.906474 11.906474 11.906474 11.906474 11.906474 6.075830 6.075830 88942.498709 11.906474 3159872.317503 3857266.012577 14572.339055 6.075830 11.906474 11.906474 1.000000
11.906474 11.906474 11.906474 11.906474 11.906474 11.906474 11.906474 11.906474 11.906474 11.906474 6.075830 6.075830 88942.498709 11.906474 3159872.317503 3857266.012577 14572.339055 6.075830 11.906474 11.906474 1.000000
11.906474 11.906474 11.906474 11.906474 11.906474 11.906474 11.906474 11.906474 11.906474 11.906474 6.075830 6.075830 88942.498709 11.906474 3159872.317503 3857266.012577 14572.339055 6.075830 11.906474 11.906474 1.000000
11.906474 11.906474 11.906474 11.906474 11.906474 11.906474 11.906474 11.906474 11.906474 11.906474 6.075830 6.075830 88942.498709 11.906474 3159872.317503 3857266.012577 14572.339055 6.075830 11.906474 11.906474 1.000000
11.906474 11.906474 11.906474 11.906474 11.906474 11.906474 11.906474 11.906474 11.906474 11.906474 6.075830 6.075830 88942.498709 11.906474 3159872.317503 3857266.012577 14572.339055 6.075830 11.906474 11.906474 1.000000
11.906474 11.906474 11.906474 11.906474 11.906474 11.906474 11.906474 11.906474 11.906474 11.906474 6.075830 6.075830 88942.498709 11.906474 3159872.317503 3857266.012577 14572.339055 6.075830 11.906474 11.906474 1.000000
11.906474 11.906474 11.906474 11.906474 11.906474 11.906474 11.906474 11.906474 11.906474 11.906474 6.075830 6.075830 88942.498709 11.906474 3159872.317503 3857266.012577 14572.339055 6.075830 11.906474 11.906474 1.000000
11.909752 11.909752 11.909752 11.909752 11.909752 11.909752 11.909752 11.909752 11.909752 11.909752 6.077437 6.077437 88967.332894 11.909752 3160754.604981 3086674.418927 14576.407888 7.524024 11.909752 11.909752 1.000000
11.906474 11.906474 11.906474 11.906474 11.906474 11.906474 11.906474 11.906474 11.906474 11.906474 6.075830 6.075830 88942.498709 11.906474 3159872.317503 3857266.012577 14572.339055 6.075830 11.906474 11.906474 1.000000
11.906474 11.906474 11.906474 11.906474 11.906474 11.906474 11.906474 11.906474 11.906474 11.906474 6.075830 6.075830 88942.498709 11.906474 3159872.317503 3857266.012577 14572.339055 6.075830 11.906474 11.906474 1.000000
11.906474 11.906474 11.906474 11.906474 11.906474 11.906474 11.906474 11.906474 11.906474 11.906474 6.075830 6.075830 88942.498709 11.906474 3159872.317503 3857266.012577 14572.339055 6.075830 11.906474 11.906474 1.000000
11.906474 11.906474 11.906474 11.906474 11.906474 11.906474 11.906474 11.906474 11.906474 11.906474 6.075830 6.075830 88942.498709 11.906474 3159872.317503 3857266.012577 14572.339055 6.075830 11.906474 11.906474 1.000000
11.906474 11.906474 11.906474 11.906474 11.906474 11.906474 11.906474 11.906474 11.906474 11.906474 6.075830 6.075830 88942.498709 11.906474 3159872.317503 3857266.012577 14572.339055 6.075830 11.906474 11.906474 1.000000
11.906474 11.906474 11.906474 11.906474 11.906474 11.906474 11.906474 11.906474 11.906474 11.906474 6.075830 6.075830 88942.498709 11.906474 3159872.317503 3857266.012577 14572.339055 6.075830 11.906474 11.906474 1.000000
11.906474 11.906474 11.906474 11.906474 11.906474 11.906474 11.906474 11.906474 11.906474 11.906474 6.075830 6.075830 88942.498709 11.906474 3159872.317503 3857266.012577 14572.339055 6.075830 11.906474 11.906474 1.000000
11.906474 11.906474 11.906474 11.906474 11.906474 11.906474 11.906474 11.906474 11.906474 11.906474 6.075830 6.075830 88942.498709 11.906474 3159872.317503 3857266.012577 14572.339055 6.075830 11.906474 11.906474 1.000000
11.906474 11.906474 11.906474 11.906474 11.906474 11.906474 11.906474 11.906474 11.906474 11.906474 6.075830 6.075830 88942.498709 11.906474 3159872.317503 3857266.012577 14572.339055 6.075830 11.906474 11.906474 1.000000
11.906474 11.906474 11.906474 11.906474 11.906474 11.906474 11.906474 11.906474 11.906474 11.906474 6.075830 6.075830 88942.498709 11.906474 3159872.317503 3857266.012577 14572.339055 6.075830 11.906474 11.906474 1.000000
11.906474 11.906474 11.906474 11.906474 11.906474 11.906474 11.906474 11.906474 11.906474 11.906474 6.075830 6.075830 88942.498709 11.906474 3159872.317503 3857266.012577 14572.339055 6.075830 11.906474 11.906474 1.000000
11.906474 11.906474 11.906474 11.906474 11.906474 11.906474 11.906474 11.906474 11.906474 11.906474 6.075830 6.075830 88942.498709 11.906474 3159872.317503 3857266.012577 14572.339055 6.075830 11.906474 11.906474 1.000000
11.906474 11.906474 11.906474 11.906474 11.906474 11.906474 11.906474 11.906474 11.906474 11.906474 6.075830 6.075830 88942.498709 11.906474 3159872.317503 3857266.012577 14572.339055 6.075830 11.906474 11.906474 1.000000
11.906474 11.906474 11.906474 11.906474 11.906474 11.906474 11.906474 11.906474 11.906474 11.906474 6.075830 6.075830 88942.498709 11.906474 3159872.317503 3857266.012577 14572.339055 6.075830 11.906474 11.906474 1.000000
11.906474 11.906474 11.906474 11.906474 11.906474 11.906474 11.906474 11.906474 11.906474 11.906474 6.075830 6.075830 88942.498709 11.906474 3159872.317503 3857266.012577 14572.339055 6.075830 11.906474 11.906474 1.000000
11.906474 11.906474 11.906474 11.906474 11.906474 11.906474 11.906474 11.906474 11.906474 11.906474 6.075830 6.075830 88942.498709 11.906474 3159872.317503 3857266.012577 14572.339055 6.075830 11.906474 11.906474 1.000000
11.906474 11.906474 11.906474 11.906474 11.906474 11.906474 11.906474 11.906474 11.906474 11.906474 6.075830 6.075830 88942.498709 11.906474 3159872.317503 3857266.012577 14572.339055 6.075830 11.906474 11.906474 1.000000
11.906474 11.906474 11.906474 11.906474 11.906474 11.906474 11.906474 11.906474 11.906474 11.906474 6.075830 6.075830 88942.498709 11.906474 3159872.317503 3857266.012577 14572.339055 6.075830 11.906474 11.906474 1.000000
11.906474 11.906474 11.906474 11.906474 11.906474 11.906474 11.906474 11.906474 11.906474 11.906474 6.075830 6.075830 88942.498709 11.906474 3159872.317503 3857266.012577 14572.339055 6.075830 11.906474 11.906474 1.000000
11.906474 11.906474 11.906474 11.906474 11.906474 11.906474 11.906474 11.906474 11.906474 11.906474 6.075830 6.075830 88942.498709 11.906474 3159872.317503 3857266.012577 14572.339055 6.075830 11.906474 11.906474 1.000000
11.906474 11.906474 11.906474 11.906474 11.906474 11.906474 11.906474 11.906474 11.906474 11.906474 6.075830 6.075830 88942.498709 11.906474 3159872.317503 3857266.012577 14572.339055 6.075830 11.906474 11.906474 1.000000
11.906474 11.906474 11.906474 11.906474 11.906474 11.906474 11.906474 11.906474 11.906474 11.906474 6.075830 6.075830 88942.498709 11.906474 3159872.317503 3857266.012577 14572.339055 6.075830 11.906474 11.906474 1.000000
11.906474 11.906474 11.906474 11.906474 11.906474 11.906474 11.906474 11.906474 11.906474 11.906474 6.075830 6.075830 88942.498709 11.906474 3159872.317503 3857266.012577 14572.339055 6.075830 11.906474 11.906474 1.000000
11.906474 11.906474 11.906474 11.906474 11.906474 11.906474 11.906474 11.906474 11.906474 11.906474 6.075830 6.075830 88942.498709 11.906474 3159872.317503 3857266.012577 14572.339055 6.075830 11.906474 11.906474 1.000000
11.906474 11.906474 11.906474 11.906474 11.906474 11.906474 11.906474 11.906474 11.906474 11.906474 6.075830 6.075830 88942.498709 11.906474 3159872.317503 3857266.012577 14572.339055 6.075830 11.906474 11.906474 1.000000
11.906474 11.906474 11.906474 11.906474 11.906474 11.906474 11.906474 11.906474 11.906474 11.906474 6.075830 6.075830 88942.498709 11.906474 3159872.317503 3857266.012577 14572.339055 6.075830 11.906474 11.906474 1.000000
11.906474 11.906474 11.906474 11.906474 11.906474 11.906474 11.906474 11.906474 11.906474 11.906474 6.075830 6.075830 88942.498709 11.906474 3159872.317503 3857266.012577 14572.339055 6.075830 11.906474 11.906474 1.000000
11.906474 11.906474 11.906474 11.906474 11.906474 11.906474 11.906474 11.906474 11.906474 11.906474 6.075830 6.075830 88942.498709 11.906474 3159872.317503 3857266.012577 14572.339055 6.075830 11.906474 11.906474 1.000000
11.906474 11.906474 11.906474 11.906474 11.906474 11.906474 11.906474 11.906474 11.906474 11.906474 6.075830 6.075830 88942.498709 11.906474 3159872.317503 3857266.012577 14572.339055 6.075830 11.906474 11.906474 1.000000
11.906474 11.906474 11.906474 11.906474 11.906474 11.906474 11.906474 11.906474 11.906474 11.906474 6.075830 6.075830 88942.498709 11.906474 3159872.317503 3857266.012577 14572.339055 6.075830 11.906474 11.906474 1.000000
11.906474 11.906474 11.906474 11.906474 11.906474 11.906474 11.906474 11.906474 11.906474 11.906474 6.075830 6.075830 88942.498709 11.906474 3159872.317503 3857266.012577 14572.339055 6.075830 11.906474 11.906474 1.000000
11.906474 11.906474 11.906474 11.906474 11.906474 11.906474 11.906474 11.906474 11.906474 11.906474 6.075830 6.075830 88942.498709 11.906474 3159872.317503 3857266.012577 14572.339055 6.075830 11.906474 11.906474 1.000000
11.906474 11.906474 11.906474 11.906474 11.906474 11.906474 11.906474 11.906474 11.906474 11.906474 6.075830 6.075830 88942.498709 11.906474 3159872.317503 3857266.012577 14572.339055 6.075830 11.906474 11.906474 1.000000
11.906474 11.906474 11.906474 11.906474 11.906474 11.906474 11.906474 11.906474 11.906474 11.906474 6.075830 6.075830 88942.498709 11.906474 3159872.317503 3857266.012577 14572.339055 6.075830 11.906474 11.906474 1.000000
11.906474 11.906474 11.906474 11.906474 11.906474 11.906474 11.906474 11.906474 11.906474 11.906474 6.075830 6.075830 88942.498709 11.906474 3159872.317503 3857266.012577 14572.339055 6.075830 11.906474 11.906474 1.000000
11.906474 11.906474 11.906474 11.906474 11.906474 11.906474 11.906474 11.906474 11.906474 11.906474 6.075830 6.075830 88942.498709 11.906474 3159872.317503 3857266.012577 14572.339055 6.075830 11.906474 11.906474 1.000000
11.906474 11.906474 11.906474 11.906474 11.906474 11.906474 11.906474 11.906474 11.906474 11.906474 6.075830 6.075830 88942.498709 11.906474 3159872.317503 3857266.012577 14572.339055 6.075830 11.906474 11.906474 1.000000
11.906474 11.906474 11.906474 11.906474 11.906474 11.906474 11.906474 11.906474 11.906474 11.906474 6.075830 6.075830 88942.498709 11.906474 3159872.317503 3857266.012577 14572.339055 6.075830 11.906474 11.906474 1.000000
11.906474 11.906474 11.906474 11.906474 11.906474 11.906474 11.906474 11.906474 11.906474 11.906474 6.075830 6.075830 88942.498709 11.906474 3159872.317503 3857266.012577 14572.339055 6.075830 11.906474 11.906474 1.000000
11.906474 11.906474 11.906474 11.906474 11.906474 11.906474 11.906474 11.906474 11.906474 11.906474 6.075830 6.075830 88942.498709 11.906474 3159872.317503 3857266.012577 14572.339055 6.075830 11.906474 11.906474 1.000000
11.906474 11.906474 11.906474 11.906474 11.906474 11.906474 11.906474 11.906474 11.906474 11.906474 6.075830 6.075830 88942.498709 11.906474 3159872.317503 3857266.012577 14572.339055 6.075830 11.906474 11.906474 1.000000
11.906474 11.906474 11.906474 11.906474 11.906474 11.906474 11.906474 11.906474 11.906474 11.906474 6.075830 6.075830 88942.498709 11.906474 3159872.317503 3857266.012577 14572.339055 6.075830 11.906474 11.906474 1.000000
11.906474 11.906474 11.906474 11.906474 11.906474 11.906474 11.906474 11.906474 11.906474 11.906474 6.075830 6.075830 88942.498709 11.906474 3159872.317503 3857266.012577 14572.339055 6.075830 11.906474 11.906474 1.000000
11.906474 11.906474 11.906474 11.906474 11.906474 11.906474 11.906474 11.906474 11.906474 11.906474 6.075830 6.075830 88942.498709 11.906474 3159872.317503 3857266.012577 14572.339055 6.075830 11.906474 11.906474 1.000000
11.906474 11.906474 11.906474 11.906474 11.906474 11.906474 11.906474 11.906474 11.906474 11.906474 6.075830 6.075830 88942.498709 11.906474 3159872.317503 3857266.012577 14572.339055 6.075830 11.906474 11.906474 1.000000
11.906474 11.906474 11.906474 11.906474 11.906474 11.906474 11.906474 11.906474 11.906474 11.906474 6.075830 6.075830 88942.498709 11.906474 3159872.317503 3857266.012577 14572.339055 6.075830 11.906474 11.906474 1.000000
11.906474 11.906474 11.906474 11.906474 11.906474 11.906474 11.906474 11.906474 11.906474 11.906474 6.075830 6.075830 88942.498709 11.906474 3159872.317503 3857266.012577 14572.339055 6.075830 11.906474 11.906474 1.000000
11.906474 11.906474 11.906474 11.906474 11.906474 11.906474 11.906474 11.906474 11.906474 11.906474 6.075830 6.075830 88942.498709 11.906474 3159872.317503 3857266.012577 14572.339055 6.075830 11.906474 11.906474 1.000000
11.906474 11.906474 11.906474 11.906474 11.906474 11.906474 11.906474 11.906474 11.906474 11.906474 6.075830 6.075830 88942.498709 11.906474 3159872.317503 3857266.012577 14572.339055 6.075830 11.906474 11.906474 1.000000
11.906474 11.906474 11.906474 11.906474 11.906474 11.906474 11.906474 11.906474 11.906474 11.906474 6.075830 6.075830 88942.498709 11.906474 3159872.317503 3857266.012577 14572.339055 6.075830 11.906474 11.906474 1.000000
11.906474 11.906474 11.906474 11.906474 11.906474 11.906474 11.906474 11.906474 11.906474 11.906474 6.075830 6.075830 88942.498709 11.906474 3159872.317503 3857266.012577 14572.339055 6.075830 11.906474 11.906474 1.000000
11.906474 11.906474 11.906474 11.906474 11.906474 11.906474 11.906474 11.906474 11.906474 11.906474 6.075830 6.075830 88942.498709 11.906474 3159872.317503 3857266.012577 14572.339055 6.075830 11.906474 11.906474 1.000000
11.906474 11.906474 11.906474 11.906474 11.906474 11.906474 11.906474 11.906474 11.906474 11.906474 6.075830 6.075830 88942.498709 11.906474 3159872.317503 3857266.012577 14572.339055 6.075830 11.906474 11.906474 1.000000
11.906474 11.906474 11.906474 11.906474 11.906474 11.906474 11.906474 11.906474 11.906474 11.906474 6.075830 6.075830 88942.498709 11.906474 3159872.317503 3857266.012577 14572.339055 6.075830 11.906474 11.906474 1.000000
11.906474 11.906474 11.906474 11.906474 11.906474 11.906474 11.906474 11.906474 11.906474 11.906474 6.075830 6.075830 88942.498709 11.906474 3159872.317503 3857266.012577 14572.339055 6.075830 11.906474 11.906474 1.000000
11.906474 11.906474 11.906474 11.906474 11.906474 11.906474 11.906474 11.906474 11.906474 11.906474 6.075830 6.075830 88942.498709 11.906474 3159872.317503 3857266.012577 14572.339055 6.075830 11.906474 11.906474 1.000000
11.906474 11.906474 11.906474 11.906474 11.906474 11.906474 11.906474 11.906474 11.906474 11.906474 6.075830 6.075830 88942.498709 11.906474 3159872.317503 3857266.012577 14572.339055 6.075830 11.906474 11.906474 1.000000
11.906474 11.906474 11.906474 11.906474 11.906474 11.906474 11.906474 11.906474 11.906474 11.906474 6.075830 6.075830 88942.498709 11.906474 3159872.317503 3857266.012577 14572.339055 6.075830 11.906474 11.906474 1.000000
11.906474 11.906474 11.906474 11.906474 11.906474 11.906474 11.906474 11.906474 11.906474 11.906474 6.075830 6.075830 88942.498709 11.906474 3159872.317503 3857266.012577 14572.339055 6.075830 11.906474 11.906474 1.000000
11.906474 11.906474 11.906474 11.906474 11.906474 11.906474 11.906474 11.906474 11.906474 11.906474 6.075830 6.075830 88942.498709 11.906474 3159872.317503 3857266.012577 14572.339055 6.075830 11.906474 11.906474 1.000000
11.906474 11.906474 11.906474 11.906474 11.906474 11.906474 11.906474 11.906474 11.906474 11.906474 6.075830 6.075830 88942.498709 11.906474 3159872.317503 3857266.012577 14572.339055 6.075830 11.906474 11.906474 1.000000
11.906474 11.906474 11.906474 11.906474 11.906474 11.906474 11.906474 11.906474 11.906474 11.906474 6.075830 6.075830 88942.498709 11.906474 3159872.317503 3857266.012577 14572.339055 6.075830 11.906474 11.906474 1.000000
11.906474 11.906474 11.906474 11.906474 11.906474 11.906474 11.906474 11.906474 11.906474 11.906474 6.075830 6.075830 88942.498709 11.906474 3159872.317503 3857266.012577 14572.339055 6.075830 11.906474 11.906474 1.000000
11.906474 11.906474 11.906474 11.906474 11.906474 11.906474 11.906474 11.906474 11.906474 11.906474 6.075830 6.075830 88942.498709 11.906474 3159872.317503 3857266.012577 14572.339055 6.075830 11.906474 11.906474 1.000000
11.906474 11.906474 11.906474 11.906474 11.906474 11.906474 11.906474 11.906474 11.906474 11.906474 6.075830 6.075830 88942.498709 11.906474 3159872.317503 3857266.012577 14572.339055 6.075830 11.906474 11.906474 1.000000
11.906474 11.906474 11.906474 11.906474 11.906474 11.906474 11.906474 11.906474 11.906474 11.906474 6.075830 6.075830 88942.498709 11.906474 3159872.317503 3857266.012577 14572.339055 6.075830 11.906474 11.906474 1.000000
11.906474 11.906474 11.906474 11.906474 11.906474 11.906474 11.906474 11.906474 11.906474 11.906474 6.075830 6.075830 88942.498709 11.906474 3159872.317503 3857266.012577 14572.339055 6.075830 11.906474 11.906474 1.000000
11.906474 11.906474 11.906474 11.906474 11.906474 11.906474 11.906474 11.906474 11.906474 11.906474 6.075830 6.075830 88942.498709 11.906474 3159872.317503 3857266.012577 14572.339055 6.075830 11.906474 11.906474 1.000000
11.906474 11.906474 11.906474 11.906474 11.906474 11.906474 11.906474 11.906474 11.906474 11.906474 6.075830 6.075830 88942.498709 11.906474 3159872.317503 3857266.012577 14572.339055 6.075830 11.906474 11.906474 1.000000
11.906474 11.906474 11.906474 11.906474 11.906474 11.906474 11.906474 11.906474 11.906474 11.906474 6.075830 6.075830 88942.498709 11.906474 3159872.317503 3857266.012577 14572.339055 6.075830 11.906474 11.906474 1.000000
11.906474 11.906474 11.906474 11.906474 11.906474 11.906474 11.906474 11.906474 11.906474 11.906474 6.075830 6.075830 88942.498709 11.906474 3159872.317503 3857266.012577 14572.339055 6.075830 11.906474 11.906474 1.000000
11.906474 11.906474 11.906474 11.906474 11.906474 11.906474 11.906474 11.906474 11.906474 11.906474 6.075830 6.075830 88942.498709 11.906474 3159872.317503 3857266.012577 14572.339055 6.075830 11.906474 11.906474 1.000000
11.906474 11.906474 11.906474 11.906474 11.906474 11.906474 11.906474 11.906474 11.906474 11.906474 6.075830 6.075830 88942.498709 11.906474 3159872.317503 3857266.012577 14572.339055 6.075830 11.906474 11.906474 1.000000
