0.000000 0.000000 0.000000 0.000000 0.000000 0.000000 0.000000 0.000000 0.000000 0.000000 0.000000 0.000000 0.000000 0.000000 0.000000 0.000000 0.000000 0.000000 0.000000 0.000000 0.000000
0.084183 0.084183 0.084183 0.084183 0.084183 0.084183 0.084183 0.084183 0.000400 0.014222 0.055394 0.022747 0.000782 0.000320 0.009103 0.000001 0.069123 0.022747 0.005826 0.034686 1.000000
0.084168 0.084168 0.084168 0.084168 0.084168 0.084168 0.084168 0.084168 0.000320 0.022211 0.044356 0.035510 0.000320 0.011376 0.003728 0.000002 0.022743 0.018198 0.009101 0.003728 1.000000
0.084187 0.084187 0.084187 0.084187 0.084187 0.084187 0.084187 0.084187 0.000626 0.034687 0.055396 0.028427 0.000320 0.014222 0.000164 0.000001 0.044366 0.055396 0.027762 0.005826 1.000000
0.084187 0.084187 0.084187 0.084187 0.084187 0.084187 0.084187 0.084187 0.000400 0.022216 0.069127 0.035518 0.001527 0.000320 0.027762 0.000002 0.014563 0.069127 0.007283 0.002387 1.000000
0.084750 0.084750 0.084750 0.084750 0.084750 0.084750 0.084750 0.084750 0.000085 0.017896 0.107991 0.069591 0.000054 0.054470 0.001922 0.000002 0.022903 0.028620 0.022366 0.005866 1.000000
0.084184 0.084184 0.084184 0.084184 0.084184 0.084184 0.084184 0.084184 0.000105 0.005826 0.035517 0.044364 0.000782 0.000205 0.022215 0.000002 0.028426 0.022748 0.054104 0.022215 1.000000
0.084177 0.084177 0.084177 0.084177 0.084177 0.084177 0.084177 0.084177 0.000500 0.043325 0.014562 0.055390 0.000626 0.003729 0.027759 0.000006 0.001955 0.028424 0.005826 0.000977 1.000000
0.084188 0.084188 0.084188 0.084188 0.084188 0.084188 0.084188 0.084188 0.000626 0.017776 0.069128 0.035518 0.000164 0.000978 0.034688 0.000002 0.069128 0.009322 0.004661 0.007283 1.000000
0.084167 0.084167 0.084167 0.084167 0.084167 0.084167 0.084167 0.084167 0.000164 0.017771 0.028420 0.022743 0.000084 0.009101 0.011376 0.000002 0.028420 0.035509 0.017771 0.009101 1.000000
0.084706 0.084706 0.084706 0.084706 0.084706 0.084706 0.084706 0.084706 0.003752 0.003002 0.035739 0.011724 0.000022 0.022354 0.003002 0.000002 0.055740 0.022890 0.011450 0.017887 1.000000
0.084172 0.084172 0.084172 0.084172 0.084172 0.084172 0.084172 0.084172 0.000400 0.014220 0.035511 0.018199 0.000105 0.003728 0.007282 0.000002 0.044358 0.022744 0.034681 0.007282 1.000000
0.084178 0.084178 0.084178 0.084178 0.084178 0.084178 0.084178 0.084178 0.000400 0.017774 0.044361 0.005966 0.000034 0.004661 0.054100 0.000003 0.018200 0.018200 0.017774 0.007282 1.000000
0.084169 0.084169 0.084169 0.084169 0.084169 0.084169 0.084169 0.084169 0.000977 0.009101 0.018198 0.035510 0.000054 0.005825 0.009101 0.000001 0.035510 0.044356 0.017772 0.009101 1.000000
0.084719 0.084719 0.084719 0.084719 0.084719 0.084719 0.084719 0.084719 0.000322 0.022358 0.055749 0.009381 0.000206 0.001230 0.022358 0.000001 0.055749 0.022894 0.043607 0.002402 1.000000
0.084184 0.084184 0.084184 0.084184 0.084184 0.084184 0.084184 0.084184 0.000256 0.009103 0.044364 0.011651 0.000014 0.022215 0.009103 0.000001 0.055394 0.055394 0.022215 0.027761 1.000000
0.084175 0.084175 0.084175 0.084175 0.084175 0.084175 0.084175 0.084175 0.000400 0.034683 0.055388 0.018199 0.000205 0.022213 0.002983 0.000002 0.018199 0.035513 0.011377 0.001527 1.000000
0.084182 0.084182 0.084182 0.084182 0.084182 0.084182 0.084182 0.084182 0.000977 0.007282 0.018201 0.014562 0.000018 0.014221 0.005826 0.000001 0.022747 0.086172 0.017775 0.027760 1.000000
0.084165 0.084165 0.084165 0.084165 0.084165 0.084165 0.084165 0.084165 0.000500 0.014218 0.035509 0.014560 0.000022 0.009101 0.011376 0.000004 0.028420 0.011649 0.017771 0.017771 1.000000
0.084178 0.084178 0.084178 0.084178 0.084178 0.084178 0.084178 0.084178 0.000782 0.011377 0.022746 0.035514 0.000205 0.014221 0.000977 0.000001 0.044361 0.055390 0.034684 0.003729 1.000000
0.084239 0.084239 0.084239 0.084239 0.084239 0.084239 0.084239 0.084239 0.000105 0.043357 0.069169 0.011659 0.000205 0.001223 0.014231 0.000000 0.086231 0.133333 0.017787 0.011386 1.000000
0.084166 0.084166 0.084166 0.084166 0.084166 0.084166 0.084166 0.084166 0.000977 0.007281 0.028420 0.014560 0.000043 0.009101 0.014218 0.000002 0.035509 0.022742 0.022210 0.005825 1.000000
0.084179 0.084179 0.084179 0.084179 0.084179 0.084179 0.084179 0.084179 0.000782 0.009102 0.014562 0.014562 0.000014 0.011377 0.011377 0.000001 0.044361 0.055391 0.043326 0.009102 1.000000
0.084184 0.084184 0.084184 0.084184 0.084184 0.084184 0.084184 0.084184 0.002386 0.011378 0.035517 0.007457 0.004661 0.000005 0.014222 0.000002 0.086175 0.018201 0.022215 0.027761 1.000000
0.084181 0.084181 0.084181 0.084181 0.084181 0.084181 0.084181 0.084181 0.000164 0.043327 0.022747 0.014562 0.000067 0.001527 0.017774 0.000001 0.055392 0.035515 0.022214 0.017774 1.000000
0.084173 0.084173 0.084173 0.084173 0.084173 0.084173 0.084173 0.084173 0.000205 0.014220 0.044358 0.022745 0.000028 0.027757 0.009102 0.000002 0.028422 0.035512 0.007282 0.022212 1.000000
0.084265 0.084265 0.084265 0.084265 0.084265 0.084265 0.084265 0.084265 0.000022 0.034720 0.086257 0.107378 0.000034 0.014235 0.084265 0.000001 0.055448 0.055448 0.000626 0.043370 1.000000
0.084238 0.084238 0.084238 0.084238 0.084238 0.084238 0.084238 0.084238 0.000054 0.043356 0.107343 0.086230 0.000028 0.054138 0.001910 0.000006 0.001565 0.069168 0.022229 0.011386 1.000000
0.084332 0.084332 0.084332 0.084332 0.084332 0.084332 0.084332 0.084332 0.000006 0.067638 0.107463 0.086326 0.000003 0.027810 0.009119 0.000000 0.069246 0.165234 0.054199 0.054199 1.000000
0.084286 0.084286 0.084286 0.084286 0.084286 0.084286 0.084286 0.084286 0.000043 0.054170 0.044419 0.069208 0.000067 0.067601 0.000783 0.000000 0.133406 0.107405 0.043382 0.004667 1.000000
0.084805 0.084805 0.084805 0.084805 0.084805 0.084805 0.084805 0.084805 0.000009 0.043651 0.086810 0.108060 0.000014 0.007337 0.027968 0.000000 0.044695 0.134209 0.034945 0.022381 1.000000
0.084222 0.084222 0.084222 0.084222 0.084222 0.084222 0.084222 0.084222 0.000205 0.022225 0.035533 0.044384 0.001528 0.043348 0.000084 0.000000 0.069155 0.107324 0.043348 0.001910 1.000000
0.084243 0.084243 0.084243 0.084243 0.084243 0.084243 0.084243 0.084243 0.000022 0.022231 0.086235 0.107350 0.000034 0.011386 0.007288 0.000000 0.069172 0.086235 0.043359 0.014232 1.000000
0.084258 0.084258 0.084258 0.084258 0.084258 0.084258 0.084258 0.084258 0.000011 0.043367 0.086251 0.107369 0.000018 0.002986 0.084258 0.000002 0.018218 0.055443 0.034717 0.014234 1.000000
0.084237 0.084237 0.084237 0.084237 0.084237 0.084237 0.084237 0.084237 0.000034 0.043356 0.055430 0.086230 0.000043 0.002388 0.043356 0.000000 0.086230 0.086230 0.027779 0.007287 1.000000
0.084309 0.084309 0.084309 0.084309 0.084309 0.084309 0.084309 0.084309 0.000007 0.043393 0.133441 0.069227 0.000009 0.005835 0.067619 0.000000 0.133441 0.086303 0.034738 0.022248 1.000000
0.084253 0.084253 0.084253 0.084253 0.084253 0.084253 0.084253 0.084253 0.000018 0.054148 0.055440 0.069181 0.000043 0.001529 0.011388 0.000000 0.107363 0.086246 0.034715 0.054148 1.000000
0.084302 0.084302 0.084302 0.084302 0.084302 0.084302 0.084302 0.084302 0.000164 0.022246 0.086296 0.086296 0.001224 0.034735 0.027800 0.000000 0.133430 0.133430 0.000005 0.054180 1.000000
0.084260 0.084260 0.084260 0.084260 0.084260 0.084260 0.084260 0.084260 0.000014 0.067580 0.035549 0.044405 0.000028 0.005832 0.034718 0.000000 0.133365 0.086253 0.043368 0.009111 1.000000
0.084218 0.084218 0.084218 0.084218 0.084218 0.084218 0.084218 0.084218 0.000782 0.043346 0.035531 0.107318 0.000028 0.017782 0.003730 0.000006 0.000035 0.086210 0.027772 0.009107 1.000000
0.084189 0.084189 0.084189 0.084189 0.084189 0.084189 0.084189 0.084189 0.000501 0.034688 0.055398 0.044367 0.000028 0.017776 0.001909 0.000007 0.000107 0.055398 0.034688 0.022216 1.000000
0.084246 0.084246 0.084246 0.084246 0.084246 0.084246 0.084246 0.084246 0.000011 0.043360 0.133343 0.035543 0.000011 0.009110 0.022231 0.000001 0.086238 0.035543 0.027782 0.043360 1.000000
0.084296 0.084296 0.084296 0.084296 0.084296 0.084296 0.084296 0.084296 0.014241 0.000164 0.086290 0.107417 0.000000 0.034733 0.034733 0.000000 0.133421 0.107417 0.043387 0.027798 1.000000
0.084348 0.084348 0.084348 0.084348 0.084348 0.084348 0.084348 0.084348 0.000007 0.034754 0.107483 0.107483 0.000005 0.014250 0.014250 0.000000 0.107483 0.165264 0.067651 0.054210 1.000000
0.084222 0.084222 0.084222 0.084222 0.084222 0.084222 0.084222 0.084222 0.001222 0.022225 0.044384 0.028439 0.000131 0.003731 0.084222 0.000009 0.000055 0.028439 0.067549 0.000401 1.000000
0.084293 0.084293 0.084293 0.084293 0.084293 0.084293 0.084293 0.084293 0.000007 0.043385 0.133416 0.107413 0.000022 0.003734 0.027797 0.000000 0.069214 0.107413 0.054174 0.017798 1.000000
0.084235 0.084235 0.084235 0.084235 0.084235 0.084235 0.084235 0.084235 0.000022 0.043355 0.107340 0.086227 0.000067 0.007287 0.017786 0.000005 0.007462 0.028443 0.067560 0.002388 1.000000
0.084258 0.084258 0.084258 0.084258 0.084258 0.084258 0.084258 0.084258 0.000028 0.043367 0.107369 0.055443 0.000054 0.034717 0.001911 0.000000 0.133361 0.055443 0.022235 0.011388 1.000000
0.084315 0.084315 0.084315 0.084315 0.084315 0.084315 0.084315 0.084315 0.000007 0.034741 0.107441 0.086309 0.000003 0.009117 0.067624 0.000000 0.086309 0.133450 0.027805 0.067624 1.000000
0.084769 0.084769 0.084769 0.084769 0.084769 0.084769 0.084769 0.084769 0.000043 0.034930 0.108015 0.055782 0.000043 0.009167 0.005867 0.000007 0.086774 0.000087 0.054483 0.034930 1.000000
0.084299 0.084299 0.084299 0.084299 0.084299 0.084299 0.084299 0.084299 0.000018 0.043388 0.107421 0.086293 0.000034 0.001224 0.054178 0.000000 0.133426 0.107421 0.017800 0.027799 1.000000
0.084939 0.084939 0.084939 0.084939 0.084939 0.084939 0.084939 0.084939 0.022417 0.084939 0.069747 0.166376 0.000000 0.068127 0.000132 0.000000 0.086947 0.134416 0.054593 0.084939 1.000000
0.084360 0.084360 0.084360 0.084360 0.084360 0.084360 0.084360 0.084360 0.084360 0.000022 0.133521 0.107499 0.000000 0.084360 0.043420 0.000002 0.000642 0.133521 0.034760 0.043420 1.000000
0.084304 0.084304 0.084304 0.084304 0.084304 0.084304 0.084304 0.084304 0.000084 0.067615 0.133433 0.107427 0.000005 0.004668 0.084304 0.000006 0.000642 0.004780 0.067615 0.011395 1.000000
0.084446 0.084446 0.084446 0.084446 0.084446 0.084446 0.084446 0.084446 0.000067 0.084446 0.165449 0.165449 0.084446 0.000000 0.067730 0.000001 0.086443 0.028516 0.054273 0.084446 1.000000
0.084319 0.084319 0.084319 0.084319 0.084319 0.084319 0.084319 0.084319 0.002390 0.007294 0.107446 0.133456 0.000000 0.067627 0.027806 0.000006 0.000028 0.069235 0.084319 0.067627 1.000000
0.084343 0.084343 0.084343 0.084343 0.084343 0.084343 0.084343 0.084343 0.000034 0.067646 0.133493 0.107476 0.084343 0.084343 0.004670 0.000005 0.002448 0.086337 0.043411 0.000000 1.000000
0.084392 0.084392 0.084392 0.084392 0.084392 0.084392 0.084392 0.084392 0.000011 0.084392 0.133570 0.086388 0.000000 0.084392 0.084392 0.000006 0.000044 0.086388 0.067686 0.084392 1.000000
0.084370 0.084370 0.084370 0.084370 0.084370 0.084370 0.084370 0.084370 0.084370 0.000257 0.165305 0.133535 0.000005 0.067668 0.002392 0.000006 0.000028 0.107510 0.067668 0.005839 1.000000
0.084358 0.084358 0.084358 0.084358 0.084358 0.084358 0.084358 0.084358 0.000401 0.022262 0.107496 0.133518 0.000000 0.034759 0.002391 0.000000 0.107496 0.165284 0.067659 0.043419 1.000000
0.084387 0.084387 0.084387 0.084387 0.084387 0.084387 0.084387 0.084387 0.000002 0.054235 0.133562 0.107532 0.000000 0.084387 0.067683 0.000000 0.107532 0.107532 0.067683 0.054235 1.000000
0.084289 0.084289 0.084289 0.084289 0.084289 0.084289 0.084289 0.084289 0.000626 0.084289 0.069210 0.069210 0.000000 0.084289 0.009114 0.000006 0.000035 0.107408 0.054171 0.014240 1.000000
0.084359 0.084359 0.084359 0.084359 0.084359 0.084359 0.084359 0.084359 0.000005 0.034759 0.086354 0.086354 0.000000 0.084359 0.067660 0.000000 0.165286 0.086354 0.043420 0.054217 1.000000
0.084309 0.084309 0.084309 0.084309 0.084309 0.084309 0.084309 0.084309 0.000979 0.000979 0.133441 0.133441 0.000018 0.027803 0.003734 0.000000 0.086303 0.133441 0.017802 0.022248 1.000000
0.084370 0.084370 0.084370 0.084370 0.084370 0.084370 0.084370 0.084370 0.084370 0.007299 0.165306 0.133536 0.000164 0.001531 0.001913 0.000005 0.000023 0.165306 0.034764 0.000627 1.000000
0.084373 0.084373 0.084373 0.084373 0.084373 0.084373 0.084373 0.084373 0.084373 0.000022 0.165311 0.069280 0.000001 0.009124 0.067671 0.000000 0.035597 0.165311 0.043427 0.034765 1.000000
0.084417 0.084417 0.084417 0.084417 0.084417 0.084417 0.084417 0.084417 0.000206 0.001915 0.165393 0.165393 0.000002 0.004674 0.043449 0.000000 0.086413 0.165393 0.054254 0.067706 1.000000
0.084373 0.084373 0.084373 0.084373 0.084373 0.084373 0.084373 0.084373 0.000002 0.067671 0.107514 0.086368 0.000002 0.011404 0.067671 0.000000 0.086368 0.165311 0.067671 0.067671 1.000000
0.084335 0.084335 0.084335 0.084335 0.084335 0.084335 0.084335 0.084335 0.000005 0.084335 0.133482 0.107467 0.000005 0.002391 0.067641 0.000000 0.069249 0.069249 0.067641 0.043407 1.000000
0.084358 0.084358 0.084358 0.084358 0.084358 0.084358 0.084358 0.084358 0.000005 0.067659 0.165283 0.107496 0.000018 0.001224 0.027819 0.000004 0.001959 0.107496 0.084358 0.067659 1.000000
0.084228 0.084228 0.084228 0.084228 0.084228 0.084228 0.084228 0.084228 0.000320 0.043351 0.069160 0.055423 0.000009 0.067554 0.002388 0.000006 0.000168 0.018211 0.067554 0.011384 1.000000
0.084330 0.084330 0.084330 0.084330 0.084330 0.084330 0.084330 0.084330 0.043404 0.000105 0.107460 0.107460 0.000001 0.000979 0.084330 0.000000 0.107460 0.086324 0.043404 0.067636 1.000000
0.084368 0.084368 0.084368 0.084368 0.084368 0.084368 0.084368 0.084368 0.000007 0.067667 0.133532 0.107508 0.000018 0.054223 0.001913 0.000000 0.086363 0.165302 0.067667 0.011403 1.000000
0.084400 0.084400 0.084400 0.084400 0.084400 0.084400 0.084400 0.084400 0.009127 0.000043 0.165362 0.107548 0.000000 0.084400 0.011408 0.000001 0.022807 0.165362 0.084400 0.054243 1.000000
0.084466 0.084466 0.084466 0.084466 0.084466 0.084466 0.084466 0.084466 0.084466 0.084466 0.165486 0.107631 0.000000 0.067746 0.000035 0.000000 0.165486 0.069356 0.054286 0.084466 1.000000
0.084310 0.084310 0.084310 0.084310 0.084310 0.084310 0.084310 0.084310 0.000005 0.034738 0.086304 0.086304 0.000001 0.084310 0.054185 0.000000 0.107434 0.086304 0.034738 0.054185 1.000000
0.084409 0.084409 0.084409 0.084409 0.084409 0.084409 0.084409 0.084409 0.000007 0.043445 0.165379 0.069310 0.000000 0.084409 0.067700 0.000001 0.022809 0.165379 0.067700 0.067700 1.000000
0.084302 0.084302 0.084302 0.084302 0.084302 0.084302 0.084302 0.084302 0.000501 0.067614 0.028466 0.069221 0.000003 0.084302 0.002390 0.000007 0.000023 0.133430 0.084302 0.011394 1.000000
0.084421 0.084421 0.084421 0.084421 0.084421 0.084421 0.084421 0.084421 0.000043 0.084421 0.133614 0.133614 0.000002 0.084421 0.001915 0.000006 0.000028 0.133614 0.084421 0.084421 1.000000
0.084425 0.084425 0.084425 0.084425 0.084425 0.084425 0.084425 0.084425 0.084425 0.000206 0.165410 0.069323 0.000000 0.067713 0.054260 0.000005 0.000018 0.165410 0.084425 0.067713 1.000000
0.084376 0.084376 0.084376 0.084376 0.084376 0.084376 0.084376 0.084376 0.000000 0.084376 0.133545 0.000210 0.084376 0.067673 0.067673 0.000006 0.000803 0.086371 0.054228 0.084376 1.000000
0.084373 0.084373 0.084373 0.084373 0.084373 0.084373 0.084373 0.084373 0.007299 0.000067 0.133541 0.107515 0.000000 0.084373 0.067671 0.000001 0.014596 0.133541 0.054226 0.084373 1.000000
0.084477 0.084477 0.084477 0.084477 0.084477 0.084477 0.084477 0.084477 0.084477 0.084477 0.165508 0.107646 0.000000 0.084477 0.084477 0.000001 0.000018 0.133702 0.084477 0.054294 1.000000
0.084402 0.084402 0.084402 0.084402 0.084402 0.084402 0.084402 0.084402 0.084402 0.001914 0.133585 0.133585 0.000000 0.067694 0.084402 0.000006 0.000012 0.133585 0.067694 0.034777 1.000000
0.083995 0.083995 0.083995 0.083995 0.083995 0.083995 0.083995 0.083995 0.000256 0.083995 0.164600 0.164600 0.000000 0.083995 0.000256 0.000000 0.164600 0.164600 0.043230 0.083995 1.000000
0.084380 0.084380 0.084380 0.084380 0.084380 0.084380 0.084380 0.084380 0.084380 0.009124 0.133550 0.055524 0.000000 0.084380 0.084380 0.000006 0.000023 0.107523 0.067676 0.067676 1.000000
0.083967 0.083967 0.083967 0.083967 0.083967 0.083967 0.083967 0.083967 0.000002 0.083967 0.164548 0.132911 0.000000 0.083967 0.034596 0.000000 0.132911 0.164548 0.067344 0.083967 1.000000
0.084386 0.084386 0.084386 0.084386 0.084386 0.084386 0.084386 0.084386 0.000034 0.067682 0.165336 0.107531 0.000043 0.000980 0.084386 0.000006 0.000023 0.165336 0.054234 0.014256 1.000000
0.084362 0.084362 0.084362 0.084362 0.084362 0.084362 0.084362 0.084362 0.084362 0.000105 0.133524 0.055513 0.000000 0.067663 0.022263 0.000004 0.000108 0.133524 0.067663 0.084362 1.000000
0.084444 0.084444 0.084444 0.084444 0.084444 0.084444 0.084444 0.084444 0.084444 0.084444 0.165446 0.055567 0.000000 0.054272 0.067729 0.000002 0.000012 0.133651 0.084444 0.084444 1.000000
0.084378 0.084378 0.084378 0.084378 0.084378 0.084378 0.084378 0.084378 0.084378 0.084378 0.107521 0.086374 0.000000 0.043429 0.084378 0.000002 0.000018 0.133548 0.067675 0.017817 1.000000
0.084372 0.084372 0.084372 0.084372 0.084372 0.084372 0.084372 0.084372 0.084372 0.000502 0.165309 0.086367 0.000000 0.043426 0.034764 0.000006 0.000018 0.165309 0.043426 0.043426 1.000000
0.084486 0.084486 0.084486 0.084486 0.084486 0.084486 0.084486 0.084486 0.084486 0.000018 0.133716 0.165525 0.000001 0.004678 0.067762 0.000000 0.133716 0.165525 0.067762 0.084486 1.000000
0.084443 0.084443 0.084443 0.084443 0.084443 0.084443 0.084443 0.084443 0.084443 0.084443 0.133648 0.086440 0.000000 0.067727 0.054271 0.000001 0.000023 0.165442 0.067727 0.084443 1.000000
0.084495 0.084495 0.084495 0.084495 0.084495 0.084495 0.084495 0.084495 0.084495 0.014275 0.165542 0.107669 0.000000 0.002994 0.084495 0.000000 0.165542 0.165542 0.067770 0.067770 1.000000
0.083986 0.083986 0.083986 0.083986 0.083986 0.083986 0.083986 0.083986 0.083986 0.000018 0.132941 0.164584 0.000000 0.083986 0.053975 0.000000 0.164584 0.164584 0.067359 0.067359 1.000000
0.084477 0.084477 0.084477 0.084477 0.084477 0.084477 0.084477 0.084477 0.084477 0.002395 0.165506 0.086474 0.000000 0.003742 0.084477 0.000000 0.165506 0.165506 0.054293 0.067754 1.000000
0.084475 0.084475 0.084475 0.084475 0.084475 0.084475 0.084475 0.084475 0.000022 0.084475 0.133698 0.165503 0.000000 0.067753 0.054292 0.000000 0.086473 0.165503 0.067753 0.084475 1.000000
0.083984 0.083984 0.083984 0.083984 0.083984 0.083984 0.083984 0.083984 0.083984 0.083984 0.164580 0.132938 0.000000 0.083984 0.083984 0.000000 0.164580 0.085971 0.067358 0.053974 1.000000
0.084401 0.084401 0.084401 0.084401 0.084401 0.084401 0.084401 0.084401 0.000401 0.054244 0.165365 0.133584 0.011408 0.009127 0.067694 0.000007 0.165365 0.000023 0.000000 0.084401 1.000000
0.084423 0.084423 0.084423 0.084423 0.084423 0.084423 0.084423 0.084423 0.000018 0.067711 0.107578 0.107578 0.000000 0.067711 0.005843 0.000000 0.165406 0.165406 0.054258 0.067711 1.000000
0.084468 0.084468 0.084468 0.084468 0.084468 0.084468 0.084468 0.084468 0.000054 0.084468 0.165490 0.133687 0.000000 0.084468 0.007307 0.000007 0.000023 0.165490 0.084468 0.084468 1.000000
0.084488 0.084488 0.084488 0.084488 0.084488 0.084488 0.084488 0.084488 0.084488 0.084488 0.165528 0.107660 0.000000 0.084488 0.017840 0.000000 0.000211 0.165528 0.084488 0.084488 1.000000
0.084403 0.084403 0.084403 0.084403 0.084403 0.084403 0.084403 0.084403 0.084403 0.000206 0.165368 0.165368 0.000011 0.000164 0.084403 0.000005 0.069305 0.000018 0.054245 0.067695 1.000000
0.084451 0.084451 0.084451 0.084451 0.084451 0.084451 0.084451 0.084451 0.000035 0.084451 0.165458 0.107613 0.000000 0.067734 0.084451 0.000007 0.000023 0.133661 0.084451 0.084451 1.000000
0.084455 0.084455 0.084455 0.084455 0.084455 0.084455 0.084455 0.084455 0.000105 0.084455 0.165466 0.133668 0.000000 0.084455 0.007306 0.000006 0.000018 0.165466 0.084455 0.067737 1.000000
0.084458 0.084458 0.084458 0.084458 0.084458 0.084458 0.084458 0.084458 0.000054 0.067739 0.165471 0.069350 0.000000 0.084458 0.084458 0.000007 0.000018 0.165471 0.084458 0.084458 1.000000
0.084455 0.084455 0.084455 0.084455 0.084455 0.084455 0.084455 0.084455 0.084455 0.084455 0.165465 0.107618 0.000000 0.034799 0.084455 0.000001 0.000044 0.165465 0.067737 0.043469 1.000000
0.084396 0.084396 0.084396 0.084396 0.084396 0.084396 0.084396 0.084396 0.004673 0.084396 0.133576 0.086392 0.000000 0.011407 0.084396 0.000006 0.000018 0.133576 0.084396 0.084396 1.000000
0.084353 0.084353 0.084353 0.084353 0.084353 0.084353 0.084353 0.084353 0.000105 0.067655 0.133510 0.086348 0.000000 0.084353 0.084353 0.000006 0.000023 0.107490 0.054213 0.034757 1.000000
0.084447 0.084447 0.084447 0.084447 0.084447 0.084447 0.084447 0.084447 0.084447 0.084447 0.133654 0.133654 0.000000 0.014267 0.084447 0.000001 0.000014 0.165450 0.067731 0.054274 1.000000
0.084422 0.084422 0.084422 0.084422 0.084422 0.084422 0.084422 0.084422 0.084422 0.084422 0.165404 0.069320 0.000000 0.067711 0.005843 0.000001 0.000023 0.133616 0.084422 0.067711 1.000000
0.084421 0.084421 0.084421 0.084421 0.084421 0.084421 0.084421 0.084421 0.000132 0.067710 0.165401 0.069319 0.000000 0.067710 0.067710 0.000007 0.000018 0.165401 0.084421 0.067710 1.000000
0.083981 0.083981 0.083981 0.083981 0.083981 0.083981 0.083981 0.083981 0.083981 0.083981 0.132933 0.164574 0.083981 0.000000 0.083981 0.000000 0.132933 0.085968 0.067355 0.083981 1.000000
0.084459 0.084459 0.084459 0.084459 0.084459 0.084459 0.084459 0.084459 0.084459 0.084459 0.165472 0.107622 0.000000 0.034801 0.011416 0.000000 0.000411 0.165472 0.084459 0.084459 1.000000
0.084390 0.084390 0.084390 0.084390 0.084390 0.084390 0.084390 0.084390 0.000014 0.084390 0.165344 0.133567 0.000003 0.014257 0.005841 0.000005 0.000642 0.133567 0.084390 0.054237 1.000000
0.084451 0.084451 0.084451 0.084451 0.084451 0.084451 0.084451 0.084451 0.084451 0.084451 0.133661 0.107613 0.000000 0.009132 0.084451 0.000001 0.000018 0.165458 0.067734 0.084451 1.000000
0.084466 0.084466 0.084466 0.084466 0.084466 0.084466 0.084466 0.084466 0.000018 0.067746 0.165487 0.133684 0.000000 0.084466 0.084466 0.000006 0.000023 0.133684 0.084466 0.084466 1.000000
0.084004 0.084004 0.084004 0.084004 0.084004 0.084004 0.084004 0.084004 0.084004 0.084004 0.164616 0.164616 0.000000 0.003721 0.067373 0.000000 0.164616 0.107048 0.084004 0.084004 1.000000
0.084487 0.084487 0.084487 0.084487 0.084487 0.084487 0.084487 0.084487 0.000000 0.054300 0.133717 0.165527 0.000000 0.084487 0.084487 0.000000 0.086485 0.165527 0.067763 0.084487 1.000000
0.084464 0.084464 0.084464 0.084464 0.084464 0.084464 0.084464 0.084464 0.000035 0.084464 0.165483 0.086462 0.000000 0.084464 0.067745 0.000007 0.000035 0.165483 0.084464 0.084464 1.000000
0.084478 0.084478 0.084478 0.084478 0.084478 0.084478 0.084478 0.084478 0.084478 0.000011 0.165508 0.133702 0.000000 0.084478 0.067755 0.000000 0.009354 0.165508 0.084478 0.067755 1.000000
0.084429 0.084429 0.084429 0.084429 0.084429 0.084429 0.084429 0.084429 0.000054 0.084429 0.165416 0.044495 0.000001 0.084429 0.003740 0.000007 0.000028 0.165416 0.084429 0.084429 1.000000
0.084492 0.084492 0.084492 0.084492 0.084492 0.084492 0.084492 0.084492 0.084492 0.084492 0.165536 0.069378 0.000000 0.084492 0.084492 0.000001 0.000018 0.165536 0.084492 0.067767 1.000000
0.084441 0.084441 0.084441 0.084441 0.084441 0.084441 0.084441 0.084441 0.084441 0.000206 0.086438 0.133645 0.000000 0.084441 0.084441 0.000006 0.000014 0.165439 0.067726 0.084441 1.000000
0.084484 0.084484 0.084484 0.084484 0.084484 0.084484 0.084484 0.084484 0.084484 0.084484 0.165521 0.069372 0.000000 0.054298 0.084484 0.000002 0.000014 0.165521 0.084484 0.084484 1.000000
0.084457 0.084457 0.084457 0.084457 0.084457 0.084457 0.084457 0.084457 0.084457 0.084457 0.165470 0.107621 0.000000 0.084457 0.084457 0.000002 0.035633 0.000035 0.084457 0.084457 1.000000
0.084449 0.084449 0.084449 0.084449 0.084449 0.084449 0.084449 0.084449 0.084449 0.084449 0.107610 0.086446 0.000000 0.084449 0.084449 0.000002 0.000018 0.133658 0.084449 0.084449 1.000000
0.084471 0.084471 0.084471 0.084471 0.084471 0.084471 0.084471 0.084471 0.084471 0.084471 0.165496 0.069361 0.000000 0.084471 0.014271 0.000001 0.000018 0.165496 0.084471 0.084471 1.000000
0.084453 0.084453 0.084453 0.084453 0.084453 0.084453 0.084453 0.084453 0.000018 0.084453 0.133664 0.086450 0.000000 0.084453 0.084453 0.000007 0.000028 0.165462 0.084453 0.084453 1.000000
0.084475 0.084475 0.084475 0.084475 0.084475 0.084475 0.084475 0.084475 0.084475 0.084475 0.133699 0.086473 0.000000 0.084475 0.084475 0.000001 0.000018 0.165504 0.084475 0.067754 1.000000
0.084462 0.084462 0.084462 0.084462 0.084462 0.084462 0.084462 0.084462 0.084462 0.027854 0.165478 0.069353 0.000000 0.067742 0.084462 0.000005 0.000018 0.165478 0.084462 0.084462 1.000000
0.084458 0.084458 0.084458 0.084458 0.084458 0.084458 0.084458 0.084458 0.084458 0.000165 0.165471 0.069350 0.000000 0.084458 0.084458 0.000006 0.000023 0.165471 0.067739 0.084458 1.000000
0.084411 0.084411 0.084411 0.084411 0.084411 0.084411 0.084411 0.084411 0.009128 0.002393 0.165384 0.069312 0.000000 0.067702 0.067702 0.000007 0.000018 0.165384 0.084411 0.084411 1.000000
0.083974 0.083974 0.083974 0.083974 0.083974 0.083974 0.083974 0.083974 0.083974 0.083974 0.164560 0.085960 0.000000 0.083974 0.083974 0.000001 0.000018 0.164560 0.083974 0.083974 1.000000
0.084076 0.084076 0.084076 0.084076 0.084076 0.084076 0.084076 0.084076 0.084076 0.084076 0.164752 0.164752 0.000000 0.084076 0.084076 0.000000 0.164752 0.164752 0.084076 0.067432 1.000000
0.084488 0.084488 0.084488 0.084488 0.084488 0.084488 0.084488 0.084488 0.084488 0.084488 0.133718 0.086486 0.000000 0.084488 0.084488 0.000001 0.000018 0.165527 0.084488 0.084488 1.000000
0.084492 0.084492 0.084492 0.084492 0.084492 0.084492 0.084492 0.084492 0.084492 0.084492 0.165536 0.069378 0.000000 0.084492 0.084492 0.000001 0.000023 0.165536 0.067767 0.084492 1.000000
0.084440 0.084440 0.084440 0.084440 0.084440 0.084440 0.084440 0.084440 0.000054 0.067725 0.165437 0.086436 0.000000 0.084440 0.067725 0.000007 0.000014 0.165437 0.084440 0.067725 1.000000
0.084450 0.084450 0.084450 0.084450 0.084450 0.084450 0.084450 0.084450 0.084450 0.084450 0.165457 0.069344 0.000000 0.054276 0.011415 0.000001 0.000023 0.165457 0.084450 0.084450 1.000000
0.084458 0.084458 0.084458 0.084458 0.084458 0.084458 0.084458 0.084458 0.000054 0.084458 0.165471 0.069350 0.000000 0.084458 0.084458 0.000007 0.000018 0.165471 0.084458 0.067739 1.000000
0.084460 0.084460 0.084460 0.084460 0.084460 0.084460 0.084460 0.084460 0.000022 0.084460 0.165476 0.165476 0.000000 0.084460 0.084460 0.000006 0.028521 0.000055 0.084460 0.084460 1.000000
0.084422 0.084422 0.084422 0.084422 0.084422 0.084422 0.084422 0.084422 0.084422 0.084422 0.133615 0.086418 0.000000 0.014262 0.054257 0.000002 0.000014 0.165403 0.084422 0.067710 1.000000
0.084479 0.084479 0.084479 0.084479 0.084479 0.084479 0.084479 0.084479 0.084479 0.084479 0.165510 0.086476 0.000000 0.067756 0.084479 0.000001 0.000018 0.165510 0.084479 0.054294 1.000000
0.084470 0.084470 0.084470 0.084470 0.084470 0.084470 0.084470 0.084470 0.084470 0.000981 0.165494 0.069360 0.000000 0.084470 0.084470 0.000005 0.000018 0.165494 0.084470 0.084470 1.000000
0.084492 0.084492 0.084492 0.084492 0.084492 0.084492 0.084492 0.084492 0.084492 0.084492 0.165536 0.069378 0.000000 0.084492 0.084492 0.000001 0.000018 0.165536 0.067767 0.084492 1.000000
0.084493 0.084493 0.084493 0.084493 0.084493 0.084493 0.084493 0.084493 0.084493 0.084493 0.165537 0.165537 0.000000 0.007310 0.084493 0.000001 0.000018 0.165537 0.054304 0.067768 1.000000
0.084053 0.084053 0.084053 0.084053 0.084053 0.084053 0.084053 0.084053 0.084053 0.084053 0.133044 0.164709 0.000000 0.084053 0.084053 0.000000 0.164709 0.164709 0.067413 0.084053 1.000000
0.084488 0.084488 0.084488 0.084488 0.084488 0.084488 0.084488 0.084488 0.084488 0.084488 0.133718 0.086486 0.000000 0.084488 0.084488 0.000001 0.000018 0.165527 0.084488 0.084488 1.000000
0.084488 0.084488 0.084488 0.084488 0.084488 0.084488 0.084488 0.084488 0.084488 0.084488 0.165528 0.055596 0.000000 0.084488 0.084488 0.000002 0.000018 0.165528 0.067764 0.084488 1.000000
0.084488 0.084488 0.084488 0.084488 0.084488 0.084488 0.084488 0.084488 0.084488 0.084488 0.165527 0.133718 0.000000 0.043486 0.084488 0.000001 0.000014 0.133718 0.084488 0.084488 1.000000
0.084470 0.084470 0.084470 0.084470 0.084470 0.084470 0.084470 0.084470 0.000043 0.084470 0.165494 0.069360 0.000000 0.084470 0.084470 0.000007 0.000018 0.165494 0.084470 0.084470 1.000000
0.084470 0.084470 0.084470 0.084470 0.084470 0.084470 0.084470 0.084470 0.084470 0.084470 0.165494 0.107637 0.000000 0.084470 0.027856 0.000001 0.000014 0.165494 0.084470 0.054289 1.000000
0.083987 0.083987 0.083987 0.083987 0.083987 0.083987 0.083987 0.083987 0.083987 0.083987 0.164584 0.132941 0.000000 0.083987 0.083987 0.000001 0.000014 0.164584 0.067360 0.083987 1.000000
0.084424 0.084424 0.084424 0.084424 0.084424 0.084424 0.084424 0.084424 0.084424 0.000321 0.165408 0.107579 0.000000 0.084424 0.084424 0.000005 0.044492 0.000028 0.084424 0.084424 1.000000
0.083967 0.083967 0.083967 0.083967 0.083967 0.083967 0.083967 0.083967 0.083967 0.083967 0.164548 0.068945 0.000000 0.083967 0.083967 0.000002 0.000018 0.164548 0.083967 0.083967 1.000000
0.084466 0.084466 0.084466 0.084466 0.084466 0.084466 0.084466 0.084466 0.084466 0.084466 0.165486 0.107632 0.000000 0.084466 0.084466 0.000001 0.069356 0.000028 0.084466 0.084466 1.000000
0.083967 0.083967 0.083967 0.083967 0.083967 0.083967 0.083967 0.083967 0.083967 0.083967 0.164548 0.068945 0.000000 0.083967 0.083967 0.000002 0.000018 0.164548 0.083967 0.083967 1.000000
0.083967 0.083967 0.083967 0.083967 0.083967 0.083967 0.083967 0.083967 0.083967 0.083967 0.164548 0.068945 0.000000 0.083967 0.083967 0.000002 0.000018 0.164548 0.083967 0.083967 1.000000
0.083971 0.083971 0.083971 0.083971 0.083971 0.083971 0.083971 0.083971 0.083971 0.083971 0.164556 0.107007 0.000000 0.083971 0.083971 0.000001 0.000018 0.164556 0.083971 0.067347 1.000000
0.084459 0.084459 0.084459 0.084459 0.084459 0.084459 0.084459 0.084459 0.084459 0.084459 0.165473 0.107623 0.000000 0.084459 0.084459 0.000002 0.044511 0.000028 0.084459 0.084459 1.000000
0.083967 0.083967 0.083967 0.083967 0.083967 0.083967 0.083967 0.083967 0.083967 0.083967 0.164548 0.068945 0.000000 0.083967 0.083967 0.000002 0.000014 0.164548 0.083967 0.083967 1.000000
0.083967 0.083967 0.083967 0.083967 0.083967 0.083967 0.083967 0.083967 0.083967 0.083967 0.164548 0.068945 0.000000 0.083967 0.083967 0.000002 0.000018 0.164548 0.083967 0.083967 1.000000
0.084447 0.084447 0.084447 0.084447 0.084447 0.084447 0.084447 0.084447 0.084447 0.084447 0.165450 0.107607 0.000000 0.084447 0.067730 0.000002 0.044504 0.000028 0.084447 0.084447 1.000000
0.083967 0.083967 0.083967 0.083967 0.083967 0.083967 0.083967 0.083967 0.083967 0.083967 0.164548 0.068945 0.000000 0.083967 0.083967 0.000002 0.000018 0.164548 0.083967 0.083967 1.000000
0.083963 0.083963 0.083963 0.083963 0.083963 0.083963 0.083963 0.083963 0.083963 0.083963 0.164540 0.055248 0.000000 0.083963 0.083963 0.000002 0.000018 0.164540 0.083963 0.083963 1.000000
0.084477 0.084477 0.084477 0.084477 0.084477 0.084477 0.084477 0.084477 0.084477 0.000257 0.165506 0.086474 0.000000 0.084477 0.084477 0.000005 0.000014 0.165506 0.084477 0.084477 1.000000
0.084492 0.084492 0.084492 0.084492 0.084492 0.084492 0.084492 0.084492 0.084492 0.084492 0.165536 0.069378 0.000000 0.084492 0.084492 0.000002 0.000014 0.165536 0.084492 0.067767 1.000000
0.084492 0.084492 0.084492 0.084492 0.084492 0.084492 0.084492 0.084492 0.084492 0.084492 0.165536 0.069378 0.000000 0.084492 0.067767 0.000001 0.000018 0.165536 0.084492 0.084492 1.000000
0.084490 0.084490 0.084490 0.084490 0.084490 0.084490 0.084490 0.084490 0.000018 0.084490 0.165531 0.133721 0.000000 0.084490 0.084490 0.000007 0.000023 0.165531 0.067765 0.084490 1.000000
0.083967 0.083967 0.083967 0.083967 0.083967 0.083967 0.083967 0.083967 0.083967 0.083967 0.164548 0.068945 0.000000 0.083967 0.083967 0.000002 0.000014 0.164548 0.083967 0.083967 1.000000
0.083967 0.083967 0.083967 0.083967 0.083967 0.083967 0.083967 0.083967 0.083967 0.083967 0.164548 0.068945 0.000000 0.083967 0.083967 0.000002 0.000018 0.164548 0.083967 0.083967 1.000000
0.084470 0.084470 0.084470 0.084470 0.084470 0.084470 0.084470 0.084470 0.000043 0.084470 0.165494 0.069360 0.000000 0.084470 0.084470 0.000007 0.000018 0.165494 0.084470 0.084470 1.000000
0.083967 0.083967 0.083967 0.083967 0.083967 0.083967 0.083967 0.083967 0.083967 0.083967 0.164548 0.068945 0.000000 0.083967 0.083967 0.000002 0.000018 0.164548 0.083967 0.083967 1.000000
0.083967 0.083967 0.083967 0.083967 0.083967 0.083967 0.083967 0.083967 0.083967 0.083967 0.164548 0.068945 0.000000 0.083967 0.083967 0.000002 0.000018 0.164548 0.083967 0.083967 1.000000
0.084479 0.084479 0.084479 0.084479 0.084479 0.084479 0.084479 0.084479 0.084479 0.084479 0.165511 0.069367 0.000000 0.084479 0.043482 0.000001 0.000018 0.165511 0.084479 0.084479 1.000000
0.083967 0.083967 0.083967 0.083967 0.083967 0.083967 0.083967 0.083967 0.083967 0.083967 0.164548 0.068945 0.000000 0.083967 0.083967 0.000002 0.000018 0.164548 0.083967 0.083967 1.000000
0.084438 0.084438 0.084438 0.084438 0.084438 0.084438 0.084438 0.084438 0.084438 0.009131 0.165434 0.069334 0.000000 0.084438 0.022283 0.000007 0.000018 0.165434 0.084438 0.084438 1.000000
0.083967 0.083967 0.083967 0.083967 0.083967 0.083967 0.083967 0.083967 0.083967 0.083967 0.164548 0.068945 0.000000 0.083967 0.083967 0.000002 0.000018 0.164548 0.083967 0.083967 1.000000
0.083967 0.083967 0.083967 0.083967 0.083967 0.083967 0.083967 0.083967 0.083967 0.083967 0.164548 0.068945 0.000000 0.083967 0.083967 0.000002 0.000018 0.164548 0.083967 0.083967 1.000000
0.084484 0.084484 0.084484 0.084484 0.084484 0.084484 0.084484 0.084484 0.084484 0.084484 0.165521 0.069372 0.000000 0.054298 0.084484 0.000002 0.000018 0.165521 0.084484 0.084484 1.000000
0.083974 0.083974 0.083974 0.083974 0.083974 0.083974 0.083974 0.083974 0.083974 0.083974 0.164560 0.085960 0.000000 0.083974 0.083974 0.000002 0.000014 0.164560 0.083974 0.083974 1.000000
0.083974 0.083974 0.083974 0.083974 0.083974 0.083974 0.083974 0.083974 0.083974 0.083974 0.164560 0.085960 0.000000 0.083974 0.083974 0.000002 0.000014 0.164560 0.083974 0.083974 1.000000
0.083974 0.083974 0.083974 0.083974 0.083974 0.083974 0.083974 0.083974 0.083974 0.083974 0.164560 0.085960 0.000000 0.083974 0.083974 0.000002 0.000014 0.164560 0.083974 0.083974 1.000000
0.083984 0.083984 0.083984 0.083984 0.083984 0.083984 0.083984 0.083984 0.083984 0.083984 0.164579 0.107023 0.000000 0.083984 0.083984 0.000001 0.000018 0.164579 0.083984 0.083984 1.000000
0.083974 0.083974 0.083974 0.083974 0.083974 0.083974 0.083974 0.083974 0.083974 0.083974 0.164560 0.085960 0.000000 0.083974 0.083974 0.000002 0.000014 0.164560 0.083974 0.083974 1.000000
0.084477 0.084477 0.084477 0.084477 0.084477 0.084477 0.084477 0.084477 0.084477 0.084477 0.133702 0.107646 0.000000 0.054294 0.084477 0.000001 0.000014 0.165508 0.084477 0.084477 1.000000
0.083974 0.083974 0.083974 0.083974 0.083974 0.083974 0.083974 0.083974 0.083974 0.083974 0.164560 0.085960 0.000000 0.083974 0.083974 0.000002 0.000014 0.164560 0.083974 0.083974 1.000000
0.083962 0.083962 0.083962 0.083962 0.083962 0.083962 0.083962 0.083962 0.083962 0.083962 0.164537 0.085948 0.000000 0.083962 0.083962 0.000002 0.000014 0.164537 0.083962 0.067339 1.000000
0.083974 0.083974 0.083974 0.083974 0.083974 0.083974 0.083974 0.083974 0.083974 0.083974 0.164560 0.085960 0.000000 0.083974 0.083974 0.000002 0.000014 0.164560 0.083974 0.083974 1.000000
0.084440 0.084440 0.084440 0.084440 0.084440 0.084440 0.084440 0.084440 0.000002 0.084440 0.165437 0.133644 0.000001 0.084440 0.084440 0.000007 0.044500 0.000035 0.084440 0.084440 1.000000
0.084448 0.084448 0.084448 0.084448 0.084448 0.084448 0.084448 0.084448 0.084448 0.084448 0.133656 0.069341 0.000000 0.084448 0.014267 0.000001 0.000023 0.165452 0.084448 0.084448 1.000000
0.083974 0.083974 0.083974 0.083974 0.083974 0.083974 0.083974 0.083974 0.083974 0.083974 0.164560 0.085960 0.000000 0.083974 0.083974 0.000002 0.000014 0.164560 0.083974 0.083974 1.000000
0.083974 0.083974 0.083974 0.083974 0.083974 0.083974 0.083974 0.083974 0.083974 0.083974 0.164560 0.085960 0.000000 0.083974 0.083974 0.000002 0.000014 0.164560 0.083974 0.083974 1.000000
0.084436 0.084436 0.084436 0.084436 0.084436 0.084436 0.084436 0.084436 0.084436 0.084436 0.165429 0.069332 0.000000 0.084436 0.000206 0.000001 0.000018 0.165429 0.084436 0.004675 1.000000
0.083974 0.083974 0.083974 0.083974 0.083974 0.083974 0.083974 0.083974 0.083974 0.083974 0.164560 0.085960 0.000000 0.083974 0.083974 0.000002 0.000014 0.164560 0.083974 0.083974 1.000000
0.084491 0.084491 0.084491 0.084491 0.084491 0.084491 0.084491 0.084491 0.084491 0.084491 0.165533 0.086489 0.000000 0.084491 0.084491 0.000001 0.000014 0.165533 0.054302 0.084491 1.000000
0.083962 0.083962 0.083962 0.083962 0.083962 0.083962 0.083962 0.083962 0.083962 0.083962 0.164537 0.085948 0.000000 0.083962 0.083962 0.000002 0.000014 0.164537 0.067339 0.083962 1.000000
0.083974 0.083974 0.083974 0.083974 0.083974 0.083974 0.083974 0.083974 0.083974 0.083974 0.164560 0.085960 0.000000 0.083974 0.083974 0.000002 0.000014 0.164560 0.083974 0.083974 1.000000
0.083974 0.083974 0.083974 0.083974 0.083974 0.083974 0.083974 0.083974 0.083974 0.083974 0.164560 0.085960 0.000000 0.083974 0.083974 0.000002 0.000014 0.164560 0.083974 0.083974 1.000000
0.084492 0.084492 0.084492 0.084492 0.084492 0.084492 0.084492 0.084492 0.084492 0.084492 0.165536 0.069378 0.000000 0.067767 0.084492 0.000002 0.000014 0.165536 0.084492 0.084492 1.000000
0.083962 0.083962 0.083962 0.083962 0.083962 0.083962 0.083962 0.083962 0.083962 0.083962 0.164537 0.085948 0.000000 0.083962 0.083962 0.000002 0.000014 0.164537 0.067339 0.083962 1.000000
0.083974 0.083974 0.083974 0.083974 0.083974 0.083974 0.083974 0.083974 0.083974 0.083974 0.164560 0.085960 0.000000 0.083974 0.083974 0.000002 0.000014 0.164560 0.083974 0.083974 1.000000
0.083974 0.083974 0.083974 0.083974 0.083974 0.083974 0.083974 0.083974 0.083974 0.083974 0.164560 0.085960 0.000000 0.083974 0.083974 0.000002 0.000014 0.164560 0.083974 0.083974 1.000000
0.083974 0.083974 0.083974 0.083974 0.083974 0.083974 0.083974 0.083974 0.083974 0.083974 0.164560 0.085960 0.000000 0.083974 0.083974 0.000002 0.000014 0.164560 0.083974 0.083974 1.000000
0.083974 0.083974 0.083974 0.083974 0.083974 0.083974 0.083974 0.083974 0.083974 0.083974 0.164560 0.085960 0.000000 0.083974 0.083974 0.000002 0.000014 0.164560 0.083974 0.083974 1.000000
0.083974 0.083974 0.083974 0.083974 0.083974 0.083974 0.083974 0.083974 0.083974 0.083974 0.164560 0.085960 0.000000 0.083974 0.083974 0.000002 0.000014 0.164560 0.083974 0.083974 1.000000
0.083965 0.083965 0.083965 0.083965 0.083965 0.083965 0.083965 0.083965 0.000022 0.083965 0.164543 0.132908 0.000000 0.083965 0.083965 0.000006 0.000022 0.164543 0.083965 0.083965 1.000000
0.083974 0.083974 0.083974 0.083974 0.083974 0.083974 0.083974 0.083974 0.083974 0.083974 0.164560 0.085960 0.000000 0.083974 0.083974 0.000002 0.000014 0.164560 0.083974 0.083974 1.000000
0.084473 0.084473 0.084473 0.084473 0.084473 0.084473 0.084473 0.084473 0.084473 0.084473 0.165499 0.069362 0.000000 0.084473 0.022292 0.000001 0.000018 0.165499 0.084473 0.084473 1.000000
0.083967 0.083967 0.083967 0.083967 0.083967 0.083967 0.083967 0.083967 0.083967 0.083967 0.164548 0.068945 0.000000 0.083967 0.083967 0.000002 0.000018 0.164548 0.083967 0.083967 1.000000
0.083974 0.083974 0.083974 0.083974 0.083974 0.083974 0.083974 0.083974 0.083974 0.083974 0.164560 0.085960 0.000000 0.083974 0.083974 0.000002 0.000014 0.164560 0.083974 0.083974 1.000000
0.083974 0.083974 0.083974 0.083974 0.083974 0.083974 0.083974 0.083974 0.083974 0.083974 0.164560 0.085960 0.000000 0.083974 0.083974 0.000002 0.000014 0.164560 0.083974 0.083974 1.000000
0.083974 0.083974 0.083974 0.083974 0.083974 0.083974 0.083974 0.083974 0.083974 0.083974 0.164560 0.085960 0.000000 0.083974 0.083974 0.000002 0.000014 0.164560 0.083974 0.083974 1.000000
0.083974 0.083974 0.083974 0.083974 0.083974 0.083974 0.083974 0.083974 0.083974 0.083974 0.164560 0.085960 0.000000 0.083974 0.083974 0.000002 0.000014 0.164560 0.083974 0.083974 1.000000
0.083974 0.083974 0.083974 0.083974 0.083974 0.083974 0.083974 0.083974 0.083974 0.083974 0.164560 0.085960 0.000000 0.083974 0.083974 0.000002 0.000014 0.164560 0.083974 0.083974 1.000000
0.083974 0.083974 0.083974 0.083974 0.083974 0.083974 0.083974 0.083974 0.083974 0.083974 0.164560 0.085960 0.000000 0.083974 0.083974 0.000002 0.000014 0.164560 0.083974 0.083974 1.000000
0.083974 0.083974 0.083974 0.083974 0.083974 0.083974 0.083974 0.083974 0.083974 0.083974 0.164560 0.085960 0.000000 0.083974 0.083974 0.000002 0.000014 0.164560 0.083974 0.083974 1.000000
0.083974 0.083974 0.083974 0.083974 0.083974 0.083974 0.083974 0.083974 0.083974 0.083974 0.164560 0.085960 0.000000 0.083974 0.083974 0.000002 0.000014 0.164560 0.083974 0.083974 1.000000
0.084488 0.084488 0.084488 0.084488 0.084488 0.084488 0.084488 0.084488 0.084488 0.084488 0.165527 0.086486 0.000000 0.084488 0.084488 0.000002 0.000014 0.133718 0.084488 0.084488 1.000000
0.083974 0.083974 0.083974 0.083974 0.083974 0.083974 0.083974 0.083974 0.083974 0.083974 0.164560 0.085960 0.000000 0.083974 0.083974 0.000002 0.000014 0.164560 0.083974 0.083974 1.000000
0.083974 0.083974 0.083974 0.083974 0.083974 0.083974 0.083974 0.083974 0.083974 0.083974 0.164560 0.085960 0.000000 0.083974 0.083974 0.000002 0.000014 0.164560 0.083974 0.083974 1.000000
0.083974 0.083974 0.083974 0.083974 0.083974 0.083974 0.083974 0.083974 0.083974 0.083974 0.164560 0.085960 0.000000 0.083974 0.083974 0.000002 0.000014 0.164560 0.083974 0.083974 1.000000
0.083974 0.083974 0.083974 0.083974 0.083974 0.083974 0.083974 0.083974 0.083974 0.083974 0.164560 0.085960 0.000000 0.083974 0.083974 0.000002 0.000014 0.164560 0.083974 0.083974 1.000000
0.083974 0.083974 0.083974 0.083974 0.083974 0.083974 0.083974 0.083974 0.083974 0.083974 0.164560 0.085960 0.000000 0.083974 0.083974 0.000002 0.000014 0.164560 0.083974 0.083974 1.000000
0.084488 0.084488 0.084488 0.084488 0.084488 0.084488 0.084488 0.084488 0.084488 0.084488 0.133718 0.086486 0.000000 0.084488 0.084488 0.000001 0.000018 0.165527 0.084488 0.084488 1.000000
0.083974 0.083974 0.083974 0.083974 0.083974 0.083974 0.083974 0.083974 0.083974 0.083974 0.164560 0.085960 0.000000 0.083974 0.083974 0.000002 0.000014 0.164560 0.083974 0.083974 1.000000
0.083974 0.083974 0.083974 0.083974 0.083974 0.083974 0.083974 0.083974 0.083974 0.083974 0.164560 0.085960 0.000000 0.083974 0.083974 0.000002 0.000014 0.164560 0.083974 0.083974 1.000000
0.083974 0.083974 0.083974 0.083974 0.083974 0.083974 0.083974 0.083974 0.083974 0.083974 0.164560 0.085960 0.000000 0.083974 0.083974 0.000002 0.000014 0.164560 0.083974 0.083974 1.000000
0.083974 0.083974 0.083974 0.083974 0.083974 0.083974 0.083974 0.083974 0.083974 0.083974 0.164560 0.085960 0.000000 0.083974 0.083974 0.000002 0.000014 0.164560 0.083974 0.083974 1.000000
0.083974 0.083974 0.083974 0.083974 0.083974 0.083974 0.083974 0.083974 0.083974 0.083974 0.164560 0.085960 0.000000 0.083974 0.083974 0.000002 0.000014 0.164560 0.083974 0.083974 1.000000
0.083974 0.083974 0.083974 0.083974 0.083974 0.083974 0.083974 0.083974 0.083974 0.083974 0.164560 0.085960 0.000000 0.083974 0.083974 0.000002 0.000014 0.164560 0.083974 0.083974 1.000000
0.083974 0.083974 0.083974 0.083974 0.083974 0.083974 0.083974 0.083974 0.083974 0.083974 0.164560 0.085960 0.000000 0.083974 0.083974 0.000002 0.000014 0.164560 0.083974 0.083974 1.000000
0.083974 0.083974 0.083974 0.083974 0.083974 0.083974 0.083974 0.083974 0.083974 0.083974 0.164560 0.085960 0.000000 0.083974 0.083974 0.000002 0.000014 0.164560 0.083974 0.083974 1.000000
0.083974 0.083974 0.083974 0.083974 0.083974 0.083974 0.083974 0.083974 0.083974 0.083974 0.164560 0.085960 0.000000 0.083974 0.083974 0.000002 0.000014 0.164560 0.083974 0.083974 1.000000
0.083974 0.083974 0.083974 0.083974 0.083974 0.083974 0.083974 0.083974 0.083974 0.083974 0.164560 0.085960 0.000000 0.083974 0.083974 0.000002 0.000014 0.164560 0.083974 0.083974 1.000000
0.083974 0.083974 0.083974 0.083974 0.083974 0.083974 0.083974 0.083974 0.083974 0.083974 0.164560 0.085960 0.000000 0.083974 0.083974 0.000002 0.000014 0.164560 0.083974 0.083974 1.000000
0.083974 0.083974 0.083974 0.083974 0.083974 0.083974 0.083974 0.083974 0.083974 0.083974 0.164560 0.085960 0.000000 0.083974 0.083974 0.000002 0.000014 0.164560 0.083974 0.083974 1.000000
0.083974 0.083974 0.083974 0.083974 0.083974 0.083974 0.083974 0.083974 0.083974 0.083974 0.164560 0.085960 0.000000 0.083974 0.083974 0.000002 0.000014 0.164560 0.083974 0.083974 1.000000
0.083974 0.083974 0.083974 0.083974 0.083974 0.083974 0.083974 0.083974 0.083974 0.083974 0.164560 0.085960 0.000000 0.083974 0.083974 0.000002 0.000014 0.164560 0.083974 0.083974 1.000000
0.083965 0.083965 0.083965 0.083965 0.083965 0.083965 0.083965 0.083965 0.000022 0.083965 0.164543 0.132908 0.000000 0.083965 0.083965 0.000006 0.000022 0.164543 0.083965 0.083965 1.000000
0.083974 0.083974 0.083974 0.083974 0.083974 0.083974 0.083974 0.083974 0.083974 0.083974 0.164560 0.085960 0.000000 0.083974 0.083974 0.000002 0.000014 0.164560 0.083974 0.083974 1.000000
0.083974 0.083974 0.083974 0.083974 0.083974 0.083974 0.083974 0.083974 0.083974 0.083974 0.164560 0.085960 0.000000 0.083974 0.083974 0.000002 0.000014 0.164560 0.083974 0.083974 1.000000
0.083974 0.083974 0.083974 0.083974 0.083974 0.083974 0.083974 0.083974 0.083974 0.083974 0.164560 0.085960 0.000000 0.083974 0.083974 0.000002 0.000014 0.164560 0.083974 0.083974 1.000000
0.083962 0.083962 0.083962 0.083962 0.083962 0.083962 0.083962 0.083962 0.083962 0.083962 0.164537 0.085948 0.000000 0.083962 0.083962 0.000002 0.000014 0.164537 0.067339 0.083962 1.000000
0.083974 0.083974 0.083974 0.083974 0.083974 0.083974 0.083974 0.083974 0.083974 0.083974 0.164560 0.085960 0.000000 0.083974 0.083974 0.000002 0.000014 0.164560 0.083974 0.083974 1.000000
0.083967 0.083967 0.083967 0.083967 0.083967 0.083967 0.083967 0.083967 0.083967 0.083967 0.164548 0.068945 0.000000 0.083967 0.083967 0.000002 0.000014 0.164548 0.083967 0.083967 1.000000
0.083974 0.083974 0.083974 0.083974 0.083974 0.083974 0.083974 0.083974 0.083974 0.083974 0.164560 0.085960 0.000000 0.083974 0.083974 0.000002 0.000014 0.164560 0.083974 0.083974 1.000000
0.083974 0.083974 0.083974 0.083974 0.083974 0.083974 0.083974 0.083974 0.083974 0.083974 0.164560 0.085960 0.000000 0.083974 0.083974 0.000002 0.000014 0.164560 0.083974 0.083974 1.000000
0.083974 0.083974 0.083974 0.083974 0.083974 0.083974 0.083974 0.083974 0.083974 0.083974 0.164560 0.085960 0.000000 0.083974 0.083974 0.000002 0.000014 0.164560 0.083974 0.083974 1.000000
0.083974 0.083974 0.083974 0.083974 0.083974 0.083974 0.083974 0.083974 0.083974 0.083974 0.164560 0.085960 0.000000 0.083974 0.083974 0.000002 0.000014 0.164560 0.083974 0.083974 1.000000
0.083974 0.083974 0.083974 0.083974 0.083974 0.083974 0.083974 0.083974 0.083974 0.083974 0.164560 0.085960 0.000000 0.083974 0.083974 0.000002 0.000014 0.164560 0.083974 0.083974 1.000000
0.083974 0.083974 0.083974 0.083974 0.083974 0.083974 0.083974 0.083974 0.083974 0.083974 0.164560 0.085960 0.000000 0.083974 0.083974 0.000002 0.000014 0.164560 0.083974 0.083974 1.000000
0.083974 0.083974 0.083974 0.083974 0.083974 0.083974 0.083974 0.083974 0.083974 0.083974 0.164560 0.085960 0.000000 0.083974 0.083974 0.000002 0.000014 0.164560 0.083974 0.083974 1.000000
0.083974 0.083974 0.083974 0.083974 0.083974 0.083974 0.083974 0.083974 0.083974 0.083974 0.164560 0.085960 0.000000 0.083974 0.083974 0.000002 0.000014 0.164560 0.083974 0.083974 1.000000
0.083974 0.083974 0.083974 0.083974 0.083974 0.083974 0.083974 0.083974 0.083974 0.083974 0.164560 0.085960 0.000000 0.083974 0.083974 0.000002 0.000014 0.164560 0.083974 0.083974 1.000000
0.083974 0.083974 0.083974 0.083974 0.083974 0.083974 0.083974 0.083974 0.083974 0.083974 0.164560 0.085960 0.000000 0.083974 0.083974 0.000002 0.000014 0.164560 0.083974 0.083974 1.000000
0.083974 0.083974 0.083974 0.083974 0.083974 0.083974 0.083974 0.083974 0.083974 0.083974 0.164560 0.085960 0.000000 0.083974 0.083974 0.000002 0.000014 0.164560 0.083974 0.083974 1.000000
0.083974 0.083974 0.083974 0.083974 0.083974 0.083974 0.083974 0.083974 0.083974 0.083974 0.164560 0.085960 0.000000 0.083974 0.083974 0.000002 0.000014 0.164560 0.083974 0.083974 1.000000
0.083974 0.083974 0.083974 0.083974 0.083974 0.083974 0.083974 0.083974 0.083974 0.083974 0.164560 0.085960 0.000000 0.083974 0.083974 0.000002 0.000014 0.164560 0.083974 0.083974 1.000000
0.083974 0.083974 0.083974 0.083974 0.083974 0.083974 0.083974 0.083974 0.083974 0.083974 0.164560 0.085960 0.000000 0.083974 0.083974 0.000002 0.000014 0.164560 0.083974 0.083974 1.000000
0.083974 0.083974 0.083974 0.083974 0.083974 0.083974 0.083974 0.083974 0.083974 0.083974 0.164560 0.085960 0.000000 0.083974 0.083974 0.000002 0.000014 0.164560 0.083974 0.083974 1.000000
0.083974 0.083974 0.083974 0.083974 0.083974 0.083974 0.083974 0.083974 0.083974 0.083974 0.164560 0.085960 0.000000 0.083974 0.083974 0.000002 0.000014 0.164560 0.083974 0.083974 1.000000
0.083974 0.083974 0.083974 0.083974 0.083974 0.083974 0.083974 0.083974 0.083974 0.083974 0.164560 0.085960 0.000000 0.083974 0.083974 0.000002 0.000014 0.164560 0.083974 0.083974 1.000000
0.083967 0.083967 0.083967 0.083967 0.083967 0.083967 0.083967 0.083967 0.083967 0.083967 0.164548 0.068945 0.000000 0.083967 0.083967 0.000002 0.000018 0.164548 0.083967 0.083967 1.000000
0.083974 0.083974 0.083974 0.083974 0.083974 0.083974 0.083974 0.083974 0.083974 0.083974 0.164560 0.085960 0.000000 0.083974 0.083974 0.000002 0.000014 0.164560 0.083974 0.083974 1.000000
0.083974 0.083974 0.083974 0.083974 0.083974 0.083974 0.083974 0.083974 0.083974 0.083974 0.164560 0.085960 0.000000 0.083974 0.083974 0.000002 0.000014 0.164560 0.083974 0.083974 1.000000
0.083974 0.083974 0.083974 0.083974 0.083974 0.083974 0.083974 0.083974 0.083974 0.083974 0.164560 0.085960 0.000000 0.083974 0.083974 0.000002 0.000014 0.164560 0.083974 0.083974 1.000000
0.083974 0.083974 0.083974 0.083974 0.083974 0.083974 0.083974 0.083974 0.083974 0.083974 0.164560 0.085960 0.000000 0.083974 0.083974 0.000002 0.000014 0.164560 0.083974 0.083974 1.000000
0.083974 0.083974 0.083974 0.083974 0.083974 0.083974 0.083974 0.083974 0.083974 0.083974 0.164560 0.085960 0.000000 0.083974 0.083974 0.000002 0.000014 0.164560 0.083974 0.083974 1.000000
0.083974 0.083974 0.083974 0.083974 0.083974 0.083974 0.083974 0.083974 0.083974 0.083974 0.164560 0.085960 0.000000 0.083974 0.083974 0.000002 0.000014 0.164560 0.083974 0.083974 1.000000
0.083974 0.083974 0.083974 0.083974 0.083974 0.083974 0.083974 0.083974 0.083974 0.083974 0.164560 0.085960 0.000000 0.083974 0.083974 0.000002 0.000014 0.164560 0.083974 0.083974 1.000000
0.083974 0.083974 0.083974 0.083974 0.083974 0.083974 0.083974 0.083974 0.083974 0.083974 0.164560 0.085960 0.000000 0.083974 0.083974 0.000002 0.000014 0.164560 0.083974 0.083974 1.000000
0.083974 0.083974 0.083974 0.083974 0.083974 0.083974 0.083974 0.083974 0.083974 0.083974 0.164560 0.085960 0.000000 0.083974 0.083974 0.000002 0.000014 0.164560 0.083974 0.083974 1.000000
0.083974 0.083974 0.083974 0.083974 0.083974 0.083974 0.083974 0.083974 0.083974 0.083974 0.164560 0.085960 0.000000 0.083974 0.083974 0.000002 0.000014 0.164560 0.083974 0.083974 1.000000
0.083974 0.083974 0.083974 0.083974 0.083974 0.083974 0.083974 0.083974 0.083974 0.083974 0.164560 0.085960 0.000000 0.083974 0.083974 0.000002 0.000014 0.164560 0.083974 0.083974 1.000000
0.083974 0.083974 0.083974 0.083974 0.083974 0.083974 0.083974 0.083974 0.083974 0.083974 0.164560 0.085960 0.000000 0.083974 0.083974 0.000002 0.000014 0.164560 0.083974 0.083974 1.000000
0.083974 0.083974 0.083974 0.083974 0.083974 0.083974 0.083974 0.083974 0.083974 0.083974 0.164560 0.085960 0.000000 0.083974 0.083974 0.000002 0.000014 0.164560 0.083974 0.083974 1.000000
0.083974 0.083974 0.083974 0.083974 0.083974 0.083974 0.083974 0.083974 0.083974 0.083974 0.164560 0.085960 0.000000 0.083974 0.083974 0.000002 0.000014 0.164560 0.083974 0.083974 1.000000
0.083974 0.083974 0.083974 0.083974 0.083974 0.083974 0.083974 0.083974 0.083974 0.083974 0.164560 0.085960 0.000000 0.083974 0.083974 0.000002 0.000014 0.164560 0.083974 0.083974 1.000000
0.083974 0.083974 0.083974 0.083974 0.083974 0.083974 0.083974 0.083974 0.083974 0.083974 0.164560 0.085960 0.000000 0.083974 0.083974 0.000002 0.000014 0.164560 0.083974 0.083974 1.000000
0.083974 0.083974 0.083974 0.083974 0.083974 0.083974 0.083974 0.083974 0.083974 0.083974 0.164560 0.085960 0.000000 0.083974 0.083974 0.000002 0.000014 0.164560 0.083974 0.083974 1.000000
0.083974 0.083974 0.083974 0.083974 0.083974 0.083974 0.083974 0.083974 0.083974 0.083974 0.164560 0.085960 0.000000 0.083974 0.083974 0.000002 0.000014 0.164560 0.083974 0.083974 1.000000
0.083974 0.083974 0.083974 0.083974 0.083974 0.083974 0.083974 0.083974 0.083974 0.083974 0.164560 0.085960 0.000000 0.083974 0.083974 0.000002 0.000014 0.164560 0.083974 0.083974 1.000000
0.083974 0.083974 0.083974 0.083974 0.083974 0.083974 0.083974 0.083974 0.083974 0.083974 0.164560 0.085960 0.000000 0.083974 0.083974 0.000002 0.000014 0.164560 0.083974 0.083974 1.000000
0.083974 0.083974 0.083974 0.083974 0.083974 0.083974 0.083974 0.083974 0.083974 0.083974 0.164560 0.085960 0.000000 0.083974 0.083974 0.000002 0.000014 0.164560 0.083974 0.083974 1.000000
0.083974 0.083974 0.083974 0.083974 0.083974 0.083974 0.083974 0.083974 0.083974 0.083974 0.164560 0.085960 0.000000 0.083974 0.083974 0.000002 0.000014 0.164560 0.083974 0.083974 1.000000
0.083974 0.083974 0.083974 0.083974 0.083974 0.083974 0.083974 0.083974 0.083974 0.083974 0.164560 0.085960 0.000000 0.083974 0.083974 0.000002 0.000014 0.164560 0.083974 0.083974 1.000000
0.083974 0.083974 0.083974 0.083974 0.083974 0.083974 0.083974 0.083974 0.083974 0.083974 0.164560 0.085960 0.000000 0.083974 0.083974 0.000002 0.000014 0.164560 0.083974 0.083974 1.000000
0.083974 0.083974 0.083974 0.083974 0.083974 0.083974 0.083974 0.083974 0.083974 0.083974 0.164560 0.085960 0.000000 0.083974 0.083974 0.000002 0.000014 0.164560 0.083974 0.083974 1.000000
0.083974 0.083974 0.083974 0.083974 0.083974 0.083974 0.083974 0.083974 0.083974 0.083974 0.164560 0.085960 0.000000 0.083974 0.083974 0.000002 0.000014 0.164560 0.083974 0.083974 1.000000
0.083974 0.083974 0.083974 0.083974 0.083974 0.083974 0.083974 0.083974 0.083974 0.083974 0.164560 0.085960 0.000000 0.083974 0.083974 0.000002 0.000014 0.164560 0.083974 0.083974 1.000000
0.083974 0.083974 0.083974 0.083974 0.083974 0.083974 0.083974 0.083974 0.083974 0.083974 0.164560 0.085960 0.000000 0.083974 0.083974 0.000002 0.000014 0.164560 0.083974 0.083974 1.000000
0.083974 0.083974 0.083974 0.083974 0.083974 0.083974 0.083974 0.083974 0.083974 0.083974 0.164560 0.085960 0.000000 0.083974 0.083974 0.000002 0.000014 0.164560 0.083974 0.083974 1.000000
0.083974 0.083974 0.083974 0.083974 0.083974 0.083974 0.083974 0.083974 0.083974 0.083974 0.164560 0.085960 0.000000 0.083974 0.083974 0.000002 0.000014 0.164560 0.083974 0.083974 1.000000
0.083974 0.083974 0.083974 0.083974 0.083974 0.083974 0.083974 0.083974 0.083974 0.083974 0.164560 0.085960 0.000000 0.083974 0.083974 0.000002 0.000014 0.164560 0.083974 0.083974 1.000000
0.083974 0.083974 0.083974 0.083974 0.083974 0.083974 0.083974 0.083974 0.083974 0.083974 0.164560 0.085960 0.000000 0.083974 0.083974 0.000002 0.000014 0.164560 0.083974 0.083974 1.000000
0.083974 0.083974 0.083974 0.083974 0.083974 0.083974 0.083974 0.083974 0.083974 0.083974 0.164560 0.085960 0.000000 0.083974 0.083974 0.000002 0.000014 0.164560 0.083974 0.083974 1.000000
0.083974 0.083974 0.083974 0.083974 0.083974 0.083974 0.083974 0.083974 0.083974 0.083974 0.164560 0.085960 0.000000 0.083974 0.083974 0.000002 0.000014 0.164560 0.083974 0.083974 1.000000
0.083974 0.083974 0.083974 0.083974 0.083974 0.083974 0.083974 0.083974 0.083974 0.083974 0.164560 0.085960 0.000000 0.083974 0.083974 0.000002 0.000014 0.164560 0.083974 0.083974 1.000000
0.083974 0.083974 0.083974 0.083974 0.083974 0.083974 0.083974 0.083974 0.083974 0.083974 0.164560 0.085960 0.000000 0.083974 0.083974 0.000002 0.000014 0.164560 0.083974 0.083974 1.000000
0.083974 0.083974 0.083974 0.083974 0.083974 0.083974 0.083974 0.083974 0.083974 0.083974 0.164560 0.085960 0.000000 0.083974 0.083974 0.000002 0.000014 0.164560 0.083974 0.083974 1.000000
0.083974 0.083974 0.083974 0.083974 0.083974 0.083974 0.083974 0.083974 0.083974 0.083974 0.164560 0.085960 0.000000 0.083974 0.083974 0.000002 0.000014 0.164560 0.083974 0.083974 1.000000
0.083974 0.083974 0.083974 0.083974 0.083974 0.083974 0.083974 0.083974 0.083974 0.083974 0.164560 0.085960 0.000000 0.083974 0.083974 0.000002 0.000014 0.164560 0.083974 0.083974 1.000000
0.083974 0.083974 0.083974 0.083974 0.083974 0.083974 0.083974 0.083974 0.083974 0.083974 0.164560 0.085960 0.000000 0.083974 0.083974 0.000002 0.000014 0.164560 0.083974 0.083974 1.000000
0.083974 0.083974 0.083974 0.083974 0.083974 0.083974 0.083974 0.083974 0.083974 0.083974 0.164560 0.085960 0.000000 0.083974 0.083974 0.000002 0.000014 0.164560 0.083974 0.083974 1.000000
0.083974 0.083974 0.083974 0.083974 0.083974 0.083974 0.083974 0.083974 0.083974 0.083974 0.164560 0.085960 0.000000 0.083974 0.083974 0.000002 0.000014 0.164560 0.083974 0.083974 1.000000
0.083974 0.083974 0.083974 0.083974 0.083974 0.083974 0.083974 0.083974 0.083974 0.083974 0.164560 0.085960 0.000000 0.083974 0.083974 0.000002 0.000014 0.164560 0.083974 0.083974 1.000000
0.083974 0.083974 0.083974 0.083974 0.083974 0.083974 0.083974 0.083974 0.083974 0.083974 0.164560 0.085960 0.000000 0.083974 0.083974 0.000002 0.000014 0.164560 0.083974 0.083974 1.000000
0.083974 0.083974 0.083974 0.083974 0.083974 0.083974 0.083974 0.083974 0.083974 0.083974 0.164560 0.085960 0.000000 0.083974 0.083974 0.000002 0.000014 0.164560 0.083974 0.083974 1.000000
0.083974 0.083974 0.083974 0.083974 0.083974 0.083974 0.083974 0.083974 0.083974 0.083974 0.164560 0.085960 0.000000 0.083974 0.083974 0.000002 0.000014 0.164560 0.083974 0.083974 1.000000
0.083974 0.083974 0.083974 0.083974 0.083974 0.083974 0.083974 0.083974 0.083974 0.083974 0.164560 0.085960 0.000000 0.083974 0.083974 0.000002 0.000014 0.164560 0.083974 0.083974 1.000000
0.083974 0.083974 0.083974 0.083974 0.083974 0.083974 0.083974 0.083974 0.083974 0.083974 0.164560 0.085960 0.000000 0.083974 0.083974 0.000002 0.000014 0.164560 0.083974 0.083974 1.000000
0.083974 0.083974 0.083974 0.083974 0.083974 0.083974 0.083974 0.083974 0.083974 0.083974 0.164560 0.085960 0.000000 0.083974 0.083974 0.000002 0.000014 0.164560 0.083974 0.083974 1.000000
0.083974 0.083974 0.083974 0.083974 0.083974 0.083974 0.083974 0.083974 0.083974 0.083974 0.164560 0.085960 0.000000 0.083974 0.083974 0.000002 0.000014 0.164560 0.083974 0.083974 1.000000
0.083974 0.083974 0.083974 0.083974 0.083974 0.083974 0.083974 0.083974 0.083974 0.083974 0.164560 0.085960 0.000000 0.083974 0.083974 0.000002 0.000014 0.164560 0.083974 0.083974 1.000000
0.083974 0.083974 0.083974 0.083974 0.083974 0.083974 0.083974 0.083974 0.083974 0.083974 0.164560 0.085960 0.000000 0.083974 0.083974 0.000002 0.000014 0.164560 0.083974 0.083974 1.000000
0.083974 0.083974 0.083974 0.083974 0.083974 0.083974 0.083974 0.083974 0.083974 0.083974 0.164560 0.085960 0.000000 0.083974 0.083974 0.000002 0.000014 0.164560 0.083974 0.083974 1.000000
0.083974 0.083974 0.083974 0.083974 0.083974 0.083974 0.083974 0.083974 0.083974 0.083974 0.164560 0.085960 0.000000 0.083974 0.083974 0.000002 0.000014 0.164560 0.083974 0.083974 1.000000
0.083974 0.083974 0.083974 0.083974 0.083974 0.083974 0.083974 0.083974 0.083974 0.083974 0.164560 0.085960 0.000000 0.083974 0.083974 0.000002 0.000014 0.164560 0.083974 0.083974 1.000000
0.083974 0.083974 0.083974 0.083974 0.083974 0.083974 0.083974 0.083974 0.083974 0.083974 0.164560 0.085960 0.000000 0.083974 0.083974 0.000002 0.000014 0.164560 0.083974 0.083974 1.000000
0.083974 0.083974 0.083974 0.083974 0.083974 0.083974 0.083974 0.083974 0.083974 0.083974 0.164560 0.085960 0.000000 0.083974 0.083974 0.000002 0.000014 0.164560 0.083974 0.083974 1.000000
0.083974 0.083974 0.083974 0.083974 0.083974 0.083974 0.083974 0.083974 0.083974 0.083974 0.164560 0.085960 0.000000 0.083974 0.083974 0.000002 0.000014 0.164560 0.083974 0.083974 1.000000
0.083974 0.083974 0.083974 0.083974 0.083974 0.083974 0.083974 0.083974 0.083974 0.083974 0.164560 0.085960 0.000000 0.083974 0.083974 0.000002 0.000014 0.164560 0.083974 0.083974 1.000000
0.083974 0.083974 0.083974 0.083974 0.083974 0.083974 0.083974 0.083974 0.083974 0.083974 0.164560 0.085960 0.000000 0.083974 0.083974 0.000002 0.000014 0.164560 0.083974 0.083974 1.000000
0.083974 0.083974 0.083974 0.083974 0.083974 0.083974 0.083974 0.083974 0.083974 0.083974 0.164560 0.085960 0.000000 0.083974 0.083974 0.000002 0.000014 0.164560 0.083974 0.083974 1.000000
0.083974 0.083974 0.083974 0.083974 0.083974 0.083974 0.083974 0.083974 0.083974 0.083974 0.164560 0.085960 0.000000 0.083974 0.083974 0.000002 0.000014 0.164560 0.083974 0.083974 1.000000
0.083974 0.083974 0.083974 0.083974 0.083974 0.083974 0.083974 0.083974 0.083974 0.083974 0.164560 0.085960 0.000000 0.083974 0.083974 0.000002 0.000014 0.164560 0.083974 0.083974 1.000000
0.083974 0.083974 0.083974 0.083974 0.083974 0.083974 0.083974 0.083974 0.083974 0.083974 0.164560 0.085960 0.000000 0.083974 0.083974 0.000002 0.000014 0.164560 0.083974 0.083974 1.000000
0.083974 0.083974 0.083974 0.083974 0.083974 0.083974 0.083974 0.083974 0.083974 0.083974 0.164560 0.085960 0.000000 0.083974 0.083974 0.000002 0.000014 0.164560 0.083974 0.083974 1.000000
0.083974 0.083974 0.083974 0.083974 0.083974 0.083974 0.083974 0.083974 0.083974 0.083974 0.164560 0.085960 0.000000 0.083974 0.083974 0.000002 0.000014 0.164560 0.083974 0.083974 1.000000
0.083974 0.083974 0.083974 0.083974 0.083974 0.083974 0.083974 0.083974 0.083974 0.083974 0.164560 0.085960 0.000000 0.083974 0.083974 0.000002 0.000014 0.164560 0.083974 0.083974 1.000000
0.083974 0.083974 0.083974 0.083974 0.083974 0.083974 0.083974 0.083974 0.083974 0.083974 0.164560 0.085960 0.000000 0.083974 0.083974 0.000002 0.000014 0.164560 0.083974 0.083974 1.000000
0.083974 0.083974 0.083974 0.083974 0.083974 0.083974 0.083974 0.083974 0.083974 0.083974 0.164560 0.085960 0.000000 0.083974 0.083974 0.000002 0.000014 0.164560 0.083974 0.083974 1.000000
0.083974 0.083974 0.083974 0.083974 0.083974 0.083974 0.083974 0.083974 0.083974 0.083974 0.164560 0.085960 0.000000 0.083974 0.083974 0.000002 0.000014 0.164560 0.083974 0.083974 1.000000
0.083974 0.083974 0.083974 0.083974 0.083974 0.083974 0.083974 0.083974 0.083974 0.083974 0.164560 0.085960 0.000000 0.083974 0.083974 0.000002 0.000014 0.164560 0.083974 0.083974 1.000000
0.083974 0.083974 0.083974 0.083974 0.083974 0.083974 0.083974 0.083974 0.083974 0.083974 0.164560 0.085960 0.000000 0.083974 0.083974 0.000002 0.000014 0.164560 0.083974 0.083974 1.000000
0.083974 0.083974 0.083974 0.083974 0.083974 0.083974 0.083974 0.083974 0.083974 0.083974 0.164560 0.085960 0.000000 0.083974 0.083974 0.000002 0.000014 0.164560 0.083974 0.083974 1.000000
0.083974 0.083974 0.083974 0.083974 0.083974 0.083974 0.083974 0.083974 0.083974 0.083974 0.164560 0.085960 0.000000 0.083974 0.083974 0.000002 0.000014 0.164560 0.083974 0.083974 1.000000
0.083974 0.083974 0.083974 0.083974 0.083974 0.083974 0.083974 0.083974 0.083974 0.083974 0.164560 0.085960 0.000000 0.083974 0.083974 0.000002 0.000014 0.164560 0.083974 0.083974 1.000000
0.083974 0.083974 0.083974 0.083974 0.083974 0.083974 0.083974 0.083974 0.083974 0.083974 0.164560 0.085960 0.000000 0.083974 0.083974 0.000002 0.000014 0.164560 0.083974 0.083974 1.000000
0.083974 0.083974 0.083974 0.083974 0.083974 0.083974 0.083974 0.083974 0.083974 0.083974 0.164560 0.085960 0.000000 0.083974 0.083974 0.000002 0.000014 0.164560 0.083974 0.083974 1.000000
0.083974 0.083974 0.083974 0.083974 0.083974 0.083974 0.083974 0.083974 0.083974 0.083974 0.164560 0.085960 0.000000 0.083974 0.083974 0.000002 0.000014 0.164560 0.083974 0.083974 1.000000
0.083974 0.083974 0.083974 0.083974 0.083974 0.083974 0.083974 0.083974 0.083974 0.083974 0.164560 0.085960 0.000000 0.083974 0.083974 0.000002 0.000014 0.164560 0.083974 0.083974 1.000000
0.083974 0.083974 0.083974 0.083974 0.083974 0.083974 0.083974 0.083974 0.083974 0.083974 0.164560 0.085960 0.000000 0.083974 0.083974 0.000002 0.000014 0.164560 0.083974 0.083974 1.000000
0.083974 0.083974 0.083974 0.083974 0.083974 0.083974 0.083974 0.083974 0.083974 0.083974 0.164560 0.085960 0.000000 0.083974 0.083974 0.000002 0.000014 0.164560 0.083974 0.083974 1.000000
0.083974 0.083974 0.083974 0.083974 0.083974 0.083974 0.083974 0.083974 0.083974 0.083974 0.164560 0.085960 0.000000 0.083974 0.083974 0.000002 0.000014 0.164560 0.083974 0.083974 1.000000
0.083974 0.083974 0.083974 0.083974 0.083974 0.083974 0.083974 0.083974 0.083974 0.083974 0.164560 0.085960 0.000000 0.083974 0.083974 0.000002 0.000014 0.164560 0.083974 0.083974 1.000000
0.083974 0.083974 0.083974 0.083974 0.083974 0.083974 0.083974 0.083974 0.083974 0.083974 0.164560 0.085960 0.000000 0.083974 0.083974 0.000002 0.000014 0.164560 0.083974 0.083974 1.000000
0.083974 0.083974 0.083974 0.083974 0.083974 0.083974 0.083974 0.083974 0.083974 0.083974 0.164560 0.085960 0.000000 0.083974 0.083974 0.000002 0.000014 0.164560 0.083974 0.083974 1.000000
0.083974 0.083974 0.083974 0.083974 0.083974 0.083974 0.083974 0.083974 0.083974 0.083974 0.164560 0.085960 0.000000 0.083974 0.083974 0.000002 0.000014 0.164560 0.083974 0.083974 1.000000
0.083974 0.083974 0.083974 0.083974 0.083974 0.083974 0.083974 0.083974 0.083974 0.083974 0.164560 0.085960 0.000000 0.083974 0.083974 0.000002 0.000014 0.164560 0.083974 0.083974 1.000000
0.083974 0.083974 0.083974 0.083974 0.083974 0.083974 0.083974 0.083974 0.083974 0.083974 0.164560 0.085960 0.000000 0.083974 0.083974 0.000002 0.000014 0.164560 0.083974 0.083974 1.000000
