0.000000 0.000000 0.000000 0.000000 0.000000 0.000000 0.000000 0.000000 0.000000 0.000000 0.000000 0.000000 0.000000 0.000000 0.000000 0.000000 0.000000 0.000000 0.000000 0.000000 0.000000
0.084179 0.084179 0.084179 0.084179 0.084179 0.084179 0.084179 0.084179 0.001909 0.001527 0.044362 0.035515 0.005826 0.000014 0.014221 0.000001 0.044362 0.035515 0.034684 0.022214 1.000000
0.084167 0.084167 0.084167 0.084167 0.084167 0.084167 0.084167 0.084167 0.005825 0.001527 0.014560 0.044355 0.005825 0.000625 0.000977 0.000002 0.035509 0.018198 0.005825 0.022210 1.000000
0.084167 0.084167 0.084167 0.084167 0.084167 0.084167 0.084167 0.084167 0.001909 0.001909 0.028420 0.035509 0.005825 0.000500 0.000977 0.000002 0.035509 0.022743 0.017771 0.017771 1.000000
0.084172 0.084172 0.084172 0.084172 0.084172 0.084172 0.084172 0.084172 0.009102 0.002386 0.035511 0.022744 0.003728 0.000009 0.043322 0.000006 0.011649 0.028422 0.009102 0.011376 1.000000
0.084182 0.084182 0.084182 0.084182 0.084182 0.084182 0.084182 0.084182 0.001909 0.001909 0.044363 0.035516 0.043327 0.000320 0.000782 0.000001 0.028425 0.044363 0.027760 0.002386 1.000000
0.084706 0.084706 0.084706 0.084706 0.084706 0.084706 0.084706 0.084706 0.002401 0.003752 0.044642 0.014654 0.000984 0.000787 0.022355 0.000002 0.055741 0.022891 0.014311 0.001537 1.000000
0.084187 0.084187 0.084187 0.084187 0.084187 0.084187 0.084187 0.084187 0.000978 0.005826 0.035518 0.055396 0.007283 0.000400 0.000782 0.000001 0.086178 0.028427 0.009103 0.017776 1.000000
0.084186 0.084186 0.084186 0.084186 0.084186 0.084186 0.084186 0.084186 0.001222 0.007283 0.086177 0.035517 0.001909 0.000067 0.027762 0.000002 0.035517 0.035517 0.009103 0.005826 1.000000
0.084167 0.084167 0.084167 0.084167 0.084167 0.084167 0.084167 0.084167 0.003728 0.002982 0.028420 0.044355 0.009101 0.000400 0.000500 0.000002 0.028420 0.028420 0.017772 0.007281 1.000000
0.084211 0.084211 0.084211 0.084211 0.084211 0.084211 0.084211 0.084211 0.000401 0.005828 0.133290 0.022755 0.011382 0.000028 0.022222 0.000002 0.055412 0.022755 0.007285 0.011382 1.000000
0.084163 0.084163 0.084163 0.084163 0.084163 0.084163 0.084163 0.084163 0.011375 0.000782 0.028419 0.011648 0.014218 0.000164 0.002386 0.000004 0.014559 0.035508 0.014218 0.007281 1.000000
0.084168 0.084168 0.084168 0.084168 0.084168 0.084168 0.084168 0.084168 0.003728 0.001527 0.044356 0.022743 0.017772 0.000400 0.000320 0.000002 0.014560 0.028421 0.017772 0.017772 1.000000
0.084190 0.084190 0.084190 0.084190 0.084190 0.084190 0.084190 0.084190 0.001527 0.000084 0.018203 0.028428 0.027763 0.000256 0.001909 0.000005 0.014564 0.018203 0.054108 0.054108 1.000000
0.084170 0.084170 0.084170 0.084170 0.084170 0.084170 0.084170 0.084170 0.001909 0.005825 0.044357 0.044357 0.003728 0.000164 0.001527 0.000005 0.011649 0.022744 0.009101 0.027756 1.000000
0.084699 0.084699 0.084699 0.084699 0.084699 0.084699 0.084699 0.084699 0.004690 0.004690 0.014653 0.035736 0.022352 0.001921 0.000165 0.000005 0.011723 0.018314 0.022352 0.001537 1.000000
0.084170 0.084170 0.084170 0.084170 0.084170 0.084170 0.084170 0.084170 0.009101 0.000977 0.011649 0.009320 0.004660 0.000782 0.000977 0.000001 0.055385 0.035511 0.009101 0.027756 1.000000
0.084165 0.084165 0.084165 0.084165 0.084165 0.084165 0.084165 0.084165 0.004660 0.011376 0.028420 0.009319 0.002982 0.004660 0.000782 0.000002 0.028420 0.044354 0.011376 0.000782 1.000000
0.084190 0.084190 0.084190 0.084190 0.084190 0.084190 0.084190 0.084190 0.002983 0.001527 0.022749 0.028428 0.003729 0.000256 0.000626 0.000003 0.009322 0.055398 0.067523 0.022216 1.000000
0.084162 0.084162 0.084162 0.084162 0.084162 0.084162 0.084162 0.084162 0.007281 0.003728 0.022741 0.028419 0.004660 0.000400 0.001909 0.000006 0.004772 0.035507 0.007281 0.007281 1.000000
0.084701 0.084701 0.084701 0.084701 0.084701 0.084701 0.084701 0.084701 0.004690 0.002401 0.035737 0.018315 0.017886 0.003002 0.000054 0.000002 0.028603 0.018315 0.027934 0.004690 1.000000
0.084699 0.084699 0.084699 0.084699 0.084699 0.084699 0.084699 0.084699 0.014310 0.003002 0.028602 0.018314 0.017885 0.000206 0.000504 0.000007 0.001259 0.028602 0.022352 0.005862 1.000000
0.084171 0.084171 0.084171 0.084171 0.084171 0.084171 0.084171 0.084171 0.001909 0.000977 0.044357 0.022744 0.022211 0.000256 0.001222 0.000002 0.028422 0.028422 0.027757 0.009102 1.000000
0.084190 0.084190 0.084190 0.084190 0.084190 0.084190 0.084190 0.084190 0.003729 0.001527 0.069129 0.028428 0.043331 0.000004 0.043331 0.000004 0.011652 0.018203 0.022216 0.003729 1.000000
0.084163 0.084163 0.084163 0.084163 0.084163 0.084163 0.084163 0.084163 0.007281 0.001909 0.018197 0.022742 0.009101 0.001527 0.000054 0.000009 0.028419 0.014559 0.017771 0.017771 1.000000
0.084175 0.084175 0.084175 0.084175 0.084175 0.084175 0.084175 0.084175 0.005826 0.000977 0.009320 0.018199 0.009102 0.000626 0.000256 0.000001 0.035513 0.044360 0.043324 0.022213 1.000000
0.084743 0.084743 0.084743 0.084743 0.084743 0.084743 0.084743 0.084743 0.000630 0.001922 0.044662 0.086747 0.043619 0.000504 0.000322 0.000001 0.044662 0.069585 0.034919 0.004692 1.000000
0.084229 0.084229 0.084229 0.084229 0.084229 0.084229 0.084229 0.084229 0.000978 0.001223 0.086221 0.035536 0.017785 0.000001 0.027776 0.000000 0.055424 0.086221 0.043352 0.054133 1.000000
0.084248 0.084248 0.084248 0.084248 0.084248 0.084248 0.084248 0.084248 0.000205 0.004665 0.055436 0.069176 0.003732 0.084248 0.000034 0.000002 0.009329 0.086240 0.067570 0.002388 1.000000
0.084760 0.084760 0.084760 0.084760 0.084760 0.084760 0.084760 0.084760 0.000403 0.004693 0.108003 0.035762 0.067983 0.000984 0.000085 0.000001 0.044671 0.069599 0.011457 0.011457 1.000000
0.084756 0.084756 0.084756 0.084756 0.084756 0.084756 0.084756 0.084756 0.000630 0.001922 0.107999 0.044669 0.007333 0.000028 0.003004 0.000002 0.018327 0.055774 0.027952 0.067980 1.000000
0.084251 0.084251 0.084251 0.084251 0.084251 0.084251 0.084251 0.084251 0.000205 0.001529 0.086244 0.107360 0.000978 0.084251 0.000084 0.000001 0.055439 0.044400 0.022233 0.022233 1.000000
0.084234 0.084234 0.084234 0.084234 0.084234 0.084234 0.084234 0.084234 0.000256 0.007287 0.069165 0.086226 0.007287 0.000014 0.017786 0.000000 0.069165 0.107339 0.007287 0.043355 1.000000
0.084256 0.084256 0.084256 0.084256 0.084256 0.084256 0.084256 0.084256 0.000978 0.000000 0.069183 0.044403 0.067577 0.084256 0.017790 0.000003 0.005971 0.044403 0.054150 0.043366 1.000000
0.084207 0.084207 0.084207 0.084207 0.084207 0.084207 0.084207 0.084207 0.000400 0.007285 0.055409 0.055409 0.009105 0.000256 0.000626 0.000001 0.055409 0.055409 0.067537 0.005828 1.000000
0.084242 0.084242 0.084242 0.084242 0.084242 0.084242 0.084242 0.084242 0.000256 0.000501 0.133338 0.069172 0.027780 0.000011 0.027780 0.000001 0.055433 0.055433 0.043359 0.022230 1.000000
0.084209 0.084209 0.084209 0.084209 0.084209 0.084209 0.084209 0.084209 0.011382 0.000626 0.069145 0.044378 0.027769 0.004662 0.002387 0.000001 0.018207 0.107308 0.034697 0.000022 1.000000
0.084270 0.084270 0.084270 0.084270 0.084270 0.084270 0.084270 0.084270 0.000321 0.002389 0.055451 0.107385 0.002389 0.067588 0.000004 0.000000 0.086263 0.086263 0.043373 0.054159 1.000000
0.084309 0.084309 0.084309 0.084309 0.084309 0.084309 0.084309 0.084309 0.000018 0.084309 0.107433 0.086303 0.017802 0.000018 0.011395 0.000001 0.011669 0.165191 0.034738 0.005835 1.000000
0.084745 0.084745 0.084745 0.084745 0.084745 0.084745 0.084745 0.084745 0.000322 0.003754 0.086749 0.055766 0.004693 0.000085 0.003003 0.000000 0.069587 0.055766 0.022365 0.043620 1.000000
0.084285 0.084285 0.084285 0.084285 0.084285 0.084285 0.084285 0.084285 0.000105 0.002987 0.165146 0.107403 0.054169 0.000043 0.011392 0.000001 0.044418 0.069207 0.034728 0.002389 1.000000
0.084811 0.084811 0.084811 0.084811 0.084811 0.084811 0.084811 0.084811 0.000207 0.000106 0.108067 0.134218 0.022383 0.000028 0.043654 0.000000 0.055810 0.086816 0.027970 0.043654 1.000000
0.084774 0.084774 0.084774 0.084774 0.084774 0.084774 0.084774 0.084774 0.000984 0.003004 0.044678 0.055785 0.000106 0.000504 0.003755 0.000001 0.011734 0.134161 0.054486 0.054486 1.000000
0.084810 0.084810 0.084810 0.084810 0.084810 0.084810 0.084810 0.084810 0.000323 0.003006 0.069641 0.166134 0.002404 0.000403 0.000403 0.000000 0.055810 0.069641 0.054509 0.043654 1.000000
0.084198 0.084198 0.084198 0.084198 0.084198 0.084198 0.084198 0.084198 0.000626 0.002387 0.069135 0.086189 0.022219 0.000018 0.014224 0.000002 0.018204 0.055403 0.022219 0.007284 1.000000
0.084247 0.084247 0.084247 0.084247 0.084247 0.084247 0.084247 0.084247 0.000501 0.009110 0.069176 0.044398 0.067570 0.005831 0.000001 0.000001 0.028448 0.107355 0.022232 0.067570 1.000000
0.084289 0.084289 0.084289 0.084289 0.084289 0.084289 0.084289 0.084289 0.000043 0.054172 0.069211 0.086283 0.043383 0.000043 0.084289 0.000000 0.069211 0.107409 0.043383 0.000067 1.000000
0.084222 0.084222 0.084222 0.084222 0.084222 0.084222 0.084222 0.084222 0.000105 0.034702 0.107323 0.069155 0.017783 0.022225 0.000205 0.000002 0.011656 0.086213 0.001528 0.002388 1.000000
0.084235 0.084235 0.084235 0.084235 0.084235 0.084235 0.084235 0.084235 0.001223 0.000043 0.086227 0.086227 0.017786 0.011385 0.000164 0.000000 0.107340 0.055428 0.034707 0.017786 1.000000
0.084295 0.084295 0.084295 0.084295 0.084295 0.084295 0.084295 0.084295 0.000164 0.004667 0.165165 0.086289 0.011393 0.000014 0.067608 0.000001 0.107416 0.044423 0.017799 0.004667 1.000000
0.084248 0.084248 0.084248 0.084248 0.084248 0.084248 0.084248 0.084248 0.084248 0.000105 0.055437 0.044398 0.004665 0.002985 0.000014 0.000000 0.044398 0.107357 0.034713 0.043362 1.000000
0.084323 0.084323 0.084323 0.084323 0.084323 0.084323 0.084323 0.084323 0.000004 0.000979 0.133463 0.107452 0.054194 0.001912 0.084323 0.000007 0.000055 0.107452 0.067631 0.002390 1.000000
0.084305 0.084305 0.084305 0.084305 0.084305 0.084305 0.084305 0.084305 0.000067 0.084305 0.133435 0.133435 0.017801 0.011395 0.000043 0.000007 0.000263 0.107429 0.003734 0.011395 1.000000
0.084359 0.084359 0.084359 0.084359 0.084359 0.084359 0.084359 0.084359 0.084359 0.000043 0.107496 0.133518 0.004671 0.000018 0.001224 0.000001 0.001959 0.133518 0.067659 0.084359 1.000000
0.084375 0.084375 0.084375 0.084375 0.084375 0.084375 0.084375 0.084375 0.000257 0.002392 0.165315 0.133543 0.067673 0.000502 0.000022 0.000006 0.000642 0.165315 0.054227 0.043428 1.000000
0.084824 0.084824 0.084824 0.084824 0.084824 0.084824 0.084824 0.084824 0.005871 0.000005 0.069652 0.069652 0.068035 0.000068 0.017912 0.000007 0.000028 0.134239 0.068035 0.068035 1.000000
0.084308 0.084308 0.084308 0.084308 0.084308 0.084308 0.084308 0.084308 0.014243 0.084308 0.005975 0.086302 0.054184 0.000000 0.002390 0.000006 0.000001 0.133440 0.067619 0.067619 1.000000
0.084283 0.084283 0.084283 0.084283 0.084283 0.084283 0.084283 0.084283 0.000084 0.014239 0.133401 0.133401 0.003733 0.000105 0.004667 0.000000 0.044417 0.107401 0.007291 0.043380 1.000000
0.084288 0.084288 0.084288 0.084288 0.084288 0.084288 0.084288 0.084288 0.000067 0.034730 0.133409 0.069210 0.014240 0.007292 0.000034 0.000000 0.055463 0.133409 0.067603 0.001529 1.000000
0.084379 0.084379 0.084379 0.084379 0.084379 0.084379 0.084379 0.084379 0.000001 0.084379 0.069284 0.165322 0.054230 0.084379 0.000007 0.000007 0.000028 0.107521 0.067676 0.054230 1.000000
0.084292 0.084292 0.084292 0.084292 0.084292 0.084292 0.084292 0.084292 0.004667 0.004667 0.069213 0.133415 0.043385 0.002390 0.067606 0.000007 0.000028 0.133415 0.043385 0.000001 1.000000
0.084285 0.084285 0.084285 0.084285 0.084285 0.084285 0.084285 0.084285 0.007291 0.002987 0.133403 0.086278 0.022242 0.000001 0.043381 0.000007 0.000014 0.133403 0.054169 0.011392 1.000000
0.084815 0.084815 0.084815 0.084815 0.084815 0.084815 0.084815 0.084815 0.004696 0.011465 0.035786 0.134225 0.068027 0.000068 0.068027 0.000007 0.000023 0.108073 0.000022 0.034949 1.000000
0.084900 0.084900 0.084900 0.084900 0.084900 0.084900 0.084900 0.084900 0.084900 0.007345 0.134356 0.134356 0.011476 0.000000 0.043701 0.000000 0.002465 0.134356 0.084900 0.007345 1.000000
0.084278 0.084278 0.084278 0.084278 0.084278 0.084278 0.084278 0.084278 0.001911 0.000979 0.028458 0.107394 0.000043 0.000205 0.067594 0.000006 0.000328 0.107394 0.067594 0.067594 1.000000
0.084378 0.084378 0.084378 0.084378 0.084378 0.084378 0.084378 0.084378 0.000043 0.000014 0.133547 0.133547 0.084378 0.027826 0.084378 0.000002 0.007475 0.133547 0.067675 0.000084 1.000000
0.084316 0.084316 0.084316 0.084316 0.084316 0.084316 0.084316 0.084316 0.084316 0.000028 0.018230 0.055482 0.054189 0.000000 0.054189 0.000005 0.000411 0.133452 0.054189 0.084316 1.000000
0.084339 0.084339 0.084339 0.084339 0.084339 0.084339 0.084339 0.084339 0.000257 0.000979 0.133487 0.133487 0.022256 0.000034 0.000627 0.000004 0.003060 0.107471 0.084339 0.084339 1.000000
0.084289 0.084289 0.084289 0.084289 0.084289 0.084289 0.084289 0.084289 0.007292 0.000401 0.069210 0.133410 0.034730 0.000028 0.001223 0.000007 0.000018 0.133410 0.043383 0.067603 1.000000
0.084432 0.084432 0.084432 0.084432 0.084432 0.084432 0.084432 0.084432 0.000014 0.043458 0.165423 0.086429 0.084432 0.000001 0.002394 0.000000 0.107590 0.165423 0.067719 0.084432 1.000000
0.084363 0.084363 0.084363 0.084363 0.084363 0.084363 0.084363 0.084363 0.000131 0.001225 0.133525 0.133525 0.054220 0.000131 0.000502 0.000000 0.165293 0.055513 0.084363 0.014252 1.000000
0.084326 0.084326 0.084326 0.084326 0.084326 0.084326 0.084326 0.084326 0.000001 0.067633 0.133467 0.055488 0.002391 0.000043 0.084326 0.000000 0.069241 0.107455 0.027808 0.067633 1.000000
0.084273 0.084273 0.084273 0.084273 0.084273 0.084273 0.084273 0.084273 0.005832 0.000783 0.055453 0.086266 0.054161 0.000001 0.054161 0.000006 0.000044 0.133386 0.067591 0.011390 1.000000
0.084369 0.084369 0.084369 0.084369 0.084369 0.084369 0.084369 0.084369 0.084369 0.000401 0.069276 0.165303 0.054223 0.000000 0.067667 0.000007 0.000004 0.133533 0.043424 0.054223 1.000000
0.084812 0.084812 0.084812 0.084812 0.084812 0.084812 0.084812 0.084812 0.000043 0.027971 0.069642 0.108069 0.005870 0.084812 0.000106 0.000001 0.028641 0.108069 0.054510 0.000323 1.000000
0.084298 0.084298 0.084298 0.084298 0.084298 0.084298 0.084298 0.084298 0.017800 0.000979 0.133425 0.107420 0.067611 0.000979 0.000043 0.000007 0.000004 0.107420 0.067611 0.005834 1.000000
0.084376 0.084376 0.084376 0.084376 0.084376 0.084376 0.084376 0.084376 0.003737 0.000000 0.086371 0.165316 0.067673 0.043428 0.084376 0.000007 0.000023 0.107518 0.067673 0.067673 1.000000
0.084897 0.084897 0.084897 0.084897 0.084897 0.084897 0.084897 0.084897 0.000323 0.084897 0.134352 0.134352 0.000258 0.034984 0.000009 0.000006 0.000015 0.134352 0.068094 0.054566 1.000000
0.084440 0.084440 0.084440 0.084440 0.084440 0.084440 0.084440 0.084440 0.084440 0.000054 0.165437 0.165437 0.084440 0.000981 0.000001 0.000000 0.009350 0.107599 0.067725 0.084440 1.000000
0.084416 0.084416 0.084416 0.084416 0.084416 0.084416 0.084416 0.084416 0.084416 0.000007 0.086413 0.165393 0.000000 0.084416 0.084416 0.000000 0.018252 0.086413 0.067706 0.084416 1.000000
0.084430 0.084430 0.084430 0.084430 0.084430 0.084430 0.084430 0.084430 0.002992 0.000001 0.165418 0.165418 0.084430 0.000067 0.084430 0.000006 0.000044 0.133628 0.067717 0.043456 1.000000
0.084379 0.084379 0.084379 0.084379 0.084379 0.084379 0.084379 0.084379 0.084379 0.000034 0.165323 0.133550 0.067676 0.000007 0.009124 0.000007 0.000001 0.107522 0.067676 0.043430 1.000000
0.084901 0.084901 0.084901 0.084901 0.084901 0.084901 0.084901 0.084901 0.054568 0.000018 0.108181 0.108181 0.054568 0.000000 0.054568 0.000000 0.011752 0.166304 0.068097 0.068097 1.000000
0.084446 0.084446 0.084446 0.084446 0.084446 0.084446 0.084446 0.084446 0.084446 0.084446 0.165449 0.165449 0.000018 0.014267 0.000004 0.000001 0.000014 0.165449 0.054273 0.043465 1.000000
0.084414 0.084414 0.084414 0.084414 0.084414 0.084414 0.084414 0.084414 0.000206 0.084414 0.133604 0.165389 0.034782 0.000002 0.000980 0.000007 0.000014 0.165389 0.067704 0.067704 1.000000
0.084359 0.084359 0.084359 0.084359 0.084359 0.084359 0.084359 0.084359 0.084359 0.000784 0.107497 0.107497 0.054217 0.011402 0.000002 0.000007 0.000012 0.165286 0.084359 0.001224 1.000000
0.084433 0.084433 0.084433 0.084433 0.084433 0.084433 0.084433 0.084433 0.001532 0.005844 0.165425 0.165425 0.000000 0.084433 0.002992 0.000006 0.000028 0.133633 0.084433 0.084433 1.000000
0.084432 0.084432 0.084432 0.084432 0.084432 0.084432 0.084432 0.084432 0.084432 0.000011 0.165422 0.133631 0.084432 0.084432 0.000001 0.000002 0.000803 0.133631 0.067718 0.005844 1.000000
0.084340 0.084340 0.084340 0.084340 0.084340 0.084340 0.084340 0.084340 0.084340 0.000783 0.069252 0.107472 0.084340 0.009120 0.084340 0.000006 0.000028 0.133488 0.000011 0.000205 1.000000
0.084449 0.084449 0.084449 0.084449 0.084449 0.084449 0.084449 0.084449 0.084449 0.000000 0.055570 0.107611 0.084449 0.084449 0.067733 0.000005 0.000023 0.165455 0.084449 0.084449 1.000000
0.084404 0.084404 0.084404 0.084404 0.084404 0.084404 0.084404 0.084404 0.084404 0.084404 0.069305 0.133588 0.067696 0.000001 0.027834 0.000006 0.000000 0.165369 0.084404 0.000105 1.000000
0.084459 0.084459 0.084459 0.084459 0.084459 0.084459 0.084459 0.084459 0.000014 0.000000 0.133673 0.165473 0.067740 0.084459 0.084459 0.000000 0.086456 0.133673 0.084459 0.043471 1.000000
0.084409 0.084409 0.084409 0.084409 0.084409 0.084409 0.084409 0.084409 0.000164 0.084409 0.086405 0.133596 0.084409 0.084409 0.000000 0.000002 0.005982 0.165379 0.067700 0.022275 1.000000
0.084352 0.084352 0.084352 0.084352 0.084352 0.084352 0.084352 0.084352 0.005838 0.000000 0.086346 0.133507 0.014250 0.084352 0.067654 0.000006 0.000028 0.133507 0.067654 0.054212 1.000000
0.084936 0.084936 0.084936 0.084936 0.084936 0.084936 0.084936 0.084936 0.005879 0.084936 0.166370 0.108225 0.000000 0.035000 0.084936 0.000007 0.000002 0.086944 0.084936 0.068125 1.000000
0.084291 0.084291 0.084291 0.084291 0.084291 0.084291 0.084291 0.084291 0.000979 0.000979 0.107411 0.055465 0.004667 0.000002 0.084291 0.000005 0.001253 0.107411 0.084291 0.034731 1.000000
0.084376 0.084376 0.084376 0.084376 0.084376 0.084376 0.084376 0.084376 0.084376 0.000257 0.165317 0.165317 0.017816 0.000257 0.000054 0.000005 0.000012 0.107518 0.067674 0.027825 1.000000
0.083987 0.083987 0.083987 0.083987 0.083987 0.083987 0.083987 0.083987 0.083987 0.083987 0.132941 0.164584 0.083987 0.000000 0.083987 0.000005 0.000001 0.164584 0.083987 0.067360 1.000000
0.084398 0.084398 0.084398 0.084398 0.084398 0.084398 0.084398 0.084398 0.000007 0.054242 0.165358 0.107546 0.084398 0.000164 0.001225 0.000001 0.011681 0.165358 0.001225 0.084398 1.000000
0.084478 0.084478 0.084478 0.084478 0.084478 0.084478 0.084478 0.084478 0.000022 0.000000 0.165509 0.165509 0.084478 0.084478 0.084478 0.000001 0.022828 0.086476 0.084478 0.084478 1.000000
0.084943 0.084943 0.084943 0.084943 0.084943 0.084943 0.084943 0.084943 0.084943 0.000035 0.108234 0.166383 0.068130 0.084943 0.000006 0.000005 0.000028 0.134423 0.068130 0.000986 1.000000
0.084010 0.084010 0.084010 0.084010 0.084010 0.084010 0.084010 0.084010 0.084010 0.084010 0.164628 0.164628 0.084010 0.000000 0.084010 0.000004 0.000001 0.164628 0.067378 0.084010 1.000000
0.084488 0.084488 0.084488 0.084488 0.084488 0.084488 0.084488 0.084488 0.084488 0.000000 0.086486 0.133718 0.084488 0.084488 0.084488 0.000005 0.000028 0.165527 0.084488 0.084488 1.000000
0.084491 0.084491 0.084491 0.084491 0.084491 0.084491 0.084491 0.084491 0.000067 0.084491 0.165533 0.165533 0.000105 0.084491 0.000014 0.000007 0.000018 0.165533 0.084491 0.084491 1.000000
0.084491 0.084491 0.084491 0.084491 0.084491 0.084491 0.084491 0.084491 0.084491 0.084491 0.165533 0.165533 0.001226 0.000043 0.000011 0.000003 0.000001 0.165533 0.084491 0.084491 1.000000
0.084002 0.084002 0.084002 0.084002 0.084002 0.084002 0.084002 0.084002 0.084002 0.084002 0.164613 0.164613 0.000000 0.084002 0.084002 0.000000 0.000409 0.164613 0.053986 0.084002 1.000000
0.084432 0.084432 0.084432 0.084432 0.084432 0.084432 0.084432 0.084432 0.067718 0.000321 0.133631 0.133631 0.084432 0.084432 0.000132 0.000006 0.000000 0.165422 0.084432 0.000257 1.000000
0.084409 0.084409 0.084409 0.084409 0.084409 0.084409 0.084409 0.084409 0.067700 0.007302 0.133595 0.133595 0.002393 0.084409 0.084409 0.000006 0.000000 0.133595 0.084409 0.000000 1.000000
0.084455 0.084455 0.084455 0.084455 0.084455 0.084455 0.084455 0.084455 0.000132 0.084455 0.133667 0.133667 0.084455 0.000000 0.084455 0.000007 0.000023 0.133667 0.084455 0.084455 1.000000
0.083965 0.083965 0.083965 0.083965 0.083965 0.083965 0.083965 0.083965 0.083965 0.000054 0.132908 0.164543 0.083965 0.000000 0.083965 0.000006 0.000035 0.164543 0.083965 0.083965 1.000000
0.084428 0.084428 0.084428 0.084428 0.084428 0.084428 0.084428 0.084428 0.000257 0.084428 0.165416 0.165416 0.014264 0.000000 0.067716 0.000006 0.000023 0.107584 0.084428 0.067716 1.000000
0.084479 0.084479 0.084479 0.084479 0.084479 0.084479 0.084479 0.084479 0.084479 0.000981 0.165510 0.165510 0.084479 0.001226 0.000001 0.000006 0.000000 0.165510 0.067756 0.084479 1.000000
0.083964 0.083964 0.083964 0.083964 0.083964 0.083964 0.083964 0.083964 0.083964 0.067341 0.164541 0.164541 0.000054 0.000014 0.067341 0.000007 0.000000 0.164541 0.083964 0.083964 1.000000
0.084426 0.084426 0.084426 0.084426 0.084426 0.084426 0.084426 0.084426 0.067714 0.084426 0.044493 0.133623 0.084426 0.084426 0.000043 0.000007 0.000000 0.133623 0.067714 0.084426 1.000000
0.084479 0.084479 0.084479 0.084479 0.084479 0.084479 0.084479 0.084479 0.084479 0.000206 0.165510 0.165510 0.084479 0.002994 0.000000 0.000005 0.000018 0.165510 0.067756 0.084479 1.000000
0.083988 0.083988 0.083988 0.083988 0.083988 0.083988 0.083988 0.083988 0.083988 0.083988 0.164587 0.164587 0.083988 0.083988 0.083988 0.000000 0.000055 0.164587 0.002976 0.000000 1.000000
0.083999 0.083999 0.083999 0.083999 0.083999 0.083999 0.083999 0.083999 0.083999 0.083999 0.132960 0.164607 0.083999 0.000000 0.083999 0.000000 0.000000 0.164607 0.083999 0.083999 1.000000
0.083964 0.083964 0.083964 0.083964 0.083964 0.083964 0.083964 0.083964 0.083964 0.083964 0.164541 0.132906 0.067341 0.000034 0.083964 0.000006 0.000000 0.132906 0.083964 0.083964 1.000000
0.084479 0.084479 0.084479 0.084479 0.084479 0.084479 0.084479 0.084479 0.084479 0.005847 0.165511 0.165511 0.067756 0.000007 0.005847 0.000006 0.000000 0.165511 0.084479 0.084479 1.000000
0.084464 0.084464 0.084464 0.084464 0.084464 0.084464 0.084464 0.084464 0.084464 0.084464 0.086462 0.165483 0.084464 0.000001 0.084464 0.000001 0.000028 0.165483 0.067745 0.000007 1.000000
0.083966 0.083966 0.083966 0.083966 0.083966 0.083966 0.083966 0.083966 0.083966 0.083966 0.164546 0.164546 0.017728 0.000000 0.083966 0.000001 0.000028 0.132910 0.083966 0.083966 1.000000
0.084467 0.084467 0.084467 0.084467 0.084467 0.084467 0.084467 0.084467 0.067747 0.084467 0.165489 0.133686 0.022291 0.000000 0.067747 0.000006 0.000000 0.165489 0.067747 0.084467 1.000000
0.084413 0.084413 0.084413 0.084413 0.084413 0.084413 0.084413 0.084413 0.000000 0.084413 0.035614 0.133602 0.043447 0.000067 0.084413 0.000007 0.000018 0.165386 0.084413 0.084413 0.336656
0.084002 0.084002 0.084002 0.084002 0.084002 0.084002 0.084002 0.084002 0.084002 0.084002 0.164613 0.164613 0.053985 0.000000 0.084002 0.000001 0.000022 0.164613 0.084002 0.084002 1.000000
0.083976 0.083976 0.083976 0.083976 0.083976 0.083976 0.083976 0.083976 0.083976 0.000000 0.164564 0.164564 0.083976 0.083976 0.005812 0.000007 0.000001 0.164564 0.067351 0.083976 1.000000
0.084022 0.084022 0.084022 0.084022 0.084022 0.084022 0.084022 0.084022 0.084022 0.084022 0.164651 0.164651 0.084022 0.000027 0.084022 0.000006 0.000000 0.164651 0.084022 0.084022 1.000000
0.084487 0.084487 0.084487 0.084487 0.084487 0.084487 0.084487 0.084487 0.084487 0.084487 0.107658 0.165525 0.000084 0.084487 0.084487 0.000001 0.000018 0.165525 0.000000 0.084487 1.000000
0.084452 0.084452 0.084452 0.084452 0.084452 0.084452 0.084452 0.084452 0.084452 0.084452 0.107614 0.165460 0.001226 0.084452 0.000000 0.000001 0.000018 0.165460 0.000981 0.084452 0.339695
0.084462 0.084462 0.084462 0.084462 0.084462 0.084462 0.084462 0.084462 0.084462 0.000001 0.044512 0.133678 0.084462 0.084462 0.067743 0.000007 0.000000 0.165479 0.084462 0.084462 0.336330
0.083988 0.083988 0.083988 0.083988 0.083988 0.083988 0.083988 0.083988 0.083988 0.083988 0.164587 0.164587 0.000011 0.083988 0.000002 0.000006 0.000000 0.164587 0.083988 0.083988 1.000000
0.084453 0.084453 0.084453 0.084453 0.084453 0.084453 0.084453 0.084453 0.084453 0.084453 0.086450 0.133664 0.000981 0.084453 0.084453 0.000006 0.000000 0.165462 0.000000 0.084453 1.000000
0.084463 0.084463 0.084463 0.084463 0.084463 0.084463 0.084463 0.084463 0.084463 0.000000 0.086460 0.165481 0.067744 0.084463 0.084463 0.000006 0.000023 0.133679 0.067744 0.084463 0.339629
0.084474 0.084474 0.084474 0.084474 0.084474 0.084474 0.084474 0.084474 0.084474 0.084474 0.044519 0.165502 0.000035 0.084474 0.084474 0.000006 0.000000 0.133697 0.084474 0.084474 0.338850
0.083971 0.083971 0.083971 0.083971 0.083971 0.083971 0.083971 0.083971 0.083971 0.083971 0.164554 0.164554 0.083971 0.000027 0.083971 0.000006 0.000000 0.132917 0.034597 0.083971 1.000000
0.083987 0.083987 0.083987 0.083987 0.083987 0.083987 0.083987 0.083987 0.083987 0.083987 0.132941 0.164584 0.083987 0.083987 0.000000 0.000001 0.000012 0.164584 0.067360 0.083987 0.339279
0.083984 0.083984 0.083984 0.083984 0.083984 0.083984 0.083984 0.083984 0.083984 0.000000 0.107023 0.164579 0.083984 0.083984 0.083984 0.000001 0.003047 0.164579 0.083984 0.083984 1.000000
0.084500 0.084500 0.084500 0.084500 0.084500 0.084500 0.084500 0.084500 0.084500 0.084500 0.165551 0.165551 0.001916 0.000000 0.084500 0.000004 0.000002 0.165551 0.043493 0.084500 1.000000
0.083984 0.083984 0.083984 0.083984 0.083984 0.083984 0.083984 0.083984 0.083984 0.083984 0.164579 0.164579 0.083984 0.083984 0.000003 0.000006 0.000000 0.107023 0.083984 0.083984 1.000000
0.083988 0.083988 0.083988 0.083988 0.083988 0.083988 0.083988 0.083988 0.000000 0.083988 0.164587 0.164587 0.083988 0.083988 0.083988 0.000006 0.000000 0.164587 0.083988 0.002381 1.000000
0.083964 0.083964 0.083964 0.083964 0.083964 0.083964 0.083964 0.083964 0.083964 0.083964 0.132906 0.132906 0.083964 0.083964 0.000000 0.000000 0.000639 0.164541 0.083964 0.067341 1.000000
0.084403 0.084403 0.084403 0.084403 0.084403 0.084403 0.084403 0.084403 0.000401 0.084403 0.165367 0.133586 0.007302 0.084403 0.000000 0.000006 0.028501 0.000044 0.084403 0.084403 1.000000
0.084492 0.084492 0.084492 0.084492 0.084492 0.084492 0.084492 0.084492 0.084492 0.084492 0.107665 0.165536 0.084492 0.034815 0.084492 0.000005 0.000000 0.165536 0.000000 0.084492 1.000000
0.083988 0.083988 0.083988 0.083988 0.083988 0.083988 0.083988 0.083988 0.083988 0.083988 0.164587 0.164587 0.000034 0.083988 0.000002 0.000007 0.000000 0.164587 0.083988 0.083988 0.336073
0.084429 0.084429 0.084429 0.084429 0.084429 0.084429 0.084429 0.084429 0.084429 0.084429 0.044495 0.165417 0.009130 0.084429 0.000627 0.000002 0.000018 0.165417 0.084429 0.000000 1.000000
0.084022 0.084022 0.084022 0.084022 0.084022 0.084022 0.084022 0.084022 0.084022 0.084022 0.164651 0.164651 0.084022 0.000000 0.084022 0.000007 0.000000 0.164651 0.084022 0.084022 1.000000
0.084010 0.084010 0.084010 0.084010 0.084010 0.084010 0.084010 0.084010 0.067378 0.084010 0.164628 0.164628 0.084010 0.000034 0.084010 0.000006 0.000000 0.164628 0.084010 0.084010 1.000000
0.083988 0.083988 0.083988 0.083988 0.083988 0.083988 0.083988 0.083988 0.083988 0.000054 0.164587 0.164587 0.083988 0.000000 0.083988 0.000005 0.000035 0.164587 0.083988 0.083988 1.000000
0.084478 0.084478 0.084478 0.084478 0.084478 0.084478 0.084478 0.084478 0.084478 0.011418 0.165509 0.165509 0.084478 0.000000 0.067756 0.000006 0.000000 0.133703 0.084478 0.067756 1.000000
0.084408 0.084408 0.084408 0.084408 0.084408 0.084408 0.084408 0.084408 0.084408 0.000000 0.035612 0.107559 0.084408 0.084408 0.084408 0.000007 0.000000 0.133595 0.084408 0.043445 1.000000
0.083984 0.083984 0.083984 0.083984 0.083984 0.083984 0.083984 0.083984 0.083984 0.083984 0.107023 0.164579 0.083984 0.083984 0.083984 0.000006 0.000000 0.164579 0.000000 0.083984 0.948737
0.083965 0.083965 0.083965 0.083965 0.083965 0.083965 0.083965 0.083965 0.083965 0.083965 0.132908 0.164543 0.083965 0.083965 0.000164 0.000001 0.000022 0.164543 0.083965 0.000000 1.000000
0.084022 0.084022 0.084022 0.084022 0.084022 0.084022 0.084022 0.084022 0.084022 0.084022 0.164651 0.164651 0.084022 0.000000 0.084022 0.000001 0.000022 0.164651 0.084022 0.084022 1.000000
0.083974 0.083974 0.083974 0.083974 0.083974 0.083974 0.083974 0.083974 0.083974 0.000001 0.085960 0.164560 0.083974 0.083974 0.083974 0.000006 0.000000 0.164560 0.083974 0.083974 1.000000
0.083999 0.083999 0.083999 0.083999 0.083999 0.083999 0.083999 0.083999 0.083999 0.083999 0.132960 0.164607 0.083999 0.083999 0.000000 0.000004 0.000002 0.164607 0.083999 0.083999 0.335991
0.083960 0.083960 0.083960 0.083960 0.083960 0.083960 0.083960 0.083960 0.000105 0.083960 0.164533 0.164533 0.083960 0.000000 0.034593 0.000006 0.000002 0.164533 0.083960 0.083960 1.000000
0.084481 0.084481 0.084481 0.084481 0.084481 0.084481 0.084481 0.084481 0.084481 0.000000 0.000055 0.165514 0.084481 0.084481 0.084481 0.000007 0.000000 0.165514 0.067758 0.084481 1.000000
0.084022 0.084022 0.084022 0.084022 0.084022 0.084022 0.084022 0.084022 0.084022 0.084022 0.164651 0.164651 0.084022 0.000027 0.084022 0.000006 0.000000 0.164651 0.084022 0.084022 0.335906
0.084022 0.084022 0.084022 0.084022 0.084022 0.084022 0.084022 0.084022 0.084022 0.084022 0.164651 0.164651 0.084022 0.000027 0.084022 0.000006 0.000000 0.164651 0.084022 0.084022 1.000000
0.083984 0.083984 0.083984 0.083984 0.083984 0.083984 0.083984 0.083984 0.083984 0.083984 0.164579 0.107023 0.083984 0.000000 0.083984 0.000002 0.000009 0.164579 0.083984 0.083984 1.000000
0.084488 0.084488 0.084488 0.084488 0.084488 0.084488 0.084488 0.084488 0.084488 0.084488 0.165528 0.165528 0.084488 0.084488 0.017840 0.000006 0.000000 0.107660 0.084488 0.000000 0.333058
0.083999 0.083999 0.083999 0.083999 0.083999 0.083999 0.083999 0.083999 0.083999 0.083999 0.164607 0.132960 0.083999 0.000027 0.083999 0.000007 0.000000 0.164607 0.083999 0.083999 0.336045
0.084461 0.084461 0.084461 0.084461 0.084461 0.084461 0.084461 0.084461 0.084461 0.084461 0.133676 0.165477 0.000257 0.084461 0.034802 0.000001 0.000023 0.165477 0.067742 0.000000 0.348826
0.083976 0.083976 0.083976 0.083976 0.083976 0.083976 0.083976 0.083976 0.083976 0.000018 0.164564 0.164564 0.083976 0.083976 0.067351 0.000005 0.000014 0.164564 0.083976 0.000000 1.000000
0.084022 0.084022 0.084022 0.084022 0.084022 0.084022 0.084022 0.084022 0.084022 0.084022 0.164651 0.164651 0.084022 0.084022 0.000000 0.000001 0.000012 0.164651 0.084022 0.084022 0.342378
0.084022 0.084022 0.084022 0.084022 0.084022 0.084022 0.084022 0.084022 0.084022 0.084022 0.164651 0.164651 0.084022 0.000027 0.084022 0.000006 0.000000 0.164651 0.084022 0.084022 0.334242
0.083988 0.083988 0.083988 0.083988 0.083988 0.083988 0.083988 0.083988 0.083988 0.083988 0.164587 0.164587 0.000320 0.083988 0.000067 0.000007 0.000000 0.164587 0.083988 0.083988 0.339305
0.083999 0.083999 0.083999 0.083999 0.083999 0.083999 0.083999 0.083999 0.083999 0.083999 0.132960 0.164607 0.083999 0.000027 0.083999 0.000007 0.000000 0.164607 0.083999 0.083999 0.336045
0.083988 0.083988 0.083988 0.083988 0.083988 0.083988 0.083988 0.083988 0.083988 0.083988 0.164587 0.164587 0.083988 0.000034 0.000000 0.000006 0.000000 0.164587 0.083988 0.083988 0.351754
0.083976 0.083976 0.083976 0.083976 0.083976 0.083976 0.083976 0.083976 0.083976 0.083976 0.164564 0.164564 0.000000 0.083976 0.000131 0.000001 0.000022 0.164564 0.067351 0.083976 1.000000
0.084022 0.084022 0.084022 0.084022 0.084022 0.084022 0.084022 0.084022 0.084022 0.084022 0.164651 0.164651 0.084022 0.000027 0.084022 0.000006 0.000000 0.164651 0.084022 0.084022 1.000000
0.083999 0.083999 0.083999 0.083999 0.083999 0.083999 0.083999 0.083999 0.083999 0.083999 0.164607 0.132960 0.083999 0.000027 0.083999 0.000006 0.000000 0.164607 0.083999 0.083999 0.336011
0.084022 0.084022 0.084022 0.084022 0.084022 0.084022 0.084022 0.084022 0.084022 0.084022 0.164651 0.164651 0.084022 0.000027 0.084022 0.000006 0.000000 0.164651 0.084022 0.084022 0.335906
0.083965 0.083965 0.083965 0.083965 0.083965 0.083965 0.083965 0.083965 0.000000 0.083965 0.164543 0.132908 0.083965 0.083965 0.001219 0.000007 0.000028 0.164543 0.083965 0.083965 1.000000
0.083987 0.083987 0.083987 0.083987 0.083987 0.083987 0.083987 0.083987 0.083987 0.083987 0.164584 0.164584 0.083987 0.000000 0.067360 0.000007 0.000000 0.132941 0.083987 0.083987 1.000000
0.084022 0.084022 0.084022 0.084022 0.084022 0.084022 0.084022 0.084022 0.084022 0.084022 0.164651 0.164651 0.084022 0.000027 0.084022 0.000006 0.000000 0.164651 0.084022 0.084022 1.000000
0.083999 0.083999 0.083999 0.083999 0.083999 0.083999 0.083999 0.083999 0.083999 0.083999 0.164607 0.164607 0.083999 0.000027 0.083999 0.000006 0.000000 0.132960 0.083999 0.083999 0.335990
0.084022 0.084022 0.084022 0.084022 0.084022 0.084022 0.084022 0.084022 0.084022 0.084022 0.164651 0.164651 0.084022 0.000027 0.084022 0.000006 0.000000 0.164651 0.084022 0.084022 0.335906
0.084010 0.084010 0.084010 0.084010 0.084010 0.084010 0.084010 0.084010 0.084010 0.084010 0.164628 0.164628 0.084010 0.000002 0.067378 0.000007 0.000000 0.164628 0.084010 0.084010 1.000000
0.084022 0.084022 0.084022 0.084022 0.084022 0.084022 0.084022 0.084022 0.084022 0.084022 0.164651 0.164651 0.084022 0.000027 0.084022 0.000006 0.000000 0.164651 0.084022 0.084022 0.332744
0.083999 0.083999 0.083999 0.083999 0.083999 0.083999 0.083999 0.083999 0.083999 0.083999 0.132960 0.164607 0.083999 0.000027 0.083999 0.000007 0.000000 0.164607 0.083999 0.083999 1.000000
0.083965 0.083965 0.083965 0.083965 0.083965 0.083965 0.083965 0.083965 0.083965 0.083965 0.132908 0.164543 0.000014 0.083965 0.000034 0.000007 0.000000 0.164543 0.083965 0.083965 1.000000
0.084022 0.084022 0.084022 0.084022 0.084022 0.084022 0.084022 0.084022 0.084022 0.084022 0.164651 0.164651 0.084022 0.000000 0.084022 0.000006 0.000000 0.164651 0.084022 0.084022 1.000000
0.084022 0.084022 0.084022 0.084022 0.084022 0.084022 0.084022 0.084022 0.084022 0.084022 0.164651 0.164651 0.084022 0.000027 0.084022 0.000006 0.000000 0.164651 0.084022 0.084022 0.335906
0.083988 0.083988 0.083988 0.083988 0.083988 0.083988 0.083988 0.083988 0.083988 0.083988 0.164587 0.164587 0.000105 0.083988 0.000084 0.000006 0.000000 0.164587 0.083988 0.083988 0.336073
0.084022 0.084022 0.084022 0.084022 0.084022 0.084022 0.084022 0.084022 0.084022 0.084022 0.164651 0.164651 0.084022 0.000000 0.084022 0.000001 0.000022 0.164651 0.084022 0.084022 1.000000
0.083999 0.083999 0.083999 0.083999 0.083999 0.083999 0.083999 0.083999 0.083999 0.083999 0.164607 0.132960 0.083999 0.000027 0.083999 0.000006 0.000000 0.164607 0.083999 0.083999 1.000000
0.084022 0.084022 0.084022 0.084022 0.084022 0.084022 0.084022 0.084022 0.084022 0.084022 0.164651 0.164651 0.084022 0.000027 0.084022 0.000006 0.000000 0.164651 0.084022 0.084022 1.000000
0.083976 0.083976 0.083976 0.083976 0.083976 0.083976 0.083976 0.083976 0.002976 0.083976 0.164564 0.164564 0.083976 0.000034 0.067351 0.000007 0.000000 0.164564 0.083976 0.083976 0.339362
0.083988 0.083988 0.083988 0.083988 0.083988 0.083988 0.083988 0.083988 0.083988 0.083988 0.164587 0.164587 0.000000 0.083988 0.000067 0.000001 0.000012 0.164587 0.083988 0.083988 1.000000
0.084022 0.084022 0.084022 0.084022 0.084022 0.084022 0.084022 0.084022 0.084022 0.084022 0.164651 0.164651 0.084022 0.000027 0.084022 0.000006 0.000000 0.164651 0.084022 0.084022 0.335906
0.084022 0.084022 0.084022 0.084022 0.084022 0.084022 0.084022 0.084022 0.084022 0.084022 0.164651 0.164651 0.084022 0.000027 0.084022 0.000006 0.000000 0.164651 0.084022 0.084022 0.335906
0.084470 0.084470 0.084470 0.084470 0.084470 0.084470 0.084470 0.084470 0.084470 0.000005 0.000000 0.165493 0.084470 0.084470 0.084470 0.000003 0.000012 0.133690 0.084470 0.084470 1.000000
0.084022 0.084022 0.084022 0.084022 0.084022 0.084022 0.084022 0.084022 0.084022 0.084022 0.164651 0.164651 0.084022 0.000027 0.084022 0.000006 0.000000 0.164651 0.084022 0.084022 1.000000
0.083999 0.083999 0.083999 0.083999 0.083999 0.083999 0.083999 0.083999 0.083999 0.083999 0.164607 0.132960 0.083999 0.000027 0.083999 0.000007 0.000000 0.164607 0.083999 0.083999 0.336045
0.084022 0.084022 0.084022 0.084022 0.084022 0.084022 0.084022 0.084022 0.084022 0.084022 0.164651 0.164651 0.084022 0.000027 0.084022 0.000006 0.000000 0.164651 0.084022 0.084022 0.335906
0.084002 0.084002 0.084002 0.084002 0.084002 0.084002 0.084002 0.084002 0.084002 0.084002 0.164613 0.164613 0.084002 0.084002 0.053985 0.000007 0.000000 0.164613 0.084002 0.000000 0.339207
0.084474 0.084474 0.084474 0.084474 0.084474 0.084474 0.084474 0.084474 0.084474 0.084474 0.044519 0.133697 0.084474 0.084474 0.084474 0.000007 0.000000 0.165502 0.084474 0.000028 0.333099
0.083999 0.083999 0.083999 0.083999 0.083999 0.083999 0.083999 0.083999 0.083999 0.083999 0.164607 0.164607 0.083999 0.000027 0.083999 0.000006 0.000000 0.132960 0.083999 0.083999 0.336011
0.084022 0.084022 0.084022 0.084022 0.084022 0.084022 0.084022 0.084022 0.084022 0.084022 0.164651 0.164651 0.084022 0.000027 0.084022 0.000006 0.000000 0.164651 0.084022 0.084022 0.335906
0.084022 0.084022 0.084022 0.084022 0.084022 0.084022 0.084022 0.084022 0.084022 0.084022 0.164651 0.164651 0.084022 0.000027 0.084022 0.000006 0.000000 0.164651 0.084022 0.084022 0.335526
0.084022 0.084022 0.084022 0.084022 0.084022 0.084022 0.084022 0.084022 0.084022 0.084022 0.164651 0.164651 0.084022 0.000027 0.084022 0.000006 0.000000 0.164651 0.084022 0.084022 0.335906
0.083988 0.083988 0.083988 0.083988 0.083988 0.083988 0.083988 0.083988 0.000624 0.083988 0.164587 0.164587 0.083988 0.000027 0.083988 0.000007 0.000000 0.164587 0.083988 0.083988 1.000000
0.084022 0.084022 0.084022 0.084022 0.084022 0.084022 0.084022 0.084022 0.084022 0.084022 0.164651 0.164651 0.084022 0.000027 0.084022 0.000006 0.000000 0.164651 0.084022 0.084022 0.335906
0.084022 0.084022 0.084022 0.084022 0.084022 0.084022 0.084022 0.084022 0.084022 0.084022 0.164651 0.164651 0.084022 0.000027 0.084022 0.000006 0.000000 0.164651 0.084022 0.084022 0.374569
0.084022 0.084022 0.084022 0.084022 0.084022 0.084022 0.084022 0.084022 0.084022 0.084022 0.164651 0.164651 0.084022 0.000027 0.084022 0.000006 0.000000 0.164651 0.084022 0.084022 0.335906
0.084022 0.084022 0.084022 0.084022 0.084022 0.084022 0.084022 0.084022 0.084022 0.084022 0.164651 0.164651 0.084022 0.000027 0.084022 0.000006 0.000000 0.164651 0.084022 0.084022 0.335906
0.084022 0.084022 0.084022 0.084022 0.084022 0.084022 0.084022 0.084022 0.084022 0.084022 0.164651 0.164651 0.084022 0.000027 0.084022 0.000006 0.000000 0.164651 0.084022 0.084022 0.335906
0.083999 0.083999 0.083999 0.083999 0.083999 0.083999 0.083999 0.083999 0.083999 0.083999 0.164607 0.164607 0.083999 0.000027 0.083999 0.000006 0.000000 0.132960 0.083999 0.083999 0.336011
0.084044 0.084044 0.084044 0.084044 0.084044 0.084044 0.084044 0.084044 0.084044 0.084044 0.164692 0.164692 0.084044 0.067406 0.084044 0.000000 0.000000 0.164692 0.084044 0.084044 1.000000
0.084022 0.084022 0.084022 0.084022 0.084022 0.084022 0.084022 0.084022 0.084022 0.084022 0.164651 0.164651 0.084022 0.000027 0.084022 0.000006 0.000000 0.164651 0.084022 0.084022 0.335906
0.084022 0.084022 0.084022 0.084022 0.084022 0.084022 0.084022 0.084022 0.084022 0.084022 0.164651 0.164651 0.084022 0.000027 0.084022 0.000006 0.000000 0.164651 0.084022 0.084022 0.335906
0.083988 0.083988 0.083988 0.083988 0.083988 0.083988 0.083988 0.083988 0.083988 0.083988 0.164587 0.164587 0.001219 0.083988 0.000067 0.000007 0.000000 0.164587 0.083988 0.083988 1.000000
0.084022 0.084022 0.084022 0.084022 0.084022 0.084022 0.084022 0.084022 0.084022 0.084022 0.164651 0.164651 0.084022 0.000027 0.084022 0.000006 0.000000 0.164651 0.084022 0.084022 0.335906
0.084022 0.084022 0.084022 0.084022 0.084022 0.084022 0.084022 0.084022 0.084022 0.084022 0.164651 0.164651 0.084022 0.000027 0.084022 0.000006 0.000000 0.164651 0.084022 0.084022 0.335906
0.084022 0.084022 0.084022 0.084022 0.084022 0.084022 0.084022 0.084022 0.084022 0.084022 0.164651 0.164651 0.084022 0.000027 0.084022 0.000006 0.000000 0.164651 0.084022 0.084022 1.000000
0.084022 0.084022 0.084022 0.084022 0.084022 0.084022 0.084022 0.084022 0.084022 0.084022 0.164651 0.164651 0.084022 0.000027 0.084022 0.000006 0.000000 0.164651 0.084022 0.084022 0.335906
0.084022 0.084022 0.084022 0.084022 0.084022 0.084022 0.084022 0.084022 0.084022 0.084022 0.164651 0.164651 0.084022 0.000027 0.084022 0.000006 0.000000 0.164651 0.084022 0.084022 0.335906
0.084022 0.084022 0.084022 0.084022 0.084022 0.084022 0.084022 0.084022 0.084022 0.084022 0.164651 0.164651 0.084022 0.000027 0.084022 0.000006 0.000000 0.164651 0.084022 0.084022 1.000000
0.084022 0.084022 0.084022 0.084022 0.084022 0.084022 0.084022 0.084022 0.084022 0.084022 0.164651 0.164651 0.084022 0.000027 0.084022 0.000006 0.000000 0.164651 0.084022 0.084022 0.335906
0.083988 0.083988 0.083988 0.083988 0.083988 0.083988 0.083988 0.083988 0.083988 0.083988 0.164587 0.164587 0.000000 0.083988 0.000105 0.000001 0.000022 0.164587 0.083988 0.083988 1.000000
0.084022 0.084022 0.084022 0.084022 0.084022 0.084022 0.084022 0.084022 0.084022 0.084022 0.164651 0.164651 0.084022 0.000027 0.084022 0.000007 0.000000 0.164651 0.084022 0.084022 0.339126
0.084022 0.084022 0.084022 0.084022 0.084022 0.084022 0.084022 0.084022 0.084022 0.084022 0.164651 0.164651 0.084022 0.000027 0.084022 0.000007 0.000000 0.164651 0.084022 0.084022 1.000000
0.084022 0.084022 0.084022 0.084022 0.084022 0.084022 0.084022 0.084022 0.084022 0.084022 0.164651 0.164651 0.084022 0.000027 0.084022 0.000007 0.000000 0.164651 0.084022 0.084022 1.000000
0.084022 0.084022 0.084022 0.084022 0.084022 0.084022 0.084022 0.084022 0.084022 0.084022 0.164651 0.164651 0.084022 0.000027 0.084022 0.000007 0.000000 0.164651 0.084022 0.084022 1.000000
0.084022 0.084022 0.084022 0.084022 0.084022 0.084022 0.084022 0.084022 0.084022 0.084022 0.164651 0.164651 0.084022 0.000027 0.084022 0.000007 0.000000 0.164651 0.084022 0.084022 1.000000
0.084022 0.084022 0.084022 0.084022 0.084022 0.084022 0.084022 0.084022 0.084022 0.084022 0.164651 0.164651 0.084022 0.000027 0.084022 0.000007 0.000000 0.164651 0.084022 0.084022 1.000000
0.084022 0.084022 0.084022 0.084022 0.084022 0.084022 0.084022 0.084022 0.084022 0.084022 0.164651 0.164651 0.084022 0.000027 0.084022 0.000007 0.000000 0.164651 0.084022 0.084022 1.000000
0.084022 0.084022 0.084022 0.084022 0.084022 0.084022 0.084022 0.084022 0.084022 0.084022 0.164651 0.164651 0.084022 0.000027 0.084022 0.000007 0.000000 0.164651 0.084022 0.084022 1.000000
0.084022 0.084022 0.084022 0.084022 0.084022 0.084022 0.084022 0.084022 0.084022 0.084022 0.164651 0.164651 0.084022 0.000027 0.084022 0.000007 0.000000 0.164651 0.084022 0.084022 1.000000
0.084022 0.084022 0.084022 0.084022 0.084022 0.084022 0.084022 0.084022 0.084022 0.084022 0.164651 0.164651 0.084022 0.000027 0.084022 0.000007 0.000000 0.164651 0.084022 0.084022 1.000000
0.084022 0.084022 0.084022 0.084022 0.084022 0.084022 0.084022 0.084022 0.084022 0.084022 0.164651 0.164651 0.084022 0.000027 0.084022 0.000007 0.000000 0.164651 0.084022 0.084022 1.000000
0.084022 0.084022 0.084022 0.084022 0.084022 0.084022 0.084022 0.084022 0.084022 0.084022 0.164651 0.164651 0.084022 0.000027 0.084022 0.000007 0.000000 0.164651 0.084022 0.084022 1.000000
0.084022 0.084022 0.084022 0.084022 0.084022 0.084022 0.084022 0.084022 0.084022 0.084022 0.164651 0.164651 0.084022 0.000027 0.084022 0.000007 0.000000 0.164651 0.084022 0.084022 1.000000
0.084022 0.084022 0.084022 0.084022 0.084022 0.084022 0.084022 0.084022 0.084022 0.084022 0.164651 0.164651 0.084022 0.000027 0.084022 0.000007 0.000000 0.164651 0.084022 0.084022 1.000000
0.084002 0.084002 0.084002 0.084002 0.084002 0.084002 0.084002 0.084002 0.084002 0.084002 0.164613 0.164613 0.053985 0.000043 0.084002 0.000007 0.000000 0.164613 0.084002 0.084002 1.000000
0.084022 0.084022 0.084022 0.084022 0.084022 0.084022 0.084022 0.084022 0.084022 0.084022 0.164651 0.164651 0.084022 0.000027 0.084022 0.000007 0.000000 0.164651 0.084022 0.084022 1.000000
0.084022 0.084022 0.084022 0.084022 0.084022 0.084022 0.084022 0.084022 0.084022 0.084022 0.164651 0.164651 0.084022 0.000027 0.084022 0.000007 0.000000 0.164651 0.084022 0.084022 1.000000
0.084022 0.084022 0.084022 0.084022 0.084022 0.084022 0.084022 0.084022 0.084022 0.084022 0.164651 0.164651 0.084022 0.000027 0.084022 0.000007 0.000000 0.164651 0.084022 0.084022 1.000000
0.084022 0.084022 0.084022 0.084022 0.084022 0.084022 0.084022 0.084022 0.084022 0.084022 0.164651 0.164651 0.084022 0.000027 0.084022 0.000007 0.000000 0.164651 0.084022 0.084022 1.000000
0.084022 0.084022 0.084022 0.084022 0.084022 0.084022 0.084022 0.084022 0.084022 0.084022 0.164651 0.164651 0.084022 0.000027 0.084022 0.000007 0.000000 0.164651 0.084022 0.084022 1.000000
0.084022 0.084022 0.084022 0.084022 0.084022 0.084022 0.084022 0.084022 0.084022 0.084022 0.164651 0.164651 0.084022 0.000027 0.084022 0.000007 0.000000 0.164651 0.084022 0.084022 1.000000
0.084022 0.084022 0.084022 0.084022 0.084022 0.084022 0.084022 0.084022 0.084022 0.084022 0.164651 0.164651 0.084022 0.000027 0.084022 0.000007 0.000000 0.164651 0.084022 0.084022 1.000000
0.084022 0.084022 0.084022 0.084022 0.084022 0.084022 0.084022 0.084022 0.084022 0.084022 0.164651 0.164651 0.084022 0.000027 0.084022 0.000007 0.000000 0.164651 0.084022 0.084022 1.000000
0.084022 0.084022 0.084022 0.084022 0.084022 0.084022 0.084022 0.084022 0.084022 0.084022 0.164651 0.164651 0.084022 0.000027 0.084022 0.000007 0.000000 0.164651 0.084022 0.084022 1.000000
0.084022 0.084022 0.084022 0.084022 0.084022 0.084022 0.084022 0.084022 0.084022 0.084022 0.164651 0.164651 0.084022 0.000027 0.084022 0.000007 0.000000 0.164651 0.084022 0.084022 1.000000
0.084022 0.084022 0.084022 0.084022 0.084022 0.084022 0.084022 0.084022 0.084022 0.084022 0.164651 0.164651 0.084022 0.000027 0.084022 0.000007 0.000000 0.164651 0.084022 0.084022 1.000000
0.084022 0.084022 0.084022 0.084022 0.084022 0.084022 0.084022 0.084022 0.084022 0.084022 0.164651 0.164651 0.084022 0.000027 0.084022 0.000007 0.000000 0.164651 0.084022 0.084022 1.000000
0.084022 0.084022 0.084022 0.084022 0.084022 0.084022 0.084022 0.084022 0.084022 0.084022 0.164651 0.164651 0.084022 0.000027 0.084022 0.000007 0.000000 0.164651 0.084022 0.084022 1.000000
0.084022 0.084022 0.084022 0.084022 0.084022 0.084022 0.084022 0.084022 0.084022 0.084022 0.164651 0.164651 0.084022 0.000027 0.084022 0.000007 0.000000 0.164651 0.084022 0.084022 1.000000
0.084022 0.084022 0.084022 0.084022 0.084022 0.084022 0.084022 0.084022 0.084022 0.084022 0.164651 0.164651 0.084022 0.000027 0.084022 0.000007 0.000000 0.164651 0.084022 0.084022 1.000000
0.084022 0.084022 0.084022 0.084022 0.084022 0.084022 0.084022 0.084022 0.084022 0.084022 0.164651 0.164651 0.084022 0.000027 0.084022 0.000007 0.000000 0.164651 0.084022 0.084022 1.000000
0.084022 0.084022 0.084022 0.084022 0.084022 0.084022 0.084022 0.084022 0.084022 0.084022 0.164651 0.164651 0.084022 0.000027 0.084022 0.000007 0.000000 0.164651 0.084022 0.084022 1.000000
0.084022 0.084022 0.084022 0.084022 0.084022 0.084022 0.084022 0.084022 0.084022 0.084022 0.164651 0.164651 0.084022 0.000027 0.084022 0.000007 0.000000 0.164651 0.084022 0.084022 1.000000
0.084022 0.084022 0.084022 0.084022 0.084022 0.084022 0.084022 0.084022 0.084022 0.084022 0.164651 0.164651 0.084022 0.000027 0.084022 0.000007 0.000000 0.164651 0.084022 0.084022 1.000000
0.084022 0.084022 0.084022 0.084022 0.084022 0.084022 0.084022 0.084022 0.084022 0.084022 0.164651 0.164651 0.084022 0.000027 0.084022 0.000007 0.000000 0.164651 0.084022 0.084022 1.000000
0.084022 0.084022 0.084022 0.084022 0.084022 0.084022 0.084022 0.084022 0.084022 0.084022 0.164651 0.164651 0.084022 0.000027 0.084022 0.000007 0.000000 0.164651 0.084022 0.084022 1.000000
0.084022 0.084022 0.084022 0.084022 0.084022 0.084022 0.084022 0.084022 0.084022 0.084022 0.164651 0.164651 0.084022 0.000027 0.084022 0.000007 0.000000 0.164651 0.084022 0.084022 1.000000
0.084022 0.084022 0.084022 0.084022 0.084022 0.084022 0.084022 0.084022 0.084022 0.084022 0.164651 0.164651 0.084022 0.000027 0.084022 0.000007 0.000000 0.164651 0.084022 0.084022 1.000000
0.084022 0.084022 0.084022 0.084022 0.084022 0.084022 0.084022 0.084022 0.084022 0.084022 0.164651 0.164651 0.084022 0.000027 0.084022 0.000007 0.000000 0.164651 0.084022 0.084022 1.000000
0.084022 0.084022 0.084022 0.084022 0.084022 0.084022 0.084022 0.084022 0.084022 0.084022 0.164651 0.164651 0.084022 0.000027 0.084022 0.000007 0.000000 0.164651 0.084022 0.084022 1.000000
0.084022 0.084022 0.084022 0.084022 0.084022 0.084022 0.084022 0.084022 0.084022 0.084022 0.164651 0.164651 0.084022 0.000027 0.084022 0.000007 0.000000 0.164651 0.084022 0.084022 1.000000
0.083988 0.083988 0.083988 0.083988 0.083988 0.083988 0.083988 0.083988 0.083988 0.083988 0.164587 0.164587 0.000000 0.083988 0.000043 0.000003 0.000002 0.164587 0.083988 0.083988 1.000000
0.084022 0.084022 0.084022 0.084022 0.084022 0.084022 0.084022 0.084022 0.084022 0.084022 0.164651 0.164651 0.084022 0.000027 0.084022 0.000007 0.000000 0.164651 0.084022 0.084022 1.000000
0.084022 0.084022 0.084022 0.084022 0.084022 0.084022 0.084022 0.084022 0.084022 0.084022 0.164651 0.164651 0.084022 0.000027 0.084022 0.000007 0.000000 0.164651 0.084022 0.084022 1.000000
0.084022 0.084022 0.084022 0.084022 0.084022 0.084022 0.084022 0.084022 0.084022 0.084022 0.164651 0.164651 0.084022 0.000027 0.084022 0.000007 0.000000 0.164651 0.084022 0.084022 1.000000
0.084022 0.084022 0.084022 0.084022 0.084022 0.084022 0.084022 0.084022 0.084022 0.084022 0.164651 0.164651 0.084022 0.000027 0.084022 0.000007 0.000000 0.164651 0.084022 0.084022 1.000000
0.084022 0.084022 0.084022 0.084022 0.084022 0.084022 0.084022 0.084022 0.084022 0.084022 0.164651 0.164651 0.084022 0.000027 0.084022 0.000007 0.000000 0.164651 0.084022 0.084022 1.000000
0.084022 0.084022 0.084022 0.084022 0.084022 0.084022 0.084022 0.084022 0.084022 0.084022 0.164651 0.164651 0.084022 0.000027 0.084022 0.000007 0.000000 0.164651 0.084022 0.084022 1.000000
0.084022 0.084022 0.084022 0.084022 0.084022 0.084022 0.084022 0.084022 0.084022 0.084022 0.164651 0.164651 0.084022 0.000027 0.084022 0.000007 0.000000 0.164651 0.084022 0.084022 1.000000
0.084022 0.084022 0.084022 0.084022 0.084022 0.084022 0.084022 0.084022 0.084022 0.084022 0.164651 0.164651 0.084022 0.000027 0.084022 0.000007 0.000000 0.164651 0.084022 0.084022 1.000000
0.084022 0.084022 0.084022 0.084022 0.084022 0.084022 0.084022 0.084022 0.084022 0.084022 0.164651 0.164651 0.084022 0.000027 0.084022 0.000007 0.000000 0.164651 0.084022 0.084022 1.000000
0.084022 0.084022 0.084022 0.084022 0.084022 0.084022 0.084022 0.084022 0.084022 0.084022 0.164651 0.164651 0.084022 0.000027 0.084022 0.000007 0.000000 0.164651 0.084022 0.084022 1.000000
0.084022 0.084022 0.084022 0.084022 0.084022 0.084022 0.084022 0.084022 0.084022 0.084022 0.164651 0.164651 0.084022 0.000027 0.084022 0.000007 0.000000 0.164651 0.084022 0.084022 1.000000
0.084022 0.084022 0.084022 0.084022 0.084022 0.084022 0.084022 0.084022 0.084022 0.084022 0.164651 0.164651 0.084022 0.000027 0.084022 0.000007 0.000000 0.164651 0.084022 0.084022 1.000000
0.084022 0.084022 0.084022 0.084022 0.084022 0.084022 0.084022 0.084022 0.084022 0.084022 0.164651 0.164651 0.084022 0.000027 0.084022 0.000007 0.000000 0.164651 0.084022 0.084022 1.000000
0.084022 0.084022 0.084022 0.084022 0.084022 0.084022 0.084022 0.084022 0.084022 0.084022 0.164651 0.164651 0.084022 0.000027 0.084022 0.000007 0.000000 0.164651 0.084022 0.084022 1.000000
0.084022 0.084022 0.084022 0.084022 0.084022 0.084022 0.084022 0.084022 0.084022 0.084022 0.164651 0.164651 0.084022 0.000027 0.084022 0.000007 0.000000 0.164651 0.084022 0.084022 1.000000
0.084022 0.084022 0.084022 0.084022 0.084022 0.084022 0.084022 0.084022 0.084022 0.084022 0.164651 0.164651 0.084022 0.000027 0.084022 0.000007 0.000000 0.164651 0.084022 0.084022 1.000000
0.084022 0.084022 0.084022 0.084022 0.084022 0.084022 0.084022 0.084022 0.084022 0.084022 0.164651 0.164651 0.084022 0.000027 0.084022 0.000007 0.000000 0.164651 0.084022 0.084022 1.000000
0.084022 0.084022 0.084022 0.084022 0.084022 0.084022 0.084022 0.084022 0.084022 0.084022 0.164651 0.164651 0.084022 0.000027 0.084022 0.000007 0.000000 0.164651 0.084022 0.084022 1.000000
0.084022 0.084022 0.084022 0.084022 0.084022 0.084022 0.084022 0.084022 0.084022 0.084022 0.164651 0.164651 0.084022 0.000027 0.084022 0.000007 0.000000 0.164651 0.084022 0.084022 1.000000
0.084022 0.084022 0.084022 0.084022 0.084022 0.084022 0.084022 0.084022 0.084022 0.084022 0.164651 0.164651 0.084022 0.000027 0.084022 0.000007 0.000000 0.164651 0.084022 0.084022 1.000000
0.084022 0.084022 0.084022 0.084022 0.084022 0.084022 0.084022 0.084022 0.084022 0.084022 0.164651 0.164651 0.084022 0.000027 0.084022 0.000007 0.000000 0.164651 0.084022 0.084022 1.000000
0.084022 0.084022 0.084022 0.084022 0.084022 0.084022 0.084022 0.084022 0.084022 0.084022 0.164651 0.164651 0.084022 0.000027 0.084022 0.000007 0.000000 0.164651 0.084022 0.084022 1.000000
0.084022 0.084022 0.084022 0.084022 0.084022 0.084022 0.084022 0.084022 0.084022 0.084022 0.164651 0.164651 0.084022 0.000027 0.084022 0.000007 0.000000 0.164651 0.084022 0.084022 1.000000
0.084022 0.084022 0.084022 0.084022 0.084022 0.084022 0.084022 0.084022 0.084022 0.084022 0.164651 0.164651 0.084022 0.000027 0.084022 0.000007 0.000000 0.164651 0.084022 0.084022 1.000000
0.084022 0.084022 0.084022 0.084022 0.084022 0.084022 0.084022 0.084022 0.084022 0.084022 0.164651 0.164651 0.084022 0.000027 0.084022 0.000007 0.000000 0.164651 0.084022 0.084022 1.000000
0.084022 0.084022 0.084022 0.084022 0.084022 0.084022 0.084022 0.084022 0.084022 0.084022 0.164651 0.164651 0.084022 0.000027 0.084022 0.000007 0.000000 0.164651 0.084022 0.084022 1.000000
0.084022 0.084022 0.084022 0.084022 0.084022 0.084022 0.084022 0.084022 0.084022 0.084022 0.164651 0.164651 0.084022 0.000027 0.084022 0.000007 0.000000 0.164651 0.084022 0.084022 1.000000
0.084022 0.084022 0.084022 0.084022 0.084022 0.084022 0.084022 0.084022 0.084022 0.084022 0.164651 0.164651 0.084022 0.000027 0.084022 0.000007 0.000000 0.164651 0.084022 0.084022 1.000000
0.084022 0.084022 0.084022 0.084022 0.084022 0.084022 0.084022 0.084022 0.084022 0.084022 0.164651 0.164651 0.084022 0.000027 0.084022 0.000007 0.000000 0.164651 0.084022 0.084022 1.000000
0.084022 0.084022 0.084022 0.084022 0.084022 0.084022 0.084022 0.084022 0.084022 0.084022 0.164651 0.164651 0.084022 0.000027 0.084022 0.000007 0.000000 0.164651 0.084022 0.084022 1.000000
0.084022 0.084022 0.084022 0.084022 0.084022 0.084022 0.084022 0.084022 0.084022 0.084022 0.164651 0.164651 0.084022 0.000027 0.084022 0.000007 0.000000 0.164651 0.084022 0.084022 1.000000
0.084022 0.084022 0.084022 0.084022 0.084022 0.084022 0.084022 0.084022 0.084022 0.084022 0.164651 0.164651 0.084022 0.000027 0.084022 0.000007 0.000000 0.164651 0.084022 0.084022 1.000000
0.084022 0.084022 0.084022 0.084022 0.084022 0.084022 0.084022 0.084022 0.084022 0.084022 0.164651 0.164651 0.084022 0.000027 0.084022 0.000007 0.000000 0.164651 0.084022 0.084022 1.000000
0.084022 0.084022 0.084022 0.084022 0.084022 0.084022 0.084022 0.084022 0.084022 0.084022 0.164651 0.164651 0.084022 0.000027 0.084022 0.000007 0.000000 0.164651 0.084022 0.084022 1.000000
0.084022 0.084022 0.084022 0.084022 0.084022 0.084022 0.084022 0.084022 0.084022 0.084022 0.164651 0.164651 0.084022 0.000027 0.084022 0.000007 0.000000 0.164651 0.084022 0.084022 1.000000
0.084022 0.084022 0.084022 0.084022 0.084022 0.084022 0.084022 0.084022 0.084022 0.084022 0.164651 0.164651 0.084022 0.000027 0.084022 0.000007 0.000000 0.164651 0.084022 0.084022 1.000000
0.084022 0.084022 0.084022 0.084022 0.084022 0.084022 0.084022 0.084022 0.084022 0.084022 0.164651 0.164651 0.084022 0.000027 0.084022 0.000007 0.000000 0.164651 0.084022 0.084022 1.000000
0.084022 0.084022 0.084022 0.084022 0.084022 0.084022 0.084022 0.084022 0.084022 0.084022 0.164651 0.164651 0.084022 0.000027 0.084022 0.000007 0.000000 0.164651 0.084022 0.084022 1.000000
0.084022 0.084022 0.084022 0.084022 0.084022 0.084022 0.084022 0.084022 0.084022 0.084022 0.164651 0.164651 0.084022 0.000027 0.084022 0.000007 0.000000 0.164651 0.084022 0.084022 1.000000
0.084022 0.084022 0.084022 0.084022 0.084022 0.084022 0.084022 0.084022 0.084022 0.084022 0.164651 0.164651 0.084022 0.000027 0.084022 0.000007 0.000000 0.164651 0.084022 0.084022 1.000000
0.084022 0.084022 0.084022 0.084022 0.084022 0.084022 0.084022 0.084022 0.084022 0.084022 0.164651 0.164651 0.084022 0.000027 0.084022 0.000007 0.000000 0.164651 0.084022 0.084022 1.000000
0.084022 0.084022 0.084022 0.084022 0.084022 0.084022 0.084022 0.084022 0.084022 0.084022 0.164651 0.164651 0.084022 0.000027 0.084022 0.000007 0.000000 0.164651 0.084022 0.084022 1.000000
0.084022 0.084022 0.084022 0.084022 0.084022 0.084022 0.084022 0.084022 0.084022 0.084022 0.164651 0.164651 0.084022 0.000027 0.084022 0.000007 0.000000 0.164651 0.084022 0.084022 1.000000
0.084022 0.084022 0.084022 0.084022 0.084022 0.084022 0.084022 0.084022 0.084022 0.084022 0.164651 0.164651 0.084022 0.000027 0.084022 0.000007 0.000000 0.164651 0.084022 0.084022 1.000000
0.084022 0.084022 0.084022 0.084022 0.084022 0.084022 0.084022 0.084022 0.084022 0.084022 0.164651 0.164651 0.084022 0.000027 0.084022 0.000007 0.000000 0.164651 0.084022 0.084022 1.000000
0.084022 0.084022 0.084022 0.084022 0.084022 0.084022 0.084022 0.084022 0.084022 0.084022 0.164651 0.164651 0.084022 0.000027 0.084022 0.000007 0.000000 0.164651 0.084022 0.084022 1.000000
0.084022 0.084022 0.084022 0.084022 0.084022 0.084022 0.084022 0.084022 0.084022 0.084022 0.164651 0.164651 0.084022 0.000027 0.084022 0.000007 0.000000 0.164651 0.084022 0.084022 1.000000
0.084022 0.084022 0.084022 0.084022 0.084022 0.084022 0.084022 0.084022 0.084022 0.084022 0.164651 0.164651 0.084022 0.000027 0.084022 0.000007 0.000000 0.164651 0.084022 0.084022 1.000000
0.084022 0.084022 0.084022 0.084022 0.084022 0.084022 0.084022 0.084022 0.084022 0.084022 0.164651 0.164651 0.084022 0.000027 0.084022 0.000007 0.000000 0.164651 0.084022 0.084022 1.000000
0.084022 0.084022 0.084022 0.084022 0.084022 0.084022 0.084022 0.084022 0.084022 0.084022 0.164651 0.164651 0.084022 0.000027 0.084022 0.000007 0.000000 0.164651 0.084022 0.084022 1.000000
0.084022 0.084022 0.084022 0.084022 0.084022 0.084022 0.084022 0.084022 0.084022 0.084022 0.164651 0.164651 0.084022 0.000027 0.084022 0.000007 0.000000 0.164651 0.084022 0.084022 1.000000
0.084022 0.084022 0.084022 0.084022 0.084022 0.084022 0.084022 0.084022 0.084022 0.084022 0.164651 0.164651 0.084022 0.000027 0.084022 0.000007 0.000000 0.164651 0.084022 0.084022 1.000000
0.084022 0.084022 0.084022 0.084022 0.084022 0.084022 0.084022 0.084022 0.084022 0.084022 0.164651 0.164651 0.084022 0.000027 0.084022 0.000007 0.000000 0.164651 0.084022 0.084022 1.000000
0.084022 0.084022 0.084022 0.084022 0.084022 0.084022 0.084022 0.084022 0.084022 0.084022 0.164651 0.164651 0.084022 0.000027 0.084022 0.000007 0.000000 0.164651 0.084022 0.084022 1.000000
0.084022 0.084022 0.084022 0.084022 0.084022 0.084022 0.084022 0.084022 0.084022 0.084022 0.164651 0.164651 0.084022 0.000027 0.084022 0.000007 0.000000 0.164651 0.084022 0.084022 1.000000
0.084022 0.084022 0.084022 0.084022 0.084022 0.084022 0.084022 0.084022 0.084022 0.084022 0.164651 0.164651 0.084022 0.000027 0.084022 0.000007 0.000000 0.164651 0.084022 0.084022 1.000000
0.084022 0.084022 0.084022 0.084022 0.084022 0.084022 0.084022 0.084022 0.084022 0.084022 0.164651 0.164651 0.084022 0.000027 0.084022 0.000007 0.000000 0.164651 0.084022 0.084022 1.000000
0.084022 0.084022 0.084022 0.084022 0.084022 0.084022 0.084022 0.084022 0.084022 0.084022 0.164651 0.164651 0.084022 0.000027 0.084022 0.000007 0.000000 0.164651 0.084022 0.084022 1.000000
0.084022 0.084022 0.084022 0.084022 0.084022 0.084022 0.084022 0.084022 0.084022 0.084022 0.164651 0.164651 0.084022 0.000027 0.084022 0.000007 0.000000 0.164651 0.084022 0.084022 1.000000
0.084022 0.084022 0.084022 0.084022 0.084022 0.084022 0.084022 0.084022 0.084022 0.084022 0.164651 0.164651 0.084022 0.000027 0.084022 0.000007 0.000000 0.164651 0.084022 0.084022 1.000000
0.084022 0.084022 0.084022 0.084022 0.084022 0.084022 0.084022 0.084022 0.084022 0.084022 0.164651 0.164651 0.084022 0.000027 0.084022 0.000007 0.000000 0.164651 0.084022 0.084022 1.000000
0.084022 0.084022 0.084022 0.084022 0.084022 0.084022 0.084022 0.084022 0.084022 0.084022 0.164651 0.164651 0.084022 0.000027 0.084022 0.000007 0.000000 0.164651 0.084022 0.084022 1.000000
0.084022 0.084022 0.084022 0.084022 0.084022 0.084022 0.084022 0.084022 0.084022 0.084022 0.164651 0.164651 0.084022 0.000027 0.084022 0.000007 0.000000 0.164651 0.084022 0.084022 1.000000
0.084022 0.084022 0.084022 0.084022 0.084022 0.084022 0.084022 0.084022 0.084022 0.084022 0.164651 0.164651 0.084022 0.000027 0.084022 0.000007 0.000000 0.164651 0.084022 0.084022 1.000000
0.084022 0.084022 0.084022 0.084022 0.084022 0.084022 0.084022 0.084022 0.084022 0.084022 0.164651 0.164651 0.084022 0.000027 0.084022 0.000007 0.000000 0.164651 0.084022 0.084022 1.000000
0.084022 0.084022 0.084022 0.084022 0.084022 0.084022 0.084022 0.084022 0.084022 0.084022 0.164651 0.164651 0.084022 0.000027 0.084022 0.000007 0.000000 0.164651 0.084022 0.084022 1.000000
0.084022 0.084022 0.084022 0.084022 0.084022 0.084022 0.084022 0.084022 0.084022 0.084022 0.164651 0.164651 0.084022 0.000027 0.084022 0.000007 0.000000 0.164651 0.084022 0.084022 1.000000
0.084022 0.084022 0.084022 0.084022 0.084022 0.084022 0.084022 0.084022 0.084022 0.084022 0.164651 0.164651 0.084022 0.000027 0.084022 0.000007 0.000000 0.164651 0.084022 0.084022 1.000000
0.084022 0.084022 0.084022 0.084022 0.084022 0.084022 0.084022 0.084022 0.084022 0.084022 0.164651 0.164651 0.084022 0.000027 0.084022 0.000007 0.000000 0.164651 0.084022 0.084022 1.000000
0.084022 0.084022 0.084022 0.084022 0.084022 0.084022 0.084022 0.084022 0.084022 0.084022 0.164651 0.164651 0.084022 0.000027 0.084022 0.000007 0.000000 0.164651 0.084022 0.084022 1.000000
0.084022 0.084022 0.084022 0.084022 0.084022 0.084022 0.084022 0.084022 0.084022 0.084022 0.164651 0.164651 0.084022 0.000027 0.084022 0.000007 0.000000 0.164651 0.084022 0.084022 1.000000
0.084022 0.084022 0.084022 0.084022 0.084022 0.084022 0.084022 0.084022 0.084022 0.084022 0.164651 0.164651 0.084022 0.000027 0.084022 0.000007 0.000000 0.164651 0.084022 0.084022 1.000000
0.084022 0.084022 0.084022 0.084022 0.084022 0.084022 0.084022 0.084022 0.084022 0.084022 0.164651 0.164651 0.084022 0.000027 0.084022 0.000007 0.000000 0.164651 0.084022 0.084022 1.000000
0.084022 0.084022 0.084022 0.084022 0.084022 0.084022 0.084022 0.084022 0.084022 0.084022 0.164651 0.164651 0.084022 0.000027 0.084022 0.000007 0.000000 0.164651 0.084022 0.084022 1.000000
0.084022 0.084022 0.084022 0.084022 0.084022 0.084022 0.084022 0.084022 0.084022 0.084022 0.164651 0.164651 0.084022 0.000027 0.084022 0.000007 0.000000 0.164651 0.084022 0.084022 1.000000
0.084022 0.084022 0.084022 0.084022 0.084022 0.084022 0.084022 0.084022 0.084022 0.084022 0.164651 0.164651 0.084022 0.000027 0.084022 0.000007 0.000000 0.164651 0.084022 0.084022 1.000000
0.084022 0.084022 0.084022 0.084022 0.084022 0.084022 0.084022 0.084022 0.084022 0.084022 0.164651 0.164651 0.084022 0.000027 0.084022 0.000007 0.000000 0.164651 0.084022 0.084022 1.000000
0.084022 0.084022 0.084022 0.084022 0.084022 0.084022 0.084022 0.084022 0.084022 0.084022 0.164651 0.164651 0.084022 0.000027 0.084022 0.000007 0.000000 0.164651 0.084022 0.084022 1.000000
0.084022 0.084022 0.084022 0.084022 0.084022 0.084022 0.084022 0.084022 0.084022 0.084022 0.164651 0.164651 0.084022 0.000027 0.084022 0.000007 0.000000 0.164651 0.084022 0.084022 1.000000
0.084022 0.084022 0.084022 0.084022 0.084022 0.084022 0.084022 0.084022 0.084022 0.084022 0.164651 0.164651 0.084022 0.000027 0.084022 0.000007 0.000000 0.164651 0.084022 0.084022 1.000000
0.084022 0.084022 0.084022 0.084022 0.084022 0.084022 0.084022 0.084022 0.084022 0.084022 0.164651 0.164651 0.084022 0.000027 0.084022 0.000007 0.000000 0.164651 0.084022 0.084022 1.000000
0.084022 0.084022 0.084022 0.084022 0.084022 0.084022 0.084022 0.084022 0.084022 0.084022 0.164651 0.164651 0.084022 0.000027 0.084022 0.000007 0.000000 0.164651 0.084022 0.084022 1.000000
0.084022 0.084022 0.084022 0.084022 0.084022 0.084022 0.084022 0.084022 0.084022 0.084022 0.164651 0.164651 0.084022 0.000027 0.084022 0.000007 0.000000 0.164651 0.084022 0.084022 1.000000
0.084022 0.084022 0.084022 0.084022 0.084022 0.084022 0.084022 0.084022 0.084022 0.084022 0.164651 0.164651 0.084022 0.000027 0.084022 0.000007 0.000000 0.164651 0.084022 0.084022 1.000000
0.084022 0.084022 0.084022 0.084022 0.084022 0.084022 0.084022 0.084022 0.084022 0.084022 0.164651 0.164651 0.084022 0.000027 0.084022 0.000007 0.000000 0.164651 0.084022 0.084022 1.000000
0.084022 0.084022 0.084022 0.084022 0.084022 0.084022 0.084022 0.084022 0.084022 0.084022 0.164651 0.164651 0.084022 0.000027 0.084022 0.000007 0.000000 0.164651 0.084022 0.084022 1.000000
0.084022 0.084022 0.084022 0.084022 0.084022 0.084022 0.084022 0.084022 0.084022 0.084022 0.164651 0.164651 0.084022 0.000027 0.084022 0.000007 0.000000 0.164651 0.084022 0.084022 1.000000
0.084022 0.084022 0.084022 0.084022 0.084022 0.084022 0.084022 0.084022 0.084022 0.084022 0.164651 0.164651 0.084022 0.000027 0.084022 0.000007 0.000000 0.164651 0.084022 0.084022 1.000000
0.084022 0.084022 0.084022 0.084022 0.084022 0.084022 0.084022 0.084022 0.084022 0.084022 0.164651 0.164651 0.084022 0.000027 0.084022 0.000007 0.000000 0.164651 0.084022 0.084022 1.000000
0.084022 0.084022 0.084022 0.084022 0.084022 0.084022 0.084022 0.084022 0.084022 0.084022 0.164651 0.164651 0.084022 0.000027 0.084022 0.000007 0.000000 0.164651 0.084022 0.084022 1.000000
0.084022 0.084022 0.084022 0.084022 0.084022 0.084022 0.084022 0.084022 0.084022 0.084022 0.164651 0.164651 0.084022 0.000027 0.084022 0.000007 0.000000 0.164651 0.084022 0.084022 1.000000
0.084022 0.084022 0.084022 0.084022 0.084022 0.084022 0.084022 0.084022 0.084022 0.084022 0.164651 0.164651 0.084022 0.000027 0.084022 0.000007 0.000000 0.164651 0.084022 0.084022 1.000000
0.084022 0.084022 0.084022 0.084022 0.084022 0.084022 0.084022 0.084022 0.084022 0.084022 0.164651 0.164651 0.084022 0.000027 0.084022 0.000007 0.000000 0.164651 0.084022 0.084022 1.000000
0.084022 0.084022 0.084022 0.084022 0.084022 0.084022 0.084022 0.084022 0.084022 0.084022 0.164651 0.164651 0.084022 0.000027 0.084022 0.000007 0.000000 0.164651 0.084022 0.084022 1.000000
0.084022 0.084022 0.084022 0.084022 0.084022 0.084022 0.084022 0.084022 0.084022 0.084022 0.164651 0.164651 0.084022 0.000027 0.084022 0.000007 0.000000 0.164651 0.084022 0.084022 1.000000
0.084022 0.084022 0.084022 0.084022 0.084022 0.084022 0.084022 0.084022 0.084022 0.084022 0.164651 0.164651 0.084022 0.000027 0.084022 0.000007 0.000000 0.164651 0.084022 0.084022 1.000000
0.084022 0.084022 0.084022 0.084022 0.084022 0.084022 0.084022 0.084022 0.084022 0.084022 0.164651 0.164651 0.084022 0.000027 0.084022 0.000007 0.000000 0.164651 0.084022 0.084022 1.000000
0.084022 0.084022 0.084022 0.084022 0.084022 0.084022 0.084022 0.084022 0.084022 0.084022 0.164651 0.164651 0.084022 0.000027 0.084022 0.000007 0.000000 0.164651 0.084022 0.084022 1.000000
0.084022 0.084022 0.084022 0.084022 0.084022 0.084022 0.084022 0.084022 0.084022 0.084022 0.164651 0.164651 0.084022 0.000027 0.084022 0.000007 0.000000 0.164651 0.084022 0.084022 1.000000
0.084022 0.084022 0.084022 0.084022 0.084022 0.084022 0.084022 0.084022 0.084022 0.084022 0.164651 0.164651 0.084022 0.000027 0.084022 0.000007 0.000000 0.164651 0.084022 0.084022 1.000000
