0.000000 0.000000 0.000000 0.000000 0.000000 0.000000 0.000000 0.000000 0.000000 0.000000 0.000000 0.000000 0.000000 0.000000 0.000000 0.000000 0.000000 0.000000 0.000000 0.000000 0.000000
11.879655 11.879655 11.879655 11.879655 11.879655 11.879655 11.879655 11.879655 9528.311049 335.250620 18.053860 35.181687 1023.095575 36.024700 56.262994 645663.464105 22.542449 28.158124 87.894534 818.476900 1.000000
11.880000 11.880000 11.880000 11.880000 11.880000 11.880000 11.880000 11.880000 9528.591435 137.328755 43.965616 28.158950 654.801337 45.019713 56.264649 516545.971031 14.468317 68.675298 268.209731 523.841757 1.000000
11.875393 11.875393 11.875393 11.875393 11.875393 11.875393 11.875393 11.875393 7619.875079 268.104245 68.648299 9.319169 654.543802 171.590158 28.821770 413074.248613 11.601029 134.057717 70.295167 818.179065 1.000000
11.799083 11.799083 11.799083 11.799083 11.799083 11.799083 11.799083 11.799083 4844.933783 136.380089 43.662185 17.930421 332.944304 69.837170 44.708992 3057582.949789 7.455584 17.930421 2480.606395 266.356795 1.000000
11.880779 11.880779 11.880779 11.880779 11.880779 11.880779 11.880779 11.880779 29080.886609 214.583729 28.160818 54.950440 654.844877 56.268387 36.028150 516580.317623 43.968537 28.160818 56.268387 523.876589 1.000000
11.880176 11.880176 11.880176 11.880176 11.880176 11.880176 11.880176 11.880176 7622.987953 137.330822 35.183249 167.637240 818.513307 56.265495 45.020390 1576396.934042 18.054658 22.543448 70.323873 818.513307 1.000000
11.879919 11.879919 11.879919 11.879919 11.879919 11.879919 11.879919 11.879919 1278.897853 268.207884 14.468218 54.946411 1598.621965 56.264261 171.656485 645678.016933 22.542955 54.946411 56.264261 1023.118635 1.000000
11.880759 11.880759 11.880759 11.880759 11.880759 11.880759 11.880759 11.880759 7623.367570 419.101443 85.843136 22.544566 419.101443 28.834948 109.873405 330610.861550 35.184998 43.968465 87.902819 654.843804 1.000000
11.879909 11.879909 11.879909 11.879909 11.879909 11.879909 11.879909 11.879909 11910.646808 214.567797 134.109417 85.836905 1023.117741 56.264212 23.081865 413233.569737 28.158732 43.965276 28.832859 1023.117741 1.000000
11.881125 11.881125 11.881125 11.881125 11.881125 11.881125 11.881125 11.881125 11911.883513 87.905562 43.969836 85.845815 523.892082 87.905562 87.905562 807180.618280 35.186095 22.545267 45.024034 818.579618 1.000000
11.880336 11.880336 11.880336 11.880336 11.880336 11.880336 11.880336 11.880336 7623.091691 268.217418 18.054903 22.543753 818.524445 70.324829 137.332691 413248.621528 35.183727 43.966875 56.266260 523.856772 1.000000
11.881740 11.881740 11.881740 11.881740 11.881740 11.881740 11.881740 11.881740 6099.204723 137.349158 68.685498 68.685498 654.898630 109.882602 36.031103 264510.833349 43.972142 68.685498 70.333259 818.622600 1.000000
11.880989 11.880989 11.880989 11.880989 11.880989 11.880989 11.880989 11.880989 9529.396196 87.904541 68.681096 134.121783 1023.212091 87.904541 28.835512 516589.597228 28.161323 43.969326 56.269398 818.570113 1.000000
11.881028 11.881028 11.881028 11.881028 11.881028 11.881028 11.881028 11.881028 11911.784416 214.588290 22.545080 28.161415 654.858796 70.328983 87.904831 330618.430735 54.951607 35.185802 70.328983 523.887724 1.000000
11.880869 11.880869 11.880869 11.880869 11.880869 11.880869 11.880869 11.880869 6098.750982 109.874429 85.843936 18.055719 818.561700 137.338941 109.874429 413267.430416 43.968874 35.185326 45.023049 654.849910 1.000000
11.877563 11.877563 11.877563 11.877563 11.877563 11.877563 11.877563 11.877563 70978.770486 268.153943 35.175414 35.175414 523.732795 268.153943 23.077261 169226.576030 2438.812393 68.661019 45.010358 14.809239 1.000000
11.879827 11.879827 11.879827 11.879827 11.879827 11.879827 11.879827 11.879827 11910.563027 214.566288 22.542777 107.290134 818.488875 70.321774 28.832657 645672.910920 18.054123 35.182200 87.895820 654.791650 1.000000
11.881516 11.881516 11.881516 11.881516 11.881516 11.881516 11.881516 11.881516 11912.280729 137.346526 35.187266 28.162586 335.303874 335.303874 45.025534 264505.764968 85.848677 43.971301 109.880497 268.244441 1.000000
11.880567 11.880567 11.880567 11.880567 11.880567 11.880567 11.880567 11.880567 9529.053136 56.267373 22.544198 43.967745 1278.968630 45.021892 70.326220 413256.799932 68.678624 22.544198 109.871603 1278.968630 1.000000
11.880333 11.880333 11.880333 11.880333 11.880333 11.880333 11.880333 11.880333 9528.862517 137.332661 54.948351 18.054899 654.819966 335.270023 36.026782 413248.533122 28.159749 35.183719 70.324814 523.856660 1.000000
11.804136 11.804136 11.804136 11.804136 11.804136 11.804136 11.804136 11.804136 23112.480298 18.366042 68.230657 85.281727 650.560021 55.900437 44.728396 641500.193390 17.938163 68.230657 136.439332 1270.622826 1.000000
11.805712 11.805712 11.805712 11.805712 11.805712 11.805712 11.805712 11.805712 9468.154514 109.169548 17.940578 54.598510 416.416236 266.508606 55.908005 801983.873330 27.980798 34.959928 87.339760 520.519214 1.000000
11.879165 11.879165 11.879165 11.879165 11.879165 11.879165 11.879165 11.879165 11909.890477 171.645435 18.053110 18.053110 1023.052772 70.317805 70.317805 645636.451885 43.962487 18.053110 70.317805 818.442658 1.000000
11.803124 11.803124 11.803124 11.803124 11.803124 11.803124 11.803124 11.803124 14790.701735 170.531044 14.374258 17.936613 1270.512386 136.427474 22.931111 410524.438527 43.677341 27.974592 55.895582 1270.512386 1.000000
11.878332 11.878332 11.878332 11.878332 11.878332 11.878332 11.878332 11.878332 4877.944466 137.309208 43.959364 54.938972 335.212760 171.633232 14.810203 413177.950372 85.825355 18.051834 2497.507862 137.309208 1.000000
11.873899 11.873899 11.873899 11.873899 11.873899 11.873899 11.873899 11.873899 18600.835612 56.235358 14.460852 28.144319 654.460247 36.007021 23.070065 2461800.088226 9.318007 18.045041 1597.800234 654.460247 1.000000
11.870340 11.870340 11.870340 11.870340 11.870340 11.870340 11.870340 11.870340 6093.269204 56.218275 11.596096 107.203251 171.516106 23.063079 35.996093 3076314.707796 22.524591 7.499650 23.063079 270595.503357 1.000000
11.869731 11.869731 11.869731 11.869731 11.869731 11.869731 11.869731 11.869731 4874.361704 7616.189973 9.314765 408.893524 1597.231402 23.061883 35.994222 1574991.144614 14.455752 18.038656 11.869731 334.966557 1.000000
11.801277 11.801277 11.801277 11.801277 11.801277 11.801277 11.801277 11.801277 6057.309807 266.407049 17.933783 34.946628 520.320858 18.361557 520.320858 168124.115813 2422.924270 11.528675 28.639753 650.400208 1.000000
11.875150 11.875150 11.875150 11.875150 11.875150 11.875150 11.875150 11.875150 36333.640541 214.480620 11.600791 22.533812 2496.829164 36.010864 18.477464 516332.086608 54.924052 22.533812 23.072522 1997.463512 1.000000
11.867605 11.867605 11.867605 11.867605 11.867605 11.867605 11.867605 11.867605 45387.780591 23.057708 7.497958 35.145547 817.634790 56.205143 23.057708 2460476.514839 9.313111 18.035399 23.057708 29048.179598 1.000000
11.860997 11.860997 11.860997 11.860997 11.860997 11.860997 11.860997 11.860997 3147631.378686 23.044736 11.586975 43.894360 88597.946912 11.860997 11.860997 1967269.611679 22.506679 11.586975 44.946745 11.860997 1.000000
11.873143 11.873143 11.873143 11.873143 11.873143 11.873143 11.873143 11.873143 18599.635494 171.557186 9.317419 134.031959 1997.121149 44.993385 36.004701 1969313.003138 14.459928 11.598832 28.816244 1278.157997 1.000000
11.873947 11.873947 11.873947 11.873947 11.873947 11.873947 11.873947 11.873947 45412.383967 23.070160 22.531506 85.793224 1997.258268 23.070160 36.007170 169174.313347 1248.286906 9.318044 23.070160 3120.715582 1.000000
11.867929 11.867929 11.867929 11.867929 11.867929 11.867929 11.867929 11.867929 23239.187730 817.657450 7.498159 11.593742 1596.985444 14.797166 70.250370 1259798.888841 18.035896 14.453548 35.988688 1277.588637 1.000000
11.872197 11.872197 11.872197 11.872197 11.872197 11.872197 11.872197 11.872197 11902.804354 23.066724 22.528150 11.597908 137.237277 14.802514 14.802514 169149.022192 134.021124 167.523047 110853.503189 268.031055 1.000000
11.869910 11.869910 11.869910 11.869910 11.869910 11.869910 11.869910 11.869910 36317.380287 18.469244 9.314905 133.994947 1277.805003 35.994773 11.869910 169115.980437 4760.191875 14.455972 70.262262 2495.711769 1.000000
11.869116 11.869116 11.869116 11.869116 11.869116 11.869116 11.869116 11.869116 173163.010517 14.798653 22.522244 14.455000 4874.105640 23.060676 18.467997 1968635.507536 11.594901 22.522244 18.467997 6092.631958 1.000000
11.869910 11.869910 11.869910 11.869910 11.869910 11.869910 11.869910 11.869910 138539.803815 44.980968 167.490316 3046.522832 11.869910 23.062234 2495.711636 1968769.024190 22.523766 9.314904 18.469243 214.384627 1.000000
11.873674 11.873674 11.873674 11.873674 11.873674 11.873674 11.873674 11.873674 70955.198386 14.804366 18.044698 68.638226 1597.769651 28.817549 70.284853 2461752.967178 11.599351 18.044698 36.006333 2496.514502 1.000000
11.871044 11.871044 11.871044 11.871044 11.871044 11.871044 11.871044 11.871044 11.871044 2495.953613 11.596783 134.007930 9521.306001 28.811090 28.811090 169132.368484 9298.150396 14.457360 23.064462 7617.044848 1.000000
11.865898 11.865898 11.865898 11.865898 11.865898 11.865898 11.865898 11.865898 528306.220282 23.054357 14.451062 22.516074 1021.893827 23.054357 18.462948 3843933.666069 22.516074 6.055938 56.196948 1995.884971 1.000000
11.867772 11.867772 11.867772 11.867772 11.867772 11.867772 11.867772 11.867772 1290016.732489 23.058036 43.919764 998.103105 14872.880389 11.867772 35.988205 1574727.456651 22.519667 14.453355 23.058036 11.867772 1.000000
11.875358 11.875358 11.875358 11.875358 11.875358 11.875358 11.875358 11.875358 23253.943921 18.477791 28.147820 22.534211 268.103450 23.072931 56.242367 1575748.529432 18.047278 22.534211 23.072931 110883.445165 1.000000
11.869088 11.869088 11.869088 11.869088 11.869088 11.869088 11.869088 11.869088 56741.920394 171.497762 9.314265 22.522191 2495.536450 35.992248 23.060621 1968630.826973 9.314265 28.132784 14.798619 2495.536450 1.000000
11.871257 11.871257 11.871257 11.871257 11.871257 11.871257 11.871257 11.871257 3899.997885 35.998908 35.156500 85.773513 817.890005 28.811611 23.064879 330342.648588 261.728231 9.315952 11.871257 173194.686547 1.000000
11.865781 11.865781 11.865781 11.865781 11.865781 11.865781 11.865781 11.865781 173113.650866 14.794474 9.311692 261.605775 654.006411 23.054127 18.462764 169056.299674 11617.460538 7.496830 28.798163 1995.865009 1.000000
11.873605 11.873605 11.873605 11.873605 11.873605 11.873605 11.873605 11.873605 3120.624350 28.817378 22.530850 43.941636 173229.432455 36.006119 44.995157 169169.367633 18164.422591 7.501669 36.006119 56.233948 1.000000
11.870680 11.870680 11.870680 11.870680 11.870680 11.870680 11.870680 11.870680 70937.047792 23.063746 18.040110 261.715334 1597.360936 11.870680 28.810195 645168.691132 85.769288 9.315503 44.983926 3899.805700 1.000000
11.861671 11.861671 11.861671 11.861671 11.861671 11.861671 11.861671 11.861671 36291.810339 18581.406933 9.308496 28.114996 11.861671 28.788071 23.046059 6003976.376854 7.494289 9.308496 137.113876 1021.524625 1.000000
11.859193 11.859193 11.859193 11.859193 11.859193 11.859193 11.859193 11.859193 56.164760 11889.580392 6.052652 22.503220 29027.295708 14.786218 11.859193 168961.098384 1558.391712 11.585213 14.786218 7609.331528 1.000000
11.865146 11.865146 11.865146 11.865146 11.865146 11.865146 11.865146 11.865146 338094.264469 1596.605649 14.450143 43.909919 11.865146 23.052882 14.793679 3074949.422313 14.450143 9.311199 23.052882 9516.507627 1.000000
11.860030 11.860030 11.860030 11.860030 11.860030 11.860030 11.860030 11.860030 528041.244862 14.787267 18.023795 18.023795 4870.321057 14.787267 11.860030 3073604.572914 22.504825 7.493274 14.787267 6087.901229 1.000000
11.861517 11.861517 11.861517 11.861517 11.861517 11.861517 11.861517 11.861517 23226.452884 14.789131 14.445703 209.210069 1276.888532 23.045757 23.045757 135195.749125 5945.972095 6.053791 11.861517 23226.452884 1.000000
11.858664 11.858664 11.858664 11.858664 11.858664 11.858664 11.858664 11.858664 56691.374808 11.858664 22.502207 14512.992015 522.887553 11.858664 14.785556 135162.770256 14512.992015 7.492429 11.858664 4869.752219 1.000000
11.860975 11.860975 11.860975 11.860975 11.860975 11.860975 11.860975 11.860975 2014480.205291 14.788451 9.307954 326.871161 35.967331 11.860975 18.455223 3842316.065390 18.025242 7.493858 35.967331 23225.375536 1.000000
11.849213 11.849213 11.849213 11.849213 11.849213 11.849213 11.849213 11.849213 2515567.448747 23.021600 6.047760 1946.326555 36253.147627 28.757476 11.849213 5997580.167644 9.298806 9.298806 11.849213 11.849213 1.000000
11.847140 11.847140 11.847140 11.847140 11.847140 11.847140 11.847140 11.847140 172837.802091 18.433517 22.480113 637.660508 4864.951837 11.847140 11.847140 11711945.031798 6.046744 6.046744 11.847140 3891.961562 1.000000
11.864561 11.864561 11.864561 11.864561 11.864561 11.864561 11.864561 11.864561 9516.031215 14.792945 9.310743 1259436.230810 11.864561 9516.031215 18.460850 135230.935575 9292.999238 11.590454 18.460850 109.721483 1.000000
11.866477 11.866477 11.866477 11.866477 11.866477 11.866477 11.866477 11.866477 11.866477 334.873407 9.312234 9294.521406 214.321735 14.795346 109.739452 644936.971770 85.738491 11.592324 18.463856 1289873.943537 1.000000
11.867398 11.867398 11.867398 11.867398 11.867398 11.867398 11.867398 11.867398 11897.924367 14.796500 7.497830 4759.169923 214.338615 23.057303 11.867398 169079.673407 2436.695304 35.144928 1277.530675 817.620354 1.000000
11.869285 11.869285 11.869285 11.869285 11.869285 11.869285 11.869285 11.869285 9519.874841 14.798865 9.314418 511.096340 11899.843505 18.468263 70.258510 169106.945989 9296.752780 11.595066 18.468263 654.202339 1.000000
11.872789 11.872789 11.872789 11.872789 11.872789 11.872789 11.872789 11.872789 3900.508369 18.473760 11.598486 511.249355 138573.885257 23.067886 14.803256 135326.059821 28.141658 5951.703220 28.815374 214.437365 1.000000
11.779656 11.779656 11.779656 11.779656 11.779656 11.779656 11.779656 11.779656 3907169.070727 18.327631 6.013670 207.745554 11.779656 11.779656 22.885033 640150.580549 106.372660 9.244704 18.327631 70385.300698 1.000000
11.861558 11.861558 11.861558 11.861558 11.861558 11.861558 11.861558 11.861558 110752.745150 14.789182 7.494219 167.370791 523.016964 23.045837 109.693322 135196.222104 18145.729819 7.494219 11.861558 1995.144588 1.000000
11.866832 11.866832 11.866832 11.866832 11.866832 11.866832 11.866832 11.866832 338142.982226 18.464413 9.312510 107.171119 523.252832 11.866832 14.795791 135257.192897 35.143230 7435.842951 18.464413 3898.523415 1.000000
11.865487 11.865487 11.865487 11.865487 11.865487 11.865487 11.865487 11.865487 660359.618035 11.865487 22.515288 1949.038092 334.845093 14.794106 18.462304 135241.649781 11617.169343 7.496649 28.797443 523.192703 1.000000
11.848870 11.848870 11.848870 11.848870 11.848870 11.848870 11.848870 11.848870 11.848870 14848.854076 7.486372 11.575136 1275.507631 18.436232 18.436232 28597852.574726 6.047592 11.575136 11.848870 659421.584381 1.000000
11.867971 11.867971 11.867971 11.867971 11.867971 11.867971 11.867971 11.867971 528399.872979 18.466201 11.593783 1949.451958 11.867971 14.797219 18.466201 169087.959359 209.325532 107.181557 35.988818 23239.272221 1.000000
11.840742 11.840742 11.840742 11.840742 11.840742 11.840742 11.840742 11.840742 11.840742 527170.162028 7.481345 85.549938 11.840742 14.763096 14.763096 22862361.397527 6.043608 7.481345 1608795.660481 11.840742 1.000000
11.853878 11.853878 11.853878 11.853878 11.853878 11.853878 11.853878 11.853878 18569.024489 18.444089 6.050047 28334.082731 1020.843894 11.853878 18.444089 5999975.393382 9.302434 9.302434 14.779558 23211.280587 1.000000
11.863837 11.863837 11.863837 11.863837 11.863837 11.863837 11.863837 11.863837 56716.457305 23.050312 7.495628 326.951175 11.863837 14.792038 109.714698 135222.571588 9292.424470 11.589747 23.050312 70895.571623 1.000000
11.787139 11.787139 11.787139 11.787139 11.787139 11.787139 11.787139 11.787139 28.605029 28848.398783 6.017337 22.365080 28848.398783 22.899725 14.695922 4772567.229488 11.514872 17.912122 18.339372 4839.958377 1.000000
11.864787 11.864787 11.864787 11.864787 11.864787 11.864787 11.864787 11.864787 1612109.590894 23.052177 7.496216 326.977729 9516.215479 23.052177 56.191617 169041.942644 1247.310183 11.590675 18.461205 11.864787 1.000000
11.851103 11.851103 11.851103 11.851103 11.851103 11.851103 11.851103 11.851103 23205.769700 11881.354148 14.432962 14503.606104 1020.601523 35.937016 14.776081 11715919.652893 6.048687 6.048687 14.776081 11.851103 1.000000
11.846172 11.846172 11.846172 11.846172 11.846172 11.846172 11.846172 11.846172 11992038.045045 23.015630 6.046270 11.572502 11.846172 18.431998 11.846172 3069961.739532 22.478258 6.046270 18.431998 110607.028379 1.000000
11.849542 11.849542 11.849542 11.849542 11.849542 11.849542 11.849542 11.849542 4913356.294877 11.849542 7.486788 261.242657 11.849542 11.849542 18.437286 168821.636807 14501.668247 7.486788 11.849542 23202.669128 1.000000
11.862311 11.862311 11.862311 11.862311 11.862311 11.862311 11.862311 11.862311 11892.751652 11.862311 6.054180 510.791748 3117.613788 653.812461 14.790126 169006.164702 35.129673 11614.015289 14.790126 267.804692 1.000000
11.847462 11.847462 11.847462 11.847462 11.847462 11.847462 11.847462 11.847462 11.847462 11.847462 7.485501 326.493447 11.847462 15137751759.434317 14.771518 4797345.025988 133.737939 9.297444 14.771518 11.847462 1.000000
11.898804 11.898804 11.898804 11.898804 11.898804 11.898804 11.898804 11.898804 11.898804 15204291268.553780 6.072069 6.072069 11.898804 11.898804 14.835856 109558464.786386 6.072069 6.072069 137.549196 11.898804 1.000000
11.860616 11.860616 11.860616 11.860616 11.860616 11.860616 11.860616 11.860616 4870.565087 18.454661 7.493636 326.861136 11.860616 14.788001 6147517.154316 135185.331870 35.124589 7431.892349 11.860616 23.043988 1.000000
11.780147 11.780147 11.780147 11.780147 11.780147 11.780147 11.780147 11.780147 23064.831181 28831.038957 6.013911 3023.153878 11.780147 14.687160 22.885997 134254.986995 9225.932563 7.443875 14.687160 519.375750 1.000000
11.859982 11.859982 11.859982 11.859982 11.859982 11.859982 11.859982 11.859982 11.859982 109.678547 9.307182 3073592.052922 11.859982 18.453667 23.042744 805723.715122 107.108388 7.493244 4870.301219 56697.766005 1.000000
11.849493 11.849493 11.849493 11.849493 11.849493 11.849493 11.849493 11.849493 11.849493 89373055.434818 208.994972 4751.886905 11.849493 11.849493 417.982766 329728.376141 6.047898 408.186409 11.849493 11.849493 1.000000
11.850424 11.850424 11.850424 11.850424 11.850424 11.850424 11.850424 11.850424 89380177.143817 11.850424 11.576653 261.262378 1275.677300 14.775230 14.775230 168834.381117 11602.210411 6.048354 11.850424 11.850424 1.000000
11.859852 11.859852 11.859852 11.859852 11.859852 11.859852 11.859852 11.859852 270353.011272 334.683805 14.443666 997.427564 7609.760886 11.859852 11.859852 135176.505641 11611.573504 9.307081 14.787045 11.859852 1.000000
11.840568 11.840568 11.840568 11.840568 11.840568 11.840568 11.840568 11.840568 11.840568 11.840568 6.043523 326.300735 9682442603.803202 23.004627 14.762878 7491427.110832 167.070393 6.043523 11.840568 11.840568 1.000000
11.849027 11.849027 11.849027 11.849027 11.849027 11.849027 11.849027 11.849027 337628.373032 11.849027 9.298661 266341823.975642 417.966074 14.773479 11.849027 135051.349219 11600.822649 6.047669 14.773479 11.849027 1.000000
11.850651 11.850651 11.850651 11.850651 11.850651 11.850651 11.850651 11.850651 29006.089215 29006.089215 7.487474 14.432408 816.450052 23.024424 11.850651 9372372.896962 6.048465 7.487474 14.775514 418.024192 1.000000
11.860628 11.860628 11.860628 11.860628 11.860628 11.860628 11.860628 11.860628 138429.928081 1595.989036 7.493644 1948.228552 11.860628 11.860628 14.788017 168981.845799 3044.106639 28.112496 14.788017 2493.732291 1.000000
11.856390 11.856390 11.856390 11.856390 11.856390 11.856390 11.856390 11.856390 11.856390 18573.016231 9.304388 22.497848 11.856390 1288761.887257 11.856390 3840809.724498 43.877085 7.491023 23.035691 522.785842 1.000000
11.850143 11.850143 11.850143 11.850143 11.850143 11.850143 11.850143 11.850143 337660.624098 11.850143 9.299529 3041.376851 88515.706654 18.438228 14.774877 135064.249645 14502.413445 6.048216 11.850143 11.850143 1.000000
11.850220 11.850220 11.850220 11.850220 11.850220 11.850220 11.850220 11.850220 172883.381942 14.774974 6.048254 3801.746037 3114.390459 11.850220 14.774974 3838782.224007 18.008765 6.048254 18.438349 3114.390459 1.000000
11.841902 11.841902 11.841902 11.841902 11.841902 11.841902 11.841902 11.841902 3928114.263141 11.841902 6.044177 14492.183770 23187.493965 18.425299 14.764550 7492283.369332 7.482063 7.482063 11.841902 11.841902 1.000000
11.858459 11.858459 11.858459 11.858459 11.858459 11.858459 11.858459 11.858459 23220.378965 14.785298 9.305997 28345.189149 109.664258 23.039753 11.858459 135160.394264 14512.736895 6.052292 18.451276 23220.378965 1.000000
11.836231 11.836231 11.836231 11.836231 11.836231 11.836231 11.836231 11.836231 18721609.461643 11.836231 7.478556 9.288708 215845.461496 11.836231 18.416401 9360804.730822 6.041397 7.478556 11.836231 11.836231 1.000000
11.848123 11.848123 11.848123 11.848123 11.848123 11.848123 11.848123 11.848123 270081.800450 11.848123 7.485910 133.745507 3113.831479 11.848123 11.848123 1965103.732411 6.047226 54.797346 11.848123 18559.880056 1.000000
11.861988 11.861988 11.861988 11.861988 11.861988 11.861988 11.861988 11.861988 4871.136465 11.861988 7.494484 408.622973 6088.920489 14.789721 18.456813 135201.190810 43.898075 7432.764203 11.861988 18581.910226 1.000000
11.852780 11.852780 11.852780 11.852780 11.852780 11.852780 11.852780 11.852780 11.852780 87.692903 9.301580 329821.144403 11.852780 28.766237 89398200.322532 412276.430502 326.642102 7.488790 11.852780 11.852780 1.000000
11.849310 11.849310 11.849310 11.849310 11.849310 11.849310 11.849310 11.849310 527557.113262 14.773833 7.486644 108043.696805 11.849310 11.849310 522.469173 3070786.556116 22.484273 6.047808 11.849310 1993.054925 1.000000
11.850260 11.850260 11.850260 11.850260 11.850260 11.850260 11.850260 11.850260 337664.001206 11.850260 7.487231 805053.713808 11.850260 11.850260 11.850260 135065.600489 7425.310047 11.576493 11.850260 11880.495944 1.000000
11.854727 11.854727 11.854727 11.854727 11.854727 11.854727 11.854727 11.854727 139707963.647265 11.854727 43.870849 3803.212787 137.032470 11.854727 11.854727 168896.564465 11606.483618 9.303095 11.854727 11.854727 1.000000
11.849451 11.849451 11.849451 11.849451 11.849451 11.849451 11.849451 11.849451 11.849451 11.849451 44255.232037 804997.980855 109.579773 11.849451 11.849451 168820.312560 35404.185640 6.047877 270112.500091 11.849451 1.000000
11.841862 11.841862 11.841862 11.841862 11.841862 11.841862 11.841862 11.841862 11.841862 11.841862 6.044157 86379.846637 337421.275882 11.841862 11.841862 210888.297429 6.044157 1244.865588 14.764499 88452.962955 1.000000
11.835580 11.835580 11.835580 11.835580 11.835580 11.835580 11.835580 11.835580 11.835580 11.835580 6.041078 407.700247 11.835580 11.835580 652.318004 170262543.229072 6.041078 6.041078 11865.567564 421549.638910 1.000000
11.777854 11.777854 11.777854 11.777854 11.777854 11.777854 11.777854 11.777854 88824950.098916 11.777854 85.089152 1934.436630 136.131186 11.777854 11.777854 167785.586882 14412.672237 6.012787 22.881494 11.777854 1.000000
11.908211 11.908211 11.908211 11.908211 11.908211 11.908211 11.908211 11.908211 11.908211 11.908211 6.076681 69496.609860 11.908211 4986137223.827820 11.908211 11773183.652397 7.523072 7.523072 11.908211 11.908211 1.000000
11.847989 11.847989 11.847989 11.847989 11.847989 11.847989 11.847989 11.847989 28999.480305 11.847989 7.485827 510.166212 3144129.951026 11.847989 14.772178 168799.191431 9279.833794 6.047160 18.434849 11.847989 1.000000
11.852156 11.852156 11.852156 11.852156 11.852156 11.852156 11.852156 11.852156 216140.032296 14.777399 11.578343 412254.395089 11882.424021 14.777399 11.852156 135087.520189 11603.929712 6.049202 14.777399 11.852156 1.000000
11.847808 11.847808 11.847808 11.847808 11.847808 11.847808 11.847808 11.847808 270074.505816 18.434564 6.047071 408.127504 11.847808 11.847808 1594.239120 168796.566139 14499.514693 6.047071 11.847808 3113.747377 1.000000
11.841857 11.841857 11.841857 11.841857 11.841857 11.841857 11.841857 11.841857 11.841857 28984.255143 6.044154 261.070791 7672068.446427 11.841857 14.764493 210888.211653 7419.969443 6.044154 11.841857 11.841857 1.000000
11.847988 11.847988 11.847988 11.847988 11.847988 11.847988 11.847988 11.847988 216062.943298 522.410056 7.485827 266318139.111028 11.847988 18.434848 11.847988 135039.339566 14499.738746 6.047160 14.772177 11.847988 1.000000
11.840312 11.840312 11.840312 11.840312 11.840312 11.840312 11.840312 11.840312 56602.383064 11.840312 7.481080 88059373614.667740 11.840312 11.840312 14.762558 168688.246751 2454737.066654 6.043397 11.840312 11.840312 1.000000
11.852530 11.852530 11.852530 11.852530 11.852530 11.852530 11.852530 11.852530 14853.506324 1275.907256 6.049386 4846182537.075022 11.852530 11.852530 14.777869 168864.815545 28.093076 9283.441518 14.777869 11.852530 1.000000
11.847990 11.847990 11.847990 11.847990 11.847990 11.847990 11.847990 11.847990 110624.247922 11.847990 6.047161 11712797.843464 1594.264057 18.434851 11.847990 210999.008018 86425.193694 7.485828 14.772180 11.847990 1.000000
11.849163 11.849163 11.849163 11.849163 11.849163 11.849163 11.849163 11.849163 11879.380921 14.773649 6.047736 637.770970 28.757354 11.849163 3930557.406980 135052.924152 14501.197380 7.486553 11.849163 11.849163 1.000000
11.843870 11.843870 11.843870 11.843870 11.843870 11.843870 11.843870 11.843870 421849.145988 11.843870 11.570255 215054227899.921021 11.843870 11.843870 14.767016 134991.726723 14494.626356 6.045141 11.843870 11.843870 1.000000
11.843590 11.843590 11.843590 11.843590 11.843590 11.843590 11.843590 11.843590 23190.846663 14.766665 6.045004 509.974071 6138565.987929 11.843590 14.766665 134988.493639 9276.338756 6.045004 11.843590 11.843590 1.000000
11.858899 11.858899 11.858899 11.858899 11.858899 11.858899 11.858899 11.858899 7609.140237 14.785850 7.492574 209.163232 11.858899 11.858899 11.858899 168956.850852 28.108349 7430.801018 2493.363431 70865.639547 1.000000
11.849925 11.849925 11.849925 11.849925 11.849925 11.849925 11.849925 11.849925 23203.429244 23203.429244 7.487025 329740.561270 11.849925 11.849925 11.849925 168827.167375 11601.714687 6.048109 14.774604 109.584222 1.000000
11.849942 11.849942 11.849942 11.849942 11.849942 11.849942 11.849942 11.849942 18562.770564 11.849942 6.048117 326.562775 136.976371 11.849942 14.774626 135061.931439 11601.731655 7.487035 11.849942 824352.608839 1.000000
11.837923 11.837923 11.837923 11.837923 11.837923 11.837923 11.837923 11.837923 11.837923 11.837923 6.042226 995.556796 9586853.547925 14.759563 11.837923 44642265.643575 6.042226 9.290024 11.837923 23179.589609 1.000000
11.844775 11.844775 11.844775 11.844775 11.844775 11.844775 11.844775 11.844775 14988254.825974 11.844775 14.425219 14636967.603491 11.844775 14.768151 11.844775 168752.747129 108001.758168 6.045585 11.844775 11.844775 1.000000
11.854938 11.854938 11.854938 11.854938 11.854938 11.854938 11.854938 11.854938 29016.731423 816.749604 11606.692642 4800415.528867 11.854938 11.854938 11.854938 135119.684926 28336.651782 9.303258 11.854938 11.854938 1.000000
11.858246 11.858246 11.858246 11.858246 11.858246 11.858246 11.858246 11.858246 23219.955454 3116.529980 9.305832 7430.385866 11.858246 3116.529980 11.858246 135157.929104 11609.977791 7.492170 14.785031 18.450942 1.000000
11.841862 11.841862 11.841862 11.841862 11.841862 11.841862 11.841862 11.841862 45287.917472 2489.729993 6.044157 44657334.443625 11.841862 14.764499 11.841862 134968.511618 263610.374242 6.044157 11.841862 11.841862 1.000000
11.846692 11.846692 11.846692 11.846692 11.846692 11.846692 11.846692 11.846692 18557.605647 11.846692 6.046524 326.471913 216038.962747 14.770552 11.846692 168780.439648 11598.503582 6.046524 11.846692 522.352075 1.000000
11.847087 11.847087 11.847087 11.847087 11.847087 11.847087 11.847087 11.847087 270057.842289 11.847087 18.003966 215113482041.633850 14.771047 11.847087 11.847087 168786.151435 11598.896093 6.046718 14.771047 11.847087 1.000000
11.902572 11.902572 11.902572 11.902572 11.902572 11.902572 11.902572 11.902572 276653293039.869446 14.840579 6.073917 11.627562 11.902572 11.902572 14.840579 14709412.089387 6.073917 6.073917 11.902572 11.902572 1.000000
11.847303 11.847303 11.847303 11.847303 11.847303 11.847303 11.847303 11.847303 337578.538187 14.771318 9.297320 637.669398 11.847303 11.847303 11.847303 168789.269098 14498.887882 6.046824 270062.830551 11.847303 1.000000
11.843046 11.843046 11.843046 11.843046 11.843046 11.843046 11.843046 11.843046 527274.245809 11.843046 14.423103 215039062001.462219 11.843046 11.843046 11.843046 134982.206934 11594.883372 6.044737 11.843046 11.843046 1.000000
11.843870 11.843870 11.843870 11.843870 11.843870 11.843870 11.843870 11.843870 421849.145955 14.767016 11.570255 268817784854.067932 11.843870 11.843870 11.843870 134991.726712 11595.701115 6.045141 11.843870 11.843870 1.000000
11.843046 11.843046 11.843046 11.843046 11.843046 11.843046 11.843046 11.843046 527274.245809 11.843046 14.423103 215039062001.463745 11.843046 11.843046 11.843046 134982.206934 11594.883372 6.044737 11.843046 11.843046 1.000000
11.846333 11.846333 11.846333 11.846333 11.846333 11.846333 11.846333 11.846333 527422.695847 11.846333 14.427125 215099604607.691772 11.846333 11.846333 11.846333 135020.210144 9278.518297 7.484804 11.846333 11.846333 1.000000
11.837487 11.837487 11.837487 11.837487 11.837487 11.837487 11.837487 11.837487 88419.816718 11.837487 7.479333 214936668058.952667 11.837487 14.759017 14.759017 14627831.629040 6.042013 6.042013 11.837487 267.236240 1.000000
11.842469 11.842469 11.842469 11.842469 11.842469 11.842469 11.842469 11.842469 421798.521787 11.842469 9.293560 268785525273.038788 11.842469 11.842469 14.765260 134975.526978 14492.886922 6.044454 11.842469 11.842469 1.000000
11.844775 11.844775 11.844775 11.844775 11.844775 11.844775 11.844775 11.844775 421881.867720 14.768151 14.425219 215070909092.451355 11.844775 11.844775 11.844775 135002.197677 11596.600564 6.045585 11.844775 11.844775 1.000000
11.898548 11.898548 11.898548 11.898548 11.898548 11.898548 11.898548 11.898548 14.835536 11.898548 6.071944 3174735004982010.500000 11.898548 11.898548 11.898548 45752753233398.601562 6.071944 6.071944 11.898548 11.898548 1.000000
11.843421 11.843421 11.843421 11.843421 11.843421 11.843421 11.843421 11.843421 421832.927188 11.843421 7.483002 1571450.111216 11.843421 11.843421 11.843421 168733.170880 14494.069082 6.044921 11.843421 6079.253328 1.000000
11.857575 11.857575 11.857575 11.857575 11.857575 11.857575 11.857575 11.857575 270300.354122 11.857575 11.583634 2482316713.215878 11.857575 14.784191 109.655969 135150.177067 28.105174 7429.959693 11.857575 11.857575 1.000000
11.840130 11.840130 11.840130 11.840130 11.840130 11.840130 11.840130 11.840130 45281.197570 11.840130 6.043308 407.859221 11.840130 11.840130 11.840130 134948.484749 11591.986658 6.043308 11.840130 4909397.275381 1.000000
11.840132 11.840132 11.840132 11.840132 11.840132 11.840132 11.840132 11.840132 56601.506803 11.840132 6.043309 18112.482227 11.840132 11.840132 11.840132 168685.635291 11591.988676 6.043309 527142.610267 11.840132 1.000000
11.843582 11.843582 11.843582 11.843582 11.843582 11.843582 11.843582 11.843582 421838.764399 11.843582 9.294426 215048935475.871246 11.843582 11.843582 18.427935 134988.404614 11595.415749 6.045000 11.843582 11.843582 1.000000
11.843046 11.843046 11.843046 11.843046 11.843046 11.843046 11.843046 11.843046 527274.245809 11.843046 14.423103 215039062001.463745 11.843046 11.843046 11.843046 134982.206934 11594.883372 6.044737 11.843046 11.843046 1.000000
11.843046 11.843046 11.843046 11.843046 11.843046 11.843046 11.843046 11.843046 421819.396681 11.843046 14.423103 215039062018.232941 11.843046 11.843046 11.843046 168727.758677 14493.604177 6.044737 11.843046 11.843046 1.000000
11.855810 11.855810 11.855810 11.855810 11.855810 11.855810 11.855810 11.855810 216207.634588 11.855810 7.490664 3072495.283380 14.781979 14.781979 11.855810 135129.771622 28.100942 7428.837892 3894.850747 11.855810 1.000000
11.906474 11.906474 11.906474 11.906474 11.906474 11.906474 11.906474 11.906474 1035426.960120 11.906474 6.075830 6026978.139529 7640.102587 11.906474 11.906474 11771441.678767 6.075830 6.075830 11.906474 11.906474 1.000000
11.848249 11.848249 11.848249 11.848249 11.848249 11.848249 11.848249 11.848249 23200.099187 7602.208619 7.485988 643932.106075 11.848249 11.848249 11.848249 135042.350419 11600.049658 6.047287 11.848249 334.351656 1.000000
11.906474 11.906474 11.906474 11.906474 11.906474 11.906474 11.906474 11.906474 11.906474 11.906474 6.075830 265069.302040 11.906474 11.906474 1294283.701347 11771441.689657 6.075830 6.075830 11.906474 29144.678010 1.000000
11.852685 11.852685 11.852685 11.852685 11.852685 11.852685 11.852685 11.852685 138335.887137 11.852685 14.434896 1965871.193902 11.852685 11.852685 816.592171 168867.049725 14505.569187 6.049462 11.852685 171.257373 1.000000
11.835764 11.835764 11.835764 11.835764 11.835764 11.835764 11.835764 11.835764 1608109.666255 14.756858 7.478267 263472.687723 18540.242214 11.835764 11.835764 11700537.770629 6.041168 6.041168 11.835764 11.835764 1.000000
11.847303 11.847303 11.847303 11.847303 11.847303 11.847303 11.847303 11.847303 421973.202686 11.847303 9.297320 14498.888911 11.847303 11.847303 11.847303 168789.281079 14498.888911 6.046824 14.771319 45309.027655 1.000000
11.843046 11.843046 11.843046 11.843046 11.843046 11.843046 11.843046 11.843046 527274.245809 11.843046 14.423103 215039062001.463745 11.843046 11.843046 11.843046 134982.206934 11594.883372 6.044737 11.843046 11.843046 1.000000
11.835288 11.835288 11.835288 11.835288 11.835288 11.835288 11.835288 11.835288 3925888.748145 11.835288 329327.417601 3833875.730610 11.835288 11.835288 11.835288 11700060.213043 6.040935 6.040935 11.835288 11.835288 1.000000
11.843046 11.843046 11.843046 11.843046 11.843046 11.843046 11.843046 11.843046 527274.245809 11.843046 14.423103 215039062001.462219 11.843046 11.843046 11.843046 134982.206934 11594.883372 6.044737 11.843046 11.843046 1.000000
11.842140 11.842140 11.842140 11.842140 11.842140 11.842140 11.842140 11.842140 527233.325700 11.842140 11.568566 268777966863.968353 11.842140 11.842140 11.842140 134971.731386 11593.983529 6.044293 11.842140 11.842140 1.000000
11.850319 11.850319 11.850319 11.850319 11.850319 11.850319 11.850319 11.850319 45320.724544 11.850319 6.048302 805057.789706 11880.556093 87.674436 11.850319 168832.855386 9281.684490 9.299666 11.850319 11.850319 1.000000
11.840738 11.840738 11.840738 11.840738 11.840738 11.840738 11.840738 11.840738 658962.522405 11.840738 9.292214 214996554584.002350 11.840738 11.840738 11.840738 134955.524596 11592.591377 6.043606 11.840738 11.840738 1.000000
11.843046 11.843046 11.843046 11.843046 11.843046 11.843046 11.843046 11.843046 527274.245809 11.843046 14.423103 215039062001.463745 11.843046 11.843046 11.843046 134982.206934 11594.883372 6.044737 11.843046 11.843046 1.000000
11.843046 11.843046 11.843046 11.843046 11.843046 11.843046 11.843046 11.843046 527274.245809 11.843046 14.423103 215039062001.463745 11.843046 11.843046 11.843046 134982.206934 11594.883372 6.044737 11.843046 11.843046 1.000000
11.837020 11.837020 11.837020 11.837020 11.837020 11.837020 11.837020 11.837020 70733.025537 11.837020 6.041784 6049687502.578557 11.837020 11.837020 14.758433 134912.539533 35711051.867515 6.041784 11.837020 11.837020 1.000000
11.845573 11.845573 11.845573 11.845573 11.845573 11.845573 11.845573 11.845573 1287569.271100 138251.697775 9.295975 408.049441 11.845573 11.845573 11.845573 168764.279507 9277.914491 6.045976 11.845573 11.845573 1.000000
11.843421 11.843421 11.843421 11.843421 11.843421 11.843421 11.843421 11.843421 659113.949439 11873.541433 7.483002 263645.579779 11.843421 11.843421 11.843421 134986.536852 11595.255309 6.044921 11.843421 11.843421 1.000000
11.844938 11.844938 11.844938 11.844938 11.844938 11.844938 11.844938 11.844938 14843.855716 11.844938 6.045665 208.913483 171.143847 11.844938 11.844938 168755.100839 11596.762312 6.045665 11.844938 1287499.243419 1.000000
11.846333 11.846333 11.846333 11.846333 11.846333 11.846333 11.846333 11.846333 421938.156730 11.846333 14.427125 215099604633.817810 11.846333 11.846333 11.846333 168775.262697 11598.147824 7.484804 11.846333 11.846333 1.000000
11.835288 11.835288 11.835288 11.835288 11.835288 11.835288 11.835288 11.835288 70722.524426 11.835288 6.040935 23074300226.718140 11.835288 11.835288 11.835288 168615.637814 11700060.212898 6.040935 11.835288 11.835288 1.000000
11.846976 11.846976 11.846976 11.846976 11.846976 11.846976 11.846976 11.846976 421961.354941 11.846976 11.573287 3070172.933356 11.846976 3891.906819 11.846976 168784.541981 11598.785492 6.046663 11.846976 11.846976 1.000000
11.842469 11.842469 11.842469 11.842469 11.842469 11.842469 11.842469 11.842469 527248.152192 11.842469 9.293560 215028420201.780518 11.842469 11.842469 14.765260 134975.526968 11594.309567 6.044454 11.842469 11.842469 1.000000
11.845575 11.845575 11.845575 11.845575 11.845575 11.845575 11.845575 11.845575 421910.772134 11.845575 9.295976 22651.162146 11.845575 11.845575 45302.324225 168764.308859 14496.743814 6.045977 11.845575 11.845575 1.000000
11.844775 11.844775 11.844775 11.844775 11.844775 11.844775 11.844775 11.844775 421881.867720 11.844775 14.425219 215070909092.449829 11.844775 11.844775 11.844775 135002.197677 11596.600564 6.045585 14.768151 11.844775 1.000000
11.843421 11.843421 11.843421 11.843421 11.843421 11.843421 11.843421 11.843421 527291.159281 11.843421 7.483002 643665.965918 11.843421 11.843421 11.843421 168733.170975 14494.069090 6.044921 7599.066591 11.843421 1.000000
11.845573 11.845573 11.845573 11.845573 11.845573 11.845573 11.845573 11.845573 527388.353279 11.845573 9.295974 170408367.623802 11.845573 11.845573 11.845573 135011.418446 11597.392622 6.045976 522.302042 11.845573 1.000000
11.843046 11.843046 11.843046 11.843046 11.843046 11.843046 11.843046 11.843046 527274.245809 11.843046 14.423103 215039062001.463745 11.843046 11.843046 11.843046 134982.206934 11594.883372 6.044737 11.843046 11.843046 1.000000
11.842140 11.842140 11.842140 11.842140 11.842140 11.842140 11.842140 11.842140 527233.325700 11.842140 11.568566 268777966863.970276 11.842140 11.842140 11.842140 134971.731386 11593.983529 6.044293 11.842140 11.842140 1.000000
11.835288 11.835288 11.835288 11.835288 11.835288 11.835288 11.835288 11.835288 3925888.748145 11.835288 329327.417601 3833875.730610 11.835288 11.835288 11.835288 11700060.213043 6.040935 6.040935 11.835288 11.835288 1.000000
11.846976 11.846976 11.846976 11.846976 11.846976 11.846976 11.846976 11.846976 421961.356557 11.846976 11.573287 35396.684141 11.846976 36246.204559 11.846976 135027.634105 14498.481882 6.046663 11.846976 11.846976 1.000000
11.838581 11.838581 11.838581 11.838581 11.838581 11.838581 11.838581 11.838581 88428.107727 11.838581 7.480009 4840397325.998614 11.838581 11.838581 11.838581 168663.230360 28572662.620085 6.042549 11.838581 11.838581 1.000000
11.838581 11.838581 11.838581 11.838581 11.838581 11.838581 11.838581 11.838581 110535.134654 11.838581 6.042549 4840397326.008759 11.838581 11.838581 11.838581 134930.584291 22858130.096116 7.480009 11.838581 11.838581 1.000000
11.843420 11.843420 11.843420 11.843420 11.843420 11.843420 11.843420 11.843420 659113.926232 11.843420 7.483002 22867608.023500 11.843420 11.843420 11.843420 134986.532099 11595.254901 6.044921 1274.912534 11.843420 1.000000
11.843415 11.843415 11.843415 11.843415 11.843415 11.843415 11.843415 11.843415 28988.123076 11.843415 7.482999 172036678852.144958 11.843415 11.843415 11.843415 134986.466929 11595.249303 6.044918 11.843415 334.213296 1.000000
11.840738 11.840738 11.840738 11.840738 11.840738 11.840738 11.840738 11.840738 658962.522405 11.840738 9.292214 171997243667.298615 11.840738 11.840738 11.840738 168694.405741 11592.591377 6.043606 11.840738 11.840738 1.000000
11.840312 11.840312 11.840312 11.840312 11.840312 11.840312 11.840312 11.840312 658938.463718 11.840312 7.481080 171990964057.063934 11.840312 11.840312 14.762558 134950.597377 11592.168132 6.043397 11.840312 11.840312 1.000000
11.901650 11.901650 11.901650 11.901650 11.901650 11.901650 11.901650 11.901650 11.901650 11.901650 6.073465 18207.939168 9733107421.072186 11.901650 11.901650 18385320.103777 6.073465 6.073465 11.901650 11.901650 1.000000
11.841872 11.841872 11.841872 11.841872 11.841872 11.841872 11.841872 11.841872 70762.432379 11.841872 7.482044 4888930346185.409180 11.841872 11.841872 11.841872 168710.785788 7.482044 35381.216211 11.841872 11.841872 1.000000
11.840130 11.840130 11.840130 11.840130 11.840130 11.840130 11.840130 11.840130 45281.197570 11.840130 6.043308 407.859221 11.840130 4909397.275381 11.840130 134948.484749 11591.986658 6.043308 11.840130 11.840130 1.000000
11.838581 11.838581 11.838581 11.838581 11.838581 11.838581 11.838581 11.838581 823550.929293 11.838581 7.480009 171965457873.117889 11.838581 11.838581 11.838581 134930.584263 11590.449018 6.042549 11.838581 11.838581 1.000000
11.838581 11.838581 11.838581 11.838581 11.838581 11.838581 11.838581 11.838581 823550.929293 11.838581 7.480009 171965457873.117889 11.838581 11.838581 11.838581 134930.584263 11590.449018 6.042549 11.838581 11.838581 1.000000
11.840312 11.840312 11.840312 11.840312 11.840312 11.840312 11.840312 11.840312 658938.463718 14.762558 7.481080 171990964057.065155 11.840312 11.840312 11.840312 134950.597377 11592.168132 6.043397 11.840312 11.840312 1.000000
11.838581 11.838581 11.838581 11.838581 11.838581 11.838581 11.838581 11.838581 823550.929293 11.838581 7.480009 171965457873.117889 11.838581 11.838581 11.838581 134930.584263 11590.449018 6.042549 11.838581 11.838581 1.000000
11.838581 11.838581 11.838581 11.838581 11.838581 11.838581 11.838581 11.838581 823550.929293 11.838581 7.480009 171965457873.119141 11.838581 11.838581 11.838581 134930.584263 11590.449018 6.042549 11.838581 11.838581 1.000000
11.844480 11.844480 11.844480 11.844480 11.844480 11.844480 11.844480 11.844480 2011638.567437 215998.046467 7.483657 996.116175 11.844480 11.844480 14.767780 3836896.071313 22.475013 6.045440 11.844480 11.844480 1.000000
11.838581 11.838581 11.838581 11.838581 11.838581 11.838581 11.838581 11.838581 823550.929293 11.838581 7.480009 171965457873.119141 11.838581 11.838581 11.838581 134930.584263 11590.449018 6.042549 11.838581 11.838581 1.000000
11.838581 11.838581 11.838581 11.838581 11.838581 11.838581 11.838581 11.838581 823550.929293 11.838581 7.480009 171965457873.119141 11.838581 11.838581 11.838581 134930.584263 11590.449018 6.042549 11.838581 11.838581 1.000000
11.840312 11.840312 11.840312 11.840312 11.840312 11.840312 11.840312 11.840312 658938.463718 11.840312 7.481080 171990964057.065155 11.840312 11.840312 11.840312 134950.597377 11592.168132 6.043397 14.762558 11.840312 1.000000
11.838581 11.838581 11.838581 11.838581 11.838581 11.838581 11.838581 11.838581 658840.743436 11.838581 7.480009 214956822341.508698 11.838581 11.838581 11.838581 168663.230325 11590.449018 6.042549 11.838581 11.838581 1.000000
11.838581 11.838581 11.838581 11.838581 11.838581 11.838581 11.838581 11.838581 823550.929293 11.838581 7.480009 171965457873.119141 11.838581 11.838581 11.838581 134930.584263 11590.449018 6.042549 11.838581 11.838581 1.000000
11.838581 11.838581 11.838581 11.838581 11.838581 11.838581 11.838581 11.838581 823550.929293 11.838581 7.480009 171965457873.119141 11.838581 11.838581 11.838581 134930.584263 11590.449018 6.042549 11.838581 11.838581 1.000000
11.845699 11.845699 11.845699 11.845699 11.845699 11.845699 11.845699 11.845699 527394.023695 23.014700 11.572040 88100008427.505341 11.845699 11.845699 11.845699 135012.870073 9278.013891 6.046037 11.845699 11.845699 1.000000
11.838874 11.838874 11.838874 11.838874 11.838874 11.838874 11.838874 11.838874 56595.407755 11.838874 7.480190 1256670.495162 6076.885798 11.838874 11.838874 14629570.012463 6.042692 6.042692 11.838874 522.002417 1.000000
11.838581 11.838581 11.838581 11.838581 11.838581 11.838581 11.838581 11.838581 823550.929293 11.838581 7.480009 171965457873.119141 11.838581 11.838581 11.838581 134930.584263 11590.449018 6.042549 11.838581 11.838581 1.000000
11.838581 11.838581 11.838581 11.838581 11.838581 11.838581 11.838581 11.838581 823550.929293 11.838581 7.480009 171965457873.119141 11.838581 11.838581 11.838581 134930.584263 11590.449018 6.042549 11.838581 11.838581 1.000000
11.838581 11.838581 11.838581 11.838581 11.838581 11.838581 11.838581 11.838581 823550.929293 11.838581 7.480009 171965457873.119141 11.838581 11.838581 11.838581 134930.584263 11590.449018 6.042549 11.838581 11.838581 1.000000
11.845438 11.845438 11.845438 11.845438 11.845438 11.845438 11.845438 11.845438 659227.819644 11.845438 9.295869 6054051389.800596 11.845438 11.845438 11.845438 135009.857470 11597.258535 6.045910 70.115388 11.845438 1.000000
11.838581 11.838581 11.838581 11.838581 11.838581 11.838581 11.838581 11.838581 823550.929293 11.838581 7.480009 171965457873.119141 11.838581 11.838581 11.838581 134930.584263 11590.449018 6.042549 11.838581 11.838581 1.000000
11.838581 11.838581 11.838581 11.838581 11.838581 11.838581 11.838581 11.838581 823550.929293 11.838581 7.480009 171965457873.119141 11.838581 11.838581 11.838581 134930.584263 11590.449018 6.042549 11.838581 11.838581 1.000000
11.843421 11.843421 11.843421 11.843421 11.843421 11.843421 11.843421 11.843421 659113.945771 11.843421 7.483002 3836548.105869 11.843421 3112.577927 11.843421 134986.536101 11595.255245 6.044921 11.843421 11.843421 1.000000
11.840312 11.840312 11.840312 11.840312 11.840312 11.840312 11.840312 11.840312 658938.463718 14.762558 7.481080 171990964057.065155 11.840312 11.840312 11.840312 134950.597377 11592.168132 6.043397 11.840312 11.840312 1.000000
11.847532 11.847532 11.847532 11.847532 11.847532 11.847532 11.847532 11.847532 45309.913556 11.847532 7.485545 3913040504955.128906 11.847532 11.847532 11.847532 135034.065057 28.081089 35398.369977 11.847532 11.847532 1.000000
11.838581 11.838581 11.838581 11.838581 11.838581 11.838581 11.838581 11.838581 823550.929293 11.838581 7.480009 171965457873.119141 11.838581 11.838581 11.838581 134930.584263 11590.449018 6.042549 11.838581 11.838581 1.000000
11.838581 11.838581 11.838581 11.838581 11.838581 11.838581 11.838581 11.838581 823550.929293 11.838581 7.480009 171965457873.119141 11.838581 11.838581 11.838581 134930.584263 11590.449018 6.042549 11.838581 11.838581 1.000000
11.843415 11.843415 11.843415 11.843415 11.843415 11.843415 11.843415 11.843415 28988.123076 11.843415 7.482999 172036678852.144958 334.213296 11.843415 11.843415 134986.466929 11595.249303 6.044918 11.843415 11.843415 1.000000
11.838581 11.838581 11.838581 11.838581 11.838581 11.838581 11.838581 11.838581 823550.929293 11.838581 7.480009 171965457873.119141 11.838581 11.838581 11.838581 134930.584263 11590.449018 6.042549 11.838581 11.838581 1.000000
11.838581 11.838581 11.838581 11.838581 11.838581 11.838581 11.838581 11.838581 823550.929293 11.838581 7.480009 171965457873.119141 11.838581 11.838581 11.838581 134930.584263 11590.449018 6.042549 11.838581 11.838581 1.000000
11.843385 11.843385 11.843385 11.843385 11.843385 11.843385 11.843385 11.843385 70771.602831 11.843385 7.482980 172036236550.257294 11.843385 11.843385 11.843385 134986.119882 11595.219492 6.044903 11.843385 136.899493 1.000000
11.901538 11.901538 11.901538 11.901538 11.901538 11.901538 11.901538 11.901538 11.901538 141633997097.460480 6.073410 55.047758 11.901538 11.901538 11.901538 28726787.429331 6.073410 6.073410 11.901538 11.901538 1.000000
11.838581 11.838581 11.838581 11.838581 11.838581 11.838581 11.838581 11.838581 823550.929293 11.838581 7.480009 171965457873.119141 11.838581 11.838581 11.838581 134930.584263 11590.449018 6.042549 11.838581 11.838581 1.000000
11.838581 11.838581 11.838581 11.838581 11.838581 11.838581 11.838581 11.838581 823550.929293 11.838581 7.480009 171965457873.119141 11.838581 11.838581 11.838581 134930.584263 11590.449018 6.042549 11.838581 11.838581 1.000000
11.838581 11.838581 11.838581 11.838581 11.838581 11.838581 11.838581 11.838581 823550.929293 11.838581 7.480009 171965457873.119141 11.838581 11.838581 11.838581 134930.584263 11590.449018 6.042549 11.838581 11.838581 1.000000
11.838581 11.838581 11.838581 11.838581 11.838581 11.838581 11.838581 11.838581 823550.929293 11.838581 7.480009 171965457873.119141 11.838581 11.838581 11.838581 134930.584263 11590.449018 6.042549 11.838581 11.838581 1.000000
11.843602 11.843602 11.843602 11.843602 11.843602 11.843602 11.843602 11.843602 659124.148366 11.843602 7.483114 110105235207.448227 11.843602 14.766680 11.843602 168735.781987 11595.434731 7.483114 11.843602 11.843602 1.000000
11.838581 11.838581 11.838581 11.838581 11.838581 11.838581 11.838581 11.838581 823550.929293 11.838581 7.480009 171965457873.119141 11.838581 11.838581 11.838581 134930.584263 11590.449018 6.042549 11.838581 11.838581 1.000000
11.843415 11.843415 11.843415 11.843415 11.843415 11.843415 11.843415 11.843415 28988.123076 11.843415 7.482999 172036678852.144958 11.843415 11.843415 11.843415 134986.466929 11595.249303 6.044918 11.843415 334.213296 1.000000
11.838581 11.838581 11.838581 11.838581 11.838581 11.838581 11.838581 11.838581 823550.929293 11.838581 7.480009 171965457873.117889 11.838581 11.838581 11.838581 134930.584263 11590.449018 6.042549 11.838581 11.838581 1.000000
11.825880 11.825880 11.825880 11.825880 11.825880 11.825880 11.825880 11.825880 11.825880 45666505.883183 6.036323 1014000125.713795 11.825880 11.825880 11.825880 18266602.353273 6.036323 6.036323 11.825880 11.825880 1.000000
11.838581 11.838581 11.838581 11.838581 11.838581 11.838581 11.838581 11.838581 823550.929293 11.838581 7.480009 171965457873.117889 11.838581 11.838581 11.838581 134930.584263 11590.449018 6.042549 11.838581 11.838581 1.000000
11.901650 11.901650 11.901650 11.901650 11.901650 11.901650 11.901650 11.901650 3948217.428957 11.901650 6.073465 172894719375.526123 11.901650 11.901650 11.901650 11766604.867447 6.073465 6.073465 11.901650 11.901650 1.000000
11.838581 11.838581 11.838581 11.838581 11.838581 11.838581 11.838581 11.838581 823550.929293 11.838581 7.480009 171965457873.117889 11.838581 11.838581 11.838581 134930.584263 11590.449018 6.042549 11.838581 11.838581 1.000000
11.838581 11.838581 11.838581 11.838581 11.838581 11.838581 11.838581 11.838581 823550.929293 11.838581 7.480009 171965457873.117889 11.838581 11.838581 11.838581 134930.584263 11590.449018 6.042549 11.838581 11.838581 1.000000
11.838581 11.838581 11.838581 11.838581 11.838581 11.838581 11.838581 11.838581 823550.929293 11.838581 7.480009 171965457873.117889 11.838581 11.838581 11.838581 134930.584263 11590.449018 6.042549 11.838581 11.838581 1.000000
11.843415 11.843415 11.843415 11.843415 11.843415 11.843415 11.843415 11.843415 28988.123076 11.843415 7.482999 172036678852.143707 334.213296 11.843415 11.843415 134986.466929 11595.249303 6.044918 11.843415 11.843415 1.000000
11.838581 11.838581 11.838581 11.838581 11.838581 11.838581 11.838581 11.838581 823550.929293 11.838581 7.480009 171965457873.117889 11.838581 11.838581 11.838581 134930.584263 11590.449018 6.042549 11.838581 11.838581 1.000000
11.838581 11.838581 11.838581 11.838581 11.838581 11.838581 11.838581 11.838581 823550.929293 11.838581 7.480009 171965457873.117889 11.838581 11.838581 11.838581 134930.584263 11590.449018 6.042549 11.838581 11.838581 1.000000
11.840312 11.840312 11.840312 11.840312 11.840312 11.840312 11.840312 11.840312 658938.463718 11.840312 7.481080 171990964057.065155 11.840312 14.762558 11.840312 134950.597377 11592.168132 6.043397 11.840312 11.840312 1.000000
11.838581 11.838581 11.838581 11.838581 11.838581 11.838581 11.838581 11.838581 823550.929293 11.838581 7.480009 171965457873.117889 11.838581 11.838581 11.838581 134930.584263 11590.449018 6.042549 11.838581 11.838581 1.000000
11.838581 11.838581 11.838581 11.838581 11.838581 11.838581 11.838581 11.838581 823550.929293 11.838581 7.480009 171965457873.117889 11.838581 11.838581 11.838581 134930.584263 11590.449018 6.042549 11.838581 11.838581 1.000000
11.838581 11.838581 11.838581 11.838581 11.838581 11.838581 11.838581 11.838581 823550.929293 11.838581 7.480009 171965457873.117889 11.838581 11.838581 11.838581 134930.584263 11590.449018 6.042549 11.838581 11.838581 1.000000
11.838581 11.838581 11.838581 11.838581 11.838581 11.838581 11.838581 11.838581 823550.929293 11.838581 7.480009 171965457873.117889 11.838581 11.838581 11.838581 134930.584263 11590.449018 6.042549 11.838581 11.838581 1.000000
11.838581 11.838581 11.838581 11.838581 11.838581 11.838581 11.838581 11.838581 823550.929293 11.838581 7.480009 171965457873.117889 11.838581 11.838581 11.838581 134930.584263 11590.449018 6.042549 11.838581 11.838581 1.000000
11.838581 11.838581 11.838581 11.838581 11.838581 11.838581 11.838581 11.838581 823550.929293 11.838581 7.480009 171965457873.117889 11.838581 11.838581 11.838581 134930.584263 11590.449018 6.042549 11.838581 11.838581 1.000000
11.849838 11.849838 11.849838 11.849838 11.849838 11.849838 11.849838 11.849838 422064.788088 11.849838 9.299292 172131327967.341858 11.849838 11.849838 11.849838 135060.732195 35.092267 5940.033988 11.849838 11.849838 1.000000
11.835288 11.835288 11.835288 11.835288 11.835288 11.835288 11.835288 11.835288 3925888.748145 11.835288 329327.417601 3067100.584488 11.835288 11.835288 11.835288 14625075.266303 6.040935 6.040935 11.835288 11.835288 1.000000
11.838581 11.838581 11.838581 11.838581 11.838581 11.838581 11.838581 11.838581 823550.929293 11.838581 7.480009 171965457873.117889 11.838581 11.838581 11.838581 134930.584263 11590.449018 6.042549 11.838581 11.838581 1.000000
11.838581 11.838581 11.838581 11.838581 11.838581 11.838581 11.838581 11.838581 823550.929293 11.838581 7.480009 171965457873.117889 11.838581 11.838581 11.838581 134930.584263 11590.449018 6.042549 11.838581 11.838581 1.000000
11.840312 11.840312 11.840312 11.840312 11.840312 11.840312 11.840312 11.840312 658938.463718 11.840312 7.481080 171990964057.065155 11.840312 11.840312 11.840312 134950.597377 11592.168132 6.043397 14.762558 11.840312 1.000000
11.838581 11.838581 11.838581 11.838581 11.838581 11.838581 11.838581 11.838581 823550.929293 11.838581 7.480009 171965457873.119141 11.838581 11.838581 11.838581 134930.584263 11590.449018 6.042549 11.838581 11.838581 1.000000
11.838581 11.838581 11.838581 11.838581 11.838581 11.838581 11.838581 11.838581 823550.929293 11.838581 7.480009 171965457873.117889 11.838581 11.838581 11.838581 134930.584263 11590.449018 6.042549 11.838581 11.838581 1.000000
11.838581 11.838581 11.838581 11.838581 11.838581 11.838581 11.838581 11.838581 823550.929293 11.838581 7.480009 171965457873.117889 11.838581 11.838581 11.838581 134930.584263 11590.449018 6.042549 11.838581 11.838581 1.000000
11.838581 11.838581 11.838581 11.838581 11.838581 11.838581 11.838581 11.838581 823550.929293 11.838581 7.480009 171965457873.117889 11.838581 11.838581 11.838581 134930.584263 11590.449018 6.042549 11.838581 11.838581 1.000000
11.835283 11.835283 11.835283 11.835283 11.835283 11.835283 11.835283 11.835283 3140709.661211 11.835283 6.040932 171916860357.228699 11.835283 11.835283 11.835283 514573.870895 260.923783 6.040932 11.835283 11.835283 1.000000
11.838581 11.838581 11.838581 11.838581 11.838581 11.838581 11.838581 11.838581 823550.929293 11.838581 7.480009 171965457873.117889 11.838581 11.838581 11.838581 134930.584263 11590.449018 6.042549 11.838581 11.838581 1.000000
11.838581 11.838581 11.838581 11.838581 11.838581 11.838581 11.838581 11.838581 823550.929293 11.838581 7.480009 171965457873.117889 11.838581 11.838581 11.838581 134930.584263 11590.449018 6.042549 11.838581 11.838581 1.000000
11.842140 11.842140 11.842140 11.842140 11.842140 11.842140 11.842140 11.842140 659041.657125 11.842140 11.568566 172017898792.952271 11.842140 11.842140 11.842140 134971.731386 11593.983529 6.044293 11.842140 11.842140 1.000000
11.838581 11.838581 11.838581 11.838581 11.838581 11.838581 11.838581 11.838581 823550.929293 11.838581 7.480009 171965457873.117889 11.838581 11.838581 11.838581 134930.584263 11590.449018 6.042549 11.838581 11.838581 1.000000
11.838581 11.838581 11.838581 11.838581 11.838581 11.838581 11.838581 11.838581 823550.929293 11.838581 7.480009 171965457873.117889 11.838581 11.838581 11.838581 134930.584263 11590.449018 6.042549 11.838581 11.838581 1.000000
11.849838 11.849838 11.849838 11.849838 11.849838 11.849838 11.849838 11.849838 422064.788088 11.849838 9.299292 172131327967.343109 11.849838 11.849838 11.849838 135060.732195 35.092267 5940.033988 11.849838 11.849838 1.000000
11.838581 11.838581 11.838581 11.838581 11.838581 11.838581 11.838581 11.838581 823550.929293 11.838581 7.480009 171965457873.117889 11.838581 11.838581 11.838581 134930.584263 11590.449018 6.042549 11.838581 11.838581 1.000000
11.838581 11.838581 11.838581 11.838581 11.838581 11.838581 11.838581 11.838581 823550.929293 11.838581 7.480009 171965457873.117889 11.838581 11.838581 11.838581 134930.584263 11590.449018 6.042549 11.838581 11.838581 1.000000
11.838581 11.838581 11.838581 11.838581 11.838581 11.838581 11.838581 11.838581 823550.929293 11.838581 7.480009 171965457873.117889 11.838581 11.838581 11.838581 134930.584263 11590.449018 6.042549 11.838581 11.838581 1.000000
11.838581 11.838581 11.838581 11.838581 11.838581 11.838581 11.838581 11.838581 823550.929293 11.838581 7.480009 171965457873.117889 11.838581 11.838581 11.838581 134930.584263 11590.449018 6.042549 11.838581 11.838581 1.000000
11.838581 11.838581 11.838581 11.838581 11.838581 11.838581 11.838581 11.838581 823550.929293 11.838581 7.480009 171965457873.117889 11.838581 11.838581 11.838581 134930.584263 11590.449018 6.042549 11.838581 11.838581 1.000000
11.838581 11.838581 11.838581 11.838581 11.838581 11.838581 11.838581 11.838581 823550.929293 11.838581 7.480009 171965457873.117889 11.838581 11.838581 11.838581 134930.584263 11590.449018 6.042549 11.838581 11.838581 1.000000
11.838581 11.838581 11.838581 11.838581 11.838581 11.838581 11.838581 11.838581 823550.929293 11.838581 7.480009 171965457873.117889 11.838581 11.838581 11.838581 134930.584263 11590.449018 6.042549 11.838581 11.838581 1.000000
11.838581 11.838581 11.838581 11.838581 11.838581 11.838581 11.838581 11.838581 823550.929293 11.838581 7.480009 171965457873.117889 11.838581 11.838581 11.838581 134930.584263 11590.449018 6.042549 11.838581 11.838581 1.000000
11.838581 11.838581 11.838581 11.838581 11.838581 11.838581 11.838581 11.838581 823550.929293 11.838581 7.480009 171965457873.117889 11.838581 11.838581 11.838581 134930.584263 11590.449018 6.042549 11.838581 11.838581 1.000000
11.838581 11.838581 11.838581 11.838581 11.838581 11.838581 11.838581 11.838581 823550.929293 11.838581 7.480009 171965457873.117889 11.838581 11.838581 11.838581 134930.584263 11590.449018 6.042549 11.838581 11.838581 1.000000
11.838581 11.838581 11.838581 11.838581 11.838581 11.838581 11.838581 11.838581 823550.929293 11.838581 7.480009 171965457873.117889 11.838581 11.838581 11.838581 134930.584263 11590.449018 6.042549 11.838581 11.838581 1.000000
11.838581 11.838581 11.838581 11.838581 11.838581 11.838581 11.838581 11.838581 823550.929194 11.838581 7.480009 171965457852.355591 11.838581 11.838581 11.838581 168663.230305 9272.359252 6.042549 11.838581 11.838581 1.000000
11.838581 11.838581 11.838581 11.838581 11.838581 11.838581 11.838581 11.838581 823550.929194 11.838581 7.480009 171965457852.355591 11.838581 11.838581 11.838581 168663.230305 9272.359252 6.042549 11.838581 11.838581 1.000000
11.838581 11.838581 11.838581 11.838581 11.838581 11.838581 11.838581 11.838581 823550.929194 11.838581 7.480009 171965457852.355591 11.838581 11.838581 11.838581 168663.230305 9272.359252 6.042549 11.838581 11.838581 1.000000
11.838581 11.838581 11.838581 11.838581 11.838581 11.838581 11.838581 11.838581 823550.929194 11.838581 7.480009 171965457852.355591 11.838581 11.838581 11.838581 168663.230305 9272.359252 6.042549 11.838581 11.838581 1.000000
11.838581 11.838581 11.838581 11.838581 11.838581 11.838581 11.838581 11.838581 823550.929194 11.838581 7.480009 171965457852.355591 11.838581 11.838581 11.838581 168663.230305 9272.359252 6.042549 11.838581 11.838581 1.000000
11.838581 11.838581 11.838581 11.838581 11.838581 11.838581 11.838581 11.838581 823550.929194 11.838581 7.480009 171965457852.355591 11.838581 11.838581 11.838581 168663.230305 9272.359252 6.042549 11.838581 11.838581 1.000000
11.838581 11.838581 11.838581 11.838581 11.838581 11.838581 11.838581 11.838581 823550.929194 11.838581 7.480009 171965457852.355591 11.838581 11.838581 11.838581 168663.230305 9272.359252 6.042549 11.838581 11.838581 1.000000
11.838581 11.838581 11.838581 11.838581 11.838581 11.838581 11.838581 11.838581 823550.929194 11.838581 7.480009 171965457852.355591 11.838581 11.838581 11.838581 168663.230305 9272.359252 6.042549 11.838581 11.838581 1.000000
11.838581 11.838581 11.838581 11.838581 11.838581 11.838581 11.838581 11.838581 823550.929194 11.838581 7.480009 171965457852.355591 11.838581 11.838581 11.838581 168663.230305 9272.359252 6.042549 11.838581 11.838581 1.000000
11.838581 11.838581 11.838581 11.838581 11.838581 11.838581 11.838581 11.838581 823550.929194 11.838581 7.480009 171965457852.355591 11.838581 11.838581 11.838581 168663.230305 9272.359252 6.042549 11.838581 11.838581 1.000000
11.838581 11.838581 11.838581 11.838581 11.838581 11.838581 11.838581 11.838581 823550.929194 11.838581 7.480009 171965457852.355591 11.838581 11.838581 11.838581 168663.230305 9272.359252 6.042549 11.838581 11.838581 1.000000
11.838581 11.838581 11.838581 11.838581 11.838581 11.838581 11.838581 11.838581 823550.929194 11.838581 7.480009 171965457852.355591 11.838581 11.838581 11.838581 168663.230305 9272.359252 6.042549 11.838581 11.838581 1.000000
11.838581 11.838581 11.838581 11.838581 11.838581 11.838581 11.838581 11.838581 823550.929194 11.838581 7.480009 171965457852.355591 11.838581 11.838581 11.838581 168663.230305 9272.359252 6.042549 11.838581 11.838581 1.000000
11.838581 11.838581 11.838581 11.838581 11.838581 11.838581 11.838581 11.838581 823550.929194 11.838581 7.480009 171965457852.355591 11.838581 11.838581 11.838581 168663.230305 9272.359252 6.042549 11.838581 11.838581 1.000000
11.838581 11.838581 11.838581 11.838581 11.838581 11.838581 11.838581 11.838581 823550.929194 11.838581 7.480009 171965457852.355591 11.838581 11.838581 11.838581 168663.230305 9272.359252 6.042549 11.838581 11.838581 1.000000
11.838581 11.838581 11.838581 11.838581 11.838581 11.838581 11.838581 11.838581 823550.929194 11.838581 7.480009 171965457852.355591 11.838581 11.838581 11.838581 168663.230305 9272.359252 6.042549 11.838581 11.838581 1.000000
11.838581 11.838581 11.838581 11.838581 11.838581 11.838581 11.838581 11.838581 823550.929194 11.838581 7.480009 171965457852.355591 11.838581 11.838581 11.838581 168663.230305 9272.359252 6.042549 11.838581 11.838581 1.000000
11.838581 11.838581 11.838581 11.838581 11.838581 11.838581 11.838581 11.838581 823550.929194 11.838581 7.480009 171965457852.355591 11.838581 11.838581 11.838581 168663.230305 9272.359252 6.042549 11.838581 11.838581 1.000000
11.838581 11.838581 11.838581 11.838581 11.838581 11.838581 11.838581 11.838581 823550.929194 11.838581 7.480009 171965457852.355591 11.838581 11.838581 11.838581 168663.230305 9272.359252 6.042549 11.838581 11.838581 1.000000
11.838581 11.838581 11.838581 11.838581 11.838581 11.838581 11.838581 11.838581 823550.929194 11.838581 7.480009 171965457852.354370 11.838581 11.838581 11.838581 168663.230305 9272.359252 6.042549 11.838581 11.838581 1.000000
11.838581 11.838581 11.838581 11.838581 11.838581 11.838581 11.838581 11.838581 823550.929194 11.838581 7.480009 171965457852.354370 11.838581 11.838581 11.838581 168663.230305 9272.359252 6.042549 11.838581 11.838581 1.000000
11.838581 11.838581 11.838581 11.838581 11.838581 11.838581 11.838581 11.838581 823550.929194 11.838581 7.480009 171965457852.354370 11.838581 11.838581 11.838581 168663.230305 9272.359252 6.042549 11.838581 11.838581 1.000000
11.838581 11.838581 11.838581 11.838581 11.838581 11.838581 11.838581 11.838581 823550.929194 11.838581 7.480009 171965457852.354370 11.838581 11.838581 11.838581 168663.230305 9272.359252 6.042549 11.838581 11.838581 1.000000
11.838581 11.838581 11.838581 11.838581 11.838581 11.838581 11.838581 11.838581 823550.929194 11.838581 7.480009 171965457852.354370 11.838581 11.838581 11.838581 168663.230305 9272.359252 6.042549 11.838581 11.838581 1.000000
11.838581 11.838581 11.838581 11.838581 11.838581 11.838581 11.838581 11.838581 823550.929194 11.838581 7.480009 171965457852.354370 11.838581 11.838581 11.838581 168663.230305 9272.359252 6.042549 11.838581 11.838581 1.000000
11.838581 11.838581 11.838581 11.838581 11.838581 11.838581 11.838581 11.838581 823550.929194 11.838581 7.480009 171965457852.354370 11.838581 11.838581 11.838581 168663.230305 9272.359252 6.042549 11.838581 11.838581 1.000000
11.906474 11.906474 11.906474 11.906474 11.906474 11.906474 11.906474 11.906474 111178.122368 11.906474 6.075829 4868554128.992597 2503.509152 11.906474 11.906474 11771441.581461 6.075829 6.075829 11.906474 11.906474 1.000000
11.838581 11.838581 11.838581 11.838581 11.838581 11.838581 11.838581 11.838581 823550.929194 11.838581 7.480009 171965457852.354370 11.838581 11.838581 11.838581 168663.230305 9272.359252 6.042549 11.838581 11.838581 1.000000
11.838581 11.838581 11.838581 11.838581 11.838581 11.838581 11.838581 11.838581 823550.929194 11.838581 7.480009 171965457852.354370 11.838581 11.838581 11.838581 168663.230305 9272.359252 6.042549 11.838581 11.838581 1.000000
11.838581 11.838581 11.838581 11.838581 11.838581 11.838581 11.838581 11.838581 823550.929194 11.838581 7.480009 171965457852.354370 11.838581 11.838581 11.838581 168663.230305 9272.359252 6.042549 11.838581 11.838581 1.000000
11.838581 11.838581 11.838581 11.838581 11.838581 11.838581 11.838581 11.838581 823550.929194 11.838581 7.480009 171965457852.354370 11.838581 11.838581 11.838581 168663.230305 9272.359252 6.042549 11.838581 11.838581 1.000000
11.838581 11.838581 11.838581 11.838581 11.838581 11.838581 11.838581 11.838581 823550.929194 11.838581 7.480009 171965457852.354370 11.838581 11.838581 11.838581 168663.230305 9272.359252 6.042549 11.838581 11.838581 1.000000
11.838581 11.838581 11.838581 11.838581 11.838581 11.838581 11.838581 11.838581 823550.929194 11.838581 7.480009 171965457852.355591 11.838581 11.838581 11.838581 168663.230305 9272.359252 6.042549 11.838581 11.838581 1.000000
11.838581 11.838581 11.838581 11.838581 11.838581 11.838581 11.838581 11.838581 823550.929194 11.838581 7.480009 171965457852.355591 11.838581 11.838581 11.838581 168663.230305 9272.359252 6.042549 11.838581 11.838581 1.000000
11.838581 11.838581 11.838581 11.838581 11.838581 11.838581 11.838581 11.838581 823550.929194 11.838581 7.480009 171965457852.355591 11.838581 11.838581 11.838581 168663.230305 9272.359252 6.042549 11.838581 11.838581 1.000000
11.838581 11.838581 11.838581 11.838581 11.838581 11.838581 11.838581 11.838581 823550.929194 11.838581 7.480009 171965457852.355591 11.838581 11.838581 11.838581 168663.230305 9272.359252 6.042549 11.838581 11.838581 1.000000
11.838581 11.838581 11.838581 11.838581 11.838581 11.838581 11.838581 11.838581 823550.929194 11.838581 7.480009 171965457852.355591 11.838581 11.838581 11.838581 168663.230305 9272.359252 6.042549 11.838581 11.838581 1.000000
11.838581 11.838581 11.838581 11.838581 11.838581 11.838581 11.838581 11.838581 823550.929194 11.838581 7.480009 171965457852.355591 11.838581 11.838581 11.838581 168663.230305 9272.359252 6.042549 11.838581 11.838581 1.000000
11.838581 11.838581 11.838581 11.838581 11.838581 11.838581 11.838581 11.838581 823550.929194 11.838581 7.480009 171965457852.355591 11.838581 11.838581 11.838581 168663.230305 9272.359252 6.042549 11.838581 11.838581 1.000000
11.838581 11.838581 11.838581 11.838581 11.838581 11.838581 11.838581 11.838581 823550.929194 11.838581 7.480009 171965457852.355591 11.838581 11.838581 11.838581 168663.230305 9272.359252 6.042549 11.838581 11.838581 1.000000
11.838581 11.838581 11.838581 11.838581 11.838581 11.838581 11.838581 11.838581 823550.929194 11.838581 7.480009 171965457852.355591 11.838581 11.838581 11.838581 168663.230305 9272.359252 6.042549 11.838581 11.838581 1.000000
11.838581 11.838581 11.838581 11.838581 11.838581 11.838581 11.838581 11.838581 823550.929194 11.838581 7.480009 171965457852.355591 11.838581 11.838581 11.838581 168663.230305 9272.359252 6.042549 11.838581 11.838581 1.000000
11.838581 11.838581 11.838581 11.838581 11.838581 11.838581 11.838581 11.838581 823550.929194 11.838581 7.480009 171965457852.355591 11.838581 11.838581 11.838581 168663.230305 9272.359252 6.042549 11.838581 11.838581 1.000000
11.838581 11.838581 11.838581 11.838581 11.838581 11.838581 11.838581 11.838581 823550.929194 11.838581 7.480009 171965457852.355591 11.838581 11.838581 11.838581 168663.230305 9272.359252 6.042549 11.838581 11.838581 1.000000
11.838581 11.838581 11.838581 11.838581 11.838581 11.838581 11.838581 11.838581 823550.929194 11.838581 7.480009 171965457852.355591 11.838581 11.838581 11.838581 168663.230305 9272.359252 6.042549 11.838581 11.838581 1.000000
11.838581 11.838581 11.838581 11.838581 11.838581 11.838581 11.838581 11.838581 823550.929194 11.838581 7.480009 171965457852.354370 11.838581 11.838581 11.838581 168663.230305 9272.359252 6.042549 11.838581 11.838581 1.000000
11.838581 11.838581 11.838581 11.838581 11.838581 11.838581 11.838581 11.838581 823550.929194 11.838581 7.480009 171965457852.354370 11.838581 11.838581 11.838581 168663.230305 9272.359252 6.042549 11.838581 11.838581 1.000000
11.838581 11.838581 11.838581 11.838581 11.838581 11.838581 11.838581 11.838581 823550.929194 11.838581 7.480009 171965457852.354370 11.838581 11.838581 11.838581 168663.230305 9272.359252 6.042549 11.838581 11.838581 1.000000
11.838581 11.838581 11.838581 11.838581 11.838581 11.838581 11.838581 11.838581 823550.929194 11.838581 7.480009 171965457852.354370 11.838581 11.838581 11.838581 168663.230305 9272.359252 6.042549 11.838581 11.838581 1.000000
11.838581 11.838581 11.838581 11.838581 11.838581 11.838581 11.838581 11.838581 823550.929194 11.838581 7.480009 171965457852.354370 11.838581 11.838581 11.838581 168663.230305 9272.359252 6.042549 11.838581 11.838581 1.000000
11.838581 11.838581 11.838581 11.838581 11.838581 11.838581 11.838581 11.838581 823550.929194 11.838581 7.480009 171965457852.354370 11.838581 11.838581 11.838581 168663.230305 9272.359252 6.042549 11.838581 11.838581 1.000000
11.838581 11.838581 11.838581 11.838581 11.838581 11.838581 11.838581 11.838581 823550.929194 11.838581 7.480009 171965457852.354370 11.838581 11.838581 11.838581 168663.230305 9272.359252 6.042549 11.838581 11.838581 1.000000
11.838581 11.838581 11.838581 11.838581 11.838581 11.838581 11.838581 11.838581 823550.929194 11.838581 7.480009 171965457852.354370 11.838581 11.838581 11.838581 168663.230305 9272.359252 6.042549 11.838581 11.838581 1.000000
11.838581 11.838581 11.838581 11.838581 11.838581 11.838581 11.838581 11.838581 823550.929194 11.838581 7.480009 171965457852.354370 11.838581 11.838581 11.838581 168663.230305 9272.359252 6.042549 11.838581 11.838581 1.000000
11.838581 11.838581 11.838581 11.838581 11.838581 11.838581 11.838581 11.838581 823550.929194 11.838581 7.480009 171965457852.354370 11.838581 11.838581 11.838581 168663.230305 9272.359252 6.042549 11.838581 11.838581 1.000000
11.838581 11.838581 11.838581 11.838581 11.838581 11.838581 11.838581 11.838581 823550.929194 11.838581 7.480009 171965457852.354370 11.838581 11.838581 11.838581 168663.230305 9272.359252 6.042549 11.838581 11.838581 1.000000
11.838581 11.838581 11.838581 11.838581 11.838581 11.838581 11.838581 11.838581 823550.929194 11.838581 7.480009 171965457852.354370 11.838581 11.838581 11.838581 168663.230305 9272.359252 6.042549 11.838581 11.838581 1.000000
11.838581 11.838581 11.838581 11.838581 11.838581 11.838581 11.838581 11.838581 823550.929194 11.838581 7.480009 171965457852.354370 11.838581 11.838581 11.838581 168663.230305 9272.359252 6.042549 11.838581 11.838581 1.000000
11.838581 11.838581 11.838581 11.838581 11.838581 11.838581 11.838581 11.838581 823550.929194 11.838581 7.480009 171965457852.354370 11.838581 11.838581 11.838581 168663.230305 9272.359252 6.042549 11.838581 11.838581 1.000000
11.838581 11.838581 11.838581 11.838581 11.838581 11.838581 11.838581 11.838581 823550.929194 11.838581 7.480009 171965457852.354370 11.838581 11.838581 11.838581 168663.230305 9272.359252 6.042549 11.838581 11.838581 1.000000
11.838581 11.838581 11.838581 11.838581 11.838581 11.838581 11.838581 11.838581 823550.929194 11.838581 7.480009 171965457852.354370 11.838581 11.838581 11.838581 168663.230305 9272.359252 6.042549 11.838581 11.838581 1.000000
11.838581 11.838581 11.838581 11.838581 11.838581 11.838581 11.838581 11.838581 823550.929194 11.838581 7.480009 171965457852.354370 11.838581 11.838581 11.838581 168663.230305 9272.359252 6.042549 11.838581 11.838581 1.000000
11.838581 11.838581 11.838581 11.838581 11.838581 11.838581 11.838581 11.838581 823550.929194 11.838581 7.480009 171965457852.354370 11.838581 11.838581 11.838581 168663.230305 9272.359252 6.042549 11.838581 11.838581 1.000000
11.838581 11.838581 11.838581 11.838581 11.838581 11.838581 11.838581 11.838581 823550.929194 11.838581 7.480009 171965457852.354370 11.838581 11.838581 11.838581 168663.230305 9272.359252 6.042549 11.838581 11.838581 1.000000
11.838581 11.838581 11.838581 11.838581 11.838581 11.838581 11.838581 11.838581 823550.929194 11.838581 7.480009 171965457852.354370 11.838581 11.838581 11.838581 168663.230305 9272.359252 6.042549 11.838581 11.838581 1.000000
11.838581 11.838581 11.838581 11.838581 11.838581 11.838581 11.838581 11.838581 823550.929194 11.838581 7.480009 171965457852.354370 11.838581 11.838581 11.838581 168663.230305 9272.359252 6.042549 11.838581 11.838581 1.000000
11.838581 11.838581 11.838581 11.838581 11.838581 11.838581 11.838581 11.838581 823550.929194 11.838581 7.480009 171965457852.354370 11.838581 11.838581 11.838581 168663.230305 9272.359252 6.042549 11.838581 11.838581 1.000000
11.838581 11.838581 11.838581 11.838581 11.838581 11.838581 11.838581 11.838581 823550.929194 11.838581 7.480009 171965457852.354370 11.838581 11.838581 11.838581 168663.230305 9272.359252 6.042549 11.838581 11.838581 1.000000
11.838581 11.838581 11.838581 11.838581 11.838581 11.838581 11.838581 11.838581 823550.929194 11.838581 7.480009 171965457852.354370 11.838581 11.838581 11.838581 168663.230305 9272.359252 6.042549 11.838581 11.838581 1.000000
11.838581 11.838581 11.838581 11.838581 11.838581 11.838581 11.838581 11.838581 823550.929194 11.838581 7.480009 171965457852.354370 11.838581 11.838581 11.838581 168663.230305 9272.359252 6.042549 11.838581 11.838581 1.000000
11.838581 11.838581 11.838581 11.838581 11.838581 11.838581 11.838581 11.838581 823550.929194 11.838581 7.480009 171965457852.354370 11.838581 11.838581 11.838581 168663.230305 9272.359252 6.042549 11.838581 11.838581 1.000000
11.838581 11.838581 11.838581 11.838581 11.838581 11.838581 11.838581 11.838581 823550.929194 11.838581 7.480009 171965457852.354370 11.838581 11.838581 11.838581 168663.230305 9272.359252 6.042549 11.838581 11.838581 1.000000
11.838581 11.838581 11.838581 11.838581 11.838581 11.838581 11.838581 11.838581 823550.929194 11.838581 7.480009 171965457852.354370 11.838581 11.838581 11.838581 168663.230305 9272.359252 6.042549 11.838581 11.838581 1.000000
11.838581 11.838581 11.838581 11.838581 11.838581 11.838581 11.838581 11.838581 823550.929194 11.838581 7.480009 171965457852.354370 11.838581 11.838581 11.838581 168663.230305 9272.359252 6.042549 11.838581 11.838581 1.000000
11.838581 11.838581 11.838581 11.838581 11.838581 11.838581 11.838581 11.838581 823550.929194 11.838581 7.480009 171965457852.354370 11.838581 11.838581 11.838581 168663.230305 9272.359252 6.042549 11.838581 11.838581 1.000000
11.838581 11.838581 11.838581 11.838581 11.838581 11.838581 11.838581 11.838581 823550.929194 11.838581 7.480009 171965457852.354370 11.838581 11.838581 11.838581 168663.230305 9272.359252 6.042549 11.838581 11.838581 1.000000
11.838581 11.838581 11.838581 11.838581 11.838581 11.838581 11.838581 11.838581 823550.929194 11.838581 7.480009 171965457852.354370 11.838581 11.838581 11.838581 168663.230305 9272.359252 6.042549 11.838581 11.838581 1.000000
11.838581 11.838581 11.838581 11.838581 11.838581 11.838581 11.838581 11.838581 823550.929194 11.838581 7.480009 171965457852.354370 11.838581 11.838581 11.838581 168663.230305 9272.359252 6.042549 11.838581 11.838581 1.000000
11.838581 11.838581 11.838581 11.838581 11.838581 11.838581 11.838581 11.838581 823550.929194 11.838581 7.480009 171965457852.354370 11.838581 11.838581 11.838581 168663.230305 9272.359252 6.042549 11.838581 11.838581 1.000000
11.838581 11.838581 11.838581 11.838581 11.838581 11.838581 11.838581 11.838581 823550.929194 11.838581 7.480009 171965457852.354370 11.838581 11.838581 11.838581 168663.230305 9272.359252 6.042549 11.838581 11.838581 1.000000
11.838581 11.838581 11.838581 11.838581 11.838581 11.838581 11.838581 11.838581 823550.929194 11.838581 7.480009 214956822315.320557 11.838581 11.838581 11.838581 134930.584246 9272.359252 6.042549 11.838581 11.838581 1.000000
11.838581 11.838581 11.838581 11.838581 11.838581 11.838581 11.838581 11.838581 823550.929194 11.838581 7.480009 171965457852.354370 11.838581 11.838581 11.838581 168663.230305 9272.359252 6.042549 11.838581 11.838581 1.000000
11.838581 11.838581 11.838581 11.838581 11.838581 11.838581 11.838581 11.838581 823550.929194 11.838581 7.480009 171965457852.354370 11.838581 11.838581 11.838581 168663.230305 9272.359252 6.042549 11.838581 11.838581 1.000000
11.838581 11.838581 11.838581 11.838581 11.838581 11.838581 11.838581 11.838581 823550.929194 11.838581 7.480009 171965457852.354370 11.838581 11.838581 11.838581 168663.230305 9272.359252 6.042549 11.838581 11.838581 1.000000
11.838581 11.838581 11.838581 11.838581 11.838581 11.838581 11.838581 11.838581 823550.929194 11.838581 7.480009 171965457852.354370 11.838581 11.838581 11.838581 168663.230305 9272.359252 6.042549 11.838581 11.838581 1.000000
11.838581 11.838581 11.838581 11.838581 11.838581 11.838581 11.838581 11.838581 823550.929194 11.838581 7.480009 171965457852.354370 11.838581 11.838581 11.838581 168663.230305 9272.359252 6.042549 11.838581 11.838581 1.000000
11.838581 11.838581 11.838581 11.838581 11.838581 11.838581 11.838581 11.838581 823550.929194 11.838581 7.480009 171965457852.354370 11.838581 11.838581 11.838581 168663.230305 9272.359252 6.042549 11.838581 11.838581 1.000000
11.838581 11.838581 11.838581 11.838581 11.838581 11.838581 11.838581 11.838581 823550.929194 11.838581 7.480009 171965457852.354370 11.838581 11.838581 11.838581 168663.230305 9272.359252 6.042549 11.838581 11.838581 1.000000
11.838581 11.838581 11.838581 11.838581 11.838581 11.838581 11.838581 11.838581 823550.929194 11.838581 7.480009 171965457852.354370 11.838581 11.838581 11.838581 168663.230305 9272.359252 6.042549 11.838581 11.838581 1.000000
11.838581 11.838581 11.838581 11.838581 11.838581 11.838581 11.838581 11.838581 823550.929194 11.838581 7.480009 171965457852.354370 11.838581 11.838581 11.838581 168663.230305 9272.359252 6.042549 11.838581 11.838581 1.000000
11.838581 11.838581 11.838581 11.838581 11.838581 11.838581 11.838581 11.838581 823550.929194 11.838581 7.480009 171965457852.354370 11.838581 11.838581 11.838581 168663.230305 9272.359252 6.042549 11.838581 11.838581 1.000000
11.838581 11.838581 11.838581 11.838581 11.838581 11.838581 11.838581 11.838581 823550.929194 11.838581 7.480009 171965457852.354370 11.838581 11.838581 11.838581 168663.230305 9272.359252 6.042549 11.838581 11.838581 1.000000
11.838581 11.838581 11.838581 11.838581 11.838581 11.838581 11.838581 11.838581 823550.929194 11.838581 7.480009 171965457852.354370 11.838581 11.838581 11.838581 168663.230305 9272.359252 6.042549 11.838581 11.838581 1.000000
11.838581 11.838581 11.838581 11.838581 11.838581 11.838581 11.838581 11.838581 823550.929194 11.838581 7.480009 171965457852.354370 11.838581 11.838581 11.838581 168663.230305 9272.359252 6.042549 11.838581 11.838581 1.000000
11.838581 11.838581 11.838581 11.838581 11.838581 11.838581 11.838581 11.838581 823550.929194 11.838581 7.480009 171965457852.354370 11.838581 11.838581 11.838581 168663.230305 9272.359252 6.042549 11.838581 11.838581 1.000000
11.838581 11.838581 11.838581 11.838581 11.838581 11.838581 11.838581 11.838581 823550.929194 11.838581 7.480009 171965457852.354370 11.838581 11.838581 11.838581 168663.230305 9272.359252 6.042549 11.838581 11.838581 1.000000
11.838581 11.838581 11.838581 11.838581 11.838581 11.838581 11.838581 11.838581 823550.929194 11.838581 7.480009 171965457852.354370 11.838581 11.838581 11.838581 168663.230305 9272.359252 6.042549 11.838581 11.838581 1.000000
11.838581 11.838581 11.838581 11.838581 11.838581 11.838581 11.838581 11.838581 823550.929194 11.838581 7.480009 171965457852.354370 11.838581 11.838581 11.838581 168663.230305 9272.359252 6.042549 11.838581 11.838581 1.000000
11.838581 11.838581 11.838581 11.838581 11.838581 11.838581 11.838581 11.838581 823550.929194 11.838581 7.480009 171965457852.354370 11.838581 11.838581 11.838581 168663.230305 9272.359252 6.042549 11.838581 11.838581 1.000000
11.838581 11.838581 11.838581 11.838581 11.838581 11.838581 11.838581 11.838581 823550.929194 11.838581 7.480009 171965457852.354370 11.838581 11.838581 11.838581 168663.230305 9272.359252 6.042549 11.838581 11.838581 1.000000
11.838581 11.838581 11.838581 11.838581 11.838581 11.838581 11.838581 11.838581 823550.929194 11.838581 7.480009 171965457852.354370 11.838581 11.838581 11.838581 168663.230305 9272.359252 6.042549 11.838581 11.838581 1.000000
11.838581 11.838581 11.838581 11.838581 11.838581 11.838581 11.838581 11.838581 823550.929194 11.838581 7.480009 171965457852.354370 11.838581 11.838581 11.838581 168663.230305 9272.359252 6.042549 11.838581 11.838581 1.000000
11.838581 11.838581 11.838581 11.838581 11.838581 11.838581 11.838581 11.838581 823550.929194 11.838581 7.480009 171965457852.354370 11.838581 11.838581 11.838581 168663.230305 9272.359252 6.042549 11.838581 11.838581 1.000000
11.838581 11.838581 11.838581 11.838581 11.838581 11.838581 11.838581 11.838581 823550.929194 11.838581 7.480009 171965457852.354370 11.838581 11.838581 11.838581 168663.230305 9272.359252 6.042549 11.838581 11.838581 1.000000
11.838581 11.838581 11.838581 11.838581 11.838581 11.838581 11.838581 11.838581 823550.929194 11.838581 7.480009 171965457852.354370 11.838581 11.838581 11.838581 168663.230305 9272.359252 6.042549 11.838581 11.838581 1.000000
11.838581 11.838581 11.838581 11.838581 11.838581 11.838581 11.838581 11.838581 823550.929194 11.838581 7.480009 171965457852.354370 11.838581 11.838581 11.838581 168663.230305 9272.359252 6.042549 11.838581 11.838581 1.000000
11.838581 11.838581 11.838581 11.838581 11.838581 11.838581 11.838581 11.838581 823550.929194 11.838581 7.480009 171965457852.354370 11.838581 11.838581 11.838581 168663.230305 9272.359252 6.042549 11.838581 11.838581 1.000000
11.838581 11.838581 11.838581 11.838581 11.838581 11.838581 11.838581 11.838581 823550.929194 11.838581 7.480009 171965457852.354370 11.838581 11.838581 11.838581 168663.230305 9272.359252 6.042549 11.838581 11.838581 1.000000
11.838581 11.838581 11.838581 11.838581 11.838581 11.838581 11.838581 11.838581 823550.929194 11.838581 7.480009 171965457852.354370 11.838581 11.838581 11.838581 168663.230305 9272.359252 6.042549 11.838581 11.838581 1.000000
11.838581 11.838581 11.838581 11.838581 11.838581 11.838581 11.838581 11.838581 823550.929194 11.838581 7.480009 171965457852.354370 11.838581 11.838581 11.838581 168663.230305 9272.359252 6.042549 11.838581 11.838581 1.000000
11.838581 11.838581 11.838581 11.838581 11.838581 11.838581 11.838581 11.838581 823550.929194 11.838581 7.480009 171965457852.354370 11.838581 11.838581 11.838581 168663.230305 9272.359252 6.042549 11.838581 11.838581 1.000000
11.838581 11.838581 11.838581 11.838581 11.838581 11.838581 11.838581 11.838581 823550.929194 11.838581 7.480009 171965457852.354370 11.838581 11.838581 11.838581 168663.230305 9272.359252 6.042549 11.838581 11.838581 1.000000
11.838581 11.838581 11.838581 11.838581 11.838581 11.838581 11.838581 11.838581 823550.929194 11.838581 7.480009 171965457852.354370 11.838581 11.838581 11.838581 168663.230305 9272.359252 6.042549 11.838581 11.838581 1.000000
11.838581 11.838581 11.838581 11.838581 11.838581 11.838581 11.838581 11.838581 823550.929194 11.838581 7.480009 171965457852.354370 11.838581 11.838581 11.838581 168663.230305 9272.359252 6.042549 11.838581 11.838581 1.000000
11.838581 11.838581 11.838581 11.838581 11.838581 11.838581 11.838581 11.838581 823550.929194 11.838581 7.480009 171965457852.354370 11.838581 11.838581 11.838581 168663.230305 9272.359252 6.042549 11.838581 11.838581 1.000000
11.838581 11.838581 11.838581 11.838581 11.838581 11.838581 11.838581 11.838581 823550.929194 11.838581 7.480009 171965457852.354370 11.838581 11.838581 11.838581 168663.230305 9272.359252 6.042549 11.838581 11.838581 1.000000
11.838581 11.838581 11.838581 11.838581 11.838581 11.838581 11.838581 11.838581 823550.929194 11.838581 7.480009 171965457852.354370 11.838581 11.838581 11.838581 168663.230305 9272.359252 6.042549 11.838581 11.838581 1.000000
11.838581 11.838581 11.838581 11.838581 11.838581 11.838581 11.838581 11.838581 823550.929194 11.838581 7.480009 171965457852.354370 11.838581 11.838581 11.838581 168663.230305 9272.359252 6.042549 11.838581 11.838581 1.000000
11.838581 11.838581 11.838581 11.838581 11.838581 11.838581 11.838581 11.838581 823550.929194 11.838581 7.480009 171965457852.354370 11.838581 11.838581 11.838581 168663.230305 9272.359252 6.042549 11.838581 11.838581 1.000000
11.838581 11.838581 11.838581 11.838581 11.838581 11.838581 11.838581 11.838581 823550.929194 11.838581 7.480009 171965457852.354370 11.838581 11.838581 11.838581 168663.230305 9272.359252 6.042549 11.838581 11.838581 1.000000
11.838581 11.838581 11.838581 11.838581 11.838581 11.838581 11.838581 11.838581 823550.929194 11.838581 7.480009 171965457852.354370 11.838581 11.838581 11.838581 168663.230305 9272.359252 6.042549 11.838581 11.838581 1.000000
11.838581 11.838581 11.838581 11.838581 11.838581 11.838581 11.838581 11.838581 823550.929194 11.838581 7.480009 171965457852.354370 11.838581 11.838581 11.838581 168663.230305 9272.359252 6.042549 11.838581 11.838581 1.000000
11.838581 11.838581 11.838581 11.838581 11.838581 11.838581 11.838581 11.838581 823550.929194 11.838581 7.480009 171965457852.355591 11.838581 11.838581 11.838581 168663.230305 9272.359252 6.042549 11.838581 11.838581 1.000000
11.838581 11.838581 11.838581 11.838581 11.838581 11.838581 11.838581 11.838581 823550.929194 11.838581 7.480009 171965457852.355591 11.838581 11.838581 11.838581 168663.230305 9272.359252 6.042549 11.838581 11.838581 1.000000
11.838581 11.838581 11.838581 11.838581 11.838581 11.838581 11.838581 11.838581 823550.929194 11.838581 7.480009 171965457852.355591 11.838581 11.838581 11.838581 168663.230305 9272.359252 6.042549 11.838581 11.838581 1.000000
11.838581 11.838581 11.838581 11.838581 11.838581 11.838581 11.838581 11.838581 823550.929194 11.838581 7.480009 171965457852.355591 11.838581 11.838581 11.838581 168663.230305 9272.359252 6.042549 11.838581 11.838581 1.000000
11.838581 11.838581 11.838581 11.838581 11.838581 11.838581 11.838581 11.838581 823550.929194 11.838581 7.480009 171965457852.355591 11.838581 11.838581 11.838581 168663.230305 9272.359252 6.042549 11.838581 11.838581 1.000000
