0.000000 0.000000 0.000000 0.000000 0.000000 0.000000 0.000000 0.000000 0.000000 0.000000 0.000000 0.000000 0.000000 0.000000 0.000000 0.000000 0.000000 0.000000 0.000000 0.000000 0.000000
0.084732 0.084732 0.084732 0.084732 0.084732 0.084732 0.084732 0.084732 0.000106 0.000984 0.018321 0.022897 0.022361 0.000258 0.027944 0.000001 0.107968 0.014659 0.034914 0.007331 1.000000
0.084706 0.084706 0.084706 0.084706 0.084706 0.084706 0.084706 0.084706 0.000165 0.001537 0.014654 0.035739 0.022354 0.000206 0.017887 0.000001 0.044642 0.028605 0.009160 0.022354 1.000000
0.084177 0.084177 0.084177 0.084177 0.084177 0.084177 0.084177 0.084177 0.000164 0.000977 0.044360 0.055389 0.034683 0.000626 0.009102 0.000002 0.022745 0.028424 0.009102 0.007282 1.000000
0.084179 0.084179 0.084179 0.084179 0.084179 0.084179 0.084179 0.084179 0.000034 0.002386 0.028424 0.028424 0.043326 0.000320 0.027759 0.000002 0.044362 0.018200 0.022214 0.004661 1.000000
0.084171 0.084171 0.084171 0.084171 0.084171 0.084171 0.084171 0.084171 0.000205 0.002983 0.018198 0.044357 0.009101 0.000164 0.014219 0.000002 0.028422 0.035511 0.027756 0.009101 1.000000
0.084180 0.084180 0.084180 0.084180 0.084180 0.084180 0.084180 0.084180 0.000205 0.002386 0.004773 0.044362 0.007282 0.000400 0.014221 0.000001 0.069120 0.044362 0.017774 0.017774 1.000000
0.084201 0.084201 0.084201 0.084201 0.084201 0.084201 0.084201 0.084201 0.000084 0.001222 0.044373 0.044373 0.017779 0.000320 0.014225 0.000001 0.107297 0.018205 0.007284 0.034693 1.000000
0.084168 0.084168 0.084168 0.084168 0.084168 0.084168 0.084168 0.084168 0.000164 0.002982 0.018198 0.044355 0.011376 0.000320 0.011376 0.000002 0.022743 0.035510 0.014219 0.014219 1.000000
0.084165 0.084165 0.084165 0.084165 0.084165 0.084165 0.084165 0.084165 0.000205 0.004660 0.014560 0.022742 0.005825 0.000320 0.027755 0.000002 0.022742 0.022742 0.022210 0.005825 1.000000
0.084172 0.084172 0.084172 0.084172 0.084172 0.084172 0.084172 0.084172 0.000105 0.005825 0.044358 0.028422 0.017773 0.000256 0.034681 0.000005 0.009320 0.018199 0.022212 0.001909 1.000000
0.084175 0.084175 0.084175 0.084175 0.084175 0.084175 0.084175 0.084175 0.000320 0.011377 0.022745 0.022745 0.003728 0.001222 0.004660 0.000001 0.028423 0.069116 0.027758 0.001909 1.000000
0.084160 0.084160 0.084160 0.084160 0.084160 0.084160 0.084160 0.084160 0.000400 0.009100 0.018196 0.007455 0.011375 0.000625 0.017770 0.000005 0.014559 0.011648 0.014218 0.001909 1.000000
0.084181 0.084181 0.084181 0.084181 0.084181 0.084181 0.084181 0.084181 0.000626 0.000256 0.028425 0.055392 0.014221 0.000131 0.027760 0.000002 0.055392 0.011651 0.014221 0.027760 1.000000
0.084196 0.084196 0.084196 0.084196 0.084196 0.084196 0.084196 0.084196 0.000067 0.000782 0.018204 0.018204 0.027765 0.000164 0.067529 0.000002 0.044371 0.014565 0.009104 0.043335 1.000000
0.084172 0.084172 0.084172 0.084172 0.084172 0.084172 0.084172 0.084172 0.000131 0.002386 0.022744 0.035512 0.004660 0.000256 0.034681 0.000002 0.035512 0.022744 0.022212 0.014220 1.000000
0.084174 0.084174 0.084174 0.084174 0.084174 0.084174 0.084174 0.084174 0.000131 0.002983 0.009320 0.022745 0.017773 0.000320 0.011377 0.000001 0.028423 0.055387 0.034682 0.007282 1.000000
0.084731 0.084731 0.084731 0.084731 0.084731 0.084731 0.084731 0.084731 0.000206 0.004692 0.018321 0.069575 0.067960 0.000403 0.000322 0.000002 0.022897 0.035750 0.014315 0.022361 1.000000
0.084700 0.084700 0.084700 0.084700 0.084700 0.084700 0.084700 0.084700 0.000132 0.000787 0.035737 0.028603 0.022353 0.001921 0.009160 0.000002 0.022889 0.022889 0.007328 0.011449 1.000000
0.084170 0.084170 0.084170 0.084170 0.084170 0.084170 0.084170 0.084170 0.000164 0.001527 0.005965 0.018198 0.017772 0.000256 0.017772 0.000002 0.044357 0.028421 0.027756 0.014219 1.000000
0.084186 0.084186 0.084186 0.084186 0.084186 0.084186 0.084186 0.084186 0.000400 0.005826 0.011651 0.035517 0.011378 0.000782 0.000256 0.000001 0.069126 0.044365 0.043330 0.022215 1.000000
0.084183 0.084183 0.084183 0.084183 0.084183 0.084183 0.084183 0.084183 0.000084 0.001222 0.022747 0.018201 0.005826 0.000205 0.043328 0.000002 0.055393 0.011651 0.027761 0.034686 1.000000
0.084168 0.084168 0.084168 0.084168 0.084168 0.084168 0.084168 0.084168 0.000067 0.000400 0.028421 0.022743 0.022211 0.007281 0.034679 0.000006 0.022743 0.003054 0.007281 0.007281 1.000000
0.084192 0.084192 0.084192 0.084192 0.084192 0.084192 0.084192 0.084192 0.000256 0.014223 0.044368 0.035520 0.002387 0.000131 0.005827 0.000001 0.055399 0.086183 0.017777 0.017777 1.000000
0.084168 0.084168 0.084168 0.084168 0.084168 0.084168 0.084168 0.084168 0.000131 0.001527 0.018198 0.022743 0.011376 0.000320 0.014219 0.000002 0.044356 0.022743 0.017772 0.022211 1.000000
0.084188 0.084188 0.084188 0.084188 0.084188 0.084188 0.084188 0.084188 0.000028 0.005826 0.028427 0.028427 0.011379 0.000626 0.017776 0.000000 0.055396 0.086179 0.014222 0.011379 1.000000
0.084281 0.084281 0.084281 0.084281 0.084281 0.084281 0.084281 0.084281 0.000005 0.000979 0.009332 0.086275 0.022241 0.000979 0.005833 0.000000 0.055459 0.133398 0.084281 0.067597 1.000000
0.084226 0.084226 0.084226 0.084226 0.084226 0.084226 0.084226 0.084226 0.000034 0.000978 0.022759 0.069158 0.054130 0.000105 0.034703 0.000000 0.069158 0.086218 0.043350 0.007286 1.000000
0.084239 0.084239 0.084239 0.084239 0.084239 0.084239 0.084239 0.084239 0.000034 0.001910 0.055431 0.107346 0.022230 0.000105 0.022230 0.000000 0.035540 0.107346 0.054139 0.007287 1.000000
0.084788 0.084788 0.084788 0.084788 0.084788 0.084788 0.084788 0.084788 0.000043 0.009169 0.108039 0.086793 0.054495 0.000206 0.000165 0.000005 0.001969 0.086793 0.034938 0.054495 1.000000
0.084301 0.084301 0.084301 0.084301 0.084301 0.084301 0.084301 0.084301 0.000018 0.000979 0.069220 0.165175 0.034735 0.000067 0.054179 0.000000 0.069220 0.107423 0.043389 0.009116 1.000000
0.084289 0.084289 0.084289 0.084289 0.084289 0.084289 0.084289 0.084289 0.084289 0.000001 0.086282 0.107408 0.034730 0.000067 0.017798 0.000000 0.069210 0.107408 0.034730 0.022243 1.000000
0.084230 0.084230 0.084230 0.084230 0.084230 0.084230 0.084230 0.084230 0.000022 0.000320 0.044389 0.069162 0.027776 0.000131 0.027776 0.000000 0.086223 0.069162 0.054134 0.043353 1.000000
0.084220 0.084220 0.084220 0.084220 0.084220 0.084220 0.084220 0.084220 0.000054 0.004663 0.069154 0.055418 0.067548 0.000320 0.022225 0.000000 0.069154 0.055418 0.027773 0.000501 1.000000
0.084783 0.084783 0.084783 0.084783 0.084783 0.084783 0.084783 0.084783 0.000323 0.000001 0.009389 0.044683 0.034936 0.001923 0.054492 0.000000 0.086788 0.055792 0.084783 0.043640 1.000000
0.084286 0.084286 0.084286 0.084286 0.084286 0.084286 0.084286 0.084286 0.000034 0.002389 0.055462 0.044418 0.011392 0.000105 0.084286 0.000000 0.133405 0.055462 0.084286 0.002389 1.000000
0.084192 0.084192 0.084192 0.084192 0.084192 0.084192 0.084192 0.084192 0.000084 0.002983 0.011652 0.069130 0.034689 0.000205 0.043332 0.000007 0.022750 0.000210 0.007283 0.043332 1.000000
0.084255 0.084255 0.084255 0.084255 0.084255 0.084255 0.084255 0.084255 0.000067 0.000256 0.022767 0.086248 0.034716 0.000067 0.027785 0.000000 0.133358 0.069183 0.043366 0.043366 1.000000
0.084248 0.084248 0.084248 0.084248 0.084248 0.084248 0.084248 0.084248 0.000054 0.084248 0.044398 0.002446 0.034713 0.000009 0.067570 0.000007 0.044398 0.000210 0.067570 0.007288 1.000000
0.084209 0.084209 0.084209 0.084209 0.084209 0.084209 0.084209 0.084209 0.001222 0.000205 0.004774 0.055411 0.034697 0.000067 0.034697 0.000007 0.000069 0.086201 0.043342 0.043342 1.000000
0.084216 0.084216 0.084216 0.084216 0.084216 0.084216 0.084216 0.084216 0.000501 0.034700 0.005968 0.086208 0.009106 0.001528 0.014227 0.000006 0.000210 0.107317 0.043345 0.000105 1.000000
0.084748 0.084748 0.084748 0.084748 0.084748 0.084748 0.084748 0.084748 0.000028 0.001922 0.022902 0.069589 0.022366 0.000085 0.043622 0.000001 0.055768 0.044665 0.067973 0.007332 1.000000
0.084239 0.084239 0.084239 0.084239 0.084239 0.084239 0.084239 0.084239 0.000105 0.000401 0.000801 0.107345 0.022230 0.000256 0.034709 0.000000 0.086231 0.086231 0.027779 0.043357 1.000000
0.084264 0.084264 0.084264 0.084264 0.084264 0.084264 0.084264 0.084264 0.000005 0.084264 0.055447 0.086257 0.067583 0.000028 0.014235 0.000001 0.069190 0.028454 0.054155 0.002986 1.000000
0.084228 0.084228 0.084228 0.084228 0.084228 0.084228 0.084228 0.084228 0.000084 0.000782 0.014571 0.028441 0.034704 0.000205 0.054132 0.000007 0.133315 0.000108 0.022227 0.034704 1.000000
0.084259 0.084259 0.084259 0.084259 0.084259 0.084259 0.084259 0.084259 0.000034 0.002986 0.069186 0.133363 0.002389 0.000164 0.027786 0.000000 0.086252 0.086252 0.043367 0.017791 1.000000
0.084302 0.084302 0.084302 0.084302 0.084302 0.084302 0.084302 0.084302 0.000043 0.000043 0.055472 0.086295 0.017800 0.000257 0.067614 0.000000 0.086295 0.133430 0.027800 0.084302 1.000000
0.084228 0.084228 0.084228 0.084228 0.084228 0.084228 0.084228 0.084228 0.000028 0.000782 0.028441 0.069160 0.022227 0.000105 0.043351 0.000000 0.107331 0.069160 0.027776 0.034704 1.000000
0.084224 0.084224 0.084224 0.084224 0.084224 0.084224 0.084224 0.084224 0.000018 0.001222 0.044385 0.086216 0.043349 0.000067 0.027774 0.000000 0.044385 0.086216 0.043349 0.022226 1.000000
0.084189 0.084189 0.084189 0.084189 0.084189 0.084189 0.084189 0.084189 0.000067 0.001527 0.002444 0.044367 0.017776 0.000105 0.043331 0.000001 0.035518 0.035518 0.043331 0.027762 1.000000
0.084295 0.084295 0.084295 0.084295 0.084295 0.084295 0.084295 0.084295 0.000054 0.007292 0.086288 0.133419 0.000205 0.000257 0.043386 0.000000 0.086288 0.133419 0.034732 0.027798 1.000000
0.084423 0.084423 0.084423 0.084423 0.084423 0.084423 0.084423 0.084423 0.084423 0.000000 0.086420 0.107578 0.067712 0.084423 0.043453 0.000000 0.133618 0.165406 0.054259 0.002992 1.000000
0.084270 0.084270 0.084270 0.084270 0.084270 0.084270 0.084270 0.084270 0.000626 0.067588 0.000210 0.133380 0.054159 0.001911 0.054159 0.000007 0.011663 0.000513 0.000007 0.067588 1.000000
0.084318 0.084318 0.084318 0.084318 0.084318 0.084318 0.084318 0.084318 0.000028 0.084318 0.001003 0.133454 0.067626 0.000164 0.067626 0.000002 0.055483 0.018231 0.000054 0.084318 1.000000
0.084839 0.084839 0.084839 0.084839 0.084839 0.084839 0.084839 0.084839 0.005872 0.084839 0.014678 0.086845 0.043669 0.002405 0.000000 0.000002 0.166188 0.004811 0.034959 0.054528 1.000000
0.084303 0.084303 0.084303 0.084303 0.084303 0.084303 0.084303 0.084303 0.000028 0.004668 0.003059 0.165179 0.054180 0.000028 0.043390 0.000007 0.000069 0.107425 0.067614 0.043390 1.000000
0.084348 0.084348 0.084348 0.084348 0.084348 0.084348 0.084348 0.084348 0.000006 0.000627 0.133502 0.165265 0.054210 0.000034 0.043414 0.000000 0.086343 0.086343 0.027816 0.067651 1.000000
0.084310 0.084310 0.084310 0.084310 0.084310 0.084310 0.084310 0.084310 0.000067 0.001224 0.009336 0.107435 0.034739 0.007294 0.067621 0.000000 0.133443 0.133443 0.000034 0.054185 1.000000
0.084292 0.084292 0.084292 0.084292 0.084292 0.084292 0.084292 0.084292 0.000018 0.002987 0.035563 0.165159 0.067606 0.000084 0.014240 0.000006 0.107412 0.000108 0.054174 0.027797 1.000000
0.084315 0.084315 0.084315 0.084315 0.084315 0.084315 0.084315 0.084315 0.000006 0.067624 0.069232 0.107441 0.084315 0.000002 0.067624 0.000006 0.086309 0.000069 0.067624 0.027805 1.000000
0.084351 0.084351 0.084351 0.084351 0.084351 0.084351 0.084351 0.084351 0.084351 0.000401 0.009340 0.165270 0.043415 0.001530 0.067653 0.000006 0.000086 0.133506 0.067653 0.000001 1.000000
0.084316 0.084316 0.084316 0.084316 0.084316 0.084316 0.084316 0.084316 0.000006 0.000164 0.014586 0.044435 0.002988 0.084316 0.054189 0.000000 0.165204 0.107443 0.054189 0.004668 1.000000
0.084837 0.084837 0.084837 0.084837 0.084837 0.084837 0.084837 0.084837 0.000014 0.084837 0.001576 0.108100 0.043668 0.000007 0.027979 0.000006 0.134258 0.000169 0.068045 0.034958 1.000000
0.084299 0.084299 0.084299 0.084299 0.084299 0.084299 0.084299 0.084299 0.000043 0.002987 0.003059 0.165172 0.084299 0.000164 0.067611 0.000006 0.005974 0.001566 0.002987 0.067611 1.000000
0.084424 0.084424 0.084424 0.084424 0.084424 0.084424 0.084424 0.084424 0.000067 0.084424 0.000411 0.165407 0.084424 0.000321 0.084424 0.000006 0.165407 0.000044 0.000067 0.084424 1.000000
0.084338 0.084338 0.084338 0.084338 0.084338 0.084338 0.084338 0.084338 0.000000 0.084338 0.069251 0.165246 0.067643 0.000257 0.043409 0.000006 0.000069 0.086333 0.043409 0.054203 1.000000
0.084239 0.084239 0.084239 0.084239 0.084239 0.084239 0.084239 0.084239 0.000321 0.007287 0.000007 0.001002 0.043357 0.000321 0.067563 0.000007 0.000055 0.086232 0.067563 0.054139 1.000000
0.084335 0.084335 0.084335 0.084335 0.084335 0.084335 0.084335 0.084335 0.000018 0.002988 0.001253 0.165239 0.067640 0.000084 0.084335 0.000007 0.133481 0.000055 0.043407 0.034749 1.000000
0.084380 0.084380 0.084380 0.084380 0.084380 0.084380 0.084380 0.084380 0.000018 0.007300 0.000005 0.165324 0.054230 0.084380 0.084380 0.000000 0.069286 0.133551 0.067677 0.000028 1.000000
0.084266 0.084266 0.084266 0.084266 0.084266 0.084266 0.084266 0.084266 0.000000 0.043371 0.022770 0.069191 0.067584 0.000105 0.067584 0.000006 0.107379 0.000108 0.027788 0.054156 1.000000
0.084261 0.084261 0.084261 0.084261 0.084261 0.084261 0.084261 0.084261 0.000164 0.054153 0.028452 0.086254 0.043368 0.000501 0.054153 0.000007 0.000055 0.107373 0.067581 0.000018 1.000000
0.084276 0.084276 0.084276 0.084276 0.084276 0.084276 0.084276 0.084276 0.000034 0.084276 0.000012 0.133390 0.043376 0.000054 0.043376 0.000002 0.069200 0.018222 0.004666 0.054163 1.000000
0.084354 0.084354 0.084354 0.084354 0.084354 0.084354 0.084354 0.084354 0.000004 0.000627 0.011675 0.165276 0.067656 0.000401 0.043417 0.000006 0.000086 0.165276 0.067656 0.054214 1.000000
0.084387 0.084387 0.084387 0.084387 0.084387 0.084387 0.084387 0.084387 0.000001 0.000003 0.007476 0.107532 0.084387 0.084387 0.054235 0.000000 0.107532 0.165338 0.054235 0.054235 1.000000
0.084376 0.084376 0.084376 0.084376 0.084376 0.084376 0.084376 0.084376 0.000164 0.054228 0.018243 0.107518 0.067673 0.084376 0.067673 0.000006 0.000055 0.165316 0.084376 0.000000 1.000000
0.084259 0.084259 0.084259 0.084259 0.084259 0.084259 0.084259 0.084259 0.000011 0.002389 0.035549 0.086252 0.054152 0.000067 0.043367 0.000006 0.133364 0.000168 0.027786 0.054152 1.000000
0.084425 0.084425 0.084425 0.084425 0.084425 0.084425 0.084425 0.084425 0.084425 0.084425 0.005983 0.133620 0.084425 0.000000 0.034786 0.000000 0.086421 0.165408 0.084425 0.000067 1.000000
0.084352 0.084352 0.084352 0.084352 0.084352 0.084352 0.084352 0.084352 0.000002 0.000028 0.000018 0.028484 0.084352 0.084352 0.067654 0.000000 0.165272 0.035588 0.054212 0.067654 1.000000
0.084339 0.084339 0.084339 0.084339 0.084339 0.084339 0.084339 0.084339 0.000164 0.067643 0.000329 0.165246 0.000321 0.000131 0.067643 0.000006 0.133487 0.000044 0.067643 0.043409 1.000000
0.084380 0.084380 0.084380 0.084380 0.084380 0.084380 0.084380 0.084380 0.000009 0.067677 0.022801 0.165325 0.054231 0.000014 0.084380 0.000006 0.000069 0.165325 0.067677 0.002990 1.000000
0.084353 0.084353 0.084353 0.084353 0.084353 0.084353 0.084353 0.084353 0.084353 0.027817 0.000000 0.133510 0.000131 0.000067 0.067655 0.000006 0.107490 0.000044 0.084353 0.084353 1.000000
0.084367 0.084367 0.084367 0.084367 0.084367 0.084367 0.084367 0.084367 0.000084 0.007299 0.000003 0.165300 0.017814 0.000205 0.067666 0.000006 0.165300 0.000044 0.067666 0.084367 1.000000
0.084368 0.084368 0.084368 0.084368 0.084368 0.084368 0.084368 0.084368 0.000004 0.000784 0.001003 0.107508 0.084368 0.000067 0.084368 0.000000 0.133532 0.086363 0.067667 0.084368 1.000000
0.084351 0.084351 0.084351 0.084351 0.084351 0.084351 0.084351 0.084351 0.000007 0.000784 0.003061 0.165269 0.043415 0.000084 0.067653 0.000000 0.133505 0.107486 0.054211 0.054211 1.000000
0.084343 0.084343 0.084343 0.084343 0.084343 0.084343 0.084343 0.084343 0.000000 0.067647 0.005977 0.133494 0.084343 0.084343 0.067647 0.000007 0.000069 0.069255 0.067647 0.000979 1.000000
0.084296 0.084296 0.084296 0.084296 0.084296 0.084296 0.084296 0.084296 0.000000 0.027798 0.011667 0.086289 0.084296 0.000164 0.084296 0.000007 0.055468 0.000069 0.067609 0.067609 1.000000
0.084298 0.084298 0.084298 0.084298 0.084298 0.084298 0.084298 0.084298 0.000007 0.084298 0.011667 0.133424 0.034734 0.000014 0.054178 0.000006 0.069218 0.000069 0.084298 0.014241 1.000000
0.084299 0.084299 0.084299 0.084299 0.084299 0.084299 0.084299 0.084299 0.000028 0.000979 0.004779 0.107421 0.067612 0.000105 0.084299 0.000006 0.133426 0.000044 0.043388 0.043388 1.000000
0.084367 0.084367 0.084367 0.084367 0.084367 0.084367 0.084367 0.084367 0.000067 0.084367 0.014595 0.133530 0.084367 0.000000 0.084367 0.000006 0.086362 0.000069 0.084367 0.054222 1.000000
0.084401 0.084401 0.084401 0.084401 0.084401 0.084401 0.084401 0.084401 0.000009 0.084401 0.000035 0.165365 0.067694 0.000018 0.054244 0.000007 0.165365 0.000044 0.067694 0.067694 1.000000
0.084369 0.084369 0.084369 0.084369 0.084369 0.084369 0.084369 0.084369 0.000006 0.084369 0.028489 0.133534 0.067668 0.084369 0.067668 0.000006 0.133534 0.000135 0.054223 0.000001 1.000000
0.084451 0.084451 0.084451 0.084451 0.084451 0.084451 0.084451 0.084451 0.000006 0.084451 0.014610 0.107613 0.067734 0.084451 0.000000 0.000000 0.165459 0.133661 0.084451 0.084451 1.000000
0.084377 0.084377 0.084377 0.084377 0.084377 0.084377 0.084377 0.084377 0.000000 0.000502 0.028492 0.107519 0.067674 0.084377 0.084377 0.000007 0.000108 0.165319 0.067674 0.054228 1.000000
0.084435 0.084435 0.084435 0.084435 0.084435 0.084435 0.084435 0.084435 0.000502 0.000164 0.000000 0.165428 0.084435 0.084435 0.067721 0.000000 0.133636 0.165428 0.054266 0.000980 1.000000
0.084418 0.084418 0.084418 0.084418 0.084418 0.084418 0.084418 0.084418 0.000002 0.000028 0.000012 0.107572 0.067707 0.084418 0.084418 0.000000 0.133610 0.165396 0.067707 0.054255 1.000000
0.084422 0.084422 0.084422 0.084422 0.084422 0.084422 0.084422 0.084422 0.000002 0.000980 0.086418 0.165404 0.084422 0.000014 0.084422 0.000000 0.133616 0.107576 0.067711 0.067711 1.000000
0.084388 0.084388 0.084388 0.084388 0.084388 0.084388 0.084388 0.084388 0.000000 0.084388 0.014599 0.133563 0.067683 0.000003 0.067683 0.000004 0.133563 0.001003 0.084388 0.084388 1.000000
0.084316 0.084316 0.084316 0.084316 0.084316 0.084316 0.084316 0.084316 0.000054 0.002988 0.000009 0.165204 0.000205 0.084316 0.034741 0.000007 0.055482 0.000135 0.084316 0.054189 1.000000
0.084408 0.084408 0.084408 0.084408 0.084408 0.084408 0.084408 0.084408 0.084408 0.000067 0.107559 0.133594 0.002991 0.000000 0.084408 0.000000 0.133594 0.107559 0.043445 0.084408 1.000000
0.084368 0.084368 0.084368 0.084368 0.084368 0.084368 0.084368 0.084368 0.001225 0.054223 0.000009 0.165302 0.000034 0.000401 0.067667 0.000006 0.000069 0.133533 0.084368 0.084368 1.000000
0.084346 0.084346 0.084346 0.084346 0.084346 0.084346 0.084346 0.084346 0.000001 0.000627 0.000513 0.014591 0.067649 0.084346 0.084346 0.000002 0.165260 0.003826 0.084346 0.001224 1.000000
0.084423 0.084423 0.084423 0.084423 0.084423 0.084423 0.084423 0.084423 0.000004 0.084423 0.000411 0.165405 0.067711 0.084423 0.084423 0.000006 0.000055 0.133617 0.000006 0.084423 0.339926
0.084485 0.084485 0.084485 0.084485 0.084485 0.084485 0.084485 0.084485 0.084485 0.000000 0.000002 0.107656 0.084485 0.084485 0.084485 0.000000 0.133714 0.165523 0.067762 0.084485 1.000000
0.084455 0.084455 0.084455 0.084455 0.084455 0.084455 0.084455 0.084455 0.000132 0.084455 0.000001 0.165466 0.067737 0.000402 0.084455 0.000000 0.165466 0.133667 0.000084 0.084455 1.000000
0.084492 0.084492 0.084492 0.084492 0.084492 0.084492 0.084492 0.084492 0.000009 0.000321 0.018269 0.165535 0.084492 0.084492 0.084492 0.000000 0.165535 0.165535 0.000011 0.084492 1.000000
0.084421 0.084421 0.084421 0.084421 0.084421 0.084421 0.084421 0.084421 0.000402 0.009129 0.000000 0.165402 0.084421 0.000980 0.000402 0.000000 0.165402 0.133614 0.067710 0.084421 1.000000
0.084386 0.084386 0.084386 0.084386 0.084386 0.084386 0.084386 0.084386 0.000784 0.084386 0.000000 0.133561 0.084386 0.002392 0.084386 0.000007 0.086382 0.000000 0.084386 0.084386 1.000000
0.083965 0.083965 0.083965 0.083965 0.083965 0.083965 0.083965 0.083965 0.083965 0.083965 0.000044 0.132908 0.083965 0.083965 0.000011 0.000000 0.164543 0.164543 0.083965 0.000001 1.000000
0.084490 0.084490 0.084490 0.084490 0.084490 0.084490 0.084490 0.084490 0.000022 0.000321 0.000000 0.165531 0.067765 0.084490 0.084490 0.000000 0.133721 0.165531 0.084490 0.084490 1.000000
0.084455 0.084455 0.084455 0.084455 0.084455 0.084455 0.084455 0.084455 0.084455 0.084455 0.000004 0.133667 0.067737 0.001226 0.000785 0.000000 0.165466 0.165466 0.084455 0.000004 1.000000
0.084477 0.084477 0.084477 0.084477 0.084477 0.084477 0.084477 0.084477 0.084477 0.000014 0.000000 0.086474 0.084477 0.084477 0.084477 0.000000 0.165507 0.165507 0.084477 0.005847 1.000000
0.084455 0.084455 0.084455 0.084455 0.084455 0.084455 0.084455 0.084455 0.000001 0.084455 0.000055 0.165466 0.067737 0.084455 0.002394 0.000000 0.133667 0.165466 0.084455 0.000402 1.000000
0.084382 0.084382 0.084382 0.084382 0.084382 0.084382 0.084382 0.084382 0.000043 0.084382 0.000000 0.000009 0.054232 0.084382 0.084382 0.000007 0.000018 0.133555 0.084382 0.084382 1.000000
0.084420 0.084420 0.084420 0.084420 0.084420 0.084420 0.084420 0.084420 0.000084 0.000001 0.028507 0.165400 0.067709 0.000980 0.067709 0.000000 0.133613 0.165400 0.067709 0.067709 1.000000
0.084424 0.084424 0.084424 0.084424 0.084424 0.084424 0.084424 0.084424 0.084424 0.084424 0.005983 0.086420 0.000000 0.084424 0.084424 0.000003 0.165407 0.000044 0.054259 0.084424 1.000000
0.083999 0.083999 0.083999 0.083999 0.083999 0.083999 0.083999 0.083999 0.083999 0.083999 0.000000 0.164607 0.083999 0.083999 0.000975 0.000000 0.164607 0.132960 0.083999 0.083999 1.000000
0.084463 0.084463 0.084463 0.084463 0.084463 0.084463 0.084463 0.084463 0.084463 0.084463 0.000023 0.133680 0.084463 0.000000 0.084463 0.000000 0.165481 0.107628 0.004677 0.084463 1.000000
0.084457 0.084457 0.084457 0.084457 0.084457 0.084457 0.084457 0.084457 0.000004 0.000502 0.028519 0.165470 0.084457 0.000018 0.067739 0.000000 0.133670 0.165470 0.084457 0.084457 1.000000
0.083981 0.083981 0.083981 0.083981 0.083981 0.083981 0.083981 0.083981 0.083981 0.002381 0.044256 0.164573 0.000000 0.083981 0.067355 0.000000 0.164573 0.164573 0.083981 0.083981 1.000000
0.083964 0.083964 0.083964 0.083964 0.083964 0.083964 0.083964 0.083964 0.083964 0.000000 0.000998 0.164541 0.083964 0.000624 0.083964 0.000000 0.164541 0.164541 0.067341 0.067341 1.000000
0.084444 0.084444 0.084444 0.084444 0.084444 0.084444 0.084444 0.084444 0.084444 0.000014 0.000329 0.165445 0.014266 0.000002 0.067728 0.000000 0.133650 0.165445 0.067728 0.084444 1.000000
0.084443 0.084443 0.084443 0.084443 0.084443 0.084443 0.084443 0.084443 0.000628 0.009131 0.000000 0.086439 0.084443 0.001532 0.084443 0.000000 0.165442 0.165442 0.084443 0.084443 1.000000
0.083988 0.083988 0.083988 0.083988 0.083988 0.083988 0.083988 0.083988 0.000014 0.083988 0.000000 0.164587 0.083988 0.000027 0.083988 0.000000 0.164587 0.164587 0.083988 0.083988 1.000000
0.084399 0.084399 0.084399 0.084399 0.084399 0.084399 0.084399 0.084399 0.000627 0.003739 0.000000 0.000002 0.084399 0.001914 0.067692 0.000000 0.165361 0.165361 0.067692 0.084399 1.000000
0.084422 0.084422 0.084422 0.084422 0.084422 0.084422 0.084422 0.084422 0.000002 0.084422 0.003829 0.165403 0.067710 0.000006 0.084422 0.000007 0.165403 0.000035 0.067710 0.067710 1.000000
0.083957 0.083957 0.083957 0.083957 0.083957 0.083957 0.083957 0.083957 0.000000 0.083957 0.085943 0.132896 0.083957 0.067336 0.067336 0.000000 0.164528 0.132896 0.067336 0.083957 1.000000
0.084493 0.084493 0.084493 0.084493 0.084493 0.084493 0.084493 0.084493 0.000003 0.084493 0.000000 0.165537 0.084493 0.084493 0.084493 0.000003 0.000018 0.165537 0.084493 0.084493 1.000000
0.084493 0.084493 0.084493 0.084493 0.084493 0.084493 0.084493 0.084493 0.084493 0.084493 0.000000 0.165537 0.084493 0.084493 0.000000 0.000002 0.165537 0.003066 0.084493 0.084493 1.000000
0.083965 0.083965 0.083965 0.083965 0.083965 0.083965 0.083965 0.083965 0.000001 0.083965 0.000511 0.164543 0.083965 0.000002 0.083965 0.000000 0.164543 0.132908 0.083965 0.083965 1.000000
0.084474 0.084474 0.084474 0.084474 0.084474 0.084474 0.084474 0.084474 0.084474 0.000018 0.000000 0.107642 0.084474 0.000321 0.084474 0.000000 0.165502 0.165502 0.067753 0.084474 1.000000
0.084473 0.084473 0.084473 0.084473 0.084473 0.084473 0.084473 0.084473 0.084473 0.000054 0.000000 0.165500 0.084473 0.000014 0.084473 0.000000 0.165500 0.133695 0.034807 0.084473 1.000000
0.083979 0.083979 0.083979 0.083979 0.083979 0.083979 0.083979 0.083979 0.000003 0.083979 0.000000 0.164569 0.053971 0.083979 0.083979 0.000000 0.164569 0.132929 0.083979 0.083979 1.000000
0.083988 0.083988 0.083988 0.083988 0.083988 0.083988 0.083988 0.083988 0.000027 0.083988 0.000000 0.164587 0.083988 0.083988 0.083988 0.000000 0.164587 0.164587 0.083988 0.005812 1.000000
0.084481 0.084481 0.084481 0.084481 0.084481 0.084481 0.084481 0.084481 0.084481 0.084481 0.000000 0.165514 0.067758 0.084481 0.084481 0.000006 0.000002 0.165514 0.084481 0.000006 1.000000
0.084010 0.084010 0.084010 0.084010 0.084010 0.084010 0.084010 0.084010 0.000002 0.084010 0.000000 0.164628 0.084010 0.084010 0.067378 0.000000 0.164628 0.164628 0.084010 0.084010 1.000000
0.084022 0.084022 0.084022 0.084022 0.084022 0.084022 0.084022 0.084022 0.000002 0.084022 0.000000 0.164651 0.084022 0.084022 0.084022 0.000000 0.164651 0.164651 0.084022 0.084022 1.000000
0.084973 0.084973 0.084973 0.084973 0.084973 0.084973 0.084973 0.084973 0.000028 0.084973 0.000000 0.166440 0.068155 0.084973 0.068155 0.000006 0.166440 0.000069 0.084973 0.000106 1.000000
0.083974 0.083974 0.083974 0.083974 0.083974 0.083974 0.083974 0.083974 0.000000 0.083974 0.001248 0.164561 0.067350 0.083974 0.083974 0.000000 0.164561 0.132923 0.067350 0.083974 1.000000
0.084435 0.084435 0.084435 0.084435 0.084435 0.084435 0.084435 0.084435 0.000257 0.084435 0.000000 0.165428 0.084435 0.000784 0.084435 0.000003 0.133636 0.000023 0.084435 0.084435 1.000000
0.084435 0.084435 0.084435 0.084435 0.084435 0.084435 0.084435 0.084435 0.000034 0.084435 0.000000 0.133637 0.007305 0.084435 0.084435 0.000003 0.165429 0.000014 0.084435 0.084435 1.000000
0.083994 0.083994 0.083994 0.083994 0.083994 0.083994 0.083994 0.083994 0.000000 0.083994 0.044263 0.164599 0.053981 0.083994 0.067366 0.000000 0.164599 0.164599 0.083994 0.083994 1.000000
0.083988 0.083988 0.083988 0.083988 0.083988 0.083988 0.083988 0.083988 0.000027 0.083988 0.000000 0.164587 0.083988 0.083988 0.083988 0.000000 0.164587 0.164587 0.083988 0.005812 1.000000
0.084460 0.084460 0.084460 0.084460 0.084460 0.084460 0.084460 0.084460 0.000035 0.067741 0.000000 0.165476 0.084460 0.054283 0.084460 0.000007 0.000000 0.165476 0.084460 0.084460 1.000000
0.084493 0.084493 0.084493 0.084493 0.084493 0.084493 0.084493 0.084493 0.000018 0.084493 0.000000 0.165537 0.084493 0.084493 0.084493 0.000006 0.165537 0.000000 0.084493 0.084493 1.000000
0.084487 0.084487 0.084487 0.084487 0.084487 0.084487 0.084487 0.084487 0.000007 0.084487 0.000000 0.107658 0.084487 0.000018 0.084487 0.000000 0.165525 0.165525 0.084487 0.084487 1.000000
0.084022 0.084022 0.084022 0.084022 0.084022 0.084022 0.084022 0.084022 0.000002 0.084022 0.000000 0.164651 0.084022 0.084022 0.084022 0.000000 0.164651 0.164651 0.084022 0.084022 1.000000
0.083965 0.083965 0.083965 0.083965 0.083965 0.083965 0.083965 0.083965 0.000000 0.083965 0.000014 0.132908 0.083965 0.083965 0.000034 0.000000 0.164543 0.164543 0.083965 0.083965 1.000000
0.083988 0.083988 0.083988 0.083988 0.083988 0.083988 0.083988 0.083988 0.000001 0.083988 0.000327 0.164587 0.083988 0.000004 0.083988 0.000000 0.164587 0.164587 0.083988 0.083988 1.000000
0.084423 0.084423 0.084423 0.084423 0.084423 0.084423 0.084423 0.084423 0.084423 0.000054 0.014605 0.165406 0.084423 0.000000 0.067712 0.000005 0.133618 0.000069 0.084423 0.084423 1.000000
0.083976 0.083976 0.083976 0.083976 0.083976 0.083976 0.083976 0.083976 0.000001 0.083976 0.001950 0.164564 0.083976 0.000002 0.067351 0.000000 0.164564 0.164564 0.083976 0.083976 1.000000
0.083999 0.083999 0.083999 0.083999 0.083999 0.083999 0.083999 0.083999 0.083999 0.000000 0.000000 0.164607 0.083999 0.083999 0.083999 0.000000 0.164607 0.132960 0.083999 0.083999 1.000000
0.083999 0.083999 0.083999 0.083999 0.083999 0.083999 0.083999 0.083999 0.000002 0.083999 0.000000 0.164607 0.083999 0.083999 0.083999 0.000000 0.132960 0.164607 0.083999 0.083999 1.000000
0.084022 0.084022 0.084022 0.084022 0.084022 0.084022 0.084022 0.084022 0.000002 0.084022 0.000000 0.164651 0.084022 0.084022 0.084022 0.000000 0.164651 0.164651 0.084022 0.084022 1.000000
0.084021 0.084021 0.084021 0.084021 0.084021 0.084021 0.084021 0.084021 0.067387 0.084021 0.000000 0.164648 0.084021 0.084021 0.084021 0.000000 0.164648 0.132994 0.084021 0.084021 1.000000
0.084467 0.084467 0.084467 0.084467 0.084467 0.084467 0.084467 0.084467 0.000084 0.084467 0.000329 0.165489 0.084467 0.000402 0.000007 0.000000 0.133686 0.165489 0.084467 0.084467 1.000000
0.084022 0.084022 0.084022 0.084022 0.084022 0.084022 0.084022 0.084022 0.000002 0.084022 0.000000 0.164651 0.084022 0.084022 0.084022 0.000000 0.164651 0.164651 0.084022 0.084022 1.000000
0.084022 0.084022 0.084022 0.084022 0.084022 0.084022 0.084022 0.084022 0.084022 0.084022 0.000000 0.164651 0.084022 0.000000 0.084022 0.000000 0.164651 0.164651 0.084022 0.084022 1.000000
0.084493 0.084493 0.084493 0.084493 0.084493 0.084493 0.084493 0.084493 0.000018 0.084493 0.000000 0.165537 0.084493 0.084493 0.084493 0.000006 0.165537 0.000000 0.084493 0.084493 1.000000
0.083965 0.083965 0.083965 0.083965 0.083965 0.083965 0.083965 0.083965 0.000000 0.083965 0.000167 0.132908 0.083965 0.083965 0.083965 0.000000 0.164543 0.164543 0.083965 0.000011 1.000000
0.083988 0.083988 0.083988 0.083988 0.083988 0.083988 0.083988 0.083988 0.000000 0.083988 0.000022 0.164587 0.000027 0.083988 0.083988 0.000000 0.164587 0.164587 0.083988 0.083988 1.000000
0.084022 0.084022 0.084022 0.084022 0.084022 0.084022 0.084022 0.084022 0.000002 0.084022 0.000000 0.164651 0.084022 0.084022 0.084022 0.000000 0.164651 0.164651 0.084022 0.084022 1.000000
0.083999 0.083999 0.083999 0.083999 0.083999 0.083999 0.083999 0.083999 0.000002 0.083999 0.000000 0.132960 0.083999 0.083999 0.083999 0.000000 0.164607 0.164607 0.083999 0.083999 1.000000
0.084561 0.084561 0.084561 0.084561 0.084561 0.084561 0.084561 0.084561 0.084561 0.084561 0.000000 0.165664 0.084561 0.084561 0.007316 0.000000 0.165664 0.165664 0.084561 0.084561 1.000000
0.083988 0.083988 0.083988 0.083988 0.083988 0.083988 0.083988 0.083988 0.083988 0.083988 0.000005 0.164587 0.002976 0.000000 0.083988 0.000000 0.164587 0.164587 0.083988 0.083988 1.000000
0.083988 0.083988 0.083988 0.083988 0.083988 0.083988 0.083988 0.083988 0.000005 0.083988 0.000001 0.164587 0.083988 0.000014 0.083988 0.000000 0.164587 0.164587 0.083988 0.083988 1.000000
0.083999 0.083999 0.083999 0.083999 0.083999 0.083999 0.083999 0.083999 0.083999 0.083999 0.007441 0.132960 0.000000 0.083999 0.083999 0.000000 0.164607 0.164607 0.083999 0.083999 1.000000
0.083988 0.083988 0.083988 0.083988 0.083988 0.083988 0.083988 0.083988 0.000007 0.000164 0.000000 0.164587 0.083988 0.083988 0.083988 0.000000 0.164587 0.164587 0.083988 0.083988 1.000000
0.084481 0.084481 0.084481 0.084481 0.084481 0.084481 0.084481 0.084481 0.000000 0.084481 0.000000 0.000023 0.084481 0.084481 0.067758 0.000000 0.165514 0.165514 0.084481 0.084481 1.000000
0.084022 0.084022 0.084022 0.084022 0.084022 0.084022 0.084022 0.084022 0.000002 0.084022 0.000000 0.164651 0.084022 0.084022 0.084022 0.000000 0.164651 0.164651 0.084022 0.084022 1.000000
0.084493 0.084493 0.084493 0.084493 0.084493 0.084493 0.084493 0.084493 0.000018 0.084493 0.000000 0.165537 0.084493 0.084493 0.084493 0.000006 0.165537 0.000000 0.084493 0.084493 1.000000
0.083965 0.083965 0.083965 0.083965 0.083965 0.083965 0.083965 0.083965 0.000000 0.083965 0.000000 0.164543 0.000319 0.083965 0.083965 0.000000 0.164543 0.132908 0.083965 0.083965 1.000000
0.084022 0.084022 0.084022 0.084022 0.084022 0.084022 0.084022 0.084022 0.000002 0.084022 0.000000 0.164651 0.084022 0.084022 0.084022 0.000000 0.164651 0.164651 0.084022 0.084022 1.000000
0.083988 0.083988 0.083988 0.083988 0.083988 0.083988 0.083988 0.083988 0.000000 0.083988 0.000799 0.164587 0.000005 0.083988 0.083988 0.000000 0.164587 0.164587 0.083988 0.083988 1.000000
0.084010 0.084010 0.084010 0.084010 0.084010 0.084010 0.084010 0.084010 0.000002 0.084010 0.000000 0.164628 0.084010 0.084010 0.067378 0.000000 0.164628 0.164628 0.084010 0.084010 1.000000
0.084022 0.084022 0.084022 0.084022 0.084022 0.084022 0.084022 0.084022 0.000002 0.084022 0.000000 0.164651 0.084022 0.084022 0.084022 0.000000 0.164651 0.164651 0.084022 0.084022 1.000000
0.084022 0.084022 0.084022 0.084022 0.084022 0.084022 0.084022 0.084022 0.084022 0.084022 0.005954 0.164651 0.084022 0.084022 0.000000 0.000000 0.164651 0.164651 0.084022 0.084022 1.000000
0.084022 0.084022 0.084022 0.084022 0.084022 0.084022 0.084022 0.084022 0.084022 0.084022 0.005954 0.164651 0.084022 0.000000 0.084022 0.000000 0.164651 0.164651 0.084022 0.084022 1.000000
0.084022 0.084022 0.084022 0.084022 0.084022 0.084022 0.084022 0.084022 0.000002 0.084022 0.000000 0.164651 0.084022 0.084022 0.084022 0.000000 0.164651 0.164651 0.084022 0.084022 1.000000
0.084022 0.084022 0.084022 0.084022 0.084022 0.084022 0.084022 0.084022 0.000002 0.084022 0.000000 0.164651 0.084022 0.084022 0.084022 0.000000 0.164651 0.164651 0.084022 0.084022 1.000000
0.083999 0.083999 0.083999 0.083999 0.083999 0.083999 0.083999 0.083999 0.000002 0.083999 0.000000 0.132960 0.083999 0.083999 0.083999 0.000000 0.164607 0.164607 0.083999 0.083999 1.000000
0.084022 0.084022 0.084022 0.084022 0.084022 0.084022 0.084022 0.084022 0.000002 0.084022 0.000000 0.164651 0.084022 0.084022 0.084022 0.000000 0.164651 0.164651 0.084022 0.084022 1.000000
0.084392 0.084392 0.084392 0.084392 0.084392 0.084392 0.084392 0.084392 0.000206 0.084392 0.000000 0.000005 0.084392 0.000784 0.084392 0.000007 0.165347 0.000055 0.084392 0.084392 1.000000
0.084022 0.084022 0.084022 0.084022 0.084022 0.084022 0.084022 0.084022 0.000002 0.084022 0.000000 0.164651 0.084022 0.084022 0.084022 0.000000 0.164651 0.164651 0.084022 0.084022 1.000000
0.084022 0.084022 0.084022 0.084022 0.084022 0.084022 0.084022 0.084022 0.084022 0.084022 0.000000 0.164651 0.084022 0.000000 0.084022 0.000000 0.164651 0.164651 0.084022 0.084022 1.000000
0.084022 0.084022 0.084022 0.084022 0.084022 0.084022 0.084022 0.084022 0.000002 0.084022 0.000000 0.164651 0.084022 0.084022 0.084022 0.000000 0.164651 0.164651 0.084022 0.084022 1.000000
0.084493 0.084493 0.084493 0.084493 0.084493 0.084493 0.084493 0.084493 0.000003 0.084493 0.000000 0.165537 0.084493 0.084493 0.084493 0.000002 0.000023 0.165537 0.084493 0.084493 1.000000
0.084022 0.084022 0.084022 0.084022 0.084022 0.084022 0.084022 0.084022 0.084022 0.084022 0.003049 0.164651 0.084022 0.000000 0.084022 0.000000 0.164651 0.164651 0.084022 0.084022 1.000000
0.083979 0.083979 0.083979 0.083979 0.083979 0.083979 0.083979 0.083979 0.000003 0.083979 0.000000 0.164569 0.083979 0.083979 0.083979 0.000000 0.164569 0.132929 0.083979 0.053971 1.000000
0.084493 0.084493 0.084493 0.084493 0.084493 0.084493 0.084493 0.084493 0.000003 0.084493 0.000000 0.165537 0.084493 0.084493 0.084493 0.000003 0.165537 0.000018 0.084493 0.084493 1.000000
0.084022 0.084022 0.084022 0.084022 0.084022 0.084022 0.084022 0.084022 0.000002 0.084022 0.000000 0.164651 0.084022 0.084022 0.084022 0.000000 0.164651 0.164651 0.084022 0.084022 1.000000
0.084022 0.084022 0.084022 0.084022 0.084022 0.084022 0.084022 0.084022 0.000002 0.084022 0.000000 0.164651 0.084022 0.084022 0.084022 0.000000 0.164651 0.164651 0.084022 0.084022 1.000000
0.083988 0.083988 0.083988 0.083988 0.083988 0.083988 0.083988 0.083988 0.000000 0.083988 0.000002 0.164587 0.083988 0.083988 0.000084 0.000000 0.164587 0.164587 0.083988 0.083988 1.000000
0.083999 0.083999 0.083999 0.083999 0.083999 0.083999 0.083999 0.083999 0.000002 0.083999 0.000000 0.132960 0.083999 0.083999 0.083999 0.000000 0.164607 0.164607 0.083999 0.083999 1.000000
0.084010 0.084010 0.084010 0.084010 0.084010 0.084010 0.084010 0.084010 0.000002 0.084010 0.000000 0.164628 0.067378 0.084010 0.084010 0.000000 0.164628 0.164628 0.084010 0.084010 1.000000
0.084022 0.084022 0.084022 0.084022 0.084022 0.084022 0.084022 0.084022 0.000002 0.084022 0.000000 0.164651 0.084022 0.084022 0.084022 0.000000 0.164651 0.164651 0.084022 0.084022 1.000000
0.083999 0.083999 0.083999 0.083999 0.083999 0.083999 0.083999 0.083999 0.000002 0.083999 0.000000 0.164607 0.083999 0.083999 0.083999 0.000000 0.132960 0.164607 0.083999 0.083999 1.000000
0.084022 0.084022 0.084022 0.084022 0.084022 0.084022 0.084022 0.084022 0.000002 0.084022 0.000000 0.164651 0.084022 0.084022 0.084022 0.000000 0.164651 0.164651 0.084022 0.084022 1.000000
0.084022 0.084022 0.084022 0.084022 0.084022 0.084022 0.084022 0.084022 0.000002 0.084022 0.000000 0.164651 0.084022 0.084022 0.084022 0.000000 0.164651 0.164651 0.084022 0.084022 1.000000
0.084022 0.084022 0.084022 0.084022 0.084022 0.084022 0.084022 0.084022 0.000002 0.084022 0.000000 0.164651 0.084022 0.084022 0.084022 0.000000 0.164651 0.164651 0.084022 0.084022 1.000000
0.083988 0.083988 0.083988 0.083988 0.083988 0.083988 0.083988 0.083988 0.000000 0.083988 0.000000 0.164587 0.000624 0.083988 0.083988 0.000000 0.164587 0.164587 0.083988 0.083988 1.000000
0.083962 0.083962 0.083962 0.083962 0.083962 0.083962 0.083962 0.083962 0.000002 0.083962 0.000000 0.085948 0.083962 0.083962 0.067339 0.000000 0.164537 0.164537 0.083962 0.083962 1.000000
0.084022 0.084022 0.084022 0.084022 0.084022 0.084022 0.084022 0.084022 0.000002 0.084022 0.000000 0.164651 0.084022 0.084022 0.084022 0.000000 0.164651 0.164651 0.084022 0.084022 1.000000
0.084457 0.084457 0.084457 0.084457 0.084457 0.084457 0.084457 0.084457 0.000022 0.084457 0.000000 0.165470 0.084457 0.084457 0.084457 0.000007 0.000000 0.133671 0.084457 0.067739 1.000000
0.083988 0.083988 0.083988 0.083988 0.083988 0.083988 0.083988 0.083988 0.000000 0.000002 0.003047 0.164587 0.083988 0.083988 0.083988 0.000000 0.164587 0.164587 0.083988 0.083988 1.000000
0.084481 0.084481 0.084481 0.084481 0.084481 0.084481 0.084481 0.084481 0.000000 0.084481 0.000000 0.000411 0.084481 0.084481 0.084481 0.000000 0.165514 0.165514 0.067758 0.084481 1.000000
0.084022 0.084022 0.084022 0.084022 0.084022 0.084022 0.084022 0.084022 0.000002 0.084022 0.000000 0.164651 0.084022 0.084022 0.084022 0.000000 0.164651 0.164651 0.084022 0.084022 1.000000
0.084022 0.084022 0.084022 0.084022 0.084022 0.084022 0.084022 0.084022 0.000002 0.084022 0.000000 0.164651 0.084022 0.084022 0.084022 0.000000 0.164651 0.164651 0.084022 0.084022 1.000000
0.083999 0.083999 0.083999 0.083999 0.083999 0.083999 0.083999 0.083999 0.000002 0.083999 0.000000 0.164607 0.083999 0.083999 0.083999 0.000000 0.164607 0.132960 0.083999 0.083999 1.000000
0.084022 0.084022 0.084022 0.084022 0.084022 0.084022 0.084022 0.084022 0.000002 0.084022 0.000000 0.164651 0.084022 0.084022 0.084022 0.000000 0.164651 0.164651 0.084022 0.084022 1.000000
0.084022 0.084022 0.084022 0.084022 0.084022 0.084022 0.084022 0.084022 0.084022 0.000002 0.000000 0.164651 0.084022 0.084022 0.084022 0.000000 0.164651 0.164651 0.084022 0.084022 1.000000
0.084022 0.084022 0.084022 0.084022 0.084022 0.084022 0.084022 0.084022 0.000002 0.084022 0.000000 0.164651 0.084022 0.084022 0.084022 0.000000 0.164651 0.164651 0.084022 0.084022 1.000000
0.083988 0.083988 0.083988 0.083988 0.083988 0.083988 0.083988 0.083988 0.000054 0.002976 0.000000 0.164587 0.083988 0.083988 0.083988 0.000000 0.164587 0.164587 0.083988 0.083988 1.000000
0.084022 0.084022 0.084022 0.084022 0.084022 0.084022 0.084022 0.084022 0.000002 0.084022 0.000000 0.164651 0.084022 0.084022 0.084022 0.000000 0.164651 0.164651 0.084022 0.084022 1.000000
0.084022 0.084022 0.084022 0.084022 0.084022 0.084022 0.084022 0.084022 0.000002 0.084022 0.000000 0.164651 0.084022 0.084022 0.084022 0.000000 0.164651 0.164651 0.084022 0.084022 1.000000
0.083999 0.083999 0.083999 0.083999 0.083999 0.083999 0.083999 0.083999 0.000002 0.083999 0.000000 0.164607 0.083999 0.083999 0.083999 0.000000 0.132960 0.164607 0.083999 0.083999 1.000000
0.083999 0.083999 0.083999 0.083999 0.083999 0.083999 0.083999 0.083999 0.000002 0.083999 0.000000 0.164607 0.083999 0.083999 0.083999 0.000000 0.164607 0.132960 0.083999 0.083999 1.000000
0.084022 0.084022 0.084022 0.084022 0.084022 0.084022 0.084022 0.084022 0.000002 0.084022 0.000000 0.164651 0.084022 0.084022 0.084022 0.000000 0.164651 0.164651 0.084022 0.084022 1.000000
0.083999 0.083999 0.083999 0.083999 0.083999 0.083999 0.083999 0.083999 0.000002 0.083999 0.000000 0.132960 0.083999 0.083999 0.083999 0.000000 0.164607 0.164607 0.083999 0.083999 1.000000
0.084022 0.084022 0.084022 0.084022 0.084022 0.084022 0.084022 0.084022 0.000002 0.084022 0.000000 0.164651 0.084022 0.084022 0.084022 0.000000 0.164651 0.164651 0.084022 0.084022 1.000000
0.084022 0.084022 0.084022 0.084022 0.084022 0.084022 0.084022 0.084022 0.000002 0.084022 0.000000 0.164651 0.084022 0.084022 0.084022 0.000000 0.164651 0.164651 0.084022 0.084022 1.000000
0.083999 0.083999 0.083999 0.083999 0.083999 0.083999 0.083999 0.083999 0.000002 0.083999 0.000000 0.164607 0.083999 0.083999 0.083999 0.000000 0.164607 0.132960 0.083999 0.083999 1.000000
0.084022 0.084022 0.084022 0.084022 0.084022 0.084022 0.084022 0.084022 0.000002 0.084022 0.000000 0.164651 0.084022 0.084022 0.084022 0.000000 0.164651 0.164651 0.084022 0.084022 1.000000
0.084022 0.084022 0.084022 0.084022 0.084022 0.084022 0.084022 0.084022 0.000002 0.084022 0.000000 0.164651 0.084022 0.084022 0.084022 0.000000 0.164651 0.164651 0.084022 0.084022 1.000000
0.083976 0.083976 0.083976 0.083976 0.083976 0.083976 0.083976 0.083976 0.000000 0.083976 0.000000 0.164564 0.001904 0.083976 0.067351 0.000000 0.164564 0.164564 0.083976 0.083976 1.000000
0.084022 0.084022 0.084022 0.084022 0.084022 0.084022 0.084022 0.084022 0.084022 0.084022 0.005954 0.164651 0.084022 0.084022 0.000000 0.000000 0.164651 0.164651 0.084022 0.084022 1.000000
0.084022 0.084022 0.084022 0.084022 0.084022 0.084022 0.084022 0.084022 0.000002 0.084022 0.000000 0.164651 0.084022 0.084022 0.084022 0.000000 0.164651 0.164651 0.084022 0.084022 1.000000
0.083999 0.083999 0.083999 0.083999 0.083999 0.083999 0.083999 0.083999 0.000002 0.083999 0.000000 0.164607 0.083999 0.083999 0.083999 0.000000 0.164607 0.132960 0.083999 0.083999 1.000000
0.084022 0.084022 0.084022 0.084022 0.084022 0.084022 0.084022 0.084022 0.000002 0.084022 0.000000 0.164651 0.084022 0.084022 0.084022 0.000000 0.164651 0.164651 0.084022 0.084022 1.000000
0.084022 0.084022 0.084022 0.084022 0.084022 0.084022 0.084022 0.084022 0.000002 0.084022 0.000000 0.164651 0.084022 0.084022 0.084022 0.000000 0.164651 0.164651 0.084022 0.084022 1.000000
0.084022 0.084022 0.084022 0.084022 0.084022 0.084022 0.084022 0.084022 0.000002 0.084022 0.000000 0.164651 0.084022 0.084022 0.084022 0.000000 0.164651 0.164651 0.084022 0.084022 1.000000
0.084022 0.084022 0.084022 0.084022 0.084022 0.084022 0.084022 0.084022 0.000002 0.084022 0.000000 0.164651 0.084022 0.084022 0.084022 0.000000 0.164651 0.164651 0.084022 0.084022 1.000000
0.084022 0.084022 0.084022 0.084022 0.084022 0.084022 0.084022 0.084022 0.000002 0.084022 0.000000 0.164651 0.084022 0.084022 0.084022 0.000000 0.164651 0.164651 0.084022 0.084022 1.000000
0.084022 0.084022 0.084022 0.084022 0.084022 0.084022 0.084022 0.084022 0.000002 0.084022 0.000000 0.164651 0.084022 0.084022 0.084022 0.000000 0.164651 0.164651 0.084022 0.084022 1.000000
0.084022 0.084022 0.084022 0.084022 0.084022 0.084022 0.084022 0.084022 0.084022 0.084022 0.000639 0.164651 0.084022 0.084022 0.084022 0.000000 0.164651 0.164651 0.084022 0.000000 1.000000
0.084022 0.084022 0.084022 0.084022 0.084022 0.084022 0.084022 0.084022 0.000002 0.084022 0.000000 0.164651 0.084022 0.084022 0.084022 0.000000 0.164651 0.164651 0.084022 0.084022 1.000000
0.084022 0.084022 0.084022 0.084022 0.084022 0.084022 0.084022 0.084022 0.000002 0.084022 0.000000 0.164651 0.084022 0.084022 0.084022 0.000000 0.164651 0.164651 0.084022 0.084022 1.000000
0.083988 0.083988 0.083988 0.083988 0.083988 0.083988 0.083988 0.083988 0.000054 0.002976 0.000000 0.164587 0.083988 0.083988 0.083988 0.000000 0.164587 0.164587 0.083988 0.083988 1.000000
0.084022 0.084022 0.084022 0.084022 0.084022 0.084022 0.084022 0.084022 0.000002 0.084022 0.000000 0.164651 0.084022 0.084022 0.084022 0.000000 0.164651 0.164651 0.084022 0.084022 1.000000
0.084022 0.084022 0.084022 0.084022 0.084022 0.084022 0.084022 0.084022 0.000002 0.084022 0.000000 0.164651 0.084022 0.084022 0.084022 0.000000 0.164651 0.164651 0.084022 0.084022 1.000000
0.083988 0.083988 0.083988 0.083988 0.083988 0.083988 0.083988 0.083988 0.000001 0.083988 0.000000 0.164587 0.083988 0.083988 0.083988 0.000000 0.164587 0.164587 0.007265 0.083988 1.000000
0.083988 0.083988 0.083988 0.083988 0.083988 0.083988 0.083988 0.083988 0.000000 0.083988 0.000018 0.164587 0.083988 0.083988 0.000034 0.000000 0.164587 0.164587 0.083988 0.083988 1.000000
0.083988 0.083988 0.083988 0.083988 0.083988 0.083988 0.083988 0.083988 0.000000 0.083988 0.003047 0.164587 0.000002 0.083988 0.083988 0.000000 0.164587 0.164587 0.083988 0.083988 1.000000
0.084022 0.084022 0.084022 0.084022 0.084022 0.084022 0.084022 0.084022 0.000002 0.084022 0.000000 0.164651 0.084022 0.084022 0.084022 0.000000 0.164651 0.164651 0.084022 0.084022 1.000000
0.084022 0.084022 0.084022 0.084022 0.084022 0.084022 0.084022 0.084022 0.000002 0.084022 0.000000 0.164651 0.084022 0.084022 0.084022 0.000000 0.164651 0.164651 0.084022 0.084022 1.000000
0.084022 0.084022 0.084022 0.084022 0.084022 0.084022 0.084022 0.084022 0.000002 0.084022 0.000000 0.164651 0.084022 0.084022 0.084022 0.000000 0.164651 0.164651 0.084022 0.084022 1.000000
0.084022 0.084022 0.084022 0.084022 0.084022 0.084022 0.084022 0.084022 0.000002 0.084022 0.000000 0.164651 0.084022 0.084022 0.084022 0.000000 0.164651 0.164651 0.084022 0.084022 1.000000
0.083976 0.083976 0.083976 0.083976 0.083976 0.083976 0.083976 0.083976 0.000000 0.067351 0.000998 0.164564 0.083976 0.083976 0.083976 0.000000 0.164564 0.164564 0.083976 0.000005 1.000000
0.084022 0.084022 0.084022 0.084022 0.084022 0.084022 0.084022 0.084022 0.000002 0.084022 0.000000 0.164651 0.084022 0.084022 0.084022 0.000000 0.164651 0.164651 0.084022 0.084022 1.000000
0.084022 0.084022 0.084022 0.084022 0.084022 0.084022 0.084022 0.084022 0.000002 0.084022 0.000000 0.164651 0.084022 0.084022 0.084022 0.000000 0.164651 0.164651 0.084022 0.084022 1.000000
0.084022 0.084022 0.084022 0.084022 0.084022 0.084022 0.084022 0.084022 0.000002 0.084022 0.000000 0.164651 0.084022 0.084022 0.084022 0.000000 0.164651 0.164651 0.084022 0.084022 1.000000
0.084022 0.084022 0.084022 0.084022 0.084022 0.084022 0.084022 0.084022 0.000002 0.084022 0.000000 0.164651 0.084022 0.084022 0.084022 0.000000 0.164651 0.164651 0.084022 0.084022 1.000000
0.084022 0.084022 0.084022 0.084022 0.084022 0.084022 0.084022 0.084022 0.000002 0.084022 0.000000 0.164651 0.084022 0.084022 0.084022 0.000000 0.164651 0.164651 0.084022 0.084022 1.000000
0.084022 0.084022 0.084022 0.084022 0.084022 0.084022 0.084022 0.084022 0.000002 0.084022 0.000000 0.164651 0.084022 0.084022 0.084022 0.000000 0.164651 0.164651 0.084022 0.084022 1.000000
0.084493 0.084493 0.084493 0.084493 0.084493 0.084493 0.084493 0.084493 0.000014 0.084493 0.000000 0.165537 0.084493 0.084493 0.084493 0.000007 0.165537 0.000000 0.084493 0.084493 1.000000
0.084022 0.084022 0.084022 0.084022 0.084022 0.084022 0.084022 0.084022 0.000002 0.084022 0.000000 0.164651 0.084022 0.084022 0.084022 0.000000 0.164651 0.164651 0.084022 0.084022 1.000000
0.084022 0.084022 0.084022 0.084022 0.084022 0.084022 0.084022 0.084022 0.000002 0.084022 0.000000 0.164651 0.084022 0.084022 0.084022 0.000000 0.164651 0.164651 0.084022 0.084022 1.000000
0.084022 0.084022 0.084022 0.084022 0.084022 0.084022 0.084022 0.084022 0.000002 0.084022 0.000000 0.164651 0.084022 0.084022 0.084022 0.000000 0.164651 0.164651 0.084022 0.084022 1.000000
0.084022 0.084022 0.084022 0.084022 0.084022 0.084022 0.084022 0.084022 0.000002 0.084022 0.000000 0.164651 0.084022 0.084022 0.084022 0.000000 0.164651 0.164651 0.084022 0.084022 1.000000
0.084022 0.084022 0.084022 0.084022 0.084022 0.084022 0.084022 0.084022 0.000002 0.084022 0.000000 0.164651 0.084022 0.084022 0.084022 0.000000 0.164651 0.164651 0.084022 0.084022 1.000000
0.084022 0.084022 0.084022 0.084022 0.084022 0.084022 0.084022 0.084022 0.000002 0.084022 0.000000 0.164651 0.084022 0.084022 0.084022 0.000000 0.164651 0.164651 0.084022 0.084022 1.000000
0.084022 0.084022 0.084022 0.084022 0.084022 0.084022 0.084022 0.084022 0.000002 0.084022 0.000000 0.164651 0.084022 0.084022 0.084022 0.000000 0.164651 0.164651 0.084022 0.084022 1.000000
0.084022 0.084022 0.084022 0.084022 0.084022 0.084022 0.084022 0.084022 0.000002 0.084022 0.000000 0.164651 0.084022 0.084022 0.084022 0.000000 0.164651 0.164651 0.084022 0.084022 1.000000
0.084022 0.084022 0.084022 0.084022 0.084022 0.084022 0.084022 0.084022 0.000002 0.084022 0.000000 0.164651 0.084022 0.084022 0.084022 0.000000 0.164651 0.164651 0.084022 0.084022 1.000000
0.084022 0.084022 0.084022 0.084022 0.084022 0.084022 0.084022 0.084022 0.000002 0.084022 0.000000 0.164651 0.084022 0.084022 0.084022 0.000000 0.164651 0.164651 0.084022 0.084022 1.000000
0.084022 0.084022 0.084022 0.084022 0.084022 0.084022 0.084022 0.084022 0.000002 0.084022 0.000000 0.164651 0.084022 0.084022 0.084022 0.000000 0.164651 0.164651 0.084022 0.084022 1.000000
0.084022 0.084022 0.084022 0.084022 0.084022 0.084022 0.084022 0.084022 0.000002 0.084022 0.000000 0.164651 0.084022 0.084022 0.084022 0.000000 0.164651 0.164651 0.084022 0.084022 1.000000
0.084022 0.084022 0.084022 0.084022 0.084022 0.084022 0.084022 0.084022 0.000002 0.084022 0.000000 0.164651 0.084022 0.084022 0.084022 0.000000 0.164651 0.164651 0.084022 0.084022 1.000000
0.084022 0.084022 0.084022 0.084022 0.084022 0.084022 0.084022 0.084022 0.000002 0.084022 0.000000 0.164651 0.084022 0.084022 0.084022 0.000000 0.164651 0.164651 0.084022 0.084022 1.000000
0.084022 0.084022 0.084022 0.084022 0.084022 0.084022 0.084022 0.084022 0.000002 0.084022 0.000000 0.164651 0.084022 0.084022 0.084022 0.000000 0.164651 0.164651 0.084022 0.084022 1.000000
0.084022 0.084022 0.084022 0.084022 0.084022 0.084022 0.084022 0.084022 0.000002 0.084022 0.000000 0.164651 0.084022 0.084022 0.084022 0.000000 0.164651 0.164651 0.084022 0.084022 1.000000
0.084022 0.084022 0.084022 0.084022 0.084022 0.084022 0.084022 0.084022 0.000002 0.084022 0.000000 0.164651 0.084022 0.084022 0.084022 0.000000 0.164651 0.164651 0.084022 0.084022 1.000000
0.084002 0.084002 0.084002 0.084002 0.084002 0.084002 0.084002 0.084002 0.000003 0.084002 0.000000 0.164613 0.084002 0.084002 0.053985 0.000000 0.164613 0.164613 0.084002 0.084002 1.000000
0.084002 0.084002 0.084002 0.084002 0.084002 0.084002 0.084002 0.084002 0.000003 0.084002 0.000000 0.164613 0.084002 0.084002 0.084002 0.000000 0.164613 0.164613 0.084002 0.053985 1.000000
0.084022 0.084022 0.084022 0.084022 0.084022 0.084022 0.084022 0.084022 0.000002 0.084022 0.000000 0.164651 0.084022 0.084022 0.084022 0.000000 0.164651 0.164651 0.084022 0.084022 1.000000
0.084022 0.084022 0.084022 0.084022 0.084022 0.084022 0.084022 0.084022 0.000002 0.084022 0.000000 0.164651 0.084022 0.084022 0.084022 0.000000 0.164651 0.164651 0.084022 0.084022 1.000000
0.084022 0.084022 0.084022 0.084022 0.084022 0.084022 0.084022 0.084022 0.000002 0.084022 0.000000 0.164651 0.084022 0.084022 0.084022 0.000000 0.164651 0.164651 0.084022 0.084022 1.000000
0.084022 0.084022 0.084022 0.084022 0.084022 0.084022 0.084022 0.084022 0.000002 0.084022 0.000000 0.164651 0.084022 0.084022 0.084022 0.000000 0.164651 0.164651 0.084022 0.084022 1.000000
0.084022 0.084022 0.084022 0.084022 0.084022 0.084022 0.084022 0.084022 0.000002 0.084022 0.000000 0.164651 0.084022 0.084022 0.084022 0.000000 0.164651 0.164651 0.084022 0.084022 1.000000
0.084022 0.084022 0.084022 0.084022 0.084022 0.084022 0.084022 0.084022 0.000002 0.084022 0.000000 0.164651 0.084022 0.084022 0.084022 0.000000 0.164651 0.164651 0.084022 0.084022 1.000000
0.084022 0.084022 0.084022 0.084022 0.084022 0.084022 0.084022 0.084022 0.000002 0.084022 0.000000 0.164651 0.084022 0.084022 0.084022 0.000000 0.164651 0.164651 0.084022 0.084022 1.000000
0.084022 0.084022 0.084022 0.084022 0.084022 0.084022 0.084022 0.084022 0.000002 0.084022 0.000000 0.164651 0.084022 0.084022 0.084022 0.000000 0.164651 0.164651 0.084022 0.084022 1.000000
0.084022 0.084022 0.084022 0.084022 0.084022 0.084022 0.084022 0.084022 0.000002 0.084022 0.000000 0.164651 0.084022 0.084022 0.084022 0.000000 0.164651 0.164651 0.084022 0.084022 1.000000
0.084022 0.084022 0.084022 0.084022 0.084022 0.084022 0.084022 0.084022 0.000002 0.084022 0.000000 0.164651 0.084022 0.084022 0.084022 0.000000 0.164651 0.164651 0.084022 0.084022 1.000000
0.084022 0.084022 0.084022 0.084022 0.084022 0.084022 0.084022 0.084022 0.000002 0.084022 0.000000 0.164651 0.084022 0.084022 0.084022 0.000000 0.164651 0.164651 0.084022 0.084022 1.000000
0.084022 0.084022 0.084022 0.084022 0.084022 0.084022 0.084022 0.084022 0.000002 0.084022 0.000000 0.164651 0.084022 0.084022 0.084022 0.000000 0.164651 0.164651 0.084022 0.084022 1.000000
0.084022 0.084022 0.084022 0.084022 0.084022 0.084022 0.084022 0.084022 0.000002 0.084022 0.000000 0.164651 0.084022 0.084022 0.084022 0.000000 0.164651 0.164651 0.084022 0.084022 1.000000
0.084044 0.084044 0.084044 0.084044 0.084044 0.084044 0.084044 0.084044 0.067406 0.084044 0.000000 0.164692 0.084044 0.084044 0.084044 0.000000 0.164692 0.164692 0.084044 0.084044 1.000000
0.084022 0.084022 0.084022 0.084022 0.084022 0.084022 0.084022 0.084022 0.000002 0.084022 0.000000 0.164651 0.084022 0.084022 0.084022 0.000000 0.164651 0.164651 0.084022 0.084022 1.000000
0.084022 0.084022 0.084022 0.084022 0.084022 0.084022 0.084022 0.084022 0.000002 0.084022 0.000000 0.164651 0.084022 0.084022 0.084022 0.000000 0.164651 0.164651 0.084022 0.084022 1.000000
0.084022 0.084022 0.084022 0.084022 0.084022 0.084022 0.084022 0.084022 0.000002 0.084022 0.000000 0.164651 0.084022 0.084022 0.084022 0.000000 0.164651 0.164651 0.084022 0.084022 1.000000
0.084022 0.084022 0.084022 0.084022 0.084022 0.084022 0.084022 0.084022 0.000002 0.084022 0.000000 0.164651 0.084022 0.084022 0.084022 0.000000 0.164651 0.164651 0.084022 0.084022 1.000000
0.084022 0.084022 0.084022 0.084022 0.084022 0.084022 0.084022 0.084022 0.000002 0.084022 0.000000 0.164651 0.084022 0.084022 0.084022 0.000000 0.164651 0.164651 0.084022 0.084022 1.000000
0.084022 0.084022 0.084022 0.084022 0.084022 0.084022 0.084022 0.084022 0.000002 0.084022 0.000000 0.164651 0.084022 0.084022 0.084022 0.000000 0.164651 0.164651 0.084022 0.084022 1.000000
0.084022 0.084022 0.084022 0.084022 0.084022 0.084022 0.084022 0.084022 0.000002 0.084022 0.000000 0.164651 0.084022 0.084022 0.084022 0.000000 0.164651 0.164651 0.084022 0.084022 1.000000
0.084022 0.084022 0.084022 0.084022 0.084022 0.084022 0.084022 0.084022 0.000002 0.084022 0.000000 0.164651 0.084022 0.084022 0.084022 0.000000 0.164651 0.164651 0.084022 0.084022 1.000000
0.084022 0.084022 0.084022 0.084022 0.084022 0.084022 0.084022 0.084022 0.000002 0.084022 0.000000 0.164651 0.084022 0.084022 0.084022 0.000000 0.164651 0.164651 0.084022 0.084022 1.000000
0.084022 0.084022 0.084022 0.084022 0.084022 0.084022 0.084022 0.084022 0.000002 0.084022 0.000000 0.164651 0.084022 0.084022 0.084022 0.000000 0.164651 0.164651 0.084022 0.084022 1.000000
0.084022 0.084022 0.084022 0.084022 0.084022 0.084022 0.084022 0.084022 0.000002 0.084022 0.000000 0.164651 0.084022 0.084022 0.084022 0.000000 0.164651 0.164651 0.084022 0.084022 1.000000
0.084022 0.084022 0.084022 0.084022 0.084022 0.084022 0.084022 0.084022 0.000002 0.084022 0.000000 0.164651 0.084022 0.084022 0.084022 0.000000 0.164651 0.164651 0.084022 0.084022 1.000000
0.084022 0.084022 0.084022 0.084022 0.084022 0.084022 0.084022 0.084022 0.000002 0.084022 0.000000 0.164651 0.084022 0.084022 0.084022 0.000000 0.164651 0.164651 0.084022 0.084022 1.000000
0.084022 0.084022 0.084022 0.084022 0.084022 0.084022 0.084022 0.084022 0.000002 0.084022 0.000000 0.164651 0.084022 0.084022 0.084022 0.000000 0.164651 0.164651 0.084022 0.084022 1.000000
0.084022 0.084022 0.084022 0.084022 0.084022 0.084022 0.084022 0.084022 0.000002 0.084022 0.000000 0.164651 0.084022 0.084022 0.084022 0.000000 0.164651 0.164651 0.084022 0.084022 1.000000
0.084022 0.084022 0.084022 0.084022 0.084022 0.084022 0.084022 0.084022 0.000002 0.084022 0.000000 0.164651 0.084022 0.084022 0.084022 0.000000 0.164651 0.164651 0.084022 0.084022 1.000000
0.084022 0.084022 0.084022 0.084022 0.084022 0.084022 0.084022 0.084022 0.000002 0.084022 0.000000 0.164651 0.084022 0.084022 0.084022 0.000000 0.164651 0.164651 0.084022 0.084022 1.000000
0.084022 0.084022 0.084022 0.084022 0.084022 0.084022 0.084022 0.084022 0.000002 0.084022 0.000000 0.164651 0.084022 0.084022 0.084022 0.000000 0.164651 0.164651 0.084022 0.084022 1.000000
0.084022 0.084022 0.084022 0.084022 0.084022 0.084022 0.084022 0.084022 0.000002 0.084022 0.000000 0.164651 0.084022 0.084022 0.084022 0.000000 0.164651 0.164651 0.084022 0.084022 1.000000
0.084022 0.084022 0.084022 0.084022 0.084022 0.084022 0.084022 0.084022 0.000002 0.084022 0.000000 0.164651 0.084022 0.084022 0.084022 0.000000 0.164651 0.164651 0.084022 0.084022 1.000000
0.084022 0.084022 0.084022 0.084022 0.084022 0.084022 0.084022 0.084022 0.000002 0.084022 0.000000 0.164651 0.084022 0.084022 0.084022 0.000000 0.164651 0.164651 0.084022 0.084022 1.000000
0.084022 0.084022 0.084022 0.084022 0.084022 0.084022 0.084022 0.084022 0.000002 0.084022 0.000000 0.164651 0.084022 0.084022 0.084022 0.000000 0.164651 0.164651 0.084022 0.084022 1.000000
0.084022 0.084022 0.084022 0.084022 0.084022 0.084022 0.084022 0.084022 0.000002 0.084022 0.000000 0.164651 0.084022 0.084022 0.084022 0.000000 0.164651 0.164651 0.084022 0.084022 1.000000
0.084022 0.084022 0.084022 0.084022 0.084022 0.084022 0.084022 0.084022 0.000002 0.084022 0.000000 0.164651 0.084022 0.084022 0.084022 0.000000 0.164651 0.164651 0.084022 0.084022 1.000000
0.084022 0.084022 0.084022 0.084022 0.084022 0.084022 0.084022 0.084022 0.000002 0.084022 0.000000 0.164651 0.084022 0.084022 0.084022 0.000000 0.164651 0.164651 0.084022 0.084022 1.000000
0.083988 0.083988 0.083988 0.083988 0.083988 0.083988 0.083988 0.083988 0.000131 0.083988 0.000000 0.164587 0.083988 0.001219 0.083988 0.000000 0.164587 0.164587 0.083988 0.083988 1.000000
0.084022 0.084022 0.084022 0.084022 0.084022 0.084022 0.084022 0.084022 0.000002 0.084022 0.000000 0.164651 0.084022 0.084022 0.084022 0.000000 0.164651 0.164651 0.084022 0.084022 1.000000
0.084022 0.084022 0.084022 0.084022 0.084022 0.084022 0.084022 0.084022 0.000002 0.084022 0.000000 0.164651 0.084022 0.084022 0.084022 0.000000 0.164651 0.164651 0.084022 0.084022 1.000000
0.084022 0.084022 0.084022 0.084022 0.084022 0.084022 0.084022 0.084022 0.000002 0.084022 0.000000 0.164651 0.084022 0.084022 0.084022 0.000000 0.164651 0.164651 0.084022 0.084022 1.000000
0.084022 0.084022 0.084022 0.084022 0.084022 0.084022 0.084022 0.084022 0.000002 0.084022 0.000000 0.164651 0.084022 0.084022 0.084022 0.000000 0.164651 0.164651 0.084022 0.084022 1.000000
0.084022 0.084022 0.084022 0.084022 0.084022 0.084022 0.084022 0.084022 0.000002 0.084022 0.000000 0.164651 0.084022 0.084022 0.084022 0.000000 0.164651 0.164651 0.084022 0.084022 1.000000
0.084022 0.084022 0.084022 0.084022 0.084022 0.084022 0.084022 0.084022 0.000002 0.084022 0.000000 0.164651 0.084022 0.084022 0.084022 0.000000 0.164651 0.164651 0.084022 0.084022 1.000000
0.084022 0.084022 0.084022 0.084022 0.084022 0.084022 0.084022 0.084022 0.000002 0.084022 0.000000 0.164651 0.084022 0.084022 0.084022 0.000000 0.164651 0.164651 0.084022 0.084022 1.000000
0.084022 0.084022 0.084022 0.084022 0.084022 0.084022 0.084022 0.084022 0.000002 0.084022 0.000000 0.164651 0.084022 0.084022 0.084022 0.000000 0.164651 0.164651 0.084022 0.084022 1.000000
0.084022 0.084022 0.084022 0.084022 0.084022 0.084022 0.084022 0.084022 0.000002 0.084022 0.000000 0.164651 0.084022 0.084022 0.084022 0.000000 0.164651 0.164651 0.084022 0.084022 1.000000
0.084022 0.084022 0.084022 0.084022 0.084022 0.084022 0.084022 0.084022 0.000002 0.084022 0.000000 0.164651 0.084022 0.084022 0.084022 0.000000 0.164651 0.164651 0.084022 0.084022 1.000000
0.084022 0.084022 0.084022 0.084022 0.084022 0.084022 0.084022 0.084022 0.000002 0.084022 0.000000 0.164651 0.084022 0.084022 0.084022 0.000000 0.164651 0.164651 0.084022 0.084022 1.000000
0.084022 0.084022 0.084022 0.084022 0.084022 0.084022 0.084022 0.084022 0.000002 0.084022 0.000000 0.164651 0.084022 0.084022 0.084022 0.000000 0.164651 0.164651 0.084022 0.084022 1.000000
0.084022 0.084022 0.084022 0.084022 0.084022 0.084022 0.084022 0.084022 0.000002 0.084022 0.000000 0.164651 0.084022 0.084022 0.084022 0.000000 0.164651 0.164651 0.084022 0.084022 1.000000
0.084022 0.084022 0.084022 0.084022 0.084022 0.084022 0.084022 0.084022 0.000002 0.084022 0.000000 0.164651 0.084022 0.084022 0.084022 0.000000 0.164651 0.164651 0.084022 0.084022 1.000000
0.084022 0.084022 0.084022 0.084022 0.084022 0.084022 0.084022 0.084022 0.000002 0.084022 0.000000 0.164651 0.084022 0.084022 0.084022 0.000000 0.164651 0.164651 0.084022 0.084022 1.000000
0.084022 0.084022 0.084022 0.084022 0.084022 0.084022 0.084022 0.084022 0.000002 0.084022 0.000000 0.164651 0.084022 0.084022 0.084022 0.000000 0.164651 0.164651 0.084022 0.084022 1.000000
0.084022 0.084022 0.084022 0.084022 0.084022 0.084022 0.084022 0.084022 0.000002 0.084022 0.000000 0.164651 0.084022 0.084022 0.084022 0.000000 0.164651 0.164651 0.084022 0.084022 1.000000
0.084022 0.084022 0.084022 0.084022 0.084022 0.084022 0.084022 0.084022 0.000002 0.084022 0.000000 0.164651 0.084022 0.084022 0.084022 0.000000 0.164651 0.164651 0.084022 0.084022 1.000000
0.084022 0.084022 0.084022 0.084022 0.084022 0.084022 0.084022 0.084022 0.000002 0.084022 0.000000 0.164651 0.084022 0.084022 0.084022 0.000000 0.164651 0.164651 0.084022 0.084022 1.000000
0.084022 0.084022 0.084022 0.084022 0.084022 0.084022 0.084022 0.084022 0.000002 0.084022 0.000000 0.164651 0.084022 0.084022 0.084022 0.000000 0.164651 0.164651 0.084022 0.084022 1.000000
0.084022 0.084022 0.084022 0.084022 0.084022 0.084022 0.084022 0.084022 0.000002 0.084022 0.000000 0.164651 0.084022 0.084022 0.084022 0.000000 0.164651 0.164651 0.084022 0.084022 1.000000
0.084022 0.084022 0.084022 0.084022 0.084022 0.084022 0.084022 0.084022 0.000002 0.084022 0.000000 0.164651 0.084022 0.084022 0.084022 0.000000 0.164651 0.164651 0.084022 0.084022 1.000000
0.084022 0.084022 0.084022 0.084022 0.084022 0.084022 0.084022 0.084022 0.000002 0.084022 0.000000 0.164651 0.084022 0.084022 0.084022 0.000000 0.164651 0.164651 0.084022 0.084022 1.000000
0.084022 0.084022 0.084022 0.084022 0.084022 0.084022 0.084022 0.084022 0.000002 0.084022 0.000000 0.164651 0.084022 0.084022 0.084022 0.000000 0.164651 0.164651 0.084022 0.084022 1.000000
0.084022 0.084022 0.084022 0.084022 0.084022 0.084022 0.084022 0.084022 0.000002 0.084022 0.000000 0.164651 0.084022 0.084022 0.084022 0.000000 0.164651 0.164651 0.084022 0.084022 1.000000
0.084022 0.084022 0.084022 0.084022 0.084022 0.084022 0.084022 0.084022 0.000002 0.084022 0.000000 0.164651 0.084022 0.084022 0.084022 0.000000 0.164651 0.164651 0.084022 0.084022 1.000000
0.084022 0.084022 0.084022 0.084022 0.084022 0.084022 0.084022 0.084022 0.000002 0.084022 0.000000 0.164651 0.084022 0.084022 0.084022 0.000000 0.164651 0.164651 0.084022 0.084022 1.000000
0.084022 0.084022 0.084022 0.084022 0.084022 0.084022 0.084022 0.084022 0.000002 0.084022 0.000000 0.164651 0.084022 0.084022 0.084022 0.000000 0.164651 0.164651 0.084022 0.084022 1.000000
0.084022 0.084022 0.084022 0.084022 0.084022 0.084022 0.084022 0.084022 0.000002 0.084022 0.000000 0.164651 0.084022 0.084022 0.084022 0.000000 0.164651 0.164651 0.084022 0.084022 1.000000
0.083988 0.083988 0.083988 0.083988 0.083988 0.083988 0.083988 0.083988 0.000000 0.083988 0.000000 0.164587 0.083988 0.083988 0.083988 0.000000 0.164587 0.164587 0.083988 0.001219 1.000000
0.084022 0.084022 0.084022 0.084022 0.084022 0.084022 0.084022 0.084022 0.000002 0.084022 0.000000 0.164651 0.084022 0.084022 0.084022 0.000000 0.164651 0.164651 0.084022 0.084022 1.000000
0.084022 0.084022 0.084022 0.084022 0.084022 0.084022 0.084022 0.084022 0.000002 0.084022 0.000000 0.164651 0.084022 0.084022 0.084022 0.000000 0.164651 0.164651 0.084022 0.084022 1.000000
0.084022 0.084022 0.084022 0.084022 0.084022 0.084022 0.084022 0.084022 0.000002 0.084022 0.000000 0.164651 0.084022 0.084022 0.084022 0.000000 0.164651 0.164651 0.084022 0.084022 1.000000
0.084022 0.084022 0.084022 0.084022 0.084022 0.084022 0.084022 0.084022 0.000002 0.084022 0.000000 0.164651 0.084022 0.084022 0.084022 0.000000 0.164651 0.164651 0.084022 0.084022 1.000000
0.084022 0.084022 0.084022 0.084022 0.084022 0.084022 0.084022 0.084022 0.000002 0.084022 0.000000 0.164651 0.084022 0.084022 0.084022 0.000000 0.164651 0.164651 0.084022 0.084022 1.000000
0.084022 0.084022 0.084022 0.084022 0.084022 0.084022 0.084022 0.084022 0.000002 0.084022 0.000000 0.164651 0.084022 0.084022 0.084022 0.000000 0.164651 0.164651 0.084022 0.084022 1.000000
0.084022 0.084022 0.084022 0.084022 0.084022 0.084022 0.084022 0.084022 0.000002 0.084022 0.000000 0.164651 0.084022 0.084022 0.084022 0.000000 0.164651 0.164651 0.084022 0.084022 1.000000
0.084022 0.084022 0.084022 0.084022 0.084022 0.084022 0.084022 0.084022 0.000002 0.084022 0.000000 0.164651 0.084022 0.084022 0.084022 0.000000 0.164651 0.164651 0.084022 0.084022 1.000000
0.084022 0.084022 0.084022 0.084022 0.084022 0.084022 0.084022 0.084022 0.000002 0.084022 0.000000 0.164651 0.084022 0.084022 0.084022 0.000000 0.164651 0.164651 0.084022 0.084022 1.000000
0.084022 0.084022 0.084022 0.084022 0.084022 0.084022 0.084022 0.084022 0.000002 0.084022 0.000000 0.164651 0.084022 0.084022 0.084022 0.000000 0.164651 0.164651 0.084022 0.084022 1.000000
0.084022 0.084022 0.084022 0.084022 0.084022 0.084022 0.084022 0.084022 0.000002 0.084022 0.000000 0.164651 0.084022 0.084022 0.084022 0.000000 0.164651 0.164651 0.084022 0.084022 1.000000
0.084022 0.084022 0.084022 0.084022 0.084022 0.084022 0.084022 0.084022 0.000002 0.084022 0.000000 0.164651 0.084022 0.084022 0.084022 0.000000 0.164651 0.164651 0.084022 0.084022 1.000000
0.084022 0.084022 0.084022 0.084022 0.084022 0.084022 0.084022 0.084022 0.000002 0.084022 0.000000 0.164651 0.084022 0.084022 0.084022 0.000000 0.164651 0.164651 0.084022 0.084022 1.000000
0.084022 0.084022 0.084022 0.084022 0.084022 0.084022 0.084022 0.084022 0.000002 0.084022 0.000000 0.164651 0.084022 0.084022 0.084022 0.000000 0.164651 0.164651 0.084022 0.084022 1.000000
0.084050 0.084050 0.084050 0.084050 0.084050 0.084050 0.084050 0.084050 0.000000 0.084050 0.107106 0.164703 0.084050 0.084050 0.084050 0.000000 0.164703 0.164703 0.084050 0.084050 1.000000
0.084050 0.084050 0.084050 0.084050 0.084050 0.084050 0.084050 0.084050 0.000000 0.084050 0.107106 0.164703 0.084050 0.084050 0.084050 0.000000 0.164703 0.164703 0.084050 0.084050 1.000000
0.084050 0.084050 0.084050 0.084050 0.084050 0.084050 0.084050 0.084050 0.000000 0.084050 0.107106 0.164703 0.084050 0.084050 0.084050 0.000000 0.164703 0.164703 0.084050 0.084050 1.000000
0.084050 0.084050 0.084050 0.084050 0.084050 0.084050 0.084050 0.084050 0.000000 0.084050 0.107106 0.164703 0.084050 0.084050 0.084050 0.000000 0.164703 0.164703 0.084050 0.084050 1.000000
0.084050 0.084050 0.084050 0.084050 0.084050 0.084050 0.084050 0.084050 0.000000 0.084050 0.107106 0.164703 0.084050 0.084050 0.084050 0.000000 0.164703 0.164703 0.084050 0.084050 1.000000
0.084050 0.084050 0.084050 0.084050 0.084050 0.084050 0.084050 0.084050 0.000000 0.084050 0.107106 0.164703 0.084050 0.084050 0.084050 0.000000 0.164703 0.164703 0.084050 0.084050 1.000000
0.084050 0.084050 0.084050 0.084050 0.084050 0.084050 0.084050 0.084050 0.000000 0.084050 0.107106 0.164703 0.084050 0.084050 0.084050 0.000000 0.164703 0.164703 0.084050 0.084050 1.000000
0.084050 0.084050 0.084050 0.084050 0.084050 0.084050 0.084050 0.084050 0.000000 0.084050 0.107106 0.164703 0.084050 0.084050 0.084050 0.000000 0.164703 0.164703 0.084050 0.084050 1.000000
0.084050 0.084050 0.084050 0.084050 0.084050 0.084050 0.084050 0.084050 0.000000 0.084050 0.107106 0.164703 0.084050 0.084050 0.084050 0.000000 0.164703 0.164703 0.084050 0.084050 1.000000
0.084050 0.084050 0.084050 0.084050 0.084050 0.084050 0.084050 0.084050 0.000000 0.084050 0.107106 0.164703 0.084050 0.084050 0.084050 0.000000 0.164703 0.164703 0.084050 0.084050 1.000000
0.084050 0.084050 0.084050 0.084050 0.084050 0.084050 0.084050 0.084050 0.000000 0.084050 0.107106 0.164703 0.084050 0.084050 0.084050 0.000000 0.164703 0.164703 0.084050 0.084050 1.000000
0.084050 0.084050 0.084050 0.084050 0.084050 0.084050 0.084050 0.084050 0.000000 0.084050 0.107106 0.164703 0.084050 0.084050 0.084050 0.000000 0.164703 0.164703 0.084050 0.084050 1.000000
0.084050 0.084050 0.084050 0.084050 0.084050 0.084050 0.084050 0.084050 0.000000 0.084050 0.107106 0.164703 0.084050 0.084050 0.084050 0.000000 0.164703 0.164703 0.084050 0.084050 1.000000
0.084050 0.084050 0.084050 0.084050 0.084050 0.084050 0.084050 0.084050 0.000000 0.084050 0.107106 0.164703 0.084050 0.084050 0.084050 0.000000 0.164703 0.164703 0.084050 0.084050 1.000000
0.084050 0.084050 0.084050 0.084050 0.084050 0.084050 0.084050 0.084050 0.000000 0.084050 0.107106 0.164703 0.084050 0.084050 0.084050 0.000000 0.164703 0.164703 0.084050 0.084050 1.000000
0.084050 0.084050 0.084050 0.084050 0.084050 0.084050 0.084050 0.084050 0.000000 0.084050 0.107106 0.164703 0.084050 0.084050 0.084050 0.000000 0.164703 0.164703 0.084050 0.084050 1.000000
0.084050 0.084050 0.084050 0.084050 0.084050 0.084050 0.084050 0.084050 0.000000 0.084050 0.107106 0.164703 0.084050 0.084050 0.084050 0.000000 0.164703 0.164703 0.084050 0.084050 1.000000
0.084050 0.084050 0.084050 0.084050 0.084050 0.084050 0.084050 0.084050 0.000000 0.084050 0.107106 0.164703 0.084050 0.084050 0.084050 0.000000 0.164703 0.164703 0.084050 0.084050 1.000000
0.084050 0.084050 0.084050 0.084050 0.084050 0.084050 0.084050 0.084050 0.000000 0.084050 0.107106 0.164703 0.084050 0.084050 0.084050 0.000000 0.164703 0.164703 0.084050 0.084050 1.000000
0.084050 0.084050 0.084050 0.084050 0.084050 0.084050 0.084050 0.084050 0.000000 0.084050 0.107106 0.164703 0.084050 0.084050 0.084050 0.000000 0.164703 0.164703 0.084050 0.084050 1.000000
0.084050 0.084050 0.084050 0.084050 0.084050 0.084050 0.084050 0.084050 0.000000 0.084050 0.107106 0.164703 0.084050 0.084050 0.084050 0.000000 0.164703 0.164703 0.084050 0.084050 1.000000
0.084050 0.084050 0.084050 0.084050 0.084050 0.084050 0.084050 0.084050 0.000000 0.084050 0.107106 0.164703 0.084050 0.084050 0.084050 0.000000 0.164703 0.164703 0.084050 0.084050 1.000000
0.084050 0.084050 0.084050 0.084050 0.084050 0.084050 0.084050 0.084050 0.000000 0.084050 0.107106 0.164703 0.084050 0.084050 0.084050 0.000000 0.164703 0.164703 0.084050 0.084050 1.000000
0.084050 0.084050 0.084050 0.084050 0.084050 0.084050 0.084050 0.084050 0.000000 0.084050 0.107106 0.164703 0.084050 0.084050 0.084050 0.000000 0.164703 0.164703 0.084050 0.084050 1.000000
0.084050 0.084050 0.084050 0.084050 0.084050 0.084050 0.084050 0.084050 0.000000 0.084050 0.107106 0.164703 0.084050 0.084050 0.084050 0.000000 0.164703 0.164703 0.084050 0.084050 1.000000
0.084050 0.084050 0.084050 0.084050 0.084050 0.084050 0.084050 0.084050 0.000000 0.084050 0.107106 0.164703 0.084050 0.084050 0.084050 0.000000 0.164703 0.164703 0.084050 0.084050 1.000000
0.084050 0.084050 0.084050 0.084050 0.084050 0.084050 0.084050 0.084050 0.000000 0.084050 0.107106 0.164703 0.084050 0.084050 0.084050 0.000000 0.164703 0.164703 0.084050 0.084050 1.000000
0.084050 0.084050 0.084050 0.084050 0.084050 0.084050 0.084050 0.084050 0.000000 0.084050 0.107106 0.164703 0.084050 0.084050 0.084050 0.000000 0.164703 0.164703 0.084050 0.084050 1.000000
0.084050 0.084050 0.084050 0.084050 0.084050 0.084050 0.084050 0.084050 0.000000 0.084050 0.107106 0.164703 0.084050 0.084050 0.084050 0.000000 0.164703 0.164703 0.084050 0.084050 1.000000
0.084050 0.084050 0.084050 0.084050 0.084050 0.084050 0.084050 0.084050 0.000000 0.084050 0.107106 0.164703 0.084050 0.084050 0.084050 0.000000 0.164703 0.164703 0.084050 0.084050 1.000000
0.084050 0.084050 0.084050 0.084050 0.084050 0.084050 0.084050 0.084050 0.000000 0.084050 0.107106 0.164703 0.084050 0.084050 0.084050 0.000000 0.164703 0.164703 0.084050 0.084050 1.000000
0.084050 0.084050 0.084050 0.084050 0.084050 0.084050 0.084050 0.084050 0.000000 0.084050 0.107106 0.164703 0.084050 0.084050 0.084050 0.000000 0.164703 0.164703 0.084050 0.084050 1.000000
0.084050 0.084050 0.084050 0.084050 0.084050 0.084050 0.084050 0.084050 0.000000 0.084050 0.107106 0.164703 0.084050 0.084050 0.084050 0.000000 0.164703 0.164703 0.084050 0.084050 1.000000
0.084050 0.084050 0.084050 0.084050 0.084050 0.084050 0.084050 0.084050 0.000000 0.084050 0.107106 0.164703 0.084050 0.084050 0.084050 0.000000 0.164703 0.164703 0.084050 0.084050 1.000000
0.084050 0.084050 0.084050 0.084050 0.084050 0.084050 0.084050 0.084050 0.000000 0.084050 0.107106 0.164703 0.084050 0.084050 0.084050 0.000000 0.164703 0.164703 0.084050 0.084050 1.000000
0.084050 0.084050 0.084050 0.084050 0.084050 0.084050 0.084050 0.084050 0.000000 0.084050 0.107106 0.164703 0.084050 0.084050 0.084050 0.000000 0.164703 0.164703 0.084050 0.084050 1.000000
0.084050 0.084050 0.084050 0.084050 0.084050 0.084050 0.084050 0.084050 0.000000 0.084050 0.107106 0.164703 0.084050 0.084050 0.084050 0.000000 0.164703 0.164703 0.084050 0.084050 1.000000
0.084050 0.084050 0.084050 0.084050 0.084050 0.084050 0.084050 0.084050 0.000000 0.084050 0.107106 0.164703 0.084050 0.084050 0.084050 0.000000 0.164703 0.164703 0.084050 0.084050 1.000000
0.084050 0.084050 0.084050 0.084050 0.084050 0.084050 0.084050 0.084050 0.000000 0.084050 0.107106 0.164703 0.084050 0.084050 0.084050 0.000000 0.164703 0.164703 0.084050 0.084050 1.000000
0.084050 0.084050 0.084050 0.084050 0.084050 0.084050 0.084050 0.084050 0.000000 0.084050 0.107106 0.164703 0.084050 0.084050 0.084050 0.000000 0.164703 0.164703 0.084050 0.084050 1.000000
0.084050 0.084050 0.084050 0.084050 0.084050 0.084050 0.084050 0.084050 0.000000 0.084050 0.107106 0.164703 0.084050 0.084050 0.084050 0.000000 0.164703 0.164703 0.084050 0.084050 1.000000
0.084050 0.084050 0.084050 0.084050 0.084050 0.084050 0.084050 0.084050 0.000000 0.084050 0.107106 0.164703 0.084050 0.084050 0.084050 0.000000 0.164703 0.164703 0.084050 0.084050 1.000000
0.084050 0.084050 0.084050 0.084050 0.084050 0.084050 0.084050 0.084050 0.000000 0.084050 0.107106 0.164703 0.084050 0.084050 0.084050 0.000000 0.164703 0.164703 0.084050 0.084050 1.000000
0.084050 0.084050 0.084050 0.084050 0.084050 0.084050 0.084050 0.084050 0.000000 0.084050 0.107106 0.164703 0.084050 0.084050 0.084050 0.000000 0.164703 0.164703 0.084050 0.084050 1.000000
0.084050 0.084050 0.084050 0.084050 0.084050 0.084050 0.084050 0.084050 0.000000 0.084050 0.107106 0.164703 0.084050 0.084050 0.084050 0.000000 0.164703 0.164703 0.084050 0.084050 1.000000
0.084050 0.084050 0.084050 0.084050 0.084050 0.084050 0.084050 0.084050 0.000000 0.084050 0.107106 0.164703 0.084050 0.084050 0.084050 0.000000 0.164703 0.164703 0.084050 0.084050 1.000000
0.084050 0.084050 0.084050 0.084050 0.084050 0.084050 0.084050 0.084050 0.000000 0.084050 0.107106 0.164703 0.084050 0.084050 0.084050 0.000000 0.164703 0.164703 0.084050 0.084050 1.000000
0.084050 0.084050 0.084050 0.084050 0.084050 0.084050 0.084050 0.084050 0.000000 0.084050 0.107106 0.164703 0.084050 0.084050 0.084050 0.000000 0.164703 0.164703 0.084050 0.084050 1.000000
0.084050 0.084050 0.084050 0.084050 0.084050 0.084050 0.084050 0.084050 0.000000 0.084050 0.107106 0.164703 0.084050 0.084050 0.084050 0.000000 0.164703 0.164703 0.084050 0.084050 1.000000
0.084050 0.084050 0.084050 0.084050 0.084050 0.084050 0.084050 0.084050 0.000000 0.084050 0.107106 0.164703 0.084050 0.084050 0.084050 0.000000 0.164703 0.164703 0.084050 0.084050 1.000000
0.084050 0.084050 0.084050 0.084050 0.084050 0.084050 0.084050 0.084050 0.000000 0.084050 0.107106 0.164703 0.084050 0.084050 0.084050 0.000000 0.164703 0.164703 0.084050 0.084050 1.000000
0.084050 0.084050 0.084050 0.084050 0.084050 0.084050 0.084050 0.084050 0.000000 0.084050 0.107106 0.164703 0.084050 0.084050 0.084050 0.000000 0.164703 0.164703 0.084050 0.084050 1.000000
0.084050 0.084050 0.084050 0.084050 0.084050 0.084050 0.084050 0.084050 0.000000 0.084050 0.107106 0.164703 0.084050 0.084050 0.084050 0.000000 0.164703 0.164703 0.084050 0.084050 1.000000
0.084050 0.084050 0.084050 0.084050 0.084050 0.084050 0.084050 0.084050 0.000000 0.084050 0.107106 0.164703 0.084050 0.084050 0.084050 0.000000 0.164703 0.164703 0.084050 0.084050 1.000000
0.084050 0.084050 0.084050 0.084050 0.084050 0.084050 0.084050 0.084050 0.000000 0.084050 0.107106 0.164703 0.084050 0.084050 0.084050 0.000000 0.164703 0.164703 0.084050 0.084050 1.000000
0.084050 0.084050 0.084050 0.084050 0.084050 0.084050 0.084050 0.084050 0.000000 0.084050 0.107106 0.164703 0.084050 0.084050 0.084050 0.000000 0.164703 0.164703 0.084050 0.084050 1.000000
0.084050 0.084050 0.084050 0.084050 0.084050 0.084050 0.084050 0.084050 0.000000 0.084050 0.107106 0.164703 0.084050 0.084050 0.084050 0.000000 0.164703 0.164703 0.084050 0.084050 1.000000
0.084050 0.084050 0.084050 0.084050 0.084050 0.084050 0.084050 0.084050 0.000000 0.084050 0.107106 0.164703 0.084050 0.084050 0.084050 0.000000 0.164703 0.164703 0.084050 0.084050 1.000000
0.084050 0.084050 0.084050 0.084050 0.084050 0.084050 0.084050 0.084050 0.000000 0.084050 0.107106 0.164703 0.084050 0.084050 0.084050 0.000000 0.164703 0.164703 0.084050 0.084050 1.000000
0.084050 0.084050 0.084050 0.084050 0.084050 0.084050 0.084050 0.084050 0.000000 0.084050 0.107106 0.164703 0.084050 0.084050 0.084050 0.000000 0.164703 0.164703 0.084050 0.084050 1.000000
0.084050 0.084050 0.084050 0.084050 0.084050 0.084050 0.084050 0.084050 0.000000 0.084050 0.107106 0.164703 0.084050 0.084050 0.084050 0.000000 0.164703 0.164703 0.084050 0.084050 1.000000
0.084050 0.084050 0.084050 0.084050 0.084050 0.084050 0.084050 0.084050 0.000000 0.084050 0.107106 0.164703 0.084050 0.084050 0.084050 0.000000 0.164703 0.164703 0.084050 0.084050 1.000000
0.084050 0.084050 0.084050 0.084050 0.084050 0.084050 0.084050 0.084050 0.000000 0.084050 0.107106 0.164703 0.084050 0.084050 0.084050 0.000000 0.164703 0.164703 0.084050 0.084050 1.000000
0.084050 0.084050 0.084050 0.084050 0.084050 0.084050 0.084050 0.084050 0.000000 0.084050 0.107106 0.164703 0.084050 0.084050 0.084050 0.000000 0.164703 0.164703 0.084050 0.084050 1.000000
0.084050 0.084050 0.084050 0.084050 0.084050 0.084050 0.084050 0.084050 0.000000 0.084050 0.107106 0.164703 0.084050 0.084050 0.084050 0.000000 0.164703 0.164703 0.084050 0.084050 1.000000
0.084050 0.084050 0.084050 0.084050 0.084050 0.084050 0.084050 0.084050 0.000000 0.084050 0.107106 0.164703 0.084050 0.084050 0.084050 0.000000 0.164703 0.164703 0.084050 0.084050 1.000000
0.084050 0.084050 0.084050 0.084050 0.084050 0.084050 0.084050 0.084050 0.000000 0.084050 0.107106 0.164703 0.084050 0.084050 0.084050 0.000000 0.164703 0.164703 0.084050 0.084050 1.000000
0.084050 0.084050 0.084050 0.084050 0.084050 0.084050 0.084050 0.084050 0.000000 0.084050 0.107106 0.164703 0.084050 0.084050 0.084050 0.000000 0.164703 0.164703 0.084050 0.084050 1.000000
0.084050 0.084050 0.084050 0.084050 0.084050 0.084050 0.084050 0.084050 0.000000 0.084050 0.107106 0.164703 0.084050 0.084050 0.084050 0.000000 0.164703 0.164703 0.084050 0.084050 1.000000
0.084050 0.084050 0.084050 0.084050 0.084050 0.084050 0.084050 0.084050 0.000000 0.084050 0.107106 0.164703 0.084050 0.084050 0.084050 0.000000 0.164703 0.164703 0.084050 0.084050 1.000000
0.084050 0.084050 0.084050 0.084050 0.084050 0.084050 0.084050 0.084050 0.000000 0.084050 0.107106 0.164703 0.084050 0.084050 0.084050 0.000000 0.164703 0.164703 0.084050 0.084050 1.000000
0.084050 0.084050 0.084050 0.084050 0.084050 0.084050 0.084050 0.084050 0.000000 0.084050 0.107106 0.164703 0.084050 0.084050 0.084050 0.000000 0.164703 0.164703 0.084050 0.084050 1.000000
0.084050 0.084050 0.084050 0.084050 0.084050 0.084050 0.084050 0.084050 0.000000 0.084050 0.107106 0.164703 0.084050 0.084050 0.084050 0.000000 0.164703 0.164703 0.084050 0.084050 1.000000
0.084050 0.084050 0.084050 0.084050 0.084050 0.084050 0.084050 0.084050 0.000000 0.084050 0.107106 0.164703 0.084050 0.084050 0.084050 0.000000 0.164703 0.164703 0.084050 0.084050 1.000000
0.084050 0.084050 0.084050 0.084050 0.084050 0.084050 0.084050 0.084050 0.000000 0.084050 0.107106 0.164703 0.084050 0.084050 0.084050 0.000000 0.164703 0.164703 0.084050 0.084050 1.000000
0.084050 0.084050 0.084050 0.084050 0.084050 0.084050 0.084050 0.084050 0.000000 0.084050 0.107106 0.164703 0.084050 0.084050 0.084050 0.000000 0.164703 0.164703 0.084050 0.084050 1.000000
0.084050 0.084050 0.084050 0.084050 0.084050 0.084050 0.084050 0.084050 0.000000 0.084050 0.107106 0.164703 0.084050 0.084050 0.084050 0.000000 0.164703 0.164703 0.084050 0.084050 1.000000
0.084050 0.084050 0.084050 0.084050 0.084050 0.084050 0.084050 0.084050 0.000000 0.084050 0.107106 0.164703 0.084050 0.084050 0.084050 0.000000 0.164703 0.164703 0.084050 0.084050 1.000000
0.084050 0.084050 0.084050 0.084050 0.084050 0.084050 0.084050 0.084050 0.000000 0.084050 0.107106 0.164703 0.084050 0.084050 0.084050 0.000000 0.164703 0.164703 0.084050 0.084050 1.000000
0.084050 0.084050 0.084050 0.084050 0.084050 0.084050 0.084050 0.084050 0.000000 0.084050 0.107106 0.164703 0.084050 0.084050 0.084050 0.000000 0.164703 0.164703 0.084050 0.084050 1.000000
0.084050 0.084050 0.084050 0.084050 0.084050 0.084050 0.084050 0.084050 0.000000 0.084050 0.107106 0.164703 0.084050 0.084050 0.084050 0.000000 0.164703 0.164703 0.084050 0.084050 1.000000
0.084050 0.084050 0.084050 0.084050 0.084050 0.084050 0.084050 0.084050 0.000000 0.084050 0.107106 0.164703 0.084050 0.084050 0.084050 0.000000 0.164703 0.164703 0.084050 0.084050 1.000000
0.084050 0.084050 0.084050 0.084050 0.084050 0.084050 0.084050 0.084050 0.000000 0.084050 0.107106 0.164703 0.084050 0.084050 0.084050 0.000000 0.164703 0.164703 0.084050 0.084050 1.000000
0.084050 0.084050 0.084050 0.084050 0.084050 0.084050 0.084050 0.084050 0.000000 0.084050 0.107106 0.164703 0.084050 0.084050 0.084050 0.000000 0.164703 0.164703 0.084050 0.084050 1.000000
0.084050 0.084050 0.084050 0.084050 0.084050 0.084050 0.084050 0.084050 0.000000 0.084050 0.107106 0.164703 0.084050 0.084050 0.084050 0.000000 0.164703 0.164703 0.084050 0.084050 1.000000
0.084050 0.084050 0.084050 0.084050 0.084050 0.084050 0.084050 0.084050 0.000000 0.084050 0.107106 0.164703 0.084050 0.084050 0.084050 0.000000 0.164703 0.164703 0.084050 0.084050 1.000000
0.084050 0.084050 0.084050 0.084050 0.084050 0.084050 0.084050 0.084050 0.000000 0.084050 0.107106 0.164703 0.084050 0.084050 0.084050 0.000000 0.164703 0.164703 0.084050 0.084050 1.000000
0.084050 0.084050 0.084050 0.084050 0.084050 0.084050 0.084050 0.084050 0.000000 0.084050 0.107106 0.164703 0.084050 0.084050 0.084050 0.000000 0.164703 0.164703 0.084050 0.084050 1.000000
0.084050 0.084050 0.084050 0.084050 0.084050 0.084050 0.084050 0.084050 0.000000 0.084050 0.107106 0.164703 0.084050 0.084050 0.084050 0.000000 0.164703 0.164703 0.084050 0.084050 1.000000
0.084050 0.084050 0.084050 0.084050 0.084050 0.084050 0.084050 0.084050 0.000000 0.084050 0.107106 0.164703 0.084050 0.084050 0.084050 0.000000 0.164703 0.164703 0.084050 0.084050 1.000000
0.084050 0.084050 0.084050 0.084050 0.084050 0.084050 0.084050 0.084050 0.000000 0.084050 0.107106 0.164703 0.084050 0.084050 0.084050 0.000000 0.164703 0.164703 0.084050 0.084050 1.000000
0.084050 0.084050 0.084050 0.084050 0.084050 0.084050 0.084050 0.084050 0.000000 0.084050 0.107106 0.164703 0.084050 0.084050 0.084050 0.000000 0.164703 0.164703 0.084050 0.084050 1.000000
0.084050 0.084050 0.084050 0.084050 0.084050 0.084050 0.084050 0.084050 0.000000 0.084050 0.107106 0.164703 0.084050 0.084050 0.084050 0.000000 0.164703 0.164703 0.084050 0.084050 1.000000
0.084050 0.084050 0.084050 0.084050 0.084050 0.084050 0.084050 0.084050 0.000000 0.084050 0.107106 0.164703 0.084050 0.084050 0.084050 0.000000 0.164703 0.164703 0.084050 0.084050 1.000000
0.084050 0.084050 0.084050 0.084050 0.084050 0.084050 0.084050 0.084050 0.000000 0.084050 0.107106 0.164703 0.084050 0.084050 0.084050 0.000000 0.164703 0.164703 0.084050 0.084050 1.000000
0.084050 0.084050 0.084050 0.084050 0.084050 0.084050 0.084050 0.084050 0.000000 0.084050 0.107106 0.164703 0.084050 0.084050 0.084050 0.000000 0.164703 0.164703 0.084050 0.084050 1.000000
0.084050 0.084050 0.084050 0.084050 0.084050 0.084050 0.084050 0.084050 0.000000 0.084050 0.107106 0.164703 0.084050 0.084050 0.084050 0.000000 0.164703 0.164703 0.084050 0.084050 1.000000
0.084050 0.084050 0.084050 0.084050 0.084050 0.084050 0.084050 0.084050 0.000000 0.084050 0.107106 0.164703 0.084050 0.084050 0.084050 0.000000 0.164703 0.164703 0.084050 0.084050 1.000000
0.084050 0.084050 0.084050 0.084050 0.084050 0.084050 0.084050 0.084050 0.000000 0.084050 0.107106 0.164703 0.084050 0.084050 0.084050 0.000000 0.164703 0.164703 0.084050 0.084050 1.000000
0.084050 0.084050 0.084050 0.084050 0.084050 0.084050 0.084050 0.084050 0.000000 0.084050 0.107106 0.164703 0.084050 0.084050 0.084050 0.000000 0.164703 0.164703 0.084050 0.084050 1.000000
0.084050 0.084050 0.084050 0.084050 0.084050 0.084050 0.084050 0.084050 0.000000 0.084050 0.107106 0.164703 0.084050 0.084050 0.084050 0.000000 0.164703 0.164703 0.084050 0.084050 1.000000
0.084050 0.084050 0.084050 0.084050 0.084050 0.084050 0.084050 0.084050 0.000000 0.084050 0.107106 0.164703 0.084050 0.084050 0.084050 0.000000 0.164703 0.164703 0.084050 0.084050 1.000000
0.084050 0.084050 0.084050 0.084050 0.084050 0.084050 0.084050 0.084050 0.000000 0.084050 0.107106 0.164703 0.084050 0.084050 0.084050 0.000000 0.164703 0.164703 0.084050 0.084050 1.000000
0.084050 0.084050 0.084050 0.084050 0.084050 0.084050 0.084050 0.084050 0.000000 0.084050 0.107106 0.164703 0.084050 0.084050 0.084050 0.000000 0.164703 0.164703 0.084050 0.084050 1.000000
0.084050 0.084050 0.084050 0.084050 0.084050 0.084050 0.084050 0.084050 0.000000 0.084050 0.107106 0.164703 0.084050 0.084050 0.084050 0.000000 0.164703 0.164703 0.084050 0.084050 1.000000
0.084050 0.084050 0.084050 0.084050 0.084050 0.084050 0.084050 0.084050 0.000000 0.084050 0.107106 0.164703 0.084050 0.084050 0.084050 0.000000 0.164703 0.164703 0.084050 0.084050 1.000000
0.084050 0.084050 0.084050 0.084050 0.084050 0.084050 0.084050 0.084050 0.000000 0.084050 0.107106 0.164703 0.084050 0.084050 0.084050 0.000000 0.164703 0.164703 0.084050 0.084050 1.000000
0.084050 0.084050 0.084050 0.084050 0.084050 0.084050 0.084050 0.084050 0.000000 0.084050 0.107106 0.164703 0.084050 0.084050 0.084050 0.000000 0.164703 0.164703 0.084050 0.084050 1.000000
0.084050 0.084050 0.084050 0.084050 0.084050 0.084050 0.084050 0.084050 0.000000 0.084050 0.107106 0.164703 0.084050 0.084050 0.084050 0.000000 0.164703 0.164703 0.084050 0.084050 1.000000
0.084050 0.084050 0.084050 0.084050 0.084050 0.084050 0.084050 0.084050 0.000000 0.084050 0.107106 0.164703 0.084050 0.084050 0.084050 0.000000 0.164703 0.164703 0.084050 0.084050 1.000000
0.084050 0.084050 0.084050 0.084050 0.084050 0.084050 0.084050 0.084050 0.000000 0.084050 0.107106 0.164703 0.084050 0.084050 0.084050 0.000000 0.164703 0.164703 0.084050 0.084050 1.000000
0.084050 0.084050 0.084050 0.084050 0.084050 0.084050 0.084050 0.084050 0.000000 0.084050 0.107106 0.164703 0.084050 0.084050 0.084050 0.000000 0.164703 0.164703 0.084050 0.084050 1.000000
0.084050 0.084050 0.084050 0.084050 0.084050 0.084050 0.084050 0.084050 0.000000 0.084050 0.107106 0.164703 0.084050 0.084050 0.084050 0.000000 0.164703 0.164703 0.084050 0.084050 1.000000
0.084050 0.084050 0.084050 0.084050 0.084050 0.084050 0.084050 0.084050 0.000000 0.084050 0.107106 0.164703 0.084050 0.084050 0.084050 0.000000 0.164703 0.164703 0.084050 0.084050 1.000000
0.084050 0.084050 0.084050 0.084050 0.084050 0.084050 0.084050 0.084050 0.000000 0.084050 0.107106 0.164703 0.084050 0.084050 0.084050 0.000000 0.164703 0.164703 0.084050 0.084050 1.000000
0.084050 0.084050 0.084050 0.084050 0.084050 0.084050 0.084050 0.084050 0.000000 0.084050 0.107106 0.164703 0.084050 0.084050 0.084050 0.000000 0.164703 0.164703 0.084050 0.084050 1.000000
0.084050 0.084050 0.084050 0.084050 0.084050 0.084050 0.084050 0.084050 0.000000 0.084050 0.107106 0.164703 0.084050 0.084050 0.084050 0.000000 0.164703 0.164703 0.084050 0.084050 1.000000
0.084050 0.084050 0.084050 0.084050 0.084050 0.084050 0.084050 0.084050 0.000000 0.084050 0.107106 0.164703 0.084050 0.084050 0.084050 0.000000 0.164703 0.164703 0.084050 0.084050 1.000000
0.084050 0.084050 0.084050 0.084050 0.084050 0.084050 0.084050 0.084050 0.000000 0.084050 0.107106 0.164703 0.084050 0.084050 0.084050 0.000000 0.164703 0.164703 0.084050 0.084050 1.000000
0.084050 0.084050 0.084050 0.084050 0.084050 0.084050 0.084050 0.084050 0.000000 0.084050 0.107106 0.164703 0.084050 0.084050 0.084050 0.000000 0.164703 0.164703 0.084050 0.084050 1.000000
0.084050 0.084050 0.084050 0.084050 0.084050 0.084050 0.084050 0.084050 0.000000 0.084050 0.107106 0.164703 0.084050 0.084050 0.084050 0.000000 0.164703 0.164703 0.084050 0.084050 1.000000
0.084050 0.084050 0.084050 0.084050 0.084050 0.084050 0.084050 0.084050 0.000000 0.084050 0.107106 0.164703 0.084050 0.084050 0.084050 0.000000 0.164703 0.164703 0.084050 0.084050 1.000000
0.084050 0.084050 0.084050 0.084050 0.084050 0.084050 0.084050 0.084050 0.000000 0.084050 0.107106 0.164703 0.084050 0.084050 0.084050 0.000000 0.164703 0.164703 0.084050 0.084050 1.000000
0.084050 0.084050 0.084050 0.084050 0.084050 0.084050 0.084050 0.084050 0.000000 0.084050 0.107106 0.164703 0.084050 0.084050 0.084050 0.000000 0.164703 0.164703 0.084050 0.084050 1.000000
