0.000000 0.000000 0.000000 0.000000 0.000000 0.000000 0.000000 0.000000 0.000000 0.000000 0.000000 0.000000 0.000000 0.000000 0.000000 0.000000 0.000000 0.000000 0.000000 0.000000 0.000000
11.879542 11.879542 11.879542 11.879542 11.879542 11.879542 11.879542 11.879542 1598.570444 268.199240 68.672613 18.053686 2497.765741 109.861984 56.262449 211568.953818 14.467756 261.913497 45.017954 818.468969 1.000000
11.880720 11.880720 11.880720 11.880720 11.880720 11.880720 11.880720 11.880720 1598.731277 137.337199 28.160678 35.184880 2498.017043 28.834851 109.873035 264487.799891 85.842847 28.160678 87.902523 1998.413815 1.000000
11.881586 11.881586 11.881586 11.881586 11.881586 11.881586 11.881586 11.881586 1279.079879 171.680915 54.954226 28.162755 1998.561590 87.909022 70.332335 135427.767222 43.971565 639.541112 45.025804 818.611844 1.000000
11.878417 11.878417 11.878417 11.878417 11.878417 11.878417 11.878417 11.878417 523.770955 268.173481 11.603980 14.466380 7621.842889 109.851433 109.851433 169238.906399 85.825972 107.277222 70.313313 523.770955 1.000000
11.880883 11.880883 11.880883 11.880883 11.880883 11.880883 11.880883 11.880883 1998.441607 214.585640 43.968928 18.055741 1598.753511 87.903745 56.268888 330614.347757 35.185369 43.968928 171.670609 654.850709 1.000000
11.878434 11.878434 11.878434 11.878434 11.878434 11.878434 11.878434 11.878434 3121.911831 268.173886 68.666123 18.051990 3902.389644 23.078971 36.020951 645596.168903 43.959747 18.051990 45.013702 2497.529609 1.000000
11.880230 11.880230 11.880230 11.880230 11.880230 11.880230 11.880230 11.880230 818.517065 137.331453 43.966479 14.468598 1998.330196 45.020596 109.868439 211581.386476 28.159502 639.467066 335.267072 419.082498 1.000000
11.878685 11.878685 11.878685 11.878685 11.878685 11.878685 11.878685 11.878685 1598.453575 214.545384 107.279683 43.960688 3902.473276 87.887258 56.258338 1260957.040339 18.052375 22.540590 18.483012 1278.763141 1.000000
11.881570 11.881570 11.881570 11.881570 11.881570 11.881570 11.881570 11.881570 654.889142 268.245695 107.306106 43.971506 1998.558895 36.030582 87.908903 169284.480738 28.162717 261.958863 109.881010 818.610740 1.000000
11.881356 11.881356 11.881356 11.881356 11.881356 11.881356 11.881356 11.881356 1598.818065 109.878999 35.186787 54.953146 1998.522300 56.271159 70.330953 330627.697332 35.186787 28.162202 137.344653 1598.818065 1.000000
11.803485 11.803485 11.803485 11.803485 11.803485 11.803485 11.803485 11.803485 3101.931447 266.457608 43.678694 17.937166 3101.931447 55.897313 87.323051 410537.166025 106.590924 14.374699 22.931819 1270.551776 1.000000
11.877866 11.877866 11.877866 11.877866 11.877866 11.877866 11.877866 11.877866 2497.408341 268.160865 28.153833 28.153833 6097.187520 28.827842 36.019204 645564.822006 11.603443 43.957614 70.310007 1598.341708 1.000000
11.880336 11.880336 11.880336 11.880336 11.880336 11.880336 11.880336 11.880336 1278.943385 171.662596 22.543754 107.294802 3122.418784 171.662596 36.026791 413248.642809 54.948365 18.054904 70.324833 818.524487 1.000000
11.879732 11.879732 11.879732 11.879732 11.879732 11.879732 11.879732 11.879732 1278.877421 335.252820 54.945533 54.945533 3122.257739 56.263363 45.018685 1261069.728481 14.467989 28.158308 45.018685 1278.877421 1.000000
11.879744 11.879744 11.879744 11.879744 11.879744 11.879744 11.879744 11.879744 3122.261014 171.653923 14.468004 28.158338 3122.261014 45.018732 109.863884 264465.767724 85.835699 28.158338 56.263422 1023.103361 1.000000
11.880312 11.880312 11.880312 11.880312 11.880312 11.880312 11.880312 11.880312 3903.015296 109.869208 43.966787 14.468699 2497.930026 137.332415 56.266147 169266.295402 107.294581 54.948252 45.020912 818.522801 1.000000
11.881035 11.881035 11.881035 11.881035 11.881035 11.881035 11.881035 11.881035 1279.019652 109.875986 22.545093 35.185824 1598.774213 56.269616 70.329025 516591.607591 43.969497 35.185824 109.875986 3122.604983 1.000000
11.879015 11.879015 11.879015 11.879015 11.879015 11.879015 11.879015 11.879015 1278.799162 137.317213 11.604565 18.052880 1998.122970 109.857047 70.316906 169247.556442 409.217925 107.282704 109.857047 654.746298 1.000000
11.879632 11.879632 11.879632 11.879632 11.879632 11.879632 11.879632 11.879632 1598.582746 171.652274 28.158068 28.158068 3122.231024 36.024628 56.262882 330579.034408 167.629450 14.467866 214.562721 818.475267 1.000000
11.879913 11.879913 11.879913 11.879913 11.879913 11.879913 11.879913 11.879913 1998.276067 137.327733 54.946380 14.468210 4878.602662 45.019378 56.264230 330586.961382 43.965290 35.182459 56.264230 1998.276067 1.000000
11.878974 11.878974 11.878974 11.878974 11.878974 11.878974 11.878974 11.878974 3122.055598 171.642630 18.052816 18.052816 3122.055598 109.856657 56.259723 645625.899196 43.961769 18.052816 45.015773 1278.794624 1.000000
11.878571 11.878571 11.878571 11.878571 11.878571 11.878571 11.878571 11.878571 1598.438004 268.177020 28.155525 18.052200 1998.047223 87.886403 23.079239 1008755.805634 28.155525 18.052200 171.636733 1598.438004 1.000000
11.805127 11.805127 11.805127 11.805127 11.805127 11.805127 11.805127 11.805127 1985.516478 170.560387 43.684849 17.939680 2481.895371 44.732200 87.335366 1002429.394328 22.399566 27.979394 109.164056 1016.585162 1.000000
11.880637 11.880637 11.880637 11.880637 11.880637 11.880637 11.880637 11.880637 1598.719978 109.872259 35.184632 68.679034 3122.499055 109.872259 109.872259 807147.004982 43.968007 18.055365 36.027716 818.545530 1.000000
11.878559 11.878559 11.878559 11.878559 11.878559 11.878559 11.878559 11.878559 1998.045050 171.636546 14.466553 35.178398 2497.556087 36.021332 56.257730 330548.742838 14.466553 107.278521 137.311859 1998.045050 1.000000
11.863940 11.863940 11.863940 11.863940 11.863940 11.863940 11.863940 11.863940 11.863940 3897.559719 14.448667 14.448667 1021.722806 11.863940 6089.936824 3074632.285355 7.495692 85.719905 267.841980 418.499650 1.000000
11.867187 11.867187 11.867187 11.867187 11.867187 11.867187 11.867187 11.867187 3898.641931 418.615851 9.312787 133.963773 9518.168255 23.056889 14.796237 1968311.040139 28.128225 9.312787 14.796237 3898.641931 1.000000
11.872621 11.872621 11.872621 11.872621 11.872621 11.872621 11.872621 11.872621 1997.031993 109.797075 18.043083 14.459288 56759.048809 56.229224 109.797075 1969225.088248 7.501060 28.141255 28.814961 335.049272 1.000000
11.868493 11.868493 11.868493 11.868493 11.868493 11.868493 11.868493 11.868493 11899.038427 3899.077141 9.313803 11.594293 36312.983251 35.990422 23.059454 330264.658479 18.036761 167.470048 44.975530 11.868493 1.000000
11.874938 11.874938 11.874938 11.874938 11.874938 11.874938 11.874938 11.874938 818.147266 137.269414 14.462124 9.318815 6095.663204 18.477132 45.000277 169188.636428 68.645632 3809.789662 335.115604 523.615378 1.000000
11.875243 11.875243 11.875243 11.875243 11.875243 11.875243 11.875243 11.875243 11905.902313 28.821402 18.047101 14.462497 29067.144148 23.072705 45.001448 1008469.145475 18.047101 35.168456 23.072705 2496.849068 1.000000
11.868919 11.868919 11.868919 11.868919 11.868919 11.868919 11.868919 11.868919 6092.529268 267.955996 11.594708 7.498771 4874.023489 70.256312 23.060289 1968602.326761 11.594708 22.521866 28.805870 3119.375222 1.000000
11.874908 11.874908 11.874908 11.874908 11.874908 11.874908 11.874908 11.874908 1997.422233 654.516681 18.046588 14.462087 11905.561368 70.292256 36.010121 1575687.916109 9.318792 28.146740 45.000161 418.892085 1.000000
11.863896 11.863896 11.863896 11.863896 11.863896 11.863896 11.863896 11.863896 7612.392751 418.498100 6.054957 18.029718 7612.392751 11.863896 35.976304 1574205.897470 28.120333 14.448614 23.050428 3897.545278 1.000000
11.863759 11.863759 11.863759 11.863759 11.863759 11.863759 11.863759 11.863759 4871.874226 653.893391 14.448446 11.589671 14867.779671 28.793199 23.050158 4804038.687612 14.448446 6.054890 18.459592 1596.416306 1.000000
11.875251 11.875251 11.875251 11.875251 11.875251 11.875251 11.875251 11.875251 3901.328925 214.482474 18.047113 11.600890 3901.328925 45.001479 28.821421 1260587.280570 11.600890 35.168479 70.294315 2496.850749 1.000000
11.866598 11.866598 11.866598 11.866598 11.866598 11.866598 11.866598 11.866598 44.968253 11897.111316 11.592443 28.126813 36307.102176 14.795498 14.795498 1259655.648831 28.126813 14.451920 11.866598 11897.111316 1.000000
11.860026 11.860026 11.860026 11.860026 11.860026 11.860026 11.860026 11.860026 4870.319333 214.203569 7.493271 7.493271 88590.588858 28.784031 35.964417 1967106.230057 7.493271 35.122819 14.787262 1021.380929 1.000000
11.868184 11.868184 11.868184 11.868184 11.868184 11.868184 11.868184 11.868184 7615.183119 418.651501 11.593991 11.593991 6092.146554 23.058846 23.058846 1968478.665081 7.498316 35.147285 28.804065 3119.179272 1.000000
11.874810 11.874810 11.874810 11.874810 11.874810 11.874810 11.874810 11.874810 4876.477178 523.609638 14.461967 18.046437 7619.495402 23.071854 28.820337 1969593.364132 18.046437 18.046437 23.071854 1997.405469 1.000000
11.876613 11.876613 11.876613 11.876613 11.876613 11.876613 11.876613 11.876613 1997.713184 214.507428 18.049200 11.602220 3121.426388 70.302491 18.479761 169212.846184 68.655451 2438.614525 36.015358 1598.170772 1.000000
11.876591 11.876591 11.876591 11.876591 11.876591 11.876591 11.876591 11.876591 2497.136508 137.288793 22.536575 28.150776 3121.420454 45.006624 335.162918 806868.193228 9.320101 54.930808 28.824712 1022.827927 1.000000
11.874868 11.874868 11.874868 11.874868 11.874868 11.874868 11.874868 11.874868 2496.769124 268.092230 14.462038 11.600516 9524.416928 36.009999 18.477023 169187.629649 54.922732 2438.251117 23.071969 1278.346369 1.000000
11.871072 11.871072 11.871072 11.871072 11.871072 11.871072 11.871072 11.871072 4874.920508 654.302256 22.525995 7.500103 7617.063105 18.471067 28.811159 264269.959158 18.040712 209.381009 23.064517 1996.767857 1.000000
11.868699 11.868699 11.868699 11.868699 11.868699 11.868699 11.868699 11.868699 7615.518631 523.336357 7.498635 11.594494 7615.518631 23.059858 23.059858 645059.507945 18.037076 68.609068 18.467344 3119.316698 1.000000
11.867827 11.867827 11.867827 11.867827 11.867827 11.867827 11.867827 11.867827 7614.950741 334.912055 11.593642 7.498096 7614.950741 28.803188 35.988374 1968418.596933 11.593642 22.519773 18.465974 3119.084090 1.000000
11.874857 11.874857 11.874857 11.874857 11.874857 11.874857 11.874857 11.874857 36.009964 3901.197569 22.533250 14.462024 23252.948048 18.477005 23.071947 135349.971278 409.072632 327.259206 18.477005 3901.197569 1.000000
11.874094 11.874094 11.874094 11.874094 11.874094 11.874094 11.874094 11.874094 1997.283353 268.074497 11.599760 11.599760 4876.179044 44.997035 18.475808 135341.150474 11625.716387 43.943471 23.070449 1597.826908 1.000000
11.870019 11.870019 11.870019 11.870019 11.870019 11.870019 11.870019 11.870019 6093.102297 334.974818 14.456106 14.456106 7616.377797 18.469415 28.808573 1968787.482294 7.499452 35.152790 35.995108 2495.735034 1.000000
11.866856 11.866856 11.866856 11.866856 11.866856 11.866856 11.866856 11.866856 6091.455324 267.908764 7.497495 18.034252 6091.455324 35.985394 35.985394 3844248.665357 7.497495 18.034252 28.800805 2495.060434 1.000000
11.854262 11.854262 11.854262 11.854262 11.854262 11.854262 11.854262 11.854262 23212.043152 7606.122417 9.302733 11.580400 88546.917389 23.031513 18.444691 329862.972267 326.683526 6.050235 11.854262 11.854262 1.000000
11.856821 11.856821 11.856821 11.856821 11.856821 11.856821 11.856821 11.856821 3116.150072 816.881185 9.304723 18.018878 1288809.330078 28.776159 14.783245 135141.453217 6.051489 7429.480095 14.783245 11.856821 1.000000
11.854795 11.854795 11.854795 11.854795 11.854795 11.854795 11.854795 11.854795 1020.924025 45338.090888 11.580921 7.490037 270236.080092 11.854795 11.854795 2457782.830687 7.490037 28.098508 14.780707 44.922931 1.000000
11.857913 11.857913 11.857913 11.857913 11.857913 11.857913 11.857913 11.857913 11.857913 6086.798793 14.441293 6.052024 1611162.181694 14.784614 56.158615 3073047.984492 9.305573 107.089432 18.450419 267.703970 1.000000
11.855789 11.855789 11.855789 11.855789 11.855789 11.855789 11.855789 11.855789 9508.895105 522.758944 22.496694 7.490651 11886.118834 14.781952 11.855789 1573114.718121 6.050983 68.533401 14.781952 4868.554445 1.000000
11.861409 11.861409 11.861409 11.861409 11.861409 11.861409 11.861409 11.861409 3896.716457 817.201841 6.053738 9.308292 528103.521197 35.968665 35.968665 135194.501433 28.114368 1246.949986 18.455905 11.861409 1.000000
11.865483 11.865483 11.865483 11.865483 11.865483 11.865483 11.865483 11.865483 4872.592356 171.444928 18.032149 9.311461 2494.767582 14.794101 14.794101 2460030.370843 11.591354 22.515279 14.794101 110789.918623 1.000000
11.857143 11.857143 11.857143 11.857143 11.857143 11.857143 11.857143 11.857143 88568.746758 267.686348 9.304974 9.304974 422328.695044 14.783650 23.037169 2458276.547501 6.051647 35.114174 18.449212 18.449212 1.000000
11.861154 11.861154 11.861154 11.861154 11.861154 11.861154 11.861154 11.861154 23225.732030 11.861154 9.308094 14.445259 4918240.054362 28.786802 56.174176 2459120.027181 7.493969 28.113757 14.788676 28.786802 1.000000
11.864803 11.864803 11.864803 11.864803 11.864803 11.864803 11.864803 11.864803 653.951789 2494.622668 14.449724 9.310932 29041.225443 14.793249 44.961361 135233.744097 7.496226 18150.765936 14.793249 334.825520 1.000000
11.860346 11.860346 11.860346 11.860346 11.860346 11.860346 11.860346 11.860346 11.860346 23224.126755 9.307465 11.586339 36287.698015 18.454237 18.454237 3073687.577573 7.493469 107.111716 23.043457 6088.065637 1.000000
11.858614 11.858614 11.858614 11.858614 11.858614 11.858614 11.858614 11.858614 23220.687216 4869.731260 11.584648 7.492398 88579.891876 28.780564 18.451520 1007036.779187 68.549960 7.492398 18.451520 11.858614 1.000000
11.857152 11.857152 11.857152 11.857152 11.857152 11.857152 11.857152 11.857152 18574.226494 4869.122221 7.491494 11.583221 70855.050827 18.449226 18.449226 2458278.400739 6.051651 35.114200 14.783661 35.955591 1.000000
11.852425 11.852425 11.852425 11.852425 11.852425 11.852425 11.852425 11.852425 35.941074 6083.941539 6.049334 7.488571 70826.399325 23.027906 18.441809 135090.635900 6.049334 18131.558279 18.441809 2491.982788 1.000000
11.860552 11.860552 11.860552 11.860552 11.860552 11.860552 11.860552 11.860552 1994.972989 11.860552 28.112313 6.053318 3934389.505445 28.785323 18.454561 168980.742562 43.892692 3044.086765 11.860552 214.213208 1.000000
11.867983 11.867983 11.867983 11.867983 11.867983 11.867983 11.867983 11.867983 654.129543 1996.240779 9.313405 11.593795 70920.701447 14.797234 23.058452 135270.502923 9295.718286 18.035979 14.797234 334.916529 1.000000
11.859098 11.859098 11.859098 11.859098 11.859098 11.859098 11.859098 11.859098 9511.587097 522.906937 11.585121 6.052605 7609.269725 23.041007 14.786099 2458687.610829 7.492697 35.120036 23.041007 3895.946289 1.000000
11.861846 11.861846 11.861846 11.861846 11.861846 11.861846 11.861846 11.861846 4871.077329 418.424729 7.494397 7.494397 9513.822613 18.456590 18.456590 168999.436807 43.897543 2435.538973 11.861846 3117.489680 1.000000
11.861031 11.861031 11.861031 11.861031 11.861031 11.861031 11.861031 11.861031 56702.851486 11.861031 11.587008 11.587008 216304.212454 23.044803 14.788522 2459094.189920 9.307998 22.506745 14.788522 1276.835487 1.000000
11.850763 11.850763 11.850763 11.850763 11.850763 11.850763 11.850763 11.850763 4866.461113 1993.302889 7.487543 11.576984 14851.260160 18.439202 14.775654 11715578.480087 7.487543 6.048520 14.775654 1993.302889 1.000000
11.852014 11.852014 11.852014 11.852014 11.852014 11.852014 11.852014 11.852014 70823.910276 11.852014 7.488317 6.049133 29009.473678 23.027100 18.441165 2457197.995836 9.300985 28.091839 14.777222 9505.824429 1.000000
11.783862 11.783862 11.783862 11.783862 11.783862 11.783862 11.783862 11.783862 11812.971284 811.782431 6.015731 7.446172 9450.377065 14.691815 22.893290 1563433.720392 11.511673 27.928395 22.893290 2477.360021 1.000000
11.857446 11.857446 11.857446 11.857446 11.857446 11.857446 11.857446 11.857446 9510.243501 522.833072 6.051796 11.583508 18574.694186 14.784029 14.784029 2458340.299197 9.305210 28.104865 14.784029 3895.395952 1.000000
11.858550 11.858550 11.858550 11.858550 11.858550 11.858550 11.858550 11.858550 18.451420 7608.913404 11.584586 9.306068 1611250.058633 11.858550 14.785413 644500.023455 7.492359 510.627484 18.451420 653.602203 1.000000
11.865249 11.865249 11.865249 11.865249 11.865249 11.865249 11.865249 11.865249 3897.995917 523.182033 9.311279 9.311279 7613.272906 11.865249 14.793807 135238.891635 9293.545975 22.514830 23.053083 2494.717624 1.000000
11.845331 11.845331 11.845331 11.845331 11.845331 11.845331 11.845331 11.845331 36241.100064 9500.387033 6.045857 9.295786 110599.060179 18.430678 11.845331 2455792.462046 6.045857 35.078749 14.768847 11.845331 1.000000
11.853244 11.853244 11.853244 11.853244 11.853244 11.853244 11.853244 11.853244 3893.995493 11.853244 7.489077 6.049736 7679551.517453 14.778763 11.853244 168875.123797 35.102479 2433.747434 23.029513 214.079323 1.000000
11.849799 11.849799 11.849799 11.849799 11.849799 11.849799 11.849799 11.849799 136.974688 3114.278160 7.486946 7.486946 2515693.604211 11.849799 11.849799 211031.674943 6.048047 996.569912 18.437688 334.396027 1.000000
11.840513 11.840513 11.840513 11.840513 11.840513 11.840513 11.840513 11.840513 1287011.292762 11.840513 7.481204 6.043496 3142117.413968 14.762809 11.840513 2454779.229663 7.481204 35.064299 14.762809 11.840513 1.000000
11.847396 11.847396 11.847396 11.847396 11.847396 11.847396 11.847396 11.847396 3113.637726 11.847396 7.485461 7.485461 18739523.478282 23.018033 14.771435 135032.497534 6.046870 14499.004088 11.847396 109.560504 1.000000
11.846815 11.846815 11.846815 11.846815 11.846815 11.846815 11.846815 11.846815 11.846815 11.846815 7.485101 9.296940 12109530300.660194 11.846815 14.770706 643853.067659 22653.565947 22.479490 14.770706 11.846815 1.000000
11.852940 11.852940 11.852940 11.852940 11.852940 11.852940 11.852940 11.852940 816.609996 56.134742 7.488889 7.488889 18748417.927864 18.442617 14.778382 135096.588797 6.049587 22665.446554 14.778382 70.160412 1.000000
11.849714 11.849714 11.849714 11.849714 11.849714 11.849714 11.849714 11.849714 11.849714 216094.873628 6.048006 9.299196 1610032.272513 18.437556 11.849714 168824.120024 9281.204258 28.086323 14.774340 11.849714 1.000000
11.843421 11.843421 11.843421 11.843421 11.843421 11.843421 11.843421 11.843421 11.843421 23190.511658 6.044921 7.483003 172782.775878 14.766454 11.843421 5994606.750997 106.956708 6.044921 18.427682 3890.722482 1.000000
11.854330 11.854330 11.854330 11.854330 11.854330 11.854330 11.854330 11.854330 2492.389051 1595.129363 6.050268 9.302786 29015.222709 14.780124 14.780124 135112.659428 7.489749 11606.089156 14.780124 816.707137 1.000000
11.858818 11.858818 11.858818 11.858818 11.858818 11.858818 11.858818 11.858818 14861.499054 11.858818 14.442400 9.306277 36282.956539 11.858818 11.858818 168955.682371 9288.436975 18.021938 14.785748 9511.359457 1.000000
11.845204 11.845204 11.845204 11.845204 11.845204 11.845204 11.845204 11.845204 11.845204 216011.448755 6.045795 7.484105 7674268.287516 14.768688 14.768688 3069707.315007 14.425744 85.582635 11.845204 11.845204 1.000000
11.848612 11.848612 11.848612 11.848612 11.848612 11.848612 11.848612 11.848612 1594.348945 87.661633 6.047466 9.298338 3930372.054496 18.435827 11.848612 135046.555489 6.047466 9280.328735 11.848612 267.491000 1.000000
11.847820 11.847820 11.847820 11.847820 11.847820 11.847820 11.847820 11.847820 23199.248279 87.655690 9.297722 6.047077 14847.518939 18.434584 23.018865 11712627.177051 7.485723 6.047077 14.771966 7601.929794 1.000000
11.836402 11.836402 11.836402 11.836402 11.836402 11.836402 11.836402 11.836402 11.836402 421579.347016 6.041481 7.478662 3141010.902927 14.757658 18.416669 44636449.600352 9.288841 6.041481 14.757658 11.836402 1.000000
11.844430 11.844430 11.844430 11.844430 11.844430 11.844430 11.844430 11.844430 11.844430 269996.409796 6.045416 6.045416 2011630.012039 14.767718 11.844430 210934.695155 35.076047 3799.861921 18.429265 11.844430 1.000000
11.840162 11.840162 11.840162 11.840162 11.840162 11.840162 11.840162 11.840162 14837.784005 6077.556466 6.043324 6.043324 88440.084099 11.840162 18.422568 168686.073477 6.043324 18112.529276 14.762369 11.840162 1.000000
11.838853 11.838853 11.838853 11.838853 11.838853 11.838853 11.838853 11.838853 3111.360252 11.838853 6.042682 6.042682 23407270.540679 11.838853 11.838853 168667.159822 7.480178 22638.123023 11.838853 171.054667 1.000000
11.837585 11.837585 11.837585 11.837585 11.837585 11.837585 11.837585 11.837585 11.837585 6076.214524 6.042060 7.479393 217973500.185124 11.837585 22.998769 3834630.368010 6.042060 167.027696 11.837585 11.837585 1.000000
11.841721 11.841721 11.841721 11.841721 11.841721 11.841721 11.841721 11.841721 9497.450281 11.841721 7.481951 6.044088 1029715.611388 11.841721 18.425014 134966.884623 6.044088 11593.567196 11.841721 1274.726969 1.000000
11.860047 11.860047 11.860047 11.860047 11.860047 11.860047 11.860047 11.860047 7609.887177 267.752832 9.307232 7.493284 29029.415338 11.860047 11.860047 168973.436259 43.890796 3043.955147 14.787288 1595.909610 1.000000
11.855406 11.855406 11.855406 11.855406 11.855406 11.855406 11.855406 11.855406 18571.453064 11.855406 9.303623 6.050796 56675.576830 14.781473 14.781473 168906.381173 43.873396 2434.197900 14.781473 6085.493887 1.000000
11.861254 11.861254 11.861254 11.861254 11.861254 11.861254 11.861254 11.861254 23225.930534 1596.074417 7.494031 7.494031 3117.331942 14.788801 14.788801 168990.885809 35.126502 1948.332777 14.788801 817.191004 1.000000
11.845775 11.845775 11.845775 11.845775 11.845775 11.845775 11.845775 11.845775 11875.935828 1593.961741 6.046075 9.296132 3143534.017128 11.845775 11.845775 1964708.760705 35.080082 7.484458 14.769404 11.845775 1.000000
11.843918 11.843918 11.843918 11.843918 11.843918 11.843918 11.843918 11.843918 136.905742 215987.651561 6.045165 7.483310 1609233.405860 14.767076 14.767076 1257213.598328 6.045165 54.777631 14.767076 11.843918 1.000000
11.855570 11.855570 11.855570 11.855570 11.855570 11.855570 11.855570 11.855570 11.855570 11.855570 3803.487110 7.490516 172962.556808 14.781678 110696.036362 211135.933601 9285.856669 22.496275 14.781678 11.855570 1.000000
11.906473 11.906473 11.906473 11.906473 11.906473 11.906473 11.906473 11.906473 1617854.512553 11.906473 6.075829 6.075829 3159872.094829 11.906473 11.906473 265069.283340 6.075829 640.899762 11.906473 11.906473 1.000000
11.837316 11.837316 11.837316 11.837316 11.837316 11.837316 11.837316 11.837316 36216.225433 11.837316 6.041929 6.041929 28972.980359 14.758803 11.837316 168644.941441 6.041929 18108.112758 11.837316 11867.332825 1.000000
11.837151 11.837151 11.837151 11.837151 11.837151 11.837151 11.837151 11.837151 11.837151 11.837151 6.041848 6.041848 11982774.899763 18.417844 22.997919 3834487.967924 6.041848 18107.857514 11.837151 7594.986029 1.000000
11.844174 11.844174 11.844174 11.844174 11.844174 11.844174 11.844174 11.844174 11.844174 11.844174 7.483468 7.483468 29272428.244749 11.844174 11.844174 1257241.219858 11.570552 18118.755541 11.844174 9499.446181 1.000000
11.846702 11.846702 11.846702 11.846702 11.846702 11.846702 11.846702 11.846702 3113.452518 11.846702 6.046529 7.485031 14990727.041890 18.432829 11.846702 168780.581806 7.485031 18122.677031 14.770565 136.938378 1.000000
11.840607 11.840607 11.840607 11.840607 11.840607 11.840607 11.840607 11.840607 36226.440289 11.840607 6.043542 7.481262 28981.152243 11.840607 14.762927 134954.006459 6.043542 18113.220186 11.840607 11870.680029 1.000000
11.858704 11.858704 11.858704 11.858704 11.858704 11.858704 11.858704 11.858704 1595.726389 109.666558 7.492454 7.492454 2014089.070642 18.451661 11.858704 135163.229533 28.107882 3043.605679 11.858704 334.650936 1.000000
11.842944 11.842944 11.842944 11.842944 11.842944 11.842944 11.842944 11.842944 11.842944 215969.634916 6.044687 7.482707 2011373.964247 14.765856 14.765856 263634.808246 9.293929 22646.057634 11.842944 11.842944 1.000000
11.840816 11.840816 11.840816 11.840816 11.840816 11.840816 11.840816 11.840816 23185.337313 11.840816 6.043644 6.043644 29264009.834024 11.840816 14.763189 134956.425002 18113.544797 17.994359 11.840816 11.840816 1.000000
11.835583 11.835583 11.835583 11.835583 11.835583 11.835583 11.835583 11.835583 28968.679625 11.835583 6.041080 6.041080 56579.452343 11.835583 11.835583 168619.907877 6.041080 18105.424799 11.835583 9492.457034 1.000000
11.840742 11.840742 11.840742 11.840742 11.840742 11.840742 11.840742 11.840742 11.840742 3111.863723 6.043608 6.043608 14983077.270802 14.763096 14.763096 263585.082870 6.043608 18113.429025 14.763096 136.868506 1.000000
11.910574 11.910574 11.910574 11.910574 11.910574 11.910574 11.910574 11.910574 11.910574 11.910574 6.077840 6.077840 19024432368.999344 11.910574 11.910574 1264390.405440 14577.428955 28.232269 11.910574 11.910574 1.000000
11.840231 11.840231 11.840231 11.840231 11.840231 11.840231 11.840231 11.840231 815.721881 70.084139 6.043358 6.043358 23410034.703841 11.840231 11.840231 168687.077716 6.043358 28300.995427 11.840231 109.493306 1.000000
11.845712 11.845712 11.845712 11.845712 11.845712 11.845712 11.845712 11.845712 6080.446241 522.308255 6.046044 6.046044 9500.697100 14.769324 11.845712 135013.024695 6.046044 14496.913208 23.014726 3113.188712 1.000000
11.839057 11.839057 11.839057 11.839057 11.839057 11.839057 11.839057 11.839057 11.839057 269872.170292 7.480304 7.480304 2513380.444496 11.839057 11.839057 263547.041301 6.042782 18110.814828 14.760985 11.839057 1.000000
11.835764 11.835764 11.835764 11.835764 11.835764 11.835764 11.835764 11.835764 11.835764 337245.040310 6.041168 7.478267 2512671.353723 11.835764 14.756858 210778.150197 6.041168 18105.705291 11.835764 11.835764 1.000000
11.848034 11.848034 11.848034 11.848034 11.848034 11.848034 11.848034 11.848034 11.848034 216063.790980 11.574320 6.047182 2012250.860924 11.848034 14.772234 168799.836705 14499.795633 22.481827 11.848034 11.848034 1.000000
11.838853 11.838853 11.838853 11.838853 11.838853 11.838853 11.838853 11.838853 3111.360252 11.838853 6.042682 6.042682 23407270.540680 11.838853 11.838853 168667.159822 7.480178 22638.123023 11.838853 171.054667 1.000000
11.851480 11.851480 11.851480 11.851480 11.851480 11.851480 11.851480 11.851480 1594.740339 14852.171007 85.628615 6.048871 2491.781200 11.851480 11.851480 135079.707799 6.048871 9282.606945 14.776552 1020.634395 1.000000
11.835583 11.835583 11.835583 11.835583 11.835583 11.835583 11.835583 11.835583 36210.849524 11.835583 6.041080 6.041080 36210.849524 11.835583 11.835583 168619.907916 6.041080 18105.424803 11.835583 11865.571247 1.000000
11.903631 11.903631 11.903631 11.903631 11.903631 11.903631 11.903631 11.903631 11.903631 6110.601803 6.074436 6.074436 29421476.690504 11.903631 14.841905 109603541.681559 6.074436 6.074436 11.903631 137.605783 1.000000
11.853194 11.853194 11.853194 11.853194 11.853194 11.853194 11.853194 11.853194 3115.183188 11.853194 7.489046 7.489046 18748824.894972 11.853194 14.778700 135099.521304 85.641171 1557.592076 11.853194 171.264828 1.000000
11.839483 11.839483 11.839483 11.839483 11.839483 11.839483 11.839483 11.839483 11.839483 11.839483 7.480567 9.291238 23408534.428080 11.839483 11.839483 1570920.153374 6.042991 22639.345380 11.839483 11869.537172 1.000000
11.852808 11.852808 11.852808 11.852808 11.852808 11.852808 11.852808 11.852808 1594.921563 70.159618 6.049522 14.435047 816.600744 11.852808 109.611255 168868.822680 6.049522 11604.577217 11.852808 172921.674424 1.000000
11.835560 11.835560 11.835560 11.835560 11.835560 11.835560 11.835560 11.835560 3888.102895 11.835560 6.041068 6.041068 23400666.554048 11.835560 11.835560 134895.658469 6.041068 22631.736039 11.835560 171.006410 1.000000
11.844721 11.844721 11.844721 11.844721 11.844721 11.844721 11.844721 11.844721 11.844721 7599.912602 6.045558 7.483806 57175386.726844 11.844721 14.768082 210939.945258 14495.682729 28.074348 11.844721 11.844721 1.000000
11.897112 11.897112 11.897112 11.897112 11.897112 11.897112 11.897112 11.897112 23297.149437 11.897112 6.071240 6.071240 342320843.789164 11.897112 11.897112 11762054.630509 6.071240 6.071240 11.897112 11.897112 1.000000
11.838853 11.838853 11.838853 11.838853 11.838853 11.838853 11.838853 11.838853 3111.360252 11.838853 7.480178 6.042682 29259088.174902 11.838853 11.838853 134933.727856 6.042682 18110.498438 11.838853 171.054667 1.000000
11.895566 11.895566 11.895566 11.895566 11.895566 11.895566 11.895566 11.895566 11.895566 11.895566 6.070482 6.070482 23750149838.392853 11.895566 11.895566 7600047948.285705 7.515251 6.070482 11.895566 11.895566 1.000000
11.846521 11.846521 11.846521 11.846521 11.846521 11.846521 11.846521 11.846521 28995.836039 11.846521 6.046441 6.046441 45305.993779 11.846521 14.770339 168777.979013 43.840079 2432.347430 11.846521 9501.355647 1.000000
11.842151 11.842151 11.842151 11.842151 11.842151 11.842151 11.842151 11.842151 1991.833594 522.149009 6.044299 6.044299 337429.650945 14.764862 11.842151 168714.825477 6.044299 11593.994610 11.842151 522.149009 1.000000
11.908188 11.908188 11.908188 11.908188 11.908188 11.908188 11.908188 11.908188 11.908188 11.908188 6.076670 6.076670 836533350.689626 11.908188 11.908188 11773160.270153 6.076670 4775.761388 14.847616 268.855173 1.000000
11.843451 11.843451 11.843451 11.843451 11.843451 11.843451 11.843451 11.843451 28988.213004 11.843451 6.044936 7.483021 23190.570419 14.766491 11.843451 134986.885688 6.044936 18117.633161 18.427729 11873.572116 1.000000
11.848463 11.848463 11.848463 11.848463 11.848463 11.848463 11.848463 11.848463 11.848463 11.848463 3040.939681 6.047393 29000.657614 11.848463 1609859.888730 168806.044274 9280.210533 18.006074 11.848463 11.848463 1.000000
11.898407 11.898407 11.898407 11.898407 11.898407 11.898407 11.898407 11.898407 11.898407 11.898407 7.517008 6.071875 15203777261.763582 11.898407 18.513954 7601888630.881783 6.071875 6.071875 11.898407 11.898407 1.000000
11.835583 11.835583 11.835583 11.835583 11.835583 11.835583 11.835583 11.835583 36210.849528 11.835583 6.041080 6.041080 28968.679635 11.835583 11.835583 168619.907937 6.041080 18105.424806 11.835583 14831.964023 1.000000
11.910574 11.910574 11.910574 11.910574 11.910574 11.910574 11.910574 11.910574 11.910574 11.910574 6.077840 6.077840 19024432368.999344 11.910574 11.910574 1264390.405440 14577.428955 28.232269 11.910574 11.910574 1.000000
11.852620 11.852620 11.852620 11.852620 11.852620 11.852620 11.852620 11.852620 1275.917042 11.852620 7.488691 7.488691 71517579.732624 11.852620 11.852620 168866.110739 14505.488529 28.093291 14.777981 56.133205 1.000000
11.835560 11.835560 11.835560 11.835560 11.835560 11.835560 11.835560 11.835560 3888.102895 11.835560 6.041068 6.041068 23400666.554048 11.835560 11.835560 134895.658469 6.041068 22631.736039 11.835560 171.006410 1.000000
11.840232 11.840232 11.840232 11.840232 11.840232 11.840232 11.840232 11.840232 1019.651831 70.084141 6.043358 6.043358 23410035.436999 11.840232 11.840232 134949.666402 6.043358 22640.797066 11.840232 109.493309 1.000000
11.844534 11.844534 11.844534 11.844534 11.844534 11.844534 11.844534 11.844534 6079.832903 11.844534 6.045467 6.045467 9592284.715680 11.844534 11.844534 168749.257315 28.073900 2431.933507 11.844534 334.245331 1.000000
11.835560 11.835560 11.835560 11.835560 11.835560 11.835560 11.835560 11.835560 3888.102895 11.835560 6.041068 6.041068 23400666.554048 11.835560 11.835560 134895.658469 6.041068 22631.736039 11.835560 171.006410 1.000000
11.837316 11.837316 11.837316 11.837316 11.837316 11.837316 11.837316 11.837316 4860.859641 2488.760433 6.041929 6.041929 1286658.779326 11.837316 14.758802 134915.951626 6.041929 14486.490067 11.837316 11.837316 1.000000
11.909920 11.909920 11.909920 11.909920 11.909920 11.909920 11.909920 11.909920 11.909920 11.909920 6.077519 6.077519 23549794.015490 14.849786 14.849786 3086718.601199 6.077519 18220.770635 11.909920 7642.345224 1.000000
11.906474 11.906474 11.906474 11.906474 11.906474 11.906474 11.906474 11.906474 11.906474 11.906474 6.075830 6.075830 29428604.204875 11.906474 11.906474 3085812.808273 6.075830 18215.423778 11.906474 9550.128177 1.000000
11.906474 11.906474 11.906474 11.906474 11.906474 11.906474 11.906474 11.906474 11.906474 11.906474 6.075830 6.075830 29428604.204875 11.906474 11.906474 3085812.808273 6.075830 18215.423778 11.906474 9550.128177 1.000000
11.909307 11.909307 11.909307 11.909307 11.909307 11.909307 11.909307 11.909307 11.909307 11.909307 6.077218 6.077218 23548564.334287 11.909307 18.531055 3086557.424424 6.077218 18219.819216 11.909307 7641.946169 1.000000
11.843873 11.843873 11.843873 11.843873 11.843873 11.843873 11.843873 11.843873 3112.698440 11.843873 7.483282 7.483282 18733870.359230 14.767020 11.843873 168739.703144 6.045143 18118.287718 11.843873 171.128232 1.000000
11.839727 11.839727 11.839727 11.839727 11.839727 11.839727 11.839727 11.839727 11.839727 11.839727 7.480718 6.043110 14981774.202977 18.421885 18.421885 2454613.885416 6.043110 22639.817116 11.839727 7596.662156 1.000000
11.909752 11.909752 11.909752 11.909752 11.909752 11.909752 11.909752 11.909752 11.909752 11.909752 6.077437 6.077437 29436821.147347 11.909752 11.909752 2469339.533712 7.524024 18220.509819 11.909752 9552.794728 1.000000
11.842314 11.842314 11.842314 11.842314 11.842314 11.842314 11.842314 11.842314 3112.282884 11.842314 7.482318 6.044379 18731369.323123 11.842314 14.765066 134973.740653 6.044379 18115.868864 14.765066 171.105388 1.000000
11.838853 11.838853 11.838853 11.838853 11.838853 11.838853 11.838853 11.838853 3889.200179 11.838853 6.042682 7.480178 23407270.590357 11.838853 11.838853 134933.728146 6.042682 18110.498477 11.838853 171.054668 1.000000
11.906474 11.906474 11.906474 11.906474 11.906474 11.906474 11.906474 11.906474 11.906474 11.906474 6.075830 6.075830 29428604.204875 11.906474 11.906474 3085812.808273 6.075830 18215.423778 11.906474 9550.128177 1.000000
11.840571 11.840571 11.840571 11.840571 11.840571 11.840571 11.840571 11.840571 3111.818205 11.840571 7.481240 6.043524 29263394.747412 11.840571 14.762882 134953.588416 6.043524 18113.164077 11.840571 136.866504 1.000000
11.909752 11.909752 11.909752 11.909752 11.909752 11.909752 11.909752 11.909752 11.909752 11.909752 6.077437 7.524024 29436821.148272 11.909752 11.909752 1975471.627032 6.077437 22775.637249 11.909752 9552.794728 1.000000
11.842166 11.842166 11.842166 11.842166 11.842166 11.842166 11.842166 11.842166 11872.265777 11.842166 6.044306 7.482227 527234.509062 11.842166 11.842166 134972.034327 7.482227 14492.511901 11.842166 2489.794976 1.000000
11.906474 11.906474 11.906474 11.906474 11.906474 11.906474 11.906474 11.906474 11.906474 11.906474 6.075830 6.075830 29428604.204875 11.906474 11.906474 3085812.808273 6.075830 18215.423778 11.906474 9550.128177 1.000000
11.906474 11.906474 11.906474 11.906474 11.906474 11.906474 11.906474 11.906474 11.906474 11.906474 6.075830 6.075830 29428604.204875 11.906474 11.906474 3085812.808273 6.075830 18215.423778 11.906474 9550.128177 1.000000
11.835319 11.835319 11.835319 11.835319 11.835319 11.835319 11.835319 11.835319 11.835319 11.835319 6.040950 6.040950 18720145.395261 18.414969 14.756300 3833885.776950 6.040950 18105.013747 11.835319 7593.793267 1.000000
11.838867 11.838867 11.838867 11.838867 11.838867 11.838867 11.838867 11.838867 267.267835 11.838867 7.480186 6.042689 29259122.129735 11.838867 11.838867 134933.884445 6.042689 18110.519455 11.838867 1991.273169 1.000000
11.906474 11.906474 11.906474 11.906474 11.906474 11.906474 11.906474 11.906474 11.906474 11.906474 6.075830 6.075830 29428604.204875 11.906474 11.906474 3085812.808273 6.075830 18215.423778 11.906474 9550.128177 1.000000
11.837293 11.837293 11.837293 11.837293 11.837293 11.837293 11.837293 11.837293 11.837293 171.031796 6.041917 6.041917 23404140.623630 14.758773 11.837293 168644.606392 6.041917 18108.076782 11.837293 3110.944215 1.000000
11.906474 11.906474 11.906474 11.906474 11.906474 11.906474 11.906474 11.906474 11.906474 339288.706602 6.075830 6.075830 3159872.317678 11.906474 11.906474 212055.441629 6.075830 18215.423789 11.906474 11.906474 1.000000
11.906474 11.906474 11.906474 11.906474 11.906474 11.906474 11.906474 11.906474 11.906474 11.906474 6.075830 6.075830 29428604.204875 11.906474 11.906474 3085812.808273 6.075830 18215.423778 11.906474 9550.128177 1.000000
11.835580 11.835580 11.835580 11.835580 11.835580 11.835580 11.835580 11.835580 7593.963145 11.835580 6.041078 6.041078 6134354.470076 11.835580 11.835580 168619.851725 6.041078 11587.468064 11.835580 417.484927 1.000000
11.838870 11.838870 11.838870 11.838870 11.838870 11.838870 11.838870 11.838870 11.838870 334.083200 6.042690 7.480188 29259130.057272 11.838870 11.838870 210834.251562 6.042690 18110.524361 11.838870 1274.415637 1.000000
11.906474 11.906474 11.906474 11.906474 11.906474 11.906474 11.906474 11.906474 11.906474 11.906474 6.075830 6.075830 29428604.205801 11.906474 11.906474 2468650.246697 6.075830 22769.279698 11.906474 9550.128178 1.000000
11.906474 11.906474 11.906474 11.906474 11.906474 11.906474 11.906474 11.906474 11.906474 11.906474 6.075830 6.075830 36785755.242933 11.906474 11.906474 3085812.807169 6.075830 18215.423771 11.906474 7640.102586 1.000000
11.909307 11.909307 11.909307 11.909307 11.909307 11.909307 11.909307 11.909307 11.909307 11.909307 6.077218 6.077218 23548564.334287 18.531055 11.909307 3086557.424424 6.077218 18219.819216 11.909307 7641.946169 1.000000
11.906474 11.906474 11.906474 11.906474 11.906474 11.906474 11.906474 11.906474 11.906474 339288.706602 6.075830 6.075830 3159872.317678 11.906474 11.906474 212055.441629 6.075830 18215.423789 11.906474 11.906474 1.000000
11.909752 11.909752 11.909752 11.909752 11.909752 11.909752 11.909752 11.909752 11.909752 271506.753200 7.524024 6.077437 3160754.605156 11.909752 11.909752 265143.313672 6.077437 18220.509830 11.909752 11.909752 1.000000
11.849553 11.849553 11.849553 11.849553 11.849553 11.849553 11.849553 11.849553 29003.362260 11.849553 6.047927 7.486794 45317.753500 11.849553 11.849553 135057.429910 28.085936 3801.528957 14.774138 9503.821839 1.000000
11.839702 11.839702 11.839702 11.839702 11.839702 11.839702 11.839702 11.839702 11.839702 11.839702 6.043098 6.043098 29261216.164001 11.839702 11.839702 3068260.900039 28.062312 4747.903985 11.839702 9495.807653 1.000000
11.840584 11.840584 11.840584 11.840584 11.840584 11.840584 11.840584 11.840584 3111.821669 11.840584 6.043531 7.481248 23410741.857519 14.762898 11.840584 134953.738639 6.043531 18113.184239 11.840584 171.080033 1.000000
11.906474 11.906474 11.906474 11.906474 11.906474 11.906474 11.906474 11.906474 11.906474 11.906474 6.075830 6.075830 29428604.204875 11.906474 11.906474 3085812.808273 6.075830 18215.423778 11.906474 9550.128177 1.000000
11.906474 11.906474 11.906474 11.906474 11.906474 11.906474 11.906474 11.906474 11.906474 11.906474 6.075830 6.075830 29428604.204875 11.906474 11.906474 3085812.808273 6.075830 18215.423778 11.906474 9550.128177 1.000000
11.906474 11.906474 11.906474 11.906474 11.906474 11.906474 11.906474 11.906474 11.906474 11.906474 6.075830 6.075830 29428604.204875 11.906474 11.906474 3085812.808273 6.075830 18215.423778 11.906474 9550.128177 1.000000
11.906474 11.906474 11.906474 11.906474 11.906474 11.906474 11.906474 11.906474 11.906474 11.906474 6.075830 6.075830 29428604.204875 11.906474 11.906474 3085812.808273 6.075830 18215.423778 11.906474 9550.128177 1.000000
11.906474 11.906474 11.906474 11.906474 11.906474 11.906474 11.906474 11.906474 11.906474 11.906474 6.075830 6.075830 29428604.204875 11.906474 11.906474 3085812.808273 6.075830 18215.423778 11.906474 9550.128177 1.000000
11.906474 11.906474 11.906474 11.906474 11.906474 11.906474 11.906474 11.906474 11.906474 11.906474 6.075830 6.075830 29428604.204875 11.906474 11.906474 3085812.808273 6.075830 18215.423778 11.906474 9550.128177 1.000000
11.906474 11.906474 11.906474 11.906474 11.906474 11.906474 11.906474 11.906474 11.906474 11.906474 6.075830 6.075830 29428604.205801 11.906474 11.906474 2468650.246697 6.075830 22769.279698 11.906474 9550.128178 1.000000
11.906474 11.906474 11.906474 11.906474 11.906474 11.906474 11.906474 11.906474 11.906474 11.906474 6.075830 6.075830 29428604.204875 11.906474 11.906474 3085812.808273 6.075830 18215.423778 11.906474 9550.128177 1.000000
11.837910 11.837910 11.837910 11.837910 11.837910 11.837910 11.837910 11.837910 11.837910 11.837910 7.479595 6.042220 23633394093.965542 11.837910 11.837910 804202.728068 18109.035587 22.462419 11.837910 11.837910 1.000000
11.835547 11.835547 11.835547 11.835547 11.835547 11.835547 11.835547 11.835547 11.835547 3110.478957 6.041062 6.041062 29250800.512982 11.835547 11.835547 263467.788585 6.041062 18105.368623 11.835547 136.807607 1.000000
11.906474 11.906474 11.906474 11.906474 11.906474 11.906474 11.906474 11.906474 11.906474 11.906474 6.075830 6.075830 29428604.204875 11.906474 11.906474 3085812.808273 6.075830 18215.423778 11.906474 9550.128177 1.000000
11.906474 11.906474 11.906474 11.906474 11.906474 11.906474 11.906474 11.906474 11.906474 11.906474 6.075830 6.075830 29428604.204875 11.906474 11.906474 3085812.808273 6.075830 18215.423778 11.906474 9550.128177 1.000000
11.910335 11.910335 11.910335 11.910335 11.910335 11.910335 11.910335 11.910335 11.910335 11.910335 6.077722 6.077722 19024044100.579510 11.910335 11.910335 1264364.600578 18221.414276 22.601264 11.910335 11.910335 1.000000
11.906474 11.906474 11.906474 11.906474 11.906474 11.906474 11.906474 11.906474 11.906474 11.906474 6.075830 6.075830 29428604.204875 11.906474 11.906474 3085812.808273 6.075830 18215.423778 11.906474 9550.128177 1.000000
11.906474 11.906474 11.906474 11.906474 11.906474 11.906474 11.906474 11.906474 11.906474 11.906474 6.075830 6.075830 29428604.204875 11.906474 11.906474 3085812.808273 6.075830 18215.423778 11.906474 9550.128177 1.000000
11.906474 11.906474 11.906474 11.906474 11.906474 11.906474 11.906474 11.906474 11.906474 11.906474 6.075830 6.075830 29428604.204875 11.906474 11.906474 3085812.808273 6.075830 18215.423778 11.906474 9550.128177 1.000000
11.906474 11.906474 11.906474 11.906474 11.906474 11.906474 11.906474 11.906474 11.906474 11.906474 6.075830 6.075830 36785755.242933 11.906474 11.906474 3085812.807169 6.075830 18215.423771 11.906474 7640.102586 1.000000
11.906474 11.906474 11.906474 11.906474 11.906474 11.906474 11.906474 11.906474 11.906474 11.906474 6.075830 6.075830 29428604.204875 11.906474 11.906474 3085812.808273 6.075830 18215.423778 11.906474 9550.128177 1.000000
11.909307 11.909307 11.909307 11.909307 11.909307 11.909307 11.909307 11.909307 11.909307 11.909307 6.077218 6.077218 29435705.401420 18.531055 11.909307 3086557.422700 6.077218 18219.819205 11.909307 6113.556991 1.000000
11.839702 11.839702 11.839702 11.839702 11.839702 11.839702 11.839702 11.839702 11.839702 11.839702 6.043098 6.043098 29261216.164001 11.839702 11.839702 3068260.900039 28.062312 4747.903985 11.839702 9495.807653 1.000000
11.906474 11.906474 11.906474 11.906474 11.906474 11.906474 11.906474 11.906474 11.906474 11.906474 6.075830 6.075830 29428604.204875 11.906474 11.906474 3085812.808273 6.075830 18215.423778 11.906474 9550.128177 1.000000
11.906474 11.906474 11.906474 11.906474 11.906474 11.906474 11.906474 11.906474 11.906474 11.906474 6.075830 6.075830 29428604.204875 11.906474 11.906474 3085812.808273 6.075830 18215.423778 11.906474 9550.128177 1.000000
11.906474 11.906474 11.906474 11.906474 11.906474 11.906474 11.906474 11.906474 11.906474 11.906474 6.075830 6.075830 29428604.204875 11.906474 11.906474 3085812.808273 6.075830 18215.423778 11.906474 9550.128177 1.000000
11.906474 11.906474 11.906474 11.906474 11.906474 11.906474 11.906474 11.906474 11.906474 11.906474 6.075830 6.075830 29428604.204875 11.906474 11.906474 3085812.808273 6.075830 18215.423778 11.906474 9550.128177 1.000000
11.906474 11.906474 11.906474 11.906474 11.906474 11.906474 11.906474 11.906474 11.906474 11.906474 6.075830 6.075830 29428604.204875 11.906474 11.906474 3085812.808273 6.075830 18215.423778 11.906474 9550.128177 1.000000
11.906474 11.906474 11.906474 11.906474 11.906474 11.906474 11.906474 11.906474 11.906474 11.906474 6.075830 6.075830 36785755.242933 11.906474 11.906474 3085812.807169 6.075830 18215.423771 11.906474 7640.102586 1.000000
11.906474 11.906474 11.906474 11.906474 11.906474 11.906474 11.906474 11.906474 11.906474 11.906474 6.075830 6.075830 29428604.204875 11.906474 11.906474 3085812.808273 6.075830 18215.423778 11.906474 9550.128177 1.000000
11.906474 11.906474 11.906474 11.906474 11.906474 11.906474 11.906474 11.906474 11.906474 11.906474 6.075830 6.075830 29428604.204875 11.906474 11.906474 3085812.808273 6.075830 18215.423778 11.906474 9550.128177 1.000000
11.909752 11.909752 11.909752 11.909752 11.909752 11.909752 11.909752 11.909752 11.909752 11.909752 7.524024 6.077437 29436821.147347 11.909752 11.909752 2469339.533712 6.077437 18220.509819 11.909752 9552.794728 1.000000
11.906474 11.906474 11.906474 11.906474 11.906474 11.906474 11.906474 11.906474 11.906474 11.906474 6.075830 6.075830 29428604.204875 11.906474 11.906474 3085812.808273 6.075830 18215.423778 11.906474 9550.128177 1.000000
11.835583 11.835583 11.835583 11.835583 11.835583 11.835583 11.835583 11.835583 36210.849528 11.835583 6.041080 6.041080 28968.679635 11.835583 11.835583 168619.907937 6.041080 18105.424806 11.835583 14831.964023 1.000000
11.906474 11.906474 11.906474 11.906474 11.906474 11.906474 11.906474 11.906474 11.906474 11.906474 6.075830 6.075830 29428604.204875 11.906474 11.906474 3085812.808273 6.075830 18215.423778 11.906474 9550.128177 1.000000
11.906474 11.906474 11.906474 11.906474 11.906474 11.906474 11.906474 11.906474 11.906474 11.906474 6.075830 6.075830 29428604.204875 11.906474 11.906474 3085812.808273 6.075830 18215.423778 11.906474 9550.128177 1.000000
11.906474 11.906474 11.906474 11.906474 11.906474 11.906474 11.906474 11.906474 11.906474 11.906474 6.075830 6.075830 29428604.205801 11.906474 11.906474 2468650.246697 6.075830 22769.279698 11.906474 9550.128178 1.000000
11.906474 11.906474 11.906474 11.906474 11.906474 11.906474 11.906474 11.906474 11.906474 11.906474 6.075830 6.075830 29428604.204875 11.906474 11.906474 3085812.808273 6.075830 18215.423778 11.906474 9550.128177 1.000000
11.906474 11.906474 11.906474 11.906474 11.906474 11.906474 11.906474 11.906474 11.906474 11.906474 6.075830 6.075830 29428604.205801 11.906474 11.906474 2468650.246697 6.075830 22769.279698 11.906474 9550.128178 1.000000
11.906474 11.906474 11.906474 11.906474 11.906474 11.906474 11.906474 11.906474 11.906474 11.906474 6.075830 6.075830 29428604.204875 11.906474 11.906474 3085812.808273 6.075830 18215.423778 11.906474 9550.128177 1.000000
11.906474 11.906474 11.906474 11.906474 11.906474 11.906474 11.906474 11.906474 11.906474 11.906474 6.075830 6.075830 29428604.204875 11.906474 11.906474 3085812.808273 6.075830 18215.423778 11.906474 9550.128177 1.000000
11.906474 11.906474 11.906474 11.906474 11.906474 11.906474 11.906474 11.906474 11.906474 11.906474 6.075830 6.075830 29428604.204875 11.906474 11.906474 3085812.808273 6.075830 18215.423778 11.906474 9550.128177 1.000000
11.906474 11.906474 11.906474 11.906474 11.906474 11.906474 11.906474 11.906474 11.906474 11.906474 6.075830 6.075830 29428604.204875 11.906474 11.906474 3085812.808273 6.075830 18215.423778 11.906474 9550.128177 1.000000
11.906474 11.906474 11.906474 11.906474 11.906474 11.906474 11.906474 11.906474 11.906474 11.906474 6.075830 6.075830 29428604.204875 11.906474 11.906474 3085812.808273 6.075830 18215.423778 11.906474 9550.128177 1.000000
11.906474 11.906474 11.906474 11.906474 11.906474 11.906474 11.906474 11.906474 11.906474 11.906474 6.075830 6.075830 29428604.204875 11.906474 11.906474 3085812.808273 6.075830 18215.423778 11.906474 9550.128177 1.000000
11.906474 11.906474 11.906474 11.906474 11.906474 11.906474 11.906474 11.906474 11.906474 11.906474 6.075830 6.075830 29428604.204875 11.906474 11.906474 3085812.808273 6.075830 18215.423778 11.906474 9550.128177 1.000000
11.892277 11.892277 11.892277 11.892277 11.892277 11.892277 11.892277 11.892277 11.892277 11.892277 6.068870 6.068870 23743489392.397438 11.892277 11.892277 9497395756.958973 6.068870 6.068870 11.892277 11.892277 1.000000
11.906474 11.906474 11.906474 11.906474 11.906474 11.906474 11.906474 11.906474 11.906474 11.906474 6.075830 6.075830 29428604.204875 11.906474 11.906474 3085812.808273 6.075830 18215.423778 11.906474 9550.128177 1.000000
11.906474 11.906474 11.906474 11.906474 11.906474 11.906474 11.906474 11.906474 11.906474 11.906474 6.075830 6.075830 29428604.204875 11.906474 11.906474 3085812.808273 6.075830 18215.423778 11.906474 9550.128177 1.000000
11.906474 11.906474 11.906474 11.906474 11.906474 11.906474 11.906474 11.906474 11.906474 11.906474 6.075830 6.075830 29428604.204875 11.906474 11.906474 3085812.808273 6.075830 18215.423778 11.906474 9550.128177 1.000000
11.842143 11.842143 11.842143 11.842143 11.842143 11.842143 11.842143 11.842143 3112.237395 11.842143 7.482212 6.044295 23413869.428561 11.842143 11.842143 168714.709820 7.482212 18115.604080 11.842143 171.102887 1.000000
11.906474 11.906474 11.906474 11.906474 11.906474 11.906474 11.906474 11.906474 11.906474 11.906474 6.075830 6.075830 29428604.204875 11.906474 11.906474 3085812.808273 6.075830 18215.423778 11.906474 9550.128177 1.000000
11.835582 11.835582 11.835582 11.835582 11.835582 11.835582 11.835582 11.835582 9492.455741 11.835582 6.041079 6.041079 3140790.106820 11.835582 11.835582 134895.907931 6.041079 14484.337891 11.835582 652.318117 1.000000
11.906474 11.906474 11.906474 11.906474 11.906474 11.906474 11.906474 11.906474 11.906474 11.906474 6.075830 6.075830 29428604.204875 11.906474 11.906474 3085812.808273 6.075830 18215.423778 11.906474 9550.128177 1.000000
11.901650 11.901650 11.901650 11.901650 11.901650 11.901650 11.901650 11.901650 11.901650 11.901650 6.073465 6.073465 23762469261.530605 11.901650 11.901650 11766604.852455 6.073465 4773.102195 11.901650 11.901650 1.000000
11.906474 11.906474 11.906474 11.906474 11.906474 11.906474 11.906474 11.906474 11.906474 11.906474 6.075830 6.075830 29428604.204875 11.906474 11.906474 3085812.808273 6.075830 18215.423778 11.906474 9550.128177 1.000000
11.906474 11.906474 11.906474 11.906474 11.906474 11.906474 11.906474 11.906474 11.906474 11.906474 6.075830 6.075830 29428604.204875 11.906474 11.906474 3085812.808273 6.075830 18215.423778 11.906474 9550.128177 1.000000
11.906474 11.906474 11.906474 11.906474 11.906474 11.906474 11.906474 11.906474 11.906474 11.906474 6.075830 6.075830 29428604.204875 11.906474 11.906474 3085812.808273 6.075830 18215.423778 11.906474 9550.128177 1.000000
11.906474 11.906474 11.906474 11.906474 11.906474 11.906474 11.906474 11.906474 11.906474 11.906474 6.075830 6.075830 29428604.204875 11.906474 11.906474 3085812.808273 6.075830 18215.423778 11.906474 9550.128177 1.000000
11.906474 11.906474 11.906474 11.906474 11.906474 11.906474 11.906474 11.906474 11.906474 11.906474 6.075830 6.075830 29428604.204875 11.906474 11.906474 3085812.808273 6.075830 18215.423778 11.906474 9550.128177 1.000000
11.906474 11.906474 11.906474 11.906474 11.906474 11.906474 11.906474 11.906474 11.906474 11.906474 6.075830 6.075830 29428604.204875 11.906474 11.906474 3085812.808273 6.075830 18215.423778 11.906474 9550.128177 1.000000
11.906474 11.906474 11.906474 11.906474 11.906474 11.906474 11.906474 11.906474 11.906474 11.906474 6.075830 6.075830 29428604.204875 11.906474 11.906474 3085812.808273 6.075830 18215.423778 11.906474 9550.128177 1.000000
11.906474 11.906474 11.906474 11.906474 11.906474 11.906474 11.906474 11.906474 11.906474 11.906474 6.075830 6.075830 29428604.204875 11.906474 11.906474 3085812.808273 6.075830 18215.423778 11.906474 9550.128177 1.000000
11.906474 11.906474 11.906474 11.906474 11.906474 11.906474 11.906474 11.906474 11.906474 11.906474 6.075830 6.075830 29428604.204875 11.906474 11.906474 3085812.808273 6.075830 18215.423778 11.906474 9550.128177 1.000000
11.835560 11.835560 11.835560 11.835560 11.835560 11.835560 11.835560 11.835560 11.835560 2488.386076 6.041068 6.041068 29250833.029980 11.835560 11.835560 263468.081472 6.041068 18105.388750 11.835560 171.006409 1.000000
11.906474 11.906474 11.906474 11.906474 11.906474 11.906474 11.906474 11.906474 11.906474 11.906474 6.075830 6.075830 29428604.204875 11.906474 11.906474 3085812.808273 6.075830 18215.423778 11.906474 9550.128177 1.000000
11.908197 11.908197 11.908197 11.908197 11.908197 11.908197 11.908197 11.908197 11.908197 11.908197 6.076674 6.076674 29432924.294819 11.908197 11.908197 3086265.802537 6.076674 18218.097784 14.847628 7641.224149 1.000000
11.906474 11.906474 11.906474 11.906474 11.906474 11.906474 11.906474 11.906474 11.906474 11.906474 6.075830 6.075830 29428604.204875 11.906474 11.906474 3085812.808273 6.075830 18215.423778 11.906474 9550.128177 1.000000
11.906474 11.906474 11.906474 11.906474 11.906474 11.906474 11.906474 11.906474 11.906474 11.906474 6.075830 6.075830 29428604.204875 11.906474 11.906474 3085812.808273 6.075830 18215.423778 11.906474 9550.128177 1.000000
11.906474 11.906474 11.906474 11.906474 11.906474 11.906474 11.906474 11.906474 11.906474 11.906474 6.075830 6.075830 29428604.205801 11.906474 11.906474 2468650.246697 6.075830 22769.279698 11.906474 9550.128178 1.000000
11.906474 11.906474 11.906474 11.906474 11.906474 11.906474 11.906474 11.906474 11.906474 11.906474 6.075830 6.075830 29428604.204875 11.906474 11.906474 3085812.808273 6.075830 18215.423778 11.906474 9550.128177 1.000000
11.838853 11.838853 11.838853 11.838853 11.838853 11.838853 11.838853 11.838853 3889.200179 11.838853 7.480178 6.042682 23407270.590357 11.838853 11.838853 134933.728146 6.042682 18110.498477 11.838853 171.054668 1.000000
11.906474 11.906474 11.906474 11.906474 11.906474 11.906474 11.906474 11.906474 11.906474 11.906474 6.075830 6.075830 29428604.204875 11.906474 11.906474 3085812.808273 6.075830 18215.423778 11.906474 9550.128177 1.000000
11.906474 11.906474 11.906474 11.906474 11.906474 11.906474 11.906474 11.906474 11.906474 11.906474 6.075830 6.075830 29428604.204875 11.906474 11.906474 3085812.808273 6.075830 18215.423778 11.906474 9550.128177 1.000000
11.838853 11.838853 11.838853 11.838853 11.838853 11.838853 11.838853 11.838853 3889.200179 11.838853 7.480178 6.042682 23407270.590357 11.838853 11.838853 134933.728146 6.042682 18110.498477 11.838853 171.054668 1.000000
11.906474 11.906474 11.906474 11.906474 11.906474 11.906474 11.906474 11.906474 11.906474 11.906474 6.075830 6.075830 29428604.204875 11.906474 11.906474 3085812.808273 6.075830 18215.423778 11.906474 9550.128177 1.000000
11.908197 11.908197 11.908197 11.908197 11.908197 11.908197 11.908197 11.908197 11.908197 11.908197 6.076674 6.076674 23546339.444274 11.908197 14.847628 3086265.803640 6.076674 18218.097790 11.908197 9551.530130 1.000000
11.906474 11.906474 11.906474 11.906474 11.906474 11.906474 11.906474 11.906474 11.906474 11.906474 6.075830 6.075830 29428604.204875 11.906474 11.906474 3085812.808273 6.075830 18215.423778 11.906474 9550.128177 1.000000
11.906474 11.906474 11.906474 11.906474 11.906474 11.906474 11.906474 11.906474 11.906474 11.906474 6.075830 6.075830 29428604.204875 11.906474 11.906474 3085812.808273 6.075830 18215.423778 11.906474 9550.128177 1.000000
11.906474 11.906474 11.906474 11.906474 11.906474 11.906474 11.906474 11.906474 11.906474 11.906474 6.075830 6.075830 29428604.204875 11.906474 11.906474 3085812.808273 6.075830 18215.423778 11.906474 9550.128177 1.000000
11.906474 11.906474 11.906474 11.906474 11.906474 11.906474 11.906474 11.906474 11.906474 11.906474 6.075830 6.075830 29428604.204875 11.906474 11.906474 3085812.808273 6.075830 18215.423778 11.906474 9550.128177 1.000000
11.906474 11.906474 11.906474 11.906474 11.906474 11.906474 11.906474 11.906474 11.906474 11.906474 6.075830 6.075830 29428604.204875 11.906474 11.906474 3085812.808273 6.075830 18215.423778 11.906474 9550.128177 1.000000
11.906474 11.906474 11.906474 11.906474 11.906474 11.906474 11.906474 11.906474 11.906474 11.906474 6.075830 6.075830 29428604.204875 11.906474 11.906474 3085812.808273 6.075830 18215.423778 11.906474 9550.128177 1.000000
11.906474 11.906474 11.906474 11.906474 11.906474 11.906474 11.906474 11.906474 11.906474 11.906474 6.075830 6.075830 29428604.204875 11.906474 11.906474 3085812.808273 6.075830 18215.423778 11.906474 9550.128177 1.000000
11.906474 11.906474 11.906474 11.906474 11.906474 11.906474 11.906474 11.906474 11.906474 11.906474 6.075830 6.075830 29428604.204875 11.906474 11.906474 3085812.808273 6.075830 18215.423778 11.906474 9550.128177 1.000000
11.906474 11.906474 11.906474 11.906474 11.906474 11.906474 11.906474 11.906474 11.906474 11.906474 6.075830 6.075830 29428604.204875 11.906474 11.906474 3085812.808273 6.075830 18215.423778 11.906474 9550.128177 1.000000
11.906474 11.906474 11.906474 11.906474 11.906474 11.906474 11.906474 11.906474 11.906474 11.906474 6.075830 6.075830 29428604.204875 11.906474 11.906474 3085812.808273 6.075830 18215.423778 11.906474 9550.128177 1.000000
11.906474 11.906474 11.906474 11.906474 11.906474 11.906474 11.906474 11.906474 11.906474 11.906474 6.075830 6.075830 29428604.204875 11.906474 11.906474 3085812.808273 6.075830 18215.423778 11.906474 9550.128177 1.000000
11.906474 11.906474 11.906474 11.906474 11.906474 11.906474 11.906474 11.906474 11.906474 11.906474 6.075830 6.075830 29428604.204875 11.906474 11.906474 3085812.808273 6.075830 18215.423778 11.906474 9550.128177 1.000000
11.906474 11.906474 11.906474 11.906474 11.906474 11.906474 11.906474 11.906474 11.906474 11.906474 6.075830 6.075830 29428604.204875 11.906474 11.906474 3085812.808273 6.075830 18215.423778 11.906474 9550.128177 1.000000
11.906474 11.906474 11.906474 11.906474 11.906474 11.906474 11.906474 11.906474 11.906474 11.906474 6.075830 6.075830 29428604.204875 11.906474 11.906474 3085812.808273 6.075830 18215.423778 11.906474 9550.128177 1.000000
11.906474 11.906474 11.906474 11.906474 11.906474 11.906474 11.906474 11.906474 11.906474 11.906474 6.075830 6.075830 29428604.204875 11.906474 11.906474 3085812.808273 6.075830 18215.423778 11.906474 9550.128177 1.000000
11.906474 11.906474 11.906474 11.906474 11.906474 11.906474 11.906474 11.906474 11.906474 11.906474 6.075830 6.075830 29428604.204875 11.906474 11.906474 3085812.808273 6.075830 18215.423778 11.906474 9550.128177 1.000000
11.906474 11.906474 11.906474 11.906474 11.906474 11.906474 11.906474 11.906474 11.906474 11.906474 6.075830 6.075830 29428604.204875 11.906474 11.906474 3085812.808273 6.075830 18215.423778 11.906474 9550.128177 1.000000
11.906474 11.906474 11.906474 11.906474 11.906474 11.906474 11.906474 11.906474 11.906474 11.906474 6.075830 6.075830 29428604.204875 11.906474 11.906474 3085812.808273 6.075830 18215.423778 11.906474 9550.128177 1.000000
11.906474 11.906474 11.906474 11.906474 11.906474 11.906474 11.906474 11.906474 11.906474 11.906474 6.075830 6.075830 29428604.204875 11.906474 11.906474 3085812.808273 6.075830 18215.423778 11.906474 9550.128177 1.000000
11.906474 11.906474 11.906474 11.906474 11.906474 11.906474 11.906474 11.906474 11.906474 11.906474 6.075830 6.075830 29428604.204875 11.906474 11.906474 3085812.808273 6.075830 18215.423778 11.906474 9550.128177 1.000000
11.906474 11.906474 11.906474 11.906474 11.906474 11.906474 11.906474 11.906474 11.906474 11.906474 6.075830 6.075830 29428604.204875 11.906474 11.906474 3085812.808273 6.075830 18215.423778 11.906474 9550.128177 1.000000
11.906474 11.906474 11.906474 11.906474 11.906474 11.906474 11.906474 11.906474 11.906474 11.906474 6.075830 6.075830 29428604.204875 11.906474 11.906474 3085812.808273 6.075830 18215.423778 11.906474 9550.128177 1.000000
11.906474 11.906474 11.906474 11.906474 11.906474 11.906474 11.906474 11.906474 11.906474 11.906474 6.075830 6.075830 29428604.204875 11.906474 11.906474 3085812.808273 6.075830 18215.423778 11.906474 9550.128177 1.000000
11.906474 11.906474 11.906474 11.906474 11.906474 11.906474 11.906474 11.906474 11.906474 11.906474 6.075830 6.075830 29428604.204875 11.906474 11.906474 3085812.808273 6.075830 18215.423778 11.906474 9550.128177 1.000000
11.906474 11.906474 11.906474 11.906474 11.906474 11.906474 11.906474 11.906474 11.906474 11.906474 6.075830 6.075830 29428604.204875 11.906474 11.906474 3085812.808273 6.075830 18215.423778 11.906474 9550.128177 1.000000
11.906474 11.906474 11.906474 11.906474 11.906474 11.906474 11.906474 11.906474 11.906474 11.906474 6.075830 6.075830 29428604.204875 11.906474 11.906474 3085812.808273 6.075830 18215.423778 11.906474 9550.128177 1.000000
11.906474 11.906474 11.906474 11.906474 11.906474 11.906474 11.906474 11.906474 11.906474 11.906474 6.075830 6.075830 29428604.204875 11.906474 11.906474 3085812.808273 6.075830 18215.423778 11.906474 9550.128177 1.000000
11.906474 11.906474 11.906474 11.906474 11.906474 11.906474 11.906474 11.906474 11.906474 11.906474 6.075830 6.075830 29428604.204875 11.906474 11.906474 3085812.808273 6.075830 18215.423778 11.906474 9550.128177 1.000000
11.906474 11.906474 11.906474 11.906474 11.906474 11.906474 11.906474 11.906474 11.906474 11.906474 6.075830 6.075830 29428604.204875 11.906474 11.906474 3085812.808273 6.075830 18215.423778 11.906474 9550.128177 1.000000
11.906474 11.906474 11.906474 11.906474 11.906474 11.906474 11.906474 11.906474 11.906474 11.906474 6.075830 6.075830 29428604.204875 11.906474 11.906474 3085812.808273 6.075830 18215.423778 11.906474 9550.128177 1.000000
11.906474 11.906474 11.906474 11.906474 11.906474 11.906474 11.906474 11.906474 11.906474 11.906474 6.075830 6.075830 29428604.204875 11.906474 11.906474 3085812.808273 6.075830 18215.423778 11.906474 9550.128177 1.000000
11.906474 11.906474 11.906474 11.906474 11.906474 11.906474 11.906474 11.906474 11.906474 11.906474 6.075830 6.075830 29428604.204875 11.906474 11.906474 3085812.808273 6.075830 18215.423778 11.906474 9550.128177 1.000000
11.906474 11.906474 11.906474 11.906474 11.906474 11.906474 11.906474 11.906474 11.906474 11.906474 6.075830 6.075830 29428604.204875 11.906474 11.906474 3085812.808273 6.075830 18215.423778 11.906474 9550.128177 1.000000
11.906474 11.906474 11.906474 11.906474 11.906474 11.906474 11.906474 11.906474 11.906474 11.906474 6.075830 6.075830 29428604.204875 11.906474 11.906474 3085812.808273 6.075830 18215.423778 11.906474 9550.128177 1.000000
11.906474 11.906474 11.906474 11.906474 11.906474 11.906474 11.906474 11.906474 11.906474 11.906474 6.075830 6.075830 29428604.204875 11.906474 11.906474 3085812.808273 6.075830 18215.423778 11.906474 9550.128177 1.000000
11.906474 11.906474 11.906474 11.906474 11.906474 11.906474 11.906474 11.906474 11.906474 11.906474 6.075830 6.075830 29428604.204875 11.906474 11.906474 3085812.808273 6.075830 18215.423778 11.906474 9550.128177 1.000000
11.906474 11.906474 11.906474 11.906474 11.906474 11.906474 11.906474 11.906474 11.906474 11.906474 6.075830 6.075830 29428604.204875 11.906474 11.906474 3085812.808273 6.075830 18215.423778 11.906474 9550.128177 1.000000
11.906474 11.906474 11.906474 11.906474 11.906474 11.906474 11.906474 11.906474 11.906474 11.906474 6.075830 6.075830 29428604.204875 11.906474 11.906474 3085812.808273 6.075830 18215.423778 11.906474 9550.128177 1.000000
11.906474 11.906474 11.906474 11.906474 11.906474 11.906474 11.906474 11.906474 11.906474 11.906474 6.075830 6.075830 29428604.204875 11.906474 11.906474 3085812.808273 6.075830 18215.423778 11.906474 9550.128177 1.000000
11.906474 11.906474 11.906474 11.906474 11.906474 11.906474 11.906474 11.906474 11.906474 11.906474 6.075830 6.075830 29428604.204875 11.906474 11.906474 3085812.808273 6.075830 18215.423778 11.906474 9550.128177 1.000000
11.906474 11.906474 11.906474 11.906474 11.906474 11.906474 11.906474 11.906474 11.906474 11.906474 6.075830 6.075830 29428604.204875 11.906474 11.906474 3085812.808273 6.075830 18215.423778 11.906474 9550.128177 1.000000
11.906474 11.906474 11.906474 11.906474 11.906474 11.906474 11.906474 11.906474 11.906474 11.906474 6.075830 6.075830 29428604.204875 11.906474 11.906474 3085812.808273 6.075830 18215.423778 11.906474 9550.128177 1.000000
11.906474 11.906474 11.906474 11.906474 11.906474 11.906474 11.906474 11.906474 11.906474 11.906474 6.075830 6.075830 29428604.204875 11.906474 11.906474 3085812.808273 6.075830 18215.423778 11.906474 9550.128177 1.000000
11.906474 11.906474 11.906474 11.906474 11.906474 11.906474 11.906474 11.906474 11.906474 11.906474 6.075830 6.075830 29428604.204875 11.906474 11.906474 3085812.808273 6.075830 18215.423778 11.906474 9550.128177 1.000000
11.906474 11.906474 11.906474 11.906474 11.906474 11.906474 11.906474 11.906474 11.906474 11.906474 6.075830 6.075830 29428604.204875 11.906474 11.906474 3085812.808273 6.075830 18215.423778 11.906474 9550.128177 1.000000
11.906474 11.906474 11.906474 11.906474 11.906474 11.906474 11.906474 11.906474 11.906474 11.906474 6.075830 6.075830 29428604.204875 11.906474 11.906474 3085812.808273 6.075830 18215.423778 11.906474 9550.128177 1.000000
11.906474 11.906474 11.906474 11.906474 11.906474 11.906474 11.906474 11.906474 11.906474 11.906474 6.075830 6.075830 29428604.204875 11.906474 11.906474 3085812.808273 6.075830 18215.423778 11.906474 9550.128177 1.000000
11.906474 11.906474 11.906474 11.906474 11.906474 11.906474 11.906474 11.906474 11.906474 11.906474 6.075830 6.075830 29428604.204875 11.906474 11.906474 3085812.808273 6.075830 18215.423778 11.906474 9550.128177 1.000000
11.906474 11.906474 11.906474 11.906474 11.906474 11.906474 11.906474 11.906474 11.906474 11.906474 6.075830 6.075830 29428604.204875 11.906474 11.906474 3085812.808273 6.075830 18215.423778 11.906474 9550.128177 1.000000
11.906474 11.906474 11.906474 11.906474 11.906474 11.906474 11.906474 11.906474 11.906474 11.906474 6.075830 6.075830 29428604.204875 11.906474 11.906474 3085812.808273 6.075830 18215.423778 11.906474 9550.128177 1.000000
11.906474 11.906474 11.906474 11.906474 11.906474 11.906474 11.906474 11.906474 11.906474 11.906474 6.075830 6.075830 29428604.204875 11.906474 11.906474 3085812.808273 6.075830 18215.423778 11.906474 9550.128177 1.000000
11.906474 11.906474 11.906474 11.906474 11.906474 11.906474 11.906474 11.906474 11.906474 11.906474 6.075830 6.075830 29428604.204875 11.906474 11.906474 3085812.808273 6.075830 18215.423778 11.906474 9550.128177 1.000000
11.906474 11.906474 11.906474 11.906474 11.906474 11.906474 11.906474 11.906474 11.906474 11.906474 6.075830 6.075830 29428604.204875 11.906474 11.906474 3085812.808273 6.075830 18215.423778 11.906474 9550.128177 1.000000
11.906474 11.906474 11.906474 11.906474 11.906474 11.906474 11.906474 11.906474 11.906474 11.906474 6.075830 6.075830 29428604.204875 11.906474 11.906474 3085812.808273 6.075830 18215.423778 11.906474 9550.128177 1.000000
11.906474 11.906474 11.906474 11.906474 11.906474 11.906474 11.906474 11.906474 11.906474 11.906474 6.075830 6.075830 29428604.204875 11.906474 11.906474 3085812.808273 6.075830 18215.423778 11.906474 9550.128177 1.000000
11.906474 11.906474 11.906474 11.906474 11.906474 11.906474 11.906474 11.906474 11.906474 11.906474 6.075830 6.075830 29428604.204875 11.906474 11.906474 3085812.808273 6.075830 18215.423778 11.906474 9550.128177 1.000000
11.906474 11.906474 11.906474 11.906474 11.906474 11.906474 11.906474 11.906474 11.906474 11.906474 6.075830 6.075830 29428604.204875 11.906474 11.906474 3085812.808273 6.075830 18215.423778 11.906474 9550.128177 1.000000
11.906474 11.906474 11.906474 11.906474 11.906474 11.906474 11.906474 11.906474 11.906474 11.906474 6.075830 6.075830 29428604.204875 11.906474 11.906474 3085812.808273 6.075830 18215.423778 11.906474 9550.128177 1.000000
11.906474 11.906474 11.906474 11.906474 11.906474 11.906474 11.906474 11.906474 11.906474 11.906474 6.075830 6.075830 29428604.204875 11.906474 11.906474 3085812.808273 6.075830 18215.423778 11.906474 9550.128177 1.000000
11.906474 11.906474 11.906474 11.906474 11.906474 11.906474 11.906474 11.906474 11.906474 11.906474 6.075830 6.075830 29428604.204875 11.906474 11.906474 3085812.808273 6.075830 18215.423778 11.906474 9550.128177 1.000000
11.906474 11.906474 11.906474 11.906474 11.906474 11.906474 11.906474 11.906474 11.906474 11.906474 6.075830 6.075830 29428604.204875 11.906474 11.906474 3085812.808273 6.075830 18215.423778 11.906474 9550.128177 1.000000
11.906474 11.906474 11.906474 11.906474 11.906474 11.906474 11.906474 11.906474 11.906474 11.906474 6.075830 6.075830 29428604.204875 11.906474 11.906474 3085812.808273 6.075830 18215.423778 11.906474 9550.128177 1.000000
11.906474 11.906474 11.906474 11.906474 11.906474 11.906474 11.906474 11.906474 11.906474 11.906474 6.075830 6.075830 29428604.204875 11.906474 11.906474 3085812.808273 6.075830 18215.423778 11.906474 9550.128177 1.000000
11.906474 11.906474 11.906474 11.906474 11.906474 11.906474 11.906474 11.906474 11.906474 11.906474 6.075830 6.075830 29428604.204875 11.906474 11.906474 3085812.808273 6.075830 18215.423778 11.906474 9550.128177 1.000000
11.906474 11.906474 11.906474 11.906474 11.906474 11.906474 11.906474 11.906474 11.906474 11.906474 6.075830 6.075830 29428604.204875 11.906474 11.906474 3085812.808273 6.075830 18215.423778 11.906474 9550.128177 1.000000
11.906474 11.906474 11.906474 11.906474 11.906474 11.906474 11.906474 11.906474 11.906474 11.906474 6.075830 6.075830 29428604.204875 11.906474 11.906474 3085812.808273 6.075830 18215.423778 11.906474 9550.128177 1.000000
11.906474 11.906474 11.906474 11.906474 11.906474 11.906474 11.906474 11.906474 11.906474 11.906474 6.075830 6.075830 29428604.204875 11.906474 11.906474 3085812.808273 6.075830 18215.423778 11.906474 9550.128177 1.000000
11.906474 11.906474 11.906474 11.906474 11.906474 11.906474 11.906474 11.906474 11.906474 11.906474 6.075830 6.075830 29428604.204875 11.906474 11.906474 3085812.808273 6.075830 18215.423778 11.906474 9550.128177 1.000000
11.906474 11.906474 11.906474 11.906474 11.906474 11.906474 11.906474 11.906474 11.906474 11.906474 6.075830 6.075830 29428604.204875 11.906474 11.906474 3085812.808273 6.075830 18215.423778 11.906474 9550.128177 1.000000
11.906474 11.906474 11.906474 11.906474 11.906474 11.906474 11.906474 11.906474 11.906474 11.906474 6.075830 6.075830 29428604.204875 11.906474 11.906474 3085812.808273 6.075830 18215.423778 11.906474 9550.128177 1.000000
11.906474 11.906474 11.906474 11.906474 11.906474 11.906474 11.906474 11.906474 11.906474 11.906474 6.075830 6.075830 29428604.204875 11.906474 11.906474 3085812.808273 6.075830 18215.423778 11.906474 9550.128177 1.000000
11.906474 11.906474 11.906474 11.906474 11.906474 11.906474 11.906474 11.906474 11.906474 11.906474 6.075830 6.075830 29428604.204875 11.906474 11.906474 3085812.808273 6.075830 18215.423778 11.906474 9550.128177 1.000000
11.906474 11.906474 11.906474 11.906474 11.906474 11.906474 11.906474 11.906474 11.906474 11.906474 6.075830 6.075830 29428604.204875 11.906474 11.906474 3085812.808273 6.075830 18215.423778 11.906474 9550.128177 1.000000
11.906474 11.906474 11.906474 11.906474 11.906474 11.906474 11.906474 11.906474 11.906474 11.906474 6.075830 6.075830 29428604.204875 11.906474 11.906474 3085812.808273 6.075830 18215.423778 11.906474 9550.128177 1.000000
11.906474 11.906474 11.906474 11.906474 11.906474 11.906474 11.906474 11.906474 11.906474 11.906474 6.075830 6.075830 29428604.204875 11.906474 11.906474 3085812.808273 6.075830 18215.423778 11.906474 9550.128177 1.000000
11.906474 11.906474 11.906474 11.906474 11.906474 11.906474 11.906474 11.906474 11.906474 11.906474 6.075830 6.075830 29428604.204875 11.906474 11.906474 3085812.808273 6.075830 18215.423778 11.906474 9550.128177 1.000000
11.906474 11.906474 11.906474 11.906474 11.906474 11.906474 11.906474 11.906474 11.906474 11.906474 6.075830 6.075830 29428604.204875 11.906474 11.906474 3085812.808273 6.075830 18215.423778 11.906474 9550.128177 1.000000
11.906474 11.906474 11.906474 11.906474 11.906474 11.906474 11.906474 11.906474 11.906474 11.906474 6.075830 6.075830 29428604.204875 11.906474 11.906474 3085812.808273 6.075830 18215.423778 11.906474 9550.128177 1.000000
11.906474 11.906474 11.906474 11.906474 11.906474 11.906474 11.906474 11.906474 11.906474 11.906474 6.075830 6.075830 29428604.204875 11.906474 11.906474 3085812.808273 6.075830 18215.423778 11.906474 9550.128177 1.000000
11.906474 11.906474 11.906474 11.906474 11.906474 11.906474 11.906474 11.906474 11.906474 11.906474 6.075830 6.075830 29428604.204875 11.906474 11.906474 3085812.808273 6.075830 18215.423778 11.906474 9550.128177 1.000000
11.906474 11.906474 11.906474 11.906474 11.906474 11.906474 11.906474 11.906474 11.906474 11.906474 6.075830 6.075830 29428604.204875 11.906474 11.906474 3085812.808273 6.075830 18215.423778 11.906474 9550.128177 1.000000
11.906474 11.906474 11.906474 11.906474 11.906474 11.906474 11.906474 11.906474 11.906474 11.906474 6.075830 6.075830 29428604.204875 11.906474 11.906474 3085812.808273 6.075830 18215.423778 11.906474 9550.128177 1.000000
11.906474 11.906474 11.906474 11.906474 11.906474 11.906474 11.906474 11.906474 11.906474 11.906474 6.075830 6.075830 29428604.204875 11.906474 11.906474 3085812.808273 6.075830 18215.423778 11.906474 9550.128177 1.000000
11.906474 11.906474 11.906474 11.906474 11.906474 11.906474 11.906474 11.906474 11.906474 11.906474 6.075830 6.075830 29428604.204875 11.906474 11.906474 3085812.808273 6.075830 18215.423778 11.906474 9550.128177 1.000000
11.906474 11.906474 11.906474 11.906474 11.906474 11.906474 11.906474 11.906474 11.906474 11.906474 6.075830 6.075830 29428604.204875 11.906474 11.906474 3085812.808273 6.075830 18215.423778 11.906474 9550.128177 1.000000
11.906474 11.906474 11.906474 11.906474 11.906474 11.906474 11.906474 11.906474 11.906474 11.906474 6.075830 6.075830 29428604.204875 11.906474 11.906474 3085812.808273 6.075830 18215.423778 11.906474 9550.128177 1.000000
11.906474 11.906474 11.906474 11.906474 11.906474 11.906474 11.906474 11.906474 11.906474 11.906474 6.075830 6.075830 29428604.204875 11.906474 11.906474 3085812.808273 6.075830 18215.423778 11.906474 9550.128177 1.000000
11.906474 11.906474 11.906474 11.906474 11.906474 11.906474 11.906474 11.906474 11.906474 11.906474 6.075830 6.075830 29428604.204875 11.906474 11.906474 3085812.808273 6.075830 18215.423778 11.906474 9550.128177 1.000000
11.906474 11.906474 11.906474 11.906474 11.906474 11.906474 11.906474 11.906474 11.906474 11.906474 6.075830 6.075830 29428604.204875 11.906474 11.906474 3085812.808273 6.075830 18215.423778 11.906474 9550.128177 1.000000
11.906474 11.906474 11.906474 11.906474 11.906474 11.906474 11.906474 11.906474 11.906474 11.906474 6.075830 6.075830 29428604.204875 11.906474 11.906474 3085812.808273 6.075830 18215.423778 11.906474 9550.128177 1.000000
11.906474 11.906474 11.906474 11.906474 11.906474 11.906474 11.906474 11.906474 11.906474 11.906474 6.075830 6.075830 29428604.204875 11.906474 11.906474 3085812.808273 6.075830 18215.423778 11.906474 9550.128177 1.000000
11.906474 11.906474 11.906474 11.906474 11.906474 11.906474 11.906474 11.906474 11.906474 11.906474 6.075830 6.075830 29428604.204875 11.906474 11.906474 3085812.808273 6.075830 18215.423778 11.906474 9550.128177 1.000000
11.906474 11.906474 11.906474 11.906474 11.906474 11.906474 11.906474 11.906474 11.906474 11.906474 6.075830 6.075830 29428604.204875 11.906474 11.906474 3085812.808273 6.075830 18215.423778 11.906474 9550.128177 1.000000
11.906474 11.906474 11.906474 11.906474 11.906474 11.906474 11.906474 11.906474 11.906474 11.906474 6.075830 6.075830 29428604.204875 11.906474 11.906474 3085812.808273 6.075830 18215.423778 11.906474 9550.128177 1.000000
11.906474 11.906474 11.906474 11.906474 11.906474 11.906474 11.906474 11.906474 11.906474 11.906474 6.075830 6.075830 29428604.204875 11.906474 11.906474 3085812.808273 6.075830 18215.423778 11.906474 9550.128177 1.000000
11.906474 11.906474 11.906474 11.906474 11.906474 11.906474 11.906474 11.906474 11.906474 11.906474 6.075830 6.075830 29428604.204875 11.906474 11.906474 3085812.808273 6.075830 18215.423778 11.906474 9550.128177 1.000000
11.906474 11.906474 11.906474 11.906474 11.906474 11.906474 11.906474 11.906474 11.906474 11.906474 6.075830 6.075830 29428604.204875 11.906474 11.906474 3085812.808273 6.075830 18215.423778 11.906474 9550.128177 1.000000
11.906474 11.906474 11.906474 11.906474 11.906474 11.906474 11.906474 11.906474 11.906474 11.906474 6.075830 6.075830 29428604.204875 11.906474 11.906474 3085812.808273 6.075830 18215.423778 11.906474 9550.128177 1.000000
11.906474 11.906474 11.906474 11.906474 11.906474 11.906474 11.906474 11.906474 11.906474 11.906474 6.075830 6.075830 29428604.204875 11.906474 11.906474 3085812.808273 6.075830 18215.423778 11.906474 9550.128177 1.000000
11.906474 11.906474 11.906474 11.906474 11.906474 11.906474 11.906474 11.906474 11.906474 11.906474 6.075830 6.075830 29428604.204875 11.906474 11.906474 3085812.808273 6.075830 18215.423778 11.906474 9550.128177 1.000000
11.906474 11.906474 11.906474 11.906474 11.906474 11.906474 11.906474 11.906474 11.906474 11.906474 6.075830 6.075830 29428604.204875 11.906474 11.906474 3085812.808273 6.075830 18215.423778 11.906474 9550.128177 1.000000
11.906474 11.906474 11.906474 11.906474 11.906474 11.906474 11.906474 11.906474 11.906474 11.906474 6.075830 6.075830 29428604.204875 11.906474 11.906474 3085812.808273 6.075830 18215.423778 11.906474 9550.128177 1.000000
11.906474 11.906474 11.906474 11.906474 11.906474 11.906474 11.906474 11.906474 11.906474 11.906474 6.075830 6.075830 29428604.204875 11.906474 11.906474 3085812.808273 6.075830 18215.423778 11.906474 9550.128177 1.000000
