0.000000 0.000000 0.000000 0.000000 0.000000 0.000000 0.000000 0.000000 0.000000 0.000000 0.000000 0.000000 0.000000 0.000000 0.000000 0.000000 0.000000 0.000000 0.000000 0.000000 0.000000
11.879094 11.879094 11.879094 11.879094 11.879094 11.879094 11.879094 11.879094 1023.046517 56.260298 28.156777 14.467208 214.552861 1598.509280 28.830857 645632.504010 35.180002 28.156777 3122.087537 268.188979 1.000000
11.879692 11.879692 11.879692 11.879692 11.879692 11.879692 11.879692 11.879692 1598.590937 87.894809 18.053916 28.158212 70.320966 45.018530 171.653153 516532.387884 18.053916 54.945345 4878.510677 1278.873031 1.000000
11.805157 11.805157 11.805157 11.805157 11.805157 11.805157 11.805157 11.805157 1588.417538 22.935101 43.684963 54.595906 333.118172 4847.463918 69.873626 641556.480327 34.958263 22.399624 813.270687 69.873626 1.000000
11.879537 11.879537 11.879537 11.879537 11.879537 11.879537 11.879537 11.879537 1023.085255 70.320037 68.672585 14.467750 56.262427 70.320037 45.017936 645656.951412 22.542222 43.963881 11910.268626 1998.211980 1.000000
11.804794 11.804794 11.804794 11.804794 11.804794 11.804794 11.804794 11.804794 813.245303 28.648388 34.957173 34.957173 55.903595 69.871446 55.903595 801920.570215 17.939170 43.683601 36115.291840 1588.367961 1.000000
11.877980 11.877980 11.877980 11.877980 11.877980 11.877980 11.877980 11.877980 818.359862 137.305080 22.539238 11.603554 87.881969 87.881969 23.078079 211540.750328 43.958044 68.663462 11908.685638 2497.432773 1.000000
11.881091 11.881091 11.881091 11.881091 11.881091 11.881091 11.881091 11.881091 171.673651 70.329361 28.161566 54.951902 70.329361 28.835761 70.329361 135422.036956 4764.739547 209.560224 11911.848426 818.577207 1.000000
11.801804 11.801804 11.801804 11.801804 11.801804 11.801804 11.801804 11.801804 2481.186715 55.889241 14.372642 27.971425 18.362383 136.411991 69.853502 1252678.963331 22.393196 17.934590 11831.218385 1984.949553 1.000000
11.880246 11.880246 11.880246 11.880246 11.880246 11.880246 11.880246 11.880246 654.815102 109.868590 35.183459 35.183459 36.026514 109.868590 36.026514 1008900.057870 35.183459 22.543582 11910.989629 1998.332944 1.000000
11.805360 11.805360 11.805360 11.805360 11.805360 11.805360 11.805360 11.805360 813.284894 69.874846 22.400014 17.940038 170.563809 44.733097 87.337118 328482.656092 43.685725 54.596859 14793.543743 813.284894 1.000000
11.876941 11.876941 11.876941 11.876941 11.876941 11.876941 11.876941 11.876941 654.630310 23.076038 54.932447 107.263703 87.874168 70.304454 45.007966 645513.817373 9.320373 68.657368 56779.995865 654.630310 1.000000
11.874785 11.874785 11.874785 11.874785 11.874785 11.874785 11.874785 11.874785 1597.921251 44.999689 22.533113 14.461936 523.608540 1997.401282 36.009744 1969589.235419 18.046400 9.318696 1597.921251 171.581249 1.000000
11.877727 11.877727 11.877727 11.877727 11.877727 11.877727 11.877727 11.877727 1997.903180 70.309174 14.465536 43.957094 28.827501 1997.903180 23.077582 645557.172856 54.936134 18.050906 3902.153928 523.740109 1.000000
11.804747 11.804747 11.804747 11.804747 11.804747 11.804747 11.804747 11.804747 416.381708 87.332520 43.683427 133.248883 87.332520 213.190895 69.871168 1957806.089574 14.376243 17.939099 7573.895593 416.381708 1.000000
11.801527 11.801527 11.801527 11.801527 11.801527 11.801527 11.801527 11.801527 1270.337960 87.308359 9.261715 34.947377 69.851841 136.408746 109.130296 1252649.164999 34.947377 14.372303 3876.761649 1270.337960 1.000000
11.877040 11.877040 11.877040 11.877040 11.877040 11.877040 11.877040 11.877040 1997.785890 36.016667 54.932911 11.602636 36.016667 45.008346 109.838518 645519.274353 43.954516 14.464695 9526.183184 3901.924845 1.000000
11.880973 11.880973 11.880973 11.880973 11.880973 11.880973 11.880973 11.880973 268.232026 36.028748 35.185640 43.969267 171.671936 109.875412 268.232026 645736.138492 22.544976 43.969267 11911.729370 419.109101 1.000000
11.880305 11.880305 11.880305 11.880305 11.880305 11.880305 11.880305 11.880305 419.085200 523.855426 22.543696 22.543696 56.266116 56.266116 56.266116 413247.559447 43.966762 28.159683 18611.015601 654.818423 1.000000
11.804109 11.804109 11.804109 11.804109 11.804109 11.804109 11.804109 11.804109 2481.678390 35.792688 22.397616 27.976954 28.646707 87.327733 55.900309 801873.405343 27.976954 22.397616 7573.480318 4847.027525 1.000000
11.880693 11.880693 11.880693 11.880693 11.880693 11.880693 11.880693 11.880693 1278.982296 70.326972 28.160612 28.160612 45.022373 45.022373 87.902317 330608.972468 35.184798 43.968214 14889.304519 1598.727518 1.000000
11.872928 11.872928 11.872928 11.872928 11.872928 11.872928 11.872928 11.872928 1022.507939 137.245847 9.317252 35.161512 44.992558 3120.443926 70.280372 3076994.959418 18.043554 9.317252 9522.838257 44.992558 1.000000
11.880046 11.880046 11.880046 11.880046 11.880046 11.880046 11.880046 11.880046 1023.129693 56.264869 43.965789 35.182858 70.323090 70.323090 28.833195 1008882.806229 22.543198 28.159061 23263.253702 1278.911677 1.000000
11.877673 11.877673 11.877673 11.877673 11.877673 11.877673 11.877673 11.877673 523.737690 171.623567 22.538649 54.935880 109.844458 87.879662 45.010778 330523.745694 9.320943 107.270410 6097.087111 1598.315386 1.000000
11.879057 11.879057 11.879057 11.879057 11.879057 11.879057 11.879057 11.879057 3122.077749 28.830767 18.052944 28.156689 36.022862 109.857437 70.317155 516504.384024 43.962080 22.541302 18609.031665 1023.043309 1.000000
11.882009 11.882009 11.882009 11.882009 11.882009 11.882009 11.882009 11.882009 214.606270 109.885125 68.687074 54.956209 70.334873 109.885125 70.334873 413307.667520 54.956209 43.973151 14890.978127 654.913668 1.000000
11.871421 11.871421 11.871421 11.871421 11.871421 11.871421 11.871421 11.871421 18596.899549 23.065202 22.526664 14.457821 44.986773 23.065202 14.801542 2461279.154632 14.457821 14.457821 14877.519664 6093.832191 1.000000
11.877081 11.877081 11.877081 11.877081 11.877081 11.877081 11.877081 11.877081 6096.778944 28.825915 28.151951 18.049917 45.008505 18.480494 36.016795 516417.249914 35.173967 28.151951 56780.677124 1598.234602 1.000000
11.872603 11.872603 11.872603 11.872603 11.872603 11.872603 11.872603 11.872603 1597.623400 44.991310 14.459266 43.937880 44.991310 523.510941 23.067522 3846136.925219 11.598305 9.316999 173214.608238 70.278422 1.000000
11.867409 11.867409 11.867409 11.867409 11.867409 11.867409 11.867409 11.867409 7614.678724 35.987091 9.312959 22.518971 23.057324 137.181144 23.057324 6006922.247474 9.312959 9.312959 14872.419193 2495.178282 1.000000
11.862072 11.862072 11.862072 11.862072 11.862072 11.862072 11.862072 11.862072 29034.442830 28.789055 7.494536 14.446381 18.456945 23.046845 23.046845 4803345.635330 9.308807 9.308807 14865.634779 9514.006320 1.000000
11.799057 11.799057 11.799057 11.799057 11.799057 11.799057 11.799057 11.799057 3875.938594 55.876055 11.526507 14.369281 35.777172 812.844414 44.708893 2446060.979387 11.526507 17.930382 36097.488728 87.289828 1.000000
11.794454 11.794454 11.794454 11.794454 11.794454 11.794454 11.794454 11.794454 11823.743159 44.691214 17.923329 9.256214 35.763033 28.622994 44.691214 2445092.759810 27.953797 7.452722 11823.743159 3099.523627 1.000000
11.796257 11.796257 11.796257 11.796257 11.796257 11.796257 11.796257 11.796257 18477.464909 28.627424 11.523774 14.365855 44.698141 28.627424 18.353680 2445472.111472 11.523774 17.926092 11825.577591 6054.695849 1.000000
11.870636 11.870636 11.870636 11.870636 11.870636 11.870636 11.870636 11.870636 11.870636 35.997001 14.456860 14.456860 44.983756 267.995310 14.800558 108240.936491 28374.712088 35.154638 216481.872968 3119.832904 1.000000
11.866968 11.866968 11.866968 11.866968 11.866968 11.866968 11.866968 11.866968 9517.989555 70.244602 11.592804 43.916749 18.464627 14.795961 14.795961 3075428.259235 9.312616 18.034423 18589.823199 9517.989555 1.000000
11.871385 11.871385 11.871385 11.871385 11.871385 11.871385 11.871385 11.871385 214.411659 214.411659 68.624811 6.058628 35.999303 1277.966063 35.999303 135309.837209 35470.661992 18.041191 2496.026338 214.411659 1.000000
11.871477 11.871477 11.871477 11.871477 11.871477 11.871477 11.871477 11.871477 4875.088813 35.999583 14.457888 9.316123 23.065310 1996.836795 28.812151 2461290.759768 14.457888 14.457888 36322.240617 109.786345 1.000000
11.863133 11.863133 11.863133 11.863133 11.863133 11.863133 11.863133 11.863133 18583.730035 44.954946 9.309633 9.309633 18.458610 23.048929 23.048929 3843025.287432 18.028548 7.495193 23229.662520 6089.516805 1.000000
11.864369 11.864369 11.864369 11.864369 11.864369 11.864369 11.864369 11.864369 29040.147291 23.051356 11.590267 9.310595 18.460550 28.794697 18.460550 330148.250859 7.495957 261.574216 9515.875558 14868.555463 1.000000
11.869709 11.869709 11.869709 11.869709 11.869709 11.869709 11.869709 11.869709 1597.228441 35.994155 28.134273 6.057807 18.468928 817.781864 70.261055 264239.176518 22.523381 261.693627 110829.943510 70.261055 1.000000
11.868028 11.868028 11.868028 11.868028 11.868028 11.868028 11.868028 11.868028 7615.081982 23.058541 11.593839 7.498220 23.058541 334.917827 18.466291 516018.017870 68.605136 14.453670 528402.450299 87.807305 1.000000
11.867651 11.867651 11.867651 11.867651 11.867651 11.867651 11.867651 11.867651 4873.495453 87.804474 14.453208 11.593471 28.802757 137.183986 14.796818 3075607.898082 7.497987 18.035470 11898.181841 3119.037279 1.000000
11.873298 11.873298 11.873298 11.873298 11.873298 11.873298 11.873298 11.873298 654.426669 18.474559 14.460117 28.142879 11.873298 70.282593 36.005176 135331.947269 11624.925838 54.915370 45409.866240 2496.434197 1.000000
11.870068 11.870068 11.870068 11.870068 11.870068 11.870068 11.870068 11.870068 173177.101374 14.799847 11.595830 18.039173 18.469491 214.387532 654.246120 3076243.284424 11.595830 14.456165 109.773138 1022.258152 1.000000
11.874194 11.874194 11.874194 11.874194 11.874194 11.874194 11.874194 11.874194 9523.868362 28.818825 14.461213 9.318237 28.818825 44.997420 36.007929 330425.556954 107.238549 22.531979 14881.044219 3900.976694 1.000000
11.865576 11.865576 11.865576 11.865576 11.865576 11.865576 11.865576 11.865576 23234.514190 23.053725 22.515457 9.311533 23.053725 23.053725 23.053725 4804784.911139 14.450669 7.496703 18587.611371 6090.788641 1.000000
11.874570 11.874570 11.874570 11.874570 11.874570 11.874570 11.874570 11.874570 9524.174022 36.009083 14.461673 14.461673 28.819748 18.476554 87.856382 516306.502616 68.643474 14.461673 7619.339265 6095.471471 1.000000
11.872319 11.872319 11.872319 11.872319 11.872319 11.872319 11.872319 11.872319 2496.225441 28.814220 18.042621 7.500874 44.990220 137.238709 23.066964 135320.630585 3047.150035 18.042621 23247.907355 1022.454754 1.000000
11.861463 11.861463 11.861463 11.861463 11.861463 11.861463 11.861463 11.861463 29032.931599 23.045650 9.308334 7.494160 35.968830 23.045650 18.455990 3842476.498488 11.587430 9.308334 18581.076255 7610.808943 1.000000
11.862398 11.862398 11.862398 11.862398 11.862398 11.862398 11.862398 11.862398 29035.253823 11.862398 7.494738 28.116740 35.971703 23.047487 44.952125 2459381.659068 18.027423 7.494738 9514.272066 7611.417700 1.000000
11.857600 11.857600 11.857600 11.857600 11.857600 11.857600 11.857600 11.857600 11.857600 11887.960216 11.583658 11.583658 18.449928 87.729062 11.857600 22895378.396562 11.583658 7.491771 45348.969033 3895.447033 1.000000
11.853892 11.853892 11.853892 11.853892 11.853892 11.853892 11.853892 11.853892 56668.230709 23.030785 9.302445 6.050053 23.030785 18.444110 23.030785 7499977.884086 7.489478 9.302445 11884.189417 9507.351572 1.000000
11.864669 11.864669 11.864669 11.864669 11.864669 11.864669 11.864669 11.864669 817.429626 11.864669 9.310827 11.590559 14.793080 28.795433 35.978676 169040.231683 11.590559 28360.244831 6149647.803870 109.722497 1.000000
11.866024 11.866024 11.866024 11.866024 11.866024 11.866024 11.866024 11.866024 29044.255771 18.463146 9.311882 14.451217 18.463146 23.054605 11.866024 806140.036289 18.032978 35.140808 216396.568245 1596.725471 1.000000
11.863656 11.863656 11.863656 11.863656 11.863656 11.863656 11.863656 11.863656 11.863656 1995.502519 11.589570 14.448320 18.459430 11.863656 14.791811 135220.476462 28.119756 22686.231455 660256.232689 1277.122075 1.000000
11.853996 11.853996 11.853996 11.853996 11.853996 11.853996 11.853996 11.853996 14855.368899 11.853996 9.302526 7.489542 11.853996 4867.807464 18.444273 135108.792464 22667.493990 11.580140 11.853996 70835.918593 1.000000
11.868880 11.868880 11.868880 11.868880 11.868880 11.868880 11.868880 11.868880 1597.115244 18.467627 11.594670 11.594670 23.060212 18.467627 14.798357 135280.870163 14525.672896 22.521791 825688.904762 654.179676 1.000000
11.861650 11.861650 11.861650 11.861650 11.861650 11.861650 11.861650 11.861650 29033.396846 11.861650 9.308480 7.494276 28.788020 109.694188 14.789298 211245.764602 408.611182 11.587612 23226.717492 2493.950197 1.000000
11.868785 11.868785 11.868785 11.868785 11.868785 11.868785 11.868785 11.868785 523.340181 35.991317 11.594577 18.037207 18.467478 171.493316 18.467478 169099.715284 55410.594720 7.498688 70925.561233 817.717270 1.000000
11.852173 11.852173 11.852173 11.852173 11.852173 11.852173 11.852173 11.852173 11.852173 3114.911049 7.488415 9.301108 14.777421 11.852173 18.441413 168859.648948 44265.543835 7.488415 172912.280523 6083.810181 1.000000
11.854816 11.854816 11.854816 11.854816 11.854816 11.854816 11.854816 11.854816 1993.994278 11.854816 7.490049 14.437503 14.780733 87.708175 14.780733 135118.274015 44275.556049 6.050506 659757.197304 418.173195 1.000000
11.867336 11.867336 11.867336 11.867336 11.867336 11.867336 11.867336 11.867336 1996.130351 14.796422 9.312902 11.593163 23.057181 109.747511 28.801983 135263.019976 28366.711321 9.312902 45386.738079 1277.523887 1.000000
11.863662 11.863662 11.863662 11.863662 11.863662 11.863662 11.863662 11.863662 1277.122781 23.049969 11.589577 11.589577 11.863662 87.774548 18.459441 135220.551216 28357.804976 7.495520 528205.278159 418.489726 1.000000
11.766442 11.766442 11.766442 11.766442 11.766442 11.766442 11.766442 11.766442 35996.262097 14.669985 7.435401 6.007195 22.859088 11.766442 22.859088 11631019.573571 6.007195 7.435401 1023075.301124 518.762735 1.000000
11.853600 11.853600 11.853600 11.853600 11.853600 11.853600 11.853600 11.853600 1993.786838 14.779209 6.049910 9.302218 11.853600 28.768250 23.030213 135104.217335 44270.949957 7.489297 3145640.188079 214.085849 1.000000
11.862784 11.862784 11.862784 11.862784 11.862784 11.862784 11.862784 11.862784 1277.026890 11.862784 7.494977 9.309362 28.790805 267.815519 18.458063 135210.398426 22684.540641 11.588719 422532.495060 171.405377 1.000000
11.854207 11.854207 11.854207 11.854207 11.854207 11.854207 11.854207 11.854207 6084.869221 11.854207 22.493661 7.489672 23.031404 14.779970 28.769740 6000144.140379 6.050208 11.580346 18750450.438682 70.168015 1.000000
11.855259 11.855259 11.855259 11.855259 11.855259 11.855259 11.855259 11.855259 56674.859684 18.446255 7.490323 11.581373 23.033469 18.446255 18.446255 7500855.221609 11.581373 6.050723 14856.974480 9508.463729 1.000000
11.861263 11.861263 11.861263 11.861263 11.861263 11.861263 11.861263 11.861263 45363.178892 14.788812 9.308178 9.308178 18.455675 44.947764 18.455675 4803013.386863 11.587234 9.308178 36290.543123 3117.334236 1.000000
11.854347 11.854347 11.854347 11.854347 11.854347 11.854347 11.854347 11.854347 56670.440545 23.031680 11.580483 6.050277 18.444825 28.770086 11.854347 4800173.026241 9.302799 9.302799 11884.652854 14855.816029 1.000000
11.857431 11.857431 11.857431 11.857431 11.857431 11.857431 11.857431 11.857431 11.857431 11887.789073 9.305198 7.491667 23.037735 87.727799 14.784011 11722264.978087 43.880989 7.491667 527923.881874 214.156038 1.000000
11.854898 11.854898 11.854898 11.854898 11.854898 11.854898 11.854898 11.854898 11.854898 11.854898 9.303227 14.437604 11.854898 1020.932957 18.445689 644298.659337 35420.693413 7.490100 1020.932957 1610746.648338 1.000000
11.862493 11.862493 11.862493 11.862493 11.862493 11.862493 11.862493 11.862493 18582.712383 18.457605 9.309135 11.588435 18.457605 18.457605 18.457605 264076.225132 7.494797 798.122670 14866.169931 18582.712383 1.000000
11.842267 11.842267 11.842267 11.842267 11.842267 11.842267 11.842267 11.842267 11.842267 56611.862728 7.482289 7.482289 14.765008 11.842267 11.842267 35727108.211188 6.044356 14.422150 172765.694312 2489.816454 1.000000
11.855050 11.855050 11.855050 11.855050 11.855050 11.855050 11.855050 11.855050 70842.310522 11.855050 11.581169 7.490194 18.445928 14.781027 28.771811 6000577.105943 7.490194 11.581169 14856.709384 11885.367537 1.000000
11.848723 11.848723 11.848723 11.848723 11.848723 11.848723 11.848723 11.848723 11.848723 11.848723 6.047520 14.430049 11.848723 816.315321 11.848723 1006184.807401 18125.814150 9.298425 36604790.053385 109.572950 1.000000
11.849605 11.849605 11.849605 11.849605 11.849605 11.849605 11.849605 11.849605 9503.864322 23.022370 6.047952 9.299111 14.774203 11.849605 11.849605 135058.033627 44255.816479 7.486827 70809.306345 4865.978685 1.000000
11.909752 11.909752 11.909752 11.909752 11.909752 11.909752 11.909752 11.909752 11.909752 111209.165285 7.524024 6.077436 11.909752 11.909752 11.909752 647322.538289 1956.412837 6.077436 15071652.324112 11.909752 1.000000
11.837874 11.837874 11.837874 11.837874 11.837874 11.837874 11.837874 11.837874 421632.514952 14.759502 9.289986 7.479572 14.759502 11.837874 35.896385 11702653.150686 6.042202 6.042202 3141407.034914 11.837874 1.000000
11.857355 11.857355 11.857355 11.857355 11.857355 11.857355 11.857355 11.857355 1994.427481 11.857355 9.305139 9.305139 18.449544 109.653902 11.857355 135147.629009 28342.512081 7.491619 1031094.581616 267.691193 1.000000
11.850232 11.850232 11.850232 11.850232 11.850232 11.850232 11.850232 11.850232 2491.515089 87.673786 6.048260 18.008784 18.438368 11.850232 23.023601 168831.602303 35406.553270 6.048260 9596965.486329 11.850232 1.000000
11.849273 11.849273 11.849273 11.849273 11.849273 11.849273 11.849273 11.849273 11.849273 11.849273 11.575530 11.575530 1594.439163 11.849273 11.849273 643988.595954 44254.559360 6.047790 2515580.452938 653.083555 1.000000
11.843972 11.843972 11.843972 11.843972 11.843972 11.843972 11.843972 11.843972 3112.724766 417.785196 7.483343 6.045191 14.767143 56.091687 11.843972 9367014.400124 6.045191 7.483343 28989.505471 4863.632150 1.000000
11.852593 11.852593 11.852593 11.852593 11.852593 11.852593 11.852593 11.852593 11.852593 267.582165 7.488675 6.049417 1275.914155 14.777948 14.777948 1258147.721321 326.636885 9.301435 110667.843933 6084.029225 1.000000
11.842763 11.842763 11.842763 11.842763 11.842763 11.842763 11.842763 11.842763 9498.297774 14.765629 6.044598 9.293789 11.842763 11.842763 11.842763 168723.660269 28307.132961 6.044598 659076.797903 1274.840717 1.000000
11.848465 11.848465 11.848465 11.848465 11.848465 11.848465 11.848465 11.848465 11878.671075 14.772775 7.486122 7.486122 14.772775 11.848465 18.435596 168806.067666 44251.497823 6.047393 36250.827026 7602.349566 1.000000
11.849999 11.849999 11.849999 11.849999 11.849999 11.849999 11.849999 11.849999 11.849999 2491.465301 7.487070 7.487070 18.438002 171.218005 14.774696 168828.228538 22659.741300 7.487070 11995967.137497 11.849999 1.000000
11.843488 11.843488 11.843488 11.843488 11.843488 11.843488 11.843488 11.843488 11.843488 652.760134 6.044954 7.483044 87.623189 11.843488 11.843488 210917.679847 44232.643434 6.044954 23416566.446167 70.103686 1.000000
11.851320 11.851320 11.851320 11.851320 11.851320 11.851320 11.851320 11.851320 11.851320 11.851320 9.300445 11.577528 11.851320 7604.207862 18.440076 515281.158854 44262.314533 9.300445 18745819.355975 11.851320 1.000000
11.856075 11.856075 11.856075 11.856075 11.856075 11.856075 11.856075 11.856075 1276.294343 28.774329 7.490828 9.304143 14.782311 35.952285 14.782311 135132.836965 44280.328037 6.051124 2517045.232601 214.131197 1.000000
11.854036 11.854036 11.854036 11.854036 11.854036 11.854036 11.854036 11.854036 11.854036 653.349848 6.050124 11.580180 11.854036 35.946023 28.769322 168886.581625 28334.466629 7.489567 2013284.940950 816.686621 1.000000
11.782989 11.782989 11.782989 11.782989 11.782989 11.782989 11.782989 11.782989 1585.391595 11.782989 7.445632 11.510821 14.690721 14.690721 11.782989 134287.838142 27.926301 35202.751068 9541724.788736 170.235933 1.000000
11.847873 11.847873 11.847873 11.847873 11.847873 11.847873 11.847873 11.847873 11.847873 11.847873 11.574163 9.297763 11.847873 11.847873 1275.398705 1006111.558788 35399.403475 6.047103 3930123.276513 522.404903 1.000000
11.855065 11.855065 11.855065 11.855065 11.855065 11.855065 11.855065 11.855065 137.036435 418.182133 7.490204 11.581184 18.445952 11.855065 14.781046 168901.452489 44276.502382 6.050629 2516827.769332 267.638771 1.000000
11.849929 11.849929 11.849929 11.849929 11.849929 11.849929 11.849929 11.849929 4866.113777 11.849929 6.048111 9.299363 14.774610 11.849929 14.774610 168827.228987 44257.045137 9.299363 1030439.630014 816.399610 1.000000
11.850471 11.850471 11.850471 11.850471 11.850471 11.850471 11.850471 11.850471 11.850471 1594.602664 7.487362 18.009150 11.850471 171.224930 11.850471 211043.822333 28325.822377 7.487362 18744456.860310 11.850471 1.000000
11.847455 11.847455 11.847455 11.847455 11.847455 11.847455 11.847455 11.847455 11.847455 11.847455 6.046898 7.485497 11.847455 816.226710 35.925812 643888.375096 35.085120 22654.808217 89357462.414854 11.847455 1.000000
11.851908 11.851908 11.851908 11.851908 11.851908 11.851908 11.851908 11.851908 7604.590211 11.851908 6.049081 14.433946 14.777089 11.851908 23.026891 135084.655995 44264.540097 7.488251 45326.889058 7604.590211 1.000000
11.908951 11.908951 11.908951 11.908951 11.908951 11.908951 11.908951 11.908951 11.908951 11.908951 6.077044 6.077044 14.848573 56935.212066 11.908951 6086977021.013772 7.523529 7.523529 2022745.066508 23.138883 1.000000
11.900397 11.900397 11.900397 11.900397 11.900397 11.900397 11.900397 11.900397 11.900397 11.900397 6.072851 6.072851 11.900397 88896.462225 11.900397 7603178465.861550 6.072851 7.518239 3158236.773054 11.900397 1.000000
11.835580 11.835580 11.835580 11.835580 11.835580 11.835580 11.835580 11.835580 9492.453878 11.835580 6.041078 6.041078 11.835580 11.835580 11.835580 134895.881457 35362.145975 6.041078 3140789.490419 417.484927 1.000000
11.842759 11.842759 11.842759 11.842759 11.842759 11.842759 11.842759 11.842759 4863.127163 11.842759 6.044597 9.293786 11.842759 11.842759 14.765624 168723.609995 44229.882040 6.044597 3142722.137078 417.741819 1.000000
11.843335 11.843335 11.843335 11.843335 11.843335 11.843335 11.843335 11.843335 11.843335 11.843335 6.044879 14.423456 11.843335 334.211005 11.843335 804576.525043 35385.649817 6.044879 3142877.050943 3112.554993 1.000000
11.845602 11.845602 11.845602 11.845602 11.845602 11.845602 11.845602 11.845602 3891.448989 11.845602 6.045990 9.295997 11.845602 18.431103 14.769186 168764.686784 44240.650073 6.045990 2514789.801506 417.843519 1.000000
11.846306 11.846306 11.846306 11.846306 11.846306 11.846306 11.846306 11.846306 11.846306 11.846306 6.046335 11.572633 2490.677830 11.846306 11.846306 515060.020199 22.478515 28315.724096 89348670.857372 11.846306 1.000000
11.903948 11.903948 11.903948 11.903948 11.903948 11.903948 11.903948 11.903948 11.903948 11.903948 6.074591 6.074591 11.903948 2002.376643 23.129061 7605479327.773891 6.074591 7.520435 71831721.327275 11.903948 1.000000
11.841032 11.841032 11.841032 11.841032 11.841032 11.841032 11.841032 11.841032 11.841032 11.841032 6.043750 9.292442 11.841032 11.841032 1593.314309 1005522.298490 44223.338390 6.043750 2513805.746223 815.777831 1.000000
11.904274 11.904274 11.904274 11.904274 11.904274 11.904274 11.904274 11.904274 11.904274 138946.613001 6.074751 6.074751 11.904274 11.904274 14.842711 70150112.578394 9.341634 6.074751 15064621.966746 11.904274 1.000000
11.842757 11.842757 11.842757 11.842757 11.842757 11.842757 11.842757 11.842757 6078.907732 14.765622 6.044596 9.293784 11.842757 11.842757 11.842757 134978.862926 55287.342270 6.044596 3142721.553311 334.194470 1.000000
11.910224 11.910224 11.910224 11.910224 11.910224 11.910224 11.910224 11.910224 111213.634668 14.850167 6.077668 6.077668 11.910224 11.910224 11.910224 7536129.019226 7.524316 7.524316 530307.935046 1282.206690 1.000000
11.844320 11.844320 11.844320 11.844320 11.844320 11.844320 11.844320 11.844320 11.844320 11.844320 7.483558 9.295000 11.844320 11.844320 1593.763093 804644.416691 44235.794641 6.045362 3143142.252693 652.806638 1.000000
11.836657 11.836657 11.836657 11.836657 11.836657 11.836657 11.836657 11.836657 56584.660392 11.836657 6.041606 9.289040 14.757978 11.836657 11.836657 11701433.507476 7.478820 6.041606 3926349.549291 267.217246 1.000000
11.841214 11.841214 11.841214 11.841214 11.841214 11.841214 11.841214 11.841214 11.841214 11.841214 9.292584 7.481638 11.841214 14.763688 11.841214 7491841.666665 44224.027500 6.043839 23412005.208329 3111.989597 1.000000
11.844319 11.844319 11.844319 11.844319 11.844319 11.844319 11.844319 11.844319 11.844319 11.844319 7.483558 9.294999 1593.762971 11.844319 11.844319 804644.355208 44235.791261 6.045361 3928927.515659 522.245960 1.000000
11.843318 11.843318 11.843318 11.843318 11.843318 11.843318 11.843318 11.843318 11.843318 11.843318 6.044871 14.423436 11.843318 171.120098 11.843318 643660.283269 44231.997885 6.044871 3928590.596117 4863.359803 1.000000
11.904930 11.904930 11.904930 11.904930 11.904930 11.904930 11.904930 11.904930 11.904930 11.904930 6.075073 6.075073 11.904930 11.904930 11.904930 1020875528.509155 410.123370 7.521042 7788662174.294689 11.904930 1.000000
11.845652 11.845652 11.845652 11.845652 11.845652 11.845652 11.845652 11.845652 3891.465913 11.845652 6.046015 9.296036 11.845652 56.099756 11.845652 168765.420748 44240.842478 6.046015 824049.905968 522.305594 1.000000
11.905222 11.905222 11.905222 11.905222 11.905222 11.905222 11.905222 11.905222 71146.412922 11.905222 6.075216 6.075216 11.905222 1281.660615 11.905222 9416149.345624 7.521223 6.075216 1035316.569440 11.905222 1.000000
11.837573 11.837573 11.837573 11.837573 11.837573 11.837573 11.837573 11.837573 11.837573 18543.115594 6.042055 6.042055 14.759124 56.060966 14.759124 69751448.204358 6.042055 7.479386 658783.802265 417.556236 1.000000
11.842754 11.842754 11.842754 11.842754 11.842754 11.842754 11.842754 11.842754 11.842754 9498.290418 6.044594 9.293782 11.842754 11.842754 14.765617 168723.529607 44229.860966 6.044594 2514176.511782 267.356845 1.000000
11.838016 11.838016 11.838016 11.838016 11.838016 11.838016 11.838016 11.838016 14835.056443 11.838016 7.479660 6.042272 109.472530 11.838016 14.759680 9362236.801320 6.042272 7.479660 23405592.003300 22.999617 1.000000
11.841331 11.841331 11.841331 11.841331 11.841331 11.841331 11.841331 11.841331 4862.532417 14.763835 6.043897 6.043897 11.841331 28.738121 11.841331 134962.380495 35379.578299 6.043897 2513870.233448 334.153662 1.000000
11.845069 11.845069 11.845069 11.845069 11.845069 11.845069 11.845069 11.845069 11.845069 11.845069 6.045729 14.425578 14.768519 1992.331412 11.845069 1005870.057612 44238.632998 6.045729 824008.751196 1275.092567 1.000000
11.848854 11.848854 11.848854 11.848854 11.848854 11.848854 11.848854 11.848854 11.848854 6082.082390 6.047584 7.486362 14.773262 136.963617 11.848854 515172.403314 1946.266826 9.298527 11994792.225584 18.436207 1.000000
11.850451 11.850451 11.850451 11.850451 11.850451 11.850451 11.850451 11.850451 11.850451 3114.452012 9.299768 14.432163 14.775263 11.850451 11.850451 211043.455563 35407.216421 6.048367 11996431.542147 109.589152 1.000000
11.850482 11.850482 11.850482 11.850482 11.850482 11.850482 11.850482 11.850482 11.850482 1594.604146 6.048382 11.576710 11.850482 109.589444 11.850482 168835.214840 44259.138580 7.487369 2012672.601147 214.028734 1.000000
11.846049 11.846049 11.846049 11.846049 11.846049 11.846049 11.846049 11.846049 9500.971577 11.846049 6.046209 9.296345 11.846049 11.846049 14.769747 135016.925248 28315.101516 7.484628 1030097.391057 816.128460 1.000000
11.836191 11.836191 11.836191 11.836191 11.836191 11.836191 11.836191 11.836191 11.836191 11.836191 6.041377 9.288677 11.836191 11.836191 11.836191 9360772.456976 44204.998127 6.041377 3140954.028751 28970.187592 1.000000
11.840818 11.840818 11.840818 11.840818 11.840818 11.840818 11.840818 11.840818 11.840818 11.840818 6.043645 9.292276 11.840818 56.076548 11.840818 1005503.885391 44222.528573 6.043645 3142199.641845 18548.272893 1.000000
11.906946 11.906946 11.906946 11.906946 11.906946 11.906946 11.906946 11.906946 88946.075012 14.846060 6.076061 6.076061 11.906946 11.906946 11.906946 9417532.006787 7.522289 6.076061 828374.875714 1025.479401 1.000000
11.849334 11.849334 11.849334 11.849334 11.849334 11.849334 11.849334 11.849334 11.849334 11.849334 7.486659 9.298900 14.773864 1993.059112 11.849334 804989.962033 55318.488987 7.486659 824309.721122 1275.558295 1.000000
11.847392 11.847392 11.847392 11.847392 11.847392 11.847392 11.847392 11.847392 11.847392 11.847392 6.046868 18.004433 23.018025 1020.277345 11.847392 1006070.170768 35397.947264 6.046868 14991613.786924 87.652481 1.000000
11.850471 11.850471 11.850471 11.850471 11.850471 11.850471 11.850471 11.850471 11.850471 11.850471 7.487362 18.009150 1020.546250 11.850471 11.850471 515243.689979 44259.095981 7.487362 14995564.996994 171.224925 1.000000
11.846490 11.846490 11.846490 11.846490 11.846490 11.846490 11.846490 11.846490 11.846490 11.846490 7.484900 14.427317 70.121701 11.846490 11.846490 515068.125539 44244.015110 6.046425 29278233.201764 1594.059266 1.000000
11.845619 11.845619 11.845619 11.845619 11.845619 11.845619 11.845619 11.845619 4864.318193 14.769207 7.484361 7.484361 14.769207 11.845619 11.845619 168764.932162 44240.714398 6.045998 3143491.822406 334.276378 1.000000
11.839057 11.839057 11.839057 11.839057 11.839057 11.839057 11.839057 11.839057 11.839057 23181.842952 7.480304 7.480304 14.760985 11.839057 11.839057 168670.106426 28298.148117 6.042782 29259599.330323 11.839057 1.000000
11.845146 11.845146 11.845146 11.845146 11.845146 11.845146 11.845146 11.845146 11.845146 11.845146 6.045767 9.295643 11.845146 11.845146 11.845146 2455753.688627 28.075369 35391.140499 23419892.202632 3891.297304 1.000000
11.908477 11.908477 11.908477 11.908477 11.908477 11.908477 11.908477 11.908477 11.908477 11.908477 6.076812 11.633327 11.908477 11.908477 11.908477 6028006.754856 44478.839175 6.076812 7791016124.930128 11.908477 1.000000
11.841033 11.841033 11.841033 11.841033 11.841033 11.841033 11.841033 11.841033 1991.642723 11.841033 6.043750 9.292443 11.841033 11.841033 11.841033 168698.658005 44223.341025 6.043750 3142257.370047 1274.651806 1.000000
11.848027 11.848027 11.848027 11.848027 11.848027 11.848027 11.848027 11.848027 11.848027 1275.415567 6.047179 14.429198 11.848027 70.130928 11.848027 168799.741004 44249.839327 6.047179 3144140.187610 267.477605 1.000000
11.845831 11.845831 11.845831 11.845831 11.845831 11.845831 11.845831 11.845831 11.845831 816.113194 6.046102 9.296175 11.845831 171.156927 11.845831 168767.999585 44241.518504 6.046102 3143548.957606 213.943530 1.000000
11.837310 11.837310 11.837310 11.837310 11.837310 11.837310 11.837310 11.837310 7595.089138 11.837310 6.041926 6.041926 14.758795 11.837310 11.837310 168644.853780 44209.236570 6.041926 3141255.188252 334.038541 1.000000
11.841024 11.841024 11.841024 11.841024 11.841024 11.841024 11.841024 11.841024 11.841024 7597.506481 6.043746 9.292436 11.841024 11.841024 11.841024 168698.529576 44223.307358 6.043746 3927818.722331 267.317231 1.000000
11.838875 11.838875 11.838875 11.838875 11.838875 11.838875 11.838875 11.838875 11.838875 11.838875 6.042693 7.480191 1991.274513 11.838875 11.838875 1256670.574972 44215.165125 6.042693 2513341.149942 652.502200 1.000000
11.847174 11.847174 11.847174 11.847174 11.847174 11.847174 11.847174 11.847174 11.847174 11.847174 7.485323 18.004099 1020.258270 11.847174 11.847174 643872.871163 44246.606813 6.046761 18739166.877980 136.943918 1.000000
11.839483 11.839483 11.839483 11.839483 11.839483 11.839483 11.839483 11.839483 11.839483 11.839483 6.042991 9.291238 11.839483 11.839483 11.839483 7490731.019862 44217.471398 7.480567 3141840.307953 28978.362075 1.000000
11.835569 11.835569 11.835569 11.835569 11.835569 11.835569 11.835569 11.835569 7593.956038 11.835569 6.041072 6.041072 11.835569 11.835569 11.835569 134895.755124 35362.112857 6.041072 7667935.910614 213.755534 1.000000
11.842773 11.842773 11.842773 11.842773 11.842773 11.842773 11.842773 11.842773 11.842773 11.842773 7.482602 9.293797 11.842773 11.842773 11.842773 7492842.426996 35383.947967 7.482602 3142725.896292 28986.530186 1.000000
11.837325 11.837325 11.837325 11.837325 11.837325 11.837325 11.837325 11.837325 11.837325 11.837325 7.479233 7.479233 11.837325 11.837325 11.837325 9361682.676464 44209.296517 6.041933 3141259.447730 28973.004585 1.000000
11.851339 11.851339 11.851339 11.851339 11.851339 11.851339 11.851339 11.851339 11.851339 11.851339 6.048802 11.577546 11.851339 11.851339 653.199053 515281.988207 28.090220 35409.908629 23432311.909576 136.992749 1.000000
11.836191 11.836191 11.836191 11.836191 11.836191 11.836191 11.836191 11.836191 11.836191 11.836191 6.041377 9.288677 11.836191 11.836191 11.836191 9360772.456976 44204.998127 6.041377 3140954.028751 28970.187592 1.000000
11.841031 11.841031 11.841031 11.841031 11.841031 11.841031 11.841031 11.841031 11.841031 11.841031 6.043749 9.292441 11.841031 11.841031 1593.314109 1005522.172349 44223.332842 6.043749 3927820.985733 522.098877 1.000000
11.908477 11.908477 11.908477 11.908477 11.908477 11.908477 11.908477 11.908477 11.908477 11.908477 6.076812 11.633327 11.908477 11.908477 11.908477 6028006.754856 44478.839175 6.076812 7791016124.930156 11.908477 1.000000
11.836191 11.836191 11.836191 11.836191 11.836191 11.836191 11.836191 11.836191 11.836191 11.836191 6.041377 9.288677 11.836191 11.836191 11.836191 9360772.456976 44204.998127 6.041377 3140954.028751 28970.187592 1.000000
11.849726 11.849726 11.849726 11.849726 11.849726 11.849726 11.849726 11.849726 11.849726 11.849726 6.048011 9.299205 11.849726 11.849726 334.393940 515210.833769 22.485071 35405.018933 23429076.180379 334.393940 1.000000
11.839483 11.839483 11.839483 11.839483 11.839483 11.839483 11.839483 11.839483 11.839483 11.839483 6.042991 9.291238 11.839483 11.839483 11.839483 7490731.019862 44217.471398 7.480567 3141840.307953 28978.362075 1.000000
11.838501 11.838501 11.838501 11.838501 11.838501 11.838501 11.838501 11.838501 11.838501 11.838501 6.042510 14.417542 11.838501 11.838501 11.838501 5992080.615821 44213.751058 6.042510 3141575.961908 28975.923913 1.000000
11.835577 11.835577 11.835577 11.835577 11.835577 11.835577 11.835577 11.835577 9492.452102 11.835577 6.041077 6.041077 11.835577 11.835577 11.835577 134895.856219 35362.139359 6.041077 3925986.128511 333.988957 1.000000
11.837594 11.837594 11.837594 11.837594 11.837594 11.837594 11.837594 11.837594 11.837594 11.837594 6.042065 11.564128 11.837594 11.837594 11.837594 7489518.614893 44210.314622 6.042065 3141331.788452 28973.671811 1.000000
11.841031 11.841031 11.841031 11.841031 11.841031 11.841031 11.841031 11.841031 11.841031 11.841031 6.043750 9.292442 11.841031 11.841031 1593.314231 1005522.249264 44223.336225 6.043750 3142257.028947 652.622784 1.000000
11.845445 11.845445 11.845445 11.845445 11.845445 11.845445 11.845445 11.845445 11.845445 7600.383873 7.484254 7.484254 11.845445 11.845445 11.845445 210953.025654 44240.055987 7.484254 3143445.039531 267.418469 1.000000
11.836191 11.836191 11.836191 11.836191 11.836191 11.836191 11.836191 11.836191 11.836191 11.836191 6.041377 9.288677 11.836191 11.836191 11.836191 9360772.456976 44204.998127 6.041377 3140954.028751 28970.187592 1.000000
11.838501 11.838501 11.838501 11.838501 11.838501 11.838501 11.838501 11.838501 11.838501 11.838501 6.042510 14.417542 11.838501 11.838501 11.838501 5992080.615970 44213.751059 6.042510 2513260.769589 36219.904877 1.000000
11.838867 11.838867 11.838867 11.838867 11.838867 11.838867 11.838867 11.838867 11.838867 11868.910247 6.042689 7.480186 11.838867 11.838867 11.838867 210834.197448 44215.135906 6.042689 2513339.489017 267.267839 1.000000
11.838501 11.838501 11.838501 11.838501 11.838501 11.838501 11.838501 11.838501 11.838501 11.838501 6.042510 14.417542 11.838501 11.838501 11.838501 5992080.615970 44213.751059 6.042510 2513260.769589 36219.904877 1.000000
11.836191 11.836191 11.836191 11.836191 11.836191 11.836191 11.836191 11.836191 11.836191 11.836191 6.041377 9.288677 11.836191 11.836191 11.836191 9360772.456976 44204.998127 6.041377 3140954.028751 28970.187592 1.000000
11.841024 11.841024 11.841024 11.841024 11.841024 11.841024 11.841024 11.841024 11.841024 9496.883045 6.043746 9.292436 11.841024 11.841024 11.841024 168698.529637 44223.307374 6.043746 3142254.979000 267.317231 1.000000
11.844316 11.844316 11.844316 11.844316 11.844316 11.844316 11.844316 11.844316 11.844316 7599.649039 7.483556 9.294997 11.844316 11.844316 11.844316 210932.629921 44235.778692 6.045360 2514512.895535 334.239086 1.000000
11.838875 11.838875 11.838875 11.838875 11.838875 11.838875 11.838875 11.838875 11868.918259 11.838875 6.042693 7.480191 11.838875 11.838875 11.838875 134933.977457 44215.165753 6.042693 1286830.687043 652.502210 1.000000
11.842297 11.842297 11.842297 11.842297 11.842297 11.842297 11.842297 11.842297 11.842297 11.842297 6.044370 11.568720 11.842297 70.096539 11.842297 643604.026454 55285.164922 6.044370 3142597.785414 14840.498518 1.000000
11.842751 11.842751 11.842751 11.842751 11.842751 11.842751 11.842751 11.842751 11.842751 11.842751 6.044593 7.482588 11.842751 11.842751 11.842751 4795409.944697 22.471699 28307.104028 29268859.525735 3112.399320 1.000000
11.839483 11.839483 11.839483 11.839483 11.839483 11.839483 11.839483 11.839483 11.839483 11.839483 9.291238 7.480567 11.839483 11.839483 11.839483 7490730.991690 44217.471232 6.042991 23408534.349030 3889.410157 1.000000
11.836191 11.836191 11.836191 11.836191 11.836191 11.836191 11.836191 11.836191 11.836191 11.836191 6.041377 9.288677 11.836191 11.836191 11.836191 9360772.456612 44204.998125 6.041377 3926192.535786 23176.150089 1.000000
11.837310 11.837310 11.837310 11.837310 11.837310 11.837310 11.837310 11.837310 7595.089138 14.758795 6.041926 6.041926 11.837310 11.837310 11.837310 168644.853780 44209.236570 6.041926 3141255.188252 334.038541 1.000000
11.836191 11.836191 11.836191 11.836191 11.836191 11.836191 11.836191 11.836191 11.836191 11.836191 6.041377 9.288677 11.836191 11.836191 11.836191 9360772.456976 44204.998127 6.041377 3140954.028751 28970.187592 1.000000
11.841024 11.841024 11.841024 11.841024 11.841024 11.841024 11.841024 11.841024 11.841024 267.317231 6.043746 9.292436 11.841024 11.841024 11.841024 168698.529637 44223.307374 6.043746 3142254.979000 9496.883045 1.000000
11.838870 11.838870 11.838870 11.838870 11.838870 11.838870 11.838870 11.838870 9495.131006 11.838870 6.042691 7.480188 11.838870 11.838870 11.838870 134933.925741 44215.148807 6.042691 3141675.277922 334.083212 1.000000
11.836191 11.836191 11.836191 11.836191 11.836191 11.836191 11.836191 11.836191 11.836191 11.836191 6.041377 9.288677 11.836191 11.836191 11.836191 9360772.456976 44204.998127 6.041377 3140954.028751 28970.187592 1.000000
11.838501 11.838501 11.838501 11.838501 11.838501 11.838501 11.838501 11.838501 11.838501 11.838501 6.042510 14.417542 11.838501 11.838501 11.838501 5992080.615970 44213.751059 6.042510 2513260.769589 36219.904877 1.000000
11.836191 11.836191 11.836191 11.836191 11.836191 11.836191 11.836191 11.836191 11.836191 11.836191 6.041377 9.288677 11.836191 11.836191 11.836191 9360772.456976 44204.998127 6.041377 3140954.028751 28970.187592 1.000000
11.841640 11.841640 11.841640 11.841640 11.841640 11.841640 11.841640 11.841640 11.841640 11.841640 9.292915 9.292915 11.841640 11.841640 11.841640 5993692.111945 44225.641801 6.044048 23412859.812284 3890.128848 1.000000
11.836191 11.836191 11.836191 11.836191 11.836191 11.836191 11.836191 11.836191 11.836191 11.836191 6.041377 9.288677 11.836191 11.836191 11.836191 9360772.456976 44204.998127 6.041377 3140954.028751 28970.187592 1.000000
11.840605 11.840605 11.840605 11.840605 11.840605 11.840605 11.840605 11.840605 11.840605 11.840605 6.043541 7.481261 1593.256068 11.840605 14.762925 1256856.928569 44221.721860 6.043541 2513713.857136 652.598961 1.000000
11.836191 11.836191 11.836191 11.836191 11.836191 11.836191 11.836191 11.836191 11.836191 11.836191 6.041377 9.288677 11.836191 11.836191 11.836191 9360772.456976 44204.998127 6.041377 3140954.028751 28970.187592 1.000000
11.838875 11.838875 11.838875 11.838875 11.838875 11.838875 11.838875 11.838875 11.838875 11.838875 6.042693 7.480191 11.838875 11.838875 1593.019901 1256670.626209 44215.166928 6.042693 2513341.252416 815.627094 1.000000
11.840090 11.840090 11.840090 11.840090 11.840090 11.840090 11.840090 11.840090 11.840090 11.840090 9.291710 9.291710 11.840090 11.840090 11.840090 5992896.450218 35375.816693 7.480943 7745637119.778423 11.840090 1.000000
11.836191 11.836191 11.836191 11.836191 11.836191 11.836191 11.836191 11.836191 11.836191 11.836191 6.041377 9.288677 11.836191 11.836191 11.836191 9360772.456612 44204.998125 6.041377 3926192.535786 23176.150089 1.000000
11.836191 11.836191 11.836191 11.836191 11.836191 11.836191 11.836191 11.836191 11.836191 11.836191 6.041377 9.288677 11.836191 11.836191 11.836191 9360772.456976 44204.998127 6.041377 3140954.028751 28970.187592 1.000000
11.836191 11.836191 11.836191 11.836191 11.836191 11.836191 11.836191 11.836191 11.836191 11.836191 6.041377 9.288677 11.836191 11.836191 11.836191 9360772.456976 44204.998127 6.041377 3140954.028751 28970.187592 1.000000
11.906474 11.906474 11.906474 11.906474 11.906474 11.906474 11.906474 11.906474 11.906474 11.906474 6.075830 6.075830 11.906474 11.906474 11.906474 44904486.416434 11657.871273 6.075830 3159872.317068 29144.678004 1.000000
11.835577 11.835577 11.835577 11.835577 11.835577 11.835577 11.835577 11.835577 11.835577 11865.565083 6.041077 6.041077 11.835577 11.835577 11.835577 210774.775388 55253.342736 6.041077 2010104.898293 333.988957 1.000000
11.909752 11.909752 11.909752 11.909752 11.909752 11.909752 11.909752 11.909752 11.909752 11.909752 6.077437 7.524024 11.909752 11.909752 11.909752 11774728.466375 35586.933183 6.077437 3160754.605148 29152.815675 1.000000
11.836191 11.836191 11.836191 11.836191 11.836191 11.836191 11.836191 11.836191 11.836191 11.836191 6.041377 9.288677 11.836191 11.836191 11.836191 9360772.456612 44204.998125 6.041377 3926192.535786 23176.150089 1.000000
11.841033 11.841033 11.841033 11.841033 11.841033 11.841033 11.841033 11.841033 11.841033 11.841033 6.043750 9.292443 11.841033 3111.941255 11.841033 1005522.346922 44223.340520 6.043750 1029654.883248 1019.721786 1.000000
11.836191 11.836191 11.836191 11.836191 11.836191 11.836191 11.836191 11.836191 11.836191 11.836191 6.041377 9.288677 11.836191 11.836191 11.836191 9360772.456976 44204.998127 6.041377 3140954.028751 28970.187592 1.000000
11.836191 11.836191 11.836191 11.836191 11.836191 11.836191 11.836191 11.836191 11.836191 11.836191 6.041377 9.288677 11.836191 11.836191 11.836191 9360772.456976 44204.998127 6.041377 3140954.028751 28970.187592 1.000000
11.842757 11.842757 11.842757 11.842757 11.842757 11.842757 11.842757 11.842757 6078.907732 14.765622 6.044596 9.293784 11.842757 11.842757 11.842757 168723.578654 44229.873824 6.044596 3142721.553296 334.194470 1.000000
11.836191 11.836191 11.836191 11.836191 11.836191 11.836191 11.836191 11.836191 11.836191 11.836191 6.041377 9.288677 11.836191 11.836191 11.836191 9360772.456976 44204.998127 6.041377 3140954.028751 28970.187592 1.000000
11.909752 11.909752 11.909752 11.909752 11.909752 11.909752 11.909752 11.909752 11.909752 11.909752 6.077437 7.524024 11.909752 11.909752 11.909752 11774728.465923 35586.933182 6.077437 3950943.256283 23322.252554 1.000000
11.836191 11.836191 11.836191 11.836191 11.836191 11.836191 11.836191 11.836191 11.836191 11.836191 6.041377 9.288677 11.836191 11.836191 11.836191 9360772.456976 44204.998127 6.041377 3140954.028751 28970.187592 1.000000
11.836191 11.836191 11.836191 11.836191 11.836191 11.836191 11.836191 11.836191 11.836191 11.836191 6.041377 9.288677 11.836191 11.836191 11.836191 9360772.456976 44204.998127 6.041377 3140954.028751 28970.187592 1.000000
11.836191 11.836191 11.836191 11.836191 11.836191 11.836191 11.836191 11.836191 11.836191 11.836191 6.041377 9.288677 11.836191 11.836191 11.836191 9360772.456976 44204.998127 6.041377 3140954.028751 28970.187592 1.000000
11.839461 11.839461 11.839461 11.839461 11.839461 11.839461 11.839461 11.839461 11.839461 11.839461 6.042980 6.042980 11.839461 11.839461 11.839461 4794058.671234 22.465392 35373.909381 29260612.007040 3111.522294 1.000000
11.909752 11.909752 11.909752 11.909752 11.909752 11.909752 11.909752 11.909752 11.909752 11.909752 6.077437 7.524024 11.909752 11.909752 11.909752 9419782.773178 44483.666466 6.077437 3160754.605174 29152.815675 1.000000
11.909752 11.909752 11.909752 11.909752 11.909752 11.909752 11.909752 11.909752 11.909752 11.909752 6.077437 7.524024 11.909752 11.909752 11.909752 9419782.773178 44483.666466 6.077437 3160754.605174 29152.815675 1.000000
11.909752 11.909752 11.909752 11.909752 11.909752 11.909752 11.909752 11.909752 11.909752 11.909752 6.077437 7.524024 11.909752 11.909752 11.909752 9419782.773178 44483.666466 6.077437 3160754.605174 29152.815675 1.000000
11.909752 11.909752 11.909752 11.909752 11.909752 11.909752 11.909752 11.909752 11.909752 11.909752 6.077437 7.524024 11.909752 11.909752 11.909752 9419782.773178 44483.666466 6.077437 3160754.605174 29152.815675 1.000000
11.909752 11.909752 11.909752 11.909752 11.909752 11.909752 11.909752 11.909752 11.909752 11.909752 6.077437 7.524024 11.909752 11.909752 11.909752 9419782.773178 44483.666466 6.077437 3160754.605174 29152.815675 1.000000
11.909752 11.909752 11.909752 11.909752 11.909752 11.909752 11.909752 11.909752 11.909752 11.909752 6.077437 7.524024 11.909752 11.909752 11.909752 9419782.773178 44483.666466 6.077437 3160754.605174 29152.815675 1.000000
11.909752 11.909752 11.909752 11.909752 11.909752 11.909752 11.909752 11.909752 11.909752 11.909752 6.077437 7.524024 11.909752 11.909752 11.909752 9419782.773178 44483.666466 6.077437 3160754.605174 29152.815675 1.000000
11.909752 11.909752 11.909752 11.909752 11.909752 11.909752 11.909752 11.909752 11.909752 11.909752 6.077437 7.524024 11.909752 11.909752 11.909752 9419782.773178 44483.666466 6.077437 3160754.605174 29152.815675 1.000000
11.909752 11.909752 11.909752 11.909752 11.909752 11.909752 11.909752 11.909752 11.909752 11.909752 6.077437 7.524024 11.909752 11.909752 11.909752 9419782.773178 44483.666466 6.077437 3160754.605174 29152.815675 1.000000
11.909752 11.909752 11.909752 11.909752 11.909752 11.909752 11.909752 11.909752 11.909752 11.909752 6.077437 7.524024 11.909752 11.909752 11.909752 9419782.773178 44483.666466 6.077437 3160754.605174 29152.815675 1.000000
11.909752 11.909752 11.909752 11.909752 11.909752 11.909752 11.909752 11.909752 11.909752 11.909752 6.077437 7.524024 11.909752 11.909752 11.909752 9419782.773178 44483.666466 6.077437 3160754.605174 29152.815675 1.000000
11.841031 11.841031 11.841031 11.841031 11.841031 11.841031 11.841031 11.841031 11.841031 11.841031 6.043749 9.292441 11.841031 1991.642371 11.841031 1005522.180607 44223.333205 6.043749 3142256.814395 522.098881 1.000000
11.837325 11.837325 11.837325 11.837325 11.837325 11.837325 11.837325 11.837325 11.837325 11.837325 6.041933 7.479233 11.837325 11.837325 11.837325 9361682.676464 44209.296517 7.479233 3141259.447730 28973.004585 1.000000
11.909752 11.909752 11.909752 11.909752 11.909752 11.909752 11.909752 11.909752 11.909752 11.909752 6.077437 7.524024 11.909752 11.909752 11.909752 9419782.773178 44483.666466 6.077437 3160754.605174 29152.815675 1.000000
11.837594 11.837594 11.837594 11.837594 11.837594 11.837594 11.837594 11.837594 11.837594 11.837594 6.042065 11.564128 11.837594 11.837594 11.837594 7489518.614893 44210.314622 6.042065 3141331.788452 28973.671811 1.000000
11.838875 11.838875 11.838875 11.838875 11.838875 11.838875 11.838875 11.838875 11.838875 11.838875 6.042693 7.480191 815.627084 11.838875 11.838875 1256670.610069 44215.166360 6.042693 3141676.525172 1274.416187 1.000000
11.909752 11.909752 11.909752 11.909752 11.909752 11.909752 11.909752 11.909752 11.909752 11.909752 6.077437 7.524024 11.909752 11.909752 11.909752 9419782.773178 44483.666466 6.077437 3160754.605174 29152.815675 1.000000
11.909752 11.909752 11.909752 11.909752 11.909752 11.909752 11.909752 11.909752 11.909752 11.909752 6.077437 7.524024 11.909752 11.909752 11.909752 9419782.773178 44483.666466 6.077437 3160754.605174 29152.815675 1.000000
11.909752 11.909752 11.909752 11.909752 11.909752 11.909752 11.909752 11.909752 11.909752 11.909752 6.077437 7.524024 11.909752 11.909752 11.909752 9419782.773178 44483.666466 6.077437 3160754.605174 29152.815675 1.000000
11.839483 11.839483 11.839483 11.839483 11.839483 11.839483 11.839483 11.839483 11.839483 11.839483 7.480567 9.291238 11.839483 11.839483 11.839483 7490731.019862 44217.471398 6.042991 3141840.307953 28978.362075 1.000000
11.838875 11.838875 11.838875 11.838875 11.838875 11.838875 11.838875 11.838875 11.838875 11.838875 6.042693 7.480191 11.838875 11.838875 1274.416187 1256670.610069 44215.166360 6.042693 3141676.525172 815.627084 1.000000
11.909752 11.909752 11.909752 11.909752 11.909752 11.909752 11.909752 11.909752 11.909752 11.909752 6.077437 7.524024 11.909752 11.909752 11.909752 9419782.773178 44483.666466 6.077437 3160754.605174 29152.815675 1.000000
11.909752 11.909752 11.909752 11.909752 11.909752 11.909752 11.909752 11.909752 11.909752 11.909752 6.077437 7.524024 11.909752 11.909752 11.909752 9419782.773178 44483.666466 6.077437 3160754.605174 29152.815675 1.000000
11.841024 11.841024 11.841024 11.841024 11.841024 11.841024 11.841024 11.841024 11.841024 9496.883045 6.043746 9.292436 11.841024 11.841024 11.841024 168698.529637 44223.307374 6.043746 3142254.979000 267.317231 1.000000
11.908477 11.908477 11.908477 11.908477 11.908477 11.908477 11.908477 11.908477 11.908477 11.908477 6.076812 11.633327 11.908477 11.908477 11.908477 6028006.754856 44478.839175 6.076812 7791016124.930128 11.908477 1.000000
11.909752 11.909752 11.909752 11.909752 11.909752 11.909752 11.909752 11.909752 11.909752 11.909752 6.077437 7.524024 11.909752 11.909752 11.909752 9419782.773178 44483.666466 6.077437 3160754.605174 29152.815675 1.000000
11.909752 11.909752 11.909752 11.909752 11.909752 11.909752 11.909752 11.909752 11.909752 11.909752 6.077437 7.524024 11.909752 11.909752 11.909752 9419782.773178 44483.666466 6.077437 3160754.605174 29152.815675 1.000000
11.909752 11.909752 11.909752 11.909752 11.909752 11.909752 11.909752 11.909752 11.909752 11.909752 6.077437 7.524024 11.909752 11.909752 11.909752 9419782.773178 44483.666466 6.077437 3160754.605174 29152.815675 1.000000
11.909752 11.909752 11.909752 11.909752 11.909752 11.909752 11.909752 11.909752 11.909752 11.909752 6.077437 7.524024 11.909752 11.909752 11.909752 9419782.773178 44483.666466 6.077437 3160754.605174 29152.815675 1.000000
11.909752 11.909752 11.909752 11.909752 11.909752 11.909752 11.909752 11.909752 11.909752 11.909752 6.077437 7.524024 11.909752 11.909752 11.909752 9419782.773178 44483.666466 6.077437 3160754.605174 29152.815675 1.000000
11.909752 11.909752 11.909752 11.909752 11.909752 11.909752 11.909752 11.909752 11.909752 11.909752 6.077437 7.524024 11.909752 11.909752 11.909752 9419782.773178 44483.666466 6.077437 3160754.605174 29152.815675 1.000000
11.909752 11.909752 11.909752 11.909752 11.909752 11.909752 11.909752 11.909752 11.909752 11.909752 6.077437 7.524024 11.909752 11.909752 11.909752 9419782.773178 44483.666466 6.077437 3160754.605174 29152.815675 1.000000
11.909752 11.909752 11.909752 11.909752 11.909752 11.909752 11.909752 11.909752 11.909752 11.909752 6.077437 7.524024 11.909752 11.909752 11.909752 9419782.773178 44483.666466 6.077437 3160754.605174 29152.815675 1.000000
11.909752 11.909752 11.909752 11.909752 11.909752 11.909752 11.909752 11.909752 11.909752 11.909752 6.077437 7.524024 11.909752 11.909752 11.909752 9419782.773178 44483.666466 6.077437 3160754.605174 29152.815675 1.000000
11.909752 11.909752 11.909752 11.909752 11.909752 11.909752 11.909752 11.909752 11.909752 11.909752 6.077437 7.524024 11.909752 11.909752 11.909752 9419782.773178 44483.666466 6.077437 3160754.605174 29152.815675 1.000000
11.909752 11.909752 11.909752 11.909752 11.909752 11.909752 11.909752 11.909752 11.909752 11.909752 6.077437 7.524024 11.909752 11.909752 11.909752 9419782.773178 44483.666466 6.077437 3160754.605174 29152.815675 1.000000
11.909752 11.909752 11.909752 11.909752 11.909752 11.909752 11.909752 11.909752 11.909752 11.909752 6.077437 7.524024 11.909752 11.909752 11.909752 9419782.773178 44483.666466 6.077437 3160754.605174 29152.815675 1.000000
11.909752 11.909752 11.909752 11.909752 11.909752 11.909752 11.909752 11.909752 11.909752 11.909752 6.077437 7.524024 11.909752 11.909752 11.909752 9419782.773178 44483.666466 6.077437 3160754.605174 29152.815675 1.000000
11.909752 11.909752 11.909752 11.909752 11.909752 11.909752 11.909752 11.909752 11.909752 11.909752 6.077437 7.524024 11.909752 11.909752 11.909752 9419782.773178 44483.666466 6.077437 3160754.605174 29152.815675 1.000000
11.909752 11.909752 11.909752 11.909752 11.909752 11.909752 11.909752 11.909752 11.909752 11.909752 6.077437 7.524024 11.909752 11.909752 11.909752 9419782.773178 44483.666466 6.077437 3160754.605174 29152.815675 1.000000
11.909752 11.909752 11.909752 11.909752 11.909752 11.909752 11.909752 11.909752 11.909752 11.909752 6.077437 7.524024 11.909752 11.909752 11.909752 9419782.773178 44483.666466 6.077437 3160754.605174 29152.815675 1.000000
11.909752 11.909752 11.909752 11.909752 11.909752 11.909752 11.909752 11.909752 11.909752 11.909752 6.077437 7.524024 11.909752 11.909752 11.909752 9419782.773178 44483.666466 6.077437 3160754.605174 29152.815675 1.000000
11.909752 11.909752 11.909752 11.909752 11.909752 11.909752 11.909752 11.909752 11.909752 11.909752 6.077437 7.524024 11.909752 11.909752 11.909752 9419782.773178 44483.666466 6.077437 3160754.605174 29152.815675 1.000000
11.909752 11.909752 11.909752 11.909752 11.909752 11.909752 11.909752 11.909752 11.909752 11.909752 6.077437 7.524024 11.909752 11.909752 11.909752 9419782.773178 44483.666466 6.077437 3160754.605174 29152.815675 1.000000
11.909752 11.909752 11.909752 11.909752 11.909752 11.909752 11.909752 11.909752 11.909752 11.909752 6.077437 7.524024 11.909752 11.909752 11.909752 9419782.773178 44483.666466 6.077437 3160754.605174 29152.815675 1.000000
11.909752 11.909752 11.909752 11.909752 11.909752 11.909752 11.909752 11.909752 11.909752 11.909752 6.077437 7.524024 11.909752 11.909752 11.909752 9419782.773178 44483.666466 6.077437 3160754.605174 29152.815675 1.000000
11.909752 11.909752 11.909752 11.909752 11.909752 11.909752 11.909752 11.909752 11.909752 11.909752 6.077437 7.524024 11.909752 11.909752 11.909752 9419782.773178 44483.666466 6.077437 3160754.605174 29152.815675 1.000000
11.909752 11.909752 11.909752 11.909752 11.909752 11.909752 11.909752 11.909752 11.909752 11.909752 6.077437 7.524024 11.909752 11.909752 11.909752 9419782.773178 44483.666466 6.077437 3160754.605174 29152.815675 1.000000
11.909752 11.909752 11.909752 11.909752 11.909752 11.909752 11.909752 11.909752 11.909752 11.909752 6.077437 7.524024 11.909752 11.909752 11.909752 9419782.773178 44483.666466 6.077437 3160754.605174 29152.815675 1.000000
11.763330 11.763330 11.763330 11.763330 11.763330 11.763330 11.763330 11.763330 44.571691 11.763330 6.005669 7.433477 11.763330 11.763330 11.763330 2438546.997800 43928.957425 6.005669 3121340.157183 18425.140229 1.000000
11.838870 11.838870 11.838870 11.838870 11.838870 11.838870 11.838870 11.838870 9495.131006 11.838870 6.042691 7.480188 11.838870 11.838870 11.838870 168667.407171 35372.119055 6.042691 3141675.277898 334.083212 1.000000
11.909752 11.909752 11.909752 11.909752 11.909752 11.909752 11.909752 11.909752 11.909752 11.909752 6.077437 7.524024 11.909752 11.909752 11.909752 9419782.773178 44483.666466 6.077437 3160754.605174 29152.815675 1.000000
11.909752 11.909752 11.909752 11.909752 11.909752 11.909752 11.909752 11.909752 11.909752 11.909752 6.077437 7.524024 11.909752 11.909752 11.909752 9419782.773178 44483.666466 6.077437 3160754.605174 29152.815675 1.000000
11.909752 11.909752 11.909752 11.909752 11.909752 11.909752 11.909752 11.909752 11.909752 11.909752 6.077437 7.524024 11.909752 11.909752 11.909752 9419782.773178 44483.666466 6.077437 3160754.605174 29152.815675 1.000000
11.909752 11.909752 11.909752 11.909752 11.909752 11.909752 11.909752 11.909752 11.909752 11.909752 6.077437 7.524024 11.909752 11.909752 11.909752 9419782.773178 44483.666466 6.077437 3160754.605174 29152.815675 1.000000
11.909752 11.909752 11.909752 11.909752 11.909752 11.909752 11.909752 11.909752 11.909752 11.909752 6.077437 7.524024 11.909752 11.909752 11.909752 9419782.773178 44483.666466 6.077437 3160754.605174 29152.815675 1.000000
11.909752 11.909752 11.909752 11.909752 11.909752 11.909752 11.909752 11.909752 11.909752 11.909752 6.077437 7.524024 11.909752 11.909752 11.909752 9419782.773178 44483.666466 6.077437 3160754.605174 29152.815675 1.000000
11.909752 11.909752 11.909752 11.909752 11.909752 11.909752 11.909752 11.909752 11.909752 11.909752 6.077437 7.524024 11.909752 11.909752 11.909752 9419782.773178 44483.666466 6.077437 3160754.605174 29152.815675 1.000000
11.909752 11.909752 11.909752 11.909752 11.909752 11.909752 11.909752 11.909752 11.909752 11.909752 6.077437 7.524024 11.909752 11.909752 11.909752 9419782.773178 44483.666466 6.077437 3160754.605174 29152.815675 1.000000
11.909752 11.909752 11.909752 11.909752 11.909752 11.909752 11.909752 11.909752 11.909752 11.909752 6.077437 7.524024 11.909752 11.909752 11.909752 9419782.773178 44483.666466 6.077437 3160754.605174 29152.815675 1.000000
11.836191 11.836191 11.836191 11.836191 11.836191 11.836191 11.836191 11.836191 11.836191 11.836191 6.041377 9.288677 11.836191 11.836191 11.836191 9360772.456976 44204.998127 6.041377 3140954.028751 28970.187592 1.000000
11.909752 11.909752 11.909752 11.909752 11.909752 11.909752 11.909752 11.909752 11.909752 11.909752 6.077437 7.524024 11.909752 11.909752 11.909752 9419782.773178 44483.666466 6.077437 3160754.605174 29152.815675 1.000000
11.909752 11.909752 11.909752 11.909752 11.909752 11.909752 11.909752 11.909752 11.909752 11.909752 6.077437 7.524024 11.909752 11.909752 11.909752 9419782.773178 44483.666466 6.077437 3160754.605174 29152.815675 1.000000
11.909752 11.909752 11.909752 11.909752 11.909752 11.909752 11.909752 11.909752 11.909752 11.909752 6.077437 7.524024 11.909752 11.909752 11.909752 9419782.773178 44483.666466 6.077437 3160754.605174 29152.815675 1.000000
11.909752 11.909752 11.909752 11.909752 11.909752 11.909752 11.909752 11.909752 11.909752 11.909752 6.077437 7.524024 11.909752 11.909752 11.909752 9419782.773178 44483.666466 6.077437 3160754.605174 29152.815675 1.000000
11.909752 11.909752 11.909752 11.909752 11.909752 11.909752 11.909752 11.909752 11.909752 11.909752 6.077437 7.524024 11.909752 11.909752 11.909752 9419782.773178 44483.666466 6.077437 3160754.605174 29152.815675 1.000000
11.909752 11.909752 11.909752 11.909752 11.909752 11.909752 11.909752 11.909752 11.909752 11.909752 6.077437 7.524024 11.909752 11.909752 11.909752 9419782.773178 44483.666466 6.077437 3160754.605174 29152.815675 1.000000
11.909752 11.909752 11.909752 11.909752 11.909752 11.909752 11.909752 11.909752 11.909752 11.909752 6.077437 7.524024 11.909752 11.909752 11.909752 9419782.773178 44483.666466 6.077437 3160754.605174 29152.815675 1.000000
11.909752 11.909752 11.909752 11.909752 11.909752 11.909752 11.909752 11.909752 11.909752 11.909752 6.077437 7.524024 11.909752 11.909752 11.909752 9419782.773178 44483.666466 6.077437 3160754.605174 29152.815675 1.000000
11.909752 11.909752 11.909752 11.909752 11.909752 11.909752 11.909752 11.909752 11.909752 11.909752 6.077437 7.524024 11.909752 11.909752 11.909752 9419782.773178 44483.666466 6.077437 3160754.605174 29152.815675 1.000000
11.909752 11.909752 11.909752 11.909752 11.909752 11.909752 11.909752 11.909752 11.909752 11.909752 6.077437 7.524024 11.909752 11.909752 11.909752 9419782.773178 44483.666466 6.077437 3160754.605174 29152.815675 1.000000
11.909752 11.909752 11.909752 11.909752 11.909752 11.909752 11.909752 11.909752 11.909752 11.909752 6.077437 7.524024 11.909752 11.909752 11.909752 9419782.773178 44483.666466 6.077437 3160754.605174 29152.815675 1.000000
11.909752 11.909752 11.909752 11.909752 11.909752 11.909752 11.909752 11.909752 11.909752 11.909752 6.077437 7.524024 11.909752 11.909752 11.909752 9419782.773178 44483.666466 6.077437 3160754.605174 29152.815675 1.000000
11.909752 11.909752 11.909752 11.909752 11.909752 11.909752 11.909752 11.909752 11.909752 11.909752 6.077437 7.524024 11.909752 11.909752 11.909752 9419782.773178 44483.666466 6.077437 3160754.605174 29152.815675 1.000000
11.909752 11.909752 11.909752 11.909752 11.909752 11.909752 11.909752 11.909752 11.909752 11.909752 6.077437 7.524024 11.909752 11.909752 11.909752 9419782.773178 44483.666466 6.077437 3160754.605174 29152.815675 1.000000
11.909752 11.909752 11.909752 11.909752 11.909752 11.909752 11.909752 11.909752 11.909752 11.909752 6.077437 7.524024 11.909752 11.909752 11.909752 9419782.773178 44483.666466 6.077437 3160754.605174 29152.815675 1.000000
11.909752 11.909752 11.909752 11.909752 11.909752 11.909752 11.909752 11.909752 11.909752 11.909752 6.077437 7.524024 11.909752 11.909752 11.909752 9419782.773178 44483.666466 6.077437 3160754.605174 29152.815675 1.000000
11.909752 11.909752 11.909752 11.909752 11.909752 11.909752 11.909752 11.909752 11.909752 11.909752 6.077437 7.524024 11.909752 11.909752 11.909752 9419782.773178 44483.666466 6.077437 3160754.605174 29152.815675 1.000000
11.909752 11.909752 11.909752 11.909752 11.909752 11.909752 11.909752 11.909752 11.909752 11.909752 6.077437 7.524024 11.909752 11.909752 11.909752 9419782.773178 44483.666466 6.077437 3160754.605174 29152.815675 1.000000
11.909752 11.909752 11.909752 11.909752 11.909752 11.909752 11.909752 11.909752 11.909752 11.909752 6.077437 7.524024 11.909752 11.909752 11.909752 9419782.773178 44483.666466 6.077437 3160754.605174 29152.815675 1.000000
11.909752 11.909752 11.909752 11.909752 11.909752 11.909752 11.909752 11.909752 11.909752 11.909752 6.077437 7.524024 11.909752 11.909752 11.909752 9419782.773178 44483.666466 6.077437 3160754.605174 29152.815675 1.000000
11.909752 11.909752 11.909752 11.909752 11.909752 11.909752 11.909752 11.909752 11.909752 11.909752 6.077437 7.524024 11.909752 11.909752 11.909752 9419782.773178 44483.666466 6.077437 3160754.605174 29152.815675 1.000000
11.837325 11.837325 11.837325 11.837325 11.837325 11.837325 11.837325 11.837325 11.837325 11.837325 6.041933 7.479233 11.837325 11.837325 11.837325 9361682.676464 44209.296517 7.479233 3141259.447730 28973.004585 1.000000
11.909752 11.909752 11.909752 11.909752 11.909752 11.909752 11.909752 11.909752 11.909752 11.909752 6.077437 7.524024 11.909752 11.909752 11.909752 9419782.773178 44483.666466 6.077437 3160754.605174 29152.815675 1.000000
11.909752 11.909752 11.909752 11.909752 11.909752 11.909752 11.909752 11.909752 11.909752 11.909752 6.077437 7.524024 11.909752 11.909752 11.909752 9419782.773178 44483.666466 6.077437 3160754.605174 29152.815675 1.000000
11.909752 11.909752 11.909752 11.909752 11.909752 11.909752 11.909752 11.909752 11.909752 11.909752 6.077437 7.524024 11.909752 11.909752 11.909752 9419782.773178 44483.666466 6.077437 3160754.605174 29152.815675 1.000000
11.909752 11.909752 11.909752 11.909752 11.909752 11.909752 11.909752 11.909752 11.909752 11.909752 6.077437 7.524024 11.909752 11.909752 11.909752 9419782.773178 44483.666466 6.077437 3160754.605174 29152.815675 1.000000
11.909752 11.909752 11.909752 11.909752 11.909752 11.909752 11.909752 11.909752 11.909752 11.909752 6.077437 7.524024 11.909752 11.909752 11.909752 9419782.773178 44483.666466 6.077437 3160754.605174 29152.815675 1.000000
11.909752 11.909752 11.909752 11.909752 11.909752 11.909752 11.909752 11.909752 11.909752 11.909752 6.077437 7.524024 11.909752 11.909752 11.909752 9419782.773178 44483.666466 6.077437 3160754.605174 29152.815675 1.000000
11.909752 11.909752 11.909752 11.909752 11.909752 11.909752 11.909752 11.909752 11.909752 11.909752 6.077437 7.524024 11.909752 11.909752 11.909752 9419782.773178 44483.666466 6.077437 3160754.605174 29152.815675 1.000000
11.909752 11.909752 11.909752 11.909752 11.909752 11.909752 11.909752 11.909752 11.909752 11.909752 6.077437 7.524024 11.909752 11.909752 11.909752 9419782.773178 44483.666466 6.077437 3160754.605174 29152.815675 1.000000
11.909752 11.909752 11.909752 11.909752 11.909752 11.909752 11.909752 11.909752 11.909752 11.909752 6.077437 7.524024 11.909752 11.909752 11.909752 9419782.773178 44483.666466 6.077437 3160754.605174 29152.815675 1.000000
11.909752 11.909752 11.909752 11.909752 11.909752 11.909752 11.909752 11.909752 11.909752 11.909752 6.077437 7.524024 11.909752 11.909752 11.909752 9419782.773178 44483.666466 6.077437 3160754.605174 29152.815675 1.000000
11.909752 11.909752 11.909752 11.909752 11.909752 11.909752 11.909752 11.909752 11.909752 11.909752 6.077437 7.524024 11.909752 11.909752 11.909752 9419782.773178 44483.666466 6.077437 3160754.605174 29152.815675 1.000000
11.909752 11.909752 11.909752 11.909752 11.909752 11.909752 11.909752 11.909752 11.909752 11.909752 6.077437 7.524024 11.909752 11.909752 11.909752 9419782.773178 44483.666466 6.077437 3160754.605174 29152.815675 1.000000
11.909752 11.909752 11.909752 11.909752 11.909752 11.909752 11.909752 11.909752 11.909752 11.909752 6.077437 7.524024 11.909752 11.909752 11.909752 9419782.773178 44483.666466 6.077437 3160754.605174 29152.815675 1.000000
11.836191 11.836191 11.836191 11.836191 11.836191 11.836191 11.836191 11.836191 11.836191 11.836191 6.041377 9.288677 11.836191 11.836191 11.836191 9360772.456976 44204.998127 6.041377 3140954.028751 28970.187592 1.000000
11.909752 11.909752 11.909752 11.909752 11.909752 11.909752 11.909752 11.909752 11.909752 11.909752 6.077437 7.524024 11.909752 11.909752 11.909752 9419782.773178 44483.666466 6.077437 3160754.605174 29152.815675 1.000000
11.909752 11.909752 11.909752 11.909752 11.909752 11.909752 11.909752 11.909752 11.909752 11.909752 6.077437 7.524024 11.909752 11.909752 11.909752 9419782.773178 44483.666466 6.077437 3160754.605174 29152.815675 1.000000
11.909752 11.909752 11.909752 11.909752 11.909752 11.909752 11.909752 11.909752 11.909752 11.909752 6.077437 7.524024 11.909752 11.909752 11.909752 9419782.773178 44483.666466 6.077437 3160754.605174 29152.815675 1.000000
11.909752 11.909752 11.909752 11.909752 11.909752 11.909752 11.909752 11.909752 11.909752 11.909752 6.077437 7.524024 11.909752 11.909752 11.909752 9419782.773178 44483.666466 6.077437 3160754.605174 29152.815675 1.000000
11.909752 11.909752 11.909752 11.909752 11.909752 11.909752 11.909752 11.909752 11.909752 11.909752 6.077437 7.524024 11.909752 11.909752 11.909752 9419782.773178 44483.666466 6.077437 3160754.605174 29152.815675 1.000000
11.909752 11.909752 11.909752 11.909752 11.909752 11.909752 11.909752 11.909752 11.909752 11.909752 6.077437 7.524024 11.909752 11.909752 11.909752 9419782.773178 44483.666466 6.077437 3160754.605174 29152.815675 1.000000
11.909752 11.909752 11.909752 11.909752 11.909752 11.909752 11.909752 11.909752 11.909752 11.909752 6.077437 7.524024 11.909752 11.909752 11.909752 9419782.773178 44483.666466 6.077437 3160754.605174 29152.815675 1.000000
11.909752 11.909752 11.909752 11.909752 11.909752 11.909752 11.909752 11.909752 11.909752 11.909752 6.077437 7.524024 11.909752 11.909752 11.909752 9419782.773178 44483.666466 6.077437 3160754.605174 29152.815675 1.000000
11.909752 11.909752 11.909752 11.909752 11.909752 11.909752 11.909752 11.909752 11.909752 11.909752 6.077437 7.524024 11.909752 11.909752 11.909752 9419782.773178 44483.666466 6.077437 3160754.605174 29152.815675 1.000000
11.909752 11.909752 11.909752 11.909752 11.909752 11.909752 11.909752 11.909752 11.909752 11.909752 6.077437 7.524024 11.909752 11.909752 11.909752 9419782.773178 44483.666466 6.077437 3160754.605174 29152.815675 1.000000
11.909752 11.909752 11.909752 11.909752 11.909752 11.909752 11.909752 11.909752 11.909752 11.909752 6.077437 7.524024 11.909752 11.909752 11.909752 9419782.773178 44483.666466 6.077437 3160754.605174 29152.815675 1.000000
11.909752 11.909752 11.909752 11.909752 11.909752 11.909752 11.909752 11.909752 11.909752 11.909752 6.077437 7.524024 11.909752 11.909752 11.909752 9419782.773178 44483.666466 6.077437 3160754.605174 29152.815675 1.000000
11.909752 11.909752 11.909752 11.909752 11.909752 11.909752 11.909752 11.909752 11.909752 11.909752 6.077437 7.524024 11.909752 11.909752 11.909752 9419782.773178 44483.666466 6.077437 3160754.605174 29152.815675 1.000000
11.909752 11.909752 11.909752 11.909752 11.909752 11.909752 11.909752 11.909752 11.909752 11.909752 6.077437 7.524024 11.909752 11.909752 11.909752 9419782.773178 44483.666466 6.077437 3160754.605174 29152.815675 1.000000
11.909752 11.909752 11.909752 11.909752 11.909752 11.909752 11.909752 11.909752 11.909752 11.909752 6.077437 7.524024 11.909752 11.909752 11.909752 9419782.773178 44483.666466 6.077437 3160754.605174 29152.815675 1.000000
11.909752 11.909752 11.909752 11.909752 11.909752 11.909752 11.909752 11.909752 11.909752 11.909752 6.077437 7.524024 11.909752 11.909752 11.909752 9419782.773178 44483.666466 6.077437 3160754.605174 29152.815675 1.000000
11.909752 11.909752 11.909752 11.909752 11.909752 11.909752 11.909752 11.909752 11.909752 11.909752 6.077437 7.524024 11.909752 11.909752 11.909752 9419782.773178 44483.666466 6.077437 3160754.605174 29152.815675 1.000000
11.909752 11.909752 11.909752 11.909752 11.909752 11.909752 11.909752 11.909752 11.909752 11.909752 6.077437 7.524024 11.909752 11.909752 11.909752 9419782.773178 44483.666466 6.077437 3160754.605174 29152.815675 1.000000
11.909752 11.909752 11.909752 11.909752 11.909752 11.909752 11.909752 11.909752 11.909752 11.909752 6.077437 7.524024 11.909752 11.909752 11.909752 9419782.773178 44483.666466 6.077437 3160754.605174 29152.815675 1.000000
11.909752 11.909752 11.909752 11.909752 11.909752 11.909752 11.909752 11.909752 11.909752 11.909752 6.077437 7.524024 11.909752 11.909752 11.909752 9419782.773178 44483.666466 6.077437 3160754.605174 29152.815675 1.000000
11.909752 11.909752 11.909752 11.909752 11.909752 11.909752 11.909752 11.909752 11.909752 11.909752 6.077437 7.524024 11.909752 11.909752 11.909752 9419782.773178 44483.666466 6.077437 3160754.605174 29152.815675 1.000000
11.909752 11.909752 11.909752 11.909752 11.909752 11.909752 11.909752 11.909752 11.909752 11.909752 6.077437 7.524024 11.909752 11.909752 11.909752 9419782.773178 44483.666466 6.077437 3160754.605174 29152.815675 1.000000
11.909752 11.909752 11.909752 11.909752 11.909752 11.909752 11.909752 11.909752 11.909752 11.909752 6.077437 7.524024 11.909752 11.909752 11.909752 9419782.773178 44483.666466 6.077437 3160754.605174 29152.815675 1.000000
11.909752 11.909752 11.909752 11.909752 11.909752 11.909752 11.909752 11.909752 11.909752 11.909752 6.077437 7.524024 11.909752 11.909752 11.909752 9419782.773178 44483.666466 6.077437 3160754.605174 29152.815675 1.000000
11.909752 11.909752 11.909752 11.909752 11.909752 11.909752 11.909752 11.909752 11.909752 11.909752 6.077437 7.524024 11.909752 11.909752 11.909752 9419782.773178 44483.666466 6.077437 3160754.605174 29152.815675 1.000000
11.909752 11.909752 11.909752 11.909752 11.909752 11.909752 11.909752 11.909752 11.909752 11.909752 6.077437 7.524024 11.909752 11.909752 11.909752 9419782.773178 44483.666466 6.077437 3160754.605174 29152.815675 1.000000
11.909752 11.909752 11.909752 11.909752 11.909752 11.909752 11.909752 11.909752 11.909752 11.909752 6.077437 7.524024 11.909752 11.909752 11.909752 9419782.773178 44483.666466 6.077437 3160754.605174 29152.815675 1.000000
11.909752 11.909752 11.909752 11.909752 11.909752 11.909752 11.909752 11.909752 11.909752 11.909752 6.077437 7.524024 11.909752 11.909752 11.909752 9419782.773178 44483.666466 6.077437 3160754.605174 29152.815675 1.000000
11.909752 11.909752 11.909752 11.909752 11.909752 11.909752 11.909752 11.909752 11.909752 11.909752 6.077437 7.524024 11.909752 11.909752 11.909752 9419782.773178 44483.666466 6.077437 3160754.605174 29152.815675 1.000000
11.909752 11.909752 11.909752 11.909752 11.909752 11.909752 11.909752 11.909752 11.909752 11.909752 6.077437 7.524024 11.909752 11.909752 11.909752 9419782.773178 44483.666466 6.077437 3160754.605174 29152.815675 1.000000
11.909752 11.909752 11.909752 11.909752 11.909752 11.909752 11.909752 11.909752 11.909752 11.909752 6.077437 7.524024 11.909752 11.909752 11.909752 9419782.773178 44483.666466 6.077437 3160754.605174 29152.815675 1.000000
11.909752 11.909752 11.909752 11.909752 11.909752 11.909752 11.909752 11.909752 11.909752 11.909752 6.077437 7.524024 11.909752 11.909752 11.909752 9419782.773178 44483.666466 6.077437 3160754.605174 29152.815675 1.000000
11.909752 11.909752 11.909752 11.909752 11.909752 11.909752 11.909752 11.909752 11.909752 11.909752 6.077437 7.524024 11.909752 11.909752 11.909752 9419782.773178 44483.666466 6.077437 3160754.605174 29152.815675 1.000000
11.909752 11.909752 11.909752 11.909752 11.909752 11.909752 11.909752 11.909752 11.909752 11.909752 6.077437 7.524024 11.909752 11.909752 11.909752 9419782.773178 44483.666466 6.077437 3160754.605174 29152.815675 1.000000
11.909752 11.909752 11.909752 11.909752 11.909752 11.909752 11.909752 11.909752 11.909752 11.909752 6.077437 7.524024 11.909752 11.909752 11.909752 9419782.773178 44483.666466 6.077437 3160754.605174 29152.815675 1.000000
11.909752 11.909752 11.909752 11.909752 11.909752 11.909752 11.909752 11.909752 11.909752 11.909752 6.077437 7.524024 11.909752 11.909752 11.909752 9419782.773178 44483.666466 6.077437 3160754.605174 29152.815675 1.000000
11.909752 11.909752 11.909752 11.909752 11.909752 11.909752 11.909752 11.909752 11.909752 11.909752 6.077437 7.524024 11.909752 11.909752 11.909752 9419782.773178 44483.666466 6.077437 3160754.605174 29152.815675 1.000000
11.909752 11.909752 11.909752 11.909752 11.909752 11.909752 11.909752 11.909752 11.909752 11.909752 6.077437 7.524024 11.909752 11.909752 11.909752 9419782.773178 44483.666466 6.077437 3160754.605174 29152.815675 1.000000
11.909752 11.909752 11.909752 11.909752 11.909752 11.909752 11.909752 11.909752 11.909752 11.909752 6.077437 7.524024 11.909752 11.909752 11.909752 9419782.773178 44483.666466 6.077437 3160754.605174 29152.815675 1.000000
11.909752 11.909752 11.909752 11.909752 11.909752 11.909752 11.909752 11.909752 11.909752 11.909752 6.077437 7.524024 11.909752 11.909752 11.909752 9419782.773178 44483.666466 6.077437 3160754.605174 29152.815675 1.000000
11.909752 11.909752 11.909752 11.909752 11.909752 11.909752 11.909752 11.909752 11.909752 11.909752 6.077437 7.524024 11.909752 11.909752 11.909752 9419782.773178 44483.666466 6.077437 3160754.605174 29152.815675 1.000000
11.909752 11.909752 11.909752 11.909752 11.909752 11.909752 11.909752 11.909752 11.909752 11.909752 6.077437 7.524024 11.909752 11.909752 11.909752 9419782.773178 44483.666466 6.077437 3160754.605174 29152.815675 1.000000
11.909752 11.909752 11.909752 11.909752 11.909752 11.909752 11.909752 11.909752 11.909752 11.909752 6.077437 7.524024 11.909752 11.909752 11.909752 9419782.773178 44483.666466 6.077437 3160754.605174 29152.815675 1.000000
11.909752 11.909752 11.909752 11.909752 11.909752 11.909752 11.909752 11.909752 11.909752 11.909752 6.077437 7.524024 11.909752 11.909752 11.909752 9419782.773178 44483.666466 6.077437 3160754.605174 29152.815675 1.000000
11.909752 11.909752 11.909752 11.909752 11.909752 11.909752 11.909752 11.909752 11.909752 11.909752 6.077437 7.524024 11.909752 11.909752 11.909752 9419782.773178 44483.666466 6.077437 3160754.605174 29152.815675 1.000000
11.909752 11.909752 11.909752 11.909752 11.909752 11.909752 11.909752 11.909752 11.909752 11.909752 6.077437 7.524024 11.909752 11.909752 11.909752 9419782.773178 44483.666466 6.077437 3160754.605174 29152.815675 1.000000
11.909752 11.909752 11.909752 11.909752 11.909752 11.909752 11.909752 11.909752 11.909752 11.909752 6.077437 7.524024 11.909752 11.909752 11.909752 9419782.773178 44483.666466 6.077437 3160754.605174 29152.815675 1.000000
11.909752 11.909752 11.909752 11.909752 11.909752 11.909752 11.909752 11.909752 11.909752 11.909752 6.077437 7.524024 11.909752 11.909752 11.909752 9419782.773178 44483.666466 6.077437 3160754.605174 29152.815675 1.000000
11.909752 11.909752 11.909752 11.909752 11.909752 11.909752 11.909752 11.909752 11.909752 11.909752 6.077437 7.524024 11.909752 11.909752 11.909752 9419782.773178 44483.666466 6.077437 3160754.605174 29152.815675 1.000000
11.909752 11.909752 11.909752 11.909752 11.909752 11.909752 11.909752 11.909752 11.909752 11.909752 6.077437 7.524024 11.909752 11.909752 11.909752 9419782.773178 44483.666466 6.077437 3160754.605174 29152.815675 1.000000
11.909752 11.909752 11.909752 11.909752 11.909752 11.909752 11.909752 11.909752 11.909752 11.909752 6.077437 7.524024 11.909752 11.909752 11.909752 9419782.773178 44483.666466 6.077437 3160754.605174 29152.815675 1.000000
11.909752 11.909752 11.909752 11.909752 11.909752 11.909752 11.909752 11.909752 11.909752 11.909752 6.077437 7.524024 11.909752 11.909752 11.909752 9419782.773178 44483.666466 6.077437 3160754.605174 29152.815675 1.000000
11.909752 11.909752 11.909752 11.909752 11.909752 11.909752 11.909752 11.909752 11.909752 11.909752 6.077437 7.524024 11.909752 11.909752 11.909752 9419782.773178 44483.666466 6.077437 3160754.605174 29152.815675 1.000000
11.909752 11.909752 11.909752 11.909752 11.909752 11.909752 11.909752 11.909752 11.909752 11.909752 6.077437 7.524024 11.909752 11.909752 11.909752 9419782.773178 44483.666466 6.077437 3160754.605174 29152.815675 1.000000
