0.000000 0.000000 0.000000 0.000000 0.000000 0.000000 0.000000 0.000000 0.000000 0.000000 0.000000 0.000000 0.000000 0.000000 0.000000 0.000000 0.000000 0.000000 0.000000 0.000000 0.000000
0.084170 0.084170 0.084170 0.084170 0.084170 0.084170 0.084170 0.084170 0.005825 0.000977 0.022744 0.028421 0.017772 0.011376 0.000500 0.000001 0.035510 0.035510 0.000256 0.027756 1.000000
0.084192 0.084192 0.084192 0.084192 0.084192 0.084192 0.084192 0.084192 0.002983 0.000978 0.107286 0.044369 0.004661 0.009104 0.009104 0.000002 0.022750 0.035520 0.000256 0.004661 1.000000
0.084197 0.084197 0.084197 0.084197 0.084197 0.084197 0.084197 0.084197 0.007284 0.001528 0.022751 0.044371 0.034692 0.011380 0.017778 0.000001 0.018204 0.107293 0.000007 0.005827 1.000000
0.084167 0.084167 0.084167 0.084167 0.084167 0.084167 0.084167 0.084167 0.014219 0.000131 0.014560 0.011649 0.027755 0.014219 0.017771 0.000003 0.022743 0.014560 0.000034 0.022210 1.000000
0.084190 0.084190 0.084190 0.084190 0.084190 0.084190 0.084190 0.084190 0.005827 0.000105 0.069129 0.014564 0.043332 0.002983 0.027763 0.000002 0.055398 0.028428 0.000067 0.017776 1.000000
0.084186 0.084186 0.084186 0.084186 0.084186 0.084186 0.084186 0.084186 0.003729 0.000256 0.035517 0.028427 0.011378 0.043330 0.011378 0.000001 0.044365 0.069126 0.000084 0.005826 1.000000
0.084199 0.084199 0.084199 0.084199 0.084199 0.084199 0.084199 0.084199 0.002387 0.000320 0.086190 0.069136 0.027766 0.022219 0.007284 0.000001 0.022752 0.055404 0.000054 0.007284 1.000000
0.084218 0.084218 0.084218 0.084218 0.084218 0.084218 0.084218 0.084218 0.001910 0.000164 0.035531 0.086210 0.043346 0.022224 0.007286 0.000001 0.035531 0.107319 0.000054 0.011383 1.000000
0.084173 0.084173 0.084173 0.084173 0.084173 0.084173 0.084173 0.084173 0.004660 0.000131 0.044358 0.028422 0.022212 0.022212 0.027757 0.000002 0.028422 0.018199 0.000034 0.011377 1.000000
0.084708 0.084708 0.084708 0.084708 0.084708 0.084708 0.084708 0.084708 0.011450 0.000165 0.035740 0.022891 0.022355 0.007329 0.017887 0.000006 0.018316 0.003842 0.000028 0.043601 1.000000
0.084176 0.084176 0.084176 0.084176 0.084176 0.084176 0.084176 0.084176 0.011377 0.000164 0.007457 0.055389 0.017773 0.014220 0.017773 0.000003 0.055389 0.009320 0.000034 0.017773 1.000000
0.084186 0.084186 0.084186 0.084186 0.084186 0.084186 0.084186 0.084186 0.002387 0.000131 0.044365 0.055395 0.034687 0.017775 0.043329 0.000003 0.018202 0.028427 0.000043 0.005826 1.000000
0.084163 0.084163 0.084163 0.084163 0.084163 0.084163 0.084163 0.084163 0.011375 0.000205 0.028419 0.014559 0.011375 0.022209 0.014218 0.000006 0.003817 0.018197 0.000084 0.014218 1.000000
0.084177 0.084177 0.084177 0.084177 0.084177 0.084177 0.084177 0.084177 0.007282 0.000500 0.055390 0.044361 0.014221 0.022213 0.004661 0.000001 0.028424 0.044361 0.000043 0.009102 1.000000
0.084178 0.084178 0.084178 0.084178 0.084178 0.084178 0.084178 0.084178 0.007282 0.000084 0.018200 0.044361 0.017774 0.011377 0.043325 0.000004 0.014562 0.014562 0.000028 0.034684 1.000000
0.084184 0.084184 0.084184 0.084184 0.084184 0.084184 0.084184 0.084184 0.002983 0.000205 0.035516 0.035516 0.027761 0.027761 0.043328 0.000002 0.044364 0.028426 0.000028 0.004661 1.000000
0.084172 0.084172 0.084172 0.084172 0.084172 0.084172 0.084172 0.084172 0.003728 0.000256 0.035511 0.028422 0.022212 0.017772 0.011376 0.000001 0.028422 0.044358 0.000054 0.014220 1.000000
0.084212 0.084212 0.084212 0.084212 0.084212 0.084212 0.084212 0.084212 0.002984 0.000067 0.086204 0.044379 0.014226 0.027770 0.017781 0.000001 0.055413 0.086204 0.000028 0.027770 1.000000
0.084190 0.084190 0.084190 0.084190 0.084190 0.084190 0.084190 0.084190 0.001909 0.000105 0.069129 0.028428 0.017776 0.043332 0.034689 0.000002 0.035519 0.022749 0.000028 0.017776 1.000000
0.084176 0.084176 0.084176 0.084176 0.084176 0.084176 0.084176 0.084176 0.003728 0.000205 0.069117 0.028423 0.017773 0.017773 0.022213 0.000006 0.009320 0.014561 0.000034 0.017773 1.000000
0.084177 0.084177 0.084177 0.084177 0.084177 0.084177 0.084177 0.084177 0.004661 0.000205 0.014562 0.069118 0.022213 0.017774 0.014221 0.000002 0.044361 0.014562 0.000054 0.011377 1.000000
0.084178 0.084178 0.084178 0.084178 0.084178 0.084178 0.084178 0.084178 0.009102 0.000164 0.028424 0.014562 0.011377 0.017774 0.034684 0.000001 0.055390 0.044361 0.000054 0.009102 1.000000
0.084176 0.084176 0.084176 0.084176 0.084176 0.084176 0.084176 0.084176 0.009102 0.000131 0.011650 0.022745 0.043324 0.022213 0.011377 0.000001 0.044360 0.028423 0.000043 0.011377 1.000000
0.084200 0.084200 0.084200 0.084200 0.084200 0.084200 0.084200 0.084200 0.004662 0.000205 0.028432 0.028432 0.014224 0.022219 0.022219 0.000000 0.086192 0.086192 0.000054 0.007284 1.000000
0.084709 0.084709 0.084709 0.084709 0.084709 0.084709 0.084709 0.084709 0.014312 0.000403 0.035741 0.069557 0.011450 0.007329 0.014312 0.000007 0.028606 0.000169 0.000132 0.014312 1.000000
0.084238 0.084238 0.084238 0.084238 0.084238 0.084238 0.084238 0.084238 0.002388 0.000105 0.069168 0.028445 0.054138 0.054138 0.054138 0.000005 0.107344 0.001565 0.000014 0.005830 1.000000
0.084249 0.084249 0.084249 0.084249 0.084249 0.084249 0.084249 0.084249 0.000978 0.000043 0.086241 0.044399 0.022232 0.067571 0.043362 0.000001 0.107358 0.028448 0.000011 0.043362 1.000000
0.084282 0.084282 0.084282 0.084282 0.084282 0.084282 0.084282 0.084282 0.000626 0.000043 0.069205 0.086275 0.067598 0.043379 0.034727 0.000000 0.044417 0.133399 0.000007 0.054167 1.000000
0.084247 0.084247 0.084247 0.084247 0.084247 0.084247 0.084247 0.084247 0.001529 0.000256 0.044398 0.133345 0.027782 0.027782 0.054144 0.000001 0.035543 0.069176 0.000002 0.043361 1.000000
0.084273 0.084273 0.084273 0.084273 0.084273 0.084273 0.084273 0.084273 0.000783 0.000164 0.133386 0.069198 0.022239 0.034723 0.005832 0.000000 0.133386 0.055453 0.000043 0.034723 1.000000
0.084297 0.084297 0.084297 0.084297 0.084297 0.084297 0.084297 0.084297 0.000783 0.000034 0.133423 0.028465 0.054177 0.043387 0.034733 0.000000 0.107419 0.055469 0.000007 0.084297 1.000000
0.084272 0.084272 0.084272 0.084272 0.084272 0.084272 0.084272 0.084272 0.009113 0.000018 0.086265 0.086265 0.034723 0.027790 0.054161 0.000000 0.069197 0.133384 0.000005 0.027790 1.000000
0.084271 0.084271 0.084271 0.084271 0.084271 0.084271 0.084271 0.084271 0.001223 0.000067 0.165120 0.086264 0.017794 0.027790 0.034723 0.000001 0.069196 0.044411 0.000014 0.034723 1.000000
0.084203 0.084203 0.084203 0.084203 0.084203 0.084203 0.084203 0.084203 0.011381 0.000067 0.055407 0.055407 0.034694 0.014225 0.054116 0.000006 0.035524 0.000108 0.000018 0.043338 1.000000
0.084286 0.084286 0.084286 0.084286 0.084286 0.084286 0.084286 0.084286 0.000783 0.000034 0.086279 0.086279 0.034728 0.034728 0.043381 0.000000 0.133405 0.086279 0.000014 0.054169 1.000000
0.084231 0.084231 0.084231 0.084231 0.084231 0.084231 0.084231 0.084231 0.002388 0.000205 0.055425 0.133319 0.034705 0.034705 0.027776 0.000007 0.044389 0.001002 0.000005 0.034705 1.000000
0.084274 0.084274 0.084274 0.084274 0.084274 0.084274 0.084274 0.084274 0.001223 0.000054 0.028457 0.086267 0.034724 0.054162 0.034724 0.000000 0.107390 0.133387 0.000014 0.027791 1.000000
0.084880 0.084880 0.084880 0.084880 0.084880 0.084880 0.084880 0.084880 0.000631 0.000165 0.134325 0.134325 0.054555 0.043690 0.084880 0.000000 0.044735 0.086887 0.000000 0.068080 1.000000
0.084248 0.084248 0.084248 0.084248 0.084248 0.084248 0.084248 0.084248 0.001223 0.000084 0.133347 0.055437 0.034713 0.027782 0.022232 0.000000 0.086241 0.069177 0.000022 0.022232 1.000000
0.084262 0.084262 0.084262 0.084262 0.084262 0.084262 0.084262 0.084262 0.000626 0.000043 0.107374 0.086254 0.043369 0.054154 0.067581 0.000002 0.055446 0.007464 0.000007 0.043369 1.000000
0.084288 0.084288 0.084288 0.084288 0.084288 0.084288 0.084288 0.084288 0.000054 0.014239 0.069209 0.107407 0.027796 0.054171 0.054171 0.000000 0.107407 0.107407 0.000000 0.034729 1.000000
0.084268 0.084268 0.084268 0.084268 0.084268 0.084268 0.084268 0.084268 0.000978 0.000043 0.055450 0.055450 0.043372 0.043372 0.054158 0.000000 0.086261 0.133377 0.000011 0.034721 1.000000
0.084207 0.084207 0.084207 0.084207 0.084207 0.084207 0.084207 0.084207 0.001528 0.000084 0.055409 0.044376 0.043340 0.011381 0.027768 0.000002 0.069143 0.022754 0.000018 0.054118 1.000000
0.084262 0.084262 0.084262 0.084262 0.084262 0.084262 0.084262 0.084262 0.000783 0.000084 0.086254 0.086254 0.022236 0.054154 0.011389 0.000000 0.044406 0.107374 0.000018 0.067581 1.000000
0.084301 0.084301 0.084301 0.084301 0.084301 0.084301 0.084301 0.084301 0.000626 0.000054 0.107423 0.055472 0.034735 0.067613 0.027800 0.000000 0.107423 0.133428 0.000011 0.043389 1.000000
0.084296 0.084296 0.084296 0.084296 0.084296 0.084296 0.084296 0.084296 0.000501 0.000054 0.107417 0.107417 0.084296 0.017799 0.043386 0.000000 0.107417 0.055468 0.000014 0.034733 1.000000
0.084252 0.084252 0.084252 0.084252 0.084252 0.084252 0.084252 0.084252 0.000783 0.000043 0.044401 0.107362 0.034715 0.043364 0.054148 0.000001 0.086245 0.044401 0.000009 0.054148 1.000000
0.084267 0.084267 0.084267 0.084267 0.084267 0.084267 0.084267 0.084267 0.000034 0.000321 0.044409 0.107381 0.027789 0.043372 0.084267 0.000005 0.107381 0.001566 0.000054 0.034721 1.000000
0.084241 0.084241 0.084241 0.084241 0.084241 0.084241 0.084241 0.084241 0.009109 0.000034 0.022763 0.107347 0.027780 0.054140 0.067564 0.000007 0.035541 0.000108 0.000009 0.054140 1.000000
0.084215 0.084215 0.084215 0.084215 0.084215 0.084215 0.084215 0.084215 0.005828 0.000626 0.055415 0.055415 0.007285 0.017782 0.000401 0.000001 0.107315 0.055415 0.000164 0.043345 1.000000
0.084383 0.084383 0.084383 0.084383 0.084383 0.084383 0.084383 0.084383 0.000502 0.000067 0.133555 0.133555 0.054232 0.034769 0.054232 0.000000 0.107527 0.165330 0.000004 0.054232 1.000000
0.084363 0.084363 0.084363 0.084363 0.084363 0.084363 0.084363 0.084363 0.000784 0.000043 0.165292 0.133524 0.054219 0.034761 0.054219 0.000005 0.000642 0.133524 0.000006 0.067663 1.000000
0.084348 0.084348 0.084348 0.084348 0.084348 0.084348 0.084348 0.084348 0.002989 0.000022 0.086342 0.165264 0.084348 0.054210 0.084348 0.000007 0.044451 0.000086 0.000004 0.067651 1.000000
0.084309 0.084309 0.084309 0.084309 0.084309 0.084309 0.084309 0.084309 0.084309 0.000007 0.055477 0.133441 0.054184 0.067619 0.067619 0.000006 0.035570 0.000108 0.000002 0.043393 1.000000
0.084428 0.084428 0.084428 0.084428 0.084428 0.084428 0.084428 0.084428 0.007304 0.000005 0.165414 0.165414 0.043455 0.084428 0.054261 0.000000 0.086424 0.133625 0.000001 0.067715 1.000000
0.084317 0.084317 0.084317 0.084317 0.084317 0.084317 0.084317 0.084317 0.084317 0.000002 0.028472 0.086311 0.067626 0.054190 0.067626 0.000000 0.022784 0.107444 0.000001 0.067626 1.000000
0.084363 0.084363 0.084363 0.084363 0.084363 0.084363 0.084363 0.084363 0.000627 0.000028 0.133524 0.133524 0.054219 0.067663 0.084363 0.000005 0.133524 0.000802 0.000006 0.043421 1.000000
0.084376 0.084376 0.084376 0.084376 0.084376 0.084376 0.084376 0.084376 0.004672 0.000321 0.133545 0.165318 0.084376 0.084376 0.067674 0.000007 0.009343 0.000642 0.000000 0.067674 1.000000
0.084378 0.084378 0.084378 0.084378 0.084378 0.084378 0.084378 0.084378 0.000784 0.084378 0.086373 0.107521 0.067675 0.067675 0.000401 0.000000 0.165321 0.069284 0.000000 0.067675 1.000000
0.084302 0.084302 0.084302 0.084302 0.084302 0.084302 0.084302 0.084302 0.000783 0.000022 0.069221 0.069221 0.084302 0.054180 0.067614 0.000000 0.107425 0.086296 0.000006 0.043390 1.000000
0.084411 0.084411 0.084411 0.084411 0.084411 0.084411 0.084411 0.084411 0.084411 0.000004 0.086408 0.165384 0.054251 0.067702 0.067702 0.000005 0.165384 0.000055 0.000001 0.054251 1.000000
0.084381 0.084381 0.084381 0.084381 0.084381 0.084381 0.084381 0.084381 0.002990 0.000007 0.107524 0.133552 0.054231 0.067677 0.054231 0.000000 0.107524 0.133552 0.000002 0.084381 1.000000
0.084384 0.084384 0.084384 0.084384 0.084384 0.084384 0.084384 0.084384 0.004672 0.000164 0.133557 0.107528 0.067680 0.084384 0.054233 0.000007 0.000055 0.165332 0.000000 0.067680 1.000000
0.084402 0.084402 0.084402 0.084402 0.084402 0.084402 0.084402 0.084402 0.084402 0.001225 0.133584 0.133584 0.067694 0.067694 0.000784 0.000000 0.086398 0.133584 0.000000 0.067694 1.000000
0.084329 0.084329 0.084329 0.084329 0.084329 0.084329 0.084329 0.084329 0.084329 0.000009 0.044441 0.107459 0.084329 0.022254 0.054197 0.000005 0.000086 0.133471 0.000002 0.054197 1.000000
0.084364 0.084364 0.084364 0.084364 0.084364 0.084364 0.084364 0.084364 0.084364 0.000002 0.107503 0.133526 0.054220 0.054220 0.054220 0.000001 0.107503 0.004783 0.000001 0.084364 1.000000
0.084366 0.084366 0.084366 0.084366 0.084366 0.084366 0.084366 0.084366 0.000321 0.000028 0.107506 0.165299 0.054222 0.067666 0.067666 0.000000 0.107506 0.086361 0.000006 0.054222 1.000000
0.084437 0.084437 0.084437 0.084437 0.084437 0.084437 0.084437 0.084437 0.014265 0.084437 0.035624 0.165432 0.054267 0.043460 0.002992 0.000000 0.165432 0.165432 0.000000 0.067723 1.000000
0.084396 0.084396 0.084396 0.084396 0.084396 0.084396 0.084396 0.084396 0.000321 0.000028 0.107543 0.133575 0.054241 0.067689 0.054241 0.000000 0.133575 0.133575 0.000005 0.084396 1.000000
0.084409 0.084409 0.084409 0.084409 0.084409 0.084409 0.084409 0.084409 0.000321 0.000043 0.165379 0.165379 0.034780 0.067700 0.043445 0.000000 0.133596 0.107560 0.000007 0.054249 1.000000
0.084356 0.084356 0.084356 0.084356 0.084356 0.084356 0.084356 0.084356 0.000502 0.000401 0.086351 0.165280 0.034758 0.054215 0.043418 0.000000 0.069266 0.133514 0.000000 0.084356 1.000000
0.084379 0.084379 0.084379 0.084379 0.084379 0.084379 0.084379 0.084379 0.000401 0.000022 0.107521 0.165322 0.084379 0.054230 0.054230 0.000000 0.086374 0.107521 0.000005 0.067676 1.000000
0.084271 0.084271 0.084271 0.084271 0.084271 0.084271 0.084271 0.084271 0.005832 0.000501 0.133382 0.107385 0.027790 0.054160 0.054160 0.000007 0.044410 0.000210 0.000000 0.043374 1.000000
0.084895 0.084895 0.084895 0.084895 0.084895 0.084895 0.084895 0.084895 0.054564 0.084895 0.018357 0.086903 0.084895 0.054564 0.000258 0.000000 0.166294 0.055866 0.000000 0.054564 1.000000
0.084383 0.084383 0.084383 0.084383 0.084383 0.084383 0.084383 0.084383 0.000627 0.000321 0.107527 0.165330 0.054232 0.034769 0.054232 0.000000 0.133555 0.133555 0.000001 0.054232 1.000000
0.084431 0.084431 0.084431 0.084431 0.084431 0.084431 0.084431 0.084431 0.005843 0.000502 0.165420 0.133629 0.067717 0.084431 0.067717 0.000007 0.165420 0.000035 0.000000 0.067717 1.000000
0.083974 0.083974 0.083974 0.083974 0.083974 0.083974 0.083974 0.083974 0.083974 0.000002 0.164560 0.085960 0.053967 0.083974 0.083974 0.000000 0.164560 0.164560 0.000000 0.067349 1.000000
0.084362 0.084362 0.084362 0.084362 0.084362 0.084362 0.084362 0.084362 0.005839 0.000401 0.133524 0.165291 0.054219 0.084362 0.084362 0.000006 0.028487 0.000168 0.000000 0.054219 1.000000
0.084455 0.084455 0.084455 0.084455 0.084455 0.084455 0.084455 0.084455 0.000502 0.000105 0.165465 0.107617 0.067737 0.084455 0.084455 0.000000 0.133666 0.165465 0.000001 0.034799 1.000000
0.084339 0.084339 0.084339 0.084339 0.084339 0.084339 0.084339 0.084339 0.084339 0.000084 0.107472 0.107472 0.067644 0.067644 0.067644 0.000005 0.055497 0.000135 0.000000 0.067644 1.000000
0.084373 0.084373 0.084373 0.084373 0.084373 0.084373 0.084373 0.084373 0.084373 0.000007 0.133541 0.107515 0.084373 0.034765 0.084373 0.000006 0.086369 0.000055 0.000001 0.067671 1.000000
0.084346 0.084346 0.084346 0.084346 0.084346 0.084346 0.084346 0.084346 0.000979 0.000018 0.107480 0.107480 0.067649 0.084346 0.084346 0.000006 0.069257 0.000802 0.000003 0.084346 1.000000
0.084446 0.084446 0.084446 0.084446 0.084446 0.084446 0.084446 0.084446 0.084446 0.000003 0.133653 0.133653 0.084446 0.054273 0.067730 0.000005 0.000028 0.165449 0.000001 0.084446 1.000000
0.083985 0.083985 0.083985 0.083985 0.083985 0.083985 0.083985 0.083985 0.000256 0.000014 0.164580 0.164580 0.067358 0.083985 0.083985 0.000000 0.132938 0.164580 0.000004 0.083985 1.000000
0.084343 0.084343 0.084343 0.084343 0.084343 0.084343 0.084343 0.084343 0.007296 0.000627 0.107476 0.133493 0.067647 0.084343 0.084343 0.000006 0.000086 0.086337 0.000000 0.043411 1.000000
0.084355 0.084355 0.084355 0.084355 0.084355 0.084355 0.084355 0.084355 0.004671 0.000084 0.069265 0.133513 0.067657 0.067657 0.067657 0.000006 0.165278 0.000044 0.000001 0.054214 1.000000
0.084360 0.084360 0.084360 0.084360 0.084360 0.084360 0.084360 0.084360 0.002989 0.000105 0.107498 0.165287 0.067661 0.067661 0.084360 0.000007 0.069269 0.000108 0.000000 0.067661 1.000000
0.084385 0.084385 0.084385 0.084385 0.084385 0.084385 0.084385 0.084385 0.084385 0.000005 0.028495 0.107529 0.067681 0.067681 0.067681 0.000006 0.165333 0.000035 0.000001 0.084385 1.000000
0.084382 0.084382 0.084382 0.084382 0.084382 0.084382 0.084382 0.084382 0.005840 0.000401 0.133554 0.165328 0.067678 0.067678 0.067678 0.000007 0.086377 0.000044 0.000000 0.084382 1.000000
0.084401 0.084401 0.084401 0.084401 0.084401 0.084401 0.084401 0.084401 0.000401 0.000018 0.107549 0.107549 0.067693 0.054244 0.084401 0.000000 0.133583 0.133583 0.000005 0.084401 1.000000
0.084438 0.084438 0.084438 0.084438 0.084438 0.084438 0.084438 0.084438 0.084438 0.000002 0.133641 0.133641 0.054268 0.084438 0.084438 0.000001 0.001961 0.165434 0.000000 0.054268 1.000000
0.085003 0.085003 0.085003 0.085003 0.085003 0.085003 0.085003 0.085003 0.085003 0.004707 0.134516 0.108310 0.054634 0.068179 0.003013 0.000000 0.166496 0.166496 0.000000 0.085003 1.000000
0.084411 0.084411 0.084411 0.084411 0.084411 0.084411 0.084411 0.084411 0.084411 0.000018 0.086408 0.165384 0.054251 0.067702 0.054251 0.000005 0.000055 0.165384 0.000000 0.067702 1.000000
0.084463 0.084463 0.084463 0.084463 0.084463 0.084463 0.084463 0.084463 0.084463 0.000003 0.133679 0.086460 0.067743 0.054284 0.067743 0.000000 0.165480 0.165480 0.000000 0.067743 1.000000
0.084447 0.084447 0.084447 0.084447 0.084447 0.084447 0.084447 0.084447 0.003741 0.000105 0.133655 0.165451 0.084447 0.054274 0.084447 0.000006 0.165451 0.000044 0.000000 0.084447 1.000000
0.084469 0.084469 0.084469 0.084469 0.084469 0.084469 0.084469 0.084469 0.084469 0.000054 0.165493 0.165493 0.084469 0.067749 0.054288 0.000004 0.000044 0.133689 0.000000 0.084469 1.000000
0.084381 0.084381 0.084381 0.084381 0.084381 0.084381 0.084381 0.084381 0.004672 0.000054 0.165326 0.107524 0.067677 0.084381 0.054231 0.000006 0.000035 0.107524 0.000001 0.084381 1.000000
0.084389 0.084389 0.084389 0.084389 0.084389 0.084389 0.084389 0.084389 0.084389 0.000164 0.069293 0.133565 0.067684 0.084389 0.067684 0.000000 0.086385 0.107535 0.000000 0.067684 1.000000
0.084387 0.084387 0.084387 0.084387 0.084387 0.084387 0.084387 0.084387 0.005840 0.000401 0.165338 0.133562 0.067682 0.067682 0.054235 0.000007 0.000044 0.133562 0.000000 0.067682 1.000000
0.084483 0.084483 0.084483 0.084483 0.084483 0.084483 0.084483 0.084483 0.000502 0.000067 0.133711 0.107654 0.084483 0.084483 0.084483 0.000000 0.165519 0.165519 0.000000 0.067760 1.000000
0.084452 0.084452 0.084452 0.084452 0.084452 0.084452 0.084452 0.084452 0.004676 0.000257 0.107614 0.165460 0.084452 0.084452 0.084452 0.000006 0.165460 0.000055 0.000000 0.084452 1.000000
0.084490 0.084490 0.084490 0.084490 0.084490 0.084490 0.084490 0.084490 0.084490 0.000043 0.165531 0.133721 0.084490 0.084490 0.067765 0.000004 0.165531 0.000044 0.000000 0.084490 1.000000
0.084487 0.084487 0.084487 0.084487 0.084487 0.084487 0.084487 0.084487 0.084487 0.000002 0.107658 0.165525 0.084487 0.084487 0.084487 0.000006 0.000035 0.165525 0.000001 0.084487 1.000000
0.084394 0.084394 0.084394 0.084394 0.084394 0.084394 0.084394 0.084394 0.084394 0.000006 0.133573 0.133573 0.067688 0.084394 0.067688 0.000005 0.055534 0.000035 0.000001 0.084394 0.189730
0.084031 0.084031 0.084031 0.084031 0.084031 0.084031 0.084031 0.084031 0.084031 0.000001 0.164667 0.164667 0.084031 0.084031 0.084031 0.000000 0.164667 0.133010 0.000000 0.084031 1.000000
0.084471 0.084471 0.084471 0.084471 0.084471 0.084471 0.084471 0.084471 0.084471 0.000001 0.133692 0.165496 0.084471 0.067750 0.084471 0.000000 0.133692 0.044517 0.000000 0.084471 1.000000
0.084505 0.084505 0.084505 0.084505 0.084505 0.084505 0.084505 0.084505 0.043495 0.000001 0.107681 0.165559 0.084505 0.084505 0.084505 0.000000 0.133744 0.165559 0.000000 0.084505 1.000000
0.084490 0.084490 0.084490 0.084490 0.084490 0.084490 0.084490 0.084490 0.084490 0.000001 0.133721 0.165532 0.084490 0.084490 0.067765 0.000000 0.165532 0.011694 0.000000 0.084490 1.000000
0.084408 0.084408 0.084408 0.084408 0.084408 0.084408 0.084408 0.084408 0.084408 0.000004 0.107558 0.133594 0.084408 0.084408 0.084408 0.000004 0.069309 0.000108 0.000000 0.084408 1.000000
0.083965 0.083965 0.083965 0.083965 0.083965 0.083965 0.083965 0.083965 0.083965 0.000003 0.132908 0.164543 0.083965 0.083965 0.083965 0.000005 0.164543 0.000044 0.000000 0.083965 1.000000
0.084006 0.084006 0.084006 0.084006 0.084006 0.084006 0.084006 0.084006 0.000002 0.084006 0.164621 0.164621 0.067376 0.084006 0.067376 0.000000 0.164621 0.132972 0.000000 0.084006 1.000000
0.084374 0.084374 0.084374 0.084374 0.084374 0.084374 0.084374 0.084374 0.001531 0.000105 0.086369 0.165313 0.054227 0.067672 0.067672 0.000005 0.000642 0.133541 0.000000 0.084374 1.000000
0.084491 0.084491 0.084491 0.084491 0.084491 0.084491 0.084491 0.084491 0.000402 0.000084 0.133722 0.165533 0.084491 0.084491 0.054302 0.000000 0.133722 0.165533 0.000000 0.084491 1.000000
0.084390 0.084390 0.084390 0.084390 0.084390 0.084390 0.084390 0.084390 0.084390 0.000006 0.107536 0.133566 0.084390 0.067685 0.084390 0.000006 0.086385 0.000055 0.000000 0.067685 1.000000
0.084030 0.084030 0.084030 0.084030 0.084030 0.084030 0.084030 0.084030 0.084030 0.000002 0.164665 0.164665 0.067394 0.067394 0.084030 0.000000 0.164665 0.164665 0.000000 0.084030 1.000000
0.083980 0.083980 0.083980 0.083980 0.083980 0.083980 0.083980 0.083980 0.083980 0.000001 0.164573 0.164573 0.083980 0.083980 0.083980 0.000000 0.044256 0.164573 0.000000 0.067355 1.000000
0.084469 0.084469 0.084469 0.084469 0.084469 0.084469 0.084469 0.084469 0.084469 0.000043 0.165493 0.133689 0.054288 0.084469 0.067749 0.000004 0.000044 0.165493 0.000000 0.084469 1.000000
0.084407 0.084407 0.084407 0.084407 0.084407 0.084407 0.084407 0.084407 0.084407 0.000003 0.055542 0.133592 0.084407 0.084407 0.067698 0.000006 0.133592 0.000044 0.000001 0.084407 0.339869
0.084493 0.084493 0.084493 0.084493 0.084493 0.084493 0.084493 0.084493 0.084493 0.000043 0.165537 0.165537 0.084493 0.084493 0.067768 0.000004 0.000055 0.165537 0.000000 0.054304 1.000000
0.083961 0.083961 0.083961 0.083961 0.083961 0.083961 0.083961 0.083961 0.009078 0.000005 0.164535 0.164535 0.067339 0.067339 0.083961 0.000000 0.164535 0.132901 0.000000 0.067339 1.000000
0.083976 0.083976 0.083976 0.083976 0.083976 0.083976 0.083976 0.083976 0.083976 0.000034 0.164564 0.164564 0.083976 0.083976 0.067351 0.000004 0.000044 0.164564 0.000000 0.083976 1.000000
0.083995 0.083995 0.083995 0.083995 0.083995 0.083995 0.083995 0.083995 0.083995 0.000320 0.164601 0.132955 0.083995 0.083995 0.083995 0.000000 0.132955 0.164601 0.000000 0.067367 1.000000
0.084431 0.084431 0.084431 0.084431 0.084431 0.084431 0.084431 0.084431 0.084431 0.000054 0.133629 0.165420 0.084431 0.084431 0.067717 0.000006 0.107587 0.000044 0.000000 0.054263 1.000004
0.084429 0.084429 0.084429 0.084429 0.084429 0.084429 0.084429 0.084429 0.007304 0.000402 0.165417 0.107585 0.084429 0.084429 0.084429 0.000006 0.000044 0.133627 0.000000 0.084429 1.000000
0.084447 0.084447 0.084447 0.084447 0.084447 0.084447 0.084447 0.084447 0.002993 0.000067 0.133655 0.165451 0.084447 0.084447 0.054274 0.000006 0.165451 0.000044 0.000001 0.084447 0.341671
0.084003 0.084003 0.084003 0.084003 0.084003 0.084003 0.084003 0.084003 0.084003 0.000001 0.107048 0.164616 0.067373 0.084003 0.084003 0.000000 0.164616 0.164616 0.000000 0.084003 1.000000
0.084428 0.084428 0.084428 0.084428 0.084428 0.084428 0.084428 0.084428 0.084428 0.000003 0.086425 0.133626 0.067716 0.067716 0.084428 0.000006 0.000055 0.165416 0.000001 0.084428 0.275493
0.084426 0.084426 0.084426 0.084426 0.084426 0.084426 0.084426 0.084426 0.084426 0.000006 0.133622 0.107582 0.084426 0.067714 0.067714 0.000006 0.000044 0.165411 0.000000 0.067714 1.000000
0.084438 0.084438 0.084438 0.084438 0.084438 0.084438 0.084438 0.084438 0.084438 0.000006 0.133641 0.165435 0.067724 0.084438 0.084438 0.000004 0.107597 0.000044 0.000000 0.067724 1.000000
0.084440 0.084440 0.084440 0.084440 0.084440 0.084440 0.084440 0.084440 0.003740 0.000011 0.107599 0.165437 0.084440 0.084440 0.067725 0.000007 0.000028 0.165437 0.000003 0.084440 1.000000
0.084016 0.084016 0.084016 0.084016 0.084016 0.084016 0.084016 0.084016 0.084016 0.000001 0.107063 0.164639 0.084016 0.084016 0.084016 0.000000 0.164639 0.164639 0.000000 0.084016 1.000000
0.083988 0.083988 0.083988 0.083988 0.083988 0.083988 0.083988 0.083988 0.083988 0.000003 0.164587 0.164587 0.083988 0.083988 0.083988 0.000004 0.000044 0.164587 0.000000 0.083988 0.349156
0.084003 0.084003 0.084003 0.084003 0.084003 0.084003 0.084003 0.084003 0.084003 0.000001 0.107048 0.164616 0.084003 0.067373 0.084003 0.000000 0.164616 0.164616 0.000000 0.084003 1.000000
0.084054 0.084054 0.084054 0.084054 0.084054 0.084054 0.084054 0.084054 0.084054 0.000001 0.164711 0.164711 0.084054 0.084054 0.084054 0.000000 0.164711 0.164711 0.000000 0.084054 1.000000
0.083976 0.083976 0.083976 0.083976 0.083976 0.083976 0.083976 0.083976 0.083976 0.000034 0.164564 0.164564 0.067351 0.083976 0.083976 0.000004 0.000044 0.164564 0.000000 0.083976 0.349222
0.084468 0.084468 0.084468 0.084468 0.084468 0.084468 0.084468 0.084468 0.002993 0.000067 0.165489 0.133686 0.084468 0.084468 0.084468 0.000007 0.000055 0.165489 0.000000 0.084468 1.000000
0.083976 0.083976 0.083976 0.083976 0.083976 0.083976 0.083976 0.083976 0.083976 0.000005 0.164564 0.164564 0.067351 0.083976 0.083976 0.000004 0.000044 0.164564 0.000000 0.083976 1.000000
0.083965 0.083965 0.083965 0.083965 0.083965 0.083965 0.083965 0.083965 0.083965 0.000002 0.164543 0.164543 0.083965 0.083965 0.083965 0.000003 0.000167 0.132908 0.000000 0.083965 1.000000
0.084466 0.084466 0.084466 0.084466 0.084466 0.084466 0.084466 0.084466 0.084466 0.000043 0.165486 0.165486 0.084466 0.084466 0.084466 0.000006 0.055581 0.000044 0.000000 0.084466 0.356198
0.084088 0.084088 0.084088 0.084088 0.084088 0.084088 0.084088 0.084088 0.084088 0.084088 0.164775 0.164775 0.084088 0.084088 0.084088 0.000000 0.164775 0.164775 0.000000 0.084088 1.000000
0.083968 0.083968 0.083968 0.083968 0.083968 0.083968 0.083968 0.083968 0.083968 0.000001 0.107003 0.164549 0.083968 0.067345 0.083968 0.000000 0.132913 0.164549 0.000000 0.067345 1.000000
0.084487 0.084487 0.084487 0.084487 0.084487 0.084487 0.084487 0.084487 0.084487 0.000004 0.107658 0.165525 0.084487 0.084487 0.084487 0.000005 0.165525 0.000044 0.000000 0.084487 1.000000
0.084053 0.084053 0.084053 0.084053 0.084053 0.084053 0.084053 0.084053 0.084053 0.084053 0.164709 0.133044 0.084053 0.084053 0.084053 0.000000 0.164709 0.164709 0.000000 0.067413 1.000000
0.084088 0.084088 0.084088 0.084088 0.084088 0.084088 0.084088 0.084088 0.084088 0.084088 0.164775 0.164775 0.084088 0.084088 0.084088 0.000000 0.164775 0.164775 0.000000 0.084088 1.000000
0.083976 0.083976 0.083976 0.083976 0.083976 0.083976 0.083976 0.083976 0.083976 0.000003 0.164564 0.164564 0.067351 0.083976 0.083976 0.000004 0.000044 0.164564 0.000000 0.083976 1.000000
0.084451 0.084451 0.084451 0.084451 0.084451 0.084451 0.084451 0.084451 0.084451 0.000005 0.107613 0.133661 0.084451 0.084451 0.067734 0.000004 0.165458 0.000044 0.000000 0.084451 0.189526
0.084458 0.084458 0.084458 0.084458 0.084458 0.084458 0.084458 0.084458 0.084458 0.000005 0.165471 0.165471 0.067739 0.084458 0.084458 0.000004 0.069350 0.000086 0.000000 0.084458 0.346143
0.084477 0.084477 0.084477 0.084477 0.084477 0.084477 0.084477 0.084477 0.084477 0.000005 0.165508 0.165508 0.067755 0.084477 0.067755 0.000005 0.000055 0.133702 0.000000 0.084477 0.342812
0.084030 0.084030 0.084030 0.084030 0.084030 0.084030 0.084030 0.084030 0.084030 0.000002 0.164665 0.164665 0.084030 0.067394 0.067394 0.000000 0.164665 0.164665 0.000000 0.084030 1.000000
0.084031 0.084031 0.084031 0.084031 0.084031 0.084031 0.084031 0.084031 0.084031 0.000001 0.133010 0.164667 0.084031 0.084031 0.084031 0.000000 0.164667 0.164667 0.000000 0.084031 1.000000
0.083965 0.083965 0.083965 0.083965 0.083965 0.083965 0.083965 0.083965 0.083965 0.000003 0.132908 0.164543 0.083965 0.083965 0.083965 0.000005 0.164543 0.000044 0.000000 0.083965 1.000000
0.084054 0.084054 0.084054 0.084054 0.084054 0.084054 0.084054 0.084054 0.084054 0.000001 0.164711 0.164711 0.084054 0.084054 0.084054 0.000000 0.164711 0.164711 0.000000 0.084054 1.000000
0.084490 0.084490 0.084490 0.084490 0.084490 0.084490 0.084490 0.084490 0.084490 0.000043 0.165531 0.165531 0.067765 0.084490 0.084490 0.000004 0.000044 0.133721 0.000000 0.084490 1.000000
0.084443 0.084443 0.084443 0.084443 0.084443 0.084443 0.084443 0.084443 0.084443 0.000005 0.165442 0.133648 0.084443 0.084443 0.084443 0.000005 0.055566 0.000044 0.000000 0.084443 0.349575
0.084490 0.084490 0.084490 0.084490 0.084490 0.084490 0.084490 0.084490 0.084490 0.000004 0.133721 0.165531 0.084490 0.084490 0.084490 0.000004 0.165531 0.000044 0.000000 0.067765 0.342313
0.083988 0.083988 0.083988 0.083988 0.083988 0.083988 0.083988 0.083988 0.083988 0.000003 0.164587 0.164587 0.083988 0.083988 0.083988 0.000004 0.000044 0.164587 0.000000 0.083988 0.349156
0.084054 0.084054 0.084054 0.084054 0.084054 0.084054 0.084054 0.084054 0.084054 0.000001 0.164711 0.164711 0.084054 0.084054 0.084054 0.000000 0.164711 0.164711 0.000000 0.084054 0.191189
0.083976 0.083976 0.083976 0.083976 0.083976 0.083976 0.083976 0.083976 0.083976 0.000004 0.164564 0.164564 0.083976 0.083976 0.067351 0.000004 0.000044 0.164564 0.000000 0.083976 0.191165
0.084054 0.084054 0.084054 0.084054 0.084054 0.084054 0.084054 0.084054 0.084054 0.000001 0.164711 0.164711 0.084054 0.084054 0.084054 0.000000 0.164711 0.164711 0.000000 0.084054 1.000000
0.084054 0.084054 0.084054 0.084054 0.084054 0.084054 0.084054 0.084054 0.084054 0.000001 0.164711 0.164711 0.084054 0.084054 0.084054 0.000000 0.164711 0.164711 0.000000 0.084054 1.000000
0.084030 0.084030 0.084030 0.084030 0.084030 0.084030 0.084030 0.084030 0.084030 0.000001 0.164665 0.164665 0.084030 0.084030 0.067394 0.000000 0.164665 0.164665 0.000000 0.067394 1.000000
0.084019 0.084019 0.084019 0.084019 0.084019 0.084019 0.084019 0.084019 0.084019 0.000001 0.164644 0.164644 0.084019 0.067385 0.084019 0.000000 0.164644 0.132991 0.000000 0.084019 1.000000
0.084019 0.084019 0.084019 0.084019 0.084019 0.084019 0.084019 0.084019 0.084019 0.000001 0.164644 0.164644 0.084019 0.084019 0.067385 0.000000 0.132991 0.164644 0.000000 0.084019 1.000000
0.083996 0.083996 0.083996 0.083996 0.083996 0.083996 0.083996 0.083996 0.000399 0.000084 0.164601 0.164601 0.067367 0.067367 0.083996 0.000000 0.164601 0.164601 0.000000 0.083996 1.000000
0.083972 0.083972 0.083972 0.083972 0.083972 0.083972 0.083972 0.083972 0.083972 0.000001 0.132919 0.132919 0.083972 0.083972 0.067348 0.000000 0.164557 0.132919 0.000000 0.083972 1.000000
0.084024 0.084024 0.084024 0.084024 0.084024 0.084024 0.084024 0.084024 0.084024 0.000400 0.164654 0.164654 0.084024 0.027707 0.084024 0.000000 0.164654 0.164654 0.000000 0.084024 1.000000
0.084042 0.084042 0.084042 0.084042 0.084042 0.084042 0.084042 0.084042 0.084042 0.000001 0.164688 0.164688 0.084042 0.084042 0.067404 0.000000 0.164688 0.164688 0.000000 0.084042 1.000000
0.084054 0.084054 0.084054 0.084054 0.084054 0.084054 0.084054 0.084054 0.084054 0.000001 0.164711 0.164711 0.084054 0.084054 0.084054 0.000000 0.164711 0.164711 0.000000 0.084054 1.000000
0.084029 0.084029 0.084029 0.084029 0.084029 0.084029 0.084029 0.084029 0.084029 0.000002 0.164664 0.164664 0.084029 0.084029 0.043248 0.000000 0.164664 0.164664 0.000000 0.084029 1.000000
0.084042 0.084042 0.084042 0.084042 0.084042 0.084042 0.084042 0.084042 0.084042 0.000001 0.164688 0.164688 0.067404 0.084042 0.084042 0.000000 0.164688 0.164688 0.000000 0.084042 1.000000
0.084054 0.084054 0.084054 0.084054 0.084054 0.084054 0.084054 0.084054 0.084054 0.000001 0.164711 0.164711 0.084054 0.084054 0.084054 0.000000 0.164711 0.164711 0.000000 0.084054 1.000000
0.084469 0.084469 0.084469 0.084469 0.084469 0.084469 0.084469 0.084469 0.084469 0.000043 0.165493 0.133689 0.054288 0.067749 0.084469 0.000005 0.165493 0.000055 0.000000 0.084469 1.000000
0.084054 0.084054 0.084054 0.084054 0.084054 0.084054 0.084054 0.084054 0.084054 0.000001 0.164711 0.164711 0.084054 0.084054 0.084054 0.000000 0.164711 0.164711 0.000000 0.084054 1.000000
0.084054 0.084054 0.084054 0.084054 0.084054 0.084054 0.084054 0.084054 0.084054 0.000001 0.164711 0.164711 0.084054 0.084054 0.084054 0.000000 0.164711 0.164711 0.000000 0.084054 1.000000
0.084054 0.084054 0.084054 0.084054 0.084054 0.084054 0.084054 0.084054 0.084054 0.000001 0.164711 0.164711 0.084054 0.084054 0.084054 0.000000 0.164711 0.164711 0.000000 0.084054 1.000000
0.084054 0.084054 0.084054 0.084054 0.084054 0.084054 0.084054 0.084054 0.084054 0.000001 0.164711 0.164711 0.084054 0.084054 0.084054 0.000000 0.164711 0.164711 0.000000 0.084054 1.000000
0.084054 0.084054 0.084054 0.084054 0.084054 0.084054 0.084054 0.084054 0.084054 0.000001 0.164711 0.164711 0.084054 0.084054 0.084054 0.000000 0.164711 0.164711 0.000000 0.084054 1.000000
0.084031 0.084031 0.084031 0.084031 0.084031 0.084031 0.084031 0.084031 0.084031 0.000001 0.164667 0.133010 0.084031 0.084031 0.084031 0.000000 0.164667 0.164667 0.000000 0.084031 1.000000
0.084042 0.084042 0.084042 0.084042 0.084042 0.084042 0.084042 0.084042 0.084042 0.000001 0.164688 0.164688 0.084042 0.084042 0.067404 0.000000 0.164688 0.164688 0.000000 0.084042 1.000000
0.083976 0.083976 0.083976 0.083976 0.083976 0.083976 0.083976 0.083976 0.083976 0.000034 0.164564 0.164564 0.067351 0.083976 0.083976 0.000005 0.000055 0.164564 0.000000 0.083976 1.000000
0.084031 0.084031 0.084031 0.084031 0.084031 0.084031 0.084031 0.084031 0.084031 0.000001 0.133010 0.164667 0.084031 0.084031 0.084031 0.000000 0.164667 0.164667 0.000000 0.084031 1.000000
0.084054 0.084054 0.084054 0.084054 0.084054 0.084054 0.084054 0.084054 0.084054 0.000001 0.164711 0.164711 0.084054 0.084054 0.084054 0.000000 0.164711 0.164711 0.000000 0.084054 1.000000
0.084031 0.084031 0.084031 0.084031 0.084031 0.084031 0.084031 0.084031 0.084031 0.000001 0.164667 0.133010 0.084031 0.084031 0.084031 0.000000 0.164667 0.164667 0.000000 0.084031 1.000000
0.084019 0.084019 0.084019 0.084019 0.084019 0.084019 0.084019 0.084019 0.084019 0.000001 0.164644 0.164644 0.084019 0.084019 0.067385 0.000000 0.132991 0.164644 0.000000 0.084019 1.000000
0.084016 0.084016 0.084016 0.084016 0.084016 0.084016 0.084016 0.084016 0.084016 0.000001 0.107063 0.164639 0.084016 0.084016 0.084016 0.000000 0.164639 0.164639 0.000000 0.084016 1.000000
0.084054 0.084054 0.084054 0.084054 0.084054 0.084054 0.084054 0.084054 0.084054 0.000001 0.164711 0.164711 0.084054 0.084054 0.084054 0.000000 0.164711 0.164711 0.000000 0.084054 1.000000
0.084042 0.084042 0.084042 0.084042 0.084042 0.084042 0.084042 0.084042 0.084042 0.000001 0.164688 0.164688 0.084042 0.084042 0.084042 0.000000 0.164688 0.164688 0.000000 0.067404 1.000000
0.084054 0.084054 0.084054 0.084054 0.084054 0.084054 0.084054 0.084054 0.084054 0.000001 0.164711 0.164711 0.084054 0.084054 0.084054 0.000000 0.164711 0.164711 0.000000 0.084054 1.000000
0.084054 0.084054 0.084054 0.084054 0.084054 0.084054 0.084054 0.084054 0.084054 0.000001 0.164711 0.164711 0.084054 0.084054 0.084054 0.000000 0.164711 0.164711 0.000000 0.084054 1.000000
0.084019 0.084019 0.084019 0.084019 0.084019 0.084019 0.084019 0.084019 0.084019 0.000001 0.132991 0.164644 0.084019 0.084019 0.067385 0.000000 0.164644 0.164644 0.000000 0.084019 1.000000
0.084054 0.084054 0.084054 0.084054 0.084054 0.084054 0.084054 0.084054 0.084054 0.000001 0.164711 0.164711 0.084054 0.084054 0.084054 0.000000 0.164711 0.164711 0.000000 0.084054 1.000000
0.084054 0.084054 0.084054 0.084054 0.084054 0.084054 0.084054 0.084054 0.084054 0.000001 0.164711 0.164711 0.084054 0.084054 0.084054 0.000000 0.164711 0.164711 0.000000 0.084054 1.000000
0.084054 0.084054 0.084054 0.084054 0.084054 0.084054 0.084054 0.084054 0.084054 0.000001 0.164711 0.164711 0.084054 0.084054 0.084054 0.000000 0.164711 0.164711 0.000000 0.084054 1.000000
0.084054 0.084054 0.084054 0.084054 0.084054 0.084054 0.084054 0.084054 0.084054 0.000001 0.164711 0.164711 0.084054 0.084054 0.084054 0.000000 0.164711 0.164711 0.000000 0.084054 1.000000
0.084054 0.084054 0.084054 0.084054 0.084054 0.084054 0.084054 0.084054 0.084054 0.000001 0.164711 0.164711 0.084054 0.084054 0.084054 0.000000 0.164711 0.164711 0.000000 0.084054 1.000000
0.084042 0.084042 0.084042 0.084042 0.084042 0.084042 0.084042 0.084042 0.084042 0.000001 0.164688 0.164688 0.067404 0.084042 0.084042 0.000000 0.164688 0.164688 0.000000 0.084042 1.000000
0.084031 0.084031 0.084031 0.084031 0.084031 0.084031 0.084031 0.084031 0.084031 0.000001 0.164667 0.164667 0.084031 0.084031 0.084031 0.000000 0.133010 0.164667 0.000000 0.084031 1.000000
0.084054 0.084054 0.084054 0.084054 0.084054 0.084054 0.084054 0.084054 0.084054 0.000001 0.164711 0.164711 0.084054 0.084054 0.084054 0.000000 0.164711 0.164711 0.000000 0.084054 1.000000
0.084054 0.084054 0.084054 0.084054 0.084054 0.084054 0.084054 0.084054 0.084054 0.000001 0.164711 0.164711 0.084054 0.084054 0.084054 0.000000 0.164711 0.164711 0.000000 0.084054 1.000000
0.084054 0.084054 0.084054 0.084054 0.084054 0.084054 0.084054 0.084054 0.084054 0.000001 0.164711 0.164711 0.084054 0.084054 0.084054 0.000000 0.164711 0.164711 0.000000 0.084054 1.000000
0.084054 0.084054 0.084054 0.084054 0.084054 0.084054 0.084054 0.084054 0.084054 0.000001 0.164711 0.164711 0.084054 0.084054 0.084054 0.000000 0.164711 0.164711 0.000000 0.084054 1.000000
0.084042 0.084042 0.084042 0.084042 0.084042 0.084042 0.084042 0.084042 0.084042 0.000001 0.164688 0.164688 0.084042 0.067404 0.084042 0.000000 0.164688 0.164688 0.000000 0.084042 1.000000
0.084054 0.084054 0.084054 0.084054 0.084054 0.084054 0.084054 0.084054 0.084054 0.000001 0.164711 0.164711 0.084054 0.084054 0.084054 0.000000 0.164711 0.164711 0.000000 0.084054 1.000000
0.084054 0.084054 0.084054 0.084054 0.084054 0.084054 0.084054 0.084054 0.084054 0.000001 0.164711 0.164711 0.084054 0.084054 0.084054 0.000000 0.164711 0.164711 0.000000 0.084054 1.000000
0.084054 0.084054 0.084054 0.084054 0.084054 0.084054 0.084054 0.084054 0.084054 0.000001 0.164711 0.164711 0.084054 0.084054 0.084054 0.000000 0.164711 0.164711 0.000000 0.084054 1.000000
0.084054 0.084054 0.084054 0.084054 0.084054 0.084054 0.084054 0.084054 0.084054 0.000001 0.164711 0.164711 0.084054 0.084054 0.084054 0.000000 0.164711 0.164711 0.000000 0.084054 1.000000
0.084054 0.084054 0.084054 0.084054 0.084054 0.084054 0.084054 0.084054 0.084054 0.000001 0.164711 0.164711 0.084054 0.084054 0.084054 0.000000 0.164711 0.164711 0.000000 0.084054 1.000000
0.084054 0.084054 0.084054 0.084054 0.084054 0.084054 0.084054 0.084054 0.084054 0.000001 0.164711 0.164711 0.084054 0.084054 0.084054 0.000000 0.164711 0.164711 0.000000 0.084054 1.000000
0.084042 0.084042 0.084042 0.084042 0.084042 0.084042 0.084042 0.084042 0.084042 0.000001 0.164688 0.164688 0.067404 0.084042 0.084042 0.000000 0.164688 0.164688 0.000000 0.084042 1.000000
0.084054 0.084054 0.084054 0.084054 0.084054 0.084054 0.084054 0.084054 0.084054 0.000001 0.164711 0.164711 0.084054 0.084054 0.084054 0.000000 0.164711 0.164711 0.000000 0.084054 1.000000
0.084042 0.084042 0.084042 0.084042 0.084042 0.084042 0.084042 0.084042 0.084042 0.000001 0.164688 0.164688 0.084042 0.084042 0.084042 0.000000 0.164688 0.164688 0.000000 0.067404 1.000000
0.084031 0.084031 0.084031 0.084031 0.084031 0.084031 0.084031 0.084031 0.084031 0.000001 0.164667 0.164667 0.084031 0.084031 0.084031 0.000000 0.133010 0.164667 0.000000 0.084031 1.000000
0.084054 0.084054 0.084054 0.084054 0.084054 0.084054 0.084054 0.084054 0.084054 0.000001 0.164711 0.164711 0.084054 0.084054 0.084054 0.000000 0.164711 0.164711 0.000000 0.084054 1.000000
0.084054 0.084054 0.084054 0.084054 0.084054 0.084054 0.084054 0.084054 0.084054 0.000001 0.164711 0.164711 0.084054 0.084054 0.084054 0.000000 0.164711 0.164711 0.000000 0.084054 1.000000
0.084054 0.084054 0.084054 0.084054 0.084054 0.084054 0.084054 0.084054 0.084054 0.000001 0.164711 0.164711 0.084054 0.084054 0.084054 0.000000 0.164711 0.164711 0.000000 0.084054 1.000000
0.084031 0.084031 0.084031 0.084031 0.084031 0.084031 0.084031 0.084031 0.084031 0.000001 0.164667 0.133010 0.084031 0.084031 0.084031 0.000000 0.164667 0.164667 0.000000 0.084031 1.000000
0.084054 0.084054 0.084054 0.084054 0.084054 0.084054 0.084054 0.084054 0.084054 0.000001 0.164711 0.164711 0.084054 0.084054 0.084054 0.000000 0.164711 0.164711 0.000000 0.084054 1.000000
0.084019 0.084019 0.084019 0.084019 0.084019 0.084019 0.084019 0.084019 0.084019 0.000001 0.164644 0.132991 0.067385 0.084019 0.084019 0.000000 0.164644 0.164644 0.000000 0.084019 1.000000
0.084054 0.084054 0.084054 0.084054 0.084054 0.084054 0.084054 0.084054 0.084054 0.000001 0.164711 0.164711 0.084054 0.084054 0.084054 0.000000 0.164711 0.164711 0.000000 0.084054 1.000000
0.084054 0.084054 0.084054 0.084054 0.084054 0.084054 0.084054 0.084054 0.084054 0.000001 0.164711 0.164711 0.084054 0.084054 0.084054 0.000000 0.164711 0.164711 0.000000 0.084054 1.000000
0.084088 0.084088 0.084088 0.084088 0.084088 0.084088 0.084088 0.084088 0.084088 0.084088 0.164775 0.164775 0.084088 0.084088 0.084088 0.000000 0.164775 0.164775 0.000000 0.084088 1.000000
0.084008 0.084008 0.084008 0.084008 0.084008 0.084008 0.084008 0.084008 0.084008 0.000001 0.132974 0.132974 0.084008 0.084008 0.084008 0.000000 0.164624 0.164624 0.000000 0.084008 1.000000
0.084054 0.084054 0.084054 0.084054 0.084054 0.084054 0.084054 0.084054 0.084054 0.000001 0.164711 0.164711 0.084054 0.084054 0.084054 0.000000 0.164711 0.164711 0.000000 0.084054 1.000000
0.084054 0.084054 0.084054 0.084054 0.084054 0.084054 0.084054 0.084054 0.084054 0.000001 0.164711 0.164711 0.084054 0.084054 0.084054 0.000000 0.164711 0.164711 0.000000 0.084054 1.000000
0.084054 0.084054 0.084054 0.084054 0.084054 0.084054 0.084054 0.084054 0.084054 0.000001 0.164711 0.164711 0.084054 0.084054 0.084054 0.000000 0.164711 0.164711 0.000000 0.084054 1.000000
0.084054 0.084054 0.084054 0.084054 0.084054 0.084054 0.084054 0.084054 0.084054 0.000001 0.164711 0.164711 0.084054 0.084054 0.084054 0.000000 0.164711 0.164711 0.000000 0.084054 1.000000
0.084054 0.084054 0.084054 0.084054 0.084054 0.084054 0.084054 0.084054 0.084054 0.000001 0.164711 0.164711 0.084054 0.084054 0.084054 0.000000 0.164711 0.164711 0.000000 0.084054 1.000000
0.084054 0.084054 0.084054 0.084054 0.084054 0.084054 0.084054 0.084054 0.084054 0.000001 0.164711 0.164711 0.084054 0.084054 0.084054 0.000000 0.164711 0.164711 0.000000 0.084054 1.000000
0.084054 0.084054 0.084054 0.084054 0.084054 0.084054 0.084054 0.084054 0.084054 0.000001 0.164711 0.164711 0.084054 0.084054 0.084054 0.000000 0.164711 0.164711 0.000000 0.084054 1.000000
0.084054 0.084054 0.084054 0.084054 0.084054 0.084054 0.084054 0.084054 0.084054 0.000001 0.164711 0.164711 0.084054 0.084054 0.084054 0.000000 0.164711 0.164711 0.000000 0.084054 1.000000
0.084054 0.084054 0.084054 0.084054 0.084054 0.084054 0.084054 0.084054 0.084054 0.000001 0.164711 0.164711 0.084054 0.084054 0.084054 0.000000 0.164711 0.164711 0.000000 0.084054 1.000000
0.084054 0.084054 0.084054 0.084054 0.084054 0.084054 0.084054 0.084054 0.084054 0.000001 0.164711 0.164711 0.084054 0.084054 0.084054 0.000000 0.164711 0.164711 0.000000 0.084054 1.000000
0.084054 0.084054 0.084054 0.084054 0.084054 0.084054 0.084054 0.084054 0.084054 0.000001 0.164711 0.164711 0.084054 0.084054 0.084054 0.000000 0.164711 0.164711 0.000000 0.084054 1.000000
0.084054 0.084054 0.084054 0.084054 0.084054 0.084054 0.084054 0.084054 0.084054 0.000001 0.164711 0.164711 0.084054 0.084054 0.084054 0.000000 0.164711 0.164711 0.000000 0.084054 1.000000
0.084054 0.084054 0.084054 0.084054 0.084054 0.084054 0.084054 0.084054 0.084054 0.000001 0.164711 0.164711 0.084054 0.084054 0.084054 0.000000 0.164711 0.164711 0.000000 0.084054 1.000000
0.084054 0.084054 0.084054 0.084054 0.084054 0.084054 0.084054 0.084054 0.084054 0.000001 0.164711 0.164711 0.084054 0.084054 0.084054 0.000000 0.164711 0.164711 0.000000 0.084054 1.000000
0.084054 0.084054 0.084054 0.084054 0.084054 0.084054 0.084054 0.084054 0.084054 0.000001 0.164711 0.164711 0.084054 0.084054 0.084054 0.000000 0.164711 0.164711 0.000000 0.084054 1.000000
0.084054 0.084054 0.084054 0.084054 0.084054 0.084054 0.084054 0.084054 0.084054 0.000001 0.164711 0.164711 0.084054 0.084054 0.084054 0.000000 0.164711 0.164711 0.000000 0.084054 1.000000
0.084088 0.084088 0.084088 0.084088 0.084088 0.084088 0.084088 0.084088 0.084088 0.084088 0.164775 0.164775 0.084088 0.084088 0.084088 0.000000 0.164775 0.164775 0.000000 0.084088 1.000000
0.084054 0.084054 0.084054 0.084054 0.084054 0.084054 0.084054 0.084054 0.084054 0.000001 0.164711 0.164711 0.084054 0.084054 0.084054 0.000000 0.164711 0.164711 0.000000 0.084054 1.000000
0.084054 0.084054 0.084054 0.084054 0.084054 0.084054 0.084054 0.084054 0.084054 0.000001 0.164711 0.164711 0.084054 0.084054 0.084054 0.000000 0.164711 0.164711 0.000000 0.084054 1.000000
0.084054 0.084054 0.084054 0.084054 0.084054 0.084054 0.084054 0.084054 0.084054 0.000001 0.164711 0.164711 0.084054 0.084054 0.084054 0.000000 0.164711 0.164711 0.000000 0.084054 1.000000
0.083988 0.083988 0.083988 0.083988 0.083988 0.083988 0.083988 0.083988 0.083988 0.000027 0.164587 0.164587 0.083988 0.083988 0.083988 0.000005 0.164587 0.000055 0.000000 0.083988 1.000000
0.084054 0.084054 0.084054 0.084054 0.084054 0.084054 0.084054 0.084054 0.084054 0.000001 0.164711 0.164711 0.084054 0.084054 0.084054 0.000000 0.164711 0.164711 0.000000 0.084054 1.000000
0.084042 0.084042 0.084042 0.084042 0.084042 0.084042 0.084042 0.084042 0.084042 0.000001 0.164688 0.164688 0.084042 0.084042 0.067404 0.000000 0.164688 0.164688 0.000000 0.084042 1.000000
0.084054 0.084054 0.084054 0.084054 0.084054 0.084054 0.084054 0.084054 0.084054 0.000001 0.164711 0.164711 0.084054 0.084054 0.084054 0.000000 0.164711 0.164711 0.000000 0.084054 1.000000
0.084054 0.084054 0.084054 0.084054 0.084054 0.084054 0.084054 0.084054 0.084054 0.000001 0.164711 0.164711 0.084054 0.084054 0.084054 0.000000 0.164711 0.164711 0.000000 0.084054 1.000000
0.084054 0.084054 0.084054 0.084054 0.084054 0.084054 0.084054 0.084054 0.084054 0.000001 0.164711 0.164711 0.084054 0.084054 0.084054 0.000000 0.164711 0.164711 0.000000 0.084054 1.000000
0.084054 0.084054 0.084054 0.084054 0.084054 0.084054 0.084054 0.084054 0.084054 0.000001 0.164711 0.164711 0.084054 0.084054 0.084054 0.000000 0.164711 0.164711 0.000000 0.084054 1.000000
0.084054 0.084054 0.084054 0.084054 0.084054 0.084054 0.084054 0.084054 0.084054 0.000001 0.164711 0.164711 0.084054 0.084054 0.084054 0.000000 0.164711 0.164711 0.000000 0.084054 1.000000
0.084054 0.084054 0.084054 0.084054 0.084054 0.084054 0.084054 0.084054 0.084054 0.000001 0.164711 0.164711 0.084054 0.084054 0.084054 0.000000 0.164711 0.164711 0.000000 0.084054 1.000000
0.084054 0.084054 0.084054 0.084054 0.084054 0.084054 0.084054 0.084054 0.084054 0.000001 0.164711 0.164711 0.084054 0.084054 0.084054 0.000000 0.164711 0.164711 0.000000 0.084054 1.000000
0.084054 0.084054 0.084054 0.084054 0.084054 0.084054 0.084054 0.084054 0.084054 0.000001 0.164711 0.164711 0.084054 0.084054 0.084054 0.000000 0.164711 0.164711 0.000000 0.084054 1.000000
0.084054 0.084054 0.084054 0.084054 0.084054 0.084054 0.084054 0.084054 0.084054 0.000001 0.164711 0.164711 0.084054 0.084054 0.084054 0.000000 0.164711 0.164711 0.000000 0.084054 1.000000
0.084054 0.084054 0.084054 0.084054 0.084054 0.084054 0.084054 0.084054 0.084054 0.000001 0.164711 0.164711 0.084054 0.084054 0.084054 0.000000 0.164711 0.164711 0.000000 0.084054 1.000000
0.084054 0.084054 0.084054 0.084054 0.084054 0.084054 0.084054 0.084054 0.084054 0.000001 0.164711 0.164711 0.084054 0.084054 0.084054 0.000000 0.164711 0.164711 0.000000 0.084054 1.000000
0.084054 0.084054 0.084054 0.084054 0.084054 0.084054 0.084054 0.084054 0.084054 0.000001 0.164711 0.164711 0.084054 0.084054 0.084054 0.000000 0.164711 0.164711 0.000000 0.084054 1.000000
0.084054 0.084054 0.084054 0.084054 0.084054 0.084054 0.084054 0.084054 0.084054 0.000001 0.164711 0.164711 0.084054 0.084054 0.084054 0.000000 0.164711 0.164711 0.000000 0.084054 1.000000
0.084054 0.084054 0.084054 0.084054 0.084054 0.084054 0.084054 0.084054 0.084054 0.000001 0.164711 0.164711 0.084054 0.084054 0.084054 0.000000 0.164711 0.164711 0.000000 0.084054 1.000000
0.084054 0.084054 0.084054 0.084054 0.084054 0.084054 0.084054 0.084054 0.084054 0.000001 0.164711 0.164711 0.084054 0.084054 0.084054 0.000000 0.164711 0.164711 0.000000 0.084054 1.000000
0.084054 0.084054 0.084054 0.084054 0.084054 0.084054 0.084054 0.084054 0.084054 0.000001 0.164711 0.164711 0.084054 0.084054 0.084054 0.000000 0.164711 0.164711 0.000000 0.084054 1.000000
0.084054 0.084054 0.084054 0.084054 0.084054 0.084054 0.084054 0.084054 0.084054 0.000001 0.164711 0.164711 0.084054 0.084054 0.084054 0.000000 0.164711 0.164711 0.000000 0.084054 1.000000
0.084054 0.084054 0.084054 0.084054 0.084054 0.084054 0.084054 0.084054 0.084054 0.000001 0.164711 0.164711 0.084054 0.084054 0.084054 0.000000 0.164711 0.164711 0.000000 0.084054 1.000000
0.084054 0.084054 0.084054 0.084054 0.084054 0.084054 0.084054 0.084054 0.084054 0.000001 0.164711 0.164711 0.084054 0.084054 0.084054 0.000000 0.164711 0.164711 0.000000 0.084054 1.000000
0.084054 0.084054 0.084054 0.084054 0.084054 0.084054 0.084054 0.084054 0.084054 0.000001 0.164711 0.164711 0.084054 0.084054 0.084054 0.000000 0.164711 0.164711 0.000000 0.084054 1.000000
0.084054 0.084054 0.084054 0.084054 0.084054 0.084054 0.084054 0.084054 0.084054 0.000001 0.164711 0.164711 0.084054 0.084054 0.084054 0.000000 0.164711 0.164711 0.000000 0.084054 1.000000
0.084054 0.084054 0.084054 0.084054 0.084054 0.084054 0.084054 0.084054 0.084054 0.000001 0.164711 0.164711 0.084054 0.084054 0.084054 0.000000 0.164711 0.164711 0.000000 0.084054 1.000000
0.084054 0.084054 0.084054 0.084054 0.084054 0.084054 0.084054 0.084054 0.084054 0.000001 0.164711 0.164711 0.084054 0.084054 0.084054 0.000000 0.164711 0.164711 0.000000 0.084054 1.000000
0.084054 0.084054 0.084054 0.084054 0.084054 0.084054 0.084054 0.084054 0.084054 0.000001 0.164711 0.164711 0.084054 0.084054 0.084054 0.000000 0.164711 0.164711 0.000000 0.084054 1.000000
0.084054 0.084054 0.084054 0.084054 0.084054 0.084054 0.084054 0.084054 0.084054 0.000001 0.164711 0.164711 0.084054 0.084054 0.084054 0.000000 0.164711 0.164711 0.000000 0.084054 1.000000
0.084054 0.084054 0.084054 0.084054 0.084054 0.084054 0.084054 0.084054 0.084054 0.000001 0.164711 0.164711 0.084054 0.084054 0.084054 0.000000 0.164711 0.164711 0.000000 0.084054 1.000000
0.084054 0.084054 0.084054 0.084054 0.084054 0.084054 0.084054 0.084054 0.084054 0.000001 0.164711 0.164711 0.084054 0.084054 0.084054 0.000000 0.164711 0.164711 0.000000 0.084054 1.000000
0.084054 0.084054 0.084054 0.084054 0.084054 0.084054 0.084054 0.084054 0.084054 0.000001 0.164711 0.164711 0.084054 0.084054 0.084054 0.000000 0.164711 0.164711 0.000000 0.084054 1.000000
0.084054 0.084054 0.084054 0.084054 0.084054 0.084054 0.084054 0.084054 0.084054 0.000001 0.164711 0.164711 0.084054 0.084054 0.084054 0.000000 0.164711 0.164711 0.000000 0.084054 1.000000
0.084054 0.084054 0.084054 0.084054 0.084054 0.084054 0.084054 0.084054 0.084054 0.000001 0.164711 0.164711 0.084054 0.084054 0.084054 0.000000 0.164711 0.164711 0.000000 0.084054 1.000000
0.084054 0.084054 0.084054 0.084054 0.084054 0.084054 0.084054 0.084054 0.084054 0.000001 0.164711 0.164711 0.084054 0.084054 0.084054 0.000000 0.164711 0.164711 0.000000 0.084054 1.000000
0.084054 0.084054 0.084054 0.084054 0.084054 0.084054 0.084054 0.084054 0.084054 0.000001 0.164711 0.164711 0.084054 0.084054 0.084054 0.000000 0.164711 0.164711 0.000000 0.084054 1.000000
0.084054 0.084054 0.084054 0.084054 0.084054 0.084054 0.084054 0.084054 0.084054 0.000001 0.164711 0.164711 0.084054 0.084054 0.084054 0.000000 0.164711 0.164711 0.000000 0.084054 1.000000
0.084054 0.084054 0.084054 0.084054 0.084054 0.084054 0.084054 0.084054 0.084054 0.000001 0.164711 0.164711 0.084054 0.084054 0.084054 0.000000 0.164711 0.164711 0.000000 0.084054 1.000000
0.084054 0.084054 0.084054 0.084054 0.084054 0.084054 0.084054 0.084054 0.084054 0.000001 0.164711 0.164711 0.084054 0.084054 0.084054 0.000000 0.164711 0.164711 0.000000 0.084054 1.000000
0.084054 0.084054 0.084054 0.084054 0.084054 0.084054 0.084054 0.084054 0.084054 0.000001 0.164711 0.164711 0.084054 0.084054 0.084054 0.000000 0.164711 0.164711 0.000000 0.084054 1.000000
0.083988 0.083988 0.083988 0.083988 0.083988 0.083988 0.083988 0.083988 0.083988 0.000027 0.164587 0.164587 0.083988 0.083988 0.083988 0.000005 0.164587 0.000055 0.000000 0.083988 1.000000
0.084054 0.084054 0.084054 0.084054 0.084054 0.084054 0.084054 0.084054 0.084054 0.000001 0.164711 0.164711 0.084054 0.084054 0.084054 0.000000 0.164711 0.164711 0.000000 0.084054 1.000000
0.084054 0.084054 0.084054 0.084054 0.084054 0.084054 0.084054 0.084054 0.084054 0.000001 0.164711 0.164711 0.084054 0.084054 0.084054 0.000000 0.164711 0.164711 0.000000 0.084054 1.000000
0.084054 0.084054 0.084054 0.084054 0.084054 0.084054 0.084054 0.084054 0.084054 0.000001 0.164711 0.164711 0.084054 0.084054 0.084054 0.000000 0.164711 0.164711 0.000000 0.084054 1.000000
0.084054 0.084054 0.084054 0.084054 0.084054 0.084054 0.084054 0.084054 0.084054 0.000001 0.164711 0.164711 0.084054 0.084054 0.084054 0.000000 0.164711 0.164711 0.000000 0.084054 1.000000
0.084054 0.084054 0.084054 0.084054 0.084054 0.084054 0.084054 0.084054 0.084054 0.000001 0.164711 0.164711 0.084054 0.084054 0.084054 0.000000 0.164711 0.164711 0.000000 0.084054 1.000000
0.084054 0.084054 0.084054 0.084054 0.084054 0.084054 0.084054 0.084054 0.084054 0.000001 0.164711 0.164711 0.084054 0.084054 0.084054 0.000000 0.164711 0.164711 0.000000 0.084054 1.000000
0.084054 0.084054 0.084054 0.084054 0.084054 0.084054 0.084054 0.084054 0.084054 0.000001 0.164711 0.164711 0.084054 0.084054 0.084054 0.000000 0.164711 0.164711 0.000000 0.084054 1.000000
0.084054 0.084054 0.084054 0.084054 0.084054 0.084054 0.084054 0.084054 0.084054 0.000001 0.164711 0.164711 0.084054 0.084054 0.084054 0.000000 0.164711 0.164711 0.000000 0.084054 1.000000
0.084054 0.084054 0.084054 0.084054 0.084054 0.084054 0.084054 0.084054 0.084054 0.000001 0.164711 0.164711 0.084054 0.084054 0.084054 0.000000 0.164711 0.164711 0.000000 0.084054 1.000000
0.084054 0.084054 0.084054 0.084054 0.084054 0.084054 0.084054 0.084054 0.084054 0.000001 0.164711 0.164711 0.084054 0.084054 0.084054 0.000000 0.164711 0.164711 0.000000 0.084054 1.000000
0.084054 0.084054 0.084054 0.084054 0.084054 0.084054 0.084054 0.084054 0.084054 0.000001 0.164711 0.164711 0.084054 0.084054 0.084054 0.000000 0.164711 0.164711 0.000000 0.084054 1.000000
0.084054 0.084054 0.084054 0.084054 0.084054 0.084054 0.084054 0.084054 0.084054 0.000001 0.164711 0.164711 0.084054 0.084054 0.084054 0.000000 0.164711 0.164711 0.000000 0.084054 1.000000
0.084054 0.084054 0.084054 0.084054 0.084054 0.084054 0.084054 0.084054 0.084054 0.000001 0.164711 0.164711 0.084054 0.084054 0.084054 0.000000 0.164711 0.164711 0.000000 0.084054 1.000000
0.084054 0.084054 0.084054 0.084054 0.084054 0.084054 0.084054 0.084054 0.084054 0.000001 0.164711 0.164711 0.084054 0.084054 0.084054 0.000000 0.164711 0.164711 0.000000 0.084054 1.000000
0.084054 0.084054 0.084054 0.084054 0.084054 0.084054 0.084054 0.084054 0.084054 0.000001 0.164711 0.164711 0.084054 0.084054 0.084054 0.000000 0.164711 0.164711 0.000000 0.084054 1.000000
0.084054 0.084054 0.084054 0.084054 0.084054 0.084054 0.084054 0.084054 0.084054 0.000001 0.164711 0.164711 0.084054 0.084054 0.084054 0.000000 0.164711 0.164711 0.000000 0.084054 1.000000
0.084054 0.084054 0.084054 0.084054 0.084054 0.084054 0.084054 0.084054 0.084054 0.000001 0.164711 0.164711 0.084054 0.084054 0.084054 0.000000 0.164711 0.164711 0.000000 0.084054 1.000000
0.084054 0.084054 0.084054 0.084054 0.084054 0.084054 0.084054 0.084054 0.084054 0.000001 0.164711 0.164711 0.084054 0.084054 0.084054 0.000000 0.164711 0.164711 0.000000 0.084054 1.000000
0.084054 0.084054 0.084054 0.084054 0.084054 0.084054 0.084054 0.084054 0.084054 0.000001 0.164711 0.164711 0.084054 0.084054 0.084054 0.000000 0.164711 0.164711 0.000000 0.084054 1.000000
0.084054 0.084054 0.084054 0.084054 0.084054 0.084054 0.084054 0.084054 0.084054 0.000001 0.164711 0.164711 0.084054 0.084054 0.084054 0.000000 0.164711 0.164711 0.000000 0.084054 1.000000
0.084054 0.084054 0.084054 0.084054 0.084054 0.084054 0.084054 0.084054 0.084054 0.000001 0.164711 0.164711 0.084054 0.084054 0.084054 0.000000 0.164711 0.164711 0.000000 0.084054 1.000000
0.084054 0.084054 0.084054 0.084054 0.084054 0.084054 0.084054 0.084054 0.084054 0.000001 0.164711 0.164711 0.084054 0.084054 0.084054 0.000000 0.164711 0.164711 0.000000 0.084054 1.000000
0.084054 0.084054 0.084054 0.084054 0.084054 0.084054 0.084054 0.084054 0.084054 0.000001 0.164711 0.164711 0.084054 0.084054 0.084054 0.000000 0.164711 0.164711 0.000000 0.084054 1.000000
0.084054 0.084054 0.084054 0.084054 0.084054 0.084054 0.084054 0.084054 0.084054 0.000001 0.164711 0.164711 0.084054 0.084054 0.084054 0.000000 0.164711 0.164711 0.000000 0.084054 1.000000
0.084054 0.084054 0.084054 0.084054 0.084054 0.084054 0.084054 0.084054 0.084054 0.000001 0.164711 0.164711 0.084054 0.084054 0.084054 0.000000 0.164711 0.164711 0.000000 0.084054 1.000000
0.084054 0.084054 0.084054 0.084054 0.084054 0.084054 0.084054 0.084054 0.084054 0.000001 0.164711 0.164711 0.084054 0.084054 0.084054 0.000000 0.164711 0.164711 0.000000 0.084054 1.000000
0.084054 0.084054 0.084054 0.084054 0.084054 0.084054 0.084054 0.084054 0.084054 0.000001 0.164711 0.164711 0.084054 0.084054 0.084054 0.000000 0.164711 0.164711 0.000000 0.084054 1.000000
0.084054 0.084054 0.084054 0.084054 0.084054 0.084054 0.084054 0.084054 0.084054 0.000001 0.164711 0.164711 0.084054 0.084054 0.084054 0.000000 0.164711 0.164711 0.000000 0.084054 1.000000
0.084054 0.084054 0.084054 0.084054 0.084054 0.084054 0.084054 0.084054 0.084054 0.000001 0.164711 0.164711 0.084054 0.084054 0.084054 0.000000 0.164711 0.164711 0.000000 0.084054 1.000000
0.084054 0.084054 0.084054 0.084054 0.084054 0.084054 0.084054 0.084054 0.084054 0.000001 0.164711 0.164711 0.084054 0.084054 0.084054 0.000000 0.164711 0.164711 0.000000 0.084054 1.000000
0.084054 0.084054 0.084054 0.084054 0.084054 0.084054 0.084054 0.084054 0.084054 0.000001 0.164711 0.164711 0.084054 0.084054 0.084054 0.000000 0.164711 0.164711 0.000000 0.084054 1.000000
0.084054 0.084054 0.084054 0.084054 0.084054 0.084054 0.084054 0.084054 0.084054 0.000001 0.164711 0.164711 0.084054 0.084054 0.084054 0.000000 0.164711 0.164711 0.000000 0.084054 1.000000
0.084054 0.084054 0.084054 0.084054 0.084054 0.084054 0.084054 0.084054 0.084054 0.000001 0.164711 0.164711 0.084054 0.084054 0.084054 0.000000 0.164711 0.164711 0.000000 0.084054 1.000000
0.084054 0.084054 0.084054 0.084054 0.084054 0.084054 0.084054 0.084054 0.084054 0.000001 0.164711 0.164711 0.084054 0.084054 0.084054 0.000000 0.164711 0.164711 0.000000 0.084054 1.000000
0.084054 0.084054 0.084054 0.084054 0.084054 0.084054 0.084054 0.084054 0.084054 0.000001 0.164711 0.164711 0.084054 0.084054 0.084054 0.000000 0.164711 0.164711 0.000000 0.084054 1.000000
0.084054 0.084054 0.084054 0.084054 0.084054 0.084054 0.084054 0.084054 0.084054 0.000001 0.164711 0.164711 0.084054 0.084054 0.084054 0.000000 0.164711 0.164711 0.000000 0.084054 1.000000
0.084054 0.084054 0.084054 0.084054 0.084054 0.084054 0.084054 0.084054 0.084054 0.000001 0.164711 0.164711 0.084054 0.084054 0.084054 0.000000 0.164711 0.164711 0.000000 0.084054 1.000000
0.084054 0.084054 0.084054 0.084054 0.084054 0.084054 0.084054 0.084054 0.084054 0.000001 0.164711 0.164711 0.084054 0.084054 0.084054 0.000000 0.164711 0.164711 0.000000 0.084054 1.000000
0.084054 0.084054 0.084054 0.084054 0.084054 0.084054 0.084054 0.084054 0.084054 0.000001 0.164711 0.164711 0.084054 0.084054 0.084054 0.000000 0.164711 0.164711 0.000000 0.084054 1.000000
0.084054 0.084054 0.084054 0.084054 0.084054 0.084054 0.084054 0.084054 0.084054 0.000001 0.164711 0.164711 0.084054 0.084054 0.084054 0.000000 0.164711 0.164711 0.000000 0.084054 1.000000
0.084054 0.084054 0.084054 0.084054 0.084054 0.084054 0.084054 0.084054 0.084054 0.000001 0.164711 0.164711 0.084054 0.084054 0.084054 0.000000 0.164711 0.164711 0.000000 0.084054 1.000000
0.084054 0.084054 0.084054 0.084054 0.084054 0.084054 0.084054 0.084054 0.084054 0.000001 0.164711 0.164711 0.084054 0.084054 0.084054 0.000000 0.164711 0.164711 0.000000 0.084054 1.000000
0.084054 0.084054 0.084054 0.084054 0.084054 0.084054 0.084054 0.084054 0.084054 0.000001 0.164711 0.164711 0.084054 0.084054 0.084054 0.000000 0.164711 0.164711 0.000000 0.084054 1.000000
0.084054 0.084054 0.084054 0.084054 0.084054 0.084054 0.084054 0.084054 0.084054 0.000001 0.164711 0.164711 0.084054 0.084054 0.084054 0.000000 0.164711 0.164711 0.000000 0.084054 1.000000
0.084054 0.084054 0.084054 0.084054 0.084054 0.084054 0.084054 0.084054 0.084054 0.000001 0.164711 0.164711 0.084054 0.084054 0.084054 0.000000 0.164711 0.164711 0.000000 0.084054 1.000000
0.084054 0.084054 0.084054 0.084054 0.084054 0.084054 0.084054 0.084054 0.084054 0.000001 0.164711 0.164711 0.084054 0.084054 0.084054 0.000000 0.164711 0.164711 0.000000 0.084054 1.000000
0.084054 0.084054 0.084054 0.084054 0.084054 0.084054 0.084054 0.084054 0.084054 0.000001 0.164711 0.164711 0.084054 0.084054 0.084054 0.000000 0.164711 0.164711 0.000000 0.084054 1.000000
0.084054 0.084054 0.084054 0.084054 0.084054 0.084054 0.084054 0.084054 0.084054 0.000001 0.164711 0.164711 0.084054 0.084054 0.084054 0.000000 0.164711 0.164711 0.000000 0.084054 1.000000
0.084054 0.084054 0.084054 0.084054 0.084054 0.084054 0.084054 0.084054 0.084054 0.000001 0.164711 0.164711 0.084054 0.084054 0.084054 0.000000 0.164711 0.164711 0.000000 0.084054 1.000000
0.084054 0.084054 0.084054 0.084054 0.084054 0.084054 0.084054 0.084054 0.084054 0.000001 0.164711 0.164711 0.084054 0.084054 0.084054 0.000000 0.164711 0.164711 0.000000 0.084054 1.000000
0.084054 0.084054 0.084054 0.084054 0.084054 0.084054 0.084054 0.084054 0.084054 0.000001 0.164711 0.164711 0.084054 0.084054 0.084054 0.000000 0.164711 0.164711 0.000000 0.084054 1.000000
0.084054 0.084054 0.084054 0.084054 0.084054 0.084054 0.084054 0.084054 0.084054 0.000001 0.164711 0.164711 0.084054 0.084054 0.084054 0.000000 0.164711 0.164711 0.000000 0.084054 1.000000
0.084054 0.084054 0.084054 0.084054 0.084054 0.084054 0.084054 0.084054 0.084054 0.000001 0.164711 0.164711 0.084054 0.084054 0.084054 0.000000 0.164711 0.164711 0.000000 0.084054 1.000000
0.084054 0.084054 0.084054 0.084054 0.084054 0.084054 0.084054 0.084054 0.084054 0.000001 0.164711 0.164711 0.084054 0.084054 0.084054 0.000000 0.164711 0.164711 0.000000 0.084054 1.000000
0.084054 0.084054 0.084054 0.084054 0.084054 0.084054 0.084054 0.084054 0.084054 0.000001 0.164711 0.164711 0.084054 0.084054 0.084054 0.000000 0.164711 0.164711 0.000000 0.084054 1.000000
0.084054 0.084054 0.084054 0.084054 0.084054 0.084054 0.084054 0.084054 0.084054 0.000001 0.164711 0.164711 0.084054 0.084054 0.084054 0.000000 0.164711 0.164711 0.000000 0.084054 1.000000
0.084054 0.084054 0.084054 0.084054 0.084054 0.084054 0.084054 0.084054 0.084054 0.000001 0.164711 0.164711 0.084054 0.084054 0.084054 0.000000 0.164711 0.164711 0.000000 0.084054 1.000000
0.084054 0.084054 0.084054 0.084054 0.084054 0.084054 0.084054 0.084054 0.084054 0.000001 0.164711 0.164711 0.084054 0.084054 0.084054 0.000000 0.164711 0.164711 0.000000 0.084054 1.000000
0.084054 0.084054 0.084054 0.084054 0.084054 0.084054 0.084054 0.084054 0.084054 0.000001 0.164711 0.164711 0.084054 0.084054 0.084054 0.000000 0.164711 0.164711 0.000000 0.084054 1.000000
0.084054 0.084054 0.084054 0.084054 0.084054 0.084054 0.084054 0.084054 0.084054 0.000001 0.164711 0.164711 0.084054 0.084054 0.084054 0.000000 0.164711 0.164711 0.000000 0.084054 1.000000
0.084054 0.084054 0.084054 0.084054 0.084054 0.084054 0.084054 0.084054 0.084054 0.000001 0.164711 0.164711 0.084054 0.084054 0.084054 0.000000 0.164711 0.164711 0.000000 0.084054 1.000000
0.084054 0.084054 0.084054 0.084054 0.084054 0.084054 0.084054 0.084054 0.084054 0.000001 0.164711 0.164711 0.084054 0.084054 0.084054 0.000000 0.164711 0.164711 0.000000 0.084054 1.000000
0.084054 0.084054 0.084054 0.084054 0.084054 0.084054 0.084054 0.084054 0.084054 0.000001 0.164711 0.164711 0.084054 0.084054 0.084054 0.000000 0.164711 0.164711 0.000000 0.084054 1.000000
0.084054 0.084054 0.084054 0.084054 0.084054 0.084054 0.084054 0.084054 0.084054 0.000001 0.164711 0.164711 0.084054 0.084054 0.084054 0.000000 0.164711 0.164711 0.000000 0.084054 1.000000
0.084054 0.084054 0.084054 0.084054 0.084054 0.084054 0.084054 0.084054 0.084054 0.000001 0.164711 0.164711 0.084054 0.084054 0.084054 0.000000 0.164711 0.164711 0.000000 0.084054 1.000000
0.084054 0.084054 0.084054 0.084054 0.084054 0.084054 0.084054 0.084054 0.084054 0.000001 0.164711 0.164711 0.084054 0.084054 0.084054 0.000000 0.164711 0.164711 0.000000 0.084054 1.000000
0.084054 0.084054 0.084054 0.084054 0.084054 0.084054 0.084054 0.084054 0.084054 0.000001 0.164711 0.164711 0.084054 0.084054 0.084054 0.000000 0.164711 0.164711 0.000000 0.084054 1.000000
0.084054 0.084054 0.084054 0.084054 0.084054 0.084054 0.084054 0.084054 0.084054 0.000001 0.164711 0.164711 0.084054 0.084054 0.084054 0.000000 0.164711 0.164711 0.000000 0.084054 1.000000
0.084054 0.084054 0.084054 0.084054 0.084054 0.084054 0.084054 0.084054 0.084054 0.000001 0.164711 0.164711 0.084054 0.084054 0.084054 0.000000 0.164711 0.164711 0.000000 0.084054 1.000000
0.084054 0.084054 0.084054 0.084054 0.084054 0.084054 0.084054 0.084054 0.084054 0.000001 0.164711 0.164711 0.084054 0.084054 0.084054 0.000000 0.164711 0.164711 0.000000 0.084054 1.000000
0.084054 0.084054 0.084054 0.084054 0.084054 0.084054 0.084054 0.084054 0.084054 0.000001 0.164711 0.164711 0.084054 0.084054 0.084054 0.000000 0.164711 0.164711 0.000000 0.084054 1.000000
0.084054 0.084054 0.084054 0.084054 0.084054 0.084054 0.084054 0.084054 0.084054 0.000001 0.164711 0.164711 0.084054 0.084054 0.084054 0.000000 0.164711 0.164711 0.000000 0.084054 1.000000
0.084054 0.084054 0.084054 0.084054 0.084054 0.084054 0.084054 0.084054 0.084054 0.000001 0.164711 0.164711 0.084054 0.084054 0.084054 0.000000 0.164711 0.164711 0.000000 0.084054 1.000000
0.084054 0.084054 0.084054 0.084054 0.084054 0.084054 0.084054 0.084054 0.084054 0.000001 0.164711 0.164711 0.084054 0.084054 0.084054 0.000000 0.164711 0.164711 0.000000 0.084054 1.000000
0.084054 0.084054 0.084054 0.084054 0.084054 0.084054 0.084054 0.084054 0.084054 0.000001 0.164711 0.164711 0.084054 0.084054 0.084054 0.000000 0.164711 0.164711 0.000000 0.084054 1.000000
0.084054 0.084054 0.084054 0.084054 0.084054 0.084054 0.084054 0.084054 0.084054 0.000001 0.164711 0.164711 0.084054 0.084054 0.084054 0.000000 0.164711 0.164711 0.000000 0.084054 1.000000
0.084054 0.084054 0.084054 0.084054 0.084054 0.084054 0.084054 0.084054 0.084054 0.000001 0.164711 0.164711 0.084054 0.084054 0.084054 0.000000 0.164711 0.164711 0.000000 0.084054 1.000000
0.084054 0.084054 0.084054 0.084054 0.084054 0.084054 0.084054 0.084054 0.084054 0.000001 0.164711 0.164711 0.084054 0.084054 0.084054 0.000000 0.164711 0.164711 0.000000 0.084054 1.000000
0.084054 0.084054 0.084054 0.084054 0.084054 0.084054 0.084054 0.084054 0.084054 0.000001 0.164711 0.164711 0.084054 0.084054 0.084054 0.000000 0.164711 0.164711 0.000000 0.084054 1.000000
0.084054 0.084054 0.084054 0.084054 0.084054 0.084054 0.084054 0.084054 0.084054 0.000001 0.164711 0.164711 0.084054 0.084054 0.084054 0.000000 0.164711 0.164711 0.000000 0.084054 1.000000
0.084054 0.084054 0.084054 0.084054 0.084054 0.084054 0.084054 0.084054 0.084054 0.000001 0.164711 0.164711 0.084054 0.084054 0.084054 0.000000 0.164711 0.164711 0.000000 0.084054 1.000000
0.084054 0.084054 0.084054 0.084054 0.084054 0.084054 0.084054 0.084054 0.084054 0.000001 0.164711 0.164711 0.084054 0.084054 0.084054 0.000000 0.164711 0.164711 0.000000 0.084054 1.000000
0.084054 0.084054 0.084054 0.084054 0.084054 0.084054 0.084054 0.084054 0.084054 0.000001 0.164711 0.164711 0.084054 0.084054 0.084054 0.000000 0.164711 0.164711 0.000000 0.084054 1.000000
0.084054 0.084054 0.084054 0.084054 0.084054 0.084054 0.084054 0.084054 0.084054 0.000001 0.164711 0.164711 0.084054 0.084054 0.084054 0.000000 0.164711 0.164711 0.000000 0.084054 1.000000
0.084054 0.084054 0.084054 0.084054 0.084054 0.084054 0.084054 0.084054 0.084054 0.000001 0.164711 0.164711 0.084054 0.084054 0.084054 0.000000 0.164711 0.164711 0.000000 0.084054 1.000000
0.084054 0.084054 0.084054 0.084054 0.084054 0.084054 0.084054 0.084054 0.084054 0.000001 0.164711 0.164711 0.084054 0.084054 0.084054 0.000000 0.164711 0.164711 0.000000 0.084054 1.000000
0.084054 0.084054 0.084054 0.084054 0.084054 0.084054 0.084054 0.084054 0.084054 0.000001 0.164711 0.164711 0.084054 0.084054 0.084054 0.000000 0.164711 0.164711 0.000000 0.084054 1.000000
0.084042 0.084042 0.084042 0.084042 0.084042 0.084042 0.084042 0.084042 0.084042 0.000002 0.164688 0.164688 0.084042 0.084042 0.067404 0.000000 0.164688 0.164688 0.000000 0.084042 1.000000
0.084054 0.084054 0.084054 0.084054 0.084054 0.084054 0.084054 0.084054 0.084054 0.000001 0.164711 0.164711 0.084054 0.084054 0.084054 0.000000 0.164711 0.164711 0.000000 0.084054 1.000000
0.084054 0.084054 0.084054 0.084054 0.084054 0.084054 0.084054 0.084054 0.084054 0.000001 0.164711 0.164711 0.084054 0.084054 0.084054 0.000000 0.164711 0.164711 0.000000 0.084054 1.000000
0.084054 0.084054 0.084054 0.084054 0.084054 0.084054 0.084054 0.084054 0.084054 0.000001 0.164711 0.164711 0.084054 0.084054 0.084054 0.000000 0.164711 0.164711 0.000000 0.084054 1.000000
0.084054 0.084054 0.084054 0.084054 0.084054 0.084054 0.084054 0.084054 0.084054 0.000001 0.164711 0.164711 0.084054 0.084054 0.084054 0.000000 0.164711 0.164711 0.000000 0.084054 1.000000
0.084054 0.084054 0.084054 0.084054 0.084054 0.084054 0.084054 0.084054 0.084054 0.000001 0.164711 0.164711 0.084054 0.084054 0.084054 0.000000 0.164711 0.164711 0.000000 0.084054 1.000000
0.084054 0.084054 0.084054 0.084054 0.084054 0.084054 0.084054 0.084054 0.084054 0.000001 0.164711 0.164711 0.084054 0.084054 0.084054 0.000000 0.164711 0.164711 0.000000 0.084054 1.000000
0.084054 0.084054 0.084054 0.084054 0.084054 0.084054 0.084054 0.084054 0.084054 0.000001 0.164711 0.164711 0.084054 0.084054 0.084054 0.000000 0.164711 0.164711 0.000000 0.084054 1.000000
0.084054 0.084054 0.084054 0.084054 0.084054 0.084054 0.084054 0.084054 0.084054 0.000001 0.164711 0.164711 0.084054 0.084054 0.084054 0.000000 0.164711 0.164711 0.000000 0.084054 1.000000
0.084054 0.084054 0.084054 0.084054 0.084054 0.084054 0.084054 0.084054 0.084054 0.000001 0.164711 0.164711 0.084054 0.084054 0.084054 0.000000 0.164711 0.164711 0.000000 0.084054 1.000000
0.084054 0.084054 0.084054 0.084054 0.084054 0.084054 0.084054 0.084054 0.084054 0.000001 0.164711 0.164711 0.084054 0.084054 0.084054 0.000000 0.164711 0.164711 0.000000 0.084054 1.000000
0.084054 0.084054 0.084054 0.084054 0.084054 0.084054 0.084054 0.084054 0.084054 0.000001 0.164711 0.164711 0.084054 0.084054 0.084054 0.000000 0.164711 0.164711 0.000000 0.084054 1.000000
0.084054 0.084054 0.084054 0.084054 0.084054 0.084054 0.084054 0.084054 0.084054 0.000001 0.164711 0.164711 0.084054 0.084054 0.084054 0.000000 0.164711 0.164711 0.000000 0.084054 1.000000
