0.000000 0.000000 0.000000 0.000000 0.000000 0.000000 0.000000 0.000000 0.000000 0.000000 0.000000 0.000000 0.000000 0.000000 0.000000 0.000000 0.000000 0.000000 0.000000 0.000000 0.000000
0.084183 0.084183 0.084183 0.084183 0.084183 0.084183 0.084183 0.084183 0.004661 0.000009 0.028426 0.035516 0.011378 0.043328 0.011378 0.000002 0.069123 0.005966 0.017775 0.000977 1.000000
0.084202 0.084202 0.084202 0.084202 0.084202 0.084202 0.084202 0.084202 0.004662 0.000006 0.055406 0.069139 0.007284 0.054115 0.001910 0.000001 0.028432 0.069139 0.009105 0.007284 1.000000
0.084168 0.084168 0.084168 0.084168 0.084168 0.084168 0.084168 0.084168 0.009101 0.000002 0.044356 0.035510 0.017772 0.014219 0.017772 0.000006 0.003818 0.018198 0.005825 0.009101 1.000000
0.084168 0.084168 0.084168 0.084168 0.084168 0.084168 0.084168 0.084168 0.011376 0.000011 0.035510 0.014560 0.027756 0.017772 0.014219 0.000006 0.000262 0.035510 0.009101 0.002983 1.000000
0.084725 0.084725 0.084725 0.084725 0.084725 0.084725 0.084725 0.084725 0.002402 0.000005 0.069570 0.028611 0.017891 0.017891 0.027942 0.000001 0.069570 0.035747 0.014314 0.001537 1.000000
0.084177 0.084177 0.084177 0.084177 0.084177 0.084177 0.084177 0.084177 0.003728 0.000028 0.044360 0.044360 0.003728 0.022213 0.003728 0.000001 0.044360 0.044360 0.009102 0.007282 1.000000
0.084188 0.084188 0.084188 0.084188 0.084188 0.084188 0.084188 0.084188 0.005826 0.001909 0.018202 0.069127 0.009103 0.011379 0.011379 0.000001 0.069127 0.055396 0.002983 0.000067 1.000000
0.084196 0.084196 0.084196 0.084196 0.084196 0.084196 0.084196 0.084196 0.002387 0.000009 0.069134 0.044371 0.011380 0.022218 0.017778 0.000001 0.086187 0.022751 0.017778 0.000978 1.000000
0.084169 0.084169 0.084169 0.084169 0.084169 0.084169 0.084169 0.084169 0.007281 0.000009 0.018198 0.022743 0.022211 0.009101 0.017772 0.000002 0.035510 0.044356 0.009101 0.001909 1.000000
0.084172 0.084172 0.084172 0.084172 0.084172 0.084172 0.084172 0.084172 0.005825 0.000007 0.035511 0.028422 0.017772 0.022212 0.017772 0.000001 0.035511 0.035511 0.009102 0.001222 1.000000
0.084178 0.084178 0.084178 0.084178 0.084178 0.084178 0.084178 0.084178 0.005826 0.000002 0.055390 0.028424 0.017774 0.007282 0.034683 0.000003 0.035514 0.014562 0.002983 0.022213 1.000000
0.084172 0.084172 0.084172 0.084172 0.084172 0.084172 0.084172 0.084172 0.011377 0.000005 0.028422 0.018199 0.027757 0.007282 0.022212 0.000001 0.044358 0.035512 0.007282 0.002386 1.000000
0.084198 0.084198 0.084198 0.084198 0.084198 0.084198 0.084198 0.084198 0.002984 0.000006 0.086189 0.086189 0.022219 0.009104 0.014224 0.000003 0.014565 0.028431 0.017778 0.001528 1.000000
0.084180 0.084180 0.084180 0.084180 0.084180 0.084180 0.084180 0.084180 0.002983 0.000007 0.028425 0.069121 0.034685 0.014221 0.011378 0.000002 0.035515 0.022746 0.011378 0.001527 1.000000
0.084186 0.084186 0.084186 0.084186 0.084186 0.084186 0.084186 0.084186 0.007283 0.000002 0.069126 0.035517 0.022215 0.027762 0.017775 0.000004 0.018202 0.055395 0.014222 0.000782 1.000000
0.084173 0.084173 0.084173 0.084173 0.084173 0.084173 0.084173 0.084173 0.005825 0.000067 0.004772 0.028422 0.017773 0.043323 0.027757 0.000004 0.022744 0.014561 0.007282 0.000164 1.000000
0.084199 0.084199 0.084199 0.084199 0.084199 0.084199 0.084199 0.084199 0.005827 0.000003 0.018205 0.055404 0.027766 0.043336 0.027766 0.000001 0.086190 0.022751 0.005827 0.000978 1.000000
0.084189 0.084189 0.084189 0.084189 0.084189 0.084189 0.084189 0.084189 0.014223 0.000011 0.055398 0.014564 0.009104 0.002387 0.034688 0.000001 0.086180 0.018203 0.014223 0.001909 1.000000
0.084178 0.084178 0.084178 0.084178 0.084178 0.084178 0.084178 0.084178 0.009102 0.000002 0.028424 0.055390 0.017774 0.017774 0.034683 0.000003 0.011650 0.028424 0.022213 0.000782 1.000000
0.084714 0.084714 0.084714 0.084714 0.084714 0.084714 0.084714 0.084714 0.017888 0.000003 0.044646 0.022892 0.043604 0.014312 0.034907 0.000006 0.009381 0.003843 0.014312 0.000504 1.000000
0.084174 0.084174 0.084174 0.084174 0.084174 0.084174 0.084174 0.084174 0.011377 0.000018 0.035512 0.044359 0.002983 0.007282 0.005825 0.000002 0.022745 0.035512 0.034682 0.002983 1.000000
0.084710 0.084710 0.084710 0.084710 0.084710 0.084710 0.084710 0.084710 0.005863 0.000006 0.035741 0.055743 0.007329 0.022356 0.011450 0.000001 0.044644 0.028606 0.009161 0.003752 1.000000
0.084202 0.084202 0.084202 0.084202 0.084202 0.084202 0.084202 0.084202 0.002984 0.000011 0.069139 0.107298 0.017779 0.014225 0.009105 0.000002 0.035524 0.028432 0.003730 0.003730 1.000000
0.084183 0.084183 0.084183 0.084183 0.084183 0.084183 0.084183 0.084183 0.009103 0.000005 0.055394 0.009321 0.027761 0.027761 0.011378 0.000001 0.055394 0.044364 0.011378 0.000977 1.000000
0.084166 0.084166 0.084166 0.084166 0.084166 0.084166 0.084166 0.084166 0.014219 0.000105 0.009319 0.022743 0.011376 0.027755 0.014219 0.000003 0.035509 0.011649 0.009101 0.000131 1.000000
0.084245 0.084245 0.084245 0.084245 0.084245 0.084245 0.084245 0.084245 0.001528 0.000001 0.069174 0.107353 0.054143 0.017788 0.067568 0.000001 0.069174 0.022764 0.014232 0.000783 1.000000
0.084256 0.084256 0.084256 0.084256 0.084256 0.084256 0.084256 0.084256 0.002986 0.000783 0.086249 0.086249 0.011388 0.067577 0.054150 0.000000 0.086249 0.069183 0.002986 0.000004 1.000000
0.084262 0.084262 0.084262 0.084262 0.084262 0.084262 0.084262 0.084262 0.002986 0.000501 0.107374 0.055446 0.054154 0.067582 0.022236 0.000001 0.055446 0.044406 0.067582 0.000000 1.000000
0.084224 0.084224 0.084224 0.084224 0.084224 0.084224 0.084224 0.084224 0.001528 0.000002 0.069157 0.035534 0.054130 0.054130 0.017784 0.000001 0.055421 0.086216 0.011384 0.000782 1.000000
0.084253 0.084253 0.084253 0.084253 0.084253 0.084253 0.084253 0.084253 0.001529 0.000000 0.055440 0.086245 0.054148 0.043364 0.034715 0.000000 0.086245 0.069180 0.054148 0.011388 1.000000
0.084256 0.084256 0.084256 0.084256 0.084256 0.084256 0.084256 0.084256 0.001911 0.000002 0.086249 0.044402 0.054150 0.054150 0.034716 0.000000 0.028451 0.133359 0.004665 0.000783 1.000000
0.084773 0.084773 0.084773 0.084773 0.084773 0.084773 0.084773 0.084773 0.001923 0.000002 0.035768 0.044678 0.043635 0.067994 0.043635 0.000000 0.055785 0.108020 0.007334 0.000630 1.000000
0.084273 0.084273 0.084273 0.084273 0.084273 0.084273 0.084273 0.084273 0.000783 0.000003 0.107388 0.086266 0.034723 0.067591 0.034723 0.000000 0.069197 0.107388 0.009113 0.000501 1.000000
0.084264 0.084264 0.084264 0.084264 0.084264 0.084264 0.084264 0.084264 0.000783 0.000002 0.107376 0.086256 0.043370 0.067583 0.043370 0.000000 0.069190 0.069190 0.011389 0.000626 1.000000
0.084274 0.084274 0.084274 0.084274 0.084274 0.084274 0.084274 0.084274 0.005832 0.000001 0.086267 0.086267 0.054162 0.034723 0.084274 0.000006 0.000210 0.107389 0.017794 0.000401 1.000000
0.084215 0.084215 0.084215 0.084215 0.084215 0.084215 0.084215 0.084215 0.043344 0.000002 0.011655 0.069149 0.027771 0.011382 0.067543 0.000006 0.000069 0.055414 0.034699 0.000626 1.000000
0.084813 0.084813 0.084813 0.084813 0.084813 0.084813 0.084813 0.084813 0.000985 0.000002 0.108070 0.086818 0.034948 0.022383 0.022383 0.000001 0.134221 0.018339 0.068025 0.000504 1.000000
0.084214 0.084214 0.084214 0.084214 0.084214 0.084214 0.084214 0.084214 0.002387 0.000001 0.069149 0.069149 0.054123 0.034699 0.034699 0.000004 0.003820 0.055414 0.027771 0.000501 1.000000
0.084260 0.084260 0.084260 0.084260 0.084260 0.084260 0.084260 0.084260 0.022235 0.000000 0.022768 0.107371 0.067580 0.017791 0.084260 0.000007 0.000108 0.055444 0.043368 0.000256 1.000000
0.084209 0.084209 0.084209 0.084209 0.084209 0.084209 0.084209 0.084209 0.001910 0.000002 0.055411 0.069144 0.027769 0.054120 0.043341 0.000001 0.044377 0.035527 0.014226 0.000501 1.000000
0.084246 0.084246 0.084246 0.084246 0.084246 0.084246 0.084246 0.084246 0.001223 0.000002 0.086238 0.055435 0.067569 0.054144 0.043361 0.000001 0.086238 0.035543 0.009110 0.000501 1.000000
0.084246 0.084246 0.084246 0.084246 0.084246 0.084246 0.084246 0.084246 0.003732 0.000978 0.069175 0.055435 0.043361 0.000028 0.084246 0.000001 0.028447 0.107354 0.002388 0.001528 1.000000
0.084261 0.084261 0.084261 0.084261 0.084261 0.084261 0.084261 0.084261 0.000783 0.000004 0.055445 0.107373 0.034718 0.034718 0.027787 0.000000 0.107373 0.107373 0.009111 0.001223 1.000000
0.084275 0.084275 0.084275 0.084275 0.084275 0.084275 0.084275 0.084275 0.084275 0.000001 0.022772 0.086268 0.043375 0.034724 0.043375 0.000001 0.005973 0.133388 0.003733 0.000257 1.000000
0.084230 0.084230 0.084230 0.084230 0.084230 0.084230 0.084230 0.084230 0.001910 0.000003 0.022760 0.086222 0.043352 0.027776 0.027776 0.000000 0.069162 0.107333 0.009108 0.001223 1.000000
0.084264 0.084264 0.084264 0.084264 0.084264 0.084264 0.084264 0.084264 0.001223 0.000002 0.044407 0.107377 0.067584 0.067584 0.027788 0.000000 0.086257 0.069190 0.011389 0.000501 1.000000
0.084297 0.084297 0.084297 0.084297 0.084297 0.084297 0.084297 0.084297 0.005834 0.000006 0.044424 0.133422 0.043387 0.002390 0.011394 0.000000 0.086291 0.165168 0.014241 0.001912 1.000000
0.084298 0.084298 0.084298 0.084298 0.084298 0.084298 0.084298 0.084298 0.001529 0.000001 0.086291 0.035565 0.054177 0.054177 0.034734 0.000000 0.133424 0.069218 0.084298 0.000164 1.000000
0.084262 0.084262 0.084262 0.084262 0.084262 0.084262 0.084262 0.084262 0.007289 0.000001 0.055446 0.107374 0.067581 0.043369 0.034719 0.000000 0.055446 0.107374 0.007289 0.000321 1.000000
0.084224 0.084224 0.084224 0.084224 0.084224 0.084224 0.084224 0.084224 0.001910 0.000000 0.069157 0.055421 0.067551 0.027774 0.043349 0.000001 0.055421 0.055421 0.001222 0.017784 1.000000
0.084378 0.084378 0.084378 0.084378 0.084378 0.084378 0.084378 0.084378 0.084378 0.000000 0.011678 0.133548 0.067675 0.054229 0.067675 0.000005 0.165321 0.000055 0.067675 0.000043 1.000000
0.084300 0.084300 0.084300 0.084300 0.084300 0.084300 0.084300 0.084300 0.002987 0.000000 0.107422 0.107422 0.067612 0.043389 0.043389 0.000006 0.000513 0.107422 0.067612 0.000205 1.000000
0.084381 0.084381 0.084381 0.084381 0.084381 0.084381 0.084381 0.084381 0.000401 0.000000 0.133552 0.133552 0.054231 0.067677 0.043431 0.000000 0.133552 0.086376 0.001914 0.084381 1.000000
0.084393 0.084393 0.084393 0.084393 0.084393 0.084393 0.084393 0.084393 0.084393 0.000000 0.107540 0.107540 0.027831 0.067688 0.054239 0.000000 0.133572 0.165350 0.003738 0.000105 1.000000
0.084344 0.084344 0.084344 0.084344 0.084344 0.084344 0.084344 0.084344 0.001224 0.000001 0.086339 0.107478 0.054207 0.067648 0.067648 0.000000 0.133495 0.133495 0.003736 0.000979 1.000000
0.084912 0.084912 0.084912 0.084912 0.084912 0.084912 0.084912 0.084912 0.000631 0.000001 0.134375 0.086920 0.068105 0.084912 0.084912 0.000000 0.022947 0.166325 0.009183 0.000404 1.000000
0.084325 0.084325 0.084325 0.084325 0.084325 0.084325 0.084325 0.084325 0.001224 0.000321 0.107454 0.107454 0.054195 0.084325 0.067632 0.000000 0.086319 0.086319 0.000000 0.043402 1.000000
0.084286 0.084286 0.084286 0.084286 0.084286 0.084286 0.084286 0.084286 0.014239 0.000000 0.022775 0.107405 0.043382 0.067601 0.043382 0.000006 0.107405 0.000108 0.084286 0.000131 1.000000
0.084359 0.084359 0.084359 0.084359 0.084359 0.084359 0.084359 0.084359 0.003737 0.000014 0.086354 0.007473 0.000028 0.084359 0.043420 0.000000 0.133519 0.165286 0.007298 0.084359 1.000000
0.084325 0.084325 0.084325 0.084325 0.084325 0.084325 0.084325 0.084325 0.000783 0.000001 0.055488 0.133466 0.067632 0.084325 0.084325 0.000001 0.022786 0.107454 0.014246 0.000321 1.000000
0.084359 0.084359 0.084359 0.084359 0.084359 0.084359 0.084359 0.084359 0.000502 0.000001 0.165285 0.086354 0.054217 0.067660 0.027819 0.000001 0.165285 0.007473 0.054217 0.000321 1.000000
0.084349 0.084349 0.084349 0.084349 0.084349 0.084349 0.084349 0.084349 0.084349 0.000000 0.133502 0.107484 0.054210 0.043414 0.054210 0.000002 0.086343 0.000802 0.002989 0.084349 1.000000
0.084280 0.084280 0.084280 0.084280 0.084280 0.084280 0.084280 0.084280 0.084280 0.000000 0.028459 0.107397 0.067596 0.043378 0.067596 0.000005 0.000135 0.055458 0.001911 0.017796 1.000000
0.084291 0.084291 0.084291 0.084291 0.084291 0.084291 0.084291 0.084291 0.017798 0.000001 0.011666 0.165157 0.034731 0.067605 0.043384 0.000007 0.086285 0.000135 0.054173 0.000164 1.000000
0.084427 0.084427 0.084427 0.084427 0.084427 0.084427 0.084427 0.084427 0.084427 0.000000 0.133623 0.107582 0.054261 0.084427 0.084427 0.000000 0.165412 0.086423 0.000402 0.007304 1.000000
0.084356 0.084356 0.084356 0.084356 0.084356 0.084356 0.084356 0.084356 0.000784 0.000000 0.165278 0.035590 0.084356 0.054215 0.027818 0.000000 0.107492 0.086350 0.000980 0.084356 1.000000
0.085003 0.085003 0.085003 0.085003 0.085003 0.085003 0.085003 0.085003 0.000323 0.000000 0.108309 0.134515 0.085003 0.085003 0.035027 0.000000 0.108309 0.166495 0.085003 0.085003 1.000000
0.084414 0.084414 0.084414 0.084414 0.084414 0.084414 0.084414 0.084414 0.000627 0.000000 0.107566 0.133604 0.067704 0.084414 0.043448 0.000000 0.133604 0.165389 0.054253 0.001914 1.000000
0.084450 0.084450 0.084450 0.084450 0.084450 0.084450 0.084450 0.084450 0.000402 0.000000 0.165456 0.165456 0.067733 0.084450 0.084450 0.000000 0.107611 0.133659 0.002394 0.014267 1.000000
0.084359 0.084359 0.084359 0.084359 0.084359 0.084359 0.084359 0.084359 0.003737 0.000000 0.133518 0.133518 0.054217 0.084359 0.054217 0.000000 0.107497 0.107497 0.009122 0.000205 1.000000
0.084313 0.084313 0.084313 0.084313 0.084313 0.084313 0.084313 0.084313 0.000783 0.000001 0.055480 0.133448 0.067623 0.043396 0.067623 0.000000 0.107439 0.107439 0.005835 0.000979 1.000000
0.084247 0.084247 0.084247 0.084247 0.084247 0.084247 0.084247 0.084247 0.017788 0.000001 0.018215 0.069176 0.054144 0.054144 0.067569 0.000006 0.000210 0.107355 0.011387 0.000321 1.000000
0.084339 0.084339 0.084339 0.084339 0.084339 0.084339 0.084339 0.084339 0.014248 0.000000 0.133487 0.133487 0.067643 0.067643 0.043409 0.000001 0.018235 0.133487 0.011399 0.000105 1.000000
0.084385 0.084385 0.084385 0.084385 0.084385 0.084385 0.084385 0.084385 0.000502 0.000002 0.133558 0.107529 0.043433 0.084385 0.067681 0.000000 0.107529 0.165334 0.007300 0.000502 1.000000
0.084398 0.084398 0.084398 0.084398 0.084398 0.084398 0.084398 0.084398 0.001225 0.000001 0.165358 0.165358 0.067691 0.027832 0.054242 0.000000 0.107546 0.133579 0.007301 0.000627 1.000000
0.084325 0.084325 0.084325 0.084325 0.084325 0.084325 0.084325 0.084325 0.009118 0.000000 0.044439 0.133465 0.067632 0.054195 0.084325 0.000007 0.086319 0.000108 0.084325 0.000783 1.000000
0.084407 0.084407 0.084407 0.084407 0.084407 0.084407 0.084407 0.084407 0.084407 0.000000 0.044483 0.165376 0.084407 0.054248 0.084407 0.000006 0.000044 0.133593 0.067699 0.000054 1.000000
0.084403 0.084403 0.084403 0.084403 0.084403 0.084403 0.084403 0.084403 0.000502 0.000001 0.086399 0.133587 0.084403 0.067695 0.067695 0.000000 0.133587 0.165368 0.007302 0.000784 1.000000
0.084395 0.084395 0.084395 0.084395 0.084395 0.084395 0.084395 0.084395 0.011407 0.000000 0.035607 0.165353 0.054240 0.084395 0.067689 0.000006 0.000044 0.165353 0.002393 0.084395 1.000000
0.084423 0.084423 0.084423 0.084423 0.084423 0.084423 0.084423 0.084423 0.001915 0.000000 0.069321 0.165406 0.067712 0.084423 0.084423 0.000006 0.165406 0.000329 0.084423 0.000105 1.000000
0.084405 0.084405 0.084405 0.084405 0.084405 0.084405 0.084405 0.084405 0.000502 0.000000 0.165372 0.107555 0.084405 0.084405 0.034778 0.000000 0.086401 0.107555 0.022274 0.084405 1.000000
0.084877 0.084877 0.084877 0.084877 0.084877 0.084877 0.084877 0.084877 0.009179 0.000000 0.035812 0.134320 0.054552 0.068077 0.068077 0.000006 0.166259 0.000069 0.054552 0.000789 1.000000
0.084330 0.084330 0.084330 0.084330 0.084330 0.084330 0.084330 0.084330 0.027810 0.000000 0.011672 0.165230 0.043404 0.067636 0.043404 0.000006 0.000044 0.133473 0.067636 0.000164 1.000000
0.084403 0.084403 0.084403 0.084403 0.084403 0.084403 0.084403 0.084403 0.002991 0.000000 0.028501 0.165368 0.067695 0.054246 0.084403 0.000000 0.133587 0.165368 0.011408 0.007302 1.000000
0.084421 0.084421 0.084421 0.084421 0.084421 0.084421 0.084421 0.084421 0.000502 0.000000 0.069319 0.165402 0.084421 0.067710 0.054257 0.000000 0.086418 0.165402 0.084421 0.000206 1.000000
0.084406 0.084406 0.084406 0.084406 0.084406 0.084406 0.084406 0.084406 0.004673 0.000000 0.165373 0.086402 0.067697 0.067697 0.067697 0.000001 0.011682 0.165373 0.000980 0.084406 1.000000
0.085009 0.085009 0.085009 0.085009 0.085009 0.085009 0.085009 0.085009 0.043757 0.000000 0.087019 0.134525 0.068184 0.068184 0.068184 0.000000 0.134525 0.166507 0.085009 0.085009 1.000000
0.084393 0.084393 0.084393 0.084393 0.084393 0.084393 0.084393 0.084393 0.017820 0.000000 0.018247 0.165348 0.054239 0.067687 0.067687 0.000006 0.000044 0.133570 0.084393 0.084393 1.000000
0.083979 0.083979 0.083979 0.083979 0.083979 0.083979 0.083979 0.083979 0.083979 0.000000 0.107017 0.132930 0.083979 0.067353 0.067353 0.000000 0.164570 0.132930 0.083979 0.083979 1.000000
0.084470 0.084470 0.084470 0.084470 0.084470 0.084470 0.084470 0.084470 0.000628 0.000000 0.133690 0.133690 0.067749 0.084470 0.084470 0.000000 0.165494 0.165494 0.000785 0.034805 1.000000
0.084452 0.084452 0.084452 0.084452 0.084452 0.084452 0.084452 0.084452 0.000321 0.000001 0.165460 0.133663 0.067735 0.067735 0.084452 0.000000 0.133663 0.165460 0.009132 0.000402 1.000000
0.084443 0.084443 0.084443 0.084443 0.084443 0.084443 0.084443 0.084443 0.000502 0.000000 0.165443 0.165443 0.067727 0.084443 0.067727 0.000005 0.001255 0.133648 0.003740 0.084443 1.000000
0.084978 0.084978 0.084978 0.084978 0.084978 0.084978 0.084978 0.084978 0.084978 0.000000 0.011763 0.134477 0.084978 0.054618 0.054618 0.000000 0.134477 0.166449 0.084978 0.000035 1.000000
0.084448 0.084448 0.084448 0.084448 0.084448 0.084448 0.084448 0.084448 0.084448 0.000000 0.133656 0.165452 0.054275 0.084448 0.084448 0.000000 0.011688 0.165452 0.009132 0.000043 1.000000
0.084451 0.084451 0.084451 0.084451 0.084451 0.084451 0.084451 0.084451 0.084451 0.000000 0.069344 0.107613 0.067734 0.084451 0.084451 0.000000 0.165459 0.165459 0.002993 0.000067 1.000000
0.084483 0.084483 0.084483 0.084483 0.084483 0.084483 0.084483 0.084483 0.084483 0.000000 0.044524 0.165519 0.084483 0.084483 0.067760 0.000000 0.165519 0.165519 0.000785 0.001916 1.000000
0.084457 0.084457 0.084457 0.084457 0.084457 0.084457 0.084457 0.084457 0.000321 0.000000 0.165469 0.165469 0.084457 0.067739 0.084457 0.000001 0.018261 0.133670 0.014268 0.084457 1.000000
0.083959 0.083959 0.083959 0.083959 0.083959 0.083959 0.083959 0.083959 0.083959 0.000000 0.106992 0.164532 0.067337 0.053958 0.053958 0.000000 0.164532 0.106992 0.083959 0.083959 1.000000
0.084415 0.084415 0.084415 0.084415 0.084415 0.084415 0.084415 0.084415 0.000980 0.000000 0.044487 0.133605 0.054253 0.084415 0.034782 0.000000 0.165390 0.165390 0.027838 0.067705 1.000000
0.084412 0.084412 0.084412 0.084412 0.084412 0.084412 0.084412 0.084412 0.084412 0.000000 0.028504 0.107564 0.084412 0.084412 0.054252 0.000005 0.000055 0.133601 0.084412 0.084412 1.000000
0.083998 0.083998 0.083998 0.083998 0.083998 0.083998 0.083998 0.083998 0.083998 0.000000 0.068971 0.132959 0.067369 0.083998 0.083998 0.000000 0.164606 0.164606 0.083998 0.083998 1.000000
0.083980 0.083980 0.083980 0.083980 0.083980 0.083980 0.083980 0.083980 0.083980 0.000000 0.044256 0.164573 0.067355 0.083980 0.083980 0.000000 0.164573 0.164573 0.000320 0.083980 1.000000
0.083987 0.083987 0.083987 0.083987 0.083987 0.083987 0.083987 0.083987 0.083987 0.000000 0.164584 0.132941 0.083987 0.083987 0.067360 0.000001 0.164584 0.001560 0.083987 0.083987 1.000000
0.084439 0.084439 0.084439 0.084439 0.084439 0.084439 0.084439 0.084439 0.084439 0.000000 0.018257 0.165436 0.084439 0.084439 0.054269 0.000005 0.165436 0.000044 0.002394 0.084439 1.000000
0.084010 0.084010 0.084010 0.084010 0.084010 0.084010 0.084010 0.084010 0.084010 0.000000 0.068981 0.132978 0.084010 0.084010 0.084010 0.000000 0.164629 0.164629 0.084010 0.084010 1.000000
0.084002 0.084002 0.084002 0.084002 0.084002 0.084002 0.084002 0.084002 0.084002 0.000000 0.044267 0.164612 0.084002 0.043234 0.084002 0.000000 0.164612 0.164612 0.084002 0.084002 1.000000
0.083978 0.083978 0.083978 0.083978 0.083978 0.083978 0.083978 0.083978 0.083978 0.000000 0.068954 0.164568 0.067353 0.083978 0.053970 0.000000 0.132928 0.164568 0.083978 0.083978 1.000000
0.083992 0.083992 0.083992 0.083992 0.083992 0.083992 0.083992 0.083992 0.083992 0.000000 0.085979 0.132950 0.067364 0.067364 0.083992 0.000000 0.164595 0.164595 0.083992 0.083992 1.000000
0.084431 0.084431 0.084431 0.084431 0.084431 0.084431 0.084431 0.084431 0.000502 0.000001 0.086428 0.133630 0.084431 0.054264 0.084431 0.000000 0.165420 0.165420 0.005844 0.000627 1.000000
0.084417 0.084417 0.084417 0.084417 0.084417 0.084417 0.084417 0.084417 0.007303 0.000000 0.044488 0.165394 0.084417 0.084417 0.084417 0.000006 0.165394 0.000055 0.067706 0.000084 1.000000
0.084033 0.084033 0.084033 0.084033 0.084033 0.084033 0.084033 0.084033 0.084033 0.000000 0.069000 0.164672 0.084033 0.084033 0.084033 0.000000 0.164672 0.164672 0.084033 0.084033 1.000000
0.084456 0.084456 0.084456 0.084456 0.084456 0.084456 0.084456 0.084456 0.000502 0.000000 0.044509 0.133668 0.084456 0.084456 0.067738 0.000000 0.165467 0.107619 0.084456 0.084456 1.000000
0.083992 0.083992 0.083992 0.083992 0.083992 0.083992 0.083992 0.083992 0.083992 0.000000 0.107034 0.132950 0.083992 0.083992 0.083992 0.000000 0.164595 0.164595 0.083992 0.000011 1.000000
0.083971 0.083971 0.083971 0.083971 0.083971 0.083971 0.083971 0.083971 0.083971 0.000000 0.068948 0.164554 0.067347 0.067347 0.083971 0.000000 0.107006 0.164554 0.083971 0.083971 1.000000
0.084431 0.084431 0.084431 0.084431 0.084431 0.084431 0.084431 0.084431 0.000402 0.000000 0.055558 0.165421 0.084431 0.084431 0.054264 0.000000 0.133630 0.133630 0.001226 0.084431 1.000000
0.084462 0.084462 0.084462 0.084462 0.084462 0.084462 0.084462 0.084462 0.000257 0.000000 0.165480 0.107627 0.067743 0.084462 0.084462 0.000000 0.133679 0.069354 0.084462 0.084462 1.000000
0.084489 0.084489 0.084489 0.084489 0.084489 0.084489 0.084489 0.084489 0.000402 0.000000 0.069375 0.133720 0.084489 0.067765 0.067765 0.000000 0.165530 0.165530 0.084489 0.084489 1.000000
0.083968 0.083968 0.083968 0.083968 0.083968 0.083968 0.083968 0.083968 0.001219 0.000000 0.044249 0.164550 0.067345 0.067345 0.083968 0.000000 0.164550 0.164550 0.083968 0.083968 1.000000
0.084434 0.084434 0.084434 0.084434 0.084434 0.084434 0.084434 0.084434 0.084434 0.000000 0.014607 0.165427 0.084434 0.084434 0.067721 0.000006 0.165427 0.000069 0.067721 0.000067 1.000000
0.084415 0.084415 0.084415 0.084415 0.084415 0.084415 0.084415 0.084415 0.084415 0.000000 0.044487 0.165391 0.084415 0.067705 0.067705 0.000006 0.000069 0.133605 0.084415 0.000034 1.000000
0.084482 0.084482 0.084482 0.084482 0.084482 0.084482 0.084482 0.084482 0.000502 0.000000 0.044523 0.165517 0.084482 0.067759 0.067759 0.000000 0.165517 0.133709 0.084482 0.084482 1.000000
0.084473 0.084473 0.084473 0.084473 0.084473 0.084473 0.084473 0.084473 0.011418 0.000000 0.035640 0.133695 0.054291 0.067752 0.084473 0.000000 0.165500 0.165500 0.084473 0.084473 1.000000
0.083992 0.083992 0.083992 0.083992 0.083992 0.083992 0.083992 0.083992 0.083992 0.000000 0.164595 0.132950 0.083992 0.083992 0.083992 0.000000 0.107034 0.164595 0.083992 0.000014 1.000000
0.084459 0.084459 0.084459 0.084459 0.084459 0.084459 0.084459 0.084459 0.084459 0.000000 0.069351 0.165473 0.084459 0.084459 0.054282 0.000000 0.133673 0.165473 0.003741 0.000084 1.000000
0.084478 0.084478 0.084478 0.084478 0.084478 0.084478 0.084478 0.084478 0.000402 0.000000 0.069366 0.133702 0.067756 0.084478 0.084478 0.000000 0.133702 0.165509 0.084478 0.084478 1.000000
0.084021 0.084021 0.084021 0.084021 0.084021 0.084021 0.084021 0.084021 0.084021 0.000000 0.068990 0.164649 0.084021 0.084021 0.067387 0.000000 0.164649 0.164649 0.084021 0.084021 1.000000
0.084483 0.084483 0.084483 0.084483 0.084483 0.084483 0.084483 0.084483 0.084483 0.000000 0.028528 0.165518 0.084483 0.084483 0.067759 0.000006 0.000055 0.165518 0.084483 0.084483 1.000000
0.084013 0.084013 0.084013 0.084013 0.084013 0.084013 0.084013 0.084013 0.084013 0.000000 0.068983 0.164635 0.084013 0.053993 0.084013 0.000000 0.164635 0.164635 0.084013 0.084013 1.000000
0.084076 0.084076 0.084076 0.084076 0.084076 0.084076 0.084076 0.084076 0.084076 0.000000 0.164752 0.164752 0.084076 0.067432 0.084076 0.000000 0.164752 0.164752 0.084076 0.084076 1.000000
0.084021 0.084021 0.084021 0.084021 0.084021 0.084021 0.084021 0.084021 0.084021 0.000000 0.068990 0.164649 0.084021 0.067387 0.084021 0.000000 0.164649 0.164649 0.084021 0.084021 1.000000
0.084033 0.084033 0.084033 0.084033 0.084033 0.084033 0.084033 0.084033 0.084033 0.000000 0.069000 0.164672 0.084033 0.084033 0.084033 0.000000 0.164672 0.164672 0.084033 0.084033 1.000000
0.084033 0.084033 0.084033 0.084033 0.084033 0.084033 0.084033 0.084033 0.084033 0.000000 0.069000 0.164672 0.084033 0.084033 0.084033 0.000000 0.164672 0.164672 0.084033 0.084033 1.000000
0.084016 0.084016 0.084016 0.084016 0.084016 0.084016 0.084016 0.084016 0.084016 0.000000 0.107063 0.164639 0.084016 0.084016 0.084016 0.000000 0.164639 0.164639 0.084016 0.000011 1.000000
0.083983 0.083983 0.083983 0.083983 0.083983 0.083983 0.083983 0.083983 0.000499 0.000000 0.055261 0.164578 0.083983 0.067357 0.083983 0.000000 0.164578 0.164578 0.083983 0.083983 1.000000
0.084033 0.084033 0.084033 0.084033 0.084033 0.084033 0.084033 0.084033 0.084033 0.000000 0.069000 0.164672 0.084033 0.084033 0.084033 0.000000 0.164672 0.164672 0.084033 0.084033 1.000000
0.083964 0.083964 0.083964 0.083964 0.083964 0.083964 0.083964 0.083964 0.083964 0.000000 0.068942 0.164542 0.083964 0.083964 0.067341 0.000000 0.132906 0.164542 0.083964 0.000014 1.000000
0.083964 0.083964 0.083964 0.083964 0.083964 0.083964 0.083964 0.083964 0.083964 0.000000 0.068942 0.132906 0.067341 0.083964 0.083964 0.000000 0.164542 0.164542 0.083964 0.000054 1.000000
0.083993 0.083993 0.083993 0.083993 0.083993 0.083993 0.083993 0.083993 0.083993 0.000000 0.044262 0.164595 0.083993 0.083993 0.083993 0.000000 0.164595 0.164595 0.000205 0.083993 1.000000
0.083959 0.083959 0.083959 0.083959 0.083959 0.083959 0.083959 0.083959 0.083959 0.000000 0.035420 0.164532 0.083959 0.083959 0.083959 0.000006 0.000055 0.164532 0.083959 0.083959 1.000000
0.084008 0.084008 0.084008 0.084008 0.084008 0.084008 0.084008 0.084008 0.084008 0.000000 0.164624 0.132974 0.084008 0.084008 0.084008 0.000000 0.164624 0.132974 0.003721 0.084008 1.000000
0.084033 0.084033 0.084033 0.084033 0.084033 0.084033 0.084033 0.084033 0.084033 0.000000 0.069000 0.164672 0.084033 0.084033 0.084033 0.000000 0.164672 0.164672 0.084033 0.084033 1.000000
0.083987 0.083987 0.083987 0.083987 0.083987 0.083987 0.083987 0.083987 0.083987 0.000000 0.068962 0.164585 0.067360 0.083987 0.083987 0.000000 0.164585 0.164585 0.000256 0.083987 1.000000
0.084027 0.084027 0.084027 0.084027 0.084027 0.084027 0.084027 0.084027 0.084027 0.000000 0.133003 0.164659 0.084027 0.084027 0.084027 0.000000 0.164659 0.107077 0.084027 0.084027 1.000000
0.084010 0.084010 0.084010 0.084010 0.084010 0.084010 0.084010 0.084010 0.084010 0.000000 0.068981 0.164629 0.084010 0.084010 0.084010 0.000000 0.164629 0.132978 0.084010 0.084010 1.000000
0.084033 0.084033 0.084033 0.084033 0.084033 0.084033 0.084033 0.084033 0.084033 0.000000 0.069000 0.164672 0.084033 0.084033 0.084033 0.000000 0.164672 0.164672 0.084033 0.084033 1.000000
0.084449 0.084449 0.084449 0.084449 0.084449 0.084449 0.084449 0.084449 0.084449 0.000000 0.035630 0.165455 0.067733 0.084449 0.084449 0.000006 0.000044 0.165455 0.001915 0.084449 1.000000
0.084000 0.084000 0.084000 0.084000 0.084000 0.084000 0.084000 0.084000 0.084000 0.000000 0.068972 0.164609 0.084000 0.084000 0.084000 0.000000 0.164609 0.164609 0.009083 0.084000 1.000000
0.084008 0.084008 0.084008 0.084008 0.084008 0.084008 0.084008 0.084008 0.084008 0.000000 0.068979 0.164625 0.084008 0.043237 0.084008 0.000000 0.164625 0.164625 0.084008 0.084008 1.000000
0.084010 0.084010 0.084010 0.084010 0.084010 0.084010 0.084010 0.084010 0.084010 0.000000 0.068981 0.132978 0.084010 0.084010 0.084010 0.000000 0.164629 0.164629 0.084010 0.084010 1.000000
0.084025 0.084025 0.084025 0.084025 0.084025 0.084025 0.084025 0.084025 0.084025 0.000000 0.164657 0.107075 0.084025 0.067391 0.067391 0.000000 0.164657 0.164657 0.084025 0.084025 1.000000
0.084021 0.084021 0.084021 0.084021 0.084021 0.084021 0.084021 0.084021 0.084021 0.000000 0.068990 0.164649 0.067387 0.084021 0.084021 0.000000 0.164649 0.164649 0.084021 0.084021 1.000000
0.083999 0.083999 0.083999 0.083999 0.083999 0.083999 0.083999 0.083999 0.083999 0.000000 0.068972 0.164608 0.083999 0.083999 0.083999 0.000000 0.164608 0.164608 0.000256 0.083999 1.000000
0.084021 0.084021 0.084021 0.084021 0.084021 0.084021 0.084021 0.084021 0.084021 0.000000 0.068990 0.164649 0.084021 0.084021 0.067387 0.000000 0.164649 0.164649 0.084021 0.084021 1.000000
0.084033 0.084033 0.084033 0.084033 0.084033 0.084033 0.084033 0.084033 0.084033 0.000000 0.069000 0.164672 0.084033 0.084033 0.084033 0.000000 0.164672 0.164672 0.084033 0.084033 1.000000
0.084033 0.084033 0.084033 0.084033 0.084033 0.084033 0.084033 0.084033 0.084033 0.000000 0.069000 0.164672 0.084033 0.084033 0.084033 0.000000 0.164672 0.164672 0.084033 0.084033 1.000000
0.084021 0.084021 0.084021 0.084021 0.084021 0.084021 0.084021 0.084021 0.084021 0.000000 0.068990 0.164649 0.084021 0.067387 0.084021 0.000000 0.164649 0.164649 0.084021 0.084021 1.000000
0.084033 0.084033 0.084033 0.084033 0.084033 0.084033 0.084033 0.084033 0.084033 0.000000 0.069000 0.164672 0.084033 0.084033 0.084033 0.000000 0.164672 0.164672 0.084033 0.084033 1.000000
0.084033 0.084033 0.084033 0.084033 0.084033 0.084033 0.084033 0.084033 0.084033 0.000000 0.069000 0.164672 0.084033 0.084033 0.084033 0.000000 0.164672 0.164672 0.084033 0.084033 1.000000
0.084033 0.084033 0.084033 0.084033 0.084033 0.084033 0.084033 0.084033 0.084033 0.000000 0.069000 0.164672 0.084033 0.084033 0.084033 0.000000 0.164672 0.164672 0.084033 0.084033 1.000000
0.084033 0.084033 0.084033 0.084033 0.084033 0.084033 0.084033 0.084033 0.084033 0.000000 0.069000 0.164672 0.084033 0.084033 0.084033 0.000000 0.164672 0.164672 0.084033 0.084033 1.000000
0.084000 0.084000 0.084000 0.084000 0.084000 0.084000 0.084000 0.084000 0.084000 0.000000 0.068972 0.164610 0.084000 0.084000 0.084000 0.000000 0.164610 0.164610 0.084000 0.014190 1.000000
0.083959 0.083959 0.083959 0.083959 0.083959 0.083959 0.083959 0.083959 0.083959 0.000000 0.035420 0.164532 0.083959 0.083959 0.083959 0.000006 0.000055 0.164532 0.083959 0.083959 1.000000
0.083976 0.083976 0.083976 0.083976 0.083976 0.083976 0.083976 0.083976 0.000499 0.000000 0.068953 0.132925 0.083976 0.083976 0.083976 0.000000 0.164565 0.164565 0.083976 0.083976 1.000000
0.083999 0.083999 0.083999 0.083999 0.083999 0.083999 0.083999 0.083999 0.000320 0.000000 0.068972 0.164608 0.083999 0.083999 0.083999 0.000000 0.164608 0.164608 0.083999 0.083999 1.000000
0.084021 0.084021 0.084021 0.084021 0.084021 0.084021 0.084021 0.084021 0.084021 0.000000 0.068990 0.164649 0.067387 0.084021 0.084021 0.000000 0.164649 0.164649 0.084021 0.084021 1.000000
0.083994 0.083994 0.083994 0.083994 0.083994 0.083994 0.083994 0.083994 0.083994 0.000000 0.055268 0.164598 0.067366 0.083994 0.083994 0.000000 0.164598 0.132953 0.083994 0.083994 1.000000
0.083983 0.083983 0.083983 0.083983 0.083983 0.083983 0.083983 0.083983 0.083983 0.000000 0.085969 0.132935 0.083983 0.083983 0.083983 0.000000 0.164577 0.164577 0.001905 0.083983 1.000000
0.084033 0.084033 0.084033 0.084033 0.084033 0.084033 0.084033 0.084033 0.084033 0.000000 0.069000 0.164672 0.084033 0.084033 0.084033 0.000000 0.164672 0.164672 0.084033 0.084033 1.000000
0.083987 0.083987 0.083987 0.083987 0.083987 0.083987 0.083987 0.083987 0.000320 0.000000 0.068962 0.164585 0.083987 0.067360 0.083987 0.000000 0.164585 0.164585 0.083987 0.083987 1.000000
0.084033 0.084033 0.084033 0.084033 0.084033 0.084033 0.084033 0.084033 0.084033 0.000000 0.069000 0.164672 0.084033 0.084033 0.084033 0.000000 0.164672 0.164672 0.084033 0.084033 1.000000
0.084033 0.084033 0.084033 0.084033 0.084033 0.084033 0.084033 0.084033 0.084033 0.000000 0.069000 0.164672 0.084033 0.084033 0.084033 0.000000 0.164672 0.164672 0.084033 0.084033 1.000000
0.084033 0.084033 0.084033 0.084033 0.084033 0.084033 0.084033 0.084033 0.084033 0.000000 0.069000 0.164672 0.084033 0.084033 0.084033 0.000000 0.164672 0.164672 0.084033 0.084033 1.000000
0.084033 0.084033 0.084033 0.084033 0.084033 0.084033 0.084033 0.084033 0.084033 0.000000 0.069000 0.164672 0.084033 0.084033 0.084033 0.000000 0.164672 0.164672 0.084033 0.084033 1.000000
0.083983 0.083983 0.083983 0.083983 0.083983 0.083983 0.083983 0.083983 0.000320 0.000000 0.085969 0.132935 0.083983 0.083983 0.083983 0.000000 0.164577 0.164577 0.083983 0.083983 1.000000
0.084033 0.084033 0.084033 0.084033 0.084033 0.084033 0.084033 0.084033 0.084033 0.000000 0.069000 0.164672 0.084033 0.084033 0.084033 0.000000 0.164672 0.164672 0.084033 0.084033 1.000000
0.084033 0.084033 0.084033 0.084033 0.084033 0.084033 0.084033 0.084033 0.084033 0.000000 0.069000 0.164672 0.084033 0.084033 0.084033 0.000000 0.164672 0.164672 0.084033 0.084033 1.000000
0.083977 0.083977 0.083977 0.083977 0.083977 0.083977 0.083977 0.083977 0.083977 0.000000 0.068953 0.164565 0.083977 0.083977 0.083977 0.000000 0.164565 0.132926 0.009080 0.083977 1.000000
0.084021 0.084021 0.084021 0.084021 0.084021 0.084021 0.084021 0.084021 0.084021 0.000000 0.068990 0.164649 0.084021 0.084021 0.067387 0.000000 0.164649 0.164649 0.084021 0.084021 1.000000
0.084033 0.084033 0.084033 0.084033 0.084033 0.084033 0.084033 0.084033 0.084033 0.000000 0.069000 0.164672 0.084033 0.084033 0.084033 0.000000 0.164672 0.164672 0.084033 0.084033 1.000000
0.084021 0.084021 0.084021 0.084021 0.084021 0.084021 0.084021 0.084021 0.084021 0.000000 0.068990 0.164649 0.067387 0.084021 0.084021 0.000000 0.164649 0.164649 0.084021 0.084021 1.000000
0.084017 0.084017 0.084017 0.084017 0.084017 0.084017 0.084017 0.084017 0.084017 0.000000 0.086004 0.132988 0.084017 0.084017 0.084017 0.000000 0.164641 0.164641 0.084017 0.084017 1.000000
0.084010 0.084010 0.084010 0.084010 0.084010 0.084010 0.084010 0.084010 0.084010 0.000000 0.068981 0.164629 0.084010 0.084010 0.084010 0.000000 0.132978 0.164629 0.084010 0.084010 1.000000
0.084033 0.084033 0.084033 0.084033 0.084033 0.084033 0.084033 0.084033 0.084033 0.000000 0.069000 0.164672 0.084033 0.084033 0.084033 0.000000 0.164672 0.164672 0.084033 0.084033 1.000000
0.083965 0.083965 0.083965 0.083965 0.083965 0.083965 0.083965 0.083965 0.000399 0.000000 0.068944 0.164544 0.083965 0.083965 0.083965 0.000000 0.164544 0.164544 0.083965 0.000131 1.000000
0.084033 0.084033 0.084033 0.084033 0.084033 0.084033 0.084033 0.084033 0.084033 0.000000 0.069000 0.164672 0.084033 0.084033 0.084033 0.000000 0.164672 0.164672 0.084033 0.084033 1.000000
0.084033 0.084033 0.084033 0.084033 0.084033 0.084033 0.084033 0.084033 0.084033 0.000000 0.069000 0.164672 0.084033 0.084033 0.084033 0.000000 0.164672 0.164672 0.084033 0.084033 1.000000
0.084033 0.084033 0.084033 0.084033 0.084033 0.084033 0.084033 0.084033 0.084033 0.000000 0.069000 0.164672 0.084033 0.084033 0.084033 0.000000 0.164672 0.164672 0.084033 0.084033 1.000000
0.084033 0.084033 0.084033 0.084033 0.084033 0.084033 0.084033 0.084033 0.084033 0.000000 0.069000 0.164672 0.084033 0.084033 0.084033 0.000000 0.164672 0.164672 0.084033 0.084033 1.000000
0.083999 0.083999 0.083999 0.083999 0.083999 0.083999 0.083999 0.083999 0.083999 0.000000 0.068972 0.164608 0.083999 0.083999 0.083999 0.000000 0.164608 0.164608 0.000256 0.083999 1.000000
0.084033 0.084033 0.084033 0.084033 0.084033 0.084033 0.084033 0.084033 0.084033 0.000000 0.069000 0.164672 0.084033 0.084033 0.084033 0.000000 0.164672 0.164672 0.084033 0.084033 1.000000
0.084484 0.084484 0.084484 0.084484 0.084484 0.084484 0.084484 0.084484 0.084484 0.000000 0.035644 0.165520 0.084484 0.067760 0.084484 0.000005 0.000055 0.165520 0.084484 0.084484 1.000000
0.084033 0.084033 0.084033 0.084033 0.084033 0.084033 0.084033 0.084033 0.084033 0.000000 0.069000 0.164672 0.084033 0.084033 0.084033 0.000000 0.164672 0.164672 0.084033 0.084033 1.000000
0.083998 0.083998 0.083998 0.083998 0.083998 0.083998 0.083998 0.083998 0.083998 0.000000 0.068971 0.132959 0.083998 0.083998 0.067369 0.000000 0.164606 0.164606 0.083998 0.083998 1.000000
0.084033 0.084033 0.084033 0.084033 0.084033 0.084033 0.084033 0.084033 0.084033 0.000000 0.069000 0.164672 0.084033 0.084033 0.084033 0.000000 0.164672 0.164672 0.084033 0.084033 1.000000
0.083999 0.083999 0.083999 0.083999 0.083999 0.083999 0.083999 0.083999 0.083999 0.000000 0.068972 0.164608 0.083999 0.083999 0.083999 0.000000 0.164608 0.164608 0.000320 0.083999 1.000000
0.083995 0.083995 0.083995 0.083995 0.083995 0.083995 0.083995 0.083995 0.083995 0.000000 0.055269 0.164601 0.083995 0.083995 0.083995 0.000000 0.164601 0.164601 0.004650 0.083995 1.000000
0.084033 0.084033 0.084033 0.084033 0.084033 0.084033 0.084033 0.084033 0.084033 0.000000 0.069000 0.164672 0.084033 0.084033 0.084033 0.000000 0.164672 0.164672 0.084033 0.084033 1.000000
0.084021 0.084021 0.084021 0.084021 0.084021 0.084021 0.084021 0.084021 0.084021 0.000000 0.068990 0.164649 0.067387 0.084021 0.084021 0.000000 0.164649 0.164649 0.084021 0.084021 1.000000
0.084033 0.084033 0.084033 0.084033 0.084033 0.084033 0.084033 0.084033 0.084033 0.000000 0.069000 0.164672 0.084033 0.084033 0.084033 0.000000 0.164672 0.164672 0.084033 0.084033 1.000000
0.084033 0.084033 0.084033 0.084033 0.084033 0.084033 0.084033 0.084033 0.084033 0.000000 0.069000 0.164672 0.084033 0.084033 0.084033 0.000000 0.164672 0.164672 0.084033 0.084033 1.000000
0.083965 0.083965 0.083965 0.083965 0.083965 0.083965 0.083965 0.083965 0.000399 0.000000 0.068944 0.164544 0.083965 0.083965 0.083965 0.000000 0.164544 0.164544 0.000975 0.083965 1.000000
0.084033 0.084033 0.084033 0.084033 0.084033 0.084033 0.084033 0.084033 0.084033 0.000000 0.069000 0.164672 0.084033 0.084033 0.084033 0.000000 0.164672 0.164672 0.084033 0.084033 1.000000
0.084033 0.084033 0.084033 0.084033 0.084033 0.084033 0.084033 0.084033 0.084033 0.000000 0.069000 0.164672 0.084033 0.084033 0.084033 0.000000 0.164672 0.164672 0.084033 0.084033 1.000000
0.083999 0.083999 0.083999 0.083999 0.083999 0.083999 0.083999 0.083999 0.000320 0.000000 0.068972 0.164608 0.083999 0.083999 0.083999 0.000000 0.164608 0.164608 0.083999 0.083999 1.000000
0.084033 0.084033 0.084033 0.084033 0.084033 0.084033 0.084033 0.084033 0.084033 0.000000 0.069000 0.164672 0.084033 0.084033 0.084033 0.000000 0.164672 0.164672 0.084033 0.084033 1.000000
0.084033 0.084033 0.084033 0.084033 0.084033 0.084033 0.084033 0.084033 0.084033 0.000000 0.069000 0.164672 0.084033 0.084033 0.084033 0.000000 0.164672 0.164672 0.084033 0.084033 1.000000
0.084021 0.084021 0.084021 0.084021 0.084021 0.084021 0.084021 0.084021 0.084021 0.000000 0.068990 0.164649 0.084021 0.084021 0.067387 0.000000 0.164649 0.164649 0.084021 0.084021 1.000000
0.084033 0.084033 0.084033 0.084033 0.084033 0.084033 0.084033 0.084033 0.084033 0.000000 0.069000 0.164672 0.084033 0.084033 0.084033 0.000000 0.164672 0.164672 0.084033 0.084033 1.000000
0.084033 0.084033 0.084033 0.084033 0.084033 0.084033 0.084033 0.084033 0.084033 0.000000 0.069000 0.164672 0.084033 0.084033 0.084033 0.000000 0.164672 0.164672 0.084033 0.084033 1.000000
0.084021 0.084021 0.084021 0.084021 0.084021 0.084021 0.084021 0.084021 0.084021 0.000000 0.068990 0.164649 0.067387 0.084021 0.084021 0.000000 0.164649 0.164649 0.084021 0.084021 1.000000
0.084033 0.084033 0.084033 0.084033 0.084033 0.084033 0.084033 0.084033 0.084033 0.000000 0.069000 0.164672 0.084033 0.084033 0.084033 0.000000 0.164672 0.164672 0.084033 0.084033 1.000000
0.084033 0.084033 0.084033 0.084033 0.084033 0.084033 0.084033 0.084033 0.084033 0.000000 0.069000 0.164672 0.084033 0.084033 0.084033 0.000000 0.164672 0.164672 0.084033 0.084033 1.000000
0.084033 0.084033 0.084033 0.084033 0.084033 0.084033 0.084033 0.084033 0.084033 0.000000 0.069000 0.164672 0.084033 0.084033 0.084033 0.000000 0.164672 0.164672 0.084033 0.084033 1.000000
0.084033 0.084033 0.084033 0.084033 0.084033 0.084033 0.084033 0.084033 0.084033 0.000000 0.069000 0.164672 0.084033 0.084033 0.084033 0.000000 0.164672 0.164672 0.084033 0.084033 1.000000
0.084033 0.084033 0.084033 0.084033 0.084033 0.084033 0.084033 0.084033 0.084033 0.000000 0.069000 0.164672 0.084033 0.084033 0.084033 0.000000 0.164672 0.164672 0.084033 0.084033 1.000000
0.084033 0.084033 0.084033 0.084033 0.084033 0.084033 0.084033 0.084033 0.084033 0.000000 0.069000 0.164672 0.084033 0.084033 0.084033 0.000000 0.164672 0.164672 0.084033 0.084033 1.000000
0.084033 0.084033 0.084033 0.084033 0.084033 0.084033 0.084033 0.084033 0.084033 0.000000 0.069000 0.164672 0.084033 0.084033 0.084033 0.000000 0.164672 0.164672 0.084033 0.084033 1.000000
0.084033 0.084033 0.084033 0.084033 0.084033 0.084033 0.084033 0.084033 0.084033 0.000000 0.069000 0.164672 0.084033 0.084033 0.084033 0.000000 0.164672 0.164672 0.084033 0.084033 1.000000
0.084033 0.084033 0.084033 0.084033 0.084033 0.084033 0.084033 0.084033 0.084033 0.000000 0.069000 0.164672 0.084033 0.084033 0.084033 0.000000 0.164672 0.164672 0.084033 0.084033 1.000000
0.084033 0.084033 0.084033 0.084033 0.084033 0.084033 0.084033 0.084033 0.084033 0.000000 0.069000 0.164672 0.084033 0.084033 0.084033 0.000000 0.164672 0.164672 0.084033 0.084033 1.000000
0.084021 0.084021 0.084021 0.084021 0.084021 0.084021 0.084021 0.084021 0.084021 0.000000 0.068990 0.164649 0.084021 0.084021 0.067387 0.000000 0.164649 0.164649 0.084021 0.084021 1.000000
0.084050 0.084050 0.084050 0.084050 0.084050 0.084050 0.084050 0.084050 0.084050 0.000000 0.107106 0.164703 0.084050 0.084050 0.084050 0.000000 0.164703 0.164703 0.084050 0.084050 1.000000
0.084033 0.084033 0.084033 0.084033 0.084033 0.084033 0.084033 0.084033 0.084033 0.000000 0.069000 0.164672 0.084033 0.084033 0.084033 0.000000 0.164672 0.164672 0.084033 0.084033 1.000000
0.084033 0.084033 0.084033 0.084033 0.084033 0.084033 0.084033 0.084033 0.084033 0.000000 0.069000 0.164672 0.084033 0.084033 0.084033 0.000000 0.164672 0.164672 0.084033 0.084033 1.000000
0.084033 0.084033 0.084033 0.084033 0.084033 0.084033 0.084033 0.084033 0.084033 0.000000 0.069000 0.164672 0.084033 0.084033 0.084033 0.000000 0.164672 0.164672 0.084033 0.084033 1.000000
0.084033 0.084033 0.084033 0.084033 0.084033 0.084033 0.084033 0.084033 0.084033 0.000000 0.069000 0.164672 0.084033 0.084033 0.084033 0.000000 0.164672 0.164672 0.084033 0.084033 1.000000
0.084033 0.084033 0.084033 0.084033 0.084033 0.084033 0.084033 0.084033 0.084033 0.000000 0.069000 0.164672 0.084033 0.084033 0.084033 0.000000 0.164672 0.164672 0.084033 0.084033 1.000000
0.084029 0.084029 0.084029 0.084029 0.084029 0.084029 0.084029 0.084029 0.084029 0.000000 0.055292 0.164665 0.084029 0.084029 0.084029 0.000000 0.164665 0.164665 0.084029 0.084029 1.000000
0.084033 0.084033 0.084033 0.084033 0.084033 0.084033 0.084033 0.084033 0.084033 0.000000 0.069000 0.164672 0.084033 0.084033 0.084033 0.000000 0.164672 0.164672 0.084033 0.084033 1.000000
0.084033 0.084033 0.084033 0.084033 0.084033 0.084033 0.084033 0.084033 0.084033 0.000000 0.069000 0.164672 0.084033 0.084033 0.084033 0.000000 0.164672 0.164672 0.084033 0.084033 1.000000
0.084033 0.084033 0.084033 0.084033 0.084033 0.084033 0.084033 0.084033 0.084033 0.000000 0.069000 0.164672 0.084033 0.084033 0.084033 0.000000 0.164672 0.164672 0.084033 0.084033 1.000000
0.084033 0.084033 0.084033 0.084033 0.084033 0.084033 0.084033 0.084033 0.084033 0.000000 0.069000 0.164672 0.084033 0.084033 0.084033 0.000000 0.164672 0.164672 0.084033 0.084033 1.000000
0.084033 0.084033 0.084033 0.084033 0.084033 0.084033 0.084033 0.084033 0.084033 0.000000 0.069000 0.164672 0.084033 0.084033 0.084033 0.000000 0.164672 0.164672 0.084033 0.084033 1.000000
0.084033 0.084033 0.084033 0.084033 0.084033 0.084033 0.084033 0.084033 0.084033 0.000000 0.069000 0.164672 0.084033 0.084033 0.084033 0.000000 0.164672 0.164672 0.084033 0.084033 1.000000
0.084033 0.084033 0.084033 0.084033 0.084033 0.084033 0.084033 0.084033 0.084033 0.000000 0.069000 0.164672 0.084033 0.084033 0.084033 0.000000 0.164672 0.164672 0.084033 0.084033 1.000000
0.084033 0.084033 0.084033 0.084033 0.084033 0.084033 0.084033 0.084033 0.084033 0.000000 0.069000 0.164672 0.084033 0.084033 0.084033 0.000000 0.164672 0.164672 0.084033 0.084033 1.000000
0.084033 0.084033 0.084033 0.084033 0.084033 0.084033 0.084033 0.084033 0.084033 0.000000 0.069000 0.164672 0.084033 0.084033 0.084033 0.000000 0.164672 0.164672 0.084033 0.084033 1.000000
0.084033 0.084033 0.084033 0.084033 0.084033 0.084033 0.084033 0.084033 0.084033 0.000000 0.069000 0.164672 0.084033 0.084033 0.084033 0.000000 0.164672 0.164672 0.084033 0.084033 1.000000
0.084033 0.084033 0.084033 0.084033 0.084033 0.084033 0.084033 0.084033 0.084033 0.000000 0.069000 0.164672 0.084033 0.084033 0.084033 0.000000 0.164672 0.164672 0.084033 0.084033 1.000000
0.084033 0.084033 0.084033 0.084033 0.084033 0.084033 0.084033 0.084033 0.084033 0.000000 0.069000 0.164672 0.084033 0.084033 0.084033 0.000000 0.164672 0.164672 0.084033 0.084033 1.000000
0.084033 0.084033 0.084033 0.084033 0.084033 0.084033 0.084033 0.084033 0.084033 0.000000 0.069000 0.164672 0.084033 0.084033 0.084033 0.000000 0.164672 0.164672 0.084033 0.084033 1.000000
0.084033 0.084033 0.084033 0.084033 0.084033 0.084033 0.084033 0.084033 0.084033 0.000000 0.069000 0.164672 0.084033 0.084033 0.084033 0.000000 0.164672 0.164672 0.084033 0.084033 1.000000
0.084033 0.084033 0.084033 0.084033 0.084033 0.084033 0.084033 0.084033 0.084033 0.000000 0.069000 0.164672 0.084033 0.084033 0.084033 0.000000 0.164672 0.164672 0.084033 0.084033 1.000000
0.084033 0.084033 0.084033 0.084033 0.084033 0.084033 0.084033 0.084033 0.084033 0.000000 0.069000 0.164672 0.084033 0.084033 0.084033 0.000000 0.164672 0.164672 0.084033 0.084033 1.000000
0.084033 0.084033 0.084033 0.084033 0.084033 0.084033 0.084033 0.084033 0.084033 0.000000 0.069000 0.164672 0.084033 0.084033 0.084033 0.000000 0.164672 0.164672 0.084033 0.084033 1.000000
0.084010 0.084010 0.084010 0.084010 0.084010 0.084010 0.084010 0.084010 0.084010 0.000000 0.068981 0.164629 0.084010 0.084010 0.084010 0.000000 0.164629 0.132978 0.084010 0.084010 1.000000
0.084033 0.084033 0.084033 0.084033 0.084033 0.084033 0.084033 0.084033 0.084033 0.000000 0.069000 0.164672 0.084033 0.084033 0.084033 0.000000 0.164672 0.164672 0.084033 0.084033 1.000000
0.084033 0.084033 0.084033 0.084033 0.084033 0.084033 0.084033 0.084033 0.084033 0.000000 0.069000 0.164672 0.084033 0.084033 0.084033 0.000000 0.164672 0.164672 0.084033 0.084033 1.000000
0.084033 0.084033 0.084033 0.084033 0.084033 0.084033 0.084033 0.084033 0.084033 0.000000 0.069000 0.164672 0.084033 0.084033 0.084033 0.000000 0.164672 0.164672 0.084033 0.084033 1.000000
0.084033 0.084033 0.084033 0.084033 0.084033 0.084033 0.084033 0.084033 0.084033 0.000000 0.069000 0.164672 0.084033 0.084033 0.084033 0.000000 0.164672 0.164672 0.084033 0.084033 1.000000
0.084033 0.084033 0.084033 0.084033 0.084033 0.084033 0.084033 0.084033 0.084033 0.000000 0.069000 0.164672 0.084033 0.084033 0.084033 0.000000 0.164672 0.164672 0.084033 0.084033 1.000000
0.084033 0.084033 0.084033 0.084033 0.084033 0.084033 0.084033 0.084033 0.084033 0.000000 0.069000 0.164672 0.084033 0.084033 0.084033 0.000000 0.164672 0.164672 0.084033 0.084033 1.000000
0.084033 0.084033 0.084033 0.084033 0.084033 0.084033 0.084033 0.084033 0.084033 0.000000 0.069000 0.164672 0.084033 0.084033 0.084033 0.000000 0.164672 0.164672 0.084033 0.084033 1.000000
0.084033 0.084033 0.084033 0.084033 0.084033 0.084033 0.084033 0.084033 0.084033 0.000000 0.069000 0.164672 0.084033 0.084033 0.084033 0.000000 0.164672 0.164672 0.084033 0.084033 1.000000
0.084033 0.084033 0.084033 0.084033 0.084033 0.084033 0.084033 0.084033 0.084033 0.000000 0.069000 0.164672 0.084033 0.084033 0.084033 0.000000 0.164672 0.164672 0.084033 0.084033 1.000000
0.084033 0.084033 0.084033 0.084033 0.084033 0.084033 0.084033 0.084033 0.084033 0.000000 0.069000 0.164672 0.084033 0.084033 0.084033 0.000000 0.164672 0.164672 0.084033 0.084033 1.000000
0.084033 0.084033 0.084033 0.084033 0.084033 0.084033 0.084033 0.084033 0.084033 0.000000 0.069000 0.164672 0.084033 0.084033 0.084033 0.000000 0.164672 0.164672 0.084033 0.084033 1.000000
0.084029 0.084029 0.084029 0.084029 0.084029 0.084029 0.084029 0.084029 0.084029 0.000000 0.055292 0.164665 0.084029 0.084029 0.084029 0.000000 0.164665 0.164665 0.084029 0.084029 1.000000
0.084033 0.084033 0.084033 0.084033 0.084033 0.084033 0.084033 0.084033 0.084033 0.000000 0.069000 0.164672 0.084033 0.084033 0.084033 0.000000 0.164672 0.164672 0.084033 0.084033 1.000000
0.084021 0.084021 0.084021 0.084021 0.084021 0.084021 0.084021 0.084021 0.084021 0.000000 0.068990 0.164649 0.084021 0.067387 0.084021 0.000000 0.164649 0.164649 0.084021 0.084021 1.000000
0.084033 0.084033 0.084033 0.084033 0.084033 0.084033 0.084033 0.084033 0.084033 0.000000 0.069000 0.164672 0.084033 0.084033 0.084033 0.000000 0.164672 0.164672 0.084033 0.084033 1.000000
0.083999 0.083999 0.083999 0.083999 0.083999 0.083999 0.083999 0.083999 0.083999 0.000000 0.068972 0.164608 0.083999 0.083999 0.083999 0.000000 0.164608 0.164608 0.083999 0.001905 1.000000
0.084033 0.084033 0.084033 0.084033 0.084033 0.084033 0.084033 0.084033 0.084033 0.000000 0.069000 0.164672 0.084033 0.084033 0.084033 0.000000 0.164672 0.164672 0.084033 0.084033 1.000000
0.084033 0.084033 0.084033 0.084033 0.084033 0.084033 0.084033 0.084033 0.084033 0.000000 0.069000 0.164672 0.084033 0.084033 0.084033 0.000000 0.164672 0.164672 0.084033 0.084033 1.000000
0.084033 0.084033 0.084033 0.084033 0.084033 0.084033 0.084033 0.084033 0.084033 0.000000 0.069000 0.164672 0.084033 0.084033 0.084033 0.000000 0.164672 0.164672 0.084033 0.084033 1.000000
0.084033 0.084033 0.084033 0.084033 0.084033 0.084033 0.084033 0.084033 0.084033 0.000000 0.069000 0.164672 0.084033 0.084033 0.084033 0.000000 0.164672 0.164672 0.084033 0.084033 1.000000
0.084033 0.084033 0.084033 0.084033 0.084033 0.084033 0.084033 0.084033 0.084033 0.000000 0.069000 0.164672 0.084033 0.084033 0.084033 0.000000 0.164672 0.164672 0.084033 0.084033 1.000000
0.084033 0.084033 0.084033 0.084033 0.084033 0.084033 0.084033 0.084033 0.084033 0.000000 0.069000 0.164672 0.084033 0.084033 0.084033 0.000000 0.164672 0.164672 0.084033 0.084033 1.000000
0.084033 0.084033 0.084033 0.084033 0.084033 0.084033 0.084033 0.084033 0.084033 0.000000 0.069000 0.164672 0.084033 0.084033 0.084033 0.000000 0.164672 0.164672 0.084033 0.084033 1.000000
0.084033 0.084033 0.084033 0.084033 0.084033 0.084033 0.084033 0.084033 0.084033 0.000000 0.069000 0.164672 0.084033 0.084033 0.084033 0.000000 0.164672 0.164672 0.084033 0.084033 1.000000
0.084033 0.084033 0.084033 0.084033 0.084033 0.084033 0.084033 0.084033 0.084033 0.000000 0.069000 0.164672 0.084033 0.084033 0.084033 0.000000 0.164672 0.164672 0.084033 0.084033 1.000000
0.084033 0.084033 0.084033 0.084033 0.084033 0.084033 0.084033 0.084033 0.084033 0.000000 0.069000 0.164672 0.084033 0.084033 0.084033 0.000000 0.164672 0.164672 0.084033 0.084033 1.000000
0.084033 0.084033 0.084033 0.084033 0.084033 0.084033 0.084033 0.084033 0.084033 0.000000 0.069000 0.164672 0.084033 0.084033 0.084033 0.000000 0.164672 0.164672 0.084033 0.084033 1.000000
0.084033 0.084033 0.084033 0.084033 0.084033 0.084033 0.084033 0.084033 0.084033 0.000000 0.069000 0.164672 0.084033 0.084033 0.084033 0.000000 0.164672 0.164672 0.084033 0.084033 1.000000
0.084033 0.084033 0.084033 0.084033 0.084033 0.084033 0.084033 0.084033 0.084033 0.000000 0.069000 0.164672 0.084033 0.084033 0.084033 0.000000 0.164672 0.164672 0.084033 0.084033 1.000000
0.084033 0.084033 0.084033 0.084033 0.084033 0.084033 0.084033 0.084033 0.084033 0.000000 0.069000 0.164672 0.084033 0.084033 0.084033 0.000000 0.164672 0.164672 0.084033 0.084033 1.000000
0.084033 0.084033 0.084033 0.084033 0.084033 0.084033 0.084033 0.084033 0.084033 0.000000 0.069000 0.164672 0.084033 0.084033 0.084033 0.000000 0.164672 0.164672 0.084033 0.084033 1.000000
0.084033 0.084033 0.084033 0.084033 0.084033 0.084033 0.084033 0.084033 0.084033 0.000000 0.069000 0.164672 0.084033 0.084033 0.084033 0.000000 0.164672 0.164672 0.084033 0.084033 1.000000
0.084033 0.084033 0.084033 0.084033 0.084033 0.084033 0.084033 0.084033 0.084033 0.000000 0.069000 0.164672 0.084033 0.084033 0.084033 0.000000 0.164672 0.164672 0.084033 0.084033 1.000000
0.084033 0.084033 0.084033 0.084033 0.084033 0.084033 0.084033 0.084033 0.084033 0.000000 0.069000 0.164672 0.084033 0.084033 0.084033 0.000000 0.164672 0.164672 0.084033 0.084033 1.000000
0.084033 0.084033 0.084033 0.084033 0.084033 0.084033 0.084033 0.084033 0.084033 0.000000 0.069000 0.164672 0.084033 0.084033 0.084033 0.000000 0.164672 0.164672 0.084033 0.084033 1.000000
0.084033 0.084033 0.084033 0.084033 0.084033 0.084033 0.084033 0.084033 0.084033 0.000000 0.069000 0.164672 0.084033 0.084033 0.084033 0.000000 0.164672 0.164672 0.084033 0.084033 1.000000
0.084033 0.084033 0.084033 0.084033 0.084033 0.084033 0.084033 0.084033 0.084033 0.000000 0.069000 0.164672 0.084033 0.084033 0.084033 0.000000 0.164672 0.164672 0.084033 0.084033 1.000000
0.084033 0.084033 0.084033 0.084033 0.084033 0.084033 0.084033 0.084033 0.084033 0.000000 0.069000 0.164672 0.084033 0.084033 0.084033 0.000000 0.164672 0.164672 0.084033 0.084033 1.000000
0.084033 0.084033 0.084033 0.084033 0.084033 0.084033 0.084033 0.084033 0.084033 0.000000 0.069000 0.164672 0.084033 0.084033 0.084033 0.000000 0.164672 0.164672 0.084033 0.084033 1.000000
0.084033 0.084033 0.084033 0.084033 0.084033 0.084033 0.084033 0.084033 0.084033 0.000000 0.069000 0.164672 0.084033 0.084033 0.084033 0.000000 0.164672 0.164672 0.084033 0.084033 1.000000
0.084033 0.084033 0.084033 0.084033 0.084033 0.084033 0.084033 0.084033 0.084033 0.000000 0.069000 0.164672 0.084033 0.084033 0.084033 0.000000 0.164672 0.164672 0.084033 0.084033 1.000000
0.084033 0.084033 0.084033 0.084033 0.084033 0.084033 0.084033 0.084033 0.084033 0.000000 0.069000 0.164672 0.084033 0.084033 0.084033 0.000000 0.164672 0.164672 0.084033 0.084033 1.000000
0.084033 0.084033 0.084033 0.084033 0.084033 0.084033 0.084033 0.084033 0.084033 0.000000 0.069000 0.164672 0.084033 0.084033 0.084033 0.000000 0.164672 0.164672 0.084033 0.084033 1.000000
0.084033 0.084033 0.084033 0.084033 0.084033 0.084033 0.084033 0.084033 0.084033 0.000000 0.069000 0.164672 0.084033 0.084033 0.084033 0.000000 0.164672 0.164672 0.084033 0.084033 1.000000
0.084017 0.084017 0.084017 0.084017 0.084017 0.084017 0.084017 0.084017 0.084017 0.000000 0.086004 0.132988 0.084017 0.084017 0.084017 0.000000 0.164641 0.164641 0.084017 0.084017 1.000000
0.084033 0.084033 0.084033 0.084033 0.084033 0.084033 0.084033 0.084033 0.084033 0.000000 0.069000 0.164672 0.084033 0.084033 0.084033 0.000000 0.164672 0.164672 0.084033 0.084033 1.000000
0.084033 0.084033 0.084033 0.084033 0.084033 0.084033 0.084033 0.084033 0.084033 0.000000 0.069000 0.164672 0.084033 0.084033 0.084033 0.000000 0.164672 0.164672 0.084033 0.084033 1.000000
0.084033 0.084033 0.084033 0.084033 0.084033 0.084033 0.084033 0.084033 0.084033 0.000000 0.069000 0.164672 0.084033 0.084033 0.084033 0.000000 0.164672 0.164672 0.084033 0.084033 1.000000
0.084033 0.084033 0.084033 0.084033 0.084033 0.084033 0.084033 0.084033 0.084033 0.000000 0.069000 0.164672 0.084033 0.084033 0.084033 0.000000 0.164672 0.164672 0.084033 0.084033 1.000000
0.084021 0.084021 0.084021 0.084021 0.084021 0.084021 0.084021 0.084021 0.084021 0.000000 0.068990 0.164649 0.084021 0.084021 0.067387 0.000000 0.164649 0.164649 0.084021 0.084021 1.000000
0.084033 0.084033 0.084033 0.084033 0.084033 0.084033 0.084033 0.084033 0.084033 0.000000 0.069000 0.164672 0.084033 0.084033 0.084033 0.000000 0.164672 0.164672 0.084033 0.084033 1.000000
0.084033 0.084033 0.084033 0.084033 0.084033 0.084033 0.084033 0.084033 0.084033 0.000000 0.069000 0.164672 0.084033 0.084033 0.084033 0.000000 0.164672 0.164672 0.084033 0.084033 1.000000
0.084010 0.084010 0.084010 0.084010 0.084010 0.084010 0.084010 0.084010 0.084010 0.000000 0.068981 0.164629 0.084010 0.084010 0.084010 0.000000 0.164629 0.132978 0.084010 0.084010 1.000000
0.084033 0.084033 0.084033 0.084033 0.084033 0.084033 0.084033 0.084033 0.084033 0.000000 0.069000 0.164672 0.084033 0.084033 0.084033 0.000000 0.164672 0.164672 0.084033 0.084033 1.000000
0.084033 0.084033 0.084033 0.084033 0.084033 0.084033 0.084033 0.084033 0.084033 0.000000 0.069000 0.164672 0.084033 0.084033 0.084033 0.000000 0.164672 0.164672 0.084033 0.084033 1.000000
0.084033 0.084033 0.084033 0.084033 0.084033 0.084033 0.084033 0.084033 0.084033 0.000000 0.069000 0.164672 0.084033 0.084033 0.084033 0.000000 0.164672 0.164672 0.084033 0.084033 1.000000
0.084033 0.084033 0.084033 0.084033 0.084033 0.084033 0.084033 0.084033 0.084033 0.000000 0.069000 0.164672 0.084033 0.084033 0.084033 0.000000 0.164672 0.164672 0.084033 0.084033 1.000000
0.084033 0.084033 0.084033 0.084033 0.084033 0.084033 0.084033 0.084033 0.084033 0.000000 0.069000 0.164672 0.084033 0.084033 0.084033 0.000000 0.164672 0.164672 0.084033 0.084033 1.000000
0.084033 0.084033 0.084033 0.084033 0.084033 0.084033 0.084033 0.084033 0.084033 0.000000 0.069000 0.164672 0.084033 0.084033 0.084033 0.000000 0.164672 0.164672 0.084033 0.084033 1.000000
0.084033 0.084033 0.084033 0.084033 0.084033 0.084033 0.084033 0.084033 0.084033 0.000000 0.069000 0.164672 0.084033 0.084033 0.084033 0.000000 0.164672 0.164672 0.084033 0.084033 1.000000
0.084033 0.084033 0.084033 0.084033 0.084033 0.084033 0.084033 0.084033 0.084033 0.000000 0.069000 0.164672 0.084033 0.084033 0.084033 0.000000 0.164672 0.164672 0.084033 0.084033 1.000000
0.084033 0.084033 0.084033 0.084033 0.084033 0.084033 0.084033 0.084033 0.084033 0.000000 0.069000 0.164672 0.084033 0.084033 0.084033 0.000000 0.164672 0.164672 0.084033 0.084033 1.000000
0.084033 0.084033 0.084033 0.084033 0.084033 0.084033 0.084033 0.084033 0.084033 0.000000 0.069000 0.164672 0.084033 0.084033 0.084033 0.000000 0.164672 0.164672 0.084033 0.084033 1.000000
0.084033 0.084033 0.084033 0.084033 0.084033 0.084033 0.084033 0.084033 0.084033 0.000000 0.069000 0.164672 0.084033 0.084033 0.084033 0.000000 0.164672 0.164672 0.084033 0.084033 1.000000
0.084033 0.084033 0.084033 0.084033 0.084033 0.084033 0.084033 0.084033 0.084033 0.000000 0.069000 0.164672 0.084033 0.084033 0.084033 0.000000 0.164672 0.164672 0.084033 0.084033 1.000000
0.084033 0.084033 0.084033 0.084033 0.084033 0.084033 0.084033 0.084033 0.084033 0.000000 0.069000 0.164672 0.084033 0.084033 0.084033 0.000000 0.164672 0.164672 0.084033 0.084033 1.000000
0.084033 0.084033 0.084033 0.084033 0.084033 0.084033 0.084033 0.084033 0.084033 0.000000 0.069000 0.164672 0.084033 0.084033 0.084033 0.000000 0.164672 0.164672 0.084033 0.084033 1.000000
0.084033 0.084033 0.084033 0.084033 0.084033 0.084033 0.084033 0.084033 0.084033 0.000000 0.069000 0.164672 0.084033 0.084033 0.084033 0.000000 0.164672 0.164672 0.084033 0.084033 1.000000
0.084033 0.084033 0.084033 0.084033 0.084033 0.084033 0.084033 0.084033 0.084033 0.000000 0.069000 0.164672 0.084033 0.084033 0.084033 0.000000 0.164672 0.164672 0.084033 0.084033 1.000000
0.084033 0.084033 0.084033 0.084033 0.084033 0.084033 0.084033 0.084033 0.084033 0.000000 0.069000 0.164672 0.084033 0.084033 0.084033 0.000000 0.164672 0.164672 0.084033 0.084033 1.000000
0.084033 0.084033 0.084033 0.084033 0.084033 0.084033 0.084033 0.084033 0.084033 0.000000 0.069000 0.164672 0.084033 0.084033 0.084033 0.000000 0.164672 0.164672 0.084033 0.084033 1.000000
0.084033 0.084033 0.084033 0.084033 0.084033 0.084033 0.084033 0.084033 0.084033 0.000000 0.069000 0.164672 0.084033 0.084033 0.084033 0.000000 0.164672 0.164672 0.084033 0.084033 1.000000
0.084033 0.084033 0.084033 0.084033 0.084033 0.084033 0.084033 0.084033 0.084033 0.000000 0.069000 0.164672 0.084033 0.084033 0.084033 0.000000 0.164672 0.164672 0.084033 0.084033 1.000000
0.084033 0.084033 0.084033 0.084033 0.084033 0.084033 0.084033 0.084033 0.084033 0.000000 0.069000 0.164672 0.084033 0.084033 0.084033 0.000000 0.164672 0.164672 0.084033 0.084033 1.000000
0.084033 0.084033 0.084033 0.084033 0.084033 0.084033 0.084033 0.084033 0.084033 0.000000 0.069000 0.164672 0.084033 0.084033 0.084033 0.000000 0.164672 0.164672 0.084033 0.084033 1.000000
0.084033 0.084033 0.084033 0.084033 0.084033 0.084033 0.084033 0.084033 0.084033 0.000000 0.069000 0.164672 0.084033 0.084033 0.084033 0.000000 0.164672 0.164672 0.084033 0.084033 1.000000
0.084033 0.084033 0.084033 0.084033 0.084033 0.084033 0.084033 0.084033 0.084033 0.000000 0.069000 0.164672 0.084033 0.084033 0.084033 0.000000 0.164672 0.164672 0.084033 0.084033 1.000000
0.084033 0.084033 0.084033 0.084033 0.084033 0.084033 0.084033 0.084033 0.084033 0.000000 0.069000 0.164672 0.084033 0.084033 0.084033 0.000000 0.164672 0.164672 0.084033 0.084033 1.000000
0.084033 0.084033 0.084033 0.084033 0.084033 0.084033 0.084033 0.084033 0.084033 0.000000 0.069000 0.164672 0.084033 0.084033 0.084033 0.000000 0.164672 0.164672 0.084033 0.084033 1.000000
0.084033 0.084033 0.084033 0.084033 0.084033 0.084033 0.084033 0.084033 0.084033 0.000000 0.069000 0.164672 0.084033 0.084033 0.084033 0.000000 0.164672 0.164672 0.084033 0.084033 1.000000
0.084033 0.084033 0.084033 0.084033 0.084033 0.084033 0.084033 0.084033 0.084033 0.000000 0.069000 0.164672 0.084033 0.084033 0.084033 0.000000 0.164672 0.164672 0.084033 0.084033 1.000000
0.084033 0.084033 0.084033 0.084033 0.084033 0.084033 0.084033 0.084033 0.084033 0.000000 0.069000 0.164672 0.084033 0.084033 0.084033 0.000000 0.164672 0.164672 0.084033 0.084033 1.000000
0.084033 0.084033 0.084033 0.084033 0.084033 0.084033 0.084033 0.084033 0.084033 0.000000 0.069000 0.164672 0.084033 0.084033 0.084033 0.000000 0.164672 0.164672 0.084033 0.084033 1.000000
0.084033 0.084033 0.084033 0.084033 0.084033 0.084033 0.084033 0.084033 0.084033 0.000000 0.069000 0.164672 0.084033 0.084033 0.084033 0.000000 0.164672 0.164672 0.084033 0.084033 1.000000
0.084033 0.084033 0.084033 0.084033 0.084033 0.084033 0.084033 0.084033 0.084033 0.000000 0.069000 0.164672 0.084033 0.084033 0.084033 0.000000 0.164672 0.164672 0.084033 0.084033 1.000000
0.084033 0.084033 0.084033 0.084033 0.084033 0.084033 0.084033 0.084033 0.084033 0.000000 0.069000 0.164672 0.084033 0.084033 0.084033 0.000000 0.164672 0.164672 0.084033 0.084033 1.000000
0.084033 0.084033 0.084033 0.084033 0.084033 0.084033 0.084033 0.084033 0.084033 0.000000 0.069000 0.164672 0.084033 0.084033 0.084033 0.000000 0.164672 0.164672 0.084033 0.084033 1.000000
0.084033 0.084033 0.084033 0.084033 0.084033 0.084033 0.084033 0.084033 0.084033 0.000000 0.069000 0.164672 0.084033 0.084033 0.084033 0.000000 0.164672 0.164672 0.084033 0.084033 1.000000
0.084033 0.084033 0.084033 0.084033 0.084033 0.084033 0.084033 0.084033 0.084033 0.000000 0.069000 0.164672 0.084033 0.084033 0.084033 0.000000 0.164672 0.164672 0.084033 0.084033 1.000000
0.084033 0.084033 0.084033 0.084033 0.084033 0.084033 0.084033 0.084033 0.084033 0.000000 0.069000 0.164672 0.084033 0.084033 0.084033 0.000000 0.164672 0.164672 0.084033 0.084033 1.000000
0.084033 0.084033 0.084033 0.084033 0.084033 0.084033 0.084033 0.084033 0.084033 0.000000 0.069000 0.164672 0.084033 0.084033 0.084033 0.000000 0.164672 0.164672 0.084033 0.084033 1.000000
0.084033 0.084033 0.084033 0.084033 0.084033 0.084033 0.084033 0.084033 0.084033 0.000000 0.069000 0.164672 0.084033 0.084033 0.084033 0.000000 0.164672 0.164672 0.084033 0.084033 1.000000
0.084033 0.084033 0.084033 0.084033 0.084033 0.084033 0.084033 0.084033 0.084033 0.000000 0.069000 0.164672 0.084033 0.084033 0.084033 0.000000 0.164672 0.164672 0.084033 0.084033 1.000000
0.084033 0.084033 0.084033 0.084033 0.084033 0.084033 0.084033 0.084033 0.084033 0.000000 0.069000 0.164672 0.084033 0.084033 0.084033 0.000000 0.164672 0.164672 0.084033 0.084033 1.000000
0.084033 0.084033 0.084033 0.084033 0.084033 0.084033 0.084033 0.084033 0.084033 0.000000 0.069000 0.164672 0.084033 0.084033 0.084033 0.000000 0.164672 0.164672 0.084033 0.084033 1.000000
0.084033 0.084033 0.084033 0.084033 0.084033 0.084033 0.084033 0.084033 0.084033 0.000000 0.069000 0.164672 0.084033 0.084033 0.084033 0.000000 0.164672 0.164672 0.084033 0.084033 1.000000
0.084033 0.084033 0.084033 0.084033 0.084033 0.084033 0.084033 0.084033 0.084033 0.000000 0.069000 0.164672 0.084033 0.084033 0.084033 0.000000 0.164672 0.164672 0.084033 0.084033 1.000000
0.084033 0.084033 0.084033 0.084033 0.084033 0.084033 0.084033 0.084033 0.084033 0.000000 0.069000 0.164672 0.084033 0.084033 0.084033 0.000000 0.164672 0.164672 0.084033 0.084033 1.000000
0.084033 0.084033 0.084033 0.084033 0.084033 0.084033 0.084033 0.084033 0.084033 0.000000 0.069000 0.164672 0.084033 0.084033 0.084033 0.000000 0.164672 0.164672 0.084033 0.084033 1.000000
0.084033 0.084033 0.084033 0.084033 0.084033 0.084033 0.084033 0.084033 0.084033 0.000000 0.069000 0.164672 0.084033 0.084033 0.084033 0.000000 0.164672 0.164672 0.084033 0.084033 1.000000
0.084033 0.084033 0.084033 0.084033 0.084033 0.084033 0.084033 0.084033 0.084033 0.000000 0.069000 0.164672 0.084033 0.084033 0.084033 0.000000 0.164672 0.164672 0.084033 0.084033 1.000000
0.084033 0.084033 0.084033 0.084033 0.084033 0.084033 0.084033 0.084033 0.084033 0.000000 0.069000 0.164672 0.084033 0.084033 0.084033 0.000000 0.164672 0.164672 0.084033 0.084033 1.000000
0.084033 0.084033 0.084033 0.084033 0.084033 0.084033 0.084033 0.084033 0.084033 0.000000 0.069000 0.164672 0.084033 0.084033 0.084033 0.000000 0.164672 0.164672 0.084033 0.084033 1.000000
0.084033 0.084033 0.084033 0.084033 0.084033 0.084033 0.084033 0.084033 0.084033 0.000000 0.069000 0.164672 0.084033 0.084033 0.084033 0.000000 0.164672 0.164672 0.084033 0.084033 1.000000
0.084033 0.084033 0.084033 0.084033 0.084033 0.084033 0.084033 0.084033 0.084033 0.000000 0.069000 0.164672 0.084033 0.084033 0.084033 0.000000 0.164672 0.164672 0.084033 0.084033 1.000000
0.084033 0.084033 0.084033 0.084033 0.084033 0.084033 0.084033 0.084033 0.084033 0.000000 0.069000 0.164672 0.084033 0.084033 0.084033 0.000000 0.164672 0.164672 0.084033 0.084033 1.000000
