0.000000 0.000000 0.000000 0.000000 0.000000 0.000000 0.000000 0.000000 0.000000 0.000000 0.000000 0.000000 0.000000 0.000000 0.000000 0.000000 0.000000 0.000000 0.000000 0.000000 0.000000
11.876457 11.876457 11.876457 11.876457 11.876457 11.876457 11.876457 11.876457 818.253422 268.128610 9.319997 43.952332 45.006110 56.247642 654.603288 645487.171276 14.463982 43.952332 1598.149454 1022.816228 1.000000
11.880222 11.880222 11.880222 11.880222 11.880222 11.880222 11.880222 11.880222 335.266858 137.331365 28.159484 18.054729 36.026442 70.324150 1598.663360 413244.631329 28.159484 68.676603 3122.388474 654.813783 1.000000
11.877868 11.877868 11.877868 11.877868 11.877868 11.877868 11.877868 11.877868 214.530409 335.199464 85.821951 11.603445 36.019211 56.254414 1598.341999 1576086.278248 18.051122 22.539023 1598.341999 818.352005 1.000000
11.879503 11.879503 11.879503 11.879503 11.879503 11.879503 11.879503 11.879503 523.819525 214.560356 35.181229 18.053627 56.262262 70.319831 1023.082259 1008836.032255 18.053627 22.542157 1998.206128 523.819525 1.000000
11.881835 11.881835 11.881835 11.881835 11.881835 11.881835 11.881835 11.881835 171.684567 171.684567 35.188225 68.686056 45.026761 70.333831 818.629260 264512.985143 54.955394 68.686056 1998.604109 1023.286025 1.000000
11.804410 11.804410 11.804410 11.804410 11.804410 11.804410 11.804410 11.804410 813.218502 416.369645 17.938583 14.375831 69.869144 44.729449 650.575355 262764.672556 34.956023 54.592405 1588.315615 650.575355 1.000000
11.880857 11.880857 11.880857 11.880857 11.880857 11.880857 11.880857 11.880857 335.285024 171.670231 28.161006 43.968831 1598.749985 28.835188 137.338806 413267.023414 35.185291 35.185291 1023.200568 818.560894 1.000000
11.880962 11.880962 11.880962 11.880962 11.880962 11.880962 11.880962 11.880962 171.671774 171.671774 43.969226 28.161259 109.875309 36.028714 523.884810 330616.591611 22.544955 107.300538 3122.585742 1279.011771 1.000000
11.878858 11.878858 11.878858 11.878858 11.878858 11.878858 11.878858 11.878858 214.548553 335.227815 35.179297 22.540921 137.315374 87.888556 654.737527 1576219.583577 11.604412 28.156213 1278.782031 523.790709 1.000000
11.879923 11.879923 11.879923 11.879923 11.879923 11.879923 11.879923 11.879923 654.797023 268.207964 35.182489 22.542962 56.264278 45.019416 523.838306 1008872.202216 28.158765 18.054270 1598.622441 1023.118940 1.000000
11.881239 11.881239 11.881239 11.881239 11.881239 11.881239 11.881239 11.881239 419.118597 214.592160 28.161922 28.161922 56.270597 45.024471 1023.233914 264499.514738 54.952597 54.952597 1998.502329 654.870606 1.000000
11.879049 11.879049 11.879049 11.879049 11.879049 11.879049 11.879049 11.879049 523.799216 268.187950 28.156669 18.052931 45.016060 70.317106 523.799216 1008796.917197 14.467153 35.179868 1598.503148 1278.802800 1.000000
11.880674 11.880674 11.880674 11.880674 11.880674 11.880674 11.880674 11.880674 109.872605 523.871919 22.544403 22.544403 268.225174 70.326862 1598.725022 330608.456458 54.949950 28.160568 70.326862 3903.135990 1.000000
11.806172 11.806172 11.806172 11.806172 11.806172 11.806172 11.806172 11.806172 266.519127 213.216990 54.600664 43.688768 170.575703 55.910211 1016.676457 641612.427527 43.688768 17.941281 813.341608 520.539764 1.000000
11.880391 11.880391 11.880391 11.880391 11.880391 11.880391 11.880391 11.880391 523.859259 268.218691 18.054988 43.967084 87.900056 45.021215 335.271686 516563.228775 22.543860 43.967084 3903.041661 523.859259 1.000000
11.881644 11.881644 11.881644 11.881644 11.881644 11.881644 11.881644 11.881644 171.681758 109.881698 35.187650 54.954495 818.615861 214.599576 214.599576 516618.468502 22.546261 68.684932 818.615861 335.307539 1.000000
11.881498 11.881498 11.881498 11.881498 11.881498 11.881498 11.881498 11.881498 171.679627 214.596913 35.187214 43.971236 109.880334 36.030360 523.908776 211604.298574 35.187214 85.848550 2498.183018 1279.070282 1.000000
11.877890 11.877890 11.877890 11.877890 11.877890 11.877890 11.877890 11.877890 523.747378 268.161409 14.465735 28.153890 87.881288 45.011610 523.747378 169231.288100 327.343973 11.603466 2497.413409 654.683363 1.000000
11.880593 11.880593 11.880593 11.880593 11.880593 11.880593 11.880593 11.880593 335.277457 335.277457 85.841915 43.967840 87.901568 23.083208 654.834485 413257.696159 28.160372 35.184498 1998.392097 654.834485 1.000000
11.881085 11.881085 11.881085 11.881085 11.881085 11.881085 11.881085 11.881085 214.589349 137.341482 54.951878 18.056052 109.876462 87.905265 335.291560 413275.078933 43.969687 35.185976 1998.476154 1598.781149 1.000000
11.881649 11.881649 11.881649 11.881649 11.881649 11.881649 11.881649 11.881649 109.881745 654.893519 68.684962 43.971800 45.026044 87.909491 137.348086 330635.961566 85.849651 28.162905 1998.572254 1998.572254 1.000000
11.881362 11.881362 11.881362 11.881362 11.881362 11.881362 11.881362 11.881362 137.344729 214.594422 85.847553 85.847553 28.836429 56.271190 654.877509 264502.302764 43.970726 43.970726 2498.154019 1598.818941 1.000000
11.881120 11.881120 11.881120 11.881120 11.881120 11.881120 11.881120 11.881120 214.589974 268.235370 28.161636 85.845774 70.329534 109.876782 335.292535 330621.025212 18.056104 107.301976 1998.481970 654.863935 1.000000
11.878732 11.878732 11.878732 11.878732 11.878732 11.878732 11.878732 11.878732 335.224203 1998.074676 35.178919 11.604288 70.315207 36.021865 335.224203 413192.055034 22.540680 107.280112 1023.014955 654.730473 1.000000
11.880365 11.880365 11.880365 11.880365 11.880365 11.880365 11.880365 11.880365 171.663015 214.576147 85.840244 35.183815 109.869703 56.266400 523.858077 1008910.281068 14.468763 35.183815 2497.941266 654.821737 1.000000
11.870379 11.870379 11.870379 11.870379 11.870379 11.870379 11.870379 11.870379 817.828694 1277.856207 7.499674 14.456546 267.989437 14.800236 137.215969 1575078.416731 18.039650 22.524666 7616.611995 214.393229 1.000000
11.877795 11.877795 11.877795 11.877795 11.877795 11.877795 11.877795 11.877795 818.346938 268.159253 18.051011 22.538884 36.018988 28.827669 418.995393 1576076.519708 28.153664 14.465620 2497.393333 1997.914847 1.000000
11.872627 11.872627 11.872627 11.872627 11.872627 11.872627 11.872627 11.872627 1022.481646 654.389156 11.598328 11.598328 36.003116 36.003116 268.040903 1575380.908840 9.317018 35.160609 2496.291094 1597.626670 1.000000
11.877615 11.877615 11.877615 11.877615 11.877615 11.877615 11.877615 11.877615 418.988945 268.155127 18.050735 18.050735 45.010556 45.010556 654.668025 135381.858631 11.603198 1951.058714 1997.884099 818.334344 1.000000
11.870136 11.870136 11.870136 11.870136 11.870136 11.870136 11.870136 11.870136 1597.286751 334.978164 7.499524 18.039278 56.217297 23.062679 654.249925 1575045.722541 9.315080 35.153140 1996.608156 1022.264098 1.000000
11.872121 11.872121 11.872121 11.872121 11.872121 11.872121 11.872121 11.872121 1278.046418 137.236392 9.316624 11.597835 36.001563 28.813735 137.236392 1260250.296293 11.597835 28.140057 9522.182120 4875.357397 1.000000
11.872027 11.872027 11.872027 11.872027 11.872027 11.872027 11.872027 11.872027 1278.036083 268.027160 7.500693 14.458561 44.989097 28.813502 523.485170 1575300.131781 28.139830 14.458561 3120.203692 1278.036083 1.000000
11.873647 11.873647 11.873647 11.873647 11.873647 11.873647 11.873647 11.873647 1597.765941 335.078657 9.317811 11.599324 56.234152 23.069572 523.557648 1260414.592754 22.530931 22.530931 1997.207144 1278.213034 1.000000
11.877877 11.877877 11.877877 11.877877 11.877877 11.877877 11.877877 11.877877 818.352637 214.530575 14.465719 22.539040 45.011561 45.011561 418.998311 1260869.996867 14.465719 28.153860 3902.203890 1022.940247 1.000000
11.869498 11.869498 11.869498 11.869498 11.869498 11.869498 11.869498 11.869498 654.214228 817.767097 11.595274 11.595274 137.205635 18.468596 1022.208321 1259967.828027 7.499129 35.151225 4874.264651 171.503765 1.000000
11.875559 11.875559 11.875559 11.875559 11.875559 11.875559 11.875559 11.875559 1022.737741 268.108036 11.601190 18.047584 56.243328 23.073325 418.915365 1575775.486604 14.462883 22.534595 6095.986313 818.190633 1.000000
11.796395 11.796395 11.796395 11.796395 11.796395 11.796395 11.796395 11.796395 1269.777562 87.269854 7.453922 11.523909 44.698671 35.768996 35.768996 1252096.569921 27.958454 17.926303 36089.226560 4843.814197 1.000000
11.862711 11.862711 11.862711 11.862711 11.862711 11.862711 11.862711 11.862711 334.765621 3117.720300 6.054376 7.494932 171.404303 35.972663 1277.018886 1259237.071299 14.447163 22.509965 11893.157963 18.457948 1.000000
11.878955 11.878955 11.878955 11.878955 11.878955 11.878955 11.878955 11.878955 419.036875 268.185802 14.467038 22.541106 45.015700 23.079992 419.036875 135397.345731 134.098494 167.619761 3122.050551 1598.490344 1.000000
11.867468 11.867468 11.867468 11.867468 11.867468 11.867468 11.867468 11.867468 1277.538346 171.474021 7.497874 18.035190 23.057441 28.802308 267.922778 1574686.622385 7.497874 43.918626 23238.272939 1022.031029 1.000000
11.875700 11.875700 11.875700 11.875700 11.875700 11.875700 11.875700 11.875700 418.920433 418.920433 18.047801 18.047801 45.003203 28.822524 1997.557408 645445.447760 9.319408 134.061234 7620.075004 137.278350 1.000000
11.875314 11.875314 11.875314 11.875314 11.875314 11.875314 11.875314 11.875314 523.632198 523.632198 35.168668 14.462584 36.011368 14.806421 1022.716385 1575742.581966 18.047210 18.047210 4876.687290 654.539388 1.000000
11.868558 11.868558 11.868558 11.868558 11.868558 11.868558 11.868558 11.868558 1277.657372 418.664900 7.498548 14.454318 56.209722 11.868558 523.330050 412833.109494 14.454318 107.186932 3899.098735 1277.657372 1.000000
11.871819 11.871819 11.871819 11.871819 11.871819 11.871819 11.871819 11.871819 1278.013402 335.026325 9.316389 22.527426 44.988300 18.472238 654.343989 1575272.174517 9.316389 35.158186 2496.118798 1278.013402 1.000000
11.803466 11.803466 11.803466 11.803466 11.803466 11.803466 11.803466 11.803466 650.522561 266.457164 17.937136 22.396382 28.645127 55.897220 213.167420 1252857.918214 17.937136 22.396382 3877.407709 2481.541172 1.000000
11.868840 11.868840 11.868840 11.868840 11.868840 11.868840 11.868840 11.868840 1597.109859 523.342664 11.594632 7.498722 23.060135 23.060135 418.674991 1574871.294088 11.594632 28.132189 7615.610411 817.721150 1.000000
11.872158 11.872158 11.872158 11.872158 11.872158 11.872158 11.872158 11.872158 1022.440705 418.793700 28.140146 9.316653 36.001676 14.802466 654.362954 1575317.829864 11.597871 35.159204 2496.191141 1597.562700 1.000000
11.868137 11.868137 11.868137 11.868137 11.868137 11.868137 11.868137 11.868137 654.138143 523.311202 6.057036 11.593945 109.755024 56.207698 1022.089439 1007857.034828 54.891174 11.593945 171.483820 3119.166764 1.000000
11.872915 11.872915 11.872915 11.872915 11.872915 11.872915 11.872915 11.872915 523.524892 268.047497 7.501242 11.598609 36.004000 56.230636 523.524892 135327.518936 22.529527 2437.844265 1997.082187 1022.506801 1.000000
11.874355 11.874355 11.874355 11.874355 11.874355 11.874355 11.874355 11.874355 1022.632604 268.080475 14.461410 11.600015 23.070962 44.998038 523.589303 1575613.497262 35.165792 11.600015 3120.824376 1597.862542 1.000000
11.862556 11.862556 11.862556 11.862556 11.862556 11.862556 11.862556 11.862556 11.862556 11.862556 14.446973 7.494836 334.761176 35.972186 214.249908 3842835.548828 11.588496 1247.072236 18582.812516 14866.250037 1.000000
11.867107 11.867107 11.867107 11.867107 11.867107 11.867107 11.867107 11.867107 334.891443 87.800389 9.312724 9.312724 1596.873228 35.986163 137.177602 135260.370653 11.592939 7436.017650 88644.236518 11.867107 1.000000
11.850732 11.850732 11.850732 11.850732 11.850732 11.850732 11.850732 11.850732 1020.569047 136.985627 9.299987 7.487523 11.850732 14.775615 9504.780902 1965542.600429 6.048504 54.809576 422097.059389 11.850732 1.000000
11.847687 11.847687 11.847687 11.847687 11.847687 11.847687 11.847687 11.847687 1992.778092 2490.972390 6.047012 7.485641 109.563234 14.771800 11.847687 5996796.928112 11.573981 6.047012 14847.350117 1275.378442 1.000000
11.779551 11.779551 11.779551 11.779551 11.779551 11.779551 11.779551 11.779551 55.782400 6045.996464 6.013618 6.013618 55.782400 14.686412 649.185450 800180.947508 7.443506 166.197098 3869.437890 1981.152572 1.000000
11.846160 11.846160 11.846160 11.846160 11.846160 11.846160 11.846160 11.846160 417.863490 1992.517481 6.046264 11.572490 14.769886 14.769886 171.161748 11710962.263675 6.046264 6.046264 9501.061445 4864.543611 1.000000
11.864853 11.864853 11.864853 11.864853 11.864853 11.864853 11.864853 11.864853 1277.252796 137.151182 9.310971 9.310971 11.864853 14.793311 267.862895 1574334.654864 14.449784 22.514072 418.532329 338085.792783 1.000000
11.857594 11.857594 11.857594 11.857594 11.857594 11.857594 11.857594 11.857594 23218.660637 11.857594 11.583652 9.305324 14.784214 18.449919 11.857594 1966697.051385 9.305324 35.115525 824892.530942 1276.460149 1.000000
11.859202 11.859202 11.859202 11.859202 11.859202 11.859202 11.859202 11.859202 11.859202 6087.469991 7.492762 14.442870 44.939851 11.859202 522.911589 2458709.482532 7.492762 133.872347 11889.589590 1994.742614 1.000000
11.855247 11.855247 11.855247 11.855247 11.855247 11.855247 11.855247 11.855247 653.417504 171.294915 7.490316 6.050718 14.781273 14.781273 267.642919 168904.070469 7.490316 7428.479713 9508.453965 6085.410635 1.000000
11.853001 11.853001 11.853001 11.853001 11.853001 11.853001 11.853001 11.853001 11883.284092 11.853001 9.301752 6.049617 14.778459 11.853001 4867.393335 515355.293522 107.044449 9.301752 11883.284092 1020.767303 1.000000
11.860002 11.860002 11.860002 11.860002 11.860002 11.860002 11.860002 11.860002 522.947395 3116.998294 14.443850 11.586004 11.860002 14.787233 11.860002 168972.798716 7.493257 4756.161668 23223.444663 3116.998294 1.000000
11.859900 11.859900 11.859900 11.859900 11.859900 11.859900 11.859900 11.859900 1994.861655 214.201254 7.493193 9.307118 11.859900 18.453537 1994.861655 1967084.969214 7.493193 43.890245 9512.239340 653.677633 1.000000
11.859764 11.859764 11.859764 11.859764 11.859764 11.859764 11.859764 11.859764 171.361111 1611417.264558 9.307012 11.585771 23.042314 23.042314 11.859764 135175.477575 6.052932 11611.485194 522.936712 267.746352 1.000000
11.860344 11.860344 11.860344 11.860344 11.860344 11.860344 11.860344 11.860344 817.127425 522.962681 11.586337 7.493468 11.860344 14.787661 171.369620 330034.644173 7.493468 326.853540 173033.203528 418.371005 1.000000
11.857531 11.857531 11.857531 11.857531 11.857531 11.857531 11.857531 11.857531 267.695238 522.836879 7.491729 11.583592 23.037932 18.449821 11.857531 168937.089001 9.305276 11609.268443 23444730.739386 11.857531 1.000000
11.781655 11.781655 11.781655 11.781655 11.781655 11.781655 11.781655 11.781655 18.330768 4837.674087 6.014650 9.246259 14.689050 14.689050 28.591562 1953920.919637 9.246259 132.984487 2000815.021708 649.303137 1.000000
11.868494 11.868494 11.868494 11.868494 11.868494 11.868494 11.868494 11.868494 70.253764 1996.328016 18.036762 6.057211 171.489059 23.059455 87.810801 108221.131450 11.594294 11620.155593 18592.248865 214.358700 1.000000
11.850436 11.850436 11.850436 11.850436 11.850436 11.850436 11.850436 11.850436 23.024000 36256.942160 7.487340 7.487340 14.775244 11.850436 56.122719 22881347.353129 14.432144 6.048359 270135.269562 334.414257 1.000000
11.856546 11.856546 11.856546 11.856546 11.856546 11.856546 11.856546 11.856546 3895.096065 3895.096065 9.304510 6.051355 522.792823 18.448276 11.856546 1966520.835450 9.304510 28.102707 45344.883231 18.448276 1.000000
11.856935 11.856935 11.856935 11.856935 11.856935 11.856935 11.856935 11.856935 1595.484879 11.856935 11.583009 6.051545 87.724074 14.783388 109.649963 168928.466039 7.491360 7429.552641 659876.820443 171.319654 1.000000
11.859223 11.859223 11.859223 11.859223 11.859223 11.859223 11.859223 11.859223 1595.797265 653.639833 9.306592 6.052667 171.353195 14.786256 2493.432648 264002.408125 11.585243 638.320222 9511.689280 11.859223 1.000000
11.853979 11.853979 11.853979 11.853979 11.853979 11.853979 11.853979 11.853979 1993.851467 1595.081399 14.436479 6.050096 11.853979 18.444247 3894.240424 4800021.598589 18.014524 6.050096 14855.347383 28.769180 1.000000
11.861015 11.861015 11.861015 11.861015 11.861015 11.861015 11.861015 11.861015 334.717092 214.221695 7.493883 7.493883 28.786461 14.788502 267.775018 135189.950148 7432.146241 18.025304 2518109.048547 11.861015 1.000000
11.852538 11.852538 11.852538 11.852538 11.852538 11.852538 11.852538 11.852538 2492.006949 171.255225 6.049390 6.049390 18.441987 44.914264 171.255225 515334.875597 6.049390 167.241708 7605.000581 3893.760487 1.000000
11.848206 11.848206 11.848206 11.848206 11.848206 11.848206 11.848206 11.848206 11.848206 522.419800 6.047266 7.485961 14848.009414 11.848206 11.848206 211002.903644 3040.872643 85.604628 1030287.615427 11.848206 1.000000
11.849006 11.849006 11.849006 11.849006 11.849006 11.849006 11.849006 11.849006 11.849006 11.849006 7.486456 11.575269 1275.522418 11.849006 11.849006 3070706.635985 7.486456 7424.513208 3144403.595248 816.335070 1.000000
11.838789 11.838789 11.838789 11.838789 11.838789 11.838789 11.838789 11.838789 11.838789 652.497402 6.042651 7.480138 109.479775 11.838789 11.838789 5992228.189470 6.042651 106.914277 425773421.104456 11.838789 1.000000
11.850853 11.850853 11.850853 11.850853 11.850853 11.850853 11.850853 11.850853 11.850853 3893.199018 6.048564 6.048564 418.031426 14.775767 816.464182 263813.409672 7425.687469 22.487233 70816.872937 11.850853 1.000000
11.854990 11.854990 11.854990 11.854990 11.854990 11.854990 11.854990 11.854990 2492.529883 334.544633 7.490157 7.490157 18.445834 11.854990 653.403179 1573007.250956 9.303299 35.107718 1030886.031987 11.854990 1.000000
11.857703 11.857703 11.857703 11.857703 11.857703 11.857703 11.857703 11.857703 816.942873 522.844568 7.491835 11.583759 11.857703 14.784352 2493.108461 168939.573399 9.305410 7430.041148 110716.238828 11.857703 1.000000
11.770885 11.770885 11.770885 11.770885 11.770885 11.770885 11.770885 11.770885 28808.040195 11.770885 7.438148 9.237882 11.770885 14.675552 18437.145757 209606.079159 6.009371 1546.620526 56265.703456 11.770885 1.000000
11.910042 11.910042 11.910042 11.910042 11.910042 11.910042 11.910042 11.910042 11.910042 3130.337350 6.077579 7.524204 11.910042 11.910042 2003.416199 87730729.468854 6.077579 6.077579 9553.030593 6113.939676 1.000000
11.839642 11.839642 11.839642 11.839642 11.839642 11.839642 11.839642 11.839642 11.839642 1991.405428 6.043069 6.043069 14.761718 11.839642 14.761718 3068245.102450 9.291361 167.057139 831649501.448531 11.839642 1.000000
11.854907 11.854907 11.854907 11.854907 11.854907 11.854907 11.854907 11.854907 11.854907 3115.639937 14.437615 6.050551 14.780847 14.780847 1994.009856 263904.940678 7.490106 9285.329736 7606.542163 1595.208110 1.000000
11.860042 11.860042 11.860042 11.860042 11.860042 11.860042 11.860042 11.860042 11.860042 3896.260958 7.493281 11.586043 44.943078 14.787282 817.106316 168973.372674 7.493281 9289.409509 4870.326082 1994.885980 1.000000
11.849098 11.849098 11.849098 11.849098 11.849098 11.849098 11.849098 11.849098 4865.767413 11.849098 6.047704 7.486513 109.576463 11.849098 11.849098 135052.169652 9.298716 11600.893124 216083.471436 1594.415226 1.000000
11.767562 11.767562 11.767562 11.767562 11.767562 11.767562 11.767562 11.767562 2473.883583 11.767562 6.007743 6.007743 11.767562 18.308655 518.812833 167636.844779 6.007743 9215.933112 3903099.446865 35.680441 1.000000
11.849054 11.849054 11.849054 11.849054 11.849054 11.849054 11.849054 11.849054 11.849054 18561.359875 6.047682 9.298682 87.664951 11.849054 11.849054 2456575.517916 7.486486 167.191848 23201.699820 9503.416334 1.000000
11.847663 11.847663 11.847663 11.847663 11.847663 11.847663 11.847663 11.847663 11.847663 6081.462318 6.047001 7.485626 56.109410 23.018558 11.847663 263741.379155 9.297600 14499.335724 14991961.686002 11.847663 1.000000
11.851789 11.851789 11.851789 11.851789 11.851789 11.851789 11.851789 11.851789 1020.661389 816.529552 6.049023 7.488177 522.580043 11.851789 136.998021 329793.165103 7.488177 408.266613 138325.279162 11.851789 1.000000
11.852214 11.852214 11.852214 11.852214 11.852214 11.852214 11.852214 11.852214 11.852214 2491.937757 9.301140 9.301140 28.764846 14.777472 1020.698520 211075.304242 6.049231 14504.984528 1288301.417465 11.852214 1.000000
11.850076 11.850076 11.850076 11.850076 11.850076 11.850076 11.850076 11.850076 11.850076 11.850076 6.048183 9.299477 11.850076 11.850076 70812.160586 805041.060761 9281.491618 35.092979 422073.367666 109.585636 1.000000
11.837923 11.837923 11.837923 11.837923 11.837923 11.837923 11.837923 11.837923 1592.889904 11.837923 9.290024 6.042226 14.759563 11.837923 11.837923 168653.712283 6.042226 18109.054520 532177280.543920 11.837923 1.000000
11.847991 11.847991 11.847991 11.847991 11.847991 11.847991 11.847991 11.847991 11.847991 1992.829892 6.047161 6.047161 109.566081 18.434852 1594.264139 263748.773692 6.047161 18124.677773 28999.484383 109.566081 1.000000
11.910490 11.910490 11.910490 11.910490 11.910490 11.910490 11.910490 11.910490 7642.716365 11.910490 6.077799 6.077799 6114.173151 14.850501 11.910490 6029040.046675 11.635292 6.077799 1618408.114172 11.910490 1.000000
11.851029 11.851029 11.851029 11.851029 11.851029 11.851029 11.851029 11.851029 11.851029 1993.348172 9.300218 6.048650 214.038748 11.851029 14.775987 1965592.559712 18.010004 85.625309 57206272.604865 11.851029 1.000000
11.845324 11.845324 11.845324 11.845324 11.845324 11.845324 11.845324 11.845324 11.845324 11.845324 7.484179 6.045854 334.267952 14.768839 816.077788 1015691383.052831 54.784224 6.045854 56626.686852 1992.374922 1.000000
11.852322 11.852322 11.852322 11.852322 11.852322 11.852322 11.852322 11.852322 1594.855348 334.468267 7.488507 9.301224 23.027705 23.027705 11.852322 7498970.861239 9.301224 6.049284 659616.452664 653.254025 1.000000
11.847246 11.847246 11.847246 11.847246 11.847246 11.847246 11.847246 11.847246 213.969450 652.970211 6.046796 6.046796 11.847246 14.771247 44.893941 135030.758088 9.297276 14498.817317 23424102.602156 11.847246 1.000000
11.835491 11.835491 11.835491 11.835491 11.835491 11.835491 11.835491 11.835491 11.835491 11.835491 6.041034 6.041034 87.563191 417.481771 11.835491 4792428.197558 6.041034 14484.225536 89265931.352187 11.835491 1.000000
11.835583 11.835583 11.835583 11.835583 11.835583 11.835583 11.835583 11.835583 11.835583 11.835583 6.041079 6.041079 11.835583 1019.245720 11.835583 7488227.706023 6.041079 9269.977008 1029174.179277 3110.488417 1.000000
11.842159 11.842159 11.842159 11.842159 11.842159 11.842159 11.842159 11.842159 11.842159 11.842159 7.482222 7.482222 11.842159 652.685820 11.842159 1964100.335277 6.044302 14492.502557 18731120.445983 334.177348 1.000000
11.847166 11.847166 11.847166 11.847166 11.847166 11.847166 11.847166 11.847166 522.373307 1020.257607 6.046757 7.485319 14.771147 14.771147 522.373307 135029.840232 6.046757 11598.975041 527460.313381 11.847166 1.000000
11.846556 11.846556 11.846556 11.846556 11.846556 11.846556 11.846556 11.846556 6080.885975 11.846556 6.046458 6.046458 11.846556 18.432601 1275.254968 168778.485925 7.484941 9278.695497 6080.885975 3113.413856 1.000000
11.846290 11.846290 11.846290 11.846290 11.846290 11.846290 11.846290 11.846290 3891.678497 18.432184 7.484777 6.046328 14.770049 18.432184 11.846290 135019.712102 6.046328 11598.105041 3143672.647305 522.334126 1.000000
11.835445 11.835445 11.835445 11.835445 11.835445 11.835445 11.835445 11.835445 11.835445 70.055415 6.041012 6.041012 11.835445 1592.551782 11.835445 411664.824654 6.041012 18105.210513 89265579.444540 11.835445 1.000000
11.835583 11.835583 11.835583 11.835583 11.835583 11.835583 11.835583 11.835583 11.835583 11.835583 6.041080 6.041080 2488.391007 11.835583 11.835583 5990582.473614 6.041080 11587.471809 172666.783980 7593.965600 1.000000
11.906418 11.906418 11.906418 11.906418 11.906418 11.906418 11.906418 11.906418 11.906418 11.906418 6.075802 6.075802 11.906418 110.114035 11.906418 2468638.437309 6.075802 22769.170776 2552512318.430768 11.906418 1.000000
11.906474 11.906474 11.906474 11.906474 11.906474 11.906474 11.906474 11.906474 271430.965248 11.906474 6.075830 6.075830 11.906474 11.906474 11.906474 135715.482630 6.075830 11657.871274 6171625.619679 11.906474 1.000000
11.839461 11.839461 11.839461 11.839461 11.839461 11.839461 11.839461 11.839461 11.839461 11.839461 6.042980 6.042980 9495.611642 11.839461 11.839461 1570917.153479 11591.322763 22.465392 29260612.157707 11.839461 1.000000
11.835583 11.835583 11.835583 11.835583 11.835583 11.835583 11.835583 11.835583 11.835583 11.835583 6.041080 6.041080 3888.110602 11.835583 11.835583 5990582.511580 6.041080 11587.471883 45263.561727 18539.954928 1.000000
11.835764 11.835764 11.835764 11.835764 11.835764 11.835764 11.835764 11.835764 11.835764 337245.040294 6.041168 7.478267 11.835764 14.756858 11.835764 263472.687731 6.041168 14484.564257 2512671.353599 11.835764 1.000000
11.839057 11.839057 11.839057 11.839057 11.839057 11.839057 11.839057 11.839057 11.839057 11.839057 7.480304 6.042782 11.839057 14.760985 23181.842947 2454473.089754 7.480304 11590.921538 11984731.883562 11.839057 1.000000
11.840493 11.840493 11.840493 11.840493 11.840493 11.840493 11.840493 11.840493 2489.438014 652.592666 7.481192 6.043486 14.762784 11.840493 11.840493 1963820.008220 54.761573 6.043486 36578998.122724 11.840493 1.000000
11.904999 11.904999 11.904999 11.904999 11.904999 11.904999 11.904999 11.904999 11.904999 268.782157 7.521085 6.075106 11.904999 11.904999 56.384659 87693056.536738 6.075106 6.075106 2041763079.742393 11.904999 1.000000
11.906474 11.906474 11.906474 11.906474 11.906474 11.906474 11.906474 11.906474 271430.965248 11.906474 6.075830 6.075830 11.906474 11.906474 11.906474 135715.482630 6.075830 11657.871274 6171625.619679 11.906474 1.000000
11.837325 11.837325 11.837325 11.837325 11.837325 11.837325 11.837325 11.837325 11.837325 11.837325 6.041933 7.479233 11.837325 3888.691082 11.837325 9361682.629329 7.479233 4746.937252 71423970.255501 11.837325 1.000000
11.846790 11.846790 11.846790 11.846790 11.846790 11.846790 11.846790 11.846790 88490.303235 11.846790 7.485086 9.296921 11.846790 11.846790 28.751526 135025.487105 7.485086 14498.251349 4912198.604766 11.846790 1.000000
11.849834 11.849834 11.849834 11.849834 11.849834 11.849834 11.849834 11.849834 11.849834 4866.074181 7.486968 7.486968 11.849834 18.437744 334.397048 644019.528233 6.048065 1946.430104 88513.369987 1020.490657 1.000000
11.909752 11.909752 11.909752 11.909752 11.909752 11.909752 11.909752 11.909752 11.909752 339383.441456 7.524024 6.077437 11.909752 11.909752 11.909752 265143.313639 6.077437 11661.126341 3160754.604759 11.909752 1.000000
11.839057 11.839057 11.839057 11.839057 11.839057 11.839057 11.839057 11.839057 11.839057 11.839057 7.480304 7.480304 11.839057 14.760985 11869.103649 3068091.361499 6.042782 14488.651881 18726143.563836 11.839057 1.000000
11.909664 11.909664 11.909664 11.909664 11.909664 11.909664 11.909664 11.909664 11.909664 11.909664 7.523970 6.077394 11.909664 11.909664 88.119669 7535769.934416 6.077394 3821.089574 3989403385.861847 11.909664 1.000000
11.908197 11.908197 11.908197 11.908197 11.908197 11.908197 11.908197 11.908197 11.908197 71164.444320 6.076674 6.076674 11.908197 14.847628 11.908197 265108.213972 6.076674 9327.666151 15069657.250030 11.908197 1.000000
11.841718 11.841718 11.841718 11.841718 11.841718 11.841718 11.841718 11.841718 6078.366471 11.841718 6.044086 7.481949 11.841718 18.425009 11.841718 168708.555648 6.044086 14491.954650 3928052.160000 417.704546 1.000000
11.901650 11.901650 11.901650 11.901650 11.901650 11.901650 11.901650 11.901650 11.901650 11.901650 6.073465 6.073465 11.901650 11.901650 11.901650 18385320.104727 6.073465 28449.904901 7786485937.260288 11.901650 1.000000
11.906474 11.906474 11.906474 11.906474 11.906474 11.906474 11.906474 11.906474 11.906474 11.906474 6.075829 6.075829 11.906474 2503.509151 11.906474 3085812.781676 6.075829 18215.423621 112261215.023874 11.906474 1.000000
11.909752 11.909752 11.909752 11.909752 11.909752 11.909752 11.909752 11.909752 217205.402551 11.909752 6.077437 7.524024 11.909752 11.909752 11.909752 135753.376599 6.077437 14576.407888 6173348.837882 11.909752 1.000000
11.906474 11.906474 11.906474 11.906474 11.906474 11.906474 11.906474 11.906474 11.906474 11.906474 6.075830 6.075830 11.906474 11.906474 45538.559351 4821582.515251 6.075830 11657.871274 6171625.619521 11.906474 1.000000
11.840469 11.840469 11.840469 11.840469 11.840469 11.840469 11.840469 11.840469 11.840469 11.840469 6.043474 6.043474 1274.590262 14.762754 11.840469 3068462.550543 7.481177 18113.005933 29263139.253070 70.085566 1.000000
11.842896 11.842896 11.842896 11.842896 11.842896 11.842896 11.842896 11.842896 11.842896 11.842896 7.482678 6.044664 28.741963 11.842896 1593.568726 7492921.190814 6.044664 7420.629857 659084.318026 1274.855263 1.000000
11.909752 11.909752 11.909752 11.909752 11.909752 11.909752 11.909752 11.909752 11.909752 11.909752 6.077437 6.077437 11.909752 11.909752 11.909752 18398013.229320 7.524024 22775.637264 530286.627355 173764.322057 1.000000
11.824532 11.824532 11.824532 11.824532 11.824532 11.824532 11.824532 11.824532 11.824532 87.480962 6.035663 7.471321 11.824532 11.824532 11.824532 3867656241.964583 6.035663 6.035663 4950599989.714677 11.824532 1.000000
11.906473 11.906473 11.906473 11.906473 11.906473 11.906473 11.906473 11.906473 820.350904 11.906473 6.075829 6.075829 11.906473 11.906473 11.906473 135715.470949 6.075829 18215.422219 1633615558.764390 11.906473 1.000000
11.906474 11.906474 11.906474 11.906474 11.906474 11.906474 11.906474 11.906474 11.906474 11.906474 6.075830 6.075830 36430.847495 11.906474 11.906474 3085812.810101 6.075830 18215.423788 7714532.025252 11.906474 1.000000
11.904932 11.904932 11.904932 11.904932 11.904932 11.904932 11.904932 11.904932 11.904932 11.904932 7.521043 6.075074 11.904932 11.904932 11.904932 18390461.770284 6.075074 22766.289010 7788663517.325444 11.904932 1.000000
11.906474 11.906474 11.906474 11.906474 11.906474 11.906474 11.906474 11.906474 11.906474 11.906474 6.075830 6.075830 11.906474 11.906474 11.906474 18392877.570967 6.075830 28461.599514 23542883.290837 3911.732702 1.000000
11.901650 11.901650 11.901650 11.901650 11.901650 11.901650 11.901650 11.901650 11.901650 11.901650 6.073465 6.073465 11.901650 11.901650 11.901650 18385320.104727 6.073465 28449.904901 7786485937.260288 11.901650 1.000000
11.901650 11.901650 11.901650 11.901650 11.901650 11.901650 11.901650 11.901650 11.901650 11.901650 6.073465 6.073465 11.901650 11.901650 11.901650 18385320.104727 6.073465 28449.904901 7786485937.260261 11.901650 1.000000
11.909752 11.909752 11.909752 11.909752 11.909752 11.909752 11.909752 11.909752 11.909752 11.909752 7.524024 6.077437 23322.252552 11.909752 11.909752 3086674.418621 6.077437 14576.407887 12057321.947736 11.909752 1.000000
11.906473 11.906473 11.906473 11.906473 11.906473 11.906473 11.906473 11.906473 11.906473 11.906473 6.075829 6.075829 1025.438113 11.906473 11.906473 3085812.640003 6.075829 18215.422784 274075219.408791 11.906473 1.000000
11.760356 11.760356 11.760356 11.760356 11.760356 11.760356 11.760356 11.760356 14736.330882 11.760356 6.004212 6.004212 11.760356 11.760356 11.760356 167532.684997 6.004212 9210.206868 1997145.235427 810.139588 1.000000
11.895566 11.895566 11.895566 11.895566 11.895566 11.895566 11.895566 11.895566 11.895566 11.895566 6.070482 6.070482 11.895566 11.895566 11.895566 70780962223.984985 7.515251 6.070482 7782449099.044557 11.895566 1.000000
11.909752 11.909752 11.909752 11.909752 11.909752 11.909752 11.909752 11.909752 11.909752 11.909752 6.077437 7.524024 11.909752 11.909752 217205.402562 2469339.535278 6.077437 18220.509830 1294645.086272 11.909752 1.000000
11.906418 11.906418 11.906418 11.906418 11.906418 11.906418 11.906418 11.906418 11.906418 11.906418 6.075802 6.075802 11.906418 11.906418 110.114035 1974910.749785 6.075802 18215.336640 3190640397.938036 11.906418 1.000000
11.760347 11.760347 11.760347 11.760347 11.760347 11.760347 11.760347 11.760347 265.469708 11.760347 6.004208 6.004208 11.760347 11.760347 11.760347 511268.804857 6.004208 11512.750082 3120537.139009 14736.320062 1.000000
11.904932 11.904932 11.904932 11.904932 11.904932 11.904932 11.904932 11.904932 11.904932 11.904932 7.521043 6.075074 11.904932 11.904932 11.904932 18390461.770284 6.075074 22766.289010 7788663517.325444 11.904932 1.000000
11.839024 11.839024 11.839024 11.839024 11.839024 11.839024 11.839024 11.839024 11.839024 2489.124778 6.042766 6.042766 14.760943 14.760943 171.057171 263546.294553 6.042766 18110.763512 18726090.512854 11.839024 1.000000
11.909752 11.909752 11.909752 11.909752 11.909752 11.909752 11.909752 11.909752 56939.093062 11.909752 7.524024 6.077437 11.909752 11.909752 11.909752 135753.376596 6.077437 14576.407888 23549456.931225 11.909752 1.000000
11.830209 11.830209 11.830209 11.830209 11.830209 11.830209 11.830209 11.830209 11.830209 11.830209 6.038445 6.038445 35.872844 11.830209 11.830209 9355973.226797 6.038445 18097.084218 4953010985.453754 11.830209 1.000000
11.835368 11.835368 11.835368 11.835368 11.835368 11.835368 11.835368 11.835368 11.835368 11.835368 6.040974 6.040974 56.050383 11.835368 23174.516025 5990471.976822 6.040974 11587.258077 2512586.057427 11.835368 1.000000
11.838661 11.838661 11.838661 11.838661 11.838661 11.838661 11.838661 11.838661 11.838661 11.838661 6.042588 7.480059 7595.968758 11.838661 11.838661 3067987.295376 6.042588 18110.200522 7669968.238438 56.066192 1.000000
11.901650 11.901650 11.901650 11.901650 11.901650 11.901650 11.901650 11.901650 11.901650 11.901650 6.073465 172894719375.526123 11.901650 11.901650 11.901650 11766604.867447 6.073465 6.073465 3948217.428956 11.901650 1.000000
11.904932 11.904932 11.904932 11.904932 11.904932 11.904932 11.904932 11.904932 11.904932 11.904932 7.521043 6.075074 11.904932 11.904932 11.904932 18390461.770284 6.075074 22766.289010 7788663517.325444 11.904932 1.000000
11.906139 11.906139 11.906139 11.906139 11.906139 11.906139 11.906139 11.906139 11.906139 11.906139 6.075666 6.075666 11.906139 11.906139 11.906139 18392353.431538 6.075666 28460.788447 2041961425.673707 45.120082 1.000000
11.901650 11.901650 11.901650 11.901650 11.901650 11.901650 11.901650 11.901650 11.901650 11.901650 6.073465 6.073465 11.901650 11.901650 11.901650 18385320.104727 6.073465 28449.904901 7786485937.260288 11.901650 1.000000
11.906474 11.906474 11.906474 11.906474 11.906474 11.906474 11.906474 11.906474 11.906474 11.906474 6.075830 6.075830 29144.678007 11.906474 11.906474 3085812.810025 6.075830 18215.423788 9643165.031328 11.906474 1.000000
11.904932 11.904932 11.904932 11.904932 11.904932 11.904932 11.904932 11.904932 11.904932 11.904932 6.075074 7.521043 11.904932 11.904932 11.904932 18390461.770284 6.075074 22766.289010 7788663517.325444 11.904932 1.000000
11.906260 11.906260 11.906260 11.906260 11.906260 11.906260 11.906260 11.906260 56.390711 11.906260 6.075725 6.075725 11.906260 11.906260 11.906260 4821494.545723 6.075725 11657.658577 4985308514.689837 11.906260 1.000000
11.909752 11.909752 11.909752 11.909752 11.909752 11.909752 11.909752 11.909752 11.909752 11.909752 7.524024 6.077437 11940.993365 11.909752 11.909752 3086674.417695 6.077437 14576.407882 23549456.922107 11.909752 1.000000
11.901650 11.901650 11.901650 11.901650 11.901650 11.901650 11.901650 11.901650 11.901650 11.901650 6.073465 6.073465 11.901650 11.901650 11.901650 18385320.104727 6.073465 28449.904901 7786485937.260288 11.901650 1.000000
11.838870 11.838870 11.838870 11.838870 11.838870 11.838870 11.838870 11.838870 11.838870 11.838870 6.042690 6.042690 11.838870 11.838870 334.083207 3835052.774691 7.480188 9272.588746 6136084.439506 1991.273750 1.000000
11.901650 11.901650 11.901650 11.901650 11.901650 11.901650 11.901650 11.901650 11.901650 11.901650 6.073465 6.073465 11.901650 11.901650 11.901650 18385320.104727 6.073465 28449.904901 7786485937.260288 11.901650 1.000000
11.895120 11.895120 11.895120 11.895120 11.895120 11.895120 11.895120 11.895120 11.895120 11.895120 6.070263 6.070263 11.895120 11.895120 11.895120 56622615244.466904 6.070263 6.070263 6225722385.637772 18.508797 1.000000
11.895566 11.895566 11.895566 11.895566 11.895566 11.895566 11.895566 11.895566 11.895566 11.895566 6.070482 7.515251 11.895566 11.895566 11.895566 70780962223.985245 6.070482 6.070482 7782449099.044557 11.895566 1.000000
11.906474 11.906474 11.906474 11.906474 11.906474 11.906474 11.906474 11.906474 138972.654212 11.906474 6.075830 6.075830 11.906474 11.906474 11.906474 135715.482629 6.075830 11657.871274 12053956.288409 11.906474 1.000000
11.909752 11.909752 11.909752 11.909752 11.909752 11.909752 11.909752 11.909752 11.909752 11.909752 6.077437 6.077437 11940.993365 11.909752 11.909752 2469339.534277 7.524024 18220.509823 23549456.923264 11.909752 1.000000
11.906474 11.906474 11.906474 11.906474 11.906474 11.906474 11.906474 11.906474 11.906474 11.906474 6.075830 6.075830 11.906474 11.906474 11.906474 18392877.570967 6.075830 28461.599514 23542883.290837 3911.732702 1.000000
11.905658 11.905658 11.905658 11.905658 11.905658 11.905658 11.905658 11.905658 11.905658 11.905658 6.075429 6.075429 11.905658 11.905658 11.905658 18391599.110389 6.075429 28459.621192 3190433873.754657 28.896091 1.000000
11.906474 11.906474 11.906474 11.906474 11.906474 11.906474 11.906474 11.906474 138972.654212 11.906474 6.075830 6.075830 11.906474 11.906474 11.906474 135715.482629 6.075830 11657.871274 12053956.288409 11.906474 1.000000
11.830725 11.830725 11.830725 11.830725 11.830725 11.830725 11.830725 11.830725 11.830725 267.081397 6.038698 6.038698 11.830725 11.830725 11.830725 411498.279146 6.038698 18097.885764 3170067431.466928 11.830725 1.000000
11.904932 11.904932 11.904932 11.904932 11.904932 11.904932 11.904932 11.904932 11.904932 11.904932 6.075074 7.521043 11.904932 11.904932 11.904932 18390461.770284 6.075074 22766.289010 7788663517.325444 11.904932 1.000000
11.892277 11.892277 11.892277 11.892277 11.892277 11.892277 11.892277 11.892277 11.892277 11.892277 6.068870 6.068870 11.892277 11.892277 11.892277 88451390685.131332 6.068870 6.068870 7780266604.100780 11.892277 1.000000
11.839702 11.839702 11.839702 11.839702 11.839702 11.839702 11.839702 11.839702 11.839702 11.839702 6.043098 6.043098 36576520.219531 11.839702 11.839702 1963686.976805 7418.599784 28.062312 7596.646173 11.839702 1.000000
11.907081 11.907081 11.907081 11.907081 11.907081 11.907081 11.907081 11.907081 11.907081 11.907081 6.076127 6.076127 11.907081 11.907081 11.907081 18393828.979419 9.343818 18216.365950 7790089585.864482 11.907081 1.000000
11.901650 11.901650 11.901650 11.901650 11.901650 11.901650 11.901650 11.901650 11.901650 11.901650 6.073465 6.073465 11.901650 11.901650 11.901650 18385320.104727 6.073465 28449.904901 7786485937.260288 11.901650 1.000000
11.901650 11.901650 11.901650 11.901650 11.901650 11.901650 11.901650 11.901650 11.901650 11.901650 6.073465 6.073465 11.901650 11.901650 11.901650 18385320.104727 6.073465 28449.904901 7786485937.260288 11.901650 1.000000
11.901650 11.901650 11.901650 11.901650 11.901650 11.901650 11.901650 11.901650 11.901650 11.901650 6.073465 6.073465 11.901650 11.901650 11.901650 18385320.104727 6.073465 28449.904901 7786485937.260288 11.901650 1.000000
11.906474 11.906474 11.906474 11.906474 11.906474 11.906474 11.906474 11.906474 11.906474 11.906474 6.075830 6.075830 11.906474 11.906474 11.906474 18392877.640655 6.075830 28461.599621 530138.604090 173715.817793 1.000000
11.901650 11.901650 11.901650 11.901650 11.901650 11.901650 11.901650 11.901650 11.901650 11.901650 6.073465 6.073465 11.901650 11.901650 11.901650 18385320.104727 6.073465 28449.904901 7786485937.260288 11.901650 1.000000
11.906474 11.906474 11.906474 11.906474 11.906474 11.906474 11.906474 11.906474 11.906474 11.906474 6.075829 6.075829 11.906474 2002.807490 11.906474 3085812.765610 6.075829 18215.423526 140326518.049279 11.906474 1.000000
11.901650 11.901650 11.901650 11.901650 11.901650 11.901650 11.901650 11.901650 11.901650 11.901650 6.073465 6.073465 11.901650 11.901650 11.901650 18385320.104727 6.073465 28449.904901 7786485937.260288 11.901650 1.000000
11.901650 11.901650 11.901650 11.901650 11.901650 11.901650 11.901650 11.901650 11.901650 11.901650 6.073465 6.073465 11.901650 11.901650 11.901650 18385320.104727 6.073465 28449.904901 7786485937.260288 11.901650 1.000000
11.901650 11.901650 11.901650 11.901650 11.901650 11.901650 11.901650 11.901650 11.901650 11.901650 6.073465 6.073465 11.901650 11.901650 11.901650 18385320.104727 6.073465 28449.904901 7786485937.260288 11.901650 1.000000
11.901650 11.901650 11.901650 11.901650 11.901650 11.901650 11.901650 11.901650 11.901650 11.901650 6.073465 6.073465 11.901650 11.901650 11.901650 18385320.104727 6.073465 28449.904901 7786485937.260288 11.901650 1.000000
11.897111 11.897111 11.897111 11.897111 11.897111 11.897111 11.897111 11.897111 11.897111 11.897111 6.071240 6.071240 11.897111 11.897111 819.696722 9501311244.037457 6.071240 6.071240 342320814.225425 11.897111 1.000000
11.835583 11.835583 11.835583 11.835583 11.835583 11.835583 11.835583 11.835583 11.835583 9492.457032 6.041080 6.041080 11.835583 11.835583 11.835583 263468.606010 6.041080 11587.471921 70724.315409 23174.943712 1.000000
11.906473 11.906473 11.906473 11.906473 11.906473 11.906473 11.906473 11.906473 11.906473 11.906473 6.075829 6.075829 11.906473 11.906473 1281.797228 3085812.701287 6.075829 18215.423146 219260179.881522 11.906473 1.000000
11.906337 11.906337 11.906337 11.906337 11.906337 11.906337 11.906337 11.906337 11.906337 11.906337 6.075762 6.075762 70.480873 11.906337 11.906337 1974897.134145 6.075762 18215.211058 4985341251.071664 11.906337 1.000000
11.904932 11.904932 11.904932 11.904932 11.904932 11.904932 11.904932 11.904932 11.904932 11.904932 6.075074 7.521043 11.904932 11.904932 11.904932 18390461.770284 6.075074 22766.289010 7788663517.325417 11.904932 1.000000
11.901650 11.901650 11.901650 11.901650 11.901650 11.901650 11.901650 11.901650 11.901650 11.901650 6.073465 6.073465 11.901650 11.901650 11.901650 18385320.104727 6.073465 28449.904901 7786485937.260288 11.901650 1.000000
11.901650 11.901650 11.901650 11.901650 11.901650 11.901650 11.901650 11.901650 11.901650 11.901650 6.073465 6.073465 11.901650 11.901650 11.901650 18385320.104727 6.073465 28449.904901 7786485937.260288 11.901650 1.000000
11.906472 11.906472 11.906472 11.906472 11.906472 11.906472 11.906472 11.906472 656.281240 11.906472 6.075829 6.075829 11.906472 11.906472 11.906472 135715.464368 6.075829 18215.421336 2042019349.446189 11.906472 1.000000
11.901650 11.901650 11.901650 11.901650 11.901650 11.901650 11.901650 11.901650 11.901650 11.901650 6.073465 6.073465 11.901650 11.901650 11.901650 18385320.104727 6.073465 28449.904901 7786485937.260288 11.901650 1.000000
11.901650 11.901650 11.901650 11.901650 11.901650 11.901650 11.901650 11.901650 11.901650 11.901650 6.073465 6.073465 11.901650 11.901650 11.901650 18385320.104727 6.073465 28449.904901 7786485937.260288 11.901650 1.000000
11.901650 11.901650 11.901650 11.901650 11.901650 11.901650 11.901650 11.901650 11.901650 11.901650 6.073465 6.073465 11.901650 11.901650 11.901650 18385320.104727 6.073465 28449.904901 7786485937.260288 11.901650 1.000000
11.901650 11.901650 11.901650 11.901650 11.901650 11.901650 11.901650 11.901650 11.901650 11.901650 6.073465 6.073465 11.901650 11.901650 11.901650 18385320.104727 6.073465 28449.904901 7786485937.260288 11.901650 1.000000
11.906474 11.906474 11.906474 11.906474 11.906474 11.906474 11.906474 11.906474 111178.123373 11.906474 6.075830 6.075830 11.906474 11.906474 11.906474 135715.482629 6.075830 11657.871274 15067445.360486 11.906474 1.000000
11.901650 11.901650 11.901650 11.901650 11.901650 11.901650 11.901650 11.901650 11.901650 11.901650 6.073465 6.073465 11.901650 11.901650 11.901650 18385320.104727 6.073465 28449.904901 7786485937.260288 11.901650 1.000000
11.906474 11.906474 11.906474 11.906474 11.906474 11.906474 11.906474 11.906474 11.906474 11.906474 6.075829 6.075829 11.906474 2002.807490 11.906474 3085812.765610 6.075829 18215.423526 140326518.049278 11.906474 1.000000
11.906474 11.906474 11.906474 11.906474 11.906474 11.906474 11.906474 11.906474 11.906474 11.906474 6.075830 6.075830 11.906474 11.906474 173715.817776 3857266.012598 6.075830 14572.339055 1617854.626571 11.906474 1.000000
11.901650 11.901650 11.901650 11.901650 11.901650 11.901650 11.901650 11.901650 11.901650 11.901650 6.073465 6.073465 11.901650 11.901650 11.901650 18385320.104727 6.073465 28449.904901 7786485937.260288 11.901650 1.000000
11.901650 11.901650 11.901650 11.901650 11.901650 11.901650 11.901650 11.901650 11.901650 11.901650 6.073465 6.073465 11.901650 11.901650 11.901650 18385320.104727 6.073465 28449.904901 7786485937.260288 11.901650 1.000000
11.901650 11.901650 11.901650 11.901650 11.901650 11.901650 11.901650 11.901650 11.901650 11.901650 6.073465 6.073465 11.901650 11.901650 11.901650 18385320.104727 6.073465 28449.904901 7786485937.260288 11.901650 1.000000
11.901650 11.901650 11.901650 11.901650 11.901650 11.901650 11.901650 11.901650 11.901650 11.901650 6.073465 6.073465 11.901650 11.901650 11.901650 18385320.104727 6.073465 28449.904901 7786485937.260288 11.901650 1.000000
11.904932 11.904932 11.904932 11.904932 11.904932 11.904932 11.904932 11.904932 11.904932 11.904932 6.075074 6.075074 11.904932 11.904932 11.904932 18390461.770284 7.521043 22766.289010 7788663517.325444 11.904932 1.000000
11.901650 11.901650 11.901650 11.901650 11.901650 11.901650 11.901650 11.901650 11.901650 11.901650 6.073465 6.073465 11.901650 11.901650 11.901650 18385320.104727 6.073465 28449.904901 7786485937.260288 11.901650 1.000000
11.901650 11.901650 11.901650 11.901650 11.901650 11.901650 11.901650 11.901650 11.901650 11.901650 6.073465 6.073465 11.901650 11.901650 11.901650 18385320.104727 6.073465 28449.904901 7786485937.260288 11.901650 1.000000
11.901650 11.901650 11.901650 11.901650 11.901650 11.901650 11.901650 11.901650 11.901650 11.901650 6.073465 6.073465 11.901650 11.901650 11.901650 18385320.104727 6.073465 28449.904901 7786485937.260288 11.901650 1.000000
11.901650 11.901650 11.901650 11.901650 11.901650 11.901650 11.901650 11.901650 11.901650 11.901650 6.073465 6.073465 11.901650 11.901650 11.901650 18385320.104727 6.073465 28449.904901 7786485937.260288 11.901650 1.000000
11.901650 11.901650 11.901650 11.901650 11.901650 11.901650 11.901650 11.901650 11.901650 11.901650 6.073465 6.073465 11.901650 11.901650 11.901650 18385320.104727 6.073465 28449.904901 7786485937.260288 11.901650 1.000000
11.901650 11.901650 11.901650 11.901650 11.901650 11.901650 11.901650 11.901650 11.901650 11.901650 6.073465 6.073465 11.901650 11.901650 11.901650 18385320.104727 6.073465 28449.904901 7786485937.260288 11.901650 1.000000
11.909751 11.909751 11.909751 11.909751 11.909751 11.909751 11.909751 11.909751 11.909751 11.909751 6.077436 6.077436 11.909751 1602.693577 11.909751 2469339.479544 7.524024 18220.509419 175457122.931554 11.909751 1.000000
11.901650 11.901650 11.901650 11.901650 11.901650 11.901650 11.901650 11.901650 11.901650 11.901650 6.073465 6.073465 11.901650 11.901650 11.901650 18385320.104727 6.073465 28449.904901 7786485937.260288 11.901650 1.000000
11.901650 11.901650 11.901650 11.901650 11.901650 11.901650 11.901650 11.901650 11.901650 11.901650 6.073465 6.073465 11.901650 11.901650 11.901650 18385320.104727 6.073465 28449.904901 7786485937.260288 11.901650 1.000000
11.901650 11.901650 11.901650 11.901650 11.901650 11.901650 11.901650 11.901650 11.901650 11.901650 6.073465 6.073465 11.901650 11.901650 11.901650 18385320.104727 6.073465 28449.904901 7786485937.260288 11.901650 1.000000
11.901650 11.901650 11.901650 11.901650 11.901650 11.901650 11.901650 11.901650 11.901650 11.901650 6.073465 6.073465 11.901650 11.901650 11.901650 18385320.104727 6.073465 28449.904901 7786485937.260288 11.901650 1.000000
11.901650 11.901650 11.901650 11.901650 11.901650 11.901650 11.901650 11.901650 11.901650 11.901650 6.073465 6.073465 11.901650 11.901650 11.901650 18385320.104727 6.073465 28449.904901 7786485937.260288 11.901650 1.000000
11.901650 11.901650 11.901650 11.901650 11.901650 11.901650 11.901650 11.901650 11.901650 11.901650 6.073465 6.073465 11.901650 11.901650 11.901650 18385320.104727 6.073465 28449.904901 7786485937.260288 11.901650 1.000000
11.906474 11.906474 11.906474 11.906474 11.906474 11.906474 11.906474 11.906474 11.906474 18652.593954 6.075830 6.075830 11.906474 11.906474 11.906474 212055.441594 6.075830 18215.423786 57477742.614583 11.906474 1.000000
11.901650 11.901650 11.901650 11.901650 11.901650 11.901650 11.901650 11.901650 11.901650 11.901650 6.073465 6.073465 11.901650 11.901650 11.901650 18385320.104727 6.073465 28449.904901 7786485937.260288 11.901650 1.000000
11.901650 11.901650 11.901650 11.901650 11.901650 11.901650 11.901650 11.901650 11.901650 11.901650 6.073465 6.073465 11.901650 11.901650 11.901650 18385320.104727 6.073465 28449.904901 7786485937.260288 11.901650 1.000000
11.901650 11.901650 11.901650 11.901650 11.901650 11.901650 11.901650 11.901650 11.901650 11.901650 6.073465 6.073465 11.901650 11.901650 11.901650 18385320.104727 6.073465 28449.904901 7786485937.260288 11.901650 1.000000
11.901650 11.901650 11.901650 11.901650 11.901650 11.901650 11.901650 11.901650 11.901650 11.901650 6.073465 6.073465 11.901650 11.901650 11.901650 18385320.104727 6.073465 28449.904901 7786485937.260288 11.901650 1.000000
11.904932 11.904932 11.904932 11.904932 11.904932 11.904932 11.904932 11.904932 11.904932 11.904932 6.075074 7.521043 11.904932 11.904932 11.904932 18390461.770284 6.075074 22766.289010 7788663517.325444 11.904932 1.000000
11.901650 11.901650 11.901650 11.901650 11.901650 11.901650 11.901650 11.901650 11.901650 11.901650 6.073465 6.073465 11.901650 11.901650 11.901650 18385320.104727 6.073465 28449.904901 7786485937.260288 11.901650 1.000000
11.904932 11.904932 11.904932 11.904932 11.904932 11.904932 11.904932 11.904932 11.904932 11.904932 6.075074 6.075074 11.904932 11.904932 11.904932 18390461.770284 7.521043 22766.289010 7788663517.325444 11.904932 1.000000
11.901650 11.901650 11.901650 11.901650 11.901650 11.901650 11.901650 11.901650 11.901650 11.901650 6.073465 6.073465 11.901650 11.901650 11.901650 18385320.104727 6.073465 28449.904901 7786485937.260288 11.901650 1.000000
11.901650 11.901650 11.901650 11.901650 11.901650 11.901650 11.901650 11.901650 11.901650 11.901650 6.073465 6.073465 11.901650 11.901650 11.901650 18385320.104727 6.073465 28449.904901 7786485937.260288 11.901650 1.000000
11.906474 11.906474 11.906474 11.906474 11.906474 11.906474 11.906474 11.906474 11.906474 11.906474 6.075830 6.075830 14922.075186 11.906474 11.906474 3085812.809432 6.075830 18215.423784 18834306.698192 11.906474 1.000000
11.901650 11.901650 11.901650 11.901650 11.901650 11.901650 11.901650 11.901650 11.901650 11.901650 6.073465 6.073465 11.901650 11.901650 11.901650 18385320.104727 6.073465 28449.904901 7786485937.260288 11.901650 1.000000
11.901650 11.901650 11.901650 11.901650 11.901650 11.901650 11.901650 11.901650 11.901650 11.901650 6.073465 6.073465 11.901650 11.901650 11.901650 18385320.104727 6.073465 28449.904901 7786485937.260288 11.901650 1.000000
11.901650 11.901650 11.901650 11.901650 11.901650 11.901650 11.901650 11.901650 11.901650 11.901650 6.073465 6.073465 11.901650 11.901650 11.901650 18385320.104727 6.073465 28449.904901 7786485937.260288 11.901650 1.000000
11.901650 11.901650 11.901650 11.901650 11.901650 11.901650 11.901650 11.901650 11.901650 11.901650 6.073465 6.073465 11.901650 11.901650 11.901650 18385320.104727 6.073465 28449.904901 7786485937.260288 11.901650 1.000000
11.835269 11.835269 11.835269 11.835269 11.835269 11.835269 11.835269 11.835269 11.835269 11.835269 6.040925 6.040925 11.835269 11.835269 11.835269 3067095.601905 9269.727769 133.598340 7742437801.336220 11.835269 1.000000
11.901650 11.901650 11.901650 11.901650 11.901650 11.901650 11.901650 11.901650 11.901650 11.901650 6.073465 6.073465 11.901650 11.901650 11.901650 18385320.104727 6.073465 28449.904901 7786485937.260288 11.901650 1.000000
11.901650 11.901650 11.901650 11.901650 11.901650 11.901650 11.901650 11.901650 11.901650 11.901650 6.073465 6.073465 11.901650 11.901650 11.901650 18385320.104727 6.073465 28449.904901 7786485937.260288 11.901650 1.000000
11.901650 11.901650 11.901650 11.901650 11.901650 11.901650 11.901650 11.901650 11.901650 11.901650 6.073465 6.073465 11.901650 11.901650 11.901650 18385320.104727 6.073465 28449.904901 7786485937.260288 11.901650 1.000000
11.906474 11.906474 11.906474 11.906474 11.906474 11.906474 11.906474 11.906474 56923.199186 11.906474 6.075830 6.075830 11.906474 11.906474 11.906474 135715.482644 6.075830 18215.423789 23542883.378415 11.906474 1.000000
11.901650 11.901650 11.901650 11.901650 11.901650 11.901650 11.901650 11.901650 11.901650 11.901650 6.073465 6.073465 11.901650 11.901650 11.901650 18385320.104727 6.073465 28449.904901 7786485937.260288 11.901650 1.000000
11.901650 11.901650 11.901650 11.901650 11.901650 11.901650 11.901650 11.901650 11.901650 11.901650 6.073465 6.073465 11.901650 11.901650 11.901650 18385320.104727 6.073465 28449.904901 7786485937.260288 11.901650 1.000000
11.901650 11.901650 11.901650 11.901650 11.901650 11.901650 11.901650 11.901650 11.901650 11.901650 6.073465 6.073465 11.901650 11.901650 11.901650 18385320.104727 6.073465 28449.904901 7786485937.260288 11.901650 1.000000
11.901650 11.901650 11.901650 11.901650 11.901650 11.901650 11.901650 11.901650 11.901650 11.901650 6.073465 6.073465 11.901650 11.901650 11.901650 18385320.104727 6.073465 28449.904901 7786485937.260288 11.901650 1.000000
11.906474 11.906474 11.906474 11.906474 11.906474 11.906474 11.906474 11.906474 11.906474 11.906474 6.075830 6.075830 11.906474 11.906474 11.906474 18392877.640637 6.075830 28461.599621 662673.255111 138972.654237 1.000000
11.901650 11.901650 11.901650 11.901650 11.901650 11.901650 11.901650 11.901650 11.901650 11.901650 6.073465 6.073465 11.901650 11.901650 11.901650 18385320.104727 6.073465 28449.904901 7786485937.260288 11.901650 1.000000
11.901650 11.901650 11.901650 11.901650 11.901650 11.901650 11.901650 11.901650 11.901650 11.901650 6.073465 6.073465 11.901650 11.901650 11.901650 18385320.104727 6.073465 28449.904901 7786485937.260288 11.901650 1.000000
11.901650 11.901650 11.901650 11.901650 11.901650 11.901650 11.901650 11.901650 11.901650 11.901650 6.073465 6.073465 11.901650 11.901650 11.901650 18385320.104727 6.073465 28449.904901 7786485937.260288 11.901650 1.000000
11.904932 11.904932 11.904932 11.904932 11.904932 11.904932 11.904932 11.904932 11.904932 11.904932 6.075074 7.521043 11.904932 11.904932 11.904932 18390461.770284 6.075074 22766.289010 7788663517.325444 11.904932 1.000000
11.901650 11.901650 11.901650 11.901650 11.901650 11.901650 11.901650 11.901650 11.901650 11.901650 6.073465 6.073465 11.901650 11.901650 11.901650 18385320.104727 6.073465 28449.904901 7786485937.260288 11.901650 1.000000
11.901650 11.901650 11.901650 11.901650 11.901650 11.901650 11.901650 11.901650 11.901650 11.901650 6.073465 6.073465 11.901650 11.901650 11.901650 18385320.104727 6.073465 28449.904901 7786485937.260288 11.901650 1.000000
11.901650 11.901650 11.901650 11.901650 11.901650 11.901650 11.901650 11.901650 11.901650 11.901650 6.073465 6.073465 11.901650 11.901650 11.901650 18385320.104727 6.073465 28449.904901 7786485937.260288 11.901650 1.000000
11.901650 11.901650 11.901650 11.901650 11.901650 11.901650 11.901650 11.901650 11.901650 11.901650 6.073465 6.073465 11.901650 11.901650 11.901650 18385320.104727 6.073465 28449.904901 7786485937.260288 11.901650 1.000000
11.901650 11.901650 11.901650 11.901650 11.901650 11.901650 11.901650 11.901650 11.901650 11.901650 6.073465 6.073465 11.901650 11.901650 11.901650 18385320.104727 6.073465 28449.904901 7786485937.260288 11.901650 1.000000
11.901650 11.901650 11.901650 11.901650 11.901650 11.901650 11.901650 11.901650 11.901650 11.901650 6.073465 6.073465 11.901650 11.901650 11.901650 18385320.104727 6.073465 28449.904901 7786485937.260288 11.901650 1.000000
11.901650 11.901650 11.901650 11.901650 11.901650 11.901650 11.901650 11.901650 11.901650 11.901650 6.073465 6.073465 11.901650 11.901650 11.901650 18385320.104727 6.073465 28449.904901 7786485937.260288 11.901650 1.000000
11.901650 11.901650 11.901650 11.901650 11.901650 11.901650 11.901650 11.901650 11.901650 11.901650 6.073465 6.073465 11.901650 11.901650 11.901650 18385320.104727 6.073465 28449.904901 7786485937.260288 11.901650 1.000000
11.901650 11.901650 11.901650 11.901650 11.901650 11.901650 11.901650 11.901650 11.901650 11.901650 6.073465 6.073465 11.901650 11.901650 11.901650 18385320.104727 6.073465 28449.904901 7786485937.260288 11.901650 1.000000
11.901650 11.901650 11.901650 11.901650 11.901650 11.901650 11.901650 11.901650 11.901650 11.901650 6.073465 6.073465 11.901650 11.901650 11.901650 18385320.104727 6.073465 28449.904901 7786485937.260288 11.901650 1.000000
11.901650 11.901650 11.901650 11.901650 11.901650 11.901650 11.901650 11.901650 11.901650 11.901650 6.073465 6.073465 11.901650 11.901650 11.901650 18385320.104727 6.073465 28449.904901 7786485937.260288 11.901650 1.000000
11.901650 11.901650 11.901650 11.901650 11.901650 11.901650 11.901650 11.901650 11.901650 11.901650 6.073465 6.073465 11.901650 11.901650 11.901650 18385320.104727 6.073465 28449.904901 7786485937.260288 11.901650 1.000000
11.901650 11.901650 11.901650 11.901650 11.901650 11.901650 11.901650 11.901650 11.901650 11.901650 6.073465 6.073465 11.901650 11.901650 11.901650 18385320.104727 6.073465 28449.904901 7786485937.260288 11.901650 1.000000
11.901650 11.901650 11.901650 11.901650 11.901650 11.901650 11.901650 11.901650 11.901650 11.901650 6.073465 6.073465 11.901650 11.901650 11.901650 18385320.104727 6.073465 28449.904901 7786485937.260288 11.901650 1.000000
11.901650 11.901650 11.901650 11.901650 11.901650 11.901650 11.901650 11.901650 11.901650 11.901650 6.073465 6.073465 11.901650 11.901650 11.901650 18385320.104727 6.073465 28449.904901 7786485937.260288 11.901650 1.000000
11.901650 11.901650 11.901650 11.901650 11.901650 11.901650 11.901650 11.901650 11.901650 11.901650 6.073465 6.073465 11.901650 11.901650 11.901650 18385320.104727 6.073465 28449.904901 7786485937.260288 11.901650 1.000000
11.901650 11.901650 11.901650 11.901650 11.901650 11.901650 11.901650 11.901650 11.901650 11.901650 6.073465 6.073465 11.901650 11.901650 11.901650 18385320.104727 6.073465 28449.904901 7786485937.260288 11.901650 1.000000
11.901650 11.901650 11.901650 11.901650 11.901650 11.901650 11.901650 11.901650 11.901650 11.901650 6.073465 6.073465 11.901650 11.901650 11.901650 18385320.104727 6.073465 28449.904901 7786485937.260288 11.901650 1.000000
11.901650 11.901650 11.901650 11.901650 11.901650 11.901650 11.901650 11.901650 11.901650 11.901650 6.073465 6.073465 11.901650 11.901650 11.901650 18385320.104727 6.073465 28449.904901 7786485937.260288 11.901650 1.000000
11.901650 11.901650 11.901650 11.901650 11.901650 11.901650 11.901650 11.901650 11.901650 11.901650 6.073465 6.073465 11.901650 11.901650 11.901650 18385320.104727 6.073465 28449.904901 7786485937.260288 11.901650 1.000000
11.901650 11.901650 11.901650 11.901650 11.901650 11.901650 11.901650 11.901650 11.901650 11.901650 6.073465 6.073465 11.901650 11.901650 11.901650 18385320.104727 6.073465 28449.904901 7786485937.260288 11.901650 1.000000
11.901650 11.901650 11.901650 11.901650 11.901650 11.901650 11.901650 11.901650 11.901650 11.901650 6.073465 6.073465 11.901650 11.901650 11.901650 18385320.104727 6.073465 28449.904901 7786485937.260288 11.901650 1.000000
11.901650 11.901650 11.901650 11.901650 11.901650 11.901650 11.901650 11.901650 11.901650 11.901650 6.073465 6.073465 11.901650 11.901650 11.901650 18385320.104727 6.073465 28449.904901 7786485937.260288 11.901650 1.000000
11.906473 11.906473 11.906473 11.906473 11.906473 11.906473 11.906473 11.906473 11.906473 1025.438113 6.075829 6.075829 11.906473 11.906473 11.906473 212055.429931 6.075829 18215.422784 1045513990.053614 11.906473 1.000000
11.901650 11.901650 11.901650 11.901650 11.901650 11.901650 11.901650 11.901650 11.901650 11.901650 6.073465 6.073465 11.901650 11.901650 11.901650 18385320.104727 6.073465 28449.904901 7786485937.260288 11.901650 1.000000
11.901650 11.901650 11.901650 11.901650 11.901650 11.901650 11.901650 11.901650 11.901650 11.901650 6.073465 6.073465 11.901650 11.901650 11.901650 18385320.104727 6.073465 28449.904901 7786485937.260288 11.901650 1.000000
11.901650 11.901650 11.901650 11.901650 11.901650 11.901650 11.901650 11.901650 11.901650 11.901650 6.073465 6.073465 11.901650 11.901650 11.901650 18385320.104727 6.073465 28449.904901 7786485937.260288 11.901650 1.000000
11.901650 11.901650 11.901650 11.901650 11.901650 11.901650 11.901650 11.901650 11.901650 11.901650 6.073465 6.073465 11.901650 11.901650 11.901650 18385320.104727 6.073465 28449.904901 7786485937.260288 11.901650 1.000000
11.901650 11.901650 11.901650 11.901650 11.901650 11.901650 11.901650 11.901650 11.901650 11.901650 6.073465 6.073465 11.901650 11.901650 11.901650 18385320.104727 6.073465 28449.904901 7786485937.260288 11.901650 1.000000
11.901650 11.901650 11.901650 11.901650 11.901650 11.901650 11.901650 11.901650 11.901650 11.901650 6.073465 6.073465 11.901650 11.901650 11.901650 18385320.104727 6.073465 28449.904901 7786485937.260288 11.901650 1.000000
11.901650 11.901650 11.901650 11.901650 11.901650 11.901650 11.901650 11.901650 11.901650 11.901650 6.073465 6.073465 11.901650 11.901650 11.901650 18385320.104727 6.073465 28449.904901 7786485937.260288 11.901650 1.000000
11.901650 11.901650 11.901650 11.901650 11.901650 11.901650 11.901650 11.901650 11.901650 11.901650 6.073465 6.073465 11.901650 11.901650 11.901650 18385320.104727 6.073465 28449.904901 7786485937.260288 11.901650 1.000000
11.901650 11.901650 11.901650 11.901650 11.901650 11.901650 11.901650 11.901650 11.901650 11.901650 6.073465 6.073465 11.901650 11.901650 11.901650 18385320.104727 6.073465 28449.904901 7786485937.260288 11.901650 1.000000
11.901650 11.901650 11.901650 11.901650 11.901650 11.901650 11.901650 11.901650 11.901650 11.901650 6.073465 6.073465 11.901650 11.901650 11.901650 18385320.104727 6.073465 28449.904901 7786485937.260288 11.901650 1.000000
11.901650 11.901650 11.901650 11.901650 11.901650 11.901650 11.901650 11.901650 11.901650 11.901650 6.073465 6.073465 11.901650 11.901650 11.901650 18385320.104727 6.073465 28449.904901 7786485937.260288 11.901650 1.000000
11.901650 11.901650 11.901650 11.901650 11.901650 11.901650 11.901650 11.901650 11.901650 11.901650 6.073465 6.073465 11.901650 11.901650 11.901650 18385320.104727 6.073465 28449.904901 7786485937.260288 11.901650 1.000000
11.901650 11.901650 11.901650 11.901650 11.901650 11.901650 11.901650 11.901650 11.901650 11.901650 6.073465 6.073465 11.901650 11.901650 11.901650 18385320.104727 6.073465 28449.904901 7786485937.260288 11.901650 1.000000
11.901650 11.901650 11.901650 11.901650 11.901650 11.901650 11.901650 11.901650 11.901650 11.901650 6.073465 6.073465 11.901650 11.901650 11.901650 18385320.104727 6.073465 28449.904901 7786485937.260288 11.901650 1.000000
11.901650 11.901650 11.901650 11.901650 11.901650 11.901650 11.901650 11.901650 11.901650 11.901650 6.073465 6.073465 11.901650 11.901650 11.901650 18385320.104727 6.073465 28449.904901 7786485937.260288 11.901650 1.000000
11.901650 11.901650 11.901650 11.901650 11.901650 11.901650 11.901650 11.901650 11.901650 11.901650 6.073465 6.073465 11.901650 11.901650 11.901650 18385320.104727 6.073465 28449.904901 7786485937.260288 11.901650 1.000000
11.901650 11.901650 11.901650 11.901650 11.901650 11.901650 11.901650 11.901650 11.901650 11.901650 6.073465 6.073465 11.901650 11.901650 11.901650 18385320.104727 6.073465 28449.904901 7786485937.260288 11.901650 1.000000
11.901650 11.901650 11.901650 11.901650 11.901650 11.901650 11.901650 11.901650 11.901650 11.901650 6.073465 6.073465 11.901650 11.901650 11.901650 18385320.104727 6.073465 28449.904901 7786485937.260288 11.901650 1.000000
11.901650 11.901650 11.901650 11.901650 11.901650 11.901650 11.901650 11.901650 11.901650 11.901650 6.073465 6.073465 11.901650 11.901650 11.901650 18385320.104727 6.073465 28449.904901 7786485937.260288 11.901650 1.000000
11.901650 11.901650 11.901650 11.901650 11.901650 11.901650 11.901650 11.901650 11.901650 11.901650 6.073465 6.073465 11.901650 11.901650 11.901650 18385320.104727 6.073465 28449.904901 7786485937.260288 11.901650 1.000000
11.901650 11.901650 11.901650 11.901650 11.901650 11.901650 11.901650 11.901650 11.901650 11.901650 6.073465 6.073465 11.901650 11.901650 11.901650 18385320.104727 6.073465 28449.904901 7786485937.260288 11.901650 1.000000
11.901650 11.901650 11.901650 11.901650 11.901650 11.901650 11.901650 11.901650 11.901650 11.901650 6.073465 6.073465 11.901650 11.901650 11.901650 18385320.104727 6.073465 28449.904901 7786485937.260288 11.901650 1.000000
11.901650 11.901650 11.901650 11.901650 11.901650 11.901650 11.901650 11.901650 11.901650 11.901650 6.073465 6.073465 11.901650 11.901650 11.901650 18385320.104727 6.073465 28449.904901 7786485937.260288 11.901650 1.000000
11.901650 11.901650 11.901650 11.901650 11.901650 11.901650 11.901650 11.901650 11.901650 11.901650 6.073465 6.073465 11.901650 11.901650 11.901650 18385320.104727 6.073465 28449.904901 7786485937.260288 11.901650 1.000000
11.901650 11.901650 11.901650 11.901650 11.901650 11.901650 11.901650 11.901650 11.901650 11.901650 6.073465 6.073465 11.901650 11.901650 11.901650 18385320.104727 6.073465 28449.904901 7786485937.260288 11.901650 1.000000
11.901650 11.901650 11.901650 11.901650 11.901650 11.901650 11.901650 11.901650 11.901650 11.901650 6.073465 6.073465 11.901650 11.901650 11.901650 18385320.104727 6.073465 28449.904901 7786485937.260288 11.901650 1.000000
11.901650 11.901650 11.901650 11.901650 11.901650 11.901650 11.901650 11.901650 11.901650 11.901650 6.073465 6.073465 11.901650 11.901650 11.901650 18385320.104727 6.073465 28449.904901 7786485937.260288 11.901650 1.000000
11.901650 11.901650 11.901650 11.901650 11.901650 11.901650 11.901650 11.901650 11.901650 11.901650 6.073465 6.073465 11.901650 11.901650 11.901650 18385320.104727 6.073465 28449.904901 7786485937.260288 11.901650 1.000000
11.901650 11.901650 11.901650 11.901650 11.901650 11.901650 11.901650 11.901650 11.901650 11.901650 6.073465 6.073465 11.901650 11.901650 11.901650 18385320.104727 6.073465 28449.904901 7786485937.260288 11.901650 1.000000
11.901650 11.901650 11.901650 11.901650 11.901650 11.901650 11.901650 11.901650 11.901650 11.901650 6.073465 6.073465 11.901650 11.901650 11.901650 18385320.104727 6.073465 28449.904901 7786485937.260288 11.901650 1.000000
11.901650 11.901650 11.901650 11.901650 11.901650 11.901650 11.901650 11.901650 11.901650 11.901650 6.073465 6.073465 11.901650 11.901650 11.901650 18385320.104727 6.073465 28449.904901 7786485937.260288 11.901650 1.000000
11.901650 11.901650 11.901650 11.901650 11.901650 11.901650 11.901650 11.901650 11.901650 11.901650 6.073465 6.073465 11.901650 11.901650 11.901650 18385320.104727 6.073465 28449.904901 7786485937.260288 11.901650 1.000000
11.901650 11.901650 11.901650 11.901650 11.901650 11.901650 11.901650 11.901650 11.901650 11.901650 6.073465 6.073465 11.901650 11.901650 11.901650 18385320.104727 6.073465 28449.904901 7786485937.260288 11.901650 1.000000
11.901650 11.901650 11.901650 11.901650 11.901650 11.901650 11.901650 11.901650 11.901650 11.901650 6.073465 6.073465 11.901650 11.901650 11.901650 18385320.104727 6.073465 28449.904901 7786485937.260288 11.901650 1.000000
11.901650 11.901650 11.901650 11.901650 11.901650 11.901650 11.901650 11.901650 11.901650 11.901650 6.073465 6.073465 11.901650 11.901650 11.901650 18385320.104727 6.073465 28449.904901 7786485937.260288 11.901650 1.000000
11.901650 11.901650 11.901650 11.901650 11.901650 11.901650 11.901650 11.901650 11.901650 11.901650 6.073465 6.073465 11.901650 11.901650 11.901650 18385320.104727 6.073465 28449.904901 7786485937.260288 11.901650 1.000000
11.901650 11.901650 11.901650 11.901650 11.901650 11.901650 11.901650 11.901650 11.901650 11.901650 6.073465 6.073465 11.901650 11.901650 11.901650 18385320.104727 6.073465 28449.904901 7786485937.260288 11.901650 1.000000
11.901650 11.901650 11.901650 11.901650 11.901650 11.901650 11.901650 11.901650 11.901650 11.901650 6.073465 6.073465 11.901650 11.901650 11.901650 18385320.104727 6.073465 28449.904901 7786485937.260288 11.901650 1.000000
11.901650 11.901650 11.901650 11.901650 11.901650 11.901650 11.901650 11.901650 11.901650 11.901650 6.073465 6.073465 11.901650 11.901650 11.901650 18385320.104727 6.073465 28449.904901 7786485937.260288 11.901650 1.000000
11.901650 11.901650 11.901650 11.901650 11.901650 11.901650 11.901650 11.901650 11.901650 11.901650 6.073465 6.073465 11.901650 11.901650 11.901650 18385320.104727 6.073465 28449.904901 7786485937.260288 11.901650 1.000000
11.901650 11.901650 11.901650 11.901650 11.901650 11.901650 11.901650 11.901650 11.901650 11.901650 6.073465 6.073465 11.901650 11.901650 11.901650 22981650.130445 6.073465 22759.923936 7786485937.103189 11.901650 1.000000
11.901650 11.901650 11.901650 11.901650 11.901650 11.901650 11.901650 11.901650 11.901650 11.901650 6.073465 6.073465 11.901650 11.901650 11.901650 22981650.130445 6.073465 22759.923936 7786485937.103189 11.901650 1.000000
11.901650 11.901650 11.901650 11.901650 11.901650 11.901650 11.901650 11.901650 11.901650 11.901650 6.073465 6.073465 11.901650 11.901650 11.901650 22981650.130445 6.073465 22759.923936 7786485937.103189 11.901650 1.000000
11.901650 11.901650 11.901650 11.901650 11.901650 11.901650 11.901650 11.901650 11.901650 11.901650 6.073465 6.073465 11.901650 11.901650 11.901650 22981650.130445 6.073465 22759.923936 7786485937.103189 11.901650 1.000000
11.901650 11.901650 11.901650 11.901650 11.901650 11.901650 11.901650 11.901650 11.901650 11.901650 6.073465 6.073465 11.901650 11.901650 11.901650 22981650.130445 6.073465 22759.923936 7786485937.103189 11.901650 1.000000
11.901650 11.901650 11.901650 11.901650 11.901650 11.901650 11.901650 11.901650 11.901650 11.901650 6.073465 6.073465 11.901650 11.901650 11.901650 22981650.130445 6.073465 22759.923936 7786485937.103189 11.901650 1.000000
11.901650 11.901650 11.901650 11.901650 11.901650 11.901650 11.901650 11.901650 11.901650 11.901650 6.073465 6.073465 11.901650 11.901650 11.901650 22981650.130445 6.073465 22759.923936 7786485937.103189 11.901650 1.000000
11.901650 11.901650 11.901650 11.901650 11.901650 11.901650 11.901650 11.901650 11.901650 11.901650 6.073465 6.073465 11.901650 11.901650 11.901650 22981650.130445 6.073465 22759.923936 7786485937.103189 11.901650 1.000000
11.901650 11.901650 11.901650 11.901650 11.901650 11.901650 11.901650 11.901650 11.901650 11.901650 6.073465 6.073465 11.901650 11.901650 11.901650 22981650.130445 6.073465 22759.923936 7786485937.103189 11.901650 1.000000
11.901650 11.901650 11.901650 11.901650 11.901650 11.901650 11.901650 11.901650 11.901650 11.901650 6.073465 6.073465 11.901650 11.901650 11.901650 22981650.130445 6.073465 22759.923936 7786485937.103189 11.901650 1.000000
11.901650 11.901650 11.901650 11.901650 11.901650 11.901650 11.901650 11.901650 11.901650 11.901650 6.073465 6.073465 11.901650 11.901650 11.901650 22981650.130445 6.073465 22759.923936 7786485937.103189 11.901650 1.000000
11.901650 11.901650 11.901650 11.901650 11.901650 11.901650 11.901650 11.901650 11.901650 11.901650 6.073465 6.073465 11.901650 11.901650 11.901650 22981650.130445 6.073465 22759.923936 7786485937.103189 11.901650 1.000000
11.901650 11.901650 11.901650 11.901650 11.901650 11.901650 11.901650 11.901650 11.901650 11.901650 6.073465 6.073465 11.901650 11.901650 11.901650 22981650.130445 6.073465 22759.923936 7786485937.103189 11.901650 1.000000
11.901650 11.901650 11.901650 11.901650 11.901650 11.901650 11.901650 11.901650 11.901650 11.901650 6.073465 6.073465 11.901650 11.901650 11.901650 22981650.130445 6.073465 22759.923936 7786485937.103189 11.901650 1.000000
11.901650 11.901650 11.901650 11.901650 11.901650 11.901650 11.901650 11.901650 11.901650 11.901650 6.073465 6.073465 11.901650 11.901650 11.901650 22981650.130445 6.073465 22759.923936 7786485937.103189 11.901650 1.000000
11.901650 11.901650 11.901650 11.901650 11.901650 11.901650 11.901650 11.901650 11.901650 11.901650 6.073465 6.073465 11.901650 11.901650 11.901650 22981650.130445 6.073465 22759.923936 7786485937.103189 11.901650 1.000000
11.901650 11.901650 11.901650 11.901650 11.901650 11.901650 11.901650 11.901650 11.901650 11.901650 6.073465 6.073465 11.901650 11.901650 11.901650 22981650.130445 6.073465 22759.923936 7786485937.103189 11.901650 1.000000
11.901650 11.901650 11.901650 11.901650 11.901650 11.901650 11.901650 11.901650 11.901650 11.901650 6.073465 6.073465 11.901650 11.901650 11.901650 22981650.130445 6.073465 22759.923936 7786485937.103189 11.901650 1.000000
11.901650 11.901650 11.901650 11.901650 11.901650 11.901650 11.901650 11.901650 11.901650 11.901650 6.073465 6.073465 11.901650 11.901650 11.901650 22981650.130445 6.073465 22759.923936 7786485937.103189 11.901650 1.000000
11.901650 11.901650 11.901650 11.901650 11.901650 11.901650 11.901650 11.901650 11.901650 11.901650 6.073465 6.073465 11.901650 11.901650 11.901650 22981650.130445 6.073465 22759.923936 7786485937.103189 11.901650 1.000000
11.901650 11.901650 11.901650 11.901650 11.901650 11.901650 11.901650 11.901650 11.901650 11.901650 6.073465 6.073465 11.901650 11.901650 11.901650 22981650.130445 6.073465 22759.923936 7786485937.103189 11.901650 1.000000
11.901650 11.901650 11.901650 11.901650 11.901650 11.901650 11.901650 11.901650 11.901650 11.901650 6.073465 6.073465 11.901650 11.901650 11.901650 22981650.130445 6.073465 22759.923936 7786485937.103189 11.901650 1.000000
11.901650 11.901650 11.901650 11.901650 11.901650 11.901650 11.901650 11.901650 11.901650 11.901650 6.073465 6.073465 11.901650 11.901650 11.901650 22981650.130445 6.073465 22759.923936 7786485937.103189 11.901650 1.000000
11.901650 11.901650 11.901650 11.901650 11.901650 11.901650 11.901650 11.901650 11.901650 11.901650 6.073465 6.073465 11.901650 11.901650 11.901650 22981650.130445 6.073465 22759.923936 7786485937.103189 11.901650 1.000000
11.901650 11.901650 11.901650 11.901650 11.901650 11.901650 11.901650 11.901650 11.901650 11.901650 6.073465 6.073465 11.901650 11.901650 11.901650 22981650.130445 6.073465 22759.923936 7786485937.103189 11.901650 1.000000
11.901650 11.901650 11.901650 11.901650 11.901650 11.901650 11.901650 11.901650 11.901650 11.901650 6.073465 6.073465 11.901650 11.901650 11.901650 22981650.130445 6.073465 22759.923936 7786485937.103189 11.901650 1.000000
11.901650 11.901650 11.901650 11.901650 11.901650 11.901650 11.901650 11.901650 11.901650 11.901650 6.073465 6.073465 11.901650 11.901650 11.901650 22981650.130445 6.073465 22759.923936 7786485937.103189 11.901650 1.000000
11.904932 11.904932 11.904932 11.904932 11.904932 11.904932 11.904932 11.904932 11.904932 11.904932 6.075074 7.521043 11.904932 11.904932 11.904932 18390461.770284 6.075074 22766.289010 7788663517.325444 11.904932 1.000000
11.901650 11.901650 11.901650 11.901650 11.901650 11.901650 11.901650 11.901650 11.901650 11.901650 6.073465 6.073465 11.901650 11.901650 11.901650 22981650.130445 6.073465 22759.923936 7786485937.103189 11.901650 1.000000
11.901650 11.901650 11.901650 11.901650 11.901650 11.901650 11.901650 11.901650 11.901650 11.901650 6.073465 6.073465 11.901650 11.901650 11.901650 22981650.130445 6.073465 22759.923936 7786485937.103189 11.901650 1.000000
11.901650 11.901650 11.901650 11.901650 11.901650 11.901650 11.901650 11.901650 11.901650 11.901650 6.073465 6.073465 11.901650 11.901650 11.901650 22981650.130445 6.073465 22759.923936 7786485937.103189 11.901650 1.000000
11.901650 11.901650 11.901650 11.901650 11.901650 11.901650 11.901650 11.901650 11.901650 11.901650 6.073465 6.073465 11.901650 11.901650 11.901650 22981650.130445 6.073465 22759.923936 7786485937.103189 11.901650 1.000000
11.901650 11.901650 11.901650 11.901650 11.901650 11.901650 11.901650 11.901650 11.901650 11.901650 6.073465 6.073465 11.901650 11.901650 11.901650 22981650.130445 6.073465 22759.923936 7786485937.103189 11.901650 1.000000
11.901650 11.901650 11.901650 11.901650 11.901650 11.901650 11.901650 11.901650 11.901650 11.901650 6.073465 6.073465 11.901650 11.901650 11.901650 22981650.130445 6.073465 22759.923936 7786485937.103189 11.901650 1.000000
11.901650 11.901650 11.901650 11.901650 11.901650 11.901650 11.901650 11.901650 11.901650 11.901650 6.073465 6.073465 11.901650 11.901650 11.901650 22981650.130445 6.073465 22759.923936 7786485937.103189 11.901650 1.000000
11.901650 11.901650 11.901650 11.901650 11.901650 11.901650 11.901650 11.901650 11.901650 11.901650 6.073465 6.073465 11.901650 11.901650 11.901650 22981650.130445 6.073465 22759.923936 7786485937.103189 11.901650 1.000000
11.901650 11.901650 11.901650 11.901650 11.901650 11.901650 11.901650 11.901650 11.901650 11.901650 6.073465 6.073465 11.901650 11.901650 11.901650 22981650.130445 6.073465 22759.923936 7786485937.103189 11.901650 1.000000
11.901650 11.901650 11.901650 11.901650 11.901650 11.901650 11.901650 11.901650 11.901650 11.901650 6.073465 6.073465 11.901650 11.901650 11.901650 22981650.130445 6.073465 22759.923936 7786485937.103189 11.901650 1.000000
11.901650 11.901650 11.901650 11.901650 11.901650 11.901650 11.901650 11.901650 11.901650 11.901650 6.073465 6.073465 11.901650 11.901650 11.901650 22981650.130445 6.073465 22759.923936 7786485937.103189 11.901650 1.000000
11.901650 11.901650 11.901650 11.901650 11.901650 11.901650 11.901650 11.901650 11.901650 11.901650 6.073465 6.073465 11.901650 11.901650 11.901650 22981650.130445 6.073465 22759.923936 7786485937.103189 11.901650 1.000000
