0.000000 0.000000 0.000000 0.000000 0.000000 0.000000 0.000000 0.000000 0.000000 0.000000 0.000000 0.000000 0.000000 0.000000 0.000000 0.000000 0.000000 0.000000 0.000000 0.000000 0.000000
11.805925 11.805925 11.805925 11.805925 11.805925 11.805925 11.805925 11.805925 213.212475 3878.227263 22.401097 34.960567 109.171545 650.660059 170.572090 801998.547454 34.960567 22.401097 170.572090 213.212475 1.000000
11.881022 11.881022 11.881022 11.881022 11.881022 11.881022 11.881022 11.881022 268.233147 419.110853 54.951583 28.161403 214.588195 109.875871 654.858506 645738.836780 54.951583 18.055955 1598.772547 87.904792 1.000000
11.879119 11.879119 11.879119 11.879119 11.879119 11.879119 11.879119 11.879119 419.042737 9527.874577 43.962312 28.156837 28.830919 171.644754 419.042737 1008802.949422 14.467239 22.541420 137.318424 335.235264 1.000000
11.878824 11.878824 11.878824 11.878824 11.878824 11.878824 11.878824 11.878824 214.547915 14886.928842 28.156130 22.540855 36.022146 654.735579 214.547915 807022.025967 22.540855 14.466877 523.789150 70.315755 1.000000
11.805381 11.805381 11.805381 11.805381 11.805381 11.805381 11.805381 11.805381 416.404385 4847.557296 27.980004 27.980004 44.733177 416.404385 213.202506 1002451.310708 34.958935 17.940070 170.564115 266.501022 1.000000
11.805673 11.805673 11.805673 11.805673 11.805673 11.805673 11.805673 11.805673 136.457358 1985.609771 68.239669 34.959812 35.797492 650.645982 3878.143358 328491.497983 54.598328 27.980705 28.650549 333.132957 1.000000
11.801979 11.801979 11.801979 11.801979 11.801979 11.801979 11.801979 11.801979 813.048566 3876.912071 22.393531 9.262066 44.720111 170.514249 44.720111 410484.004955 27.971844 54.581005 69.854550 9465.116838 1.000000
11.881172 11.881172 11.881172 11.881172 11.881172 11.881172 11.881172 11.881172 87.905915 3122.641654 68.682169 35.186236 36.029359 268.236576 56.270277 413278.139391 35.186236 43.970013 14889.914264 87.905915 1.000000
11.881398 11.881398 11.881398 11.881398 11.881398 11.881398 11.881398 11.881398 109.879389 7623.782845 54.953341 28.162302 137.345141 419.124273 87.907606 264503.096995 22.545789 68.683490 171.678150 419.124273 1.000000
11.880734 11.880734 11.880734 11.880734 11.880734 11.880734 11.880734 11.880734 523.874614 11911.486329 35.184923 22.544518 87.902632 109.873171 335.281514 516578.370586 22.544518 43.968371 56.268175 335.281514 1.000000
11.879471 11.879471 11.879471 11.879471 11.879471 11.879471 11.879471 11.879471 523.818104 11910.201431 35.181134 28.157682 45.017682 137.322555 419.055342 1261041.618719 22.542096 14.467670 171.649917 137.322555 1.000000
11.875539 11.875539 11.875539 11.875539 11.875539 11.875539 11.875539 11.875539 11.875539 216572.576152 68.649156 18.047555 36.012060 268.107593 109.824448 806795.716837 43.948891 22.534558 268.107593 335.132813 1.000000
11.879704 11.879704 11.879704 11.879704 11.879704 11.879704 11.879704 11.879704 335.252025 88739.682496 35.181834 28.158242 36.024850 171.653335 28.832357 1008853.388214 22.542543 28.158242 335.252025 171.653335 1.000000
11.879935 11.879935 11.879935 11.879935 11.879935 11.879935 11.879935 11.879935 335.258633 4878.612013 18.054289 35.182526 45.019464 171.656719 1998.279897 807098.620688 35.182526 22.542986 45.019464 335.258633 1.000000
11.878860 11.878860 11.878860 11.878860 11.878860 11.878860 11.878860 11.878860 654.737608 6097.705090 18.052642 18.052642 56.259176 419.033478 109.855589 1008780.659202 28.156217 18.052642 1023.026104 56.259176 1.000000
11.880302 11.880302 11.880302 11.880302 11.880302 11.880302 11.880302 11.880302 214.574990 1598.674162 68.677066 54.948203 36.026685 654.818208 1598.674162 1576413.816615 22.543688 18.054851 70.324625 171.662089 1.000000
11.880652 11.880652 11.880652 11.880652 11.880652 11.880652 11.880652 11.880652 419.097617 11911.402962 22.544361 35.184678 36.027763 171.667232 335.279167 413259.804080 28.160516 43.968064 70.326731 523.870948 1.000000
11.881096 11.881096 11.881096 11.881096 11.881096 11.881096 11.881096 11.881096 109.876560 18612.271521 28.161579 22.545211 45.023921 523.890777 56.269910 169277.622884 107.301760 85.845601 335.291858 268.234828 1.000000
11.878763 11.878763 11.878763 11.878763 11.878763 11.878763 11.878763 11.878763 523.786454 9527.585477 18.052494 18.052494 36.021961 214.546811 335.225092 1008772.339757 18.052494 28.155985 335.225092 137.314258 1.000000
11.879543 11.879543 11.879543 11.879543 11.879543 11.879543 11.879543 11.879543 214.561086 3902.758894 18.053688 54.944645 28.831960 523.821306 268.199260 807071.570081 22.542233 22.542233 654.775774 171.650966 1.000000
11.879581 11.879581 11.879581 11.879581 11.879581 11.879581 11.879581 11.879581 523.823020 1998.219459 28.157946 35.181464 87.893977 87.893977 654.777916 413221.995605 35.181464 43.964045 18.484416 3122.217444 1.000000
11.805242 11.805242 11.805242 11.805242 11.805242 11.805242 11.805242 11.805242 520.498204 6059.374388 27.979672 22.399788 44.732645 136.452306 333.120623 513248.960675 34.958520 27.979672 35.796168 1985.536249 1.000000
11.879988 11.879988 11.879988 11.879988 11.879988 11.879988 11.879988 11.879988 56.264591 818.500140 11.605514 85.837482 419.073832 137.328613 268.209454 169261.609174 327.402622 167.634544 1023.124625 109.866167 1.000000
11.803390 11.803390 11.803390 11.803390 11.803390 11.803390 11.803390 11.803390 266.455420 23110.998128 22.396236 14.374582 22.931632 266.455420 136.430583 641459.054896 22.396236 43.678336 87.322334 1270.541343 1.000000
11.881381 11.881381 11.881381 11.881381 11.881381 11.881381 11.881381 11.881381 171.677904 9529.714863 22.545757 68.683391 137.344944 109.879232 654.878539 413285.497768 54.953263 28.162262 87.907480 171.677904 1.000000
11.869431 11.869431 11.869431 11.869431 11.869431 11.869431 11.869431 11.869431 2495.609442 11899.991318 11.595208 14.455385 14.799048 214.375849 1996.487734 2460860.509514 9.314531 18.038196 214.375849 23.061293 1.000000
11.877593 11.877593 11.877593 11.877593 11.877593 11.877593 11.877593 11.877593 268.154628 3902.109402 14.465372 18.050702 171.622402 87.879066 18606.706415 211533.760670 18.050702 409.168244 56.253096 23.077319 1.000000
11.863567 11.863567 11.863567 11.863567 11.863567 11.863567 11.863567 11.863567 1596.390098 267.833443 7.495461 18.029213 11.863567 653.882657 11894.028503 1967701.942628 28.119543 9.309970 1596.390098 14.791699 1.000000
11.870557 11.870557 11.870557 11.870557 11.870557 11.870557 11.870557 11.870557 1597.344228 1597.344228 18.039923 18.039923 23.063506 35.996761 660645.829567 2461097.499600 9.315408 22.525008 14.800460 28.809894 1.000000
11.865272 11.865272 11.865272 11.865272 11.865272 11.865272 11.865272 11.865272 2494.722614 7613.288136 7.496516 9.311297 18.461966 267.872491 267.872491 3074982.536866 9.311297 14.450297 817.471798 70.234426 1.000000
11.866952 11.866952 11.866952 11.866952 11.866952 11.866952 11.866952 11.866952 3898.563354 23237.246899 14.452352 9.312603 28.801039 109.743908 137.175785 4805350.022134 9.312603 11.592788 14.795941 1596.852071 1.000000
11.874862 11.874862 11.874862 11.874862 11.874862 11.874862 11.874862 11.874862 818.141978 110878.748170 14.462031 35.167313 18.477013 109.818099 28.820466 2462002.782989 14.462031 14.462031 109.818099 818.141978 1.000000
11.852510 11.852510 11.852510 11.852510 11.852510 11.852510 11.852510 11.852510 2492.000899 824533.799403 14.434682 9.301370 18.441942 11.852510 418.090698 9373864.024854 6.049376 9.301370 418.090698 11.852510 1.000000
11.873622 11.873622 11.873622 11.873622 11.873622 11.873622 11.873622 11.873622 654.444779 818.055287 35.163593 14.460513 70.284537 818.055287 1278.210258 4808089.655853 11.599300 9.317792 418.846068 28.817420 1.000000
11.868043 11.868043 11.868043 11.868043 11.868043 11.868043 11.868043 11.868043 1022.081272 4873.658831 18.036071 18.036071 817.665458 35.989040 44.973802 7509060.068694 6.056990 11.593854 87.807417 1022.081272 1.000000
11.868042 11.868042 11.868042 11.868042 11.868042 11.868042 11.868042 11.868042 7615.091077 11.868042 18.036070 11.593853 35.989036 28.803718 28.803718 3075710.738620 11.593853 14.453687 56.207245 4921137.181791 1.000000
11.799762 11.799762 11.799762 11.799762 11.799762 11.799762 11.799762 11.799762 1270.145221 1984.601181 34.942083 9.260343 28.636031 266.372348 7570.650909 1565573.886699 34.942083 11.527195 69.841247 55.879439 1.000000
11.863721 11.863721 11.863721 11.863721 11.863721 11.863721 11.863721 11.863721 6089.822859 14867.731256 14.448399 9.310090 18.459532 11.863721 45372.714830 3843218.434864 14.448399 9.310090 28.793105 35.975765 1.000000
11.873804 11.873804 11.873804 11.873804 11.873804 11.873804 11.873804 11.873804 654.454946 826036.345382 18.044896 22.531231 56.234903 18.475352 23.069879 2461780.146901 14.460736 18.044896 1597.787291 23.069879 1.000000
11.871092 11.871092 11.871092 11.871092 11.871092 11.871092 11.871092 11.871092 654.303322 422832.623680 9.315823 22.526032 23.064554 23.064554 109.782734 1968967.838575 18.040741 14.457417 2495.963663 18.471097 1.000000
11.862071 11.862071 11.862071 11.862071 11.862071 11.862071 11.862071 11.862071 3896.937166 2014669.162535 11.588024 11.588024 109.698139 11.862071 418.432804 3074141.178183 11.588024 14.446381 11.862071 18.456944 1.000000
11.794795 11.794795 11.794795 11.794795 11.794795 11.794795 11.794795 11.794795 1587.003136 3874.518095 14.364066 17.923851 35.764080 136.329812 136.329812 5969639.937109 11.522346 7.452933 22.914756 7567.417782 1.000000
11.871227 11.871227 11.871227 11.871227 11.871227 11.871227 11.871227 11.871227 1277.948797 36321.467165 35.156412 9.315929 171.529109 35.998817 523.449417 3076547.935811 9.315929 18.040949 214.408763 18.471310 1.000000
11.864465 11.864465 11.864465 11.864465 11.864465 11.864465 11.864465 11.864465 1277.210455 528241.539278 14.449310 11.590361 18.460700 56.190072 70.229583 3074770.439861 6.055236 22.513328 1021.768716 18.460700 1.000000
11.863779 11.863779 11.863779 11.863779 11.863779 11.863779 11.863779 11.863779 1596.418985 4871.882403 7.495592 28.120051 18.459623 267.838290 11.863779 2459671.936316 9.310135 22.512012 70895.216756 23.050197 1.000000
11.869521 11.869521 11.869521 11.869521 11.869521 11.869521 11.869521 11.869521 11.869521 660587.293153 14.455495 18.038334 18.468632 267.969773 523.373085 6008006.431795 18.038334 14.455495 817.768682 23.061470 1.000000
11.867246 11.867246 11.867246 11.867246 11.867246 11.867246 11.867246 11.867246 2495.143477 1596.892195 7.497736 11.593075 18.465063 334.895421 1277.514038 3844376.612451 11.593075 11.593075 109.746665 334.895421 1.000000
11.868059 11.868059 11.868059 11.868059 11.868059 11.868059 11.868059 11.868059 1022.082651 418.647042 18.036095 14.453707 70.251152 18.466339 214.350728 6007256.162130 7.498239 9.313465 70921.162899 87.807536 1.000000
11.868746 11.868746 11.868746 11.868746 11.868746 11.868746 11.868746 11.868746 2495.463525 3119.329226 11.594540 9.313999 14.798190 87.812691 1996.371000 1259886.911385 18.037148 28.131964 3119.329226 14.798190 1.000000
11.868976 11.868976 11.868976 11.868976 11.868976 11.868976 11.868976 11.868976 138528.746949 11.868976 11.594764 11.594764 23.060400 267.957298 1022.162715 1574889.517333 14.454829 22.521975 35.991903 2495.512453 1.000000
11.866744 11.866744 11.866744 11.866744 11.866744 11.866744 11.866744 11.866744 3118.795563 28.800530 9.312442 167.445017 70.243262 11.866744 267.906204 515961.391871 14.452099 85.740454 1031922.783738 11.866744 1.000000
11.857014 11.857014 11.857014 11.857014 11.857014 11.857014 11.857014 11.857014 3895.251923 522.813741 7.491409 11.583086 14.783488 28.776635 337859.225478 9377477.280105 7.491409 7.491409 23.036916 171.320817 1.000000
11.848514 11.848514 11.848514 11.848514 11.848514 11.848514 11.848514 11.848514 70802.693386 11.848514 7.486152 9.298262 18.435673 23.020228 45313.723780 7496526.754992 6.047417 9.298262 6081.905214 14.772836 1.000000
11.863415 11.863415 11.863415 11.863415 11.863415 11.863415 11.863415 11.863415 2494.326560 171.414622 11.589335 9.309852 87.772693 14.791509 214.265653 3074494.362328 11.589335 11.589335 825303.296122 11.863415 1.000000
11.862109 11.862109 11.862109 11.862109 11.862109 11.862109 11.862109 11.862109 214.241725 3896.949636 7.494559 7.494559 18.457003 653.801144 70885.096282 169003.239324 11613.814259 14.446427 18.457003 14.789872 1.000000
11.860233 11.860233 11.860233 11.860233 11.860233 11.860233 11.860233 11.860233 11.860233 1994.918593 9.307378 11.586229 23.043236 36287.348725 3896.324654 22900536.593079 9.307378 7.493399 109.680899 70.204185 1.000000
11.849425 11.849425 11.849425 11.849425 11.849425 11.849425 11.849425 11.849425 11.849425 2012490.468452 6.047864 22.484494 14.773977 14.773977 35.931860 28599209.662891 7.486715 9.298970 138297.291935 18.437102 1.000000
11.854212 11.854212 11.854212 11.854212 11.854212 11.854212 11.854212 11.854212 6084.871786 14855.643675 7.489676 6.050210 23.031414 171.279748 2492.363817 6000146.669507 9.302694 7.489676 18.444612 109.624424 1.000000
11.851820 11.851820 11.851820 11.851820 11.851820 11.851820 11.851820 11.851820 4866.901147 1288257.952558 11.578016 6.049038 56.129364 18.440859 23.026718 4799134.852578 14.433838 6.049038 816.531708 11.851820 1.000000
11.851669 11.851669 11.851669 11.851669 11.851669 11.851669 11.851669 11.851669 6083.547656 6083.547656 7.488103 6.048964 18.440622 87.684564 334.449550 7498551.220372 6.048964 9.300716 35.938751 2491.821454 1.000000
11.853439 11.853439 11.853439 11.853439 11.853439 11.853439 11.853439 11.853439 11.853439 1030749.228280 9.302093 7.489198 18.443401 171.268430 35.944190 44701622.103512 7.489198 7.489198 137.017371 3115.248710 1.000000
11.852602 11.852602 11.852602 11.852602 11.852602 11.852602 11.852602 11.852602 1610430.267502 11.852602 7.488680 9.301442 14.777959 18.442087 14.777959 412270.148483 11.578779 133.796786 11.852602 1288344.214002 1.000000
11.853283 11.853283 11.853283 11.853283 11.853283 11.853283 11.853283 11.853283 2492.165729 422189.228568 9.301971 11.579444 109.615713 11.853283 18.443155 7499587.236837 6.049755 9.301971 3115.206981 14.778812 1.000000
11.857165 11.857165 11.857165 11.857165 11.857165 11.857165 11.857165 11.857165 2492.993734 216232.702989 11.583234 11.583234 11.857165 11.857165 18.449247 6001663.138242 9.304991 9.304991 29022.262148 23.037213 1.000000
11.849745 11.849745 11.849745 11.849745 11.849745 11.849745 11.849745 11.849745 28.758784 70810.156334 9.299220 6.048021 14.774379 9503.978406 35.932845 28599994.374709 7.486913 6.048021 87.670134 1020.482879 1.000000
11.863087 11.863087 11.863087 11.863087 11.863087 11.863087 11.863087 11.863087 2494.256700 3897.275724 18.028479 7.495165 23.048840 523.085370 11.863087 4803762.895314 11.589016 9.309598 56.183458 11893.540939 1.000000
11.846107 11.846107 11.846107 11.846107 11.846107 11.846107 11.846107 11.846107 45304.385059 11.846107 7.484663 11.572438 14.769819 270035.177691 522.325912 11710909.051845 7.484663 6.046238 11.846107 87.642835 1.000000
11.848078 11.848078 11.848078 11.848078 11.848078 11.848078 11.848078 11.848078 11.848078 2491.055814 9.297923 7.485883 11.848078 14847.847367 18559.809178 44681115.193393 7.485883 7.485883 14.772290 417.932140 1.000000
11.852528 11.852528 11.852528 11.852528 11.852528 11.852528 11.852528 11.852528 14853.503652 138334.032014 7.488634 7.488634 14.777866 18.441971 11.852528 2457306.038774 18.012302 11.578707 11.852528 18566.879535 1.000000
11.854073 11.854073 11.854073 11.854073 11.854073 11.854073 11.854073 11.854073 2492.334245 11884.373957 14.436595 9.302586 1020.860922 11.854073 14.779802 11718897.414326 7.489590 6.050142 418.146624 418.146624 1.000000
11.859032 11.859032 11.859032 11.859032 11.859032 11.859032 11.859032 11.859032 214.185360 18577.213725 11.585056 11.585056 14.786017 109.669632 11.859032 168958.774082 35433.223125 7.492657 11.859032 110728.822188 1.000000
11.855594 11.855594 11.855594 11.855594 11.855594 11.855594 11.855594 11.855594 522.750217 35.950806 14.438455 7.490530 1595.301848 28.773147 14.781708 7501070.293508 7.490530 7.490530 6144876.784442 14.781708 1.000000
11.866938 11.866938 11.866938 11.866938 11.866938 11.866938 11.866938 11.866938 88642.960859 11.866938 14.452336 18.034378 23.056400 56.201944 36308.156791 3075420.503238 11.592775 11.592775 18.464580 817.588229 1.000000
11.860028 11.860028 11.860028 11.860028 11.860028 11.860028 11.860028 11.860028 2493.604183 817.105311 7.493272 9.307218 334.688822 14.787264 522.948528 2458883.170783 7.493272 22.504821 18578.796007 14.787264 1.000000
11.903235 11.903235 11.903235 11.903235 11.903235 11.903235 11.903235 11.903235 11.903235 15063287.854979 6.074242 6.074242 11.903235 18.521528 11.903235 87679875.170457 7.519994 6.074242 111147.446397 11.903235 1.000000
11.844766 11.844766 11.844766 11.844766 11.844766 11.844766 11.844766 11.844766 11.844766 1287480.247274 9.295347 6.045580 11.844766 267.402925 1020.047923 55835555.245016 9.295347 6.045580 652.831575 18.429792 1.000000
11.907126 11.907126 11.907126 11.907126 11.907126 11.907126 11.907126 11.907126 9737649400.315557 11.907126 6.076149 6.076149 525.054922 11.907126 14.846285 7534141.300734 7.522401 7.522401 14.846285 11.907126 1.000000
11.845520 11.845520 11.845520 11.845520 11.845520 11.845520 11.845520 11.845520 11.845520 11.845520 7.484300 6.045950 14.769084 174497373.853098 136.924524 2479756828.010668 7.484300 18.001565 70.115879 18.430975 1.000000
11.838409 11.838409 11.838409 11.838409 11.838409 11.838409 11.838409 11.838409 11.838409 11.838409 7.479903 7.479903 14.760172 28975.693692 11.838409 3872260572.963924 9.290402 7.479903 11.838409 7669802.249309 1.000000
11.839644 11.839644 11.839644 11.839644 11.839644 11.839644 11.839644 11.839644 11.839644 1274.500217 6.043070 7.480667 18.421756 28.733978 11985335.062767 87204789.908476 6.043070 7.480667 522.036883 11.839644 1.000000
11.908501 11.908501 11.908501 11.908501 11.908501 11.908501 11.908501 11.908501 271477.846031 11.908501 7.523251 7.523251 11.908501 11.908501 36437.139724 11773474.817767 6.076824 6.076824 7641.422170 11.908501 1.000000
11.842396 11.842396 11.842396 11.842396 11.842396 11.842396 11.842396 11.842396 11.842396 11.842396 7.482369 7.482369 14840.624304 23.008216 11.842396 3098866932.435585 9.293504 9.293504 9590528.630199 11.842396 1.000000
11.910603 11.910603 11.910603 11.910603 11.910603 11.910603 11.910603 11.910603 111217.226149 11.910603 6.077854 6.077854 14.850642 56.411560 11.910603 7536372.387412 6.077854 9.346557 14.850642 9646556.655888 1.000000
11.838019 11.838019 11.838019 11.838019 11.838019 11.838019 11.838019 11.838019 213.800426 2537640025.564512 7.479662 6.042273 14.759684 11.838019 136.836587 5991833.101157 11.564543 6.042273 11.838019 11.838019 1.000000
11.840883 11.840883 11.840883 11.840883 11.840883 11.840883 11.840883 11.840883 417.674689 1991.617203 6.043677 6.043677 11.840883 6077.931990 9496.768583 11705670.903225 7.481433 6.043677 213.852891 14.763273 1.000000
11.905573 11.905573 11.905573 11.905573 11.905573 11.905573 11.905573 11.905573 219243365.772133 18651.162913 6.075388 7.521440 11.905573 11.905573 14.844339 9416430.858563 6.075388 6.075388 14.844339 14.844339 1.000000
11.836331 11.836331 11.836331 11.836331 11.836331 11.836331 11.836331 11.836331 11.836331 28970.534728 7.478618 6.041446 14.757568 44.852027 11.836331 69744025.338743 6.041446 9.288786 18721769.245081 11.836331 1.000000
11.825384 11.825384 11.825384 11.825384 11.825384 11.825384 11.825384 11.825384 18.399381 46109426856.002022 6.036081 6.036081 11.825384 14.743850 11.825384 87098244.771645 6.036081 6.036081 35.858027 11.825384 1.000000
11.907722 11.907722 11.907722 11.907722 11.907722 11.907722 11.907722 11.907722 424155.969698 11.907722 7.522769 6.076441 18.528569 11.907722 2528166.590309 14715866.362144 6.076441 6.076441 45.126159 11.907722 1.000000
11.840428 11.840428 11.840428 11.840428 11.840428 11.840428 11.840428 11.840428 11.840428 11.840428 7.481152 9.291973 11.840428 70.085321 3172704817.923873 3098344548.753800 7.481152 9.291973 11.840428 14.762703 1.000000
11.845410 11.845410 11.845410 11.845410 11.845410 11.845410 11.845410 11.845410 45301.681257 56.098591 6.045896 9.295847 11.845410 213.935815 6080.288894 14637762.669239 6.045896 6.045896 35.919530 1020.104154 1.000000
11.839740 11.839740 11.839740 11.839740 11.839740 11.839740 11.839740 11.839740 11.839740 3141909.490833 7.480726 9.291438 3111.596768 11.839740 171.067669 69764405.160223 6.043117 6.043117 213.831956 11.839740 1.000000
11.838409 11.838409 11.838409 11.838409 11.838409 11.838409 11.838409 11.838409 9587252.812296 11.838409 7.479903 7.479903 527064.797279 14.760172 11.838409 7490041.259606 9.290402 7.479903 11.838409 11.838409 1.000000
11.831204 11.831204 11.831204 11.831204 11.831204 11.831204 11.831204 11.831204 340397368.170463 652.073345 6.038933 6.038933 11.831204 11.831204 11.831204 11695964.511493 7.475447 6.038933 14.751143 333.863762 1.000000
11.850655 11.850655 11.850655 11.850655 11.850655 11.850655 11.850655 11.850655 11.850655 11.850655 9.299927 9.299927 4961694530.402571 28.761018 18.439032 416217104.312912 9.299927 43.855579 11.850655 14.775519 1.000000
11.850646 11.850646 11.850646 11.850646 11.850646 11.850646 11.850646 11.850646 418.023994 527617.438527 7.487470 6.048462 18.439017 87.676889 653.160284 5998315.811266 9.299920 7.487470 653.160284 11.850646 1.000000
11.843540 11.843540 11.843540 11.843540 11.843540 11.843540 11.843540 11.843540 2490.088008 2011476.749661 7.483076 7.483076 56.089617 18.427869 11.843540 11708335.657956 7.483076 6.044980 1992.070587 11.843540 1.000000
11.835239 11.835239 11.835239 11.835239 11.835239 11.835239 11.835239 11.835239 215827.115466 45262.226706 7.477943 6.040911 14.756200 28.723160 3110.396855 11700011.373214 6.040911 6.040911 11.835239 11.835239 1.000000
11.842059 11.842059 11.842059 11.842059 11.842059 11.842059 11.842059 11.842059 6078.544007 11.842059 7.482160 6.044253 1287181.726578 18.425544 70.095105 9365479.684325 7.482160 6.044253 1019.811411 14.764746 1.000000
11.837980 11.837980 11.837980 11.837980 11.837980 11.837980 11.837980 11.837980 11.837980 172702.246677 6.042254 9.290068 14.759635 171.041867 172702.246677 87192352.411368 6.042254 6.042254 56.062920 11.837980 1.000000
11.902549 11.902549 11.902549 11.902549 11.902549 11.902549 11.902549 11.902549 11.902549 11.902549 6.073905 6.073905 11.902549 11.902549 11.902549 56658479207.803162 9.340292 6.073905 1281.368687 71823155.175790 1.000000
11.903231 11.903231 11.903231 11.903231 11.903231 11.903231 11.903231 11.903231 11.903231 11.903231 6.074240 7.519991 11.903231 11.903231 428124249.554911 7605014388.099683 6.074240 6.074240 419.905424 18.521522 1.000000
11.835526 11.835526 11.835526 11.835526 11.835526 11.835526 11.835526 11.835526 4860.114120 269790.518478 6.041051 6.041051 87.563449 11.835526 14.756559 14625373.312282 6.041051 6.041051 4860.114120 18.415294 1.000000
11.906960 11.906960 11.906960 11.906960 11.906960 11.906960 11.906960 11.906960 11.906960 2552630169.114532 7.522298 7.522298 11.906960 11.906960 1025.480608 56132931.047065 6.076068 7.522298 11.906960 11.906960 1.000000
11.897112 11.897112 11.897112 11.897112 11.897112 11.897112 11.897112 11.897112 11.897112 29121.436778 6.071240 6.071240 11.897112 11.897112 11.897112 109542670.016754 6.071240 6.071240 89737355.277725 11.897112 1.000000
11.904288 11.904288 11.904288 11.904288 11.904288 11.904288 11.904288 11.904288 11.904288 11.904288 7.520645 6.074758 11.904288 11.904288 11.904288 36266800415.410561 9.341645 7.520645 7788236085.737382 11.904288 1.000000
11.906473 11.906473 11.906473 11.906473 11.906473 11.906473 11.906473 11.906473 11.906473 11.906473 6.075829 6.075829 11.906473 36430.845851 11.906473 70163256.871536 6.075829 801.124020 11.906473 7714531.677289 1.000000
11.826219 11.826219 11.826219 11.826219 11.826219 11.826219 11.826219 11.826219 70.000039 11.826219 6.036490 6.036490 11.826219 14.744896 174208965.663758 3124720077519.854004 7.472365 6.036490 11.826219 11.826219 1.000000
11.908196 11.908196 11.908196 11.908196 11.908196 11.908196 11.908196 11.908196 4890.383224 836533961.834066 6.076674 6.076674 11.908196 11.908196 11.908196 265108.194711 6.076674 640.993843 11.908196 14.847627 1.000000
11.895566 11.895566 11.895566 11.895566 11.895566 11.895566 11.895566 11.895566 11.895566 11.895566 6.070482 6.070482 11.895566 11.895566 23750149838.392841 7600047948.285691 6.070482 7.515251 11.895566 11.895566 1.000000
11.901862 11.901862 11.901862 11.901862 11.901862 11.901862 11.901862 11.901862 110.071311 11.901862 6.073569 6.073569 11.901862 836082658.509400 171.978043 418041329.254701 6.073569 6.073569 11.901862 11.901862 1.000000
11.897112 11.897112 11.897112 11.897112 11.897112 11.897112 11.897112 11.897112 11.897112 1600.968504 6.071240 6.071240 11.897112 668595382.941861 11.897112 652925178.654162 6.071240 6.071240 11.897112 11.897112 1.000000
11.829533 11.829533 11.829533 11.829533 11.829533 11.829533 11.829533 11.829533 56.022368 3108.875565 6.038114 6.038114 11.829533 11.829533 22.982961 22840408.038837 6.038114 6.038114 11.829533 217823105.228773 1.000000
11.904406 11.904406 11.904406 11.904406 11.904406 11.904406 11.904406 11.904406 11.904406 11.904406 7.520718 6.074816 29139.545261 11.904406 28.893018 7605776186.406432 6.074816 6.074816 3949144.779940 11.904406 1.000000
11.901941 11.901941 11.901941 11.901941 11.901941 11.901941 11.901941 11.901941 7637.152794 1035027.188614 6.073607 6.073607 11.901941 11.901941 11.901941 11766896.802931 6.073607 6.073607 11933.051120 11.901941 1.000000
11.905405 11.905405 11.905405 11.905405 11.905405 11.905405 11.905405 11.905405 11.905405 11.905405 6.075305 6.075305 14.844128 14920.716308 11.905405 6085138521.957750 7.521336 7.521336 11.905405 15066073.241859 1.000000
11.895566 11.895566 11.895566 11.895566 11.895566 11.895566 11.895566 11.895566 11.895566 11.895566 6.070482 7.515251 11.895566 23750149838.392834 11.895566 7600047948.285705 6.070482 6.070482 11.895566 11.895566 1.000000
11.900310 11.900310 11.900310 11.900310 11.900310 11.900310 11.900310 11.900310 11.900310 11.900310 7.518185 6.072808 11.900310 3188980297.957096 11.900310 7603121514.218083 6.072808 6.072808 88.049490 11.900310 1.000000
11.902731 11.902731 11.902731 11.902731 11.902731 11.902731 11.902731 11.902731 432276616762.241272 11.902731 9.340434 6.073995 11.902731 14.840778 11.902731 9414151.060252 6.073995 7.519682 11.902731 11.902731 1.000000
11.829657 11.829657 11.829657 11.829657 11.829657 11.829657 11.829657 11.829657 11.829657 11975079.733093 6.038175 6.038175 11.829657 11.829657 11.829657 1267910884.990860 7.474491 7.474491 45240.572151 14.749205 1.000000
11.905135 11.905135 11.905135 11.905135 11.905135 11.905135 11.905135 11.905135 88.085690 71145.883390 6.075173 6.075173 11.905135 7713652.131914 11.905135 35919491.815912 7.521169 6.075173 11.905135 11.905135 1.000000
11.907090 11.907090 11.907090 11.907090 11.907090 11.907090 11.907090 11.907090 90688645264.357086 11.907090 7.522378 6.076131 70.485391 11.907090 11.907090 7534117.886575 6.076131 11.631972 11.907090 11.907090 1.000000
11.904836 11.904836 11.904836 11.904836 11.904836 11.904836 11.904836 11.904836 11.904836 9735749523.894308 6.075026 14.498703 11.904836 11.904836 215.024407 70153468.684773 6.075026 6.075026 11.904836 11.904836 1.000000
11.907554 11.907554 11.907554 11.907554 11.907554 11.907554 11.907554 11.907554 3129.674118 2042207441.983634 6.076359 6.076359 14.846821 11.907554 11.907554 6027532.484432 9.344185 7.522665 11.907554 11.907554 1.000000
11.835662 11.835662 11.835662 11.835662 11.835662 11.835662 11.835662 11.835662 215834.937087 417.487880 6.041118 6.041118 421552.611491 11.835662 11.835662 9360348.307306 9.288266 6.041118 11.835662 28.724198 1.000000
11.897089 11.897089 11.897089 11.897089 11.897089 11.897089 11.897089 11.897089 11.897089 11.897089 6.071229 6.071229 11.897089 171.908100 11.897089 6080827767.039166 6.071229 6.071229 11.897089 2040387218.128268 1.000000
11.819757 11.819757 11.819757 11.819757 11.819757 11.819757 11.819757 11.819757 11.819757 11.819757 6.033323 7.468369 11.819757 11.819757 1017.863242 5072615787269979740569600.000000 6.033323 6.033323 11.819757 11.819757 1.000000
11.837281 11.837281 11.837281 11.837281 11.837281 11.837281 11.837281 11.837281 11.837281 9679716301.959682 7.479206 6.041912 14.758759 11.837281 11.837281 263506.941952 22635.074003 6.041912 14.758759 56.059567 1.000000
11.892277 11.892277 11.892277 11.892277 11.892277 11.892277 11.892277 11.892277 11.892277 11.892277 6.068870 6.068870 11.892277 23743489392.397507 11.892277 9497395756.958941 6.068870 6.068870 11.892277 11.892277 1.000000
11.897294 11.897294 11.897294 11.897294 11.897294 11.897294 11.897294 11.897294 14.833965 11.897294 7.516320 6.071329 11.897294 11.897294 112173436.794970 218142815920402.250000 6.071329 6.071329 11.897294 11.897294 1.000000
11.837325 11.837325 11.837325 11.837325 11.837325 11.837325 11.837325 11.837325 11.837325 11.837325 7.479233 7.479233 11.837325 1991.010186 11.837325 22855670.264590 6.041933 3834545.168538 3141259.402067 11.837325 1.000000
11.901188 11.901188 11.901188 11.901188 11.901188 11.901188 11.901188 11.901188 11.901188 14.838844 6.073238 7.518728 11.901188 11.901188 11.901188 10073882002668561050487488512.000000 9.339233 7.518728 11.901188 11.901188 1.000000
11.901691 11.901691 11.901691 11.901691 11.901691 11.901691 11.901691 11.901691 11.901691 11.901691 7.519039 7.519039 11.901691 15208033673.936562 11.901691 6083213469.574638 6.073485 6.073485 18.519107 11.901691 1.000000
11.830915 11.830915 11.830915 11.830915 11.830915 11.830915 11.830915 11.830915 11.830915 11.830915 6.038792 6.038792 831027716.287912 14.750782 11.830915 14619594.193003 7.475269 1962208.716867 11.830915 11.830915 1.000000
11.823663 11.823663 11.823663 11.823663 11.823663 11.823663 11.823663 11.823663 14.741693 11.823663 6.035237 6.035237 11.823663 11.823663 11.823663 2018860318458675.500000 6.035237 9.278933 11.823663 36526258.461351 1.000000
11.889168 11.889168 11.889168 11.889168 11.889168 11.889168 11.889168 11.889168 11.889168 14.823781 6.067346 6.067346 11.889168 11.889168 11.889168 24569245728839763951418867712.000000 6.067346 6.067346 11.889168 11.889168 1.000000
11.892459 11.892459 11.892459 11.892459 11.892459 11.892459 11.892459 11.892459 11.892459 14.827906 6.068959 7.513330 11.892459 11.892459 11.892459 19660915940463687084573458432.000000 6.068959 6.068959 11.892459 11.892459 1.000000
11.816449 11.816449 11.816449 11.816449 11.816449 11.816449 11.816449 11.816449 11.816449 11.816449 6.031702 6.031702 11.816449 11.816449 11.816449 12025897915603020.000000 6.031702 6.031702 23362337.781724 11.816449 1.000000
11.901678 11.901678 11.901678 11.901678 11.901678 11.901678 11.901678 11.901678 11.901678 219170610.388335 6.073478 6.073478 14.839458 11.901678 6109.585085 109585305.194167 6.073478 6.073478 11.901678 18.519086 1.000000
11.829180 11.829180 11.829180 11.829180 11.829180 11.829180 11.829180 11.829180 11.829180 11.829180 6.037941 6.037941 11.829180 11.829180 6071.838567 3125513784869.467773 7.474196 268479589784.230530 11.829180 11.829180 1.000000
11.830209 11.830209 11.830209 11.830209 11.830209 11.830209 11.830209 11.830209 11.830209 11.830209 6.038445 6.038445 11.830209 11.830209 35.872844 3869539832.728494 6.038445 170184161.609095 2511474.939682 11.830209 1.000000
11.892277 11.892277 11.892277 11.892277 11.892277 11.892277 11.892277 11.892277 11.892277 11.892277 6.068870 6.068870 11.892277 11.892277 23743489392.397514 9497395756.958973 6.068870 6.068870 11.892277 11.892277 1.000000
11.824584 11.824584 11.824584 11.824584 11.824584 11.824584 11.824584 11.824584 11.824584 11.824584 7.471353 6.035688 11.824584 11.824584 136.679070 15042869828936696.000000 6.035688 6.035688 1606568.746883 11.824584 1.000000
11.900847 11.900847 11.900847 11.900847 11.900847 11.900847 11.900847 11.900847 11.900847 11.900847 6.073071 6.073071 14.838416 19008673747.623280 11.900847 4866220479.391555 6.073071 11.625877 11.900847 11.900847 1.000000
11.889168 11.889168 11.889168 11.889168 11.889168 11.889168 11.889168 11.889168 11.889168 14.823781 6.067346 6.067346 11.889168 11.889168 11.889168 24569245728839763951418867712.000000 6.067346 6.067346 11.889168 11.889168 1.000000
11.816449 11.816449 11.816449 11.816449 11.816449 11.816449 11.816449 11.816449 57036957.474913 11.816449 6.031702 6.031702 11.816449 11.816449 11.816449 2017610869240217.000000 6.031702 6.031702 11.816449 11.816449 1.000000
11.901678 11.901678 11.901678 11.901678 11.901678 11.901678 11.901678 11.901678 71124.929612 11.901678 6.073478 6.073478 14.839458 57454260.578338 11.901678 11766632.566444 6.073478 6.073478 11.901678 18.519086 1.000000
11.903680 11.903680 11.903680 11.903680 11.903680 11.903680 11.903680 11.903680 11.903680 11.903680 7.520269 6.074460 11934.819368 11.903680 11.903680 6084244500.197104 7.520269 6.074460 23537280.861237 11.903680 1.000000
11.905200 11.905200 11.905200 11.905200 11.905200 11.905200 11.905200 11.905200 11936.364468 11.905200 7.521209 6.075205 11.905200 172.026953 11.905200 14712705.020272 6.075205 6.075205 11.905200 36781762.550681 1.000000
11.907263 11.907263 11.907263 11.907263 11.907263 11.907263 11.907263 11.907263 11.907263 14.846457 7.522485 9.343959 11.907263 11.907263 11.907263 3971366789793083.500000 6.076217 18754249419300.484375 11.907263 11.907263 1.000000
11.900361 11.900361 11.900361 11.900361 11.900361 11.900361 11.900361 11.900361 137.567459 58007470214.789551 6.072833 6.072833 11.900361 11.900361 11.900361 9412250.167744 7.518217 6.072833 11.900361 11.900361 1.000000
11.900310 11.900310 11.900310 11.900310 11.900310 11.900310 11.900310 11.900310 3188980297.957109 11.900310 6.072808 7.518185 88.049490 11.900310 11.900310 7603121514.218098 6.072808 6.072808 11.900310 11.900310 1.000000
11.892459 11.892459 11.892459 11.892459 11.892459 11.892459 11.892459 11.892459 11.892459 14.827906 6.068959 6.068959 11.892459 11.892459 11.892459 19660915940463687084573458432.000000 7.513330 6.068959 11.892459 11.892459 1.000000
11.894289 11.894289 11.894289 11.894289 11.894289 11.894289 11.894289 11.894289 11.894289 11.894289 6.069856 7.514461 11.894289 11.894289 23.110097 8054367638498079400746024960.000000 6.069856 6.069856 11.894289 11.894289 1.000000
11.892459 11.892459 11.892459 11.892459 11.892459 11.892459 11.892459 11.892459 11.892459 14.827906 6.068959 6.068959 11.892459 11.892459 11.892459 19660915940463687084573458432.000000 7.513330 6.068959 11.892459 11.892459 1.000000
11.819758 11.819758 11.819758 11.819758 11.819758 11.819758 11.819758 11.819758 11.819758 11.819758 6.033323 6.033323 11.819758 2533669098.990330 11.819758 818672639574.020996 7.468369 6.033323 11.819758 11.819758 1.000000
11.816449 11.816449 11.816449 11.816449 11.816449 11.816449 11.816449 11.816449 11.816449 11.816449 6.031702 6.031702 11.816449 11.816449 215479.533016 141363750633391390720.000000 6.031702 6.031702 11.816449 11.816449 1.000000
11.898853 11.898853 11.898853 11.898853 11.898853 11.898853 11.898853 11.898853 11.898853 11.898853 7.517284 6.072093 11.898853 11.898853 11.898853 56640637178.229477 7.517284 6.072093 7784629897.763105 11.898853 1.000000
11.897097 11.897097 11.897097 11.897097 11.897097 11.897097 11.897097 11.897097 11.897097 11.897097 6.071233 6.071233 1305848743.804235 11.897097 214.882660 9501300110.454271 6.071233 6.071233 11.897097 11.897097 1.000000
11.892459 11.892459 11.892459 11.892459 11.892459 11.892459 11.892459 11.892459 11.892459 14.827906 6.068959 6.068959 11.892459 11.892459 11.892459 19660915940463687084573458432.000000 7.513330 6.068959 11.892459 11.892459 1.000000
11.889168 11.889168 11.889168 11.889168 11.889168 11.889168 11.889168 11.889168 11.889168 14.823781 6.067346 6.067346 11.889168 11.889168 11.889168 24569245728839763951418867712.000000 6.067346 6.067346 11.889168 11.889168 1.000000
11.892277 11.892277 11.892277 11.892277 11.892277 11.892277 11.892277 11.892277 11.892277 11.892277 6.068870 6.068870 11.892277 11.892277 23743489392.397514 9497395756.958941 6.068870 6.068870 11.892277 11.892277 1.000000
11.895749 11.895749 11.895749 11.895749 11.895749 11.895749 11.895749 11.895749 11.895749 14.832028 7.515364 7.515364 11.895749 11.895749 11.895749 15733144801880111351435624448.000000 6.070572 6.070572 11.895749 11.895749 1.000000
11.892459 11.892459 11.892459 11.892459 11.892459 11.892459 11.892459 11.892459 11.892459 14.827906 7.513330 6.068959 11.892459 11.892459 11.892459 19660915940463687084573458432.000000 6.068959 6.068959 11.892459 11.892459 1.000000
11.892277 11.892277 11.892277 11.892277 11.892277 11.892277 11.892277 11.892277 11.892277 11.892277 6.068870 6.068870 23743489392.397438 11.892277 11.892277 9497395756.958941 6.068870 6.068870 11.892277 11.892277 1.000000
11.901650 11.901650 11.901650 11.901650 11.901650 11.901650 11.901650 11.901650 11.901650 11.901650 6.073465 6.073465 11.901650 11.901650 11.901650 18385320.104727 6.073465 28449.904901 7786485937.260288 11.901650 1.000000
11.816449 11.816449 11.816449 11.816449 11.816449 11.816449 11.816449 11.816449 11.816449 11.816449 6.031702 6.031702 11.816449 11.816449 11.816449 1316552521958198083584.000000 6.031702 6.031702 70608.333391 11.816449 1.000000
11.900374 11.900374 11.900374 11.900374 11.900374 11.900374 11.900374 11.900374 11.900374 88896.287646 7.518225 6.072839 11.900374 11.900374 11.900374 2564929759149936128.000000 6.072839 6.072839 11.900374 171.956243 1.000000
11.892277 11.892277 11.892277 11.892277 11.892277 11.892277 11.892277 11.892277 11.892277 11.892277 6.068870 6.068870 11.892277 11.892277 11.892277 2050527764788364032.000000 6.068870 6.068870 1615898.153882 11.892277 1.000000
11.889168 11.889168 11.889168 11.889168 11.889168 11.889168 11.889168 11.889168 11.889168 14.823781 6.067346 6.067346 11.889168 11.889168 11.889168 24569245728839763951418867712.000000 6.067346 6.067346 11.889168 11.889168 1.000000
11.889168 11.889168 11.889168 11.889168 11.889168 11.889168 11.889168 11.889168 11.889168 14.823781 6.067346 6.067346 11.889168 11.889168 11.889168 24569245728839763951418867712.000000 6.067346 6.067346 11.889168 11.889168 1.000000
11.892459 11.892459 11.892459 11.892459 11.892459 11.892459 11.892459 11.892459 11.892459 14.827906 7.513330 6.068959 11.892459 11.892459 11.892459 19660915940463687084573458432.000000 6.068959 6.068959 11.892459 11.892459 1.000000
11.821316 11.821316 11.821316 11.821316 11.821316 11.821316 11.821316 11.821316 336827.428986 11.821316 6.034087 6.034087 11.821316 11.821316 11.821316 87067849.697128 6.034087 6.034087 11.821316 9573211.314745 1.000000
11.824620 11.824620 11.824620 11.824620 11.824620 11.824620 11.824620 11.824620 11.824620 138003.633388 6.035706 7.471376 11.824620 11.824620 11.824620 1033741355618127.000000 6.035706 6.035706 6069.464148 11.824620 1.000000
11.895565 11.895565 11.895565 11.895565 11.895565 11.895565 11.895565 11.895565 11.895565 11.895565 6.070481 6.070481 11.895565 11.895565 11.895565 9971908911358951238402048.000000 7.515250 6.070481 655.671476 11.895565 1.000000
11.892277 11.892277 11.892277 11.892277 11.892277 11.892277 11.892277 11.892277 11.892277 11.892277 6.068870 6.068870 11.892277 23743489392.397507 11.892277 9497395756.958973 6.068870 6.068870 11.892277 11.892277 1.000000
11.816449 11.816449 11.816449 11.816449 11.816449 11.816449 11.816449 11.816449 11.816449 11.816449 6.031702 6.031702 11.816449 11.816449 111400307.568189 528904583706108.500000 6.031702 6.031702 11.816449 11.816449 1.000000
11.897294 11.897294 11.897294 11.897294 11.897294 11.897294 11.897294 11.897294 11.897294 11.897294 6.071329 6.071329 14.833965 19002919354.417351 11.897294 7601167741.766958 6.071329 7.516320 11.897294 11.897294 1.000000
11.819758 11.819758 11.819758 11.819758 11.819758 11.819758 11.819758 11.819758 11.819758 11.819758 6.033323 6.033323 11.819758 11849.476997 11.819758 37429300169339872215040.000000 7.468369 6.033323 11.819758 11.819758 1.000000
11.892459 11.892459 11.892459 11.892459 11.892459 11.892459 11.892459 11.892459 11.892459 14.827906 6.068959 6.068959 11.892459 11.892459 11.892459 19660915940463687084573458432.000000 6.068959 7.513330 11.892459 11.892459 1.000000
11.892459 11.892459 11.892459 11.892459 11.892459 11.892459 11.892459 11.892459 11.892459 14.827906 6.068959 6.068959 11.892459 11.892459 11.892459 19660915940463687084573458432.000000 7.513330 6.068959 11.892459 11.892459 1.000000
11.889168 11.889168 11.889168 11.889168 11.889168 11.889168 11.889168 11.889168 11.889168 14.823781 6.067346 6.067346 11.889168 11.889168 11.889168 24569245728839763951418867712.000000 6.067346 6.067346 11.889168 11.889168 1.000000
11.816449 11.816449 11.816449 11.816449 11.816449 11.816449 11.816449 11.816449 11.816449 45629565.979930 6.031702 6.031702 11.816449 11.816449 11.816449 3152516983187833.000000 6.031702 6.031702 11.816449 11.816449 1.000000
11.889168 11.889168 11.889168 11.889168 11.889168 11.889168 11.889168 11.889168 11.889168 14.823781 6.067346 6.067346 11.889168 11.889168 11.889168 24569245728839763951418867712.000000 6.067346 6.067346 11.889168 11.889168 1.000000
11.892459 11.892459 11.892459 11.892459 11.892459 11.892459 11.892459 11.892459 11.892459 14.827906 6.068959 6.068959 11.892459 11.892459 11.892459 19660915940463687084573458432.000000 6.068959 7.513330 11.892459 11.892459 1.000000
11.892459 11.892459 11.892459 11.892459 11.892459 11.892459 11.892459 11.892459 11.892459 14.827906 6.068959 7.513330 11.892459 11.892459 11.892459 19660915940463687084573458432.000000 6.068959 6.068959 11.892459 11.892459 1.000000
11.889168 11.889168 11.889168 11.889168 11.889168 11.889168 11.889168 11.889168 11.889168 14.823781 6.067346 6.067346 11.889168 11.889168 11.889168 24569245728839763951418867712.000000 6.067346 6.067346 11.889168 11.889168 1.000000
11.892277 11.892277 11.892277 11.892277 11.892277 11.892277 11.892277 11.892277 11.892277 11.892277 6.068870 6.068870 11.892277 11.892277 9538.579201 58847260795228785737728.000000 6.068870 6.068870 11.892277 11.892277 1.000000
11.889168 11.889168 11.889168 11.889168 11.889168 11.889168 11.889168 11.889168 11.889168 14.823781 6.067346 6.067346 11.889168 11.889168 11.889168 24569245728839763951418867712.000000 6.067346 6.067346 11.889168 11.889168 1.000000
11.892277 11.892277 11.892277 11.892277 11.892277 11.892277 11.892277 11.892277 11.892277 11.892277 6.068870 6.068870 11.892277 11.892277 11.892277 7822142657425826816.000000 6.068870 6.068870 11.892277 827339.854788 1.000000
11.889168 11.889168 11.889168 11.889168 11.889168 11.889168 11.889168 11.889168 11.889168 14.823781 6.067346 6.067346 11.889168 11.889168 11.889168 24569245728839763951418867712.000000 6.067346 6.067346 11.889168 11.889168 1.000000
11.892277 11.892277 11.892277 11.892277 11.892277 11.892277 11.892277 11.892277 11.892277 11.892277 6.068870 6.068870 11.892277 11.892277 11.892277 88451390685.131638 6.068870 6.068870 7780266604.100780 11.892277 1.000000
11.892277 11.892277 11.892277 11.892277 11.892277 11.892277 11.892277 11.892277 11.892277 11.892277 6.068870 6.068870 11.892277 11.892277 11.892277 1656403137211084832768.000000 6.068870 6.068870 11.892277 56854.361920 1.000000
11.889168 11.889168 11.889168 11.889168 11.889168 11.889168 11.889168 11.889168 11.889168 14.823781 6.067346 6.067346 11.889168 11.889168 11.889168 24569245728839763951418867712.000000 6.067346 6.067346 11.889168 11.889168 1.000000
11.892277 11.892277 11.892277 11.892277 11.892277 11.892277 11.892277 11.892277 11.892277 2500.481657 6.068870 6.068870 11.892277 11.892277 11.892277 856340343097079585832960.000000 6.068870 6.068870 11.892277 11.892277 1.000000
11.901935 11.901935 11.901935 11.901935 11.901935 11.901935 11.901935 11.901935 11.901935 4887.775389 6.073604 6.073604 11.901935 335.888330 11.901935 109587709.757117 6.073604 6.073604 11.901935 18827025.178014 1.000000
11.889168 11.889168 11.889168 11.889168 11.889168 11.889168 11.889168 11.889168 11.889168 14.823781 6.067346 6.067346 11.889168 11.889168 11.889168 24569245728839763951418867712.000000 6.067346 6.067346 11.889168 11.889168 1.000000
11.889168 11.889168 11.889168 11.889168 11.889168 11.889168 11.889168 11.889168 11.889168 14.823781 6.067346 6.067346 11.889168 11.889168 11.889168 24569245728839763951418867712.000000 6.067346 6.067346 11.889168 11.889168 1.000000
11.889168 11.889168 11.889168 11.889168 11.889168 11.889168 11.889168 11.889168 11.889168 14.823781 6.067346 6.067346 11.889168 11.889168 11.889168 24569245728839763951418867712.000000 6.067346 6.067346 11.889168 11.889168 1.000000
11.816449 11.816449 11.816449 11.816449 11.816449 11.816449 11.816449 11.816449 7581.512191 11.816449 6.031702 6.031702 11.816449 11.816449 11.816449 114192728245654735814656.000000 6.031702 6.031702 11.816449 11.816449 1.000000
11.889168 11.889168 11.889168 11.889168 11.889168 11.889168 11.889168 11.889168 11.889168 14.823781 6.067346 6.067346 11.889168 11.889168 11.889168 24569245728839763951418867712.000000 6.067346 6.067346 11.889168 11.889168 1.000000
11.892277 11.892277 11.892277 11.892277 11.892277 11.892277 11.892277 11.892277 11.892277 11.892277 6.068870 6.068870 11.892277 23743489392.397507 11.892277 9497395756.958973 6.068870 6.068870 11.892277 11.892277 1.000000
11.889168 11.889168 11.889168 11.889168 11.889168 11.889168 11.889168 11.889168 11.889168 14.823781 6.067346 6.067346 11.889168 11.889168 11.889168 24569245728839763951418867712.000000 6.067346 6.067346 11.889168 11.889168 1.000000
11.892268 11.892268 11.892268 11.892268 11.892268 11.892268 11.892268 11.892268 11.892268 11.892268 6.068865 6.068865 11.892268 268.490641 11.892268 74275625607531600757653504.000000 6.068865 6.068865 11.892268 11.892268 1.000000
11.892277 11.892277 11.892277 11.892277 11.892277 11.892277 11.892277 11.892277 11.892277 11.892277 6.068870 6.068870 11.892277 23743489392.397507 11.892277 9497395756.958973 6.068870 6.068870 11.892277 11.892277 1.000000
11.889168 11.889168 11.889168 11.889168 11.889168 11.889168 11.889168 11.889168 11.889168 14.823781 6.067346 6.067346 11.889168 11.889168 11.889168 24569245728839763951418867712.000000 6.067346 6.067346 11.889168 11.889168 1.000000
11.889168 11.889168 11.889168 11.889168 11.889168 11.889168 11.889168 11.889168 11.889168 14.823781 6.067346 6.067346 11.889168 11.889168 11.889168 24569245728839763951418867712.000000 6.067346 6.067346 11.889168 11.889168 1.000000
11.816449 11.816449 11.816449 11.816449 11.816449 11.816449 11.816449 11.816449 11.816449 11.816449 6.031702 6.031702 11.816449 215479.533016 11.816449 141363750633392422912.000000 6.031702 6.031702 11.816449 11.816449 1.000000
11.816449 11.816449 11.816449 11.816449 11.816449 11.816449 11.816449 11.816449 9569213.555394 11.816449 6.031702 6.031702 11.816449 11.816449 11.816449 71679937336462824.000000 6.031702 6.031702 11.816449 11.816449 1.000000
11.889168 11.889168 11.889168 11.889168 11.889168 11.889168 11.889168 11.889168 11.889168 14.823781 6.067346 6.067346 11.889168 11.889168 11.889168 24569245728839763951418867712.000000 6.067346 6.067346 11.889168 11.889168 1.000000
11.816449 11.816449 11.816449 11.816449 11.816449 11.816449 11.816449 11.816449 11.816449 526073.078643 6.031702 6.031702 11.816449 11.816449 11.816449 23716901789490225152.000000 6.031702 6.031702 11.816449 11.816449 1.000000
11.889168 11.889168 11.889168 11.889168 11.889168 11.889168 11.889168 11.889168 11.889168 14.823781 6.067346 6.067346 11.889168 11.889168 11.889168 24569245728839763951418867712.000000 6.067346 6.067346 11.889168 11.889168 1.000000
11.889168 11.889168 11.889168 11.889168 11.889168 11.889168 11.889168 11.889168 11.889168 14.823781 6.067346 6.067346 11.889168 11.889168 11.889168 24569245728839763951418867712.000000 6.067346 6.067346 11.889168 11.889168 1.000000
11.892277 11.892277 11.892277 11.892277 11.892277 11.892277 11.892277 11.892277 11.892277 11.892277 6.068870 6.068870 11.892277 11.892277 4931329.815312 220173742232655264.000000 6.068870 6.068870 11.892277 11.892277 1.000000
11.889168 11.889168 11.889168 11.889168 11.889168 11.889168 11.889168 11.889168 11.889168 14.823781 6.067346 6.067346 11.889168 11.889168 11.889168 24569245728839763951418867712.000000 6.067346 6.067346 11.889168 11.889168 1.000000
11.889168 11.889168 11.889168 11.889168 11.889168 11.889168 11.889168 11.889168 11.889168 14.823781 6.067346 6.067346 11.889168 11.889168 11.889168 24569245728839763951418867712.000000 6.067346 6.067346 11.889168 11.889168 1.000000
11.889168 11.889168 11.889168 11.889168 11.889168 11.889168 11.889168 11.889168 11.889168 14.823781 6.067346 6.067346 11.889168 11.889168 11.889168 24569245728839763951418867712.000000 6.067346 6.067346 11.889168 11.889168 1.000000
11.897112 11.897112 11.897112 11.897112 11.897112 11.897112 11.897112 11.897112 11.897112 3946690.623219 6.071240 6.071240 11.897112 11.897112 11.897112 109542670.024244 6.071240 6.071240 662144.810711 11.897112 1.000000
11.889168 11.889168 11.889168 11.889168 11.889168 11.889168 11.889168 11.889168 11.889168 14.823781 6.067346 6.067346 11.889168 11.889168 11.889168 24569245728839763951418867712.000000 6.067346 6.067346 11.889168 11.889168 1.000000
11.889168 11.889168 11.889168 11.889168 11.889168 11.889168 11.889168 11.889168 11.889168 14.823781 6.067346 6.067346 11.889168 11.889168 11.889168 24569245728839763951418867712.000000 6.067346 6.067346 11.889168 11.889168 1.000000
11.816449 11.816449 11.816449 11.816449 11.816449 11.816449 11.816449 11.816449 11.816449 11.816449 6.031702 6.031702 657591.348303 11.816449 11.816449 15178817145274851328.000000 6.031702 6.031702 11.816449 11.816449 1.000000
11.892277 11.892277 11.892277 11.892277 11.892277 11.892277 11.892277 11.892277 11.892277 221128476712.828369 6.068870 6.068870 11.892277 11.892277 11.892277 109497518.059598 6.068870 6.068870 11.892277 11.892277 1.000000
11.889168 11.889168 11.889168 11.889168 11.889168 11.889168 11.889168 11.889168 11.889168 14.823781 6.067346 6.067346 11.889168 11.889168 11.889168 24569245728839763951418867712.000000 6.067346 6.067346 11.889168 11.889168 1.000000
11.889168 11.889168 11.889168 11.889168 11.889168 11.889168 11.889168 11.889168 11.889168 14.823781 6.067346 6.067346 11.889168 11.889168 11.889168 24569245728839763951418867712.000000 6.067346 6.067346 11.889168 11.889168 1.000000
11.816449 11.816449 11.816449 11.816449 11.816449 11.816449 11.816449 11.816449 11.816449 11.816449 6.031702 6.031702 11.816449 9569213.555394 11.816449 71679937336462824.000000 6.031702 6.031702 11.816449 11.816449 1.000000
11.889168 11.889168 11.889168 11.889168 11.889168 11.889168 11.889168 11.889168 11.889168 14.823781 6.067346 6.067346 11.889168 11.889168 11.889168 24569245728839763951418867712.000000 6.067346 6.067346 11.889168 11.889168 1.000000
11.889168 11.889168 11.889168 11.889168 11.889168 11.889168 11.889168 11.889168 11.889168 14.823781 6.067346 6.067346 11.889168 11.889168 11.889168 24569245728839763951418867712.000000 6.067346 6.067346 11.889168 11.889168 1.000000
11.889168 11.889168 11.889168 11.889168 11.889168 11.889168 11.889168 11.889168 11.889168 14.823781 6.067346 6.067346 11.889168 11.889168 11.889168 24569245728839763951418867712.000000 6.067346 6.067346 11.889168 11.889168 1.000000
11.889168 11.889168 11.889168 11.889168 11.889168 11.889168 11.889168 11.889168 11.889168 14.823781 6.067346 6.067346 11.889168 11.889168 11.889168 24569245728839763951418867712.000000 6.067346 6.067346 11.889168 11.889168 1.000000
11.889168 11.889168 11.889168 11.889168 11.889168 11.889168 11.889168 11.889168 11.889168 14.823781 6.067346 6.067346 11.889168 11.889168 11.889168 24569245728839763951418867712.000000 6.067346 6.067346 11.889168 11.889168 1.000000
11.889168 11.889168 11.889168 11.889168 11.889168 11.889168 11.889168 11.889168 11.889168 14.823781 6.067346 6.067346 11.889168 11.889168 11.889168 24569245728839763951418867712.000000 6.067346 6.067346 11.889168 11.889168 1.000000
11.889168 11.889168 11.889168 11.889168 11.889168 11.889168 11.889168 11.889168 11.889168 14.823781 6.067346 6.067346 11.889168 11.889168 11.889168 24569245728839763951418867712.000000 6.067346 6.067346 11.889168 11.889168 1.000000
11.892459 11.892459 11.892459 11.892459 11.892459 11.892459 11.892459 11.892459 11.892459 14.827906 7.513330 6.068959 11.892459 11.892459 11.892459 19660915940463687084573458432.000000 6.068959 6.068959 11.892459 11.892459 1.000000
11.892277 11.892277 11.892277 11.892277 11.892277 11.892277 11.892277 11.892277 11.892277 11.892277 6.068870 6.068870 11.892277 11.892277 11.892277 215945778039.872162 6.068870 6.068870 11.892277 4979370626.624496 1.000000
11.889168 11.889168 11.889168 11.889168 11.889168 11.889168 11.889168 11.889168 11.889168 14.823781 6.067346 6.067346 11.889168 11.889168 11.889168 24569245728839763951418867712.000000 6.067346 6.067346 11.889168 11.889168 1.000000
11.892277 11.892277 11.892277 11.892277 11.892277 11.892277 11.892277 11.892277 11.892277 11.892277 6.068870 6.068870 11.892277 2500.481657 11.892277 856340343097079585832960.000000 6.068870 6.068870 11.892277 11.892277 1.000000
11.889168 11.889168 11.889168 11.889168 11.889168 11.889168 11.889168 11.889168 11.889168 14.823781 6.067346 6.067346 11.889168 11.889168 11.889168 24569245728839763951418867712.000000 6.067346 6.067346 11.889168 11.889168 1.000000
11.889168 11.889168 11.889168 11.889168 11.889168 11.889168 11.889168 11.889168 11.889168 14.823781 6.067346 6.067346 11.889168 11.889168 11.889168 24569245728839763951418867712.000000 6.067346 6.067346 11.889168 11.889168 1.000000
11.889168 11.889168 11.889168 11.889168 11.889168 11.889168 11.889168 11.889168 11.889168 14.823781 6.067346 6.067346 11.889168 11.889168 11.889168 24569245728839763951418867712.000000 6.067346 6.067346 11.889168 11.889168 1.000000
11.889168 11.889168 11.889168 11.889168 11.889168 11.889168 11.889168 11.889168 11.889168 14.823781 6.067346 6.067346 11.889168 11.889168 11.889168 24569245728839763951418867712.000000 6.067346 6.067346 11.889168 11.889168 1.000000
11.889168 11.889168 11.889168 11.889168 11.889168 11.889168 11.889168 11.889168 11.889168 14.823781 6.067346 6.067346 11.889168 11.889168 11.889168 24569245728839763951418867712.000000 6.067346 6.067346 11.889168 11.889168 1.000000
11.889168 11.889168 11.889168 11.889168 11.889168 11.889168 11.889168 11.889168 11.889168 14.823781 6.067346 6.067346 11.889168 11.889168 11.889168 24569245728839763951418867712.000000 6.067346 6.067346 11.889168 11.889168 1.000000
11.889168 11.889168 11.889168 11.889168 11.889168 11.889168 11.889168 11.889168 11.889168 14.823781 6.067346 6.067346 11.889168 11.889168 11.889168 24569245728839763951418867712.000000 6.067346 6.067346 11.889168 11.889168 1.000000
11.889168 11.889168 11.889168 11.889168 11.889168 11.889168 11.889168 11.889168 11.889168 14.823781 6.067346 6.067346 11.889168 11.889168 11.889168 24569245728839763951418867712.000000 6.067346 6.067346 11.889168 11.889168 1.000000
11.892277 11.892277 11.892277 11.892277 11.892277 11.892277 11.892277 11.892277 11.892277 11.892277 6.068870 6.068870 11.892277 11.892277 11.892277 88451390685.131332 6.068870 6.068870 7780266604.100780 11.892277 1.000000
11.889168 11.889168 11.889168 11.889168 11.889168 11.889168 11.889168 11.889168 11.889168 14.823781 6.067346 6.067346 11.889168 11.889168 11.889168 24569245728839763951418867712.000000 6.067346 6.067346 11.889168 11.889168 1.000000
11.889168 11.889168 11.889168 11.889168 11.889168 11.889168 11.889168 11.889168 11.889168 14.823781 6.067346 6.067346 11.889168 11.889168 11.889168 24569245728839763951418867712.000000 6.067346 6.067346 11.889168 11.889168 1.000000
11.892459 11.892459 11.892459 11.892459 11.892459 11.892459 11.892459 11.892459 11.892459 14.827906 6.068959 7.513330 11.892459 11.892459 11.892459 19660915940463687084573458432.000000 6.068959 6.068959 11.892459 11.892459 1.000000
11.819734 11.819734 11.819734 11.819734 11.819734 11.819734 11.819734 11.819734 11.819734 11.819734 6.033312 6.033312 170.774475 11.819734 11.819734 180215165851753527052861440.000000 6.033312 7.468355 11.819734 11.819734 1.000000
11.889168 11.889168 11.889168 11.889168 11.889168 11.889168 11.889168 11.889168 11.889168 14.823781 6.067346 6.067346 11.889168 11.889168 11.889168 24569245728839763951418867712.000000 6.067346 6.067346 11.889168 11.889168 1.000000
11.889168 11.889168 11.889168 11.889168 11.889168 11.889168 11.889168 11.889168 11.889168 14.823781 6.067346 6.067346 11.889168 11.889168 11.889168 24569245728839763951418867712.000000 6.067346 6.067346 11.889168 11.889168 1.000000
11.889168 11.889168 11.889168 11.889168 11.889168 11.889168 11.889168 11.889168 11.889168 14.823781 6.067346 6.067346 11.889168 11.889168 11.889168 24569245728839763951418867712.000000 6.067346 6.067346 11.889168 11.889168 1.000000
11.889168 11.889168 11.889168 11.889168 11.889168 11.889168 11.889168 11.889168 11.889168 14.823781 6.067346 6.067346 11.889168 11.889168 11.889168 24569245728839763951418867712.000000 6.067346 6.067346 11.889168 11.889168 1.000000
11.892277 11.892277 11.892277 11.892277 11.892277 11.892277 11.892277 11.892277 36386.791644 11.892277 6.068870 6.068870 11.892277 11.892277 11.892277 4043952971601913315328.000000 6.068870 6.068870 11.892277 11.892277 1.000000
11.889168 11.889168 11.889168 11.889168 11.889168 11.889168 11.889168 11.889168 11.889168 14.823781 6.067346 6.067346 11.889168 11.889168 11.889168 24569245728839763951418867712.000000 6.067346 6.067346 11.889168 11.889168 1.000000
11.889168 11.889168 11.889168 11.889168 11.889168 11.889168 11.889168 11.889168 11.889168 14.823781 6.067346 6.067346 11.889168 11.889168 11.889168 24569245728839763951418867712.000000 6.067346 6.067346 11.889168 11.889168 1.000000
11.889168 11.889168 11.889168 11.889168 11.889168 11.889168 11.889168 11.889168 11.889168 14.823781 6.067346 6.067346 11.889168 11.889168 11.889168 24569245728839763951418867712.000000 6.067346 6.067346 11.889168 11.889168 1.000000
11.889168 11.889168 11.889168 11.889168 11.889168 11.889168 11.889168 11.889168 11.889168 14.823781 6.067346 6.067346 11.889168 11.889168 11.889168 24569245728839763951418867712.000000 6.067346 6.067346 11.889168 11.889168 1.000000
11.889168 11.889168 11.889168 11.889168 11.889168 11.889168 11.889168 11.889168 11.889168 14.823781 6.067346 6.067346 11.889168 11.889168 11.889168 24569245728839763951418867712.000000 6.067346 6.067346 11.889168 11.889168 1.000000
11.889168 11.889168 11.889168 11.889168 11.889168 11.889168 11.889168 11.889168 11.889168 14.823781 6.067346 6.067346 11.889168 11.889168 11.889168 24569245728839763951418867712.000000 6.067346 6.067346 11.889168 11.889168 1.000000
11.889168 11.889168 11.889168 11.889168 11.889168 11.889168 11.889168 11.889168 11.889168 14.823781 6.067346 6.067346 11.889168 11.889168 11.889168 24569245728839763951418867712.000000 6.067346 6.067346 11.889168 11.889168 1.000000
11.889168 11.889168 11.889168 11.889168 11.889168 11.889168 11.889168 11.889168 11.889168 14.823781 6.067346 6.067346 11.889168 11.889168 11.889168 24569245728839763951418867712.000000 6.067346 6.067346 11.889168 11.889168 1.000000
11.889168 11.889168 11.889168 11.889168 11.889168 11.889168 11.889168 11.889168 11.889168 14.823781 6.067346 6.067346 11.889168 11.889168 11.889168 24569245728839763951418867712.000000 6.067346 6.067346 11.889168 11.889168 1.000000
11.889168 11.889168 11.889168 11.889168 11.889168 11.889168 11.889168 11.889168 11.889168 14.823781 6.067346 6.067346 11.889168 11.889168 11.889168 24569245728839763951418867712.000000 6.067346 6.067346 11.889168 11.889168 1.000000
11.889168 11.889168 11.889168 11.889168 11.889168 11.889168 11.889168 11.889168 11.889168 14.823781 6.067346 6.067346 11.889168 11.889168 11.889168 24569245728839763951418867712.000000 6.067346 6.067346 11.889168 11.889168 1.000000
11.889168 11.889168 11.889168 11.889168 11.889168 11.889168 11.889168 11.889168 11.889168 14.823781 6.067346 6.067346 11.889168 11.889168 11.889168 24569245728839763951418867712.000000 6.067346 6.067346 11.889168 11.889168 1.000000
11.889168 11.889168 11.889168 11.889168 11.889168 11.889168 11.889168 11.889168 11.889168 14.823781 6.067346 6.067346 11.889168 11.889168 11.889168 24569245728839763951418867712.000000 6.067346 6.067346 11.889168 11.889168 1.000000
11.889168 11.889168 11.889168 11.889168 11.889168 11.889168 11.889168 11.889168 11.889168 14.823781 6.067346 6.067346 11.889168 11.889168 11.889168 24569245728839763951418867712.000000 6.067346 6.067346 11.889168 11.889168 1.000000
11.889168 11.889168 11.889168 11.889168 11.889168 11.889168 11.889168 11.889168 11.889168 14.823781 6.067346 6.067346 11.889168 11.889168 11.889168 24569245728839763951418867712.000000 6.067346 6.067346 11.889168 11.889168 1.000000
11.889168 11.889168 11.889168 11.889168 11.889168 11.889168 11.889168 11.889168 11.889168 14.823781 6.067346 6.067346 11.889168 11.889168 11.889168 24569245728839763951418867712.000000 6.067346 6.067346 11.889168 11.889168 1.000000
11.889168 11.889168 11.889168 11.889168 11.889168 11.889168 11.889168 11.889168 11.889168 14.823781 6.067346 6.067346 11.889168 11.889168 11.889168 24569245728839763951418867712.000000 6.067346 6.067346 11.889168 11.889168 1.000000
11.889168 11.889168 11.889168 11.889168 11.889168 11.889168 11.889168 11.889168 11.889168 14.823781 6.067346 6.067346 11.889168 11.889168 11.889168 24569245728839763951418867712.000000 6.067346 6.067346 11.889168 11.889168 1.000000
11.889168 11.889168 11.889168 11.889168 11.889168 11.889168 11.889168 11.889168 11.889168 14.823781 6.067346 6.067346 11.889168 11.889168 11.889168 24569245728839763951418867712.000000 6.067346 6.067346 11.889168 11.889168 1.000000
11.889168 11.889168 11.889168 11.889168 11.889168 11.889168 11.889168 11.889168 11.889168 14.823781 6.067346 6.067346 11.889168 11.889168 11.889168 24569245728839763951418867712.000000 6.067346 6.067346 11.889168 11.889168 1.000000
11.889168 11.889168 11.889168 11.889168 11.889168 11.889168 11.889168 11.889168 11.889168 14.823781 6.067346 6.067346 11.889168 11.889168 11.889168 24569245728839763951418867712.000000 6.067346 6.067346 11.889168 11.889168 1.000000
11.889168 11.889168 11.889168 11.889168 11.889168 11.889168 11.889168 11.889168 11.889168 14.823781 6.067346 6.067346 11.889168 11.889168 11.889168 24569245728839763951418867712.000000 6.067346 6.067346 11.889168 11.889168 1.000000
11.889168 11.889168 11.889168 11.889168 11.889168 11.889168 11.889168 11.889168 11.889168 14.823781 6.067346 6.067346 11.889168 11.889168 11.889168 24569245728839763951418867712.000000 6.067346 6.067346 11.889168 11.889168 1.000000
11.889168 11.889168 11.889168 11.889168 11.889168 11.889168 11.889168 11.889168 11.889168 14.823781 6.067346 6.067346 11.889168 11.889168 11.889168 24569245728839763951418867712.000000 6.067346 6.067346 11.889168 11.889168 1.000000
11.889168 11.889168 11.889168 11.889168 11.889168 11.889168 11.889168 11.889168 11.889168 14.823781 6.067346 6.067346 11.889168 11.889168 11.889168 24569245728839763951418867712.000000 6.067346 6.067346 11.889168 11.889168 1.000000
11.889168 11.889168 11.889168 11.889168 11.889168 11.889168 11.889168 11.889168 11.889168 14.823781 6.067346 6.067346 11.889168 11.889168 11.889168 24569245728839763951418867712.000000 6.067346 6.067346 11.889168 11.889168 1.000000
11.889168 11.889168 11.889168 11.889168 11.889168 11.889168 11.889168 11.889168 11.889168 14.823781 6.067346 6.067346 11.889168 11.889168 11.889168 24569245728839763951418867712.000000 6.067346 6.067346 11.889168 11.889168 1.000000
11.889168 11.889168 11.889168 11.889168 11.889168 11.889168 11.889168 11.889168 11.889168 14.823781 6.067346 6.067346 11.889168 11.889168 11.889168 24569245728839763951418867712.000000 6.067346 6.067346 11.889168 11.889168 1.000000
11.892277 11.892277 11.892277 11.892277 11.892277 11.892277 11.892277 11.892277 11.892277 11.892277 6.068870 6.068870 23743489392.397480 11.892277 11.892277 9497395756.958973 6.068870 6.068870 11.892277 11.892277 1.000000
11.816449 11.816449 11.816449 11.816449 11.816449 11.816449 11.816449 11.816449 11.816449 11.816449 6.031702 6.031702 11.816449 11.816449 11.816449 19158360690199491510272.000000 6.031702 6.031702 18509.550996 11.816449 1.000000
11.889168 11.889168 11.889168 11.889168 11.889168 11.889168 11.889168 11.889168 11.889168 14.823781 6.067346 6.067346 11.889168 11.889168 11.889168 24569245728839763951418867712.000000 6.067346 6.067346 11.889168 11.889168 1.000000
11.889168 11.889168 11.889168 11.889168 11.889168 11.889168 11.889168 11.889168 11.889168 14.823781 6.067346 6.067346 11.889168 11.889168 11.889168 24569245728839763951418867712.000000 6.067346 6.067346 11.889168 11.889168 1.000000
11.889168 11.889168 11.889168 11.889168 11.889168 11.889168 11.889168 11.889168 11.889168 14.823781 6.067346 6.067346 11.889168 11.889168 11.889168 24569245728839763951418867712.000000 6.067346 6.067346 11.889168 11.889168 1.000000
11.889168 11.889168 11.889168 11.889168 11.889168 11.889168 11.889168 11.889168 11.889168 14.823781 6.067346 6.067346 11.889168 11.889168 11.889168 24569245728839763951418867712.000000 6.067346 6.067346 11.889168 11.889168 1.000000
11.889168 11.889168 11.889168 11.889168 11.889168 11.889168 11.889168 11.889168 11.889168 14.823781 6.067346 6.067346 11.889168 11.889168 11.889168 24569245728839763951418867712.000000 6.067346 6.067346 11.889168 11.889168 1.000000
11.889168 11.889168 11.889168 11.889168 11.889168 11.889168 11.889168 11.889168 11.889168 14.823781 6.067346 6.067346 11.889168 11.889168 11.889168 24569245728839763951418867712.000000 6.067346 6.067346 11.889168 11.889168 1.000000
11.889168 11.889168 11.889168 11.889168 11.889168 11.889168 11.889168 11.889168 11.889168 14.823781 6.067346 6.067346 11.889168 11.889168 11.889168 24569245728839763951418867712.000000 6.067346 6.067346 11.889168 11.889168 1.000000
11.889168 11.889168 11.889168 11.889168 11.889168 11.889168 11.889168 11.889168 11.889168 14.823781 6.067346 6.067346 11.889168 11.889168 11.889168 24569245728839763951418867712.000000 6.067346 6.067346 11.889168 11.889168 1.000000
11.889168 11.889168 11.889168 11.889168 11.889168 11.889168 11.889168 11.889168 11.889168 14.823781 6.067346 6.067346 11.889168 11.889168 11.889168 24569245728839763951418867712.000000 6.067346 6.067346 11.889168 11.889168 1.000000
11.889168 11.889168 11.889168 11.889168 11.889168 11.889168 11.889168 11.889168 11.889168 14.823781 6.067346 6.067346 11.889168 11.889168 11.889168 24569245728839763951418867712.000000 6.067346 6.067346 11.889168 11.889168 1.000000
11.889168 11.889168 11.889168 11.889168 11.889168 11.889168 11.889168 11.889168 11.889168 14.823781 6.067346 6.067346 11.889168 11.889168 11.889168 24569245728839763951418867712.000000 6.067346 6.067346 11.889168 11.889168 1.000000
11.889168 11.889168 11.889168 11.889168 11.889168 11.889168 11.889168 11.889168 11.889168 14.823781 6.067346 6.067346 11.889168 11.889168 11.889168 24569245728839763951418867712.000000 6.067346 6.067346 11.889168 11.889168 1.000000
11.889168 11.889168 11.889168 11.889168 11.889168 11.889168 11.889168 11.889168 11.889168 14.823781 6.067346 6.067346 11.889168 11.889168 11.889168 24569245728839763951418867712.000000 6.067346 6.067346 11.889168 11.889168 1.000000
11.889168 11.889168 11.889168 11.889168 11.889168 11.889168 11.889168 11.889168 11.889168 14.823781 6.067346 6.067346 11.889168 11.889168 11.889168 24569245728839763951418867712.000000 6.067346 6.067346 11.889168 11.889168 1.000000
11.889168 11.889168 11.889168 11.889168 11.889168 11.889168 11.889168 11.889168 11.889168 14.823781 6.067346 6.067346 11.889168 11.889168 11.889168 24569245728839763951418867712.000000 6.067346 6.067346 11.889168 11.889168 1.000000
11.892277 11.892277 11.892277 11.892277 11.892277 11.892277 11.892277 11.892277 11.892277 11.892277 6.068870 6.068870 11.892277 11.892277 23743489392.397598 9497395756.958906 6.068870 6.068870 11.892277 11.892277 1.000000
11.889168 11.889168 11.889168 11.889168 11.889168 11.889168 11.889168 11.889168 11.889168 14.823781 6.067346 6.067346 11.889168 11.889168 11.889168 24569245728839763951418867712.000000 6.067346 6.067346 11.889168 11.889168 1.000000
11.889168 11.889168 11.889168 11.889168 11.889168 11.889168 11.889168 11.889168 11.889168 14.823781 6.067346 6.067346 11.889168 11.889168 11.889168 24569245728839763951418867712.000000 6.067346 6.067346 11.889168 11.889168 1.000000
11.889168 11.889168 11.889168 11.889168 11.889168 11.889168 11.889168 11.889168 11.889168 14.823781 6.067346 6.067346 11.889168 11.889168 11.889168 24569245728839763951418867712.000000 6.067346 6.067346 11.889168 11.889168 1.000000
11.889168 11.889168 11.889168 11.889168 11.889168 11.889168 11.889168 11.889168 11.889168 14.823781 6.067346 6.067346 11.889168 11.889168 11.889168 24569245728839763951418867712.000000 6.067346 6.067346 11.889168 11.889168 1.000000
11.889168 11.889168 11.889168 11.889168 11.889168 11.889168 11.889168 11.889168 11.889168 14.823781 6.067346 6.067346 11.889168 11.889168 11.889168 24569245728839763951418867712.000000 6.067346 6.067346 11.889168 11.889168 1.000000
11.889168 11.889168 11.889168 11.889168 11.889168 11.889168 11.889168 11.889168 11.889168 14.823781 6.067346 6.067346 11.889168 11.889168 11.889168 24569245728839763951418867712.000000 6.067346 6.067346 11.889168 11.889168 1.000000
11.889168 11.889168 11.889168 11.889168 11.889168 11.889168 11.889168 11.889168 11.889168 14.823781 6.067346 6.067346 11.889168 11.889168 11.889168 24569245728839763951418867712.000000 6.067346 6.067346 11.889168 11.889168 1.000000
11.889168 11.889168 11.889168 11.889168 11.889168 11.889168 11.889168 11.889168 11.889168 14.823781 6.067346 6.067346 11.889168 11.889168 11.889168 24569245728839763951418867712.000000 6.067346 6.067346 11.889168 11.889168 1.000000
11.889168 11.889168 11.889168 11.889168 11.889168 11.889168 11.889168 11.889168 11.889168 14.823781 6.067346 6.067346 11.889168 11.889168 11.889168 24569245728839763951418867712.000000 6.067346 6.067346 11.889168 11.889168 1.000000
11.889168 11.889168 11.889168 11.889168 11.889168 11.889168 11.889168 11.889168 11.889168 14.823781 6.067346 6.067346 11.889168 11.889168 11.889168 24569245728839763951418867712.000000 6.067346 6.067346 11.889168 11.889168 1.000000
11.889168 11.889168 11.889168 11.889168 11.889168 11.889168 11.889168 11.889168 11.889168 14.823781 6.067346 6.067346 11.889168 11.889168 11.889168 24569245728839763951418867712.000000 6.067346 6.067346 11.889168 11.889168 1.000000
11.889168 11.889168 11.889168 11.889168 11.889168 11.889168 11.889168 11.889168 11.889168 14.823781 6.067346 6.067346 11.889168 11.889168 11.889168 24569245728839763951418867712.000000 6.067346 6.067346 11.889168 11.889168 1.000000
11.889168 11.889168 11.889168 11.889168 11.889168 11.889168 11.889168 11.889168 11.889168 14.823781 6.067346 6.067346 11.889168 11.889168 11.889168 24569245728839763951418867712.000000 6.067346 6.067346 11.889168 11.889168 1.000000
11.889168 11.889168 11.889168 11.889168 11.889168 11.889168 11.889168 11.889168 11.889168 14.823781 6.067346 6.067346 11.889168 11.889168 11.889168 24569245728839763951418867712.000000 6.067346 6.067346 11.889168 11.889168 1.000000
11.889168 11.889168 11.889168 11.889168 11.889168 11.889168 11.889168 11.889168 11.889168 14.823781 6.067346 6.067346 11.889168 11.889168 11.889168 24569245728839763951418867712.000000 6.067346 6.067346 11.889168 11.889168 1.000000
11.889168 11.889168 11.889168 11.889168 11.889168 11.889168 11.889168 11.889168 11.889168 14.823781 6.067346 6.067346 11.889168 11.889168 11.889168 24569245728839763951418867712.000000 6.067346 6.067346 11.889168 11.889168 1.000000
11.889168 11.889168 11.889168 11.889168 11.889168 11.889168 11.889168 11.889168 11.889168 14.823781 6.067346 6.067346 11.889168 11.889168 11.889168 24569245728839763951418867712.000000 6.067346 6.067346 11.889168 11.889168 1.000000
11.889168 11.889168 11.889168 11.889168 11.889168 11.889168 11.889168 11.889168 11.889168 14.823781 6.067346 6.067346 11.889168 11.889168 11.889168 24569245728839763951418867712.000000 6.067346 6.067346 11.889168 11.889168 1.000000
11.889168 11.889168 11.889168 11.889168 11.889168 11.889168 11.889168 11.889168 11.889168 14.823781 6.067346 6.067346 11.889168 11.889168 11.889168 24569245728839763951418867712.000000 6.067346 6.067346 11.889168 11.889168 1.000000
11.889168 11.889168 11.889168 11.889168 11.889168 11.889168 11.889168 11.889168 11.889168 14.823781 6.067346 6.067346 11.889168 11.889168 11.889168 24569245728839763951418867712.000000 6.067346 6.067346 11.889168 11.889168 1.000000
11.889168 11.889168 11.889168 11.889168 11.889168 11.889168 11.889168 11.889168 11.889168 14.823781 6.067346 6.067346 11.889168 11.889168 11.889168 24569245728839763951418867712.000000 6.067346 6.067346 11.889168 11.889168 1.000000
11.889168 11.889168 11.889168 11.889168 11.889168 11.889168 11.889168 11.889168 11.889168 14.823781 6.067346 6.067346 11.889168 11.889168 11.889168 24569245728839763951418867712.000000 6.067346 6.067346 11.889168 11.889168 1.000000
11.889168 11.889168 11.889168 11.889168 11.889168 11.889168 11.889168 11.889168 11.889168 14.823781 6.067346 6.067346 11.889168 11.889168 11.889168 24569245728839763951418867712.000000 6.067346 6.067346 11.889168 11.889168 1.000000
11.889168 11.889168 11.889168 11.889168 11.889168 11.889168 11.889168 11.889168 11.889168 14.823781 6.067346 6.067346 11.889168 11.889168 11.889168 24569245728839763951418867712.000000 6.067346 6.067346 11.889168 11.889168 1.000000
11.889168 11.889168 11.889168 11.889168 11.889168 11.889168 11.889168 11.889168 11.889168 14.823781 6.067346 6.067346 11.889168 11.889168 11.889168 24569245728839763951418867712.000000 6.067346 6.067346 11.889168 11.889168 1.000000
11.889168 11.889168 11.889168 11.889168 11.889168 11.889168 11.889168 11.889168 11.889168 14.823781 6.067346 6.067346 11.889168 11.889168 11.889168 24569245728839763951418867712.000000 6.067346 6.067346 11.889168 11.889168 1.000000
11.889168 11.889168 11.889168 11.889168 11.889168 11.889168 11.889168 11.889168 11.889168 14.823781 6.067346 6.067346 11.889168 11.889168 11.889168 24569245728839763951418867712.000000 6.067346 6.067346 11.889168 11.889168 1.000000
11.889168 11.889168 11.889168 11.889168 11.889168 11.889168 11.889168 11.889168 11.889168 14.823781 6.067346 6.067346 11.889168 11.889168 11.889168 24569245728839763951418867712.000000 6.067346 6.067346 11.889168 11.889168 1.000000
11.889168 11.889168 11.889168 11.889168 11.889168 11.889168 11.889168 11.889168 11.889168 14.823781 6.067346 6.067346 11.889168 11.889168 11.889168 24569245728839763951418867712.000000 6.067346 6.067346 11.889168 11.889168 1.000000
11.889168 11.889168 11.889168 11.889168 11.889168 11.889168 11.889168 11.889168 11.889168 14.823781 6.067346 6.067346 11.889168 11.889168 11.889168 24569245728839763951418867712.000000 6.067346 6.067346 11.889168 11.889168 1.000000
11.889168 11.889168 11.889168 11.889168 11.889168 11.889168 11.889168 11.889168 11.889168 14.823781 6.067346 6.067346 11.889168 11.889168 11.889168 24569245728839763951418867712.000000 6.067346 6.067346 11.889168 11.889168 1.000000
11.889168 11.889168 11.889168 11.889168 11.889168 11.889168 11.889168 11.889168 11.889168 14.823781 6.067346 6.067346 11.889168 11.889168 11.889168 24569245728839763951418867712.000000 6.067346 6.067346 11.889168 11.889168 1.000000
11.889168 11.889168 11.889168 11.889168 11.889168 11.889168 11.889168 11.889168 11.889168 14.823781 6.067346 6.067346 11.889168 11.889168 11.889168 24569245728839763951418867712.000000 6.067346 6.067346 11.889168 11.889168 1.000000
11.889168 11.889168 11.889168 11.889168 11.889168 11.889168 11.889168 11.889168 11.889168 14.823781 6.067346 6.067346 11.889168 11.889168 11.889168 24569245728839763951418867712.000000 6.067346 6.067346 11.889168 11.889168 1.000000
11.889168 11.889168 11.889168 11.889168 11.889168 11.889168 11.889168 11.889168 11.889168 14.823781 6.067346 6.067346 11.889168 11.889168 11.889168 24569245728839763951418867712.000000 6.067346 6.067346 11.889168 11.889168 1.000000
11.889168 11.889168 11.889168 11.889168 11.889168 11.889168 11.889168 11.889168 11.889168 14.823781 6.067346 6.067346 11.889168 11.889168 11.889168 24569245728839763951418867712.000000 6.067346 6.067346 11.889168 11.889168 1.000000
11.889168 11.889168 11.889168 11.889168 11.889168 11.889168 11.889168 11.889168 11.889168 14.823781 6.067346 6.067346 11.889168 11.889168 11.889168 24569245728839763951418867712.000000 6.067346 6.067346 11.889168 11.889168 1.000000
11.889168 11.889168 11.889168 11.889168 11.889168 11.889168 11.889168 11.889168 11.889168 14.823781 6.067346 6.067346 11.889168 11.889168 11.889168 24569245728839763951418867712.000000 6.067346 6.067346 11.889168 11.889168 1.000000
11.889168 11.889168 11.889168 11.889168 11.889168 11.889168 11.889168 11.889168 11.889168 14.823781 6.067346 6.067346 11.889168 11.889168 11.889168 24569245728839763951418867712.000000 6.067346 6.067346 11.889168 11.889168 1.000000
11.889168 11.889168 11.889168 11.889168 11.889168 11.889168 11.889168 11.889168 11.889168 14.823781 6.067346 6.067346 11.889168 11.889168 11.889168 24569245728839763951418867712.000000 6.067346 6.067346 11.889168 11.889168 1.000000
11.889168 11.889168 11.889168 11.889168 11.889168 11.889168 11.889168 11.889168 11.889168 14.823781 6.067346 6.067346 11.889168 11.889168 11.889168 24569245728839763951418867712.000000 6.067346 6.067346 11.889168 11.889168 1.000000
11.889168 11.889168 11.889168 11.889168 11.889168 11.889168 11.889168 11.889168 11.889168 14.823781 6.067346 6.067346 11.889168 11.889168 11.889168 24569245728839763951418867712.000000 6.067346 6.067346 11.889168 11.889168 1.000000
11.889168 11.889168 11.889168 11.889168 11.889168 11.889168 11.889168 11.889168 11.889168 14.823781 6.067346 6.067346 11.889168 11.889168 11.889168 24569245728839763951418867712.000000 6.067346 6.067346 11.889168 11.889168 1.000000
11.889168 11.889168 11.889168 11.889168 11.889168 11.889168 11.889168 11.889168 11.889168 14.823781 6.067346 6.067346 11.889168 11.889168 11.889168 24569245728839763951418867712.000000 6.067346 6.067346 11.889168 11.889168 1.000000
11.889168 11.889168 11.889168 11.889168 11.889168 11.889168 11.889168 11.889168 11.889168 14.823781 6.067346 6.067346 11.889168 11.889168 11.889168 24569245728839763951418867712.000000 6.067346 6.067346 11.889168 11.889168 1.000000
11.889168 11.889168 11.889168 11.889168 11.889168 11.889168 11.889168 11.889168 11.889168 14.823781 6.067346 6.067346 11.889168 11.889168 11.889168 24569245728839763951418867712.000000 6.067346 6.067346 11.889168 11.889168 1.000000
11.889168 11.889168 11.889168 11.889168 11.889168 11.889168 11.889168 11.889168 11.889168 14.823781 6.067346 6.067346 11.889168 11.889168 11.889168 24569245728839763951418867712.000000 6.067346 6.067346 11.889168 11.889168 1.000000
11.889168 11.889168 11.889168 11.889168 11.889168 11.889168 11.889168 11.889168 11.889168 14.823781 6.067346 6.067346 11.889168 11.889168 11.889168 24569245728839763951418867712.000000 6.067346 6.067346 11.889168 11.889168 1.000000
11.889168 11.889168 11.889168 11.889168 11.889168 11.889168 11.889168 11.889168 11.889168 14.823781 6.067346 6.067346 11.889168 11.889168 11.889168 24569245728839763951418867712.000000 6.067346 6.067346 11.889168 11.889168 1.000000
11.889168 11.889168 11.889168 11.889168 11.889168 11.889168 11.889168 11.889168 11.889168 14.823781 6.067346 6.067346 11.889168 11.889168 11.889168 24569245728839763951418867712.000000 6.067346 6.067346 11.889168 11.889168 1.000000
11.889168 11.889168 11.889168 11.889168 11.889168 11.889168 11.889168 11.889168 11.889168 14.823781 6.067346 6.067346 11.889168 11.889168 11.889168 24569245728839763951418867712.000000 6.067346 6.067346 11.889168 11.889168 1.000000
11.889168 11.889168 11.889168 11.889168 11.889168 11.889168 11.889168 11.889168 11.889168 14.823781 6.067346 6.067346 11.889168 11.889168 11.889168 24569245728839763951418867712.000000 6.067346 6.067346 11.889168 11.889168 1.000000
11.889168 11.889168 11.889168 11.889168 11.889168 11.889168 11.889168 11.889168 11.889168 14.823781 6.067346 6.067346 11.889168 11.889168 11.889168 24569245728839763951418867712.000000 6.067346 6.067346 11.889168 11.889168 1.000000
11.889168 11.889168 11.889168 11.889168 11.889168 11.889168 11.889168 11.889168 11.889168 14.823781 6.067346 6.067346 11.889168 11.889168 11.889168 24569245728839763951418867712.000000 6.067346 6.067346 11.889168 11.889168 1.000000
11.889168 11.889168 11.889168 11.889168 11.889168 11.889168 11.889168 11.889168 11.889168 14.823781 6.067346 6.067346 11.889168 11.889168 11.889168 24569245728839763951418867712.000000 6.067346 6.067346 11.889168 11.889168 1.000000
11.889168 11.889168 11.889168 11.889168 11.889168 11.889168 11.889168 11.889168 11.889168 14.823781 6.067346 6.067346 11.889168 11.889168 11.889168 24569245728839763951418867712.000000 6.067346 6.067346 11.889168 11.889168 1.000000
11.889168 11.889168 11.889168 11.889168 11.889168 11.889168 11.889168 11.889168 11.889168 14.823781 6.067346 6.067346 11.889168 11.889168 11.889168 24569245728839763951418867712.000000 6.067346 6.067346 11.889168 11.889168 1.000000
11.889168 11.889168 11.889168 11.889168 11.889168 11.889168 11.889168 11.889168 11.889168 14.823781 6.067346 6.067346 11.889168 11.889168 11.889168 24569245728839763951418867712.000000 6.067346 6.067346 11.889168 11.889168 1.000000
11.889168 11.889168 11.889168 11.889168 11.889168 11.889168 11.889168 11.889168 11.889168 14.823781 6.067346 6.067346 11.889168 11.889168 11.889168 24569245728839763951418867712.000000 6.067346 6.067346 11.889168 11.889168 1.000000
11.889168 11.889168 11.889168 11.889168 11.889168 11.889168 11.889168 11.889168 11.889168 14.823781 6.067346 6.067346 11.889168 11.889168 11.889168 24569245728839763951418867712.000000 6.067346 6.067346 11.889168 11.889168 1.000000
11.889168 11.889168 11.889168 11.889168 11.889168 11.889168 11.889168 11.889168 11.889168 14.823781 6.067346 6.067346 11.889168 11.889168 11.889168 24569245728839763951418867712.000000 6.067346 6.067346 11.889168 11.889168 1.000000
11.889168 11.889168 11.889168 11.889168 11.889168 11.889168 11.889168 11.889168 11.889168 14.823781 6.067346 6.067346 11.889168 11.889168 11.889168 24569245728839763951418867712.000000 6.067346 6.067346 11.889168 11.889168 1.000000
11.889168 11.889168 11.889168 11.889168 11.889168 11.889168 11.889168 11.889168 11.889168 14.823781 6.067346 6.067346 11.889168 11.889168 11.889168 24569245728839763951418867712.000000 6.067346 6.067346 11.889168 11.889168 1.000000
11.889168 11.889168 11.889168 11.889168 11.889168 11.889168 11.889168 11.889168 11.889168 14.823781 6.067346 6.067346 11.889168 11.889168 11.889168 24569245728839763951418867712.000000 6.067346 6.067346 11.889168 11.889168 1.000000
11.889168 11.889168 11.889168 11.889168 11.889168 11.889168 11.889168 11.889168 11.889168 14.823781 6.067346 6.067346 11.889168 11.889168 11.889168 24569245728839763951418867712.000000 6.067346 6.067346 11.889168 11.889168 1.000000
11.889168 11.889168 11.889168 11.889168 11.889168 11.889168 11.889168 11.889168 11.889168 14.823781 6.067346 6.067346 11.889168 11.889168 11.889168 24569245728839763951418867712.000000 6.067346 6.067346 11.889168 11.889168 1.000000
11.889168 11.889168 11.889168 11.889168 11.889168 11.889168 11.889168 11.889168 11.889168 14.823781 6.067346 6.067346 11.889168 11.889168 11.889168 24569245728839763951418867712.000000 6.067346 6.067346 11.889168 11.889168 1.000000
11.889168 11.889168 11.889168 11.889168 11.889168 11.889168 11.889168 11.889168 11.889168 14.823781 6.067346 6.067346 11.889168 11.889168 11.889168 24569245728839763951418867712.000000 6.067346 6.067346 11.889168 11.889168 1.000000
11.889168 11.889168 11.889168 11.889168 11.889168 11.889168 11.889168 11.889168 11.889168 14.823781 6.067346 6.067346 11.889168 11.889168 11.889168 24569245728839763951418867712.000000 6.067346 6.067346 11.889168 11.889168 1.000000
11.889168 11.889168 11.889168 11.889168 11.889168 11.889168 11.889168 11.889168 11.889168 14.823781 6.067346 6.067346 11.889168 11.889168 11.889168 24569245728839763951418867712.000000 6.067346 6.067346 11.889168 11.889168 1.000000
11.889168 11.889168 11.889168 11.889168 11.889168 11.889168 11.889168 11.889168 11.889168 14.823781 6.067346 6.067346 11.889168 11.889168 11.889168 24569245728839763951418867712.000000 6.067346 6.067346 11.889168 11.889168 1.000000
11.889168 11.889168 11.889168 11.889168 11.889168 11.889168 11.889168 11.889168 11.889168 14.823781 6.067346 6.067346 11.889168 11.889168 11.889168 24569245728839763951418867712.000000 6.067346 6.067346 11.889168 11.889168 1.000000
11.889168 11.889168 11.889168 11.889168 11.889168 11.889168 11.889168 11.889168 11.889168 14.823781 6.067346 6.067346 11.889168 11.889168 11.889168 24569245728839763951418867712.000000 6.067346 6.067346 11.889168 11.889168 1.000000
11.889168 11.889168 11.889168 11.889168 11.889168 11.889168 11.889168 11.889168 11.889168 14.823781 6.067346 6.067346 11.889168 11.889168 11.889168 24569245728839763951418867712.000000 6.067346 6.067346 11.889168 11.889168 1.000000
11.889168 11.889168 11.889168 11.889168 11.889168 11.889168 11.889168 11.889168 11.889168 14.823781 6.067346 6.067346 11.889168 11.889168 11.889168 24569245728839763951418867712.000000 6.067346 6.067346 11.889168 11.889168 1.000000
11.889168 11.889168 11.889168 11.889168 11.889168 11.889168 11.889168 11.889168 11.889168 14.823781 6.067346 6.067346 11.889168 11.889168 11.889168 24569245728839763951418867712.000000 6.067346 6.067346 11.889168 11.889168 1.000000
11.889168 11.889168 11.889168 11.889168 11.889168 11.889168 11.889168 11.889168 11.889168 14.823781 6.067346 6.067346 11.889168 11.889168 11.889168 24569245728839763951418867712.000000 6.067346 6.067346 11.889168 11.889168 1.000000
11.889168 11.889168 11.889168 11.889168 11.889168 11.889168 11.889168 11.889168 11.889168 14.823781 6.067346 6.067346 11.889168 11.889168 11.889168 24569245728839763951418867712.000000 6.067346 6.067346 11.889168 11.889168 1.000000
11.889168 11.889168 11.889168 11.889168 11.889168 11.889168 11.889168 11.889168 11.889168 14.823781 6.067346 6.067346 11.889168 11.889168 11.889168 24569245728839763951418867712.000000 6.067346 6.067346 11.889168 11.889168 1.000000
11.889168 11.889168 11.889168 11.889168 11.889168 11.889168 11.889168 11.889168 11.889168 14.823781 6.067346 6.067346 11.889168 11.889168 11.889168 24569245728839763951418867712.000000 6.067346 6.067346 11.889168 11.889168 1.000000
11.889168 11.889168 11.889168 11.889168 11.889168 11.889168 11.889168 11.889168 11.889168 14.823781 6.067346 6.067346 11.889168 11.889168 11.889168 24569245728839763951418867712.000000 6.067346 6.067346 11.889168 11.889168 1.000000
11.889168 11.889168 11.889168 11.889168 11.889168 11.889168 11.889168 11.889168 11.889168 14.823781 6.067346 6.067346 11.889168 11.889168 11.889168 24569245728839763951418867712.000000 6.067346 6.067346 11.889168 11.889168 1.000000
11.889168 11.889168 11.889168 11.889168 11.889168 11.889168 11.889168 11.889168 11.889168 14.823781 6.067346 6.067346 11.889168 11.889168 11.889168 24569245728839763951418867712.000000 6.067346 6.067346 11.889168 11.889168 1.000000
11.889168 11.889168 11.889168 11.889168 11.889168 11.889168 11.889168 11.889168 11.889168 14.823781 6.067346 6.067346 11.889168 11.889168 11.889168 24569245728839763951418867712.000000 6.067346 6.067346 11.889168 11.889168 1.000000
11.889168 11.889168 11.889168 11.889168 11.889168 11.889168 11.889168 11.889168 11.889168 14.823781 6.067346 6.067346 11.889168 11.889168 11.889168 24569245728839763951418867712.000000 6.067346 6.067346 11.889168 11.889168 1.000000
11.889168 11.889168 11.889168 11.889168 11.889168 11.889168 11.889168 11.889168 11.889168 14.823781 6.067346 6.067346 11.889168 11.889168 11.889168 24569245728839763951418867712.000000 6.067346 6.067346 11.889168 11.889168 1.000000
11.889168 11.889168 11.889168 11.889168 11.889168 11.889168 11.889168 11.889168 11.889168 14.823781 6.067346 6.067346 11.889168 11.889168 11.889168 24569245728839763951418867712.000000 6.067346 6.067346 11.889168 11.889168 1.000000
11.889168 11.889168 11.889168 11.889168 11.889168 11.889168 11.889168 11.889168 11.889168 14.823781 6.067346 6.067346 11.889168 11.889168 11.889168 24569245728839763951418867712.000000 6.067346 6.067346 11.889168 11.889168 1.000000
11.889168 11.889168 11.889168 11.889168 11.889168 11.889168 11.889168 11.889168 11.889168 14.823781 6.067346 6.067346 11.889168 11.889168 11.889168 24569245728839763951418867712.000000 6.067346 6.067346 11.889168 11.889168 1.000000
11.889168 11.889168 11.889168 11.889168 11.889168 11.889168 11.889168 11.889168 11.889168 14.823781 6.067346 6.067346 11.889168 11.889168 11.889168 24569245728839763951418867712.000000 6.067346 6.067346 11.889168 11.889168 1.000000
11.889168 11.889168 11.889168 11.889168 11.889168 11.889168 11.889168 11.889168 11.889168 14.823781 6.067346 6.067346 11.889168 11.889168 11.889168 24569245728839763951418867712.000000 6.067346 6.067346 11.889168 11.889168 1.000000
11.889168 11.889168 11.889168 11.889168 11.889168 11.889168 11.889168 11.889168 11.889168 14.823781 6.067346 6.067346 11.889168 11.889168 11.889168 24569245728839763951418867712.000000 6.067346 6.067346 11.889168 11.889168 1.000000
11.889168 11.889168 11.889168 11.889168 11.889168 11.889168 11.889168 11.889168 11.889168 14.823781 6.067346 6.067346 11.889168 11.889168 11.889168 24569245728839763951418867712.000000 6.067346 6.067346 11.889168 11.889168 1.000000
11.889168 11.889168 11.889168 11.889168 11.889168 11.889168 11.889168 11.889168 11.889168 14.823781 6.067346 6.067346 11.889168 11.889168 11.889168 24569245728839763951418867712.000000 6.067346 6.067346 11.889168 11.889168 1.000000
11.889168 11.889168 11.889168 11.889168 11.889168 11.889168 11.889168 11.889168 11.889168 14.823781 6.067346 6.067346 11.889168 11.889168 11.889168 24569245728839763951418867712.000000 6.067346 6.067346 11.889168 11.889168 1.000000
11.889168 11.889168 11.889168 11.889168 11.889168 11.889168 11.889168 11.889168 11.889168 14.823781 6.067346 6.067346 11.889168 11.889168 11.889168 24569245728839763951418867712.000000 6.067346 6.067346 11.889168 11.889168 1.000000
11.889168 11.889168 11.889168 11.889168 11.889168 11.889168 11.889168 11.889168 11.889168 14.823781 6.067346 6.067346 11.889168 11.889168 11.889168 24569245728839763951418867712.000000 6.067346 6.067346 11.889168 11.889168 1.000000
11.889168 11.889168 11.889168 11.889168 11.889168 11.889168 11.889168 11.889168 11.889168 14.823781 6.067346 6.067346 11.889168 11.889168 11.889168 24569245728839763951418867712.000000 6.067346 6.067346 11.889168 11.889168 1.000000
11.889168 11.889168 11.889168 11.889168 11.889168 11.889168 11.889168 11.889168 11.889168 14.823781 6.067346 6.067346 11.889168 11.889168 11.889168 24569245728839763951418867712.000000 6.067346 6.067346 11.889168 11.889168 1.000000
11.889168 11.889168 11.889168 11.889168 11.889168 11.889168 11.889168 11.889168 11.889168 14.823781 6.067346 6.067346 11.889168 11.889168 11.889168 24569245728839763951418867712.000000 6.067346 6.067346 11.889168 11.889168 1.000000
