0.000000 0.000000 0.000000 0.000000 0.000000 0.000000 0.000000 0.000000 0.000000 0.000000 0.000000 0.000000 0.000000 0.000000 0.000000 0.000000 0.000000 0.000000 0.000000 0.000000 0.000000
11.804917 11.804917 11.804917 11.804917 11.804917 11.804917 11.804917 11.804917 3877.891201 213.194000 22.399164 17.939359 813.253904 3877.891201 35.795168 410587.674374 54.594780 34.957543 44.731394 109.162087 1.000000
11.879068 11.879068 11.879068 11.879068 11.879068 11.879068 11.879068 11.879068 6097.813662 36.022898 54.942422 54.942422 335.233825 4878.251004 87.890132 1260998.276190 18.052961 22.541324 268.188403 23.080215 1.000000
11.879368 11.879368 11.879368 11.879368 11.879368 11.879368 11.879368 11.879368 9528.077455 28.831531 14.467544 35.180825 171.648408 9528.077455 171.648408 413214.486505 35.180825 35.180825 87.892380 70.319023 1.000000
11.877653 11.877653 11.877653 11.877653 11.877653 11.877653 11.877653 11.877653 11908.352503 23.077436 28.153322 28.153322 1022.920661 4877.661356 70.308728 806941.347742 11.603235 54.935785 70.308728 56.253381 1.000000
11.881615 11.881615 11.881615 11.881615 11.881615 11.881615 11.881615 11.881615 3122.759754 70.332509 35.187565 35.187565 523.914004 1279.083046 109.881431 211606.410126 35.187565 107.306516 56.272404 268.246721 1.000000
11.878594 11.878594 11.878594 11.878594 11.878594 11.878594 11.878594 11.878594 4878.053555 87.886575 28.155580 28.155580 87.886575 9527.448054 87.886575 1260947.236891 14.466597 18.052235 419.023979 36.021442 1.000000
11.878403 11.878403 11.878403 11.878403 11.878403 11.878403 11.878403 11.878403 11909.115606 36.020855 14.466363 18.051942 28.829162 2497.522944 109.851306 330544.356377 35.177932 54.939303 1598.415053 109.851306 1.000000
11.877240 11.877240 11.877240 11.877240 11.877240 11.877240 11.877240 11.877240 11907.933304 56.251402 11.602832 28.152333 818.308162 6096.861973 137.296406 806912.941709 35.174445 18.050161 28.826306 45.009117 1.000000
11.881123 11.881123 11.881123 11.881123 11.881123 11.881123 11.881123 11.881123 818.579474 109.876814 22.545263 134.123317 214.590037 11911.881414 137.341923 516595.504659 28.161644 35.186089 56.270041 109.876814 1.000000
11.804727 11.804727 11.804727 11.804727 11.804727 11.804727 11.804727 11.804727 9467.352993 44.730666 43.683351 17.939068 520.475151 6059.106013 170.554531 513226.228410 54.593891 22.398800 44.730666 35.794585 1.000000
11.878593 11.878593 11.878593 11.878593 11.878593 11.878593 11.878593 11.878593 1278.753055 70.314372 35.178501 11.604153 523.778840 523.778840 1023.002796 645604.912491 43.960341 22.540413 36.021438 523.778840 1.000000
11.877145 11.877145 11.877145 11.877145 11.877145 11.877145 11.877145 11.877145 4877.449698 56.250942 28.152103 22.537636 523.714061 1598.243276 87.875699 2462482.702354 14.464823 11.602739 56.250942 418.972108 1.000000
11.877996 11.877996 11.877996 11.877996 11.877996 11.877996 11.877996 11.877996 11908.701610 36.019605 14.465865 22.539268 818.360959 6097.255345 36.019605 645572.003301 18.051319 43.958103 45.012019 171.628303 1.000000
11.877916 11.877916 11.877916 11.877916 11.877916 11.877916 11.877916 11.877916 14885.775459 36.019359 22.539115 18.051196 1997.935453 3902.216961 45.011712 1008699.376202 22.539115 28.153954 109.846739 23.077953 1.000000
11.880889 11.880889 11.880889 11.880889 11.880889 11.880889 11.880889 11.880889 9529.315072 45.023128 22.544815 107.299868 137.339183 9529.315072 56.268919 413268.159584 43.968952 35.185388 56.268919 109.874623 1.000000
11.879843 11.879843 11.879843 11.879843 11.879843 11.879843 11.879843 11.879843 3902.858957 109.864808 35.182249 22.542809 523.834737 4878.573582 45.019110 1008865.328498 28.158574 18.054148 137.326915 56.263895 1.000000
11.880711 11.880711 11.880711 11.880711 11.880711 11.880711 11.880711 11.880711 2498.015059 87.902453 18.055477 68.679464 1023.187782 1998.412228 36.027941 330609.487354 35.184852 68.679464 171.668085 87.902453 1.000000
11.880130 11.880130 11.880130 11.880130 11.880130 11.880130 11.880130 11.880130 6098.366396 87.898096 18.054588 18.054588 523.847579 2497.891209 137.330281 264474.476702 107.292914 43.966105 70.323596 56.265274 1.000000
11.803723 11.803723 11.803723 11.803723 11.803723 11.803723 11.803723 11.803723 11833.170062 28.645759 14.374990 22.396875 520.430241 3877.493396 136.434491 641477.429834 34.953962 27.976028 44.726810 136.434491 1.000000
11.879110 11.879110 11.879110 11.879110 11.879110 11.879110 11.879110 11.879110 7622.294068 36.023025 11.604657 35.180052 137.318323 3122.091917 171.644627 330564.305846 43.962280 43.962280 171.644627 137.318323 1.000000
11.879117 11.879117 11.879117 11.879117 11.879117 11.879117 11.879117 11.879117 11909.841717 23.080311 22.541418 43.962307 654.751995 11909.841717 87.890498 516507.046906 35.180073 35.180073 28.830915 56.260411 1.000000
11.880229 11.880229 11.880229 11.880229 11.880229 11.880229 11.880229 11.880229 3122.390321 137.331446 85.839252 28.159501 1278.931726 6098.418135 70.324192 330595.900644 35.183409 54.947865 28.833646 28.833646 1.000000
11.804540 11.804540 11.804540 11.804540 11.804540 11.804540 11.804540 11.804540 14792.500707 28.647764 34.956412 22.398441 650.582595 4847.206816 55.902376 641522.453179 54.593012 17.938781 69.869922 69.869922 1.000000
11.881339 11.881339 11.881339 11.881339 11.881339 11.881339 11.881339 11.881339 3903.357640 87.907170 35.186738 43.970640 335.298829 1279.052929 335.298829 264501.784703 22.545678 107.303990 56.271079 87.907170 1.000000
11.878327 11.878327 11.878327 11.878327 11.878327 11.878327 11.878327 11.878327 1998.005491 36.020620 85.825312 35.177703 88729.245766 171.633148 45.013288 1260918.420410 11.603893 35.177703 109.850589 36.020620 1.000000
11.871575 11.871575 11.871575 11.871575 11.871575 11.871575 11.871575 11.871575 29058.036123 23.065503 22.526958 14.458008 817.912226 7617.389944 44.987361 1969049.115992 28.138746 9.316199 214.415126 14.801734 1.000000
11.869147 11.869147 11.869147 11.869147 11.869147 11.869147 11.869147 11.869147 9519.762725 523.356395 7.498912 11.594931 817.742605 2495.549053 35.992430 1968640.768929 18.037762 14.455039 171.498629 18.468047 1.000000
11.855743 11.855743 11.855743 11.855743 11.855743 11.855743 11.855743 11.855743 11.855743 11886.071894 9.303885 6.050961 1021.006773 23214.984047 334.566168 3840596.937733 9.303885 85.659848 11.855743 44.926568 1.000000
11.862553 11.862553 11.862553 11.862553 11.862553 11.862553 11.862553 11.862553 36294.548511 14.790429 14.446971 9.309182 2494.142781 4871.372042 28.790238 6004429.369420 9.309182 9.309182 334.761111 14.790429 1.000000
11.874291 11.874291 11.874291 11.874291 11.874291 11.874291 11.874291 11.874291 11904.934001 36.008226 11.599953 14.461332 70.288553 7619.157838 523.586441 169179.286300 11.599953 798.927843 171.574007 23.070836 1.000000
11.873056 11.873056 11.873056 11.873056 11.873056 11.873056 11.873056 11.873056 29061.712717 23.068410 14.459820 11.598747 1997.106189 3900.597304 23.068410 1969298.251684 11.598747 28.142298 87.845021 70.281138 1.000000
11.799861 11.799861 11.799861 11.799861 11.799861 11.799861 11.799861 11.799861 110168.407144 22.924704 17.931614 14.370265 170.483219 3876.206487 44.711981 2446230.043746 14.370265 14.370265 266.374618 35.779641 1.000000
11.863863 11.863863 11.863863 11.863863 11.863863 11.863863 11.863863 11.863863 29038.889592 28.793453 7.495644 7.495644 1995.537796 3897.534037 44.957748 3074612.025834 9.310201 18.029666 171.421182 28.793453 1.000000
11.867176 11.867176 11.867176 11.867176 11.867176 11.867176 11.867176 11.867176 23237.692295 44.970471 6.056565 9.312778 1277.506424 6091.621762 109.746011 515980.419538 28.128198 35.144262 70.245851 23.056867 1.000000
11.868801 11.868801 11.868801 11.868801 11.868801 11.868801 11.868801 11.868801 56740.528469 44.976712 22.521641 22.521641 654.175283 523.340914 18.467503 4806109.704269 6.057362 18.037232 87.813103 334.939948 1.000000
11.875780 11.875780 11.875780 11.875780 11.875780 11.875780 11.875780 11.875780 23254.781454 23.073759 14.463154 18.047924 818.206104 18603.825183 23.073759 1008515.381077 35.170065 18.047924 36.012799 87.865461 1.000000
11.874293 11.874293 11.874293 11.874293 11.874293 11.874293 11.874293 11.874293 6095.327226 44.997799 22.532169 22.532169 56767.156945 1278.283516 28.819067 1969506.395724 9.318313 28.145265 36.008232 23.070839 1.000000
11.872622 11.872622 11.872622 11.872622 11.872622 11.872622 11.872622 11.872622 23248.508314 87.841765 14.459289 14.459289 1997.032155 11903.236319 36.003099 1969225.248022 22.528965 11.598323 18.473498 23.067558 1.000000
11.868036 11.868036 11.868036 11.868036 11.868036 11.868036 11.868036 11.868036 18591.520526 44.973773 9.313447 14.453679 1277.600341 4873.655748 44.973773 6007244.254771 9.313447 9.313447 137.188497 28.803702 1.000000
11.866640 11.866640 11.866640 11.866640 11.866640 11.866640 11.866640 11.866640 23236.627464 44.968412 9.312361 9.312361 2495.014272 4873.074172 18.464112 3075342.032650 11.592483 14.451970 267.903807 18.464112 1.000000
11.790172 11.790172 11.790172 11.790172 11.790172 11.790172 11.790172 11.790172 4841.221734 212.923871 9.252883 11.517833 1586.372101 7564.408769 332.689216 1251426.434009 7.450074 54.525649 14.699723 18.344131 1.000000
11.866500 11.866500 11.866500 11.866500 11.866500 11.866500 11.866500 11.866500 2494.984405 137.170486 11.592347 11.592347 3149112.544305 70.241793 28.799929 2460244.175238 7.497275 28.126576 14.795375 28.799929 1.000000
11.861736 11.861736 11.861736 11.861736 11.861736 11.861736 11.861736 11.861736 6088.789617 653.780319 6.053899 11.587697 18.456419 18.456419 18.456419 644675.659473 11.587697 85.703762 28.788232 1611689.148679 1.000000
11.872427 11.872427 11.872427 11.872427 11.872427 11.872427 11.872427 11.872427 29060.152325 28.814486 9.316862 14.459051 36325.190390 137.239976 23.067176 645265.003433 11.598133 68.630915 171.546691 56.228294 1.000000
11.865992 11.865992 11.865992 11.865992 11.865992 11.865992 11.865992 11.865992 14870.618494 14.794739 14.451178 9.311857 270494.973435 214.312863 35.982740 3843964.768623 7.496961 18.032929 44.965925 44.965925 1.000000
11.866878 11.866878 11.866878 11.866878 11.866878 11.866878 11.866878 11.866878 18589.681202 23.056283 18.034286 9.312546 1996.052315 9517.916853 28.800859 4805319.949713 7.497509 11.592716 87.798677 44.969328 1.000000
11.863072 11.863072 11.863072 11.863072 11.863072 11.863072 11.863072 11.863072 45370.197532 56.183383 14.447605 14.447605 14.791079 528178.614451 28.791512 4803756.514309 6.054553 18.028455 18.458514 70.221221 1.000000
11.868648 11.868648 11.868648 11.868648 11.868648 11.868648 11.868648 11.868648 110819.897340 23.059758 9.313923 9.313923 817.707737 817.707737 654.166740 2460696.032067 18.036998 11.594444 23.059758 44.976125 1.000000
11.863338 11.863338 11.863338 11.863338 11.863338 11.863338 11.863338 11.863338 14867.244922 44.955735 7.495320 7.495320 523.096587 9515.036812 214.264246 805954.958500 9.309793 68.577647 137.133423 14.791413 1.000000
11.799037 11.799037 11.799037 11.799037 11.799037 11.799037 11.799037 11.799037 4844.914507 2480.596525 11.526487 14.369256 650.274928 1984.477402 28.634249 1956845.302299 11.526487 22.387891 55.875956 35.777108 1.000000
11.850338 11.850338 11.850338 11.850338 11.850338 11.850338 11.850338 11.850338 11.850338 3893.027350 6.048312 9.299681 109.588096 171.222983 2515809.793181 3838821.095551 6.048312 133.770868 14.775122 18.438535 1.000000
11.844430 11.844430 11.844430 11.844430 11.844430 11.844430 11.844430 11.844430 4911205.870041 11.844430 6.045415 9.295085 14.767717 28.745729 14.767717 9367381.801683 7.483626 7.483626 172797.694742 23.012209 1.000000
11.856718 11.856718 11.856718 11.856718 11.856718 11.856718 11.856718 11.856718 3895.153235 418.241257 7.491225 7.491225 11.856718 44.930313 44.930313 6001433.406684 11.582797 7.491225 172979.540832 214.142969 1.000000
11.853757 11.853757 11.853757 11.853757 11.853757 11.853757 11.853757 11.853757 3894.166549 70.165316 9.302340 9.302340 56667.577788 137.021094 11.853757 9374864.338333 6.049987 9.302340 3115.333355 14.779406 1.000000
11.843499 11.843499 11.843499 11.843499 11.843499 11.843499 11.843499 11.843499 36235.413760 659118.336117 7.483050 6.044959 815.950204 11.843499 11.843499 5994646.345381 11.569892 6.044959 35.913660 18.427803 1.000000
11.865821 11.865821 11.865821 11.865821 11.865821 11.865821 11.865821 11.865821 18588.001554 137.162533 28.124949 9.311724 3898.186709 14870.401268 11.865821 644900.851495 9.311724 107.161865 18.462828 18.462828 1.000000
11.784787 11.784787 11.784787 11.784787 11.784787 11.784787 11.784787 11.784787 45066.499447 22.895107 7.446744 9.248695 3096.946582 4838.978736 18.335682 5964501.535960 9.248695 9.248695 266.029417 18.335682 1.000000
11.863512 11.863512 11.863512 11.863512 11.863512 11.863512 11.863512 11.863512 23230.415580 11.863512 11.589430 11.589430 9515.178309 1596.382626 523.104365 515818.844011 9.309928 167.398759 11.863512 28.792593 1.000000
11.859772 11.859772 11.859772 11.859772 11.859772 11.859772 11.859772 11.859772 337938.941542 522.937095 9.307019 7.493114 23.042331 29028.734074 18.453337 4802401.200819 9.307019 9.307019 23.042331 28.783408 1.000000
11.847754 11.847754 11.847754 11.847754 11.847754 11.847754 11.847754 11.847754 11.847754 7601.887012 11.574047 7.485682 11.847754 1992.789536 7601.887012 35743900.334092 7.485682 7.485682 3113.733187 11.847754 1.000000
11.843663 11.843663 11.843663 11.843663 11.843663 11.843663 11.843663 11.843663 11.843663 7599.224155 9.294489 9.294489 36235.923909 1019.951563 14.766757 55830280.691938 6.045040 6.045040 1019.951563 11.843663 1.000000
11.844561 11.844561 11.844561 11.844561 11.844561 11.844561 11.844561 11.844561 172799.638982 14.767882 18.000096 9.295187 11.844561 36238.710876 3891.102206 11709358.998947 6.045480 6.045480 11.844561 18.429470 1.000000
11.781074 11.781074 11.781074 11.781074 11.781074 11.781074 11.781074 11.781074 28.590134 18633109.088974 9.245807 6.014365 11.781074 9448.108874 35.721940 3816060.741422 9.245807 43.594650 22.887817 18.329856 1.000000
11.855350 11.855350 11.855350 11.855350 11.855350 11.855350 11.855350 11.855350 11.855350 816.778452 7.490380 6.050768 816.778452 138367.444564 1595.268651 4800585.087678 14.438158 54.831230 28.772549 11.855350 1.000000
11.785762 11.785762 11.785762 11.785762 11.785762 11.785762 11.785762 11.785762 69.757217 7561.538456 6.016662 17.910012 1601218.023104 11.785762 18.337212 1250951.580551 11.513528 34.900094 18.337212 332.562979 1.000000
11.858978 11.858978 11.858978 11.858978 11.858978 11.858978 11.858978 11.858978 11.858978 3895.906374 9.306401 11.585004 45354.316464 109.669127 2493.380316 644523.601671 6.052547 638.306825 56.163729 14.785949 1.000000
11.862835 11.862835 11.862835 11.862835 11.862835 11.862835 11.862835 11.862835 56711.596604 18.458142 9.309401 7.495008 1995.362417 87.768339 7611.701776 3842927.264027 9.309401 11.588769 23.048344 44.953801 1.000000
11.857010 11.857010 11.857010 11.857010 11.857010 11.857010 11.857010 11.857010 110709.670382 14.783482 14.440188 7.491406 9509.888377 11.857010 14.783482 3841013.284276 11.583082 14.440188 23217.500707 14.783482 1.000000
11.859541 11.859541 11.859541 11.859541 11.859541 11.859541 11.859541 11.859541 36285.199122 18.452974 9.306839 9.306839 3116.875190 56695.623603 11.859541 4802306.114202 11.585553 9.306839 44.941152 18.452974 1.000000
11.868176 11.868176 11.868176 11.868176 11.868176 11.868176 11.868176 11.868176 56737.498466 18.466523 11.593983 7.498312 44.974312 1022.092886 87.808415 135272.737627 22.520443 14524.799672 1996.273758 14.797476 1.000000
11.863481 11.863481 11.863481 11.863481 11.863481 11.863481 11.863481 11.863481 1021.682718 523.102962 9.309904 9.309904 338046.130842 267.831472 87.773186 4803924.452383 11.589400 9.309904 18.459156 14.791592 1.000000
11.850258 11.850258 11.850258 11.850258 11.850258 11.850258 11.850258 11.850258 56650.609369 14.775021 7.487230 9.299618 172883.939678 3893.000488 14.775021 4798493.260299 11.576491 7.487230 11.850258 14.775021 1.000000
11.857298 11.857298 11.857298 11.857298 11.857298 11.857298 11.857298 11.857298 659897.322398 56.155663 18.019609 7.491584 11.857298 422334.286336 14.783843 4801384.947468 9.305094 11.583364 18.449455 18.449455 1.000000
11.841378 11.841378 11.841378 11.841378 11.841378 11.841378 11.841378 11.841378 138202.026049 23186.452469 6.043920 7.481739 6078.189549 11.841378 14.763893 9364933.554802 7.481739 6.043920 18.424476 28.738235 1.000000
11.850533 11.850533 11.850533 11.850533 11.850533 11.850533 11.850533 11.850533 6082.956363 418.019959 9.299832 6.048407 1993.263589 70814.930362 18.438840 5998257.916219 6.048407 14.432263 14.775366 14.775366 1.000000
11.840241 11.840241 11.840241 11.840241 11.840241 11.840241 11.840241 11.840241 18.422693 112715313761.328552 11.566712 9.291827 11.840241 11.840241 11.840241 22861381.623114 11.566712 6.043363 14.762469 11.840241 1.000000
11.909747 11.909747 11.909747 11.909747 11.909747 11.909747 11.909747 11.909747 11.909747 4891.028987 6.077434 7.524021 535452431.384862 11.909747 11.909747 1975470.793081 6.077434 262.588917 11.909747 11.909747 1.000000
11.839354 11.839354 11.839354 11.839354 11.839354 11.839354 11.839354 11.839354 36222.552518 11.839354 6.042928 6.042928 1608604.471424 652.529028 14.761357 7490648.289320 11.565847 6.042928 14.761357 18.421301 1.000000
11.907340 11.907340 11.907340 11.907340 11.907340 11.907340 11.907340 11.907340 11.907340 14.846553 6.076254 9.344019 11.907340 11.907340 56.395895 23442964271871.394531 7.522533 6.076254 57481981.138114 11.907340 1.000000
11.850856 11.850856 11.850856 11.850856 11.850856 11.850856 11.850856 11.850856 88521.114761 11.850856 7.487601 9.300084 418.031537 23205.279148 653.172071 805094.848600 133.776802 6.048566 14.775771 11.850856 1.000000
11.840888 11.840888 11.840888 11.840888 11.840888 11.840888 11.840888 11.840888 171.084491 18548.384027 7.481436 7.481436 11.840888 11.840888 11.840888 7491632.625333 6.043680 7.481436 337393.139001 1019.709173 1.000000
11.837356 11.837356 11.837356 11.837356 11.837356 11.837356 11.837356 11.837356 527017.251649 11.837356 6.041948 7.479252 18.418165 45270.437227 11.837356 9361706.994457 6.041948 7.479252 14.758853 1991.015386 1.000000
11.843849 11.843849 11.843849 11.843849 11.843849 11.843849 11.843849 11.843849 11.843849 1274.959376 7.483267 6.045131 11.843849 88468.024034 215986.386780 5994826.490088 7.483267 85.572709 11.843849 14.766990 1.000000
11.846595 11.846595 11.846595 11.846595 11.846595 11.846595 11.846595 11.846595 45306.277890 18.432661 7.484965 7.484965 522.347735 7601.132231 11.846595 11711398.337391 7.484965 6.046477 18.432661 1992.591675 1.000000
11.907227 11.907227 11.907227 11.907227 11.907227 11.907227 11.907227 11.907227 9643783.495648 11.907227 7.522463 6.076199 662715.755578 11.907227 11.907227 7534205.855975 6.076199 11.632106 11.907227 11.907227 1.000000
11.845802 11.845802 11.845802 11.845802 11.845802 11.845802 11.845802 11.845802 11.845802 87.640547 11.572141 6.046088 174501586.319637 522.312272 14.769437 3069864.371581 6.046088 796.983611 11.845802 14.769437 1.000000
11.908937 11.908937 11.908937 11.908937 11.908937 11.908937 11.908937 11.908937 12173938785.042755 215.099529 7.523520 7.523520 11.908937 11.908937 14.848554 11773911.138917 6.077037 6.077037 11.908937 23.138854 1.000000
11.908329 11.908329 11.908329 11.908329 11.908329 11.908329 11.908329 11.908329 70.492826 7790917328.468966 6.076739 7.523144 11.908329 137.660858 11.908329 11773301.396087 6.076739 7.523144 11.908329 11.908329 1.000000
11.839600 11.839600 11.839600 11.839600 11.839600 11.839600 11.839600 11.839600 334.104094 11.839600 6.043048 11.566086 11869.655585 337355.899679 11.839600 69763564.935524 6.043048 6.043048 213.829381 14.761665 1.000000
11.844362 11.844362 11.844362 11.844362 11.844362 11.844362 11.844362 11.844362 11.844362 421866.919163 7.483584 9.295032 18.429158 11.844362 11.844362 44666897.485747 7.483584 7.483584 36238.092449 1275.015312 1.000000
11.908286 11.908286 11.908286 11.908286 11.908286 11.908286 11.908286 11.908286 11.908286 656.382623 7.523118 7.523118 11.908286 11.908286 56.400437 70174089.575150 6.076718 6.076718 11.908286 836540336.312649 1.000000
11.906893 11.906893 11.906893 11.906893 11.906893 11.906893 11.906893 11.906893 276755141167.138184 11.906893 6.076035 6.076035 18.527268 11.906893 14.845993 3857403.678470 6.076035 18.095588 11.906893 14.845993 1.000000
11.841124 11.841124 11.841124 11.841124 11.841124 11.841124 11.841124 11.841124 171.087942 7597.571449 7.481582 6.043795 136.872983 3142281.848031 11.841124 9364729.666802 7.481582 6.043795 11.841124 23.005718 1.000000
11.847206 11.847206 11.847206 11.847206 11.847206 11.847206 11.847206 11.847206 4864.979603 11.847206 9.297245 11.573512 270060.607063 11.847206 11.847206 3070233.640976 6.046777 22.480241 45308.651399 11.847206 1.000000
11.838916 11.838916 11.838916 11.838916 11.838916 11.838916 11.838916 11.838916 9495.168621 11.838916 7.480217 7.480217 11.838916 1608544.114468 3111.377141 11703698.797408 7.480217 6.042713 11.838916 18.420614 1.000000
11.781028 11.781028 11.781028 11.781028 11.781028 11.781028 11.781028 11.781028 11.781028 265.943320 6.014342 14.347221 69.728801 1014.479897 70393.615375 1250441.800962 7.444420 259.710452 3095.944267 11.781028 1.000000
11.842337 11.842337 11.842337 11.842337 11.842337 11.842337 11.842337 11.842337 527242.214560 14.765095 6.044390 7.482332 11.842337 11.842337 3112.289024 168717.508665 6.044390 2431.475960 14840.549074 14.765095 1.000000
11.905830 11.905830 11.905830 11.905830 11.905830 11.905830 11.905830 11.905830 11.905830 11.905830 9.342844 7.521599 173706.290368 1617765.895673 11.905830 4868287158.567468 6.075514 6.075514 11.905830 11.905830 1.000000
11.846414 11.846414 11.846414 11.846414 11.846414 11.846414 11.846414 11.846414 11.846414 334.299134 9.296628 6.046388 11.846414 109.551288 71479594.612086 135021.136729 9.296628 329641.447078 11.846414 11.846414 1.000000
11.837735 11.837735 11.837735 11.837735 11.837735 11.837735 11.837735 11.837735 88421.697068 109.469894 7.479486 6.042134 14.759328 23179.217396 3111.062211 11702514.165478 6.042134 6.042134 14.759328 11.837735 1.000000
11.821316 11.821316 11.821316 11.821316 11.821316 11.821316 11.821316 11.821316 11.821316 174135699.281766 6.034087 6.034087 11.821316 9480.849372 11.821316 332137487.948926 6.034087 6.034087 11.821316 11.821316 1.000000
11.842053 11.842053 11.842053 11.842053 11.842053 11.842053 11.842053 11.842053 36940285944.301598 11.842053 6.044251 6.044251 11.842053 11.842053 14.764739 643590.550318 11.568481 106.944173 87.612420 18.425535 1.000000
11.895735 11.895735 11.895735 11.895735 11.895735 11.895735 11.895735 11.895735 432018936470.601624 11.895735 6.070565 6.070565 14.832011 11.895735 11.895735 11760674.100551 6.070565 6.070565 11.895735 14.832011 1.000000
11.902864 11.902864 11.902864 11.902864 11.902864 11.902864 11.902864 11.902864 28.889230 11.902864 7.519764 7.519764 11.902864 11.902864 11.902864 36262399934.308693 6.074060 6.074060 11.902864 3987093037.883623 1.000000
11.901650 11.901650 11.901650 11.901650 11.901650 11.901650 11.901650 11.901650 276631549655.995911 11.901650 6.073465 6.073465 11.901650 11.901650 11.901650 169574.646530 6.073465 2443.828617 11.901650 11.901650 1.000000
11.836829 11.836829 11.836829 11.836829 11.836829 11.836829 11.836829 11.836829 11.836829 1608256.369897 6.041690 9.289173 823427.261388 11.836829 14.758192 55797601.604957 9.289173 6.041690 18.417338 11.836829 1.000000
11.900580 11.900580 11.900580 11.900580 11.900580 11.900580 11.900580 11.900580 11.900580 11.900580 7.518352 7.518352 11.900580 19008241322.075146 11.900580 6082637223.064077 6.072940 6.072940 11.900580 14.838082 1.000000
11.906462 11.906462 11.906462 11.906462 11.906462 11.906462 11.906462 11.906462 11.906462 1045512963.876251 6.075824 6.075824 2503.506579 11.906462 11.906462 3857262.014074 6.075824 168.013408 11.906462 11.906462 1.000000
11.900580 11.900580 11.900580 11.900580 11.900580 11.900580 11.900580 11.900580 11.900580 11.900580 7.518352 6.072940 11.900580 11.900580 11.900580 56648973590.359680 7.518352 6.072940 6228620516.417644 14.838082 1.000000
11.825223 11.825223 11.825223 11.825223 11.825223 11.825223 11.825223 11.825223 11.825223 11.825223 6.036001 9.280146 11.825223 11.825223 333.692555 30249328842119594092003328.000000 7.471748 6.036001 11.825223 11.825223 1.000000
11.903680 11.903680 11.903680 11.903680 11.903680 11.903680 11.903680 11.903680 11.903680 11.903680 7.520269 7.520269 11.903680 424009.957439 11.903680 6084244502.673374 6.074460 6.074460 11.903680 662515.558496 1.000000
11.822925 11.822925 11.822925 11.822925 11.822925 11.822925 11.822925 11.822925 11.822925 11.822925 6.034875 7.470328 11.822925 11.822925 69.980269 859568181047463827340263424.000000 7.470328 6.034875 11.822925 11.822925 1.000000
11.901678 11.901678 11.901678 11.901678 11.901678 11.901678 11.901678 11.901678 11.901678 36415.963980 6.073478 6.073478 11.901678 36770726.768948 14.839458 109585305.359806 6.073478 6.073478 18.519086 11.901678 1.000000
11.910036 11.910036 11.910036 11.910036 11.910036 11.910036 11.910036 11.910036 11.910036 14926.602498 7.524200 6.077576 420.148887 11.910036 111211.854459 87730684.172391 6.077576 6.077576 11.910036 525.185038 1.000000
11.901005 11.901005 11.901005 11.901005 11.901005 11.901005 11.901005 11.901005 11.901005 7710938.460622 6.073149 7.518615 11.901005 11.901005 11.901005 46208151377384976.000000 9.339091 6.073149 11.901005 11.901005 1.000000
11.830329 11.830329 11.830329 11.830329 11.830329 11.830329 11.830329 11.830329 2009200.653152 11.830329 6.038504 6.038504 18.407140 822968.587532 11.830329 44613216.524420 6.038504 7.474906 18.407140 11.830329 1.000000
11.902405 11.902405 11.902405 11.902405 11.902405 11.902405 11.902405 11.902405 11.902405 11.902405 7.519481 6.073835 23.126032 11.902405 6109.963926 24124658557501499768832.000000 7.519481 6.073835 11.902405 11.902405 1.000000
11.768381 11.768381 11.768381 11.768381 11.768381 11.768381 11.768381 11.768381 11.768381 3865.715493 7.436600 6.008144 11.768381 14746.533401 69.652892 86672333.137037 6.008144 132.832492 23041.458377 11.768381 1.000000
11.816449 11.816449 11.816449 11.816449 11.816449 11.816449 11.816449 11.816449 112485564761.780182 11.816449 6.031702 6.031702 11.816449 11.816449 11.816449 518748106.286809 6.031702 6.031702 11.816449 11.816449 1.000000
11.898853 11.898853 11.898853 11.898853 11.898853 11.898853 11.898853 11.898853 11.898853 11.898853 7.517284 6.072093 11.898853 11.898853 11.898853 138282805610.911774 7.517284 6.072093 11.898853 4982163134.568383 1.000000
11.900397 11.900397 11.900397 11.900397 11.900397 11.900397 11.900397 11.900397 11.900397 11.900397 6.072850 6.072850 1601.416885 175317355.164724 11.900397 7603178293.760248 7.518239 6.072850 11.900397 11.900397 1.000000
11.908056 11.908056 11.908056 11.908056 11.908056 11.908056 11.908056 11.908056 138991.386023 2503.846616 6.076605 7.522976 11.908056 138991.386023 11.908056 14716285.417466 6.076605 6.076605 18.529093 11.908056 1.000000
11.900396 11.900396 11.900396 11.900396 11.900396 11.900396 11.900396 11.900396 7785654076.611391 11.900396 7.518238 6.072850 11.900396 819.926293 11.900396 14706684.743443 6.072850 6.072850 11.900396 11.900396 1.000000
11.905405 11.905405 11.905405 11.905405 11.905405 11.905405 11.905405 11.905405 7713829.501841 11.905405 7.521336 7.521336 662612.908748 11.905405 11.905405 11770369.723268 6.075305 6.075305 11.905405 14.844128 1.000000
11.904932 11.904932 11.904932 11.904932 11.904932 11.904932 11.904932 11.904932 11.904932 11.904932 7.521043 6.075074 11.904932 11.904932 11.904932 6026186.513188 6.075074 69477.200233 7788663517.714608 11.904932 1.000000
11.892277 11.892277 11.892277 11.892277 11.892277 11.892277 11.892277 11.892277 140156823.116286 11.892277 6.068870 6.068870 11.892277 11.892277 11.892277 272561891109101.406250 6.068870 6.068870 11.892277 11.892277 1.000000
11.889168 11.889168 11.889168 11.889168 11.889168 11.889168 11.889168 11.889168 11.889168 11.889168 6.067346 6.067346 11.889168 14.823781 11.889168 24569245728839763951418867712.000000 6.067346 6.067346 11.889168 11.889168 1.000000
11.897112 11.897112 11.897112 11.897112 11.897112 11.897112 11.897112 11.897112 11.897112 529715.848569 6.071240 6.071240 11.897112 11.897112 11.897112 109542670.024236 6.071240 6.071240 4933363.279023 11.897112 1.000000
11.909417 11.909417 11.909417 11.909417 11.909417 11.909417 11.909417 11.909417 45.132670 11.909417 6.077273 7.523818 11.909417 11.909417 11.909417 28746077.234717 6.077273 5970.326828 11.909417 3191455681.363541 1.000000
11.909752 11.909752 11.909752 11.909752 11.909752 11.909752 11.909752 11.909752 11.909752 11.909752 6.077437 7.524024 6173348.826312 11.909752 11.909752 11774728.443741 6.077437 3821.118106 11.909752 45551.274373 1.000000
11.900396 11.900396 11.900396 11.900396 11.900396 11.900396 11.900396 11.900396 11.900396 11.900396 6.072850 7.518238 819.926293 11.900396 11.900396 7603177809.190849 6.072850 6.072850 342416687.483035 11.900396 1.000000
11.895749 11.895749 11.895749 11.895749 11.895749 11.895749 11.895749 11.895749 11.895749 11.895749 6.070572 7.515364 11.895749 14.832028 11.895749 15733144801880111351435624448.000000 7.515364 6.070572 11.895749 11.895749 1.000000
11.895566 11.895566 11.895566 11.895566 11.895566 11.895566 11.895566 11.895566 11.895566 11.895566 6.070482 7.515251 11.895566 11.895566 11.895566 70780962223.984985 6.070482 6.070482 7782449099.044557 11.895566 1.000000
11.892277 11.892277 11.892277 11.892277 11.892277 11.892277 11.892277 11.892277 11.892277 11.892277 6.068870 6.068870 11.892277 11.892277 23743489392.397430 9497395756.958973 6.068870 6.068870 11.892277 11.892277 1.000000
11.897112 11.897112 11.897112 11.897112 11.897112 11.897112 11.897112 11.897112 18819287.410822 423772.678856 6.071240 6.071240 11.897112 11.897112 11.897112 11762054.631764 6.071240 6.071240 11.897112 11.897112 1.000000
11.909746 11.909746 11.909746 11.909746 11.909746 11.909746 11.909746 11.909746 11.909746 11.909746 6.077434 6.077434 11.909746 9552.789826 336.111883 18577236369.234734 7.524021 18577236369.234852 11.909746 11.909746 1.000000
11.895749 11.895749 11.895749 11.895749 11.895749 11.895749 11.895749 11.895749 11.895749 11.895749 6.070572 7.515364 11.895749 14.832028 11.895749 15733144801880111351435624448.000000 7.515364 6.070572 11.895749 11.895749 1.000000
11.816449 11.816449 11.816449 11.816449 11.816449 11.816449 11.816449 11.816449 11.816449 11.816449 6.031702 6.031702 57036957.474913 11.816449 11.816449 2017610869240217.000000 6.031702 6.031702 11.816449 11.816449 1.000000
11.892277 11.892277 11.892277 11.892277 11.892277 11.892277 11.892277 11.892277 11.892277 11.892277 6.068870 6.068870 11.892277 11.892277 23743489392.397430 9497395756.958973 6.068870 6.068870 11.892277 11.892277 1.000000
11.900397 11.900397 11.900397 11.900397 11.900397 11.900397 11.900397 11.900397 11.900397 11.900397 6.072851 7.518239 45514.988675 11.900397 11.900397 7603178465.704328 6.072851 6.072851 11.900397 6168431.197243 1.000000
11.901650 11.901650 11.901650 11.901650 11.901650 11.901650 11.901650 11.901650 11.901650 11.901650 6.073465 6.073465 11.901650 23762469244.499912 11.901650 14708256.055027 6.073465 3818.481847 11.901650 11.901650 1.000000
11.890283 11.890283 11.890283 11.890283 11.890283 11.890283 11.890283 11.890283 11.890283 11.890283 6.067892 6.067892 11.890283 11.890283 11.890283 15725812632258411973272666112.000000 6.067892 6.067892 11.890283 18.501207 1.000000
11.898407 11.898407 11.898407 11.898407 11.898407 11.898407 11.898407 11.898407 11.898407 141596209833.058960 6.071875 7.517008 11.898407 11.898407 11.898407 87643808.781699 6.071875 6.071875 18.513954 11.898407 1.000000
11.897112 11.897112 11.897112 11.897112 11.897112 11.897112 11.897112 11.897112 15055429.928660 11.897112 6.071240 6.071240 11.897112 11.897112 11.897112 11762054.631765 6.071240 6.071240 529715.848569 11.897112 1.000000
11.900394 11.900394 11.900394 11.900394 11.900394 11.900394 11.900394 11.900394 419.803917 11.900394 6.072849 6.072849 11.900394 11.900394 11.900394 334391215.073501 7.518237 6.072849 3189003134.474764 11.900394 1.000000
11.892277 11.892277 11.892277 11.892277 11.892277 11.892277 11.892277 11.892277 11.892277 11.892277 6.068870 6.068870 11.892277 529497.507066 11.892277 19097027972228780032.000000 6.068870 6.068870 11.892277 11.892277 1.000000
11.897720 11.897720 11.897720 11.897720 11.897720 11.897720 11.897720 11.897720 11.897720 11.897720 6.071538 9.336536 11.897720 11.897720 11.897720 138269456916.564941 6.071538 6.071538 11.897720 4981682197.169292 1.000000
11.900397 11.900397 11.900397 11.900397 11.900397 11.900397 11.900397 11.900397 11.900397 11.900397 7.518239 6.072851 11.900397 2021271.534764 138900.722217 7603178465.894464 6.072851 6.072851 11.900397 11.900397 1.000000
11.899952 11.899952 11.899952 11.899952 11.899952 11.899952 11.899952 11.899952 89759077.020850 18642.230999 6.072632 6.072632 11.899952 11.899952 11.899952 109569185.816468 6.072632 6.072632 18.516378 11.899952 1.000000
11.819758 11.819758 11.819758 11.819758 11.819758 11.819758 11.819758 11.819758 11.819758 11.819758 6.033323 7.468369 11.819758 11.819758 11.819758 137350477074.235046 6.033323 6.033323 6185715573.706870 11.819758 1.000000
11.889168 11.889168 11.889168 11.889168 11.889168 11.889168 11.889168 11.889168 11.889168 11.889168 6.067346 6.067346 11.889168 14.823781 11.889168 24569245728839763951418867712.000000 6.067346 6.067346 11.889168 11.889168 1.000000
11.898548 11.898548 11.898548 11.898548 11.898548 11.898548 11.898548 11.898548 14.835536 11.898548 6.071944 6.071944 11.898548 11.898548 11.898548 426105719370756.562500 6.071944 340884575496605.312500 11.898548 11.898548 1.000000
11.898548 11.898548 11.898548 11.898548 11.898548 11.898548 11.898548 11.898548 14.835536 11.898548 6.071944 6.071944 11.898548 11.898548 11.898548 426105719370756.562500 6.071944 340884575496605.312500 11.898548 11.898548 1.000000
11.903644 11.903644 11.903644 11.903644 11.903644 11.903644 11.903644 11.903644 11.903644 11.903644 7.520247 7.520247 11.903644 137.605943 11.903644 3893904546.480892 6.074442 6.074442 11.903644 2551909283.581709 1.000000
11.901650 11.901650 11.901650 11.901650 11.901650 11.901650 11.901650 11.901650 11.901650 11.901650 6.073465 6.073465 11.901650 11.901650 23762469217.889412 18385320.048195 6.073465 3054.785592 11.901650 11.901650 1.000000
11.901832 11.901832 11.901832 11.901832 11.901832 11.901832 11.901832 11.901832 14.839652 11.901832 6.073554 6.073554 11.901832 11.901832 11.901832 18928192667877236.000000 7.519126 6142549707947.541992 11.901832 11.901832 1.000000
11.889168 11.889168 11.889168 11.889168 11.889168 11.889168 11.889168 11.889168 11.889168 11.889168 6.067346 6.067346 11.889168 14.823781 11.889168 24569245728839763951418867712.000000 6.067346 6.067346 11.889168 11.889168 1.000000
11.901650 11.901650 11.901650 11.901650 11.901650 11.901650 11.901650 11.901650 1601.587850 11.901650 6.073465 6.073465 11.901650 11.901650 11.901650 3175574395515385.500000 6.073465 3893242880.652159 11.901650 11.901650 1.000000
11.892277 11.892277 11.892277 11.892277 11.892277 11.892277 11.892277 11.892277 11.892277 11.892277 6.068870 6.068870 11.892277 11.892277 23743489392.397430 9497395756.958941 6.068870 6.068870 11.892277 11.892277 1.000000
11.892277 11.892277 11.892277 11.892277 11.892277 11.892277 11.892277 11.892277 11.892277 11.892277 6.068870 6.068870 11.892277 11.892277 11.892277 45728297205058.750000 6.068870 6.068870 342179743.936244 11.892277 1.000000
11.895749 11.895749 11.895749 11.895749 11.895749 11.895749 11.895749 11.895749 11.895749 11.895749 6.070572 7.515364 11.895749 14.832028 11.895749 15733144801880111351435624448.000000 7.515364 6.070572 11.895749 11.895749 1.000000
11.889168 11.889168 11.889168 11.889168 11.889168 11.889168 11.889168 11.889168 11.889168 11.889168 6.067346 6.067346 11.889168 14.823781 11.889168 24569245728839763951418867712.000000 6.067346 6.067346 11.889168 11.889168 1.000000
11.892277 11.892277 11.892277 11.892277 11.892277 11.892277 11.892277 11.892277 11.892277 221128476712.829926 6.068870 6.068870 11.892277 11.892277 11.892277 109497518.059598 6.068870 6.068870 11.892277 11.892277 1.000000
11.829180 11.829180 11.829180 11.829180 11.829180 11.829180 11.829180 11.829180 11.829180 11.829180 6.037941 7.474196 11.829180 11.829180 11.829180 655467749105.863159 6.037941 524374199284.688599 9487.247617 11.829180 1.000000
11.816449 11.816449 11.816449 11.816449 11.816449 11.816449 11.816449 11.816449 11.816449 11.816449 6.031702 6.031702 11.816449 11.816449 11.816449 1291270956313741.250000 6.031702 6.031702 71296196.843641 11.816449 1.000000
11.901832 11.901832 11.901832 11.901832 11.901832 11.901832 11.901832 11.901832 14.839652 11.901832 7.519126 6.073554 11.901832 11.901832 11.901832 532781259036555.937500 6.073554 218227203701373.937500 11.901832 11.901832 1.000000
11.895566 11.895566 11.895566 11.895566 11.895566 11.895566 11.895566 11.895566 11.895566 11.895566 7.515251 6.070482 23750149838.392807 11.895566 11.895566 7600047948.285705 6.070482 6.070482 11.895566 11.895566 1.000000
11.892189 11.892189 11.892189 11.892189 11.892189 11.892189 11.892189 11.892189 11.892189 11.892189 6.068827 6.068827 11.892189 11.892189 11.892189 691741030920041829773606912.000000 6.068827 6.068827 87.988568 11.892189 1.000000
11.898853 11.898853 11.898853 11.898853 11.898853 11.898853 11.898853 11.898853 11.898853 11.898853 7.517284 6.072093 11.898853 11.898853 11.898853 138282805610.912262 7.517284 6.072093 11.898853 4982163134.568419 1.000000
11.905405 11.905405 11.905405 11.905405 11.905405 11.905405 11.905405 11.905405 1602.100296 11.905405 7.521336 6.075305 3987956292.642506 14.844128 11.905405 7533036.452610 7.521336 6.075305 11.905405 11.905405 1.000000
11.895749 11.895749 11.895749 11.895749 11.895749 11.895749 11.895749 11.895749 11.895749 11.895749 7.515364 6.070572 11.895749 14.832028 11.895749 15733144801880111351435624448.000000 7.515364 6.070572 11.895749 11.895749 1.000000
11.898548 11.898548 11.898548 11.898548 11.898548 11.898548 11.898548 11.898548 14.835536 11.898548 6.071944 6.071944 11.898548 11.898548 11.898548 340884575496605.562500 6.071944 426105719370756.187500 11.898548 11.898548 1.000000
11.892459 11.892459 11.892459 11.892459 11.892459 11.892459 11.892459 11.892459 11.892459 11.892459 7.513330 6.068959 11.892459 14.827906 11.892459 19660915940463687084573458432.000000 6.068959 6.068959 11.892459 11.892459 1.000000
11.894007 11.894007 11.894007 11.894007 11.894007 11.894007 11.894007 11.894007 11.894007 176928874575.064819 6.069718 6.069718 11.894007 11.894007 11.894007 109513668.971087 6.069718 6.069718 14.829845 11.894007 1.000000
11.897294 11.897294 11.897294 11.897294 11.897294 11.897294 11.897294 11.897294 11.897294 11.897294 7.516320 6.071329 11.897294 11.897294 11.897294 70791391113.464981 6.071329 6.071329 6226876614.055516 14.833965 1.000000
11.889168 11.889168 11.889168 11.889168 11.889168 11.889168 11.889168 11.889168 11.889168 11.889168 6.067346 6.067346 11.889168 14.823781 11.889168 24569245728839763951418867712.000000 6.067346 6.067346 11.889168 11.889168 1.000000
11.898548 11.898548 11.898548 11.898548 11.898548 11.898548 11.898548 11.898548 14.835536 11.898548 6.071944 6.071944 11.898548 11.898548 11.898548 426105719370756.562500 6.071944 340884575496605.312500 11.898548 11.898548 1.000000
11.819758 11.819758 11.819758 11.819758 11.819758 11.819758 11.819758 11.819758 11.819758 11.819758 7.468369 6.033323 11.819758 137946.066887 11.819758 276179488546240135168.000000 6.033323 6.033323 11.819758 11.819758 1.000000
11.892277 11.892277 11.892277 11.892277 11.892277 11.892277 11.892277 11.892277 11.892277 11.892277 6.068870 6.068870 2549437760.831748 11.892277 11.892277 823767769011.961670 6.068870 6.068870 11.892277 11.892277 1.000000
11.818190 11.818190 11.818190 11.818190 11.818190 11.818190 11.818190 11.818190 11.818190 140627966227.209869 6.032555 6.032555 11.818190 11.818190 11.818190 212510974.164960 6.032555 6.032555 14.734835 11.818190 1.000000
11.892459 11.892459 11.892459 11.892459 11.892459 11.892459 11.892459 11.892459 11.892459 11.892459 7.513330 6.068959 11.892459 14.827906 11.892459 19660915940463687084573458432.000000 6.068959 6.068959 11.892459 11.892459 1.000000
11.816449 11.816449 11.816449 11.816449 11.816449 11.816449 11.816449 11.816449 11.816449 11.816449 6.031702 6.031702 89120246.054551 11.816449 11.816449 826413412040790.000000 6.031702 6.031702 11.816449 11.816449 1.000000
11.892459 11.892459 11.892459 11.892459 11.892459 11.892459 11.892459 11.892459 11.892459 11.892459 6.068959 6.068959 11.892459 14.827906 11.892459 19660915940463687084573458432.000000 7.513330 6.068959 11.892459 11.892459 1.000000
11.889168 11.889168 11.889168 11.889168 11.889168 11.889168 11.889168 11.889168 11.889168 11.889168 6.067346 6.067346 11.889168 14.823781 11.889168 24569245728839763951418867712.000000 6.067346 6.067346 11.889168 11.889168 1.000000
11.889168 11.889168 11.889168 11.889168 11.889168 11.889168 11.889168 11.889168 11.889168 11.889168 6.067346 6.067346 11.889168 14.823781 11.889168 24569245728839763951418867712.000000 6.067346 6.067346 11.889168 11.889168 1.000000
11.892277 11.892277 11.892277 11.892277 11.892277 11.892277 11.892277 11.892277 11.892277 11.892277 6.068870 6.068870 12039379.431914 11.892277 11.892277 36939024309655808.000000 6.068870 6.068870 11.892277 11.892277 1.000000
11.889168 11.889168 11.889168 11.889168 11.889168 11.889168 11.889168 11.889168 11.889168 11.889168 6.067346 6.067346 11.889168 14.823781 11.889168 24569245728839763951418867712.000000 6.067346 6.067346 11.889168 11.889168 1.000000
11.892459 11.892459 11.892459 11.892459 11.892459 11.892459 11.892459 11.892459 11.892459 11.892459 6.068959 7.513330 11.892459 14.827906 11.892459 19660915940463687084573458432.000000 6.068959 6.068959 11.892459 11.892459 1.000000
11.897112 11.897112 11.897112 11.897112 11.897112 11.897112 11.897112 11.897112 11.897112 11.897112 6.071240 6.071240 11.897112 11.897112 11.897112 88487863815.200836 6.071240 6.071240 3908.613317 23524109.174074 1.000000
11.889168 11.889168 11.889168 11.889168 11.889168 11.889168 11.889168 11.889168 11.889168 11.889168 6.067346 6.067346 11.889168 14.823781 11.889168 24569245728839763951418867712.000000 6.067346 6.067346 11.889168 11.889168 1.000000
11.901832 11.901832 11.901832 11.901832 11.901832 11.901832 11.901832 11.901832 14.839652 11.901832 6.073554 7.519126 11.901832 11.901832 11.901832 272784004626717.375000 6.073554 426225007229244.750000 11.901832 11.901832 1.000000
11.889168 11.889168 11.889168 11.889168 11.889168 11.889168 11.889168 11.889168 11.889168 11.889168 6.067346 6.067346 11.889168 14.823781 11.889168 24569245728839763951418867712.000000 6.067346 6.067346 11.889168 11.889168 1.000000
11.818190 11.818190 11.818190 11.818190 11.818190 11.818190 11.818190 11.818190 11.818190 9663880253.581715 6.032555 6.032555 11.818190 11.818190 14.734835 45000949192.707039 6.032555 6.032555 11.818190 11.818190 1.000000
11.889168 11.889168 11.889168 11.889168 11.889168 11.889168 11.889168 11.889168 11.889168 11.889168 6.067346 6.067346 11.889168 14.823781 11.889168 24569245728839763951418867712.000000 6.067346 6.067346 11.889168 11.889168 1.000000
11.816449 11.816449 11.816449 11.816449 11.816449 11.816449 11.816449 11.816449 11.816449 11.816449 6.031702 6.031702 29202922.227155 11.816449 11.816449 7696574665985920.000000 6.031702 6.031702 11.816449 11.816449 1.000000
11.895566 11.895566 11.895566 11.895566 11.895566 11.895566 11.895566 11.895566 675019857635.356079 11.895566 6.070482 6.070482 11.895566 11.895566 11.895566 9408403.655672 7.515251 6.070482 11.895566 11.895566 1.000000
11.889168 11.889168 11.889168 11.889168 11.889168 11.889168 11.889168 11.889168 11.889168 11.889168 6.067346 6.067346 11.889168 14.823781 11.889168 24569245728839763951418867712.000000 6.067346 6.067346 11.889168 11.889168 1.000000
11.816449 11.816449 11.816449 11.816449 11.816449 11.816449 11.816449 11.816449 11.816449 11.816449 6.031701 6.031701 1017.574250 11.816449 11.816449 6338969457517237725298688.000000 6.031701 6.031701 11.816449 11.816449 1.000000
11.892277 11.892277 11.892277 11.892277 11.892277 11.892277 11.892277 11.892277 11.892277 11.892277 6.068870 6.068870 11.892277 11.892277 11.892277 88451390685.131332 6.068870 6.068870 7780266604.100780 11.892277 1.000000
11.892277 11.892277 11.892277 11.892277 11.892277 11.892277 11.892277 11.892277 11.892277 11.892277 6.068870 6.068870 11.892277 11.892277 23743489392.397430 9497395756.958973 6.068870 6.068870 11.892277 11.892277 1.000000
11.889168 11.889168 11.889168 11.889168 11.889168 11.889168 11.889168 11.889168 11.889168 11.889168 6.067346 6.067346 11.889168 14.823781 11.889168 24569245728839763951418867712.000000 6.067346 6.067346 11.889168 11.889168 1.000000
11.889168 11.889168 11.889168 11.889168 11.889168 11.889168 11.889168 11.889168 11.889168 11.889168 6.067346 6.067346 11.889168 14.823781 11.889168 24569245728839763951418867712.000000 6.067346 6.067346 11.889168 11.889168 1.000000
11.892459 11.892459 11.892459 11.892459 11.892459 11.892459 11.892459 11.892459 11.892459 11.892459 7.513330 6.068959 11.892459 14.827906 11.892459 19660915940463687084573458432.000000 6.068959 6.068959 11.892459 11.892459 1.000000
11.889168 11.889168 11.889168 11.889168 11.889168 11.889168 11.889168 11.889168 11.889168 11.889168 6.067346 6.067346 11.889168 14.823781 11.889168 24569245728839763951418867712.000000 6.067346 6.067346 11.889168 11.889168 1.000000
11.889168 11.889168 11.889168 11.889168 11.889168 11.889168 11.889168 11.889168 11.889168 11.889168 6.067346 6.067346 11.889168 14.823781 11.889168 24569245728839763951418867712.000000 6.067346 6.067346 11.889168 11.889168 1.000000
11.816448 11.816448 11.816448 11.816448 11.816448 11.816448 11.816448 11.816448 11.816448 814.059817 6.031701 6.031701 11.816448 11.816448 11.816448 9904639464435613696000000.000000 6.031701 6.031701 11.816448 11.816448 1.000000
11.889168 11.889168 11.889168 11.889168 11.889168 11.889168 11.889168 11.889168 11.889168 11.889168 6.067346 6.067346 11.889168 14.823781 11.889168 24569245728839763951418867712.000000 6.067346 6.067346 11.889168 11.889168 1.000000
11.889168 11.889168 11.889168 11.889168 11.889168 11.889168 11.889168 11.889168 11.889168 11.889168 6.067346 6.067346 11.889168 14.823781 11.889168 24569245728839763951418867712.000000 6.067346 6.067346 11.889168 11.889168 1.000000
11.892459 11.892459 11.892459 11.892459 11.892459 11.892459 11.892459 11.892459 11.892459 11.892459 7.513330 6.068959 11.892459 14.827906 11.892459 19660915940463687084573458432.000000 6.068959 6.068959 11.892459 11.892459 1.000000
11.892459 11.892459 11.892459 11.892459 11.892459 11.892459 11.892459 11.892459 11.892459 11.892459 7.513330 6.068959 11.892459 14.827906 11.892459 19660915940463687084573458432.000000 6.068959 6.068959 11.892459 11.892459 1.000000
11.898548 11.898548 11.898548 11.898548 11.898548 11.898548 11.898548 11.898548 14.835536 11.898548 6.071944 6.071944 11.898548 11.898548 11.898548 1070997914872656456318976.000000 6.071944 135623.856270 11.898548 11.898548 1.000000
11.889168 11.889168 11.889168 11.889168 11.889168 11.889168 11.889168 11.889168 11.889168 11.889168 6.067346 6.067346 11.889168 14.823781 11.889168 24569245728839763951418867712.000000 6.067346 6.067346 11.889168 11.889168 1.000000
11.892459 11.892459 11.892459 11.892459 11.892459 11.892459 11.892459 11.892459 11.892459 11.892459 7.513330 6.068959 11.892459 14.827906 11.892459 19660915940463687084573458432.000000 6.068959 6.068959 11.892459 11.892459 1.000000
11.889168 11.889168 11.889168 11.889168 11.889168 11.889168 11.889168 11.889168 11.889168 11.889168 6.067346 6.067346 11.889168 14.823781 11.889168 24569245728839763951418867712.000000 6.067346 6.067346 11.889168 11.889168 1.000000
11.889168 11.889168 11.889168 11.889168 11.889168 11.889168 11.889168 11.889168 11.889168 11.889168 6.067346 6.067346 11.889168 14.823781 11.889168 24569245728839763951418867712.000000 6.067346 6.067346 11.889168 11.889168 1.000000
11.889168 11.889168 11.889168 11.889168 11.889168 11.889168 11.889168 11.889168 11.889168 11.889168 6.067346 6.067346 11.889168 14.823781 11.889168 24569245728839763951418867712.000000 6.067346 6.067346 11.889168 11.889168 1.000000
11.889168 11.889168 11.889168 11.889168 11.889168 11.889168 11.889168 11.889168 11.889168 11.889168 6.067346 6.067346 11.889168 14.823781 11.889168 24569245728839763951418867712.000000 6.067346 6.067346 11.889168 11.889168 1.000000
11.889168 11.889168 11.889168 11.889168 11.889168 11.889168 11.889168 11.889168 11.889168 11.889168 6.067346 6.067346 11.889168 14.823781 11.889168 24569245728839763951418867712.000000 6.067346 6.067346 11.889168 11.889168 1.000000
11.889168 11.889168 11.889168 11.889168 11.889168 11.889168 11.889168 11.889168 11.889168 11.889168 6.067346 6.067346 11.889168 14.823781 11.889168 24569245728839763951418867712.000000 6.067346 6.067346 11.889168 11.889168 1.000000
11.892277 11.892277 11.892277 11.892277 11.892277 11.892277 11.892277 11.892277 11.892277 11.892277 6.068870 6.068870 11.892277 11.892277 11.892277 88451390685.131638 6.068870 6.068870 7780266604.100780 11.892277 1.000000
11.889168 11.889168 11.889168 11.889168 11.889168 11.889168 11.889168 11.889168 11.889168 11.889168 6.067346 6.067346 11.889168 14.823781 11.889168 24569245728839763951418867712.000000 6.067346 6.067346 11.889168 11.889168 1.000000
11.892277 11.892277 11.892277 11.892277 11.892277 11.892277 11.892277 11.892277 11.892277 11.892277 6.068870 6.068870 111043.675602 11.892277 11.892277 434216144006825312256.000000 6.068870 6.068870 11.892277 11.892277 1.000000
11.892277 11.892277 11.892277 11.892277 11.892277 11.892277 11.892277 11.892277 11.892277 11.892277 6.068870 6.068870 11.892277 11.892277 11.892277 215945778039.872162 6.068870 6.068870 11.892277 4979370626.624530 1.000000
11.889168 11.889168 11.889168 11.889168 11.889168 11.889168 11.889168 11.889168 11.889168 11.889168 6.067346 6.067346 11.889168 14.823781 11.889168 24569245728839763951418867712.000000 6.067346 6.067346 11.889168 11.889168 1.000000
11.889168 11.889168 11.889168 11.889168 11.889168 11.889168 11.889168 11.889168 11.889168 11.889168 6.067346 6.067346 11.889168 14.823781 11.889168 24569245728839763951418867712.000000 6.067346 6.067346 11.889168 11.889168 1.000000
11.889168 11.889168 11.889168 11.889168 11.889168 11.889168 11.889168 11.889168 11.889168 11.889168 6.067346 6.067346 11.889168 14.823781 11.889168 24569245728839763951418867712.000000 6.067346 6.067346 11.889168 11.889168 1.000000
11.889168 11.889168 11.889168 11.889168 11.889168 11.889168 11.889168 11.889168 11.889168 11.889168 6.067346 6.067346 11.889168 14.823781 11.889168 24569245728839763951418867712.000000 6.067346 6.067346 11.889168 11.889168 1.000000
11.889168 11.889168 11.889168 11.889168 11.889168 11.889168 11.889168 11.889168 11.889168 11.889168 6.067346 6.067346 11.889168 14.823781 11.889168 24569245728839763951418867712.000000 6.067346 6.067346 11.889168 11.889168 1.000000
11.889168 11.889168 11.889168 11.889168 11.889168 11.889168 11.889168 11.889168 11.889168 11.889168 6.067346 6.067346 11.889168 14.823781 11.889168 24569245728839763951418867712.000000 6.067346 6.067346 11.889168 11.889168 1.000000
11.889168 11.889168 11.889168 11.889168 11.889168 11.889168 11.889168 11.889168 11.889168 11.889168 6.067346 6.067346 11.889168 14.823781 11.889168 24569245728839763951418867712.000000 6.067346 6.067346 11.889168 11.889168 1.000000
11.889168 11.889168 11.889168 11.889168 11.889168 11.889168 11.889168 11.889168 11.889168 11.889168 6.067346 6.067346 11.889168 14.823781 11.889168 24569245728839763951418867712.000000 6.067346 6.067346 11.889168 11.889168 1.000000
11.889168 11.889168 11.889168 11.889168 11.889168 11.889168 11.889168 11.889168 11.889168 11.889168 6.067346 6.067346 11.889168 14.823781 11.889168 24569245728839763951418867712.000000 6.067346 6.067346 11.889168 11.889168 1.000000
11.889168 11.889168 11.889168 11.889168 11.889168 11.889168 11.889168 11.889168 11.889168 11.889168 6.067346 6.067346 11.889168 14.823781 11.889168 24569245728839763951418867712.000000 6.067346 6.067346 11.889168 11.889168 1.000000
11.889168 11.889168 11.889168 11.889168 11.889168 11.889168 11.889168 11.889168 11.889168 11.889168 6.067346 6.067346 11.889168 14.823781 11.889168 24569245728839763951418867712.000000 6.067346 6.067346 11.889168 11.889168 1.000000
11.889168 11.889168 11.889168 11.889168 11.889168 11.889168 11.889168 11.889168 11.889168 11.889168 6.067346 6.067346 11.889168 14.823781 11.889168 24569245728839763951418867712.000000 6.067346 6.067346 11.889168 11.889168 1.000000
11.889168 11.889168 11.889168 11.889168 11.889168 11.889168 11.889168 11.889168 11.889168 11.889168 6.067346 6.067346 11.889168 14.823781 11.889168 24569245728839763951418867712.000000 6.067346 6.067346 11.889168 11.889168 1.000000
11.889168 11.889168 11.889168 11.889168 11.889168 11.889168 11.889168 11.889168 11.889168 11.889168 6.067346 6.067346 11.889168 14.823781 11.889168 24569245728839763951418867712.000000 6.067346 6.067346 11.889168 11.889168 1.000000
11.889168 11.889168 11.889168 11.889168 11.889168 11.889168 11.889168 11.889168 11.889168 11.889168 6.067346 6.067346 11.889168 14.823781 11.889168 24569245728839763951418867712.000000 6.067346 6.067346 11.889168 11.889168 1.000000
11.889168 11.889168 11.889168 11.889168 11.889168 11.889168 11.889168 11.889168 11.889168 11.889168 6.067346 6.067346 11.889168 14.823781 11.889168 24569245728839763951418867712.000000 6.067346 6.067346 11.889168 11.889168 1.000000
11.889168 11.889168 11.889168 11.889168 11.889168 11.889168 11.889168 11.889168 11.889168 11.889168 6.067346 6.067346 11.889168 14.823781 11.889168 24569245728839763951418867712.000000 6.067346 6.067346 11.889168 11.889168 1.000000
11.889168 11.889168 11.889168 11.889168 11.889168 11.889168 11.889168 11.889168 11.889168 11.889168 6.067346 6.067346 11.889168 14.823781 11.889168 24569245728839763951418867712.000000 6.067346 6.067346 11.889168 11.889168 1.000000
11.889168 11.889168 11.889168 11.889168 11.889168 11.889168 11.889168 11.889168 11.889168 11.889168 6.067346 6.067346 11.889168 14.823781 11.889168 24569245728839763951418867712.000000 6.067346 6.067346 11.889168 11.889168 1.000000
11.816449 11.816449 11.816449 11.816449 11.816449 11.816449 11.816449 11.816449 11.816449 11.816449 6.031702 6.031702 11.816449 11.816449 11.816449 56790697243055.484375 6.031702 6.031702 339966758.936125 11.816449 1.000000
11.892277 11.892277 11.892277 11.892277 11.892277 11.892277 11.892277 11.892277 11.892277 173505.743120 6.068870 6.068870 11.892277 11.892277 11.892277 177854932585691676672.000000 6.068870 6.068870 11.892277 11.892277 1.000000
11.889168 11.889168 11.889168 11.889168 11.889168 11.889168 11.889168 11.889168 11.889168 11.889168 6.067346 6.067346 11.889168 14.823781 11.889168 24569245728839763951418867712.000000 6.067346 6.067346 11.889168 11.889168 1.000000
11.816449 11.816449 11.816449 11.816449 11.816449 11.816449 11.816449 11.816449 269349.416268 11.816449 6.031702 6.031702 11.816449 11.816449 11.816449 90472800405411168256.000000 6.031702 6.031702 11.816449 11.816449 1.000000
11.889168 11.889168 11.889168 11.889168 11.889168 11.889168 11.889168 11.889168 11.889168 11.889168 6.067346 6.067346 11.889168 14.823781 11.889168 24569245728839763951418867712.000000 6.067346 6.067346 11.889168 11.889168 1.000000
11.889168 11.889168 11.889168 11.889168 11.889168 11.889168 11.889168 11.889168 11.889168 11.889168 6.067346 6.067346 11.889168 14.823781 11.889168 24569245728839763951418867712.000000 6.067346 6.067346 11.889168 11.889168 1.000000
11.889168 11.889168 11.889168 11.889168 11.889168 11.889168 11.889168 11.889168 11.889168 11.889168 6.067346 6.067346 11.889168 14.823781 11.889168 24569245728839763951418867712.000000 6.067346 6.067346 11.889168 11.889168 1.000000
11.889168 11.889168 11.889168 11.889168 11.889168 11.889168 11.889168 11.889168 11.889168 11.889168 6.067346 6.067346 11.889168 14.823781 11.889168 24569245728839763951418867712.000000 6.067346 6.067346 11.889168 11.889168 1.000000
11.889168 11.889168 11.889168 11.889168 11.889168 11.889168 11.889168 11.889168 11.889168 11.889168 6.067346 6.067346 11.889168 14.823781 11.889168 24569245728839763951418867712.000000 6.067346 6.067346 11.889168 11.889168 1.000000
11.889168 11.889168 11.889168 11.889168 11.889168 11.889168 11.889168 11.889168 11.889168 11.889168 6.067346 6.067346 11.889168 14.823781 11.889168 24569245728839763951418867712.000000 6.067346 6.067346 11.889168 11.889168 1.000000
11.889168 11.889168 11.889168 11.889168 11.889168 11.889168 11.889168 11.889168 11.889168 11.889168 6.067346 6.067346 11.889168 14.823781 11.889168 24569245728839763951418867712.000000 6.067346 6.067346 11.889168 11.889168 1.000000
11.889168 11.889168 11.889168 11.889168 11.889168 11.889168 11.889168 11.889168 11.889168 11.889168 6.067346 6.067346 11.889168 14.823781 11.889168 24569245728839763951418867712.000000 6.067346 6.067346 11.889168 11.889168 1.000000
11.889168 11.889168 11.889168 11.889168 11.889168 11.889168 11.889168 11.889168 11.889168 11.889168 6.067346 6.067346 11.889168 14.823781 11.889168 24569245728839763951418867712.000000 6.067346 6.067346 11.889168 11.889168 1.000000
11.889168 11.889168 11.889168 11.889168 11.889168 11.889168 11.889168 11.889168 11.889168 11.889168 6.067346 6.067346 11.889168 14.823781 11.889168 24569245728839763951418867712.000000 6.067346 6.067346 11.889168 11.889168 1.000000
11.889168 11.889168 11.889168 11.889168 11.889168 11.889168 11.889168 11.889168 11.889168 11.889168 6.067346 6.067346 11.889168 14.823781 11.889168 24569245728839763951418867712.000000 6.067346 6.067346 11.889168 11.889168 1.000000
11.889168 11.889168 11.889168 11.889168 11.889168 11.889168 11.889168 11.889168 11.889168 11.889168 6.067346 6.067346 11.889168 14.823781 11.889168 24569245728839763951418867712.000000 6.067346 6.067346 11.889168 11.889168 1.000000
11.889168 11.889168 11.889168 11.889168 11.889168 11.889168 11.889168 11.889168 11.889168 11.889168 6.067346 6.067346 11.889168 14.823781 11.889168 24569245728839763951418867712.000000 6.067346 6.067346 11.889168 11.889168 1.000000
11.889168 11.889168 11.889168 11.889168 11.889168 11.889168 11.889168 11.889168 11.889168 11.889168 6.067346 6.067346 11.889168 14.823781 11.889168 24569245728839763951418867712.000000 6.067346 6.067346 11.889168 11.889168 1.000000
11.889168 11.889168 11.889168 11.889168 11.889168 11.889168 11.889168 11.889168 11.889168 11.889168 6.067346 6.067346 11.889168 14.823781 11.889168 24569245728839763951418867712.000000 6.067346 6.067346 11.889168 11.889168 1.000000
11.889168 11.889168 11.889168 11.889168 11.889168 11.889168 11.889168 11.889168 11.889168 11.889168 6.067346 6.067346 11.889168 14.823781 11.889168 24569245728839763951418867712.000000 6.067346 6.067346 11.889168 11.889168 1.000000
11.889168 11.889168 11.889168 11.889168 11.889168 11.889168 11.889168 11.889168 11.889168 11.889168 6.067346 6.067346 11.889168 14.823781 11.889168 24569245728839763951418867712.000000 6.067346 6.067346 11.889168 11.889168 1.000000
11.889168 11.889168 11.889168 11.889168 11.889168 11.889168 11.889168 11.889168 11.889168 11.889168 6.067346 6.067346 11.889168 14.823781 11.889168 24569245728839763951418867712.000000 6.067346 6.067346 11.889168 11.889168 1.000000
11.889168 11.889168 11.889168 11.889168 11.889168 11.889168 11.889168 11.889168 11.889168 11.889168 6.067346 6.067346 11.889168 14.823781 11.889168 24569245728839763951418867712.000000 6.067346 6.067346 11.889168 11.889168 1.000000
11.889168 11.889168 11.889168 11.889168 11.889168 11.889168 11.889168 11.889168 11.889168 11.889168 6.067346 6.067346 11.889168 14.823781 11.889168 24569245728839763951418867712.000000 6.067346 6.067346 11.889168 11.889168 1.000000
11.889168 11.889168 11.889168 11.889168 11.889168 11.889168 11.889168 11.889168 11.889168 11.889168 6.067346 6.067346 11.889168 14.823781 11.889168 24569245728839763951418867712.000000 6.067346 6.067346 11.889168 11.889168 1.000000
11.889168 11.889168 11.889168 11.889168 11.889168 11.889168 11.889168 11.889168 11.889168 11.889168 6.067346 6.067346 11.889168 14.823781 11.889168 24569245728839763951418867712.000000 6.067346 6.067346 11.889168 11.889168 1.000000
11.889168 11.889168 11.889168 11.889168 11.889168 11.889168 11.889168 11.889168 11.889168 11.889168 6.067346 6.067346 11.889168 14.823781 11.889168 24569245728839763951418867712.000000 6.067346 6.067346 11.889168 11.889168 1.000000
11.892459 11.892459 11.892459 11.892459 11.892459 11.892459 11.892459 11.892459 11.892459 11.892459 7.513330 6.068959 11.892459 14.827906 11.892459 19660915940463687084573458432.000000 6.068959 6.068959 11.892459 11.892459 1.000000
11.889168 11.889168 11.889168 11.889168 11.889168 11.889168 11.889168 11.889168 11.889168 11.889168 6.067346 6.067346 11.889168 14.823781 11.889168 24569245728839763951418867712.000000 6.067346 6.067346 11.889168 11.889168 1.000000
11.889168 11.889168 11.889168 11.889168 11.889168 11.889168 11.889168 11.889168 11.889168 11.889168 6.067346 6.067346 11.889168 14.823781 11.889168 24569245728839763951418867712.000000 6.067346 6.067346 11.889168 11.889168 1.000000
11.892459 11.892459 11.892459 11.892459 11.892459 11.892459 11.892459 11.892459 11.892459 11.892459 7.513330 6.068959 11.892459 14.827906 11.892459 19660915940463687084573458432.000000 6.068959 6.068959 11.892459 11.892459 1.000000
11.889168 11.889168 11.889168 11.889168 11.889168 11.889168 11.889168 11.889168 11.889168 11.889168 6.067346 6.067346 11.889168 14.823781 11.889168 24569245728839763951418867712.000000 6.067346 6.067346 11.889168 11.889168 1.000000
11.889168 11.889168 11.889168 11.889168 11.889168 11.889168 11.889168 11.889168 11.889168 11.889168 6.067346 6.067346 11.889168 14.823781 11.889168 24569245728839763951418867712.000000 6.067346 6.067346 11.889168 11.889168 1.000000
11.889168 11.889168 11.889168 11.889168 11.889168 11.889168 11.889168 11.889168 11.889168 11.889168 6.067346 6.067346 11.889168 14.823781 11.889168 24569245728839763951418867712.000000 6.067346 6.067346 11.889168 11.889168 1.000000
11.889168 11.889168 11.889168 11.889168 11.889168 11.889168 11.889168 11.889168 11.889168 11.889168 6.067346 6.067346 11.889168 14.823781 11.889168 24569245728839763951418867712.000000 6.067346 6.067346 11.889168 11.889168 1.000000
11.889168 11.889168 11.889168 11.889168 11.889168 11.889168 11.889168 11.889168 11.889168 11.889168 6.067346 6.067346 11.889168 14.823781 11.889168 24569245728839763951418867712.000000 6.067346 6.067346 11.889168 11.889168 1.000000
11.889168 11.889168 11.889168 11.889168 11.889168 11.889168 11.889168 11.889168 11.889168 11.889168 6.067346 6.067346 11.889168 14.823781 11.889168 24569245728839763951418867712.000000 6.067346 6.067346 11.889168 11.889168 1.000000
11.889168 11.889168 11.889168 11.889168 11.889168 11.889168 11.889168 11.889168 11.889168 11.889168 6.067346 6.067346 11.889168 14.823781 11.889168 24569245728839763951418867712.000000 6.067346 6.067346 11.889168 11.889168 1.000000
11.889168 11.889168 11.889168 11.889168 11.889168 11.889168 11.889168 11.889168 11.889168 11.889168 6.067346 6.067346 11.889168 14.823781 11.889168 24569245728839763951418867712.000000 6.067346 6.067346 11.889168 11.889168 1.000000
11.889168 11.889168 11.889168 11.889168 11.889168 11.889168 11.889168 11.889168 11.889168 11.889168 6.067346 6.067346 11.889168 14.823781 11.889168 24569245728839763951418867712.000000 6.067346 6.067346 11.889168 11.889168 1.000000
11.816449 11.816449 11.816449 11.816449 11.816449 11.816449 11.816449 11.816449 11.816449 11.816449 6.031702 6.031702 11.816449 11.816449 11.816449 427245720246209472.000000 6.031702 6.031702 3919549.872290 11.816449 1.000000
11.889168 11.889168 11.889168 11.889168 11.889168 11.889168 11.889168 11.889168 11.889168 11.889168 6.067346 6.067346 11.889168 14.823781 11.889168 24569245728839763951418867712.000000 6.067346 6.067346 11.889168 11.889168 1.000000
11.889168 11.889168 11.889168 11.889168 11.889168 11.889168 11.889168 11.889168 11.889168 11.889168 6.067346 6.067346 11.889168 14.823781 11.889168 24569245728839763951418867712.000000 6.067346 6.067346 11.889168 11.889168 1.000000
11.889168 11.889168 11.889168 11.889168 11.889168 11.889168 11.889168 11.889168 11.889168 11.889168 6.067346 6.067346 11.889168 14.823781 11.889168 24569245728839763951418867712.000000 6.067346 6.067346 11.889168 11.889168 1.000000
11.889168 11.889168 11.889168 11.889168 11.889168 11.889168 11.889168 11.889168 11.889168 11.889168 6.067346 6.067346 11.889168 14.823781 11.889168 24569245728839763951418867712.000000 6.067346 6.067346 11.889168 11.889168 1.000000
11.889168 11.889168 11.889168 11.889168 11.889168 11.889168 11.889168 11.889168 11.889168 11.889168 6.067346 6.067346 11.889168 14.823781 11.889168 24569245728839763951418867712.000000 6.067346 6.067346 11.889168 11.889168 1.000000
11.889168 11.889168 11.889168 11.889168 11.889168 11.889168 11.889168 11.889168 11.889168 11.889168 6.067346 6.067346 11.889168 14.823781 11.889168 24569245728839763951418867712.000000 6.067346 6.067346 11.889168 11.889168 1.000000
11.889168 11.889168 11.889168 11.889168 11.889168 11.889168 11.889168 11.889168 11.889168 11.889168 6.067346 6.067346 11.889168 14.823781 11.889168 24569245728839763951418867712.000000 6.067346 6.067346 11.889168 11.889168 1.000000
11.889168 11.889168 11.889168 11.889168 11.889168 11.889168 11.889168 11.889168 11.889168 11.889168 6.067346 6.067346 11.889168 14.823781 11.889168 24569245728839763951418867712.000000 6.067346 6.067346 11.889168 11.889168 1.000000
11.889168 11.889168 11.889168 11.889168 11.889168 11.889168 11.889168 11.889168 11.889168 11.889168 6.067346 6.067346 11.889168 14.823781 11.889168 24569245728839763951418867712.000000 6.067346 6.067346 11.889168 11.889168 1.000000
11.889168 11.889168 11.889168 11.889168 11.889168 11.889168 11.889168 11.889168 11.889168 11.889168 6.067346 6.067346 11.889168 14.823781 11.889168 24569245728839763951418867712.000000 6.067346 6.067346 11.889168 11.889168 1.000000
11.889168 11.889168 11.889168 11.889168 11.889168 11.889168 11.889168 11.889168 11.889168 11.889168 6.067346 6.067346 11.889168 14.823781 11.889168 24569245728839763951418867712.000000 6.067346 6.067346 11.889168 11.889168 1.000000
11.889168 11.889168 11.889168 11.889168 11.889168 11.889168 11.889168 11.889168 11.889168 11.889168 6.067346 6.067346 11.889168 14.823781 11.889168 24569245728839763951418867712.000000 6.067346 6.067346 11.889168 11.889168 1.000000
11.889168 11.889168 11.889168 11.889168 11.889168 11.889168 11.889168 11.889168 11.889168 11.889168 6.067346 6.067346 11.889168 14.823781 11.889168 24569245728839763951418867712.000000 6.067346 6.067346 11.889168 11.889168 1.000000
11.889168 11.889168 11.889168 11.889168 11.889168 11.889168 11.889168 11.889168 11.889168 11.889168 6.067346 6.067346 11.889168 14.823781 11.889168 24569245728839763951418867712.000000 6.067346 6.067346 11.889168 11.889168 1.000000
11.889168 11.889168 11.889168 11.889168 11.889168 11.889168 11.889168 11.889168 11.889168 11.889168 6.067346 6.067346 11.889168 14.823781 11.889168 24569245728839763951418867712.000000 6.067346 6.067346 11.889168 11.889168 1.000000
11.889168 11.889168 11.889168 11.889168 11.889168 11.889168 11.889168 11.889168 11.889168 11.889168 6.067346 6.067346 11.889168 14.823781 11.889168 24569245728839763951418867712.000000 6.067346 6.067346 11.889168 11.889168 1.000000
11.889168 11.889168 11.889168 11.889168 11.889168 11.889168 11.889168 11.889168 11.889168 11.889168 6.067346 6.067346 11.889168 14.823781 11.889168 24569245728839763951418867712.000000 6.067346 6.067346 11.889168 11.889168 1.000000
11.889168 11.889168 11.889168 11.889168 11.889168 11.889168 11.889168 11.889168 11.889168 11.889168 6.067346 6.067346 11.889168 14.823781 11.889168 24569245728839763951418867712.000000 6.067346 6.067346 11.889168 11.889168 1.000000
11.889168 11.889168 11.889168 11.889168 11.889168 11.889168 11.889168 11.889168 11.889168 11.889168 6.067346 6.067346 11.889168 14.823781 11.889168 24569245728839763951418867712.000000 6.067346 6.067346 11.889168 11.889168 1.000000
11.889168 11.889168 11.889168 11.889168 11.889168 11.889168 11.889168 11.889168 11.889168 11.889168 6.067346 6.067346 11.889168 14.823781 11.889168 24569245728839763951418867712.000000 6.067346 6.067346 11.889168 11.889168 1.000000
11.889168 11.889168 11.889168 11.889168 11.889168 11.889168 11.889168 11.889168 11.889168 11.889168 6.067346 6.067346 11.889168 14.823781 11.889168 24569245728839763951418867712.000000 6.067346 6.067346 11.889168 11.889168 1.000000
11.889168 11.889168 11.889168 11.889168 11.889168 11.889168 11.889168 11.889168 11.889168 11.889168 6.067346 6.067346 11.889168 14.823781 11.889168 24569245728839763951418867712.000000 6.067346 6.067346 11.889168 11.889168 1.000000
11.889168 11.889168 11.889168 11.889168 11.889168 11.889168 11.889168 11.889168 11.889168 11.889168 6.067346 6.067346 11.889168 14.823781 11.889168 24569245728839763951418867712.000000 6.067346 6.067346 11.889168 11.889168 1.000000
11.889168 11.889168 11.889168 11.889168 11.889168 11.889168 11.889168 11.889168 11.889168 11.889168 6.067346 6.067346 11.889168 14.823781 11.889168 24569245728839763951418867712.000000 6.067346 6.067346 11.889168 11.889168 1.000000
11.889168 11.889168 11.889168 11.889168 11.889168 11.889168 11.889168 11.889168 11.889168 11.889168 6.067346 6.067346 11.889168 14.823781 11.889168 24569245728839763951418867712.000000 6.067346 6.067346 11.889168 11.889168 1.000000
11.889168 11.889168 11.889168 11.889168 11.889168 11.889168 11.889168 11.889168 11.889168 11.889168 6.067346 6.067346 11.889168 14.823781 11.889168 24569245728839763951418867712.000000 6.067346 6.067346 11.889168 11.889168 1.000000
11.889168 11.889168 11.889168 11.889168 11.889168 11.889168 11.889168 11.889168 11.889168 11.889168 6.067346 6.067346 11.889168 14.823781 11.889168 24569245728839763951418867712.000000 6.067346 6.067346 11.889168 11.889168 1.000000
11.889168 11.889168 11.889168 11.889168 11.889168 11.889168 11.889168 11.889168 11.889168 11.889168 6.067346 6.067346 11.889168 14.823781 11.889168 24569245728839763951418867712.000000 6.067346 6.067346 11.889168 11.889168 1.000000
11.889168 11.889168 11.889168 11.889168 11.889168 11.889168 11.889168 11.889168 11.889168 11.889168 6.067346 6.067346 11.889168 14.823781 11.889168 24569245728839763951418867712.000000 6.067346 6.067346 11.889168 11.889168 1.000000
11.889168 11.889168 11.889168 11.889168 11.889168 11.889168 11.889168 11.889168 11.889168 11.889168 6.067346 6.067346 11.889168 14.823781 11.889168 24569245728839763951418867712.000000 6.067346 6.067346 11.889168 11.889168 1.000000
11.889168 11.889168 11.889168 11.889168 11.889168 11.889168 11.889168 11.889168 11.889168 11.889168 6.067346 6.067346 11.889168 14.823781 11.889168 24569245728839763951418867712.000000 6.067346 6.067346 11.889168 11.889168 1.000000
11.889168 11.889168 11.889168 11.889168 11.889168 11.889168 11.889168 11.889168 11.889168 11.889168 6.067346 6.067346 11.889168 14.823781 11.889168 24569245728839763951418867712.000000 6.067346 6.067346 11.889168 11.889168 1.000000
11.889168 11.889168 11.889168 11.889168 11.889168 11.889168 11.889168 11.889168 11.889168 11.889168 6.067346 6.067346 11.889168 14.823781 11.889168 24569245728839763951418867712.000000 6.067346 6.067346 11.889168 11.889168 1.000000
11.889168 11.889168 11.889168 11.889168 11.889168 11.889168 11.889168 11.889168 11.889168 11.889168 6.067346 6.067346 11.889168 14.823781 11.889168 24569245728839763951418867712.000000 6.067346 6.067346 11.889168 11.889168 1.000000
11.889168 11.889168 11.889168 11.889168 11.889168 11.889168 11.889168 11.889168 11.889168 11.889168 6.067346 6.067346 11.889168 14.823781 11.889168 24569245728839763951418867712.000000 6.067346 6.067346 11.889168 11.889168 1.000000
11.889168 11.889168 11.889168 11.889168 11.889168 11.889168 11.889168 11.889168 11.889168 11.889168 6.067346 6.067346 11.889168 14.823781 11.889168 24569245728839763951418867712.000000 6.067346 6.067346 11.889168 11.889168 1.000000
11.889168 11.889168 11.889168 11.889168 11.889168 11.889168 11.889168 11.889168 11.889168 11.889168 6.067346 6.067346 11.889168 14.823781 11.889168 24569245728839763951418867712.000000 6.067346 6.067346 11.889168 11.889168 1.000000
11.889168 11.889168 11.889168 11.889168 11.889168 11.889168 11.889168 11.889168 11.889168 11.889168 6.067346 6.067346 11.889168 14.823781 11.889168 24569245728839763951418867712.000000 6.067346 6.067346 11.889168 11.889168 1.000000
11.889168 11.889168 11.889168 11.889168 11.889168 11.889168 11.889168 11.889168 11.889168 11.889168 6.067346 6.067346 11.889168 14.823781 11.889168 24569245728839763951418867712.000000 6.067346 6.067346 11.889168 11.889168 1.000000
11.889168 11.889168 11.889168 11.889168 11.889168 11.889168 11.889168 11.889168 11.889168 11.889168 6.067346 6.067346 11.889168 14.823781 11.889168 24569245728839763951418867712.000000 6.067346 6.067346 11.889168 11.889168 1.000000
11.889168 11.889168 11.889168 11.889168 11.889168 11.889168 11.889168 11.889168 11.889168 11.889168 6.067346 6.067346 11.889168 14.823781 11.889168 24569245728839763951418867712.000000 6.067346 6.067346 11.889168 11.889168 1.000000
11.889168 11.889168 11.889168 11.889168 11.889168 11.889168 11.889168 11.889168 11.889168 11.889168 6.067346 6.067346 11.889168 14.823781 11.889168 24569245728839763951418867712.000000 6.067346 6.067346 11.889168 11.889168 1.000000
11.889168 11.889168 11.889168 11.889168 11.889168 11.889168 11.889168 11.889168 11.889168 11.889168 6.067346 6.067346 11.889168 14.823781 11.889168 24569245728839763951418867712.000000 6.067346 6.067346 11.889168 11.889168 1.000000
11.889168 11.889168 11.889168 11.889168 11.889168 11.889168 11.889168 11.889168 11.889168 11.889168 6.067346 6.067346 11.889168 14.823781 11.889168 24569245728839763951418867712.000000 6.067346 6.067346 11.889168 11.889168 1.000000
11.889168 11.889168 11.889168 11.889168 11.889168 11.889168 11.889168 11.889168 11.889168 11.889168 6.067346 6.067346 11.889168 14.823781 11.889168 24569245728839763951418867712.000000 6.067346 6.067346 11.889168 11.889168 1.000000
11.889168 11.889168 11.889168 11.889168 11.889168 11.889168 11.889168 11.889168 11.889168 11.889168 6.067346 6.067346 11.889168 14.823781 11.889168 24569245728839763951418867712.000000 6.067346 6.067346 11.889168 11.889168 1.000000
11.889168 11.889168 11.889168 11.889168 11.889168 11.889168 11.889168 11.889168 11.889168 11.889168 6.067346 6.067346 11.889168 14.823781 11.889168 24569245728839763951418867712.000000 6.067346 6.067346 11.889168 11.889168 1.000000
11.889168 11.889168 11.889168 11.889168 11.889168 11.889168 11.889168 11.889168 11.889168 11.889168 6.067346 6.067346 11.889168 14.823781 11.889168 24569245728839763951418867712.000000 6.067346 6.067346 11.889168 11.889168 1.000000
11.889168 11.889168 11.889168 11.889168 11.889168 11.889168 11.889168 11.889168 11.889168 11.889168 6.067346 6.067346 11.889168 14.823781 11.889168 24569245728839763951418867712.000000 6.067346 6.067346 11.889168 11.889168 1.000000
11.889168 11.889168 11.889168 11.889168 11.889168 11.889168 11.889168 11.889168 11.889168 11.889168 6.067346 6.067346 11.889168 14.823781 11.889168 24569245728839763951418867712.000000 6.067346 6.067346 11.889168 11.889168 1.000000
11.889168 11.889168 11.889168 11.889168 11.889168 11.889168 11.889168 11.889168 11.889168 11.889168 6.067346 6.067346 11.889168 14.823781 11.889168 24569245728839763951418867712.000000 6.067346 6.067346 11.889168 11.889168 1.000000
11.889168 11.889168 11.889168 11.889168 11.889168 11.889168 11.889168 11.889168 11.889168 11.889168 6.067346 6.067346 11.889168 14.823781 11.889168 24569245728839763951418867712.000000 6.067346 6.067346 11.889168 11.889168 1.000000
11.889168 11.889168 11.889168 11.889168 11.889168 11.889168 11.889168 11.889168 11.889168 11.889168 6.067346 6.067346 11.889168 14.823781 11.889168 24569245728839763951418867712.000000 6.067346 6.067346 11.889168 11.889168 1.000000
11.889168 11.889168 11.889168 11.889168 11.889168 11.889168 11.889168 11.889168 11.889168 11.889168 6.067346 6.067346 11.889168 14.823781 11.889168 24569245728839763951418867712.000000 6.067346 6.067346 11.889168 11.889168 1.000000
11.889168 11.889168 11.889168 11.889168 11.889168 11.889168 11.889168 11.889168 11.889168 11.889168 6.067346 6.067346 11.889168 14.823781 11.889168 24569245728839763951418867712.000000 6.067346 6.067346 11.889168 11.889168 1.000000
11.889168 11.889168 11.889168 11.889168 11.889168 11.889168 11.889168 11.889168 11.889168 11.889168 6.067346 6.067346 11.889168 14.823781 11.889168 24569245728839763951418867712.000000 6.067346 6.067346 11.889168 11.889168 1.000000
11.889168 11.889168 11.889168 11.889168 11.889168 11.889168 11.889168 11.889168 11.889168 11.889168 6.067346 6.067346 11.889168 14.823781 11.889168 24569245728839763951418867712.000000 6.067346 6.067346 11.889168 11.889168 1.000000
11.889168 11.889168 11.889168 11.889168 11.889168 11.889168 11.889168 11.889168 11.889168 11.889168 6.067346 6.067346 11.889168 14.823781 11.889168 24569245728839763951418867712.000000 6.067346 6.067346 11.889168 11.889168 1.000000
11.889168 11.889168 11.889168 11.889168 11.889168 11.889168 11.889168 11.889168 11.889168 11.889168 6.067346 6.067346 11.889168 14.823781 11.889168 24569245728839763951418867712.000000 6.067346 6.067346 11.889168 11.889168 1.000000
11.889168 11.889168 11.889168 11.889168 11.889168 11.889168 11.889168 11.889168 11.889168 11.889168 6.067346 6.067346 11.889168 14.823781 11.889168 24569245728839763951418867712.000000 6.067346 6.067346 11.889168 11.889168 1.000000
11.889168 11.889168 11.889168 11.889168 11.889168 11.889168 11.889168 11.889168 11.889168 11.889168 6.067346 6.067346 11.889168 14.823781 11.889168 24569245728839763951418867712.000000 6.067346 6.067346 11.889168 11.889168 1.000000
11.889168 11.889168 11.889168 11.889168 11.889168 11.889168 11.889168 11.889168 11.889168 11.889168 6.067346 6.067346 11.889168 14.823781 11.889168 24569245728839763951418867712.000000 6.067346 6.067346 11.889168 11.889168 1.000000
11.889168 11.889168 11.889168 11.889168 11.889168 11.889168 11.889168 11.889168 11.889168 11.889168 6.067346 6.067346 11.889168 14.823781 11.889168 24569245728839763951418867712.000000 6.067346 6.067346 11.889168 11.889168 1.000000
11.889168 11.889168 11.889168 11.889168 11.889168 11.889168 11.889168 11.889168 11.889168 11.889168 6.067346 6.067346 11.889168 14.823781 11.889168 24569245728839763951418867712.000000 6.067346 6.067346 11.889168 11.889168 1.000000
11.889168 11.889168 11.889168 11.889168 11.889168 11.889168 11.889168 11.889168 11.889168 11.889168 6.067346 6.067346 11.889168 14.823781 11.889168 24569245728839763951418867712.000000 6.067346 6.067346 11.889168 11.889168 1.000000
11.889168 11.889168 11.889168 11.889168 11.889168 11.889168 11.889168 11.889168 11.889168 11.889168 6.067346 6.067346 11.889168 14.823781 11.889168 24569245728839763951418867712.000000 6.067346 6.067346 11.889168 11.889168 1.000000
11.889168 11.889168 11.889168 11.889168 11.889168 11.889168 11.889168 11.889168 11.889168 11.889168 6.067346 6.067346 11.889168 14.823781 11.889168 24569245728839763951418867712.000000 6.067346 6.067346 11.889168 11.889168 1.000000
11.889168 11.889168 11.889168 11.889168 11.889168 11.889168 11.889168 11.889168 11.889168 11.889168 6.067346 6.067346 11.889168 14.823781 11.889168 24569245728839763951418867712.000000 6.067346 6.067346 11.889168 11.889168 1.000000
11.889168 11.889168 11.889168 11.889168 11.889168 11.889168 11.889168 11.889168 11.889168 11.889168 6.067346 6.067346 11.889168 14.823781 11.889168 24569245728839763951418867712.000000 6.067346 6.067346 11.889168 11.889168 1.000000
11.889168 11.889168 11.889168 11.889168 11.889168 11.889168 11.889168 11.889168 11.889168 11.889168 6.067346 6.067346 11.889168 14.823781 11.889168 24569245728839763951418867712.000000 6.067346 6.067346 11.889168 11.889168 1.000000
11.889168 11.889168 11.889168 11.889168 11.889168 11.889168 11.889168 11.889168 11.889168 11.889168 6.067346 6.067346 11.889168 14.823781 11.889168 24569245728839763951418867712.000000 6.067346 6.067346 11.889168 11.889168 1.000000
11.889168 11.889168 11.889168 11.889168 11.889168 11.889168 11.889168 11.889168 11.889168 11.889168 6.067346 6.067346 11.889168 14.823781 11.889168 24569245728839763951418867712.000000 6.067346 6.067346 11.889168 11.889168 1.000000
11.889168 11.889168 11.889168 11.889168 11.889168 11.889168 11.889168 11.889168 11.889168 11.889168 6.067346 6.067346 11.889168 14.823781 11.889168 24569245728839763951418867712.000000 6.067346 6.067346 11.889168 11.889168 1.000000
11.889168 11.889168 11.889168 11.889168 11.889168 11.889168 11.889168 11.889168 11.889168 11.889168 6.067346 6.067346 11.889168 14.823781 11.889168 24569245728839763951418867712.000000 6.067346 6.067346 11.889168 11.889168 1.000000
11.889168 11.889168 11.889168 11.889168 11.889168 11.889168 11.889168 11.889168 11.889168 11.889168 6.067346 6.067346 11.889168 14.823781 11.889168 24569245728839763951418867712.000000 6.067346 6.067346 11.889168 11.889168 1.000000
11.889168 11.889168 11.889168 11.889168 11.889168 11.889168 11.889168 11.889168 11.889168 11.889168 6.067346 6.067346 11.889168 14.823781 11.889168 24569245728839763951418867712.000000 6.067346 6.067346 11.889168 11.889168 1.000000
11.889168 11.889168 11.889168 11.889168 11.889168 11.889168 11.889168 11.889168 11.889168 11.889168 6.067346 6.067346 11.889168 14.823781 11.889168 24569245728839763951418867712.000000 6.067346 6.067346 11.889168 11.889168 1.000000
11.889168 11.889168 11.889168 11.889168 11.889168 11.889168 11.889168 11.889168 11.889168 11.889168 6.067346 6.067346 11.889168 14.823781 11.889168 24569245728839763951418867712.000000 6.067346 6.067346 11.889168 11.889168 1.000000
11.889168 11.889168 11.889168 11.889168 11.889168 11.889168 11.889168 11.889168 11.889168 11.889168 6.067346 6.067346 11.889168 14.823781 11.889168 24569245728839763951418867712.000000 6.067346 6.067346 11.889168 11.889168 1.000000
11.889168 11.889168 11.889168 11.889168 11.889168 11.889168 11.889168 11.889168 11.889168 11.889168 6.067346 6.067346 11.889168 14.823781 11.889168 24569245728839763951418867712.000000 6.067346 6.067346 11.889168 11.889168 1.000000
11.889168 11.889168 11.889168 11.889168 11.889168 11.889168 11.889168 11.889168 11.889168 11.889168 6.067346 6.067346 11.889168 14.823781 11.889168 24569245728839763951418867712.000000 6.067346 6.067346 11.889168 11.889168 1.000000
11.889168 11.889168 11.889168 11.889168 11.889168 11.889168 11.889168 11.889168 11.889168 11.889168 6.067346 6.067346 11.889168 14.823781 11.889168 24569245728839763951418867712.000000 6.067346 6.067346 11.889168 11.889168 1.000000
11.889168 11.889168 11.889168 11.889168 11.889168 11.889168 11.889168 11.889168 11.889168 11.889168 6.067346 6.067346 11.889168 14.823781 11.889168 24569245728839763951418867712.000000 6.067346 6.067346 11.889168 11.889168 1.000000
11.889168 11.889168 11.889168 11.889168 11.889168 11.889168 11.889168 11.889168 11.889168 11.889168 6.067346 6.067346 11.889168 14.823781 11.889168 24569245728839763951418867712.000000 6.067346 6.067346 11.889168 11.889168 1.000000
11.889168 11.889168 11.889168 11.889168 11.889168 11.889168 11.889168 11.889168 11.889168 11.889168 6.067346 6.067346 11.889168 14.823781 11.889168 24569245728839763951418867712.000000 6.067346 6.067346 11.889168 11.889168 1.000000
11.889168 11.889168 11.889168 11.889168 11.889168 11.889168 11.889168 11.889168 11.889168 11.889168 6.067346 6.067346 11.889168 14.823781 11.889168 24569245728839763951418867712.000000 6.067346 6.067346 11.889168 11.889168 1.000000
11.889168 11.889168 11.889168 11.889168 11.889168 11.889168 11.889168 11.889168 11.889168 11.889168 6.067346 6.067346 11.889168 14.823781 11.889168 24569245728839763951418867712.000000 6.067346 6.067346 11.889168 11.889168 1.000000
11.889168 11.889168 11.889168 11.889168 11.889168 11.889168 11.889168 11.889168 11.889168 11.889168 6.067346 6.067346 11.889168 14.823781 11.889168 24569245728839763951418867712.000000 6.067346 6.067346 11.889168 11.889168 1.000000
11.889168 11.889168 11.889168 11.889168 11.889168 11.889168 11.889168 11.889168 11.889168 11.889168 6.067346 6.067346 11.889168 14.823781 11.889168 24569245728839763951418867712.000000 6.067346 6.067346 11.889168 11.889168 1.000000
11.889168 11.889168 11.889168 11.889168 11.889168 11.889168 11.889168 11.889168 11.889168 11.889168 6.067346 6.067346 11.889168 14.823781 11.889168 24569245728839763951418867712.000000 6.067346 6.067346 11.889168 11.889168 1.000000
11.889168 11.889168 11.889168 11.889168 11.889168 11.889168 11.889168 11.889168 11.889168 11.889168 6.067346 6.067346 11.889168 14.823781 11.889168 24569245728839763951418867712.000000 6.067346 6.067346 11.889168 11.889168 1.000000
11.889168 11.889168 11.889168 11.889168 11.889168 11.889168 11.889168 11.889168 11.889168 11.889168 6.067346 6.067346 11.889168 14.823781 11.889168 24569245728839763951418867712.000000 6.067346 6.067346 11.889168 11.889168 1.000000
11.889168 11.889168 11.889168 11.889168 11.889168 11.889168 11.889168 11.889168 11.889168 11.889168 6.067346 6.067346 11.889168 14.823781 11.889168 24569245728839763951418867712.000000 6.067346 6.067346 11.889168 11.889168 1.000000
11.889168 11.889168 11.889168 11.889168 11.889168 11.889168 11.889168 11.889168 11.889168 11.889168 6.067346 6.067346 11.889168 14.823781 11.889168 24569245728839763951418867712.000000 6.067346 6.067346 11.889168 11.889168 1.000000
11.889168 11.889168 11.889168 11.889168 11.889168 11.889168 11.889168 11.889168 11.889168 11.889168 6.067346 6.067346 11.889168 14.823781 11.889168 24569245728839763951418867712.000000 6.067346 6.067346 11.889168 11.889168 1.000000
11.889168 11.889168 11.889168 11.889168 11.889168 11.889168 11.889168 11.889168 11.889168 11.889168 6.067346 6.067346 11.889168 14.823781 11.889168 24569245728839763951418867712.000000 6.067346 6.067346 11.889168 11.889168 1.000000
11.889168 11.889168 11.889168 11.889168 11.889168 11.889168 11.889168 11.889168 11.889168 11.889168 6.067346 6.067346 11.889168 14.823781 11.889168 24569245728839763951418867712.000000 6.067346 6.067346 11.889168 11.889168 1.000000
11.889168 11.889168 11.889168 11.889168 11.889168 11.889168 11.889168 11.889168 11.889168 11.889168 6.067346 6.067346 11.889168 14.823781 11.889168 24569245728839763951418867712.000000 6.067346 6.067346 11.889168 11.889168 1.000000
11.892459 11.892459 11.892459 11.892459 11.892459 11.892459 11.892459 11.892459 11.892459 11.892459 7.513330 6.068959 11.892459 14.827906 11.892459 19660915940463687084573458432.000000 6.068959 6.068959 11.892459 11.892459 1.000000
11.889168 11.889168 11.889168 11.889168 11.889168 11.889168 11.889168 11.889168 11.889168 11.889168 6.067346 6.067346 11.889168 14.823781 11.889168 24569245728839763951418867712.000000 6.067346 6.067346 11.889168 11.889168 1.000000
