0.000000 0.000000 0.000000 0.000000 0.000000 0.000000 0.000000 0.000000 0.000000 0.000000 0.000000 0.000000 0.000000 0.000000 0.000000 0.000000 0.000000 0.000000 0.000000 0.000000 0.000000
11.806234 11.806234 11.806234 11.806234 11.806234 11.806234 11.806234 11.806234 2482.131502 109.174440 43.689001 22.401689 4847.912509 136.463928 44.736452 328507.315641 85.297099 43.689001 55.910509 520.542541 1.000000
11.880112 11.880112 11.880112 11.880112 11.880112 11.880112 11.880112 11.880112 3122.359113 70.323489 18.054561 35.183058 6098.357180 214.571523 36.026104 645688.664615 28.159220 35.183058 87.897964 419.078289 1.000000
11.879783 11.879783 11.879783 11.879783 11.879783 11.879783 11.879783 11.879783 1598.603392 137.326214 68.674028 35.182070 4878.548687 56.263608 87.895494 1970430.039916 22.542694 14.468051 70.321514 523.832064 1.000000
11.880055 11.880055 11.880055 11.880055 11.880055 11.880055 11.880055 11.880055 3122.343836 45.019925 35.182886 43.965823 9528.636323 109.866798 87.897534 1008883.602336 22.543215 28.159083 28.833218 654.804422 1.000000
11.881386 11.881386 11.881386 11.881386 11.881386 11.881386 11.881386 11.881386 1998.527475 70.331135 43.970815 85.847728 6099.020471 109.879283 28.836487 211602.274144 134.126331 54.953288 70.331135 523.903764 1.000000
11.805128 11.805128 11.805128 11.805128 11.805128 11.805128 11.805128 11.805128 3102.369466 28.649210 133.253245 34.958177 9467.679378 136.450967 28.649210 328476.109947 22.399569 85.288999 69.873454 650.615503 1.000000
11.803996 11.803996 11.803996 11.803996 11.803996 11.803996 11.803996 11.803996 4846.980198 44.727857 27.976681 34.954780 6058.725155 266.469296 170.543811 801865.575724 14.375324 27.976681 28.646428 266.469296 1.000000
11.804724 11.804724 11.804724 11.804724 11.804724 11.804724 11.804724 11.804724 1985.447874 69.871031 17.939064 27.978429 1588.358526 136.446233 4847.283825 641532.645257 27.978429 34.956966 28.648218 109.160284 1.000000
11.879844 11.879844 11.879844 11.879844 11.879844 11.879844 11.879844 11.879844 2497.830255 70.321880 22.542811 18.054150 7622.771905 171.655386 87.895952 169259.534699 35.182253 409.246887 28.832700 419.068696 1.000000
11.805674 11.805674 11.805674 11.805674 11.805674 11.805674 11.805674 11.805674 3102.515027 87.339475 17.940519 27.980707 6059.599197 69.876731 69.876731 410614.402195 34.959814 68.239674 87.339475 520.517515 1.000000
11.879676 11.879676 11.879676 11.879676 11.879676 11.879676 11.879676 11.879676 1998.235672 56.263093 28.158174 18.053892 1278.871292 171.652920 36.024763 645664.606680 28.158174 28.158174 70.320870 7622.662376 1.000000
11.880114 11.880114 11.880114 11.880114 11.880114 11.880114 11.880114 11.880114 4878.686407 23.082267 54.947323 35.183062 9528.684093 109.867349 45.020150 516550.994032 28.159224 35.183062 214.571549 214.571549 1.000000
11.880280 11.880280 11.880280 11.880280 11.880280 11.880280 11.880280 11.880280 4878.755540 87.899220 22.543646 28.159622 6098.444333 137.332036 56.265992 645697.892277 22.543646 43.966666 45.020787 419.084278 1.000000
11.879250 11.879250 11.879250 11.879250 11.879250 11.879250 11.879250 11.879250 6097.908474 28.831242 28.157153 35.180473 6097.908474 109.859253 70.318317 807051.444926 14.467400 35.180473 137.319970 335.239038 1.000000
11.880298 11.880298 11.880298 11.880298 11.880298 11.880298 11.880298 11.880298 3903.010691 70.324605 43.966735 28.159666 7623.067387 109.869079 45.020859 645698.912506 22.543682 35.183615 36.026675 818.521836 1.000000
11.876958 11.876958 11.876958 11.876958 11.876958 11.876958 11.876958 11.876958 3901.897524 56.250044 54.932526 11.602556 6096.714644 109.837749 171.613084 1575963.755756 11.602556 35.173597 56.250044 268.140068 1.000000
11.880392 11.880392 11.880392 11.880392 11.880392 11.880392 11.880392 11.880392 2497.946979 109.869954 54.948625 68.677594 7623.128117 45.021217 36.026961 645704.056529 35.183895 18.054988 87.900058 654.823235 1.000000
11.803005 11.803005 11.803005 11.803005 11.803005 11.803005 11.803005 11.803005 4846.567526 44.724053 22.395499 133.228934 18488.187157 87.319447 18.364267 1002246.631108 17.936430 34.951809 35.789296 813.120298 1.000000
11.881038 11.881038 11.881038 11.881038 11.881038 11.881038 11.881038 11.881038 1998.468028 109.876015 85.845176 22.545100 7623.548746 137.340924 36.028946 330618.718810 107.301228 35.185833 56.269632 335.290196 1.000000
11.881084 11.881084 11.881084 11.881084 11.881084 11.881084 11.881084 11.881084 2498.094602 45.023875 35.185971 43.969681 2498.094602 523.890234 268.234551 413275.018457 22.545188 68.681650 109.876446 56.269852 1.000000
11.877955 11.877955 11.877955 11.877955 11.877955 11.877955 11.877955 11.877955 6097.233820 28.828060 35.176587 18.051255 11908.659569 214.531999 28.828060 1260878.367705 14.465814 35.176587 87.881776 335.201948 1.000000
11.877150 11.877150 11.877150 11.877150 11.877150 11.877150 11.877150 11.877150 4877.452080 87.875741 11.602744 14.464830 6096.815007 109.839556 87.875741 806906.725870 22.537647 22.537647 137.295349 268.144482 1.000000
11.803443 11.803443 11.803443 11.803443 11.803443 11.803443 11.803443 11.803443 6058.437624 35.790643 34.953124 14.374648 7573.046956 136.431213 87.322737 801827.521366 14.374648 54.587872 55.897113 416.335054 1.000000
11.880245 11.880245 11.880245 11.880245 11.880245 11.880245 11.880245 11.880245 1278.933452 137.331631 43.966537 43.966537 3122.394535 1998.332798 56.265826 1008899.984042 28.159539 18.054764 109.868582 36.026512 1.000000
11.804478 11.804478 11.804478 11.804478 11.804478 11.804478 11.804478 11.804478 1588.324848 55.902079 17.938686 17.938686 18490.527562 333.098733 87.330498 641519.043014 43.682416 22.398322 55.902079 213.185959 1.000000
11.866455 11.866455 11.866455 11.866455 11.866455 11.866455 11.866455 11.866455 18589.008115 18.463822 28.126468 7.497247 14871.206516 523.235972 18.463822 1007712.146236 9.312217 54.883288 18.463822 817.554444 1.000000
11.872626 11.872626 11.872626 11.872626 11.872626 11.872626 11.872626 11.872626 14879.050954 18.473504 14.459295 11.598327 11903.240794 335.049425 28.814974 330381.297588 11.598327 261.758852 28.814974 654.389107 1.000000
11.872900 11.872900 11.872900 11.872900 11.872900 11.872900 11.872900 11.872900 7618.252377 23.068104 18.043511 14.459630 70950.502971 1022.505486 18.473934 1969272.049787 18.043511 18.043511 18.473934 137.245518 1.000000
11.867513 11.867513 11.867513 11.867513 11.867513 11.867513 11.867513 11.867513 36309.939541 18.465482 9.313040 11.593336 18590.689085 11.867513 70.247873 1574692.612121 18.035258 22.519171 44.971764 1996.160536 1.000000
11.794168 11.794168 11.794168 11.794168 11.794168 11.794168 11.794168 11.794168 23092.680266 18.350401 9.255991 14.363299 18474.144232 332.803600 22.913525 1956026.098900 11.521734 27.953112 18.350401 812.502684 1.000000
11.868075 11.868075 11.868075 11.868075 11.868075 11.868075 11.868075 11.868075 18591.583127 23.058633 14.453727 9.313477 14873.266526 267.936681 23.058633 1574768.340434 43.920903 7.498249 35.989138 654.134705 1.000000
11.849300 11.849300 11.849300 11.849300 11.849300 11.849300 11.849300 11.849300 18561.750155 35.931477 6.047803 6.047803 29002.734568 171.207768 11.849300 2456627.171001 7.486638 28.085329 14.773821 3114.145229 1.000000
11.798659 11.798659 11.798659 11.798659 11.798659 11.798659 11.798659 11.798659 18481.281345 14.710359 17.929772 14.368794 11828.020111 812.816577 35.775949 1252340.332852 17.929772 22.387167 22.922344 332.932170 1.000000
11.870030 11.870030 11.870030 11.870030 11.870030 11.870030 11.870030 11.870030 11900.600843 28.808599 22.523996 11.595793 14875.751016 267.981437 23.062470 2460986.556432 35.152821 7.499458 23.062470 817.804280 1.000000
11.873734 11.873734 11.873734 11.873734 11.873734 11.873734 11.873734 11.873734 23250.717460 18.475243 18.044789 14.460650 28.817695 18.475243 45411.557477 806671.306740 18.044789 43.942121 36.006515 1597.777761 1.000000
11.865514 11.865514 11.865514 11.865514 11.865514 11.865514 11.865514 11.865514 18587.512659 23.053603 6.055750 18.032195 9516.806559 214.304096 23.053603 2460036.809969 9.311485 28.124211 70.235875 653.991489 1.000000
11.869089 11.869089 11.869089 11.869089 11.869089 11.869089 11.869089 11.869089 14874.554782 35.992250 11.594874 7.498876 18593.193448 334.948181 18.467955 1007939.033552 28.132785 18.037673 23.060623 817.738516 1.000000
11.874245 11.874245 11.874245 11.874245 11.874245 11.874245 11.874245 11.874245 14881.109311 23.070746 11.599908 18.045572 29064.666525 214.464049 28.818951 1969498.409498 18.045572 14.461276 44.997616 268.077962 1.000000
11.871748 11.871748 11.871748 11.871748 11.871748 11.871748 11.871748 11.871748 523.472701 87.835210 18.041746 11.597470 270628.055596 1996.883093 28.812818 1575262.609357 9.316334 22.527290 70.273290 18.472127 1.000000
11.871746 11.871746 11.871746 11.871746 11.871746 11.871746 11.871746 11.871746 4875.201018 18.472124 18.041743 18.041743 29058.461298 11.871746 28.812813 135314.004800 22.527286 14529.230701 28.812813 2496.103217 1.000000
11.872443 11.872443 11.872443 11.872443 11.872443 11.872443 11.872443 11.872443 7617.955326 335.044197 22.528623 14.459071 3900.393316 23.067208 268.036701 169152.585164 7.500951 1560.157865 28.814526 171.546930 1.000000
11.872451 11.872451 11.872451 11.872451 11.872451 11.872451 11.872451 11.872451 14878.828500 28.814544 9.316881 14.459081 11903.062830 214.431179 44.990726 1575357.237388 11.598157 28.140848 28.814544 654.379323 1.000000
11.870137 11.870137 11.870137 11.870137 11.870137 11.870137 11.870137 11.870137 9520.568017 109.773784 9.315081 9.315081 29054.467539 35.995470 28.808862 1575045.839452 14.456250 22.524202 23.062681 1597.286869 1.000000
11.875208 11.875208 11.875208 11.875208 11.875208 11.875208 11.875208 11.875208 1278.383439 23.072636 14.462454 11.600848 23253.645102 87.861169 23.072636 135354.028665 54.924324 28385.797226 28.821315 1022.707103 1.000000
11.794670 11.794670 11.794670 11.794670 11.794670 11.794670 11.794670 11.794670 28867.097174 18.351189 11.522224 14.363913 18474.942223 266.255732 28.623525 1956110.589499 11.522224 22.379518 14.705360 812.537780 1.000000
11.871407 11.871407 11.871407 11.871407 11.871407 11.871407 11.871407 11.871407 23246.095014 14.801524 14.457803 9.316068 9521.600605 214.412046 109.785688 1008138.666761 14.457803 22.526635 35.999368 418.766807 1.000000
11.862685 11.862685 11.862685 11.862685 11.862685 11.862685 11.862685 11.862685 18583.018110 44.953226 18.027862 18.027862 45368.696448 11.862685 18.457907 3074302.451714 28.117428 6.054364 23.048050 3117.713399 1.000000
11.863614 11.863614 11.863614 11.863614 11.863614 11.863614 11.863614 11.863614 23230.618395 18.459365 11.589530 6.054819 18584.494735 214.269303 28.792843 2459637.391157 14.448269 18.029286 18.459365 1277.117533 1.000000
11.870090 11.870090 11.870090 11.870090 11.870090 11.870090 11.870090 11.870090 11900.661721 23.062588 14.456192 35.153001 18594.783862 267.982808 11.870090 1008025.250068 54.900330 9.315044 28.808746 1022.260029 1.000000
11.871831 11.871831 11.871831 11.871831 11.871831 11.871831 11.871831 11.871831 9521.946011 28.813022 9.316399 18.041874 29058.672842 44.988346 23.066006 2461365.327136 11.597551 22.527449 36.000672 2496.121388 1.000000
11.859970 11.859970 11.859970 11.859970 11.859970 11.859970 11.859970 11.859970 7609.837664 14.787193 9.307173 6.053033 45358.166316 35.964247 23.042720 168972.336856 209.182402 1246.796583 11.859970 3116.989774 1.000000
11.852409 11.852409 11.852409 11.852409 11.852409 11.852409 11.852409 11.852409 29010.453479 18.441784 6.049327 7.488561 3145319.664892 214.064036 14.777717 515329.173898 9.301292 133.794577 23.027875 11.852409 1.000000
11.846293 11.846293 11.846293 11.846293 11.846293 11.846293 11.846293 11.846293 14845.577476 11.846293 6.046329 7.484778 110608.170998 14.770052 18.432188 135019.739984 6.046329 28315.691809 18.432188 2490.674990 1.000000
11.859634 11.859634 11.859634 11.859634 11.859634 11.859634 11.859634 11.859634 653.662786 334.677551 6.052868 9.306911 334.677551 9512.023289 18.453120 211209.342998 7.493029 3043.847747 18.453120 1994.816346 1.000000
11.854647 11.854647 11.854647 11.854647 11.854647 11.854647 11.854647 11.854647 70839.869601 18.445296 9.303033 11.580776 11.854647 418.167174 28.770822 1572961.085536 6.050424 68.526711 11.854647 422238.526268 1.000000
11.851876 11.851876 11.851876 11.851876 11.851876 11.851876 11.851876 11.851876 70823.071525 11.851876 14.433907 11.578071 70823.071525 11.851876 11.851876 1006456.379727 107.034143 6.049065 14.777049 6083.655683 1.000000
11.858460 11.858460 11.858460 11.858460 11.858460 11.858460 11.858460 11.858460 11.858460 11.858460 43.884847 11.584498 11888.835234 28.780186 270320.814469 7502909.806377 638.278544 6.052293 18.451278 267.716503 1.000000
11.861291 11.861291 11.861291 11.861291 11.861291 11.861291 11.861291 11.861291 1596.079407 18.455719 14.445426 9.308200 138437.766477 18.455719 28.787137 168991.414154 6.053680 18145.314982 18.455719 3896.676966 1.000000
11.846463 11.846463 11.846463 11.846463 11.846463 11.846463 11.846463 11.846463 36244.614635 23.016201 6.046412 11.572786 18557.242733 417.874349 14.770266 9369013.285164 7.484884 6.046412 11.846463 1275.244791 1.000000
11.783621 11.783621 11.783621 11.783621 11.783621 11.783621 11.783621 11.783621 36049.580198 14.691514 11.511438 9.247788 23071.731352 415.625768 18.333853 2442814.571123 6.015613 34.893673 14.691514 811.765611 1.000000
11.861672 11.861672 11.861672 11.861672 11.861672 11.861672 11.861672 11.861672 36291.814846 11.861672 11.587634 7.494289 88603.063534 214.233730 23.046062 2459229.029381 9.308497 22.507974 18.456318 334.735897 1.000000
11.865476 11.865476 11.865476 11.865476 11.865476 11.865476 11.865476 11.865476 9516.775915 14.794092 14.450547 11.591347 36303.618685 11.865476 23.053529 169051.897988 18.032138 18151.809384 14.794092 3898.071628 1.000000
11.851236 11.851236 11.851236 11.851236 11.851236 11.851236 11.851236 11.851236 11.851236 522.555321 7.487835 6.048752 23.025572 1610242.008101 653.193290 3071292.892649 6.048752 209.026147 28.762445 136.991540 1.000000
11.867158 11.867158 11.867158 11.867158 11.867158 11.867158 11.867158 11.867158 1596.880286 18.464926 14.452605 7.497682 3149289.834930 18.464926 14.796200 135260.968474 43.917464 9295.063083 28.801547 137.178208 1.000000
11.863206 11.863206 11.863206 11.863206 11.863206 11.863206 11.863206 11.863206 11.863206 418.473396 7.495238 9.309690 110768.352977 70.222025 14.791247 169019.093280 11614.903734 28.118677 23.049073 9514.929174 1.000000
11.851263 11.851263 11.851263 11.851263 11.851263 11.851263 11.851263 11.851263 11.851263 267.551689 7.487852 9.300400 832477494.029342 11.851263 56.126689 412222.888668 9.300400 2433.334852 14.776280 11.851263 1.000000
11.850060 11.850060 11.850060 11.850060 11.850060 11.850060 11.850060 11.850060 11.850060 267.524161 14.431685 6.048175 2515749.965579 29004.622390 14.774774 1572343.728487 7.487108 167.206245 14.774774 11.850060 1.000000
11.866583 11.866583 11.866583 11.866583 11.866583 11.866583 11.866583 11.866583 3118.752421 56.200237 7.497326 9.312316 23236.513926 137.171458 18.464022 135254.312096 18.033833 14522.821245 14.795479 1021.953667 1.000000
11.854841 11.854841 11.854841 11.854841 11.854841 11.854841 11.854841 11.854841 7606.499289 70.171822 7.490065 11.580965 138361.413665 267.633633 23.032650 9375734.079735 9.303183 6.050519 11.854841 214.108588 1.000000
11.847503 11.847503 11.847503 11.847503 11.847503 11.847503 11.847503 11.847503 28998.274201 14.771569 9.297476 7.485527 421980.427450 3113.666301 14.771569 3070311.704121 6.046922 35.085264 11.847503 11.847503 1.000000
11.776646 11.776646 11.776646 11.776646 11.776646 11.776646 11.776646 11.776646 11.776646 11.776646 7.441710 7.441710 3906156.106002 23057.875883 11.776646 9313001.885417 22.344962 1547.388500 14.682772 28.579258 1.000000
11.839228 11.839228 11.839228 11.839228 11.839228 11.839228 11.839228 11.839228 527101.797058 14.761199 6.042866 7.480409 2513417.229920 11.839228 14.761199 210840.718827 6.042866 3038.535314 14.761199 11.839228 1.000000
11.851573 11.851573 11.851573 11.851573 11.851573 11.851573 11.851573 11.851573 11.851573 3893.438680 9.300641 6.048917 824467.655617 6083.497700 18.440472 2457105.087090 14.433536 85.629295 11.851573 11.851573 1.000000
11.849409 11.849409 11.849409 11.849409 11.849409 11.849409 11.849409 11.849409 11.849409 1993.071858 9.298958 6.047856 340928690.353115 11.849409 11.849409 3838515.807086 11.575662 107.011548 18.437077 23.021985 1.000000
11.853013 11.853013 11.853013 11.853013 11.853013 11.853013 11.853013 11.853013 45331.176851 23.029061 11.579181 7.488934 70829.963809 11.853013 11.853013 2457408.019941 6.049623 35.101788 28.766809 3893.918696 1.000000
11.850507 11.850507 11.850507 11.850507 11.850507 11.850507 11.850507 11.850507 18563.668173 14.775334 9.299812 6.048394 70814.774027 11.850507 11.850507 168835.578000 14.432232 18128.582202 11.850507 4866.354421 1.000000
11.857542 11.857542 11.857542 11.857542 11.857542 11.857542 11.857542 11.857542 9510.321719 11.857542 11.583602 11.583602 18574.846956 334.617683 14.784150 135149.798759 6.051843 35428.708872 14.784150 816.931630 1.000000
11.838959 11.838959 11.838959 11.838959 11.838959 11.838959 11.838959 11.838959 138173.386603 11.838959 9.290830 7.480243 88430.967432 2489.110851 11.838959 11703741.088012 6.042734 6.042734 28.732294 11.838959 1.000000
11.843810 11.843810 11.843810 11.843810 11.843810 11.843810 11.843810 11.843810 70774.177528 11.843810 7.483243 6.045112 28989.103144 334.224596 11.843810 4795844.813525 14.424037 6.045112 14.766940 1274.955022 1.000000
11.858346 11.858346 11.858346 11.858346 11.858346 11.858346 11.858346 11.858346 23220.154718 18.451099 7.492232 9.305910 70862.288452 1994.596600 14.785157 135159.088977 14.441823 18140.745895 14.785157 11.858346 1.000000
11.843341 11.843341 11.843341 11.843341 11.843341 11.843341 11.843341 11.843341 18552.281161 11.843341 14.423464 6.044882 172781.582064 2490.045421 11.843341 134985.610991 6.044882 35385.668034 11.843341 11.843341 1.000000
11.836834 11.836834 11.836834 11.836834 11.836834 11.836834 11.836834 11.836834 56585.516808 14.758199 6.041693 6.041693 2010321.395214 417.529814 14.758199 9361288.487972 9.289177 6.041693 14.758199 11.836834 1.000000
11.854165 11.854165 11.854165 11.854165 11.854165 11.854165 11.854165 11.854165 18569.480903 14.779918 9.302658 6.050188 56669.558273 11.854165 14.779918 135110.755582 11.580305 18134.258697 18.444540 3894.302647 1.000000
11.854703 11.854703 11.854703 11.854703 11.854703 11.854703 11.854703 11.854703 11.854703 334.536415 9.303076 7.489980 824688.564811 11.854703 23.032379 211120.272596 11.580831 22668.866702 11.854703 11885.014846 1.000000
11.855057 11.855057 11.855057 11.855057 11.855057 11.855057 11.855057 11.855057 11.855057 11.855057 14.437799 7.490198 18751814.370384 11.855057 18.445938 805384.294616 11606.810995 22.495291 14.781035 6085.311842 1.000000
11.853285 11.853285 11.853285 11.853285 11.853285 11.853285 11.853285 11.853285 7605.486866 14.778815 7.489103 7.489103 18568.082902 334.495834 18.443159 168875.729728 6.049756 44269.759315 14.778815 816.634144 1.000000
11.857210 11.857210 11.857210 11.857210 11.857210 11.857210 11.857210 11.857210 816.908416 56.155243 9.305026 7.491530 110711.568964 816.908416 14.783734 211165.559687 6.051680 3043.216763 14.783734 522.822515 1.000000
11.861432 11.861432 11.861432 11.861432 11.861432 11.861432 11.861432 11.861432 11891.857319 18.455941 11.587399 7.494141 56704.794113 11.861432 14.789024 135194.764373 18.025942 18145.534166 18.455941 3117.379344 1.000000
11.853428 11.853428 11.853428 11.853428 11.853428 11.853428 11.853428 11.853428 11.853428 653.315825 9.302084 6.049826 3145593.907282 2492.196654 14.778994 168877.786984 9284.154631 28.095229 14.778994 11.853428 1.000000
11.847585 11.847585 11.847585 11.847585 11.847585 11.847585 11.847585 11.847585 45310.120641 11.847585 7.485578 6.046962 110620.411676 1992.760681 11.847585 135034.682218 11599.390965 22.480967 11.847585 11.847585 1.000000
11.841554 11.841554 11.841554 11.841554 11.841554 11.841554 11.841554 11.841554 87.608675 11.841554 7.481848 7.481848 3966263380.222828 11.841554 35.907687 3068747.652956 6.044006 995.866554 11.841554 11.841554 1.000000
11.862805 11.862805 11.862805 11.862805 11.862805 11.862805 11.862805 11.862805 2494.196503 18.458096 11.588740 11.588740 1289469.162176 56.182102 11.862805 135210.641627 7.494990 28355.726785 18.458096 171.405685 1.000000
11.858017 11.858017 11.858017 11.858017 11.858017 11.858017 11.858017 11.858017 9510.707592 14.784744 7.492029 11.584065 659937.902040 522.858586 18.450583 168944.102928 14.441420 18140.234978 11.858017 11.858017 1.000000
11.856750 11.856750 11.856750 11.856750 11.856750 11.856750 11.856750 11.856750 7607.741490 11.856750 7.491245 6.051454 527893.101378 56.153032 14.783156 168925.792446 9286.793759 22.498537 18.448595 267.677339 1.000000
11.860761 11.860761 11.860761 11.860761 11.860761 11.860761 11.860761 11.860761 4870.625373 14.788183 9.307788 11.586744 70876.924569 11.860761 14.788183 135187.005156 9.307788 69215.746650 28.785836 3117.200428 1.000000
11.848803 11.848803 11.848803 11.848803 11.848803 11.848803 11.848803 11.848803 45314.843934 14.773198 14.430147 9.298487 29001.500138 334.367522 11.848803 14642015.759654 6.047559 6.047559 18.436126 653.057257 1.000000
11.856592 11.856592 11.856592 11.856592 11.856592 11.856592 11.856592 11.856592 18573.337215 14.782959 9.304545 9.304545 15003422.275195 70.182333 18.448348 2458160.705568 7.491148 28.102817 11.856592 18.448348 1.000000
11.842943 11.842943 11.842943 11.842943 11.842943 11.842943 11.842943 11.842943 1019.888689 14.765855 9.293929 6.044687 272591987.554896 11.842943 11.842943 168726.267897 7.482707 86387.849172 14.765855 11.842943 1.000000
11.855472 11.855472 11.855472 11.855472 11.855472 11.855472 11.855472 11.855472 7606.909991 11.855472 6.050828 7.490455 88556.085956 522.744778 14.781555 135125.863571 18.016812 14509.029190 14.781555 214.120148 1.000000
11.845089 11.845089 11.845089 11.845089 11.845089 11.845089 11.845089 11.845089 11.845089 11.845089 9.295598 6.045739 665630108.386671 11.845089 14.768544 11709888.703503 9.295598 2432.049144 14.768544 267.410326 1.000000
11.835574 11.835574 11.835574 11.835574 11.835574 11.835574 11.835574 11.835574 9492.449327 11.835574 6.041075 6.041075 3925984.980901 267.192435 11.835574 134895.816788 6.041075 55253.326571 11.835574 11.835574 1.000000
11.841056 11.841056 11.841056 11.841056 11.841056 11.841056 11.841056 11.841056 18548.651156 14.763490 11.567508 6.043762 23411689.118618 11.841056 11.841056 134959.199228 6.043762 44223.430423 14.763490 11.841056 1.000000
11.848070 11.848070 11.848070 11.848070 11.848070 11.848070 11.848070 11.848070 4865.339191 11.848070 6.047200 6.047200 56640.000400 56.111361 18.434976 168800.355149 7.485877 35400.000267 14.772279 3892.271446 1.000000
11.847321 11.847321 11.847321 11.847321 11.847321 11.847321 11.847321 11.847321 11877.507985 14.771341 22.480461 6.046833 18739403.269018 11.847321 18.433801 168789.539165 7.485414 35397.731991 11.847321 11.847321 1.000000
11.839057 11.839057 11.839057 11.839057 11.839057 11.839057 11.839057 11.839057 28977.303672 11.839057 7.480304 7.480304 23407679.465459 11.839057 14.760985 134936.085151 6.042782 35372.685132 11.839057 11.839057 1.000000
11.838875 11.838875 11.838875 11.838875 11.838875 11.838875 11.838875 11.838875 18545.185615 11.838875 6.042693 7.480191 658857.344206 815.627113 11.838875 134933.984100 6.042693 44215.167930 11.838875 11.838875 1.000000
11.839654 11.839654 11.839654 11.839654 11.839654 11.839654 11.839654 11.839654 23183.028975 14.761733 9.291371 6.043075 18727101.633264 11.839654 14.761733 168678.735881 6.043075 44218.118560 11.839654 11.839654 1.000000
11.852292 11.852292 11.852292 11.852292 11.852292 11.852292 11.852292 11.852292 11.852292 1993.563652 9.301200 7.488488 139678849.063308 35.940665 14.777570 7498951.108373 7.488488 68.512904 11.852292 23.027644 1.000000
11.839481 11.839481 11.839481 11.839481 11.839481 11.839481 11.839481 11.839481 11.839481 522.029567 9.291236 7.480566 1039547535.257735 11.839481 11.839481 168676.231306 6.042990 55271.827491 11.839481 11.839481 1.000000
11.841214 11.841214 11.841214 11.841214 11.841214 11.841214 11.841214 11.841214 269922.044324 11.841214 9.292584 6.043839 2011075.946094 11.841214 14.763688 134961.022167 7.481638 44224.027764 11.841214 11.841214 1.000000
11.839057 11.839057 11.839057 11.839057 11.839057 11.839057 11.839057 11.839057 11.839057 11.839057 7.480304 6.042782 7670228.392028 28977.303614 11.839057 11703839.709515 7.480304 3798.113398 14.760985 11.839057 1.000000
11.906200 11.906200 11.906200 11.906200 11.906200 11.906200 11.906200 11.906200 1617816.871586 11.906200 6.075695 6.075695 4937185.277056 11.906200 11.906200 1974874.110823 6.075695 35.261291 11.906200 11.906200 1.000000
11.843836 11.843836 11.843836 11.843836 11.843836 11.843836 11.843836 11.843836 3112.688702 11.843836 17.998986 6.045125 23417264.686775 11.843836 11.843836 168739.175234 6.045125 35387.169909 11.843836 87.625801 1.000000
11.851639 11.851639 11.851639 11.851639 11.851639 11.851639 11.851639 11.851639 3114.768675 18.440575 18.010939 6.048949 14997064.105959 70.152603 14.776752 168851.930804 7.488084 28328.653185 11.851639 11.851639 1.000000
11.844471 11.844471 11.844471 11.844471 11.844471 11.844471 11.844471 11.844471 11.844471 213.918627 9.295118 6.045436 57174166.407257 334.243543 14.767770 263669.303839 6.045436 44236.368653 14.767770 11.844471 1.000000
11.842727 11.842727 11.842727 11.842727 11.842727 11.842727 11.842727 11.842727 11.842727 11.842727 9.293761 6.044581 14985625.098408 136.891778 14.765583 1257085.345856 6.044581 35383.806873 11.842727 1274.836779 1.000000
11.839481 11.839481 11.839481 11.839481 11.839481 11.839481 11.839481 11.839481 11.839481 522.029567 9.291236 6.042990 1039547535.252572 11.839481 11.839481 210845.289129 7.480566 44217.462000 11.839481 11.839481 1.000000
11.850081 11.850081 11.850081 11.850081 11.850081 11.850081 11.850081 11.850081 18562.990947 11.850081 7.487121 6.048185 337658.837335 816.410198 14.774799 168829.418672 14.431710 22659.901037 14.774799 11.850081 1.000000
11.842337 11.842337 11.842337 11.842337 11.842337 11.842337 11.842337 11.842337 18550.686444 14.765095 7.482332 6.044390 88456.565821 11.842337 11.842337 134974.007896 6.044390 44228.282927 14.765095 3890.361163 1.000000
11.841029 11.841029 11.841029 11.841029 11.841029 11.841029 11.841029 11.841029 11.841029 417.679919 9.292440 6.043749 6137219.639354 11.841029 11.841029 263591.576398 6.043749 44223.328152 11.841029 2489.552453 1.000000
11.848384 11.848384 11.848384 11.848384 11.848384 11.848384 11.848384 11.848384 11.848384 11.848384 9.298161 7.486072 2012311.202225 11.848384 14.772673 804924.480891 9.298161 44251.191334 14.772673 70801.906112 1.000000
11.910359 11.910359 11.910359 11.910359 11.910359 11.910359 11.910359 11.910359 11.910359 11.910359 9.346367 6.077734 19024082911.851955 11.910359 11.910359 1011493.744024 7.524400 44485.965342 11.910359 11.910359 1.000000
11.908197 11.908197 11.908197 11.908197 11.908197 11.908197 11.908197 11.908197 11.908197 2003.101500 6.076674 6.076674 535381766.481334 11.908197 14.847627 414231.578147 6.076674 5969.706347 11.908197 11.908197 1.000000
11.850360 11.850360 11.850360 11.850360 11.850360 11.850360 11.850360 11.850360 216106.820537 11.850360 14.432052 7.487294 2012651.604906 11.850360 14.775149 135066.762840 11.576591 22660.442589 11.850360 11.850360 1.000000
11.840090 11.840090 11.840090 11.840090 11.840090 11.840090 11.840090 11.840090 11.840090 11.840090 9.291710 9.291710 18910246874.716099 11.840090 11.840090 643482.356560 7.480943 55274.713558 11.840090 11.840090 1.000000
11.835666 11.835666 11.835666 11.835666 11.835666 11.835666 11.835666 11.835666 35.889604 11.835666 9.288268 6.041120 12097970156.887356 11.835666 11.835666 411672.591995 6.041120 44203.008004 11.835666 11.835666 1.000000
11.836191 11.836191 11.836191 11.836191 11.836191 11.836191 11.836191 11.836191 11.836191 11.836191 9.288677 6.041377 57133620.816968 4860.391136 11.836191 1005105.286804 6.041377 44204.998022 11.836191 11.836191 1.000000
11.842376 11.842376 11.842376 11.842376 11.842376 11.842376 11.842376 11.842376 14840.598177 11.842376 17.996748 7.482356 36584898.934619 11.842376 11.842376 168718.066908 6.044409 28306.194551 11.842376 11.842376 1.000000
11.907081 11.907081 11.907081 11.907081 11.907081 11.907081 11.907081 11.907081 11.907081 11.907081 9.343818 6.076127 19018773404.372494 11.907081 11.907081 1264014.302730 6.076127 44473.549575 11.907081 11.907081 1.000000
11.843915 11.843915 11.843915 11.843915 11.843915 11.843915 11.843915 11.843915 7599.388183 11.843915 17.999106 6.045163 3143033.231528 267.383437 11.843915 168740.311752 6.045163 35387.408254 11.843915 11.843915 1.000000
11.842337 11.842337 11.842337 11.842337 11.842337 11.842337 11.842337 11.842337 28985.446600 14.765095 7.482332 6.044390 172766.724624 1274.794206 14.765095 168717.504516 6.044390 35382.625230 11.842337 11.842337 1.000000
11.836185 11.836185 11.836185 11.836185 11.836185 11.836185 11.836185 11.836185 11.836185 334.006343 9.288672 6.041374 1623834329.785284 11.836185 11.836185 263482.184045 6.041374 44204.975161 11.836185 11.836185 1.000000
11.839323 11.839323 11.839323 11.839323 11.839323 11.839323 11.839323 11.839323 11.839323 522.022513 11.565816 6.042913 831626791.695042 11.839323 14.761318 210842.440336 6.042913 44216.864565 11.839323 11.839323 1.000000
11.837933 11.837933 11.837933 11.837933 11.837933 11.837933 11.837933 11.837933 11.837933 11.837933 9.290032 7.479608 18906751330.252365 11.837933 11.837933 1005255.327102 7.479608 44211.596864 11.837933 11.837933 1.000000
11.838788 11.838788 11.838788 11.838788 11.838788 11.838788 11.838788 11.838788 23407140.180753 11.838788 7.480137 6.042650 4861.473023 87.587926 11.838788 168666.220479 6.042650 35371.870188 11.838788 11.838788 1.000000
11.848062 11.848062 11.848062 11.848062 11.848062 11.848062 11.848062 11.848062 11.848062 11.848062 6.047196 6.047196 6140917.189188 87.657507 14.772270 1006127.872278 11599.864690 35.086940 14.772270 3892.268937 1.000000
11.907081 11.907081 11.907081 11.907081 11.907081 11.907081 11.907081 11.907081 11.907081 11.907081 9.343818 6.076127 19018773404.472664 11.907081 11.907081 1011211.442190 6.076127 55591.936959 11.907081 11.907081 1.000000
11.837920 11.837920 11.837920 11.837920 11.837920 11.837920 11.837920 11.837920 11.837920 521.959775 9.290022 6.042225 831526843.030045 11.837920 11.837920 263521.375422 6.042225 44211.550383 14.759560 11.837920 1.000000
11.847818 11.847818 11.847818 11.847818 11.847818 11.847818 11.847818 11.847818 11.847818 417.922825 6.047076 7.485722 45752442.172905 417.922825 11.847818 168796.718308 11599.622243 28.081776 11.847818 11.847818 1.000000
11.842763 11.842763 11.842763 11.842763 11.842763 11.842763 11.842763 11.842763 1274.840718 14.765629 9.293789 6.044598 269957.856558 11.842763 11.842763 168723.660352 6.044598 44229.895240 11.842763 18551.362697 1.000000
11.835583 11.835583 11.835583 11.835583 11.835583 11.835583 11.835583 11.835583 28968.678030 11.835583 6.041079 6.041079 337239.797174 1019.245727 11.835583 168619.898591 6.041079 44202.694717 11.835583 11.835583 1.000000
11.837258 11.837258 11.837258 11.837258 11.837258 11.837258 11.837258 11.837258 11.837258 11.837258 11.563800 6.041900 4956004886.966955 11.837258 11.837258 1005197.211153 6.041900 55261.301112 11.837258 44.855588 1.000000
11.910574 11.910574 11.910574 11.910574 11.910574 11.910574 11.910574 11.910574 11.910574 11.910574 6.077840 6.077840 19024432369.933350 11.910574 11.910574 1011512.324402 18221.786164 28.232269 11.910574 11.910574 1.000000
11.903346 11.903346 11.903346 11.903346 11.903346 11.903346 11.903346 11.903346 11.903346 11.903346 107.505538 6.074296 19012722904.928989 11.903346 14.841549 522617747.741310 6.074296 6.074296 11.903346 11.903346 1.000000
11.835577 11.835577 11.835577 11.835577 11.835577 11.835577 11.835577 11.835577 14831.956318 11.835577 6.041077 6.041077 2010104.898579 333.988957 11.835577 168619.820337 6.041077 44202.674203 11.835577 11.835577 1.000000
11.837325 11.837325 11.837325 11.837325 11.837325 11.837325 11.837325 11.837325 138154.051556 11.837325 7.479233 7.479233 7669090.448733 11.837325 11.837325 134916.065973 6.041933 22635.159850 11.837325 11.837325 1.000000
11.844480 11.844480 11.844480 11.844480 11.844480 11.844480 11.844480 11.844480 23192.614356 11.844480 22.475014 6.045440 14987875.713805 11.844480 14.767781 168748.478705 7.483657 35389.120988 11.844480 11.844480 1.000000
11.903376 11.903376 11.903376 11.903376 11.903376 11.903376 11.903376 11.903376 11.903376 11.903376 6.074311 6.074311 19012770608.717075 11.903376 14.841585 14710418.746425 6.074311 3819.043314 11.903376 11.903376 1.000000
11.841663 11.841663 11.841663 11.841663 11.841663 11.841663 11.841663 11.841663 11.841663 11.841663 9.292933 6.044059 12104188735.658466 11.841663 14.764250 1005576.658357 11.568100 35380.583340 14.764250 11.841663 1.000000
11.909752 11.909752 11.909752 11.909752 11.909752 11.909752 11.909752 11.909752 271506.753217 11.909752 7.524024 6.077437 3160754.605356 11.909752 11.909752 135753.376614 6.077437 35586.933185 11.909752 11.909752 1.000000
11.907081 11.907081 11.907081 11.907081 11.907081 11.907081 11.907081 11.907081 11.907081 11.907081 9.343818 6.076127 19018773404.372494 11.907081 11.907081 1264014.302730 6.076127 44473.549575 11.907081 11.907081 1.000000
11.907081 11.907081 11.907081 11.907081 11.907081 11.907081 11.907081 11.907081 11.907081 11.907081 9.343818 6.076127 19018773404.372494 11.907081 11.907081 1264014.302730 6.076127 44473.549575 11.907081 11.907081 1.000000
11.907081 11.907081 11.907081 11.907081 11.907081 11.907081 11.907081 11.907081 11.907081 11.907081 9.343818 6.076127 19018773404.372463 11.907081 11.907081 1264014.302730 6.076127 44473.549575 11.907081 11.907081 1.000000
11.909961 11.909961 11.909961 11.909961 11.909961 11.909961 11.909961 11.909961 11.909961 11.909961 18.100288 6.077539 19023439018.416660 11.909961 11.909961 809167.607022 6.077539 35587.567738 11.909961 11.909961 1.000000
11.907081 11.907081 11.907081 11.907081 11.907081 11.907081 11.907081 11.907081 11.907081 11.907081 9.343818 6.076127 19018773404.372494 11.907081 11.907081 1264014.302730 6.076127 44473.549575 11.907081 11.907081 1.000000
11.907081 11.907081 11.907081 11.907081 11.907081 11.907081 11.907081 11.907081 11.907081 11.907081 9.343818 6.076127 19018773404.372494 11.907081 11.907081 1264014.302730 6.076127 44473.549575 11.907081 11.907081 1.000000
11.839071 11.839071 11.839071 11.839071 11.839071 11.839071 11.839071 11.839071 11.839071 11.839071 6.042789 6.042789 1299388765.030623 213.819690 11.839071 1256691.702211 18110.836157 17.991685 11.839071 11.839071 1.000000
11.909752 11.909752 11.909752 11.909752 11.909752 11.909752 11.909752 11.909752 271506.753217 11.909752 7.524024 6.077437 3160754.605356 11.909752 11.909752 135753.376614 6.077437 35586.933185 11.909752 11.909752 1.000000
11.907081 11.907081 11.907081 11.907081 11.907081 11.907081 11.907081 11.907081 11.907081 11.907081 9.343818 6.076127 19018773404.372463 11.907081 11.907081 1264014.302730 6.076127 44473.549575 11.907081 11.907081 1.000000
11.907081 11.907081 11.907081 11.907081 11.907081 11.907081 11.907081 11.907081 11.907081 11.907081 9.343818 6.076127 19018773404.372494 11.907081 11.907081 1264014.302730 6.076127 44473.549575 11.907081 11.907081 1.000000
11.908804 11.908804 11.908804 11.908804 11.908804 11.908804 11.908804 11.908804 11.908804 11.908804 9.345158 6.076972 15217251913.538305 11.908804 11.908804 1264199.828900 6.076972 44480.077197 14.848388 11.908804 1.000000
11.836191 11.836191 11.836191 11.836191 11.836191 11.836191 11.836191 11.836191 11.836191 11.836191 9.288677 6.041377 174357970.128750 1592.653496 11.836191 804084.213045 6.041377 55256.246390 11.836191 11.836191 1.000000
11.907081 11.907081 11.907081 11.907081 11.907081 11.907081 11.907081 11.907081 11.907081 11.907081 9.343818 6.076127 19018773404.472664 11.907081 11.907081 1011211.442190 6.076127 55591.936959 11.907081 11.907081 1.000000
11.897294 11.897294 11.897294 11.897294 11.897294 11.897294 11.897294 11.897294 11.897294 11.897294 6.071329 7.516320 19002919354.417431 11.897294 11.897294 7601167741.766958 6.071329 6.071329 14.833965 11.897294 1.000000
11.836185 11.836185 11.836185 11.836185 11.836185 11.836185 11.836185 11.836185 11.836185 334.006343 9.288672 6.041374 1623834329.785293 11.836185 11.836185 263482.184045 6.041374 44204.975161 11.836185 11.836185 1.000000
11.907081 11.907081 11.907081 11.907081 11.907081 11.907081 11.907081 11.907081 11.907081 11.907081 9.343818 6.076127 19018773404.372494 11.907081 11.907081 1264014.302730 6.076127 44473.549575 11.907081 11.907081 1.000000
11.836188 11.836188 11.836188 11.836188 11.836188 11.836188 11.836188 11.836188 11.836188 521.882309 9.288675 6.041376 1039254289.882766 11.836188 11.836188 263482.264876 6.041376 44204.988722 11.836188 11.836188 1.000000
11.907081 11.907081 11.907081 11.907081 11.907081 11.907081 11.907081 11.907081 11.907081 11.907081 9.343818 6.076127 19018773404.372463 11.907081 11.907081 1264014.302730 6.076127 44473.549575 11.907081 11.907081 1.000000
11.908804 11.908804 11.908804 11.908804 11.908804 11.908804 11.908804 11.908804 11.908804 11.908804 9.345158 6.076972 15217251913.538279 11.908804 11.908804 1264199.828900 6.076972 44480.077197 14.848388 11.908804 1.000000
11.838201 11.838201 11.838201 11.838201 11.838201 11.838201 11.838201 11.838201 11.838201 11.838201 9.290241 6.042363 23633983313.728310 11.838201 11.838201 1005278.472722 11.564721 22636.858820 11.838201 11.838201 1.000000
11.836191 11.836191 11.836191 11.836191 11.836191 11.836191 11.836191 11.836191 11.836191 11.836191 9.288677 6.041377 3140954.028944 11.836191 11.836191 1005105.289263 6.041377 44204.998130 11.836191 88409.996226 1.000000
11.839481 11.839481 11.839481 11.839481 11.839481 11.839481 11.839481 11.839481 11.839481 522.029567 9.291236 7.480566 1039547535.252570 11.839481 11.839481 210845.289129 6.042990 44217.462000 11.839481 11.839481 1.000000
11.907081 11.907081 11.907081 11.907081 11.907081 11.907081 11.907081 11.907081 11.907081 11.907081 9.343818 6.076127 19018773404.372494 11.907081 11.907081 1264014.302730 6.076127 44473.549575 11.907081 11.907081 1.000000
11.897112 11.897112 11.897112 11.897112 11.897112 11.897112 11.897112 11.897112 11.897112 11.897112 6.071240 6.071240 273856659.905240 11.897112 11.897112 9501311539.804266 6.071240 6.071240 11.897112 1024.620385 1.000000
11.837923 11.837923 11.837923 11.837923 11.837923 11.837923 11.837923 11.837923 11.837923 11.837923 9.290024 6.042226 4908469.160353 11.837923 11.837923 1005254.484041 6.042226 44211.559786 14.759563 45272.637219 1.000000
11.907081 11.907081 11.907081 11.907081 11.907081 11.907081 11.907081 11.907081 11.907081 11.907081 9.343818 6.076127 19018773404.372494 11.907081 11.907081 1264014.302730 6.076127 44473.549575 11.907081 11.907081 1.000000
11.907081 11.907081 11.907081 11.907081 11.907081 11.907081 11.907081 11.907081 11.907081 11.907081 9.343818 6.076127 19018773404.372494 11.907081 11.907081 1264014.302730 6.076127 44473.549575 11.907081 11.907081 1.000000
11.907081 11.907081 11.907081 11.907081 11.907081 11.907081 11.907081 11.907081 11.907081 11.907081 9.343818 6.076127 19018773404.372494 11.907081 11.907081 1264014.302730 6.076127 44473.549575 11.907081 11.907081 1.000000
11.910626 11.910626 11.910626 11.910626 11.910626 11.910626 11.910626 11.910626 11.910626 23.142171 9.346575 6.077865 15219613131.281446 11.910626 11.910626 517896.597995 6.077865 44486.979044 11.910626 11.910626 1.000000
11.907081 11.907081 11.907081 11.907081 11.907081 11.907081 11.907081 11.907081 11.907081 11.907081 9.343818 6.076127 19018773404.372494 11.907081 11.907081 1264014.302730 6.076127 44473.549575 11.907081 11.907081 1.000000
11.838104 11.838104 11.838104 11.838104 11.838104 11.838104 11.838104 11.838104 11.838104 11.838104 9.290165 7.479714 12100498093.151323 11.838104 14.759790 1256587.564716 6.042315 44212.244462 14.759790 11.838104 1.000000
11.907081 11.907081 11.907081 11.907081 11.907081 11.907081 11.907081 11.907081 11.907081 11.907081 9.343818 6.076127 19018773404.372494 11.907081 11.907081 1264014.302730 6.076127 44473.549575 11.907081 11.907081 1.000000
11.907081 11.907081 11.907081 11.907081 11.907081 11.907081 11.907081 11.907081 11.907081 11.907081 9.343818 6.076127 19018773404.372494 11.907081 11.907081 1264014.302730 6.076127 44473.549575 11.907081 11.907081 1.000000
11.907081 11.907081 11.907081 11.907081 11.907081 11.907081 11.907081 11.907081 11.907081 11.907081 9.343818 6.076127 19018773404.372494 11.907081 11.907081 1264014.302730 6.076127 44473.549575 11.907081 11.907081 1.000000
11.910359 11.910359 11.910359 11.910359 11.910359 11.910359 11.910359 11.910359 11.910359 11.910359 9.346367 6.077734 19024082911.851921 11.910359 11.910359 1011493.744024 7.524400 44485.965342 11.910359 11.910359 1.000000
11.907081 11.907081 11.907081 11.907081 11.907081 11.907081 11.907081 11.907081 11.907081 11.907081 9.343818 6.076127 19018773404.372494 11.907081 11.907081 1264014.302730 6.076127 44473.549575 11.907081 11.907081 1.000000
11.907081 11.907081 11.907081 11.907081 11.907081 11.907081 11.907081 11.907081 11.907081 11.907081 9.343818 6.076127 19018773404.372494 11.907081 11.907081 1264014.302730 6.076127 44473.549575 11.907081 11.907081 1.000000
11.907081 11.907081 11.907081 11.907081 11.907081 11.907081 11.907081 11.907081 11.907081 11.907081 9.343818 6.076127 19018773404.372494 11.907081 11.907081 1264014.302730 6.076127 44473.549575 11.907081 11.907081 1.000000
11.907081 11.907081 11.907081 11.907081 11.907081 11.907081 11.907081 11.907081 11.907081 11.907081 9.343818 6.076127 19018773404.372494 11.907081 11.907081 1264014.302730 6.076127 44473.549575 11.907081 11.907081 1.000000
11.908804 11.908804 11.908804 11.908804 11.908804 11.908804 11.908804 11.908804 11.908804 11.908804 9.345158 6.076972 15217251913.538305 11.908804 14.848388 1264199.828900 6.076972 44480.077197 11.908804 11.908804 1.000000
11.907081 11.907081 11.907081 11.907081 11.907081 11.907081 11.907081 11.907081 11.907081 11.907081 9.343818 6.076127 19018773404.372463 11.907081 11.907081 1264014.302730 6.076127 44473.549575 11.907081 11.907081 1.000000
11.910359 11.910359 11.910359 11.910359 11.910359 11.910359 11.910359 11.910359 11.910359 11.910359 9.346367 6.077734 19024082911.851887 11.910359 11.910359 1011493.744024 7.524400 44485.965342 11.910359 11.910359 1.000000
11.910574 11.910574 11.910574 11.910574 11.910574 11.910574 11.910574 11.910574 11.910574 11.910574 6.077840 6.077840 19024432369.933380 11.910574 11.910574 1011512.324402 18221.786164 28.232269 11.910574 11.910574 1.000000
11.908211 11.908211 11.908211 11.908211 11.908211 11.908211 11.908211 11.908211 11.908211 11.908211 7.523072 7.523072 19020604033.702286 11.908211 11.908211 1011308.775134 6.076681 55597.287895 11.908211 11.908211 1.000000
11.906656 11.906656 11.906656 11.906656 11.906656 11.906656 11.906656 11.906656 11.906656 11.906656 7.522110 6.075919 15214467812.549362 11.906656 14.845696 1263968.534839 6.075919 55589.924066 11.906656 11.906656 1.000000
11.908211 11.908211 11.908211 11.908211 11.908211 11.908211 11.908211 11.908211 11.908211 11.908211 7.523072 6.076681 19020604033.702351 11.908211 11.908211 1011308.775134 7.523072 55597.287895 11.908211 11.908211 1.000000
11.904932 11.904932 11.904932 11.904932 11.904932 11.904932 11.904932 11.904932 11.904932 11.904932 7.521043 6.075074 19015291791.230793 11.904932 11.904932 1263782.909847 6.075074 55581.760192 11.904932 11.904932 1.000000
11.836191 11.836191 11.836191 11.836191 11.836191 11.836191 11.836191 11.836191 11.836191 11.836191 9.288677 6.041377 3926192.536164 11.836191 11.836191 1005105.289259 6.041377 44204.998130 11.836191 70727.996986 1.000000
11.908804 11.908804 11.908804 11.908804 11.908804 11.908804 11.908804 11.908804 11.908804 11.908804 9.345158 6.076972 15217251913.618452 11.908804 11.908804 1011359.863126 6.076972 55600.096487 14.848388 11.908804 1.000000
11.904932 11.904932 11.904932 11.904932 11.904932 11.904932 11.904932 11.904932 11.904932 11.904932 7.521043 6.075074 19015291791.230827 11.904932 11.904932 1263782.909847 6.075074 55581.760192 11.904932 11.904932 1.000000
11.904932 11.904932 11.904932 11.904932 11.904932 11.904932 11.904932 11.904932 11.904932 11.904932 7.521043 6.075074 19015291791.230793 11.904932 11.904932 1263782.909847 6.075074 55581.760192 11.904932 11.904932 1.000000
11.904932 11.904932 11.904932 11.904932 11.904932 11.904932 11.904932 11.904932 11.904932 11.904932 7.521043 6.075074 19015291791.230793 11.904932 11.904932 1263782.909847 6.075074 55581.760192 11.904932 11.904932 1.000000
11.909752 11.909752 11.909752 11.909752 11.909752 11.909752 11.909752 11.909752 23322.252555 11.909752 7.524024 6.077437 29436821.165160 11.909752 11.909752 135753.376602 6.077437 55604.583071 11.909752 11.909752 1.000000
11.904932 11.904932 11.904932 11.904932 11.904932 11.904932 11.904932 11.904932 11.904932 11.904932 7.521043 6.075074 19015291791.230793 11.904932 11.904932 1263782.909847 6.075074 55581.760192 11.904932 11.904932 1.000000
11.908211 11.908211 11.908211 11.908211 11.908211 11.908211 11.908211 11.908211 11.908211 11.908211 7.523072 7.523072 19020604033.702286 11.908211 11.908211 1011308.775134 6.076681 55597.287895 11.908211 11.908211 1.000000
11.904932 11.904932 11.904932 11.904932 11.904932 11.904932 11.904932 11.904932 11.904932 11.904932 7.521043 6.075074 19015291791.230793 11.904932 11.904932 1263782.909847 6.075074 55581.760192 11.904932 11.904932 1.000000
11.904932 11.904932 11.904932 11.904932 11.904932 11.904932 11.904932 11.904932 11.904932 11.904932 7.521043 6.075074 19015291791.230793 11.904932 11.904932 1263782.909847 6.075074 55581.760192 11.904932 11.904932 1.000000
11.904932 11.904932 11.904932 11.904932 11.904932 11.904932 11.904932 11.904932 11.904932 11.904932 7.521043 6.075074 19015291791.230793 11.904932 11.904932 1263782.909847 6.075074 55581.760192 11.904932 11.904932 1.000000
11.904932 11.904932 11.904932 11.904932 11.904932 11.904932 11.904932 11.904932 11.904932 11.904932 7.521043 6.075074 19015291791.230793 11.904932 11.904932 1263782.909847 6.075074 55581.760192 11.904932 11.904932 1.000000
11.904932 11.904932 11.904932 11.904932 11.904932 11.904932 11.904932 11.904932 11.904932 11.904932 7.521043 6.075074 19015291791.230793 11.904932 11.904932 1263782.909847 6.075074 55581.760192 11.904932 11.904932 1.000000
11.907081 11.907081 11.907081 11.907081 11.907081 11.907081 11.907081 11.907081 11.907081 11.907081 9.343818 6.076127 19018773404.472633 11.907081 11.907081 1011211.442190 6.076127 55591.936959 11.907081 11.907081 1.000000
11.909749 11.909749 11.909749 11.909749 11.909749 11.909749 11.909749 11.909749 11.909749 525.172232 7.524023 6.077435 1045805752.408403 11.909749 11.909749 212114.606367 6.077435 55604.571388 11.909749 11.909749 1.000000
11.906656 11.906656 11.906656 11.906656 11.906656 11.906656 11.906656 11.906656 11.906656 11.906656 7.522110 6.075919 15214467812.549362 11.906656 14.845696 1263968.534839 6.075919 55589.924066 11.906656 11.906656 1.000000
11.904932 11.904932 11.904932 11.904932 11.904932 11.904932 11.904932 11.904932 11.904932 11.904932 7.521043 6.075074 19015291791.230793 11.904932 11.904932 1263782.909847 6.075074 55581.760192 11.904932 11.904932 1.000000
11.904932 11.904932 11.904932 11.904932 11.904932 11.904932 11.904932 11.904932 11.904932 11.904932 7.521043 6.075074 19015291791.230793 11.904932 11.904932 1263782.909847 6.075074 55581.760192 11.904932 11.904932 1.000000
11.904932 11.904932 11.904932 11.904932 11.904932 11.904932 11.904932 11.904932 11.904932 11.904932 7.521043 6.075074 19015291791.230793 11.904932 11.904932 1263782.909847 6.075074 55581.760192 11.904932 11.904932 1.000000
11.904932 11.904932 11.904932 11.904932 11.904932 11.904932 11.904932 11.904932 11.904932 11.904932 7.521043 6.075074 19015291791.230793 11.904932 11.904932 1263782.909847 6.075074 55581.760192 11.904932 11.904932 1.000000
11.904932 11.904932 11.904932 11.904932 11.904932 11.904932 11.904932 11.904932 11.904932 11.904932 7.521043 6.075074 19015291791.230793 11.904932 11.904932 1263782.909847 6.075074 55581.760192 11.904932 11.904932 1.000000
11.904932 11.904932 11.904932 11.904932 11.904932 11.904932 11.904932 11.904932 11.904932 11.904932 7.521043 6.075074 19015291791.230793 11.904932 11.904932 1263782.909847 6.075074 55581.760192 11.904932 11.904932 1.000000
11.904932 11.904932 11.904932 11.904932 11.904932 11.904932 11.904932 11.904932 11.904932 11.904932 7.521043 6.075074 19015291791.230793 11.904932 11.904932 1263782.909847 6.075074 55581.760192 11.904932 11.904932 1.000000
11.904932 11.904932 11.904932 11.904932 11.904932 11.904932 11.904932 11.904932 11.904932 11.904932 7.521043 6.075074 19015291791.230793 11.904932 11.904932 1263782.909847 6.075074 55581.760192 11.904932 11.904932 1.000000
11.904932 11.904932 11.904932 11.904932 11.904932 11.904932 11.904932 11.904932 11.904932 11.904932 7.521043 6.075074 19015291791.230793 11.904932 11.904932 1263782.909847 6.075074 55581.760192 11.904932 11.904932 1.000000
11.904932 11.904932 11.904932 11.904932 11.904932 11.904932 11.904932 11.904932 11.904932 11.904932 7.521043 6.075074 19015291791.230793 11.904932 11.904932 1263782.909847 6.075074 55581.760192 11.904932 11.904932 1.000000
11.904932 11.904932 11.904932 11.904932 11.904932 11.904932 11.904932 11.904932 11.904932 11.904932 7.521043 6.075074 19015291791.230793 11.904932 11.904932 1263782.909847 6.075074 55581.760192 11.904932 11.904932 1.000000
11.904932 11.904932 11.904932 11.904932 11.904932 11.904932 11.904932 11.904932 11.904932 11.904932 7.521043 6.075074 19015291791.230827 11.904932 11.904932 1263782.909847 6.075074 55581.760192 11.904932 11.904932 1.000000
11.904932 11.904932 11.904932 11.904932 11.904932 11.904932 11.904932 11.904932 11.904932 11.904932 7.521043 6.075074 19015291791.230827 11.904932 11.904932 1263782.909847 6.075074 55581.760192 11.904932 11.904932 1.000000
11.904932 11.904932 11.904932 11.904932 11.904932 11.904932 11.904932 11.904932 11.904932 11.904932 7.521043 6.075074 19015291791.294868 11.904932 11.904932 1011026.327881 6.075074 69477.200233 11.904932 11.904932 1.000000
11.904932 11.904932 11.904932 11.904932 11.904932 11.904932 11.904932 11.904932 11.904932 11.904932 7.521043 6.075074 19015291791.230827 11.904932 11.904932 1263782.909847 6.075074 55581.760192 11.904932 11.904932 1.000000
11.904932 11.904932 11.904932 11.904932 11.904932 11.904932 11.904932 11.904932 11.904932 11.904932 7.521043 6.075074 19015291791.230827 11.904932 11.904932 1263782.909847 6.075074 55581.760192 11.904932 11.904932 1.000000
11.904932 11.904932 11.904932 11.904932 11.904932 11.904932 11.904932 11.904932 11.904932 11.904932 7.521043 6.075074 19015291791.230827 11.904932 11.904932 1263782.909847 6.075074 55581.760192 11.904932 11.904932 1.000000
11.904932 11.904932 11.904932 11.904932 11.904932 11.904932 11.904932 11.904932 11.904932 11.904932 7.521043 6.075074 19015291791.230827 11.904932 11.904932 1263782.909847 6.075074 55581.760192 11.904932 11.904932 1.000000
11.904932 11.904932 11.904932 11.904932 11.904932 11.904932 11.904932 11.904932 11.904932 11.904932 7.521043 6.075074 19015291791.230827 11.904932 11.904932 1263782.909847 6.075074 55581.760192 11.904932 11.904932 1.000000
11.904932 11.904932 11.904932 11.904932 11.904932 11.904932 11.904932 11.904932 11.904932 11.904932 7.521043 6.075074 19015291791.230827 11.904932 11.904932 1263782.909847 6.075074 55581.760192 11.904932 11.904932 1.000000
11.906656 11.906656 11.906656 11.906656 11.906656 11.906656 11.906656 11.906656 11.906656 11.906656 7.522110 6.075919 15214467812.549417 11.906656 11.906656 1263968.534839 6.075919 55589.924066 14.845696 11.906656 1.000000
11.908211 11.908211 11.908211 11.908211 11.908211 11.908211 11.908211 11.908211 11.908211 11.908211 7.523072 6.076681 19020604033.702251 11.908211 11.908211 1011308.775134 7.523072 55597.287895 11.908211 11.908211 1.000000
11.904932 11.904932 11.904932 11.904932 11.904932 11.904932 11.904932 11.904932 11.904932 11.904932 7.521043 6.075074 19015291791.230827 11.904932 11.904932 1263782.909847 6.075074 55581.760192 11.904932 11.904932 1.000000
11.904932 11.904932 11.904932 11.904932 11.904932 11.904932 11.904932 11.904932 11.904932 11.904932 7.521043 6.075074 19015291791.230827 11.904932 11.904932 1263782.909847 6.075074 55581.760192 11.904932 11.904932 1.000000
11.904932 11.904932 11.904932 11.904932 11.904932 11.904932 11.904932 11.904932 11.904932 11.904932 7.521043 6.075074 19015291791.230827 11.904932 11.904932 1263782.909847 6.075074 55581.760192 11.904932 11.904932 1.000000
11.904932 11.904932 11.904932 11.904932 11.904932 11.904932 11.904932 11.904932 11.904932 11.904932 7.521043 6.075074 19015291791.230827 11.904932 11.904932 1263782.909847 6.075074 55581.760192 11.904932 11.904932 1.000000
11.904932 11.904932 11.904932 11.904932 11.904932 11.904932 11.904932 11.904932 11.904932 11.904932 7.521043 6.075074 19015291791.230827 11.904932 11.904932 1263782.909847 6.075074 55581.760192 11.904932 11.904932 1.000000
11.904932 11.904932 11.904932 11.904932 11.904932 11.904932 11.904932 11.904932 11.904932 11.904932 7.521043 6.075074 19015291791.230827 11.904932 11.904932 1263782.909847 6.075074 55581.760192 11.904932 11.904932 1.000000
11.904932 11.904932 11.904932 11.904932 11.904932 11.904932 11.904932 11.904932 11.904932 11.904932 7.521043 6.075074 19015291791.230827 11.904932 11.904932 1263782.909847 6.075074 55581.760192 11.904932 11.904932 1.000000
11.904932 11.904932 11.904932 11.904932 11.904932 11.904932 11.904932 11.904932 11.904932 11.904932 7.521043 6.075074 19015291791.230827 11.904932 11.904932 1263782.909847 6.075074 55581.760192 11.904932 11.904932 1.000000
11.904932 11.904932 11.904932 11.904932 11.904932 11.904932 11.904932 11.904932 11.904932 11.904932 7.521043 6.075074 19015291791.230827 11.904932 11.904932 1263782.909847 6.075074 55581.760192 11.904932 11.904932 1.000000
11.904932 11.904932 11.904932 11.904932 11.904932 11.904932 11.904932 11.904932 11.904932 11.904932 7.521043 6.075074 19015291791.230827 11.904932 11.904932 1263782.909847 6.075074 55581.760192 11.904932 11.904932 1.000000
11.904932 11.904932 11.904932 11.904932 11.904932 11.904932 11.904932 11.904932 11.904932 11.904932 7.521043 6.075074 19015291791.230827 11.904932 11.904932 1263782.909847 6.075074 55581.760192 11.904932 11.904932 1.000000
11.904932 11.904932 11.904932 11.904932 11.904932 11.904932 11.904932 11.904932 11.904932 11.904932 7.521043 6.075074 19015291791.230827 11.904932 11.904932 1263782.909847 6.075074 55581.760192 11.904932 11.904932 1.000000
11.904932 11.904932 11.904932 11.904932 11.904932 11.904932 11.904932 11.904932 11.904932 11.904932 7.521043 6.075074 19015291791.230827 11.904932 11.904932 1263782.909847 6.075074 55581.760192 11.904932 11.904932 1.000000
11.904932 11.904932 11.904932 11.904932 11.904932 11.904932 11.904932 11.904932 11.904932 11.904932 7.521043 6.075074 19015291791.230827 11.904932 11.904932 1263782.909847 6.075074 55581.760192 11.904932 11.904932 1.000000
11.910359 11.910359 11.910359 11.910359 11.910359 11.910359 11.910359 11.910359 11.910359 11.910359 9.346367 7.524400 19024082911.951916 11.910359 11.910359 809194.995224 6.077734 55607.456667 11.910359 11.910359 1.000000
11.904932 11.904932 11.904932 11.904932 11.904932 11.904932 11.904932 11.904932 11.904932 11.904932 7.521043 6.075074 19015291791.230827 11.904932 11.904932 1263782.909847 6.075074 55581.760192 11.904932 11.904932 1.000000
11.904932 11.904932 11.904932 11.904932 11.904932 11.904932 11.904932 11.904932 11.904932 11.904932 7.521043 6.075074 19015291791.230827 11.904932 11.904932 1263782.909847 6.075074 55581.760192 11.904932 11.904932 1.000000
11.904932 11.904932 11.904932 11.904932 11.904932 11.904932 11.904932 11.904932 11.904932 11.904932 7.521043 6.075074 19015291791.230827 11.904932 11.904932 1263782.909847 6.075074 55581.760192 11.904932 11.904932 1.000000
11.904932 11.904932 11.904932 11.904932 11.904932 11.904932 11.904932 11.904932 11.904932 11.904932 7.521043 6.075074 19015291791.230827 11.904932 11.904932 1263782.909847 6.075074 55581.760192 11.904932 11.904932 1.000000
11.910335 11.910335 11.910335 11.910335 11.910335 11.910335 11.910335 11.910335 11.910335 11.910335 6.077722 6.077722 23780055124.556210 11.910335 11.910335 1011491.680413 14577.131445 22.601264 11.910335 11.910335 1.000000
11.904932 11.904932 11.904932 11.904932 11.904932 11.904932 11.904932 11.904932 11.904932 11.904932 7.521043 6.075074 19015291791.230827 11.904932 11.904932 1263782.909847 6.075074 55581.760192 11.904932 11.904932 1.000000
11.904932 11.904932 11.904932 11.904932 11.904932 11.904932 11.904932 11.904932 11.904932 11.904932 7.521043 6.075074 19015291791.230827 11.904932 11.904932 1263782.909847 6.075074 55581.760192 11.904932 11.904932 1.000000
11.904932 11.904932 11.904932 11.904932 11.904932 11.904932 11.904932 11.904932 11.904932 11.904932 7.521043 6.075074 19015291791.230827 11.904932 11.904932 1263782.909847 6.075074 55581.760192 11.904932 11.904932 1.000000
11.904932 11.904932 11.904932 11.904932 11.904932 11.904932 11.904932 11.904932 11.904932 11.904932 7.521043 6.075074 19015291791.230827 11.904932 11.904932 1263782.909847 6.075074 55581.760192 11.904932 11.904932 1.000000
11.904932 11.904932 11.904932 11.904932 11.904932 11.904932 11.904932 11.904932 11.904932 11.904932 7.521043 6.075074 19015291791.230827 11.904932 11.904932 1263782.909847 6.075074 55581.760192 11.904932 11.904932 1.000000
11.904932 11.904932 11.904932 11.904932 11.904932 11.904932 11.904932 11.904932 11.904932 11.904932 7.521043 6.075074 19015291791.230827 11.904932 11.904932 1263782.909847 6.075074 55581.760192 11.904932 11.904932 1.000000
11.904932 11.904932 11.904932 11.904932 11.904932 11.904932 11.904932 11.904932 11.904932 11.904932 7.521043 6.075074 19015291791.230827 11.904932 11.904932 1263782.909847 6.075074 55581.760192 11.904932 11.904932 1.000000
11.904932 11.904932 11.904932 11.904932 11.904932 11.904932 11.904932 11.904932 11.904932 11.904932 7.521043 6.075074 19015291791.230827 11.904932 11.904932 1263782.909847 6.075074 55581.760192 11.904932 11.904932 1.000000
11.904932 11.904932 11.904932 11.904932 11.904932 11.904932 11.904932 11.904932 11.904932 11.904932 7.521043 6.075074 19015291791.230827 11.904932 11.904932 1263782.909847 6.075074 55581.760192 11.904932 11.904932 1.000000
11.904932 11.904932 11.904932 11.904932 11.904932 11.904932 11.904932 11.904932 11.904932 11.904932 7.521043 6.075074 19015291791.230827 11.904932 11.904932 1263782.909847 6.075074 55581.760192 11.904932 11.904932 1.000000
11.904932 11.904932 11.904932 11.904932 11.904932 11.904932 11.904932 11.904932 11.904932 11.904932 7.521043 6.075074 19015291791.230827 11.904932 11.904932 1263782.909847 6.075074 55581.760192 11.904932 11.904932 1.000000
11.904932 11.904932 11.904932 11.904932 11.904932 11.904932 11.904932 11.904932 11.904932 11.904932 7.521043 6.075074 19015291791.230827 11.904932 11.904932 1263782.909847 6.075074 55581.760192 11.904932 11.904932 1.000000
11.904932 11.904932 11.904932 11.904932 11.904932 11.904932 11.904932 11.904932 11.904932 11.904932 7.521043 6.075074 19015291791.230827 11.904932 11.904932 1263782.909847 6.075074 55581.760192 11.904932 11.904932 1.000000
11.904932 11.904932 11.904932 11.904932 11.904932 11.904932 11.904932 11.904932 11.904932 11.904932 7.521043 6.075074 19015291791.230827 11.904932 11.904932 1263782.909847 6.075074 55581.760192 11.904932 11.904932 1.000000
11.904932 11.904932 11.904932 11.904932 11.904932 11.904932 11.904932 11.904932 11.904932 11.904932 7.521043 6.075074 19015291791.230827 11.904932 11.904932 1263782.909847 6.075074 55581.760192 11.904932 11.904932 1.000000
11.904932 11.904932 11.904932 11.904932 11.904932 11.904932 11.904932 11.904932 11.904932 11.904932 7.521043 6.075074 19015291791.230827 11.904932 11.904932 1263782.909847 6.075074 55581.760192 11.904932 11.904932 1.000000
11.904932 11.904932 11.904932 11.904932 11.904932 11.904932 11.904932 11.904932 11.904932 11.904932 7.521043 6.075074 19015291791.230827 11.904932 11.904932 1263782.909847 6.075074 55581.760192 11.904932 11.904932 1.000000
11.904932 11.904932 11.904932 11.904932 11.904932 11.904932 11.904932 11.904932 11.904932 11.904932 7.521043 6.075074 19015291791.230827 11.904932 11.904932 1263782.909847 6.075074 55581.760192 11.904932 11.904932 1.000000
11.904932 11.904932 11.904932 11.904932 11.904932 11.904932 11.904932 11.904932 11.904932 11.904932 7.521043 6.075074 19015291791.230827 11.904932 11.904932 1263782.909847 6.075074 55581.760192 11.904932 11.904932 1.000000
11.904932 11.904932 11.904932 11.904932 11.904932 11.904932 11.904932 11.904932 11.904932 11.904932 7.521043 6.075074 19015291791.230827 11.904932 11.904932 1263782.909847 6.075074 55581.760192 11.904932 11.904932 1.000000
11.904932 11.904932 11.904932 11.904932 11.904932 11.904932 11.904932 11.904932 11.904932 11.904932 7.521043 6.075074 19015291791.230827 11.904932 11.904932 1263782.909847 6.075074 55581.760192 11.904932 11.904932 1.000000
11.901650 11.901650 11.901650 11.901650 11.901650 11.901650 11.901650 11.901650 11.901650 11.901650 6.073465 6.073465 23762469244.499847 11.901650 11.901650 14708256.055027 6.073465 3818.481847 11.901650 11.901650 1.000000
11.904932 11.904932 11.904932 11.904932 11.904932 11.904932 11.904932 11.904932 11.904932 11.904932 7.521043 6.075074 19015291791.230827 11.904932 11.904932 1263782.909847 6.075074 55581.760192 11.904932 11.904932 1.000000
11.904932 11.904932 11.904932 11.904932 11.904932 11.904932 11.904932 11.904932 11.904932 11.904932 7.521043 6.075074 19015291791.230827 11.904932 11.904932 1263782.909847 6.075074 55581.760192 11.904932 11.904932 1.000000
11.904932 11.904932 11.904932 11.904932 11.904932 11.904932 11.904932 11.904932 11.904932 11.904932 7.521043 6.075074 19015291791.230827 11.904932 11.904932 1263782.909847 6.075074 55581.760192 11.904932 11.904932 1.000000
11.904932 11.904932 11.904932 11.904932 11.904932 11.904932 11.904932 11.904932 11.904932 11.904932 7.521043 6.075074 19015291791.230827 11.904932 11.904932 1263782.909847 6.075074 55581.760192 11.904932 11.904932 1.000000
11.904932 11.904932 11.904932 11.904932 11.904932 11.904932 11.904932 11.904932 11.904932 11.904932 7.521043 6.075074 19015291791.230827 11.904932 11.904932 1263782.909847 6.075074 55581.760192 11.904932 11.904932 1.000000
11.904932 11.904932 11.904932 11.904932 11.904932 11.904932 11.904932 11.904932 11.904932 11.904932 7.521043 6.075074 19015291791.230827 11.904932 11.904932 1263782.909847 6.075074 55581.760192 11.904932 11.904932 1.000000
11.904932 11.904932 11.904932 11.904932 11.904932 11.904932 11.904932 11.904932 11.904932 11.904932 7.521043 6.075074 19015291791.230827 11.904932 11.904932 1263782.909847 6.075074 55581.760192 11.904932 11.904932 1.000000
11.904932 11.904932 11.904932 11.904932 11.904932 11.904932 11.904932 11.904932 11.904932 11.904932 7.521043 6.075074 19015291791.230827 11.904932 11.904932 1263782.909847 6.075074 55581.760192 11.904932 11.904932 1.000000
11.904932 11.904932 11.904932 11.904932 11.904932 11.904932 11.904932 11.904932 11.904932 11.904932 7.521043 6.075074 19015291791.230827 11.904932 11.904932 1263782.909847 6.075074 55581.760192 11.904932 11.904932 1.000000
11.904932 11.904932 11.904932 11.904932 11.904932 11.904932 11.904932 11.904932 11.904932 11.904932 7.521043 6.075074 19015291791.230827 11.904932 11.904932 1263782.909847 6.075074 55581.760192 11.904932 11.904932 1.000000
11.904932 11.904932 11.904932 11.904932 11.904932 11.904932 11.904932 11.904932 11.904932 11.904932 7.521043 6.075074 19015291791.230827 11.904932 11.904932 1263782.909847 6.075074 55581.760192 11.904932 11.904932 1.000000
11.904932 11.904932 11.904932 11.904932 11.904932 11.904932 11.904932 11.904932 11.904932 11.904932 7.521043 6.075074 19015291791.230827 11.904932 11.904932 1263782.909847 6.075074 55581.760192 11.904932 11.904932 1.000000
11.904932 11.904932 11.904932 11.904932 11.904932 11.904932 11.904932 11.904932 11.904932 11.904932 7.521043 6.075074 19015291791.230827 11.904932 11.904932 1263782.909847 6.075074 55581.760192 11.904932 11.904932 1.000000
11.904932 11.904932 11.904932 11.904932 11.904932 11.904932 11.904932 11.904932 11.904932 11.904932 7.521043 6.075074 19015291791.230827 11.904932 11.904932 1263782.909847 6.075074 55581.760192 11.904932 11.904932 1.000000
11.904932 11.904932 11.904932 11.904932 11.904932 11.904932 11.904932 11.904932 11.904932 11.904932 7.521043 6.075074 19015291791.230827 11.904932 11.904932 1263782.909847 6.075074 55581.760192 11.904932 11.904932 1.000000
11.904932 11.904932 11.904932 11.904932 11.904932 11.904932 11.904932 11.904932 11.904932 11.904932 7.521043 6.075074 19015291791.230827 11.904932 11.904932 1263782.909847 6.075074 55581.760192 11.904932 11.904932 1.000000
11.904932 11.904932 11.904932 11.904932 11.904932 11.904932 11.904932 11.904932 11.904932 11.904932 7.521043 6.075074 19015291791.230827 11.904932 11.904932 1263782.909847 6.075074 55581.760192 11.904932 11.904932 1.000000
11.904932 11.904932 11.904932 11.904932 11.904932 11.904932 11.904932 11.904932 11.904932 11.904932 7.521043 6.075074 19015291791.230827 11.904932 11.904932 1263782.909847 6.075074 55581.760192 11.904932 11.904932 1.000000
11.904932 11.904932 11.904932 11.904932 11.904932 11.904932 11.904932 11.904932 11.904932 11.904932 7.521043 6.075074 19015291791.230827 11.904932 11.904932 1263782.909847 6.075074 55581.760192 11.904932 11.904932 1.000000
11.904932 11.904932 11.904932 11.904932 11.904932 11.904932 11.904932 11.904932 11.904932 11.904932 7.521043 6.075074 19015291791.230827 11.904932 11.904932 1263782.909847 6.075074 55581.760192 11.904932 11.904932 1.000000
11.904932 11.904932 11.904932 11.904932 11.904932 11.904932 11.904932 11.904932 11.904932 11.904932 7.521043 6.075074 19015291791.230827 11.904932 11.904932 1263782.909847 6.075074 55581.760192 11.904932 11.904932 1.000000
11.904932 11.904932 11.904932 11.904932 11.904932 11.904932 11.904932 11.904932 11.904932 11.904932 7.521043 6.075074 19015291791.230827 11.904932 11.904932 1263782.909847 6.075074 55581.760192 11.904932 11.904932 1.000000
11.904932 11.904932 11.904932 11.904932 11.904932 11.904932 11.904932 11.904932 11.904932 11.904932 7.521043 6.075074 19015291791.230827 11.904932 11.904932 1263782.909847 6.075074 55581.760192 11.904932 11.904932 1.000000
11.904932 11.904932 11.904932 11.904932 11.904932 11.904932 11.904932 11.904932 11.904932 11.904932 7.521043 6.075074 19015291791.230827 11.904932 11.904932 1263782.909847 6.075074 55581.760192 11.904932 11.904932 1.000000
11.904932 11.904932 11.904932 11.904932 11.904932 11.904932 11.904932 11.904932 11.904932 11.904932 7.521043 6.075074 19015291791.230827 11.904932 11.904932 1263782.909847 6.075074 55581.760192 11.904932 11.904932 1.000000
11.904932 11.904932 11.904932 11.904932 11.904932 11.904932 11.904932 11.904932 11.904932 11.904932 7.521043 6.075074 19015291791.230827 11.904932 11.904932 1263782.909847 6.075074 55581.760192 11.904932 11.904932 1.000000
11.904932 11.904932 11.904932 11.904932 11.904932 11.904932 11.904932 11.904932 11.904932 11.904932 7.521043 6.075074 19015291791.230827 11.904932 11.904932 1263782.909847 6.075074 55581.760192 11.904932 11.904932 1.000000
11.904932 11.904932 11.904932 11.904932 11.904932 11.904932 11.904932 11.904932 11.904932 11.904932 7.521043 6.075074 19015291791.230827 11.904932 11.904932 1263782.909847 6.075074 55581.760192 11.904932 11.904932 1.000000
11.904932 11.904932 11.904932 11.904932 11.904932 11.904932 11.904932 11.904932 11.904932 11.904932 7.521043 6.075074 19015291791.230827 11.904932 11.904932 1263782.909847 6.075074 55581.760192 11.904932 11.904932 1.000000
11.904932 11.904932 11.904932 11.904932 11.904932 11.904932 11.904932 11.904932 11.904932 11.904932 7.521043 6.075074 19015291791.230827 11.904932 11.904932 1263782.909847 6.075074 55581.760192 11.904932 11.904932 1.000000
11.904932 11.904932 11.904932 11.904932 11.904932 11.904932 11.904932 11.904932 11.904932 11.904932 7.521043 6.075074 19015291791.230827 11.904932 11.904932 1263782.909847 6.075074 55581.760192 11.904932 11.904932 1.000000
11.904932 11.904932 11.904932 11.904932 11.904932 11.904932 11.904932 11.904932 11.904932 11.904932 7.521043 6.075074 19015291791.230827 11.904932 11.904932 1263782.909847 6.075074 55581.760192 11.904932 11.904932 1.000000
11.908211 11.908211 11.908211 11.908211 11.908211 11.908211 11.908211 11.908211 11.908211 11.908211 7.523072 6.076681 19020604033.702286 11.908211 11.908211 1011308.775134 7.523072 55597.287895 11.908211 11.908211 1.000000
11.904932 11.904932 11.904932 11.904932 11.904932 11.904932 11.904932 11.904932 11.904932 11.904932 7.521043 6.075074 19015291791.230827 11.904932 11.904932 1263782.909847 6.075074 55581.760192 11.904932 11.904932 1.000000
11.904932 11.904932 11.904932 11.904932 11.904932 11.904932 11.904932 11.904932 11.904932 11.904932 7.521043 6.075074 19015291791.230827 11.904932 11.904932 1263782.909847 6.075074 55581.760192 11.904932 11.904932 1.000000
11.904932 11.904932 11.904932 11.904932 11.904932 11.904932 11.904932 11.904932 11.904932 11.904932 7.521043 6.075074 19015291791.230827 11.904932 11.904932 1263782.909847 6.075074 55581.760192 11.904932 11.904932 1.000000
11.904932 11.904932 11.904932 11.904932 11.904932 11.904932 11.904932 11.904932 11.904932 11.904932 7.521043 6.075074 19015291791.230827 11.904932 11.904932 1263782.909847 6.075074 55581.760192 11.904932 11.904932 1.000000
11.904932 11.904932 11.904932 11.904932 11.904932 11.904932 11.904932 11.904932 11.904932 11.904932 7.521043 6.075074 19015291791.230827 11.904932 11.904932 1263782.909847 6.075074 55581.760192 11.904932 11.904932 1.000000
11.904932 11.904932 11.904932 11.904932 11.904932 11.904932 11.904932 11.904932 11.904932 11.904932 7.521043 6.075074 19015291791.230827 11.904932 11.904932 1263782.909847 6.075074 55581.760192 11.904932 11.904932 1.000000
11.904932 11.904932 11.904932 11.904932 11.904932 11.904932 11.904932 11.904932 11.904932 11.904932 7.521043 6.075074 19015291791.230827 11.904932 11.904932 1263782.909847 6.075074 55581.760192 11.904932 11.904932 1.000000
11.904932 11.904932 11.904932 11.904932 11.904932 11.904932 11.904932 11.904932 11.904932 11.904932 7.521043 6.075074 19015291791.230827 11.904932 11.904932 1263782.909847 6.075074 55581.760192 11.904932 11.904932 1.000000
11.904932 11.904932 11.904932 11.904932 11.904932 11.904932 11.904932 11.904932 11.904932 11.904932 7.521043 6.075074 19015291791.230827 11.904932 11.904932 1263782.909847 6.075074 55581.760192 11.904932 11.904932 1.000000
11.904932 11.904932 11.904932 11.904932 11.904932 11.904932 11.904932 11.904932 11.904932 11.904932 7.521043 6.075074 19015291791.230827 11.904932 11.904932 1263782.909847 6.075074 55581.760192 11.904932 11.904932 1.000000
11.904932 11.904932 11.904932 11.904932 11.904932 11.904932 11.904932 11.904932 11.904932 11.904932 7.521043 6.075074 19015291791.230827 11.904932 11.904932 1263782.909847 6.075074 55581.760192 11.904932 11.904932 1.000000
11.904932 11.904932 11.904932 11.904932 11.904932 11.904932 11.904932 11.904932 11.904932 11.904932 7.521043 6.075074 19015291791.230827 11.904932 11.904932 1263782.909847 6.075074 55581.760192 11.904932 11.904932 1.000000
11.904932 11.904932 11.904932 11.904932 11.904932 11.904932 11.904932 11.904932 11.904932 11.904932 7.521043 6.075074 19015291791.230827 11.904932 11.904932 1263782.909847 6.075074 55581.760192 11.904932 11.904932 1.000000
11.904932 11.904932 11.904932 11.904932 11.904932 11.904932 11.904932 11.904932 11.904932 11.904932 7.521043 6.075074 19015291791.230827 11.904932 11.904932 1263782.909847 6.075074 55581.760192 11.904932 11.904932 1.000000
11.904932 11.904932 11.904932 11.904932 11.904932 11.904932 11.904932 11.904932 11.904932 11.904932 7.521043 6.075074 19015291791.230827 11.904932 11.904932 1263782.909847 6.075074 55581.760192 11.904932 11.904932 1.000000
11.904932 11.904932 11.904932 11.904932 11.904932 11.904932 11.904932 11.904932 11.904932 11.904932 7.521043 6.075074 19015291791.230827 11.904932 11.904932 1263782.909847 6.075074 55581.760192 11.904932 11.904932 1.000000
11.904932 11.904932 11.904932 11.904932 11.904932 11.904932 11.904932 11.904932 11.904932 11.904932 7.521043 6.075074 19015291791.230827 11.904932 11.904932 1263782.909847 6.075074 55581.760192 11.904932 11.904932 1.000000
11.904932 11.904932 11.904932 11.904932 11.904932 11.904932 11.904932 11.904932 11.904932 11.904932 7.521043 6.075074 19015291791.230827 11.904932 11.904932 1263782.909847 6.075074 55581.760192 11.904932 11.904932 1.000000
11.904932 11.904932 11.904932 11.904932 11.904932 11.904932 11.904932 11.904932 11.904932 11.904932 7.521043 6.075074 19015291791.230827 11.904932 11.904932 1263782.909847 6.075074 55581.760192 11.904932 11.904932 1.000000
11.904932 11.904932 11.904932 11.904932 11.904932 11.904932 11.904932 11.904932 11.904932 11.904932 7.521043 6.075074 19015291791.230827 11.904932 11.904932 1263782.909847 6.075074 55581.760192 11.904932 11.904932 1.000000
11.904932 11.904932 11.904932 11.904932 11.904932 11.904932 11.904932 11.904932 11.904932 11.904932 7.521043 6.075074 19015291791.230827 11.904932 11.904932 1263782.909847 6.075074 55581.760192 11.904932 11.904932 1.000000
11.904932 11.904932 11.904932 11.904932 11.904932 11.904932 11.904932 11.904932 11.904932 11.904932 7.521043 6.075074 19015291791.230827 11.904932 11.904932 1263782.909847 6.075074 55581.760192 11.904932 11.904932 1.000000
11.904932 11.904932 11.904932 11.904932 11.904932 11.904932 11.904932 11.904932 11.904932 11.904932 7.521043 6.075074 19015291791.230827 11.904932 11.904932 1263782.909847 6.075074 55581.760192 11.904932 11.904932 1.000000
11.904932 11.904932 11.904932 11.904932 11.904932 11.904932 11.904932 11.904932 11.904932 11.904932 7.521043 6.075074 19015291791.230827 11.904932 11.904932 1263782.909847 6.075074 55581.760192 11.904932 11.904932 1.000000
11.904932 11.904932 11.904932 11.904932 11.904932 11.904932 11.904932 11.904932 11.904932 11.904932 7.521043 6.075074 19015291791.230827 11.904932 11.904932 1263782.909847 6.075074 55581.760192 11.904932 11.904932 1.000000
11.904932 11.904932 11.904932 11.904932 11.904932 11.904932 11.904932 11.904932 11.904932 11.904932 7.521043 6.075074 19015291791.230827 11.904932 11.904932 1263782.909847 6.075074 55581.760192 11.904932 11.904932 1.000000
11.904932 11.904932 11.904932 11.904932 11.904932 11.904932 11.904932 11.904932 11.904932 11.904932 7.521043 6.075074 19015291791.230827 11.904932 11.904932 1263782.909847 6.075074 55581.760192 11.904932 11.904932 1.000000
11.904932 11.904932 11.904932 11.904932 11.904932 11.904932 11.904932 11.904932 11.904932 11.904932 7.521043 6.075074 19015291791.230827 11.904932 11.904932 1263782.909847 6.075074 55581.760192 11.904932 11.904932 1.000000
11.904932 11.904932 11.904932 11.904932 11.904932 11.904932 11.904932 11.904932 11.904932 11.904932 7.521043 6.075074 19015291791.230827 11.904932 11.904932 1263782.909847 6.075074 55581.760192 11.904932 11.904932 1.000000
11.904932 11.904932 11.904932 11.904932 11.904932 11.904932 11.904932 11.904932 11.904932 11.904932 7.521043 6.075074 19015291791.230827 11.904932 11.904932 1263782.909847 6.075074 55581.760192 11.904932 11.904932 1.000000
11.904932 11.904932 11.904932 11.904932 11.904932 11.904932 11.904932 11.904932 11.904932 11.904932 7.521043 6.075074 19015291791.230827 11.904932 11.904932 1263782.909847 6.075074 55581.760192 11.904932 11.904932 1.000000
11.904932 11.904932 11.904932 11.904932 11.904932 11.904932 11.904932 11.904932 11.904932 11.904932 7.521043 6.075074 19015291791.230827 11.904932 11.904932 1263782.909847 6.075074 55581.760192 11.904932 11.904932 1.000000
11.904932 11.904932 11.904932 11.904932 11.904932 11.904932 11.904932 11.904932 11.904932 11.904932 7.521043 6.075074 19015291791.230827 11.904932 11.904932 1263782.909847 6.075074 55581.760192 11.904932 11.904932 1.000000
11.904932 11.904932 11.904932 11.904932 11.904932 11.904932 11.904932 11.904932 11.904932 11.904932 7.521043 6.075074 19015291791.230827 11.904932 11.904932 1263782.909847 6.075074 55581.760192 11.904932 11.904932 1.000000
11.904932 11.904932 11.904932 11.904932 11.904932 11.904932 11.904932 11.904932 11.904932 11.904932 7.521043 6.075074 19015291791.230827 11.904932 11.904932 1263782.909847 6.075074 55581.760192 11.904932 11.904932 1.000000
11.904932 11.904932 11.904932 11.904932 11.904932 11.904932 11.904932 11.904932 11.904932 11.904932 7.521043 6.075074 19015291791.230827 11.904932 11.904932 1263782.909847 6.075074 55581.760192 11.904932 11.904932 1.000000
11.904932 11.904932 11.904932 11.904932 11.904932 11.904932 11.904932 11.904932 11.904932 11.904932 7.521043 6.075074 19015291791.230827 11.904932 11.904932 1263782.909847 6.075074 55581.760192 11.904932 11.904932 1.000000
11.904932 11.904932 11.904932 11.904932 11.904932 11.904932 11.904932 11.904932 11.904932 11.904932 7.521043 6.075074 19015291791.230827 11.904932 11.904932 1263782.909847 6.075074 55581.760192 11.904932 11.904932 1.000000
11.904932 11.904932 11.904932 11.904932 11.904932 11.904932 11.904932 11.904932 11.904932 11.904932 7.521043 6.075074 19015291791.230827 11.904932 11.904932 1263782.909847 6.075074 55581.760192 11.904932 11.904932 1.000000
11.904932 11.904932 11.904932 11.904932 11.904932 11.904932 11.904932 11.904932 11.904932 11.904932 7.521043 6.075074 19015291791.230827 11.904932 11.904932 1263782.909847 6.075074 55581.760192 11.904932 11.904932 1.000000
11.904932 11.904932 11.904932 11.904932 11.904932 11.904932 11.904932 11.904932 11.904932 11.904932 7.521043 6.075074 19015291791.230827 11.904932 11.904932 1263782.909847 6.075074 55581.760192 11.904932 11.904932 1.000000
11.904932 11.904932 11.904932 11.904932 11.904932 11.904932 11.904932 11.904932 11.904932 11.904932 7.521043 6.075074 19015291791.230827 11.904932 11.904932 1263782.909847 6.075074 55581.760192 11.904932 11.904932 1.000000
11.904932 11.904932 11.904932 11.904932 11.904932 11.904932 11.904932 11.904932 11.904932 11.904932 7.521043 6.075074 19015291791.230827 11.904932 11.904932 1263782.909847 6.075074 55581.760192 11.904932 11.904932 1.000000
11.904932 11.904932 11.904932 11.904932 11.904932 11.904932 11.904932 11.904932 11.904932 11.904932 7.521043 6.075074 19015291791.230827 11.904932 11.904932 1263782.909847 6.075074 55581.760192 11.904932 11.904932 1.000000
11.904932 11.904932 11.904932 11.904932 11.904932 11.904932 11.904932 11.904932 11.904932 11.904932 7.521043 6.075074 19015291791.230827 11.904932 11.904932 1263782.909847 6.075074 55581.760192 11.904932 11.904932 1.000000
11.904932 11.904932 11.904932 11.904932 11.904932 11.904932 11.904932 11.904932 11.904932 11.904932 7.521043 6.075074 19015291791.230827 11.904932 11.904932 1263782.909847 6.075074 55581.760192 11.904932 11.904932 1.000000
11.904932 11.904932 11.904932 11.904932 11.904932 11.904932 11.904932 11.904932 11.904932 11.904932 7.521043 6.075074 19015291791.230827 11.904932 11.904932 1263782.909847 6.075074 55581.760192 11.904932 11.904932 1.000000
11.904932 11.904932 11.904932 11.904932 11.904932 11.904932 11.904932 11.904932 11.904932 11.904932 7.521043 6.075074 19015291791.230827 11.904932 11.904932 1263782.909847 6.075074 55581.760192 11.904932 11.904932 1.000000
11.904932 11.904932 11.904932 11.904932 11.904932 11.904932 11.904932 11.904932 11.904932 11.904932 7.521043 6.075074 19015291791.230827 11.904932 11.904932 1263782.909847 6.075074 55581.760192 11.904932 11.904932 1.000000
11.904932 11.904932 11.904932 11.904932 11.904932 11.904932 11.904932 11.904932 11.904932 11.904932 7.521043 6.075074 19015291791.230827 11.904932 11.904932 1263782.909847 6.075074 55581.760192 11.904932 11.904932 1.000000
11.904932 11.904932 11.904932 11.904932 11.904932 11.904932 11.904932 11.904932 11.904932 11.904932 7.521043 6.075074 19015291791.230827 11.904932 11.904932 1263782.909847 6.075074 55581.760192 11.904932 11.904932 1.000000
11.904932 11.904932 11.904932 11.904932 11.904932 11.904932 11.904932 11.904932 11.904932 11.904932 7.521043 6.075074 19015291791.230827 11.904932 11.904932 1263782.909847 6.075074 55581.760192 11.904932 11.904932 1.000000
11.904932 11.904932 11.904932 11.904932 11.904932 11.904932 11.904932 11.904932 11.904932 11.904932 7.521043 6.075074 19015291791.230827 11.904932 11.904932 1263782.909847 6.075074 55581.760192 11.904932 11.904932 1.000000
11.904932 11.904932 11.904932 11.904932 11.904932 11.904932 11.904932 11.904932 11.904932 11.904932 7.521043 6.075074 19015291791.230827 11.904932 11.904932 1263782.909847 6.075074 55581.760192 11.904932 11.904932 1.000000
11.904932 11.904932 11.904932 11.904932 11.904932 11.904932 11.904932 11.904932 11.904932 11.904932 7.521043 6.075074 19015291791.230827 11.904932 11.904932 1263782.909847 6.075074 55581.760192 11.904932 11.904932 1.000000
11.904932 11.904932 11.904932 11.904932 11.904932 11.904932 11.904932 11.904932 11.904932 11.904932 7.521043 6.075074 19015291791.230827 11.904932 11.904932 1263782.909847 6.075074 55581.760192 11.904932 11.904932 1.000000
11.904932 11.904932 11.904932 11.904932 11.904932 11.904932 11.904932 11.904932 11.904932 11.904932 7.521043 6.075074 19015291791.230827 11.904932 11.904932 1263782.909847 6.075074 55581.760192 11.904932 11.904932 1.000000
11.904932 11.904932 11.904932 11.904932 11.904932 11.904932 11.904932 11.904932 11.904932 11.904932 7.521043 6.075074 19015291791.230827 11.904932 11.904932 1263782.909847 6.075074 55581.760192 11.904932 11.904932 1.000000
11.904932 11.904932 11.904932 11.904932 11.904932 11.904932 11.904932 11.904932 11.904932 11.904932 7.521043 6.075074 19015291791.230827 11.904932 11.904932 1263782.909847 6.075074 55581.760192 11.904932 11.904932 1.000000
11.904932 11.904932 11.904932 11.904932 11.904932 11.904932 11.904932 11.904932 11.904932 11.904932 7.521043 6.075074 19015291791.230827 11.904932 11.904932 1263782.909847 6.075074 55581.760192 11.904932 11.904932 1.000000
11.904932 11.904932 11.904932 11.904932 11.904932 11.904932 11.904932 11.904932 11.904932 11.904932 7.521043 6.075074 19015291791.230827 11.904932 11.904932 1263782.909847 6.075074 55581.760192 11.904932 11.904932 1.000000
11.904932 11.904932 11.904932 11.904932 11.904932 11.904932 11.904932 11.904932 11.904932 11.904932 7.521043 6.075074 19015291791.230827 11.904932 11.904932 1263782.909847 6.075074 55581.760192 11.904932 11.904932 1.000000
11.904932 11.904932 11.904932 11.904932 11.904932 11.904932 11.904932 11.904932 11.904932 11.904932 7.521043 6.075074 19015291791.230827 11.904932 11.904932 1263782.909847 6.075074 55581.760192 11.904932 11.904932 1.000000
11.904932 11.904932 11.904932 11.904932 11.904932 11.904932 11.904932 11.904932 11.904932 11.904932 7.521043 6.075074 19015291791.230827 11.904932 11.904932 1263782.909847 6.075074 55581.760192 11.904932 11.904932 1.000000
11.904932 11.904932 11.904932 11.904932 11.904932 11.904932 11.904932 11.904932 11.904932 11.904932 7.521043 6.075074 19015291791.230827 11.904932 11.904932 1263782.909847 6.075074 55581.760192 11.904932 11.904932 1.000000
11.904932 11.904932 11.904932 11.904932 11.904932 11.904932 11.904932 11.904932 11.904932 11.904932 7.521043 6.075074 19015291791.230827 11.904932 11.904932 1263782.909847 6.075074 55581.760192 11.904932 11.904932 1.000000
11.904932 11.904932 11.904932 11.904932 11.904932 11.904932 11.904932 11.904932 11.904932 11.904932 7.521043 6.075074 19015291791.230827 11.904932 11.904932 1263782.909847 6.075074 55581.760192 11.904932 11.904932 1.000000
