0.000000 0.000000 0.000000 0.000000 0.000000 0.000000 0.000000 0.000000 0.000000 0.000000 0.000000 0.000000 0.000000 0.000000 0.000000 0.000000 0.000000 0.000000 0.000000 0.000000 0.000000
0.084711 0.084711 0.084711 0.084711 0.084711 0.084711 0.084711 0.084711 0.002402 0.011450 0.069558 0.022892 0.000009 0.017888 0.001921 0.000002 0.022892 0.035741 0.014312 0.017888 1.000000
0.084186 0.084186 0.084186 0.084186 0.084186 0.084186 0.084186 0.084186 0.000320 0.001909 0.069126 0.055396 0.001222 0.014222 0.000205 0.000002 0.035517 0.018202 0.022216 0.034687 1.000000
0.084738 0.084738 0.084738 0.084738 0.084738 0.084738 0.084738 0.084738 0.005865 0.002402 0.007507 0.007507 0.001230 0.017894 0.001538 0.000001 0.134106 0.035753 0.011454 0.001922 1.000000
0.084190 0.084190 0.084190 0.084190 0.084190 0.084190 0.084190 0.084190 0.000978 0.001909 0.086181 0.044368 0.000978 0.009104 0.002387 0.000001 0.055398 0.044368 0.011379 0.003729 1.000000
0.084173 0.084173 0.084173 0.084173 0.084173 0.084173 0.084173 0.084173 0.000626 0.011377 0.014561 0.035512 0.000205 0.027757 0.000320 0.000009 0.018199 0.007456 0.009102 0.043323 1.000000
0.084179 0.084179 0.084179 0.084179 0.084179 0.084179 0.084179 0.084179 0.004661 0.001222 0.028425 0.028425 0.000205 0.007282 0.005826 0.000001 0.028425 0.086170 0.009102 0.007282 1.000000
0.084178 0.084178 0.084178 0.084178 0.084178 0.084178 0.084178 0.084178 0.001222 0.000977 0.044361 0.022746 0.000626 0.043325 0.001909 0.000003 0.044361 0.007457 0.027759 0.002386 1.000000
0.084209 0.084209 0.084209 0.084209 0.084209 0.084209 0.084209 0.084209 0.000978 0.000501 0.035527 0.133287 0.001528 0.009106 0.001222 0.000002 0.028435 0.044378 0.017781 0.009106 1.000000
0.084717 0.084717 0.084717 0.084717 0.084717 0.084717 0.084717 0.084717 0.000787 0.000165 0.055748 0.014656 0.034908 0.017889 0.000504 0.000002 0.011726 0.069564 0.005864 0.014313 1.000000
0.084181 0.084181 0.084181 0.084181 0.084181 0.084181 0.084181 0.084181 0.000400 0.002386 0.028425 0.069121 0.000256 0.027760 0.000626 0.000003 0.018201 0.022747 0.017774 0.034685 1.000000
0.084172 0.084172 0.084172 0.084172 0.084172 0.084172 0.084172 0.084172 0.001527 0.000500 0.055386 0.014561 0.001527 0.011377 0.002983 0.000003 0.007456 0.055386 0.014220 0.007282 1.000000
0.084176 0.084176 0.084176 0.084176 0.084176 0.084176 0.084176 0.084176 0.000782 0.001222 0.022745 0.035513 0.005826 0.022213 0.000131 0.000001 0.069118 0.022745 0.017773 0.011377 1.000000
0.084185 0.084185 0.084185 0.084185 0.084185 0.084185 0.084185 0.084185 0.001527 0.005826 0.018202 0.086176 0.001222 0.027761 0.000105 0.000004 0.018202 0.022748 0.034686 0.002386 1.000000
0.084190 0.084190 0.084190 0.084190 0.084190 0.084190 0.084190 0.084190 0.002387 0.002387 0.028428 0.055398 0.000626 0.014223 0.000320 0.000001 0.069129 0.069129 0.022217 0.005827 1.000000
0.084713 0.084713 0.084713 0.084713 0.084713 0.084713 0.084713 0.084713 0.002402 0.003002 0.069561 0.022892 0.000984 0.027938 0.000984 0.000003 0.007505 0.055745 0.004691 0.003002 1.000000
0.084199 0.084199 0.084199 0.084199 0.084199 0.084199 0.084199 0.084199 0.000320 0.027766 0.055404 0.055404 0.000400 0.043336 0.000067 0.000001 0.028431 0.069136 0.005827 0.027766 1.000000
0.084183 0.084183 0.084183 0.084183 0.084183 0.084183 0.084183 0.084183 0.000977 0.001222 0.044364 0.035516 0.002983 0.022215 0.000205 0.000001 0.044364 0.069123 0.017775 0.007282 1.000000
0.084187 0.084187 0.084187 0.084187 0.084187 0.084187 0.084187 0.084187 0.003729 0.001527 0.069127 0.069127 0.002387 0.001909 0.002983 0.000001 0.028427 0.055396 0.002387 0.007283 1.000000
0.084170 0.084170 0.084170 0.084170 0.084170 0.084170 0.084170 0.084170 0.000977 0.000782 0.022744 0.044357 0.001909 0.014219 0.000782 0.000001 0.028421 0.044357 0.011376 0.017772 1.000000
0.084740 0.084740 0.084740 0.084740 0.084740 0.084740 0.084740 0.084740 0.001922 0.001922 0.011729 0.044660 0.001230 0.034918 0.001922 0.000000 0.069582 0.107978 0.001922 0.005865 1.000000
0.084160 0.084160 0.084160 0.084160 0.084160 0.084160 0.084160 0.084160 0.004660 0.000977 0.014559 0.022741 0.000782 0.014217 0.005824 0.000004 0.009319 0.022741 0.009100 0.002982 1.000000
0.084177 0.084177 0.084177 0.084177 0.084177 0.084177 0.084177 0.084177 0.001222 0.001909 0.035513 0.011650 0.001527 0.005826 0.000320 0.000002 0.014562 0.055389 0.017773 0.043324 1.000000
0.084177 0.084177 0.084177 0.084177 0.084177 0.084177 0.084177 0.084177 0.002386 0.000256 0.055390 0.044361 0.017774 0.002983 0.000256 0.000002 0.035514 0.028424 0.027759 0.007282 1.000000
0.084715 0.084715 0.084715 0.084715 0.084715 0.084715 0.084715 0.084715 0.000787 0.003002 0.035743 0.011726 0.003002 0.011451 0.000403 0.000001 0.086719 0.035743 0.011451 0.011451 1.000000
0.084202 0.084202 0.084202 0.084202 0.084202 0.084202 0.084202 0.084202 0.002387 0.003730 0.069139 0.028432 0.004662 0.009105 0.054115 0.000001 0.028432 0.086194 0.000978 0.000105 1.000000
0.084265 0.084265 0.084265 0.084265 0.084265 0.084265 0.084265 0.084265 0.000164 0.004666 0.107378 0.086258 0.000978 0.011389 0.000164 0.000000 0.133373 0.069191 0.043371 0.014236 1.000000
0.084231 0.084231 0.084231 0.084231 0.084231 0.084231 0.084231 0.084231 0.000320 0.002388 0.069162 0.044389 0.000978 0.054134 0.000626 0.000001 0.133319 0.014571 0.022227 0.002985 1.000000
0.084257 0.084257 0.084257 0.084257 0.084257 0.084257 0.084257 0.084257 0.005831 0.000401 0.044403 0.107367 0.000034 0.084257 0.000321 0.000000 0.069184 0.086249 0.027785 0.022234 1.000000
0.084242 0.084242 0.084242 0.084242 0.084242 0.084242 0.084242 0.084242 0.000321 0.000321 0.069171 0.069171 0.084242 0.022230 0.000131 0.000000 0.055432 0.086234 0.002388 0.022230 1.000000
0.084244 0.084244 0.084244 0.084244 0.084244 0.084244 0.084244 0.084244 0.005830 0.000256 0.133340 0.055434 0.000067 0.034711 0.003732 0.000001 0.069173 0.055434 0.001528 0.054142 1.000000
0.084259 0.084259 0.084259 0.084259 0.084259 0.084259 0.084259 0.084259 0.000401 0.002389 0.107370 0.086251 0.000978 0.027786 0.000978 0.000000 0.133363 0.069185 0.004665 0.007289 1.000000
0.084272 0.084272 0.084272 0.084272 0.084272 0.084272 0.084272 0.084272 0.004666 0.000257 0.055452 0.069196 0.000105 0.014237 0.000321 0.000001 0.009331 0.165121 0.043374 0.067589 1.000000
0.084229 0.084229 0.084229 0.084229 0.084229 0.084229 0.084229 0.084229 0.000256 0.000205 0.107333 0.055424 0.027776 0.034705 0.000131 0.000001 0.044388 0.069161 0.003731 0.054133 1.000000
0.084215 0.084215 0.084215 0.084215 0.084215 0.084215 0.084215 0.084215 0.000626 0.000626 0.044381 0.055415 0.011382 0.027771 0.000054 0.000000 0.086207 0.044381 0.004663 0.067544 1.000000
0.084778 0.084778 0.084778 0.084778 0.084778 0.084778 0.084778 0.084778 0.001538 0.000258 0.086783 0.108026 0.000630 0.014323 0.067998 0.000001 0.055788 0.069614 0.011460 0.000323 1.000000
0.084286 0.084286 0.084286 0.084286 0.084286 0.084286 0.084286 0.084286 0.000105 0.000979 0.133405 0.055461 0.067601 0.043381 0.000043 0.000000 0.086279 0.086279 0.001529 0.054169 1.000000
0.084225 0.084225 0.084225 0.084225 0.084225 0.084225 0.084225 0.084225 0.084225 0.000014 0.055421 0.086217 0.027775 0.014229 0.000164 0.000001 0.022759 0.044386 0.007286 0.003731 1.000000
0.084234 0.084234 0.084234 0.084234 0.084234 0.084234 0.084234 0.084234 0.000321 0.000501 0.086226 0.069165 0.002388 0.034707 0.000782 0.000000 0.055427 0.107339 0.043354 0.002388 1.000000
0.084230 0.084230 0.084230 0.084230 0.084230 0.084230 0.084230 0.084230 0.000205 0.001910 0.086222 0.069162 0.000501 0.034705 0.000401 0.000000 0.086222 0.086222 0.014230 0.027776 1.000000
0.084215 0.084215 0.084215 0.084215 0.084215 0.084215 0.084215 0.084215 0.000626 0.001910 0.069149 0.069149 0.000626 0.034699 0.002387 0.000001 0.069149 0.086207 0.022223 0.000782 1.000000
0.084252 0.084252 0.084252 0.084252 0.084252 0.084252 0.084252 0.084252 0.000205 0.007289 0.055439 0.069180 0.001223 0.084252 0.000626 0.000000 0.055439 0.107361 0.000321 0.043364 1.000000
0.084241 0.084241 0.084241 0.084241 0.084241 0.084241 0.084241 0.084241 0.000401 0.004664 0.028446 0.133335 0.000321 0.043358 0.000164 0.000000 0.086233 0.069171 0.017787 0.017787 1.000000
0.084242 0.084242 0.084242 0.084242 0.084242 0.084242 0.084242 0.084242 0.000256 0.001223 0.086234 0.133337 0.001911 0.034710 0.000783 0.000001 0.055433 0.044395 0.043359 0.001223 1.000000
0.084279 0.084279 0.084279 0.084279 0.084279 0.084279 0.084279 0.084279 0.000257 0.000979 0.133394 0.044415 0.003733 0.067595 0.001911 0.000000 0.069202 0.133394 0.003733 0.002389 1.000000
0.084333 0.084333 0.084333 0.084333 0.084333 0.084333 0.084333 0.084333 0.084333 0.000043 0.069247 0.133479 0.000164 0.084333 0.002988 0.000000 0.133479 0.055493 0.034748 0.000401 1.000000
0.084730 0.084730 0.084730 0.084730 0.084730 0.084730 0.084730 0.084730 0.000504 0.003753 0.086733 0.086733 0.000984 0.027943 0.001537 0.000006 0.009383 0.003075 0.007330 0.005864 1.000000
0.084265 0.084265 0.084265 0.084265 0.084265 0.084265 0.084265 0.084265 0.000256 0.001529 0.107378 0.069191 0.000321 0.034720 0.000164 0.000000 0.133373 0.044407 0.054156 0.027788 1.000000
0.084279 0.084279 0.084279 0.084279 0.084279 0.084279 0.084279 0.084279 0.000054 0.067596 0.069203 0.044415 0.004666 0.034726 0.000054 0.000001 0.165135 0.018222 0.000979 0.054165 1.000000
0.084774 0.084774 0.084774 0.084774 0.084774 0.084774 0.084774 0.084774 0.000206 0.003004 0.055785 0.108020 0.001231 0.054486 0.000403 0.000000 0.086778 0.055785 0.043635 0.001538 1.000000
0.084230 0.084230 0.084230 0.084230 0.084230 0.084230 0.084230 0.084230 0.000205 0.000164 0.069162 0.055424 0.084230 0.017785 0.000131 0.000001 0.055424 0.055424 0.034705 0.007287 1.000000
0.084394 0.084394 0.084394 0.084394 0.084394 0.084394 0.084394 0.084394 0.000043 0.054240 0.107541 0.086390 0.000002 0.067688 0.000502 0.000000 0.133572 0.165351 0.084394 0.054240 1.000000
0.084289 0.084289 0.084289 0.084289 0.084289 0.084289 0.084289 0.084289 0.000401 0.001529 0.107409 0.107409 0.000014 0.001529 0.084289 0.000001 0.044420 0.086283 0.067604 0.011393 1.000000
0.084378 0.084378 0.084378 0.084378 0.084378 0.084378 0.084378 0.084378 0.000164 0.000321 0.133548 0.165321 0.000980 0.007300 0.084378 0.000000 0.107521 0.086374 0.084378 0.000205 1.000000
0.084308 0.084308 0.084308 0.084308 0.084308 0.084308 0.084308 0.084308 0.000131 0.067619 0.107432 0.014585 0.000001 0.084308 0.001530 0.000000 0.069226 0.086302 0.034738 0.084308 1.000000
0.084395 0.084395 0.084395 0.084395 0.084395 0.084395 0.084395 0.084395 0.084395 0.000502 0.165352 0.107542 0.000022 0.084395 0.084395 0.000000 0.014600 0.133574 0.001225 0.000206 1.000000
0.084363 0.084363 0.084363 0.084363 0.084363 0.084363 0.084363 0.084363 0.000054 0.027821 0.165292 0.022796 0.000054 0.043421 0.000084 0.000000 0.165292 0.086358 0.067663 0.067663 1.000000
0.084428 0.084428 0.084428 0.084428 0.084428 0.084428 0.084428 0.084428 0.000257 0.005843 0.133625 0.133625 0.001532 0.000000 0.084428 0.000000 0.086424 0.165414 0.084428 0.084428 1.000000
0.084291 0.084291 0.084291 0.084291 0.084291 0.084291 0.084291 0.084291 0.000164 0.000783 0.107410 0.086284 0.004667 0.054173 0.000131 0.000000 0.133412 0.069212 0.002987 0.067605 1.000000
0.084331 0.084331 0.084331 0.084331 0.084331 0.084331 0.084331 0.084331 0.000627 0.067637 0.107461 0.107461 0.067637 0.043405 0.000131 0.000000 0.133475 0.035579 0.067637 0.000001 1.000000
0.084307 0.084307 0.084307 0.084307 0.084307 0.084307 0.084307 0.084307 0.000105 0.005835 0.107431 0.086301 0.017801 0.067618 0.000001 0.000000 0.107431 0.133438 0.027802 0.043392 1.000000
0.084332 0.084332 0.084332 0.084332 0.084332 0.084332 0.084332 0.084332 0.000034 0.084332 0.107463 0.107463 0.000011 0.067638 0.000501 0.000000 0.107463 0.107463 0.017807 0.043405 1.000000
0.084351 0.084351 0.084351 0.084351 0.084351 0.084351 0.084351 0.084351 0.000043 0.084351 0.133506 0.086346 0.000000 0.054212 0.001913 0.000000 0.069262 0.107487 0.084351 0.054212 1.000000
0.084356 0.084356 0.084356 0.084356 0.084356 0.084356 0.084356 0.084356 0.000131 0.000034 0.133514 0.133514 0.084356 0.000321 0.084356 0.000000 0.107493 0.086351 0.003737 0.017812 1.000000
0.084382 0.084382 0.084382 0.084382 0.084382 0.084382 0.084382 0.084382 0.004672 0.011405 0.165328 0.107525 0.000001 0.022268 0.067678 0.000000 0.133553 0.133553 0.000105 0.067678 1.000000
0.084409 0.084409 0.084409 0.084409 0.084409 0.084409 0.084409 0.084409 0.000164 0.000054 0.069309 0.165379 0.084409 0.000132 0.054249 0.000000 0.107560 0.165379 0.001914 0.084409 1.000000
0.084349 0.084349 0.084349 0.084349 0.084349 0.084349 0.084349 0.084349 0.002989 0.000067 0.086344 0.133503 0.000979 0.000131 0.084349 0.000000 0.165267 0.069260 0.004670 0.067652 1.000000
0.084371 0.084371 0.084371 0.084371 0.084371 0.084371 0.084371 0.084371 0.000205 0.002990 0.107512 0.133536 0.000257 0.054224 0.000502 0.000000 0.165307 0.133536 0.067669 0.002392 1.000000
0.084358 0.084358 0.084358 0.084358 0.084358 0.084358 0.084358 0.084358 0.000164 0.001531 0.133517 0.107496 0.009122 0.043419 0.000105 0.000000 0.133517 0.165283 0.001224 0.054216 1.000000
0.084380 0.084380 0.084380 0.084380 0.084380 0.084380 0.084380 0.084380 0.000054 0.084380 0.133551 0.133551 0.043430 0.067677 0.002990 0.000000 0.107524 0.133551 0.000001 0.027826 1.000000
0.084315 0.084315 0.084315 0.084315 0.084315 0.084315 0.084315 0.084315 0.000164 0.000164 0.086309 0.133450 0.014244 0.043397 0.000105 0.000000 0.107441 0.107441 0.084315 0.005835 1.000000
0.084379 0.084379 0.084379 0.084379 0.084379 0.084379 0.084379 0.084379 0.000084 0.000401 0.107522 0.133549 0.007300 0.054230 0.000007 0.000000 0.133549 0.107522 0.084379 0.084379 1.000000
0.084384 0.084384 0.084384 0.084384 0.084384 0.084384 0.084384 0.084384 0.000022 0.054233 0.107528 0.165332 0.000401 0.067680 0.000028 0.000000 0.165332 0.086379 0.054233 0.014256 1.000000
0.084365 0.084365 0.084365 0.084365 0.084365 0.084365 0.084365 0.084365 0.000105 0.000980 0.165297 0.165297 0.043423 0.067665 0.000084 0.000000 0.086360 0.107505 0.001225 0.017814 1.000000
0.084387 0.084387 0.084387 0.084387 0.084387 0.084387 0.084387 0.084387 0.000014 0.054235 0.133561 0.133561 0.000084 0.084387 0.000034 0.000000 0.133561 0.069291 0.084387 0.043434 1.000000
0.084343 0.084343 0.084343 0.084343 0.084343 0.084343 0.084343 0.084343 0.004670 0.000257 0.165255 0.018236 0.000009 0.001913 0.027814 0.000000 0.069255 0.165255 0.034752 0.084343 1.000000
0.083993 0.083993 0.083993 0.083993 0.083993 0.083993 0.083993 0.083993 0.083993 0.083993 0.132951 0.164595 0.083993 0.000000 0.002976 0.000000 0.164595 0.107034 0.083993 0.083993 1.000000
0.083957 0.083957 0.083957 0.083957 0.083957 0.083957 0.083957 0.083957 0.000043 0.083957 0.106989 0.132896 0.083957 0.067336 0.000000 0.000000 0.164529 0.132896 0.083957 0.083957 1.000000
0.083965 0.083965 0.083965 0.083965 0.083965 0.083965 0.083965 0.083965 0.000054 0.083965 0.164543 0.000167 0.000000 0.083965 0.083965 0.000000 0.132908 0.164543 0.083965 0.083965 1.000000
0.084483 0.084483 0.084483 0.084483 0.084483 0.084483 0.084483 0.084483 0.000003 0.007309 0.133711 0.165519 0.084483 0.084483 0.000001 0.000000 0.165519 0.107654 0.084483 0.067760 1.000000
0.083958 0.083958 0.083958 0.083958 0.083958 0.083958 0.083958 0.083958 0.083958 0.083958 0.164531 0.164531 0.000034 0.083958 0.000319 0.000000 0.132898 0.106991 0.000027 0.083958 1.000000
0.084467 0.084467 0.084467 0.084467 0.084467 0.084467 0.084467 0.084467 0.000006 0.084467 0.133686 0.165489 0.000084 0.084467 0.000035 0.000000 0.133686 0.133686 0.084467 0.054287 1.000000
0.084474 0.084474 0.084474 0.084474 0.084474 0.084474 0.084474 0.084474 0.000007 0.084474 0.165502 0.000086 0.084474 0.067753 0.000001 0.000000 0.107642 0.165502 0.084474 0.084474 1.000000
0.084426 0.084426 0.084426 0.084426 0.084426 0.084426 0.084426 0.084426 0.000257 0.000402 0.086422 0.086422 0.000084 0.000206 0.084426 0.000000 0.165410 0.165410 0.084426 0.084426 1.000000
0.084417 0.084417 0.084417 0.084417 0.084417 0.084417 0.084417 0.084417 0.000321 0.000105 0.165393 0.107570 0.000321 0.067706 0.022277 0.000000 0.133608 0.165393 0.084417 0.000502 1.000000
0.084474 0.084474 0.084474 0.084474 0.084474 0.084474 0.084474 0.084474 0.084474 0.009135 0.133697 0.165501 0.000000 0.084474 0.084474 0.000000 0.133697 0.107642 0.017837 0.084474 1.000000
0.084410 0.084410 0.084410 0.084410 0.084410 0.084410 0.084410 0.084410 0.000028 0.043446 0.165382 0.133598 0.003739 0.084410 0.000011 0.000000 0.165382 0.107562 0.002991 0.043446 1.000000
0.084463 0.084463 0.084463 0.084463 0.084463 0.084463 0.084463 0.084463 0.084463 0.084463 0.133680 0.086460 0.014269 0.084463 0.001532 0.000000 0.133680 0.165481 0.084463 0.000000 1.000000
0.084460 0.084460 0.084460 0.084460 0.084460 0.084460 0.084460 0.084460 0.000022 0.084460 0.107624 0.133674 0.000001 0.084460 0.000628 0.000000 0.165475 0.133674 0.067741 0.084460 1.000000
0.084439 0.084439 0.084439 0.084439 0.084439 0.084439 0.084439 0.084439 0.000084 0.084439 0.133643 0.055563 0.084439 0.084439 0.001915 0.000000 0.133643 0.165436 0.000000 0.067724 1.000000
0.084463 0.084463 0.084463 0.084463 0.084463 0.084463 0.084463 0.084463 0.084463 0.084463 0.107628 0.165481 0.000001 0.000084 0.005846 0.000000 0.165481 0.133680 0.054284 0.067744 1.000000
0.084333 0.084333 0.084333 0.084333 0.084333 0.084333 0.084333 0.084333 0.009119 0.000043 0.133478 0.002448 0.000001 0.084333 0.084333 0.000001 0.022788 0.107464 0.027811 0.084333 1.000000
0.084462 0.084462 0.084462 0.084462 0.084462 0.084462 0.084462 0.084462 0.000165 0.000502 0.165479 0.133678 0.000206 0.000132 0.084462 0.000000 0.165479 0.165479 0.043473 0.067743 1.000000
0.084439 0.084439 0.084439 0.084439 0.084439 0.084439 0.084439 0.084439 0.000084 0.000257 0.165435 0.133642 0.084439 0.043461 0.000067 0.000000 0.133642 0.165435 0.001532 0.067724 1.000000
0.084434 0.084434 0.084434 0.084434 0.084434 0.084434 0.084434 0.084434 0.000014 0.084434 0.133635 0.107592 0.000257 0.067721 0.000009 0.000000 0.165427 0.133635 0.084434 0.043459 1.000000
0.084398 0.084398 0.084398 0.084398 0.084398 0.084398 0.084398 0.084398 0.000321 0.003738 0.133580 0.133580 0.000011 0.001914 0.005841 0.000000 0.133580 0.165359 0.084398 0.054242 1.000000
0.084492 0.084492 0.084492 0.084492 0.084492 0.084492 0.084492 0.084492 0.000003 0.043489 0.107665 0.133725 0.000000 0.084492 0.084492 0.000000 0.165536 0.165536 0.067767 0.084492 1.000000
0.084477 0.084477 0.084477 0.084477 0.084477 0.084477 0.084477 0.084477 0.084477 0.011418 0.165507 0.165507 0.000022 0.084477 0.000206 0.000000 0.133701 0.133701 0.084477 0.000132 1.000000
0.084470 0.084470 0.084470 0.084470 0.084470 0.084470 0.084470 0.084470 0.000084 0.000257 0.165494 0.165494 0.084470 0.084470 0.084470 0.000000 0.133691 0.107637 0.000001 0.043477 1.000000
0.084483 0.084483 0.084483 0.084483 0.084483 0.084483 0.084483 0.084483 0.000043 0.000014 0.165519 0.107654 0.084483 0.000028 0.084483 0.000000 0.133711 0.165519 0.084483 0.067760 1.000000
0.084471 0.084471 0.084471 0.084471 0.084471 0.084471 0.084471 0.084471 0.084471 0.000002 0.165496 0.107638 0.054289 0.084471 0.000000 0.000000 0.133692 0.107638 0.084471 0.084471 1.000000
0.084065 0.084065 0.084065 0.084065 0.084065 0.084065 0.084065 0.084065 0.084065 0.084065 0.164732 0.133063 0.084065 0.084065 0.000000 0.000000 0.164732 0.164732 0.084065 0.084065 1.000000
0.083986 0.083986 0.083986 0.083986 0.083986 0.083986 0.083986 0.083986 0.083986 0.000054 0.164583 0.164583 0.000011 0.083986 0.001524 0.000000 0.164583 0.164583 0.002976 0.083986 1.000000
0.083976 0.083976 0.083976 0.083976 0.083976 0.083976 0.083976 0.083976 0.083976 0.000000 0.107013 0.132925 0.083976 0.083976 0.083976 0.000000 0.107013 0.164564 0.067351 0.083976 1.000000
0.084984 0.084984 0.084984 0.084984 0.084984 0.084984 0.084984 0.084984 0.000068 0.084984 0.108286 0.044790 0.084984 0.084984 0.084984 0.000000 0.134487 0.134487 0.084984 0.000000 1.000000
0.083983 0.083983 0.083983 0.083983 0.083983 0.083983 0.083983 0.083983 0.083983 0.083983 0.085969 0.132935 0.083983 0.083983 0.002976 0.000000 0.164577 0.164577 0.083983 0.000000 1.000000
0.084488 0.084488 0.084488 0.084488 0.084488 0.084488 0.084488 0.084488 0.000105 0.000035 0.133718 0.165527 0.067763 0.084488 0.000785 0.000000 0.165527 0.165527 0.000402 0.084488 1.000000
0.084421 0.084421 0.084421 0.084421 0.084421 0.084421 0.084421 0.084421 0.084421 0.000084 0.133614 0.165401 0.005843 0.084421 0.002992 0.000004 0.000044 0.165401 0.067710 0.000007 1.000000
0.083987 0.083987 0.083987 0.083987 0.083987 0.083987 0.083987 0.083987 0.083987 0.000000 0.132941 0.000007 0.083987 0.067360 0.083987 0.000000 0.164584 0.164584 0.083987 0.083987 1.000000
0.084053 0.084053 0.084053 0.084053 0.084053 0.084053 0.084053 0.084053 0.084053 0.000000 0.164709 0.133044 0.084053 0.084053 0.084053 0.000000 0.164709 0.164709 0.067413 0.084053 1.000000
0.084003 0.084003 0.084003 0.084003 0.084003 0.084003 0.084003 0.084003 0.000780 0.084003 0.164614 0.132966 0.084003 0.000000 0.084003 0.000000 0.164614 0.164614 0.034610 0.084003 1.000000
0.084453 0.084453 0.084453 0.084453 0.084453 0.084453 0.084453 0.084453 0.000011 0.002993 0.165461 0.014610 0.084453 0.084453 0.000001 0.000000 0.165461 0.107615 0.084453 0.084453 1.000000
0.084021 0.084021 0.084021 0.084021 0.084021 0.084021 0.084021 0.084021 0.084021 0.084021 0.164648 0.000000 0.084021 0.084021 0.067387 0.000000 0.132994 0.164648 0.084021 0.084021 1.000000
0.084471 0.084471 0.084471 0.084471 0.084471 0.084471 0.084471 0.084471 0.027857 0.084471 0.133693 0.009354 0.084471 0.084471 0.000000 0.000000 0.165497 0.165497 0.000321 0.084471 1.000000
0.083992 0.083992 0.083992 0.083992 0.083992 0.083992 0.083992 0.083992 0.000004 0.083992 0.132950 0.164595 0.083992 0.083992 0.083992 0.000000 0.164595 0.107034 0.083992 0.000000 1.000000
0.084031 0.084031 0.084031 0.084031 0.084031 0.084031 0.084031 0.084031 0.084031 0.000034 0.164667 0.164667 0.084031 0.000027 0.084031 0.000000 0.133010 0.164667 0.084031 0.084031 1.000000
0.084054 0.084054 0.084054 0.084054 0.084054 0.084054 0.084054 0.084054 0.084054 0.084054 0.164711 0.164711 0.007271 0.000000 0.084054 0.000000 0.164711 0.164711 0.084054 0.084054 1.000000
0.084424 0.084424 0.084424 0.084424 0.084424 0.084424 0.084424 0.084424 0.000000 0.084424 0.165407 0.086420 0.084424 0.054259 0.084424 0.000007 0.001961 0.003063 0.084424 0.084424 1.000000
0.084003 0.084003 0.084003 0.084003 0.084003 0.084003 0.084003 0.084003 0.002381 0.084003 0.164616 0.164616 0.084003 0.084003 0.000000 0.000000 0.107048 0.164616 0.084003 0.067373 1.000000
0.083992 0.083992 0.083992 0.083992 0.083992 0.083992 0.083992 0.083992 0.083992 0.000001 0.164595 0.107034 0.083992 0.000000 0.083992 0.000000 0.164595 0.132950 0.083992 0.083992 1.000000
0.084065 0.084065 0.084065 0.084065 0.084065 0.084065 0.084065 0.084065 0.084065 0.084065 0.164732 0.164732 0.084065 0.084065 0.000000 0.000000 0.133063 0.164732 0.084065 0.084065 1.000000
0.084513 0.084513 0.084513 0.084513 0.084513 0.084513 0.084513 0.084513 0.000000 0.084513 0.165575 0.133757 0.084513 0.084513 0.084513 0.000000 0.000000 0.133757 0.084513 0.084513 1.000000
0.084088 0.084088 0.084088 0.084088 0.084088 0.084088 0.084088 0.084088 0.084088 0.084088 0.164775 0.164775 0.084088 0.000000 0.084088 0.000000 0.164775 0.164775 0.084088 0.084088 1.000000
0.084076 0.084076 0.084076 0.084076 0.084076 0.084076 0.084076 0.084076 0.067432 0.084076 0.164752 0.164752 0.084076 0.000003 0.084076 0.000000 0.164752 0.164752 0.084076 0.084076 1.000000
0.084008 0.084008 0.084008 0.084008 0.084008 0.084008 0.084008 0.084008 0.084008 0.000000 0.164624 0.164624 0.009084 0.084008 0.084008 0.000000 0.132975 0.132975 0.084008 0.084008 1.000000
0.084412 0.084412 0.084412 0.084412 0.084412 0.084412 0.084412 0.084412 0.000067 0.084412 0.165384 0.086408 0.000001 0.017824 0.084412 0.000000 0.107564 0.165384 0.001914 0.043447 1.000000
0.084088 0.084088 0.084088 0.084088 0.084088 0.084088 0.084088 0.084088 0.084088 0.084088 0.164775 0.164775 0.000000 0.084088 0.084088 0.000000 0.164775 0.164775 0.084088 0.084088 1.000000
0.084604 0.084604 0.084604 0.084604 0.084604 0.084604 0.084604 0.084604 0.084604 0.084604 0.133898 0.165746 0.084604 0.084604 0.000002 0.000000 0.165746 0.165746 0.084604 0.084604 1.000000
0.084042 0.084042 0.084042 0.084042 0.084042 0.084042 0.084042 0.084042 0.000000 0.084042 0.133027 0.133027 0.084042 0.084042 0.084042 0.000000 0.164688 0.164688 0.084042 0.084042 1.000000
0.084065 0.084065 0.084065 0.084065 0.084065 0.084065 0.084065 0.084065 0.084065 0.084065 0.164732 0.164732 0.084065 0.084065 0.084065 0.000000 0.133063 0.164732 0.000000 0.084065 1.000000
0.084016 0.084016 0.084016 0.084016 0.084016 0.084016 0.084016 0.084016 0.000000 0.084016 0.107063 0.164639 0.084016 0.000001 0.084016 0.000000 0.164639 0.164639 0.084016 0.084016 1.000000
0.084087 0.084087 0.084087 0.084087 0.084087 0.084087 0.084087 0.084087 0.084087 0.084087 0.164773 0.164773 0.067440 0.084087 0.084087 0.000000 0.133097 0.164773 0.084087 0.084087 1.000000
0.084031 0.084031 0.084031 0.084031 0.084031 0.084031 0.084031 0.084031 0.084031 0.084031 0.133010 0.164667 0.084031 0.000084 0.084031 0.000000 0.164667 0.164667 0.084031 0.000000 1.000000
0.084022 0.084022 0.084022 0.084022 0.084022 0.084022 0.084022 0.084022 0.000000 0.084022 0.164651 0.001951 0.084022 0.084022 0.084022 0.000000 0.164651 0.164651 0.084022 0.084022 1.000000
0.084518 0.084518 0.084518 0.084518 0.084518 0.084518 0.084518 0.084518 0.084518 0.084518 0.133764 0.165584 0.000000 0.067788 0.000054 0.000000 0.107697 0.165584 0.084518 0.084518 1.000000
0.084054 0.084054 0.084054 0.084054 0.084054 0.084054 0.084054 0.084054 0.084054 0.084054 0.164711 0.164711 0.084054 0.084054 0.000000 0.000000 0.164711 0.164711 0.000034 0.084054 1.000000
0.084569 0.084569 0.084569 0.084569 0.084569 0.084569 0.084569 0.084569 0.084569 0.002398 0.133844 0.165681 0.084569 0.000002 0.084569 0.000000 0.165681 0.165681 0.084569 0.084569 1.000000
0.084020 0.084020 0.084020 0.084020 0.084020 0.084020 0.084020 0.084020 0.084020 0.000067 0.164647 0.164647 0.000043 0.084020 0.084020 0.000000 0.164647 0.164647 0.000205 0.084020 1.000000
0.084042 0.084042 0.084042 0.084042 0.084042 0.084042 0.084042 0.084042 0.084042 0.084042 0.164688 0.164688 0.084042 0.084042 0.084042 0.000000 0.133027 0.133027 0.004653 0.084042 1.000000
0.084065 0.084065 0.084065 0.084065 0.084065 0.084065 0.084065 0.084065 0.084065 0.084065 0.164732 0.164732 0.084065 0.084065 0.000000 0.000000 0.133063 0.164732 0.084065 0.084065 1.000000
0.084087 0.084087 0.084087 0.084087 0.084087 0.084087 0.084087 0.084087 0.084087 0.084087 0.164773 0.133097 0.067440 0.084087 0.084087 0.000000 0.164773 0.164773 0.084087 0.084087 1.000000
0.084065 0.084065 0.084065 0.084065 0.084065 0.084065 0.084065 0.084065 0.084065 0.084065 0.164732 0.164732 0.084065 0.084065 0.084065 0.000000 0.164732 0.133063 0.084065 0.000000 1.000000
0.084031 0.084031 0.084031 0.084031 0.084031 0.084031 0.084031 0.084031 0.084031 0.084031 0.164667 0.133010 0.084031 0.084031 0.000043 0.000000 0.164667 0.164667 0.084031 0.000000 1.000000
0.084088 0.084088 0.084088 0.084088 0.084088 0.084088 0.084088 0.084088 0.084088 0.084088 0.164775 0.164775 0.084088 0.084088 0.084088 0.000000 0.164775 0.164775 0.084088 0.000000 1.000000
0.084593 0.084593 0.084593 0.084593 0.084593 0.084593 0.084593 0.084593 0.000011 0.084593 0.165725 0.165725 0.000000 0.084593 0.084593 0.000000 0.165725 0.165725 0.084593 0.084593 1.000000
0.084604 0.084604 0.084604 0.084604 0.084604 0.084604 0.084604 0.084604 0.084604 0.084604 0.165746 0.165746 0.000000 0.084604 0.084604 0.000000 0.133898 0.165746 0.084604 0.084604 1.000000
0.084088 0.084088 0.084088 0.084088 0.084088 0.084088 0.084088 0.084088 0.084088 0.084088 0.164775 0.164775 0.000000 0.084088 0.084088 0.000000 0.164775 0.164775 0.084088 0.084088 1.000000
0.084022 0.084022 0.084022 0.084022 0.084022 0.084022 0.084022 0.084022 0.084022 0.084022 0.164651 0.164651 0.084022 0.084022 0.084022 0.000000 0.000134 0.164651 0.084022 0.000000 1.000000
0.084065 0.084065 0.084065 0.084065 0.084065 0.084065 0.084065 0.084065 0.084065 0.084065 0.164732 0.164732 0.084065 0.084065 0.084065 0.000000 0.164732 0.133063 0.084065 0.000000 1.000000
0.084031 0.084031 0.084031 0.084031 0.084031 0.084031 0.084031 0.084031 0.084031 0.000001 0.133010 0.164667 0.084031 0.084031 0.000001 0.000000 0.164667 0.164667 0.084031 0.084031 1.000000
0.084034 0.084034 0.084034 0.084034 0.084034 0.084034 0.084034 0.084034 0.084034 0.084034 0.164673 0.164673 0.000034 0.084034 0.000000 0.000000 0.164673 0.164673 0.084034 0.054006 1.000000
0.084604 0.084604 0.084604 0.084604 0.084604 0.084604 0.084604 0.084604 0.084604 0.084604 0.165746 0.165746 0.084604 0.000000 0.084604 0.000000 0.165746 0.133898 0.084604 0.084604 1.000000
0.084044 0.084044 0.084044 0.084044 0.084044 0.084044 0.084044 0.084044 0.084044 0.084044 0.164692 0.000000 0.084044 0.084044 0.067406 0.000000 0.164692 0.164692 0.084044 0.084044 1.000000
0.083976 0.083976 0.083976 0.083976 0.083976 0.083976 0.083976 0.083976 0.083976 0.083976 0.132924 0.000000 0.083976 0.000001 0.083976 0.000000 0.132924 0.164564 0.083976 0.083976 1.000000
0.084607 0.084607 0.084607 0.084607 0.084607 0.084607 0.084607 0.084607 0.084607 0.000000 0.165752 0.165752 0.054378 0.084607 0.084607 0.000000 0.165752 0.165752 0.084607 0.084607 1.000000
0.084031 0.084031 0.084031 0.084031 0.084031 0.084031 0.084031 0.084031 0.084031 0.084031 0.133010 0.164667 0.084031 0.084031 0.003722 0.000000 0.164667 0.164667 0.084031 0.000000 1.000000
0.084087 0.084087 0.084087 0.084087 0.084087 0.084087 0.084087 0.084087 0.084087 0.084087 0.164773 0.133097 0.067440 0.084087 0.084087 0.000000 0.164773 0.164773 0.084087 0.084087 1.000000
0.084065 0.084065 0.084065 0.084065 0.084065 0.084065 0.084065 0.084065 0.084065 0.084065 0.133063 0.164732 0.084065 0.084065 0.000000 0.000000 0.164732 0.164732 0.084065 0.084065 1.000000
0.083967 0.083967 0.083967 0.083967 0.083967 0.083967 0.083967 0.083967 0.083967 0.083967 0.164547 0.000000 0.083967 0.083967 0.083967 0.000000 0.000000 0.132911 0.083967 0.083967 1.000000
0.084065 0.084065 0.084065 0.084065 0.084065 0.084065 0.084065 0.084065 0.084065 0.084065 0.133063 0.164732 0.084065 0.084065 0.084065 0.000000 0.164732 0.164732 0.000002 0.084065 1.000000
0.084065 0.084065 0.084065 0.084065 0.084065 0.084065 0.084065 0.084065 0.084065 0.084065 0.164732 0.164732 0.084065 0.084065 0.084065 0.000000 0.133063 0.164732 0.084065 0.000084 1.000000
0.084088 0.084088 0.084088 0.084088 0.084088 0.084088 0.084088 0.084088 0.084088 0.084088 0.164775 0.164775 0.084088 0.084088 0.000000 0.000000 0.164775 0.164775 0.084088 0.084088 1.000000
0.084065 0.084065 0.084065 0.084065 0.084065 0.084065 0.084065 0.084065 0.084065 0.084065 0.164732 0.133063 0.084065 0.084065 0.000000 0.000000 0.164732 0.164732 0.084065 0.084065 1.000000
0.084110 0.084110 0.084110 0.084110 0.084110 0.084110 0.084110 0.084110 0.084110 0.084110 0.164817 0.164817 0.067459 0.084110 0.084110 0.000000 0.164817 0.164817 0.084110 0.084110 1.000000
0.084087 0.084087 0.084087 0.084087 0.084087 0.084087 0.084087 0.084087 0.084087 0.084087 0.133097 0.164773 0.067440 0.084087 0.084087 0.000000 0.164773 0.164773 0.084087 0.084087 1.000000
0.084088 0.084088 0.084088 0.084088 0.084088 0.084088 0.084088 0.084088 0.084088 0.084088 0.164775 0.164775 0.084088 0.084088 0.084088 0.000000 0.164775 0.164775 0.000000 0.084088 1.000000
0.084064 0.084064 0.084064 0.084064 0.084064 0.084064 0.084064 0.084064 0.084064 0.084064 0.164729 0.164729 0.084064 0.067422 0.084064 0.000000 0.164729 0.164729 0.067422 0.000000 1.000000
0.084087 0.084087 0.084087 0.084087 0.084087 0.084087 0.084087 0.084087 0.084087 0.084087 0.164773 0.164773 0.067440 0.084087 0.084087 0.000000 0.164773 0.133097 0.084087 0.084087 1.000000
0.084110 0.084110 0.084110 0.084110 0.084110 0.084110 0.084110 0.084110 0.084110 0.084110 0.164817 0.164817 0.067459 0.084110 0.084110 0.000000 0.164817 0.164817 0.084110 0.084110 1.000000
0.084069 0.084069 0.084069 0.084069 0.084069 0.084069 0.084069 0.084069 0.027722 0.084069 0.164739 0.164739 0.084069 0.084069 0.084069 0.000000 0.133068 0.164739 0.084069 0.084069 1.000000
0.084065 0.084065 0.084065 0.084065 0.084065 0.084065 0.084065 0.084065 0.084065 0.084065 0.164732 0.133063 0.000000 0.084065 0.084065 0.000000 0.164732 0.164732 0.084065 0.084065 1.000000
0.084110 0.084110 0.084110 0.084110 0.084110 0.084110 0.084110 0.084110 0.084110 0.084110 0.164817 0.164817 0.067459 0.084110 0.084110 0.000000 0.164817 0.164817 0.084110 0.084110 1.000000
0.084110 0.084110 0.084110 0.084110 0.084110 0.084110 0.084110 0.084110 0.084110 0.084110 0.164817 0.164817 0.067459 0.084110 0.084110 0.000000 0.164817 0.164817 0.084110 0.084110 1.000000
0.084054 0.084054 0.084054 0.084054 0.084054 0.084054 0.084054 0.084054 0.084054 0.000006 0.164711 0.164711 0.084054 0.084054 0.084054 0.000000 0.164711 0.164711 0.000000 0.084054 1.000000
0.084031 0.084031 0.084031 0.084031 0.084031 0.084031 0.084031 0.084031 0.084031 0.084031 0.164667 0.133010 0.000011 0.084031 0.000000 0.000000 0.164667 0.164667 0.084031 0.084031 1.000000
0.084021 0.084021 0.084021 0.084021 0.084021 0.084021 0.084021 0.084021 0.084021 0.084021 0.164648 0.000000 0.084021 0.084021 0.067387 0.000000 0.164648 0.132994 0.084021 0.084021 1.000000
0.084604 0.084604 0.084604 0.084604 0.084604 0.084604 0.084604 0.084604 0.084604 0.084604 0.165746 0.165746 0.084604 0.084604 0.084604 0.000000 0.165746 0.133898 0.000000 0.084604 1.000000
0.084088 0.084088 0.084088 0.084088 0.084088 0.084088 0.084088 0.084088 0.002384 0.084088 0.164775 0.164775 0.084088 0.084088 0.084088 0.000000 0.164775 0.164775 0.084088 0.084088 1.000000
0.084044 0.084044 0.084044 0.084044 0.084044 0.084044 0.084044 0.084044 0.084044 0.084044 0.164692 0.000000 0.084044 0.084044 0.067406 0.000000 0.164692 0.164692 0.084044 0.084044 1.000000
0.084088 0.084088 0.084088 0.084088 0.084088 0.084088 0.084088 0.084088 0.084088 0.084088 0.164775 0.164775 0.084088 0.001526 0.084088 0.000000 0.164775 0.164775 0.084088 0.084088 1.000000
0.084088 0.084088 0.084088 0.084088 0.084088 0.084088 0.084088 0.084088 0.084088 0.084088 0.164775 0.164775 0.000000 0.084088 0.084088 0.000000 0.164775 0.164775 0.084088 0.084088 1.000000
0.084088 0.084088 0.084088 0.084088 0.084088 0.084088 0.084088 0.084088 0.084088 0.084088 0.164775 0.164775 0.084088 0.084088 0.084088 0.000000 0.164775 0.164775 0.084088 0.000976 1.000000
0.084088 0.084088 0.084088 0.084088 0.084088 0.084088 0.084088 0.084088 0.000000 0.084088 0.164775 0.164775 0.084088 0.084088 0.084088 0.000000 0.164775 0.164775 0.084088 0.084088 1.000000
0.084088 0.084088 0.084088 0.084088 0.084088 0.084088 0.084088 0.084088 0.084088 0.000000 0.164775 0.164775 0.084088 0.084088 0.084088 0.000000 0.164775 0.164775 0.084088 0.084088 1.000000
0.084088 0.084088 0.084088 0.084088 0.084088 0.084088 0.084088 0.084088 0.084088 0.084088 0.164775 0.164775 0.084088 0.084088 0.084088 0.000000 0.164775 0.164775 0.000000 0.084088 1.000000
0.084042 0.084042 0.084042 0.084042 0.084042 0.084042 0.084042 0.084042 0.000000 0.084042 0.164688 0.164688 0.084042 0.067404 0.004653 0.000000 0.164688 0.164688 0.084042 0.084042 1.000000
0.084628 0.084628 0.084628 0.084628 0.084628 0.084628 0.084628 0.084628 0.084628 0.084628 0.165791 0.165791 0.084628 0.084628 0.000003 0.000000 0.165791 0.165791 0.084628 0.084628 1.000000
0.084087 0.084087 0.084087 0.084087 0.084087 0.084087 0.084087 0.084087 0.084087 0.084087 0.164773 0.164773 0.067440 0.084087 0.084087 0.000000 0.133097 0.164773 0.084087 0.084087 1.000000
0.084570 0.084570 0.084570 0.084570 0.084570 0.084570 0.084570 0.084570 0.084570 0.084570 0.165681 0.165681 0.001534 0.084570 0.084570 0.000000 0.165681 0.133845 0.084570 0.007316 1.000000
0.084088 0.084088 0.084088 0.084088 0.084088 0.084088 0.084088 0.084088 0.000000 0.084088 0.164775 0.164775 0.084088 0.084088 0.084088 0.000000 0.164775 0.164775 0.084088 0.084088 1.000000
0.084110 0.084110 0.084110 0.084110 0.084110 0.084110 0.084110 0.084110 0.084110 0.084110 0.164817 0.164817 0.067459 0.084110 0.084110 0.000000 0.164817 0.164817 0.084110 0.084110 1.000000
0.084088 0.084088 0.084088 0.084088 0.084088 0.084088 0.084088 0.084088 0.084088 0.084088 0.164775 0.164775 0.084088 0.000000 0.084088 0.000000 0.164775 0.164775 0.084088 0.084088 1.000000
0.084102 0.084102 0.084102 0.084102 0.084102 0.084102 0.084102 0.084102 0.084102 0.084102 0.164802 0.164802 0.084102 0.084102 0.084102 0.000000 0.164802 0.164802 0.054051 0.084102 1.000000
0.084110 0.084110 0.084110 0.084110 0.084110 0.084110 0.084110 0.084110 0.084110 0.084110 0.164817 0.164817 0.067459 0.084110 0.084110 0.000000 0.164817 0.164817 0.084110 0.084110 1.000000
0.084088 0.084088 0.084088 0.084088 0.084088 0.084088 0.084088 0.084088 0.084088 0.000000 0.164775 0.164775 0.084088 0.084088 0.084088 0.000000 0.164775 0.164775 0.084088 0.084088 1.000000
0.084628 0.084628 0.084628 0.084628 0.084628 0.084628 0.084628 0.084628 0.084628 0.084628 0.165791 0.165791 0.084628 0.000000 0.084628 0.000000 0.165791 0.165791 0.084628 0.084628 1.000000
0.084628 0.084628 0.084628 0.084628 0.084628 0.084628 0.084628 0.084628 0.084628 0.084628 0.165791 0.165791 0.084628 0.084628 0.084628 0.000000 0.165791 0.165791 0.000000 0.084628 1.000000
0.084110 0.084110 0.084110 0.084110 0.084110 0.084110 0.084110 0.084110 0.084110 0.084110 0.164817 0.164817 0.067459 0.084110 0.084110 0.000000 0.164817 0.164817 0.084110 0.084110 1.000000
0.084087 0.084087 0.084087 0.084087 0.084087 0.084087 0.084087 0.084087 0.084087 0.084087 0.164773 0.164773 0.067440 0.084087 0.084087 0.000000 0.133097 0.164773 0.084087 0.084087 1.000000
0.084628 0.084628 0.084628 0.084628 0.084628 0.084628 0.084628 0.084628 0.084628 0.084628 0.165791 0.165791 0.084628 0.084628 0.084628 0.000000 0.165791 0.165791 0.000005 0.084628 1.000000
0.084110 0.084110 0.084110 0.084110 0.084110 0.084110 0.084110 0.084110 0.084110 0.084110 0.164817 0.164817 0.067459 0.084110 0.084110 0.000000 0.164817 0.164817 0.084110 0.084110 1.000000
0.084110 0.084110 0.084110 0.084110 0.084110 0.084110 0.084110 0.084110 0.084110 0.084110 0.164817 0.164817 0.067459 0.084110 0.084110 0.000000 0.164817 0.164817 0.084110 0.084110 1.000000
0.084087 0.084087 0.084087 0.084087 0.084087 0.084087 0.084087 0.084087 0.084087 0.084087 0.164773 0.164773 0.067440 0.084087 0.084087 0.000000 0.164773 0.133097 0.084087 0.084087 1.000000
0.084110 0.084110 0.084110 0.084110 0.084110 0.084110 0.084110 0.084110 0.084110 0.084110 0.164817 0.164817 0.067459 0.084110 0.084110 0.000000 0.164817 0.164817 0.084110 0.084110 1.000000
0.084110 0.084110 0.084110 0.084110 0.084110 0.084110 0.084110 0.084110 0.084110 0.084110 0.164817 0.164817 0.067459 0.084110 0.084110 0.000000 0.164817 0.164817 0.084110 0.084110 1.000000
0.084110 0.084110 0.084110 0.084110 0.084110 0.084110 0.084110 0.084110 0.084110 0.084110 0.164817 0.164817 0.067459 0.084110 0.084110 0.000000 0.164817 0.164817 0.084110 0.084110 1.000000
0.084064 0.084064 0.084064 0.084064 0.084064 0.084064 0.084064 0.084064 0.084064 0.084064 0.133061 0.164729 0.067422 0.084064 0.084064 0.000000 0.133061 0.164729 0.084064 0.084064 1.000000
0.084087 0.084087 0.084087 0.084087 0.084087 0.084087 0.084087 0.084087 0.084087 0.084087 0.133097 0.164773 0.067440 0.084087 0.084087 0.000000 0.164773 0.164773 0.084087 0.084087 1.000000
0.084628 0.084628 0.084628 0.084628 0.084628 0.084628 0.084628 0.084628 0.084628 0.084628 0.165791 0.165791 0.084628 0.084628 0.000000 0.000000 0.165791 0.165791 0.084628 0.084628 1.000000
0.084110 0.084110 0.084110 0.084110 0.084110 0.084110 0.084110 0.084110 0.084110 0.084110 0.164817 0.164817 0.067459 0.084110 0.084110 0.000000 0.164817 0.164817 0.084110 0.084110 1.000000
0.084628 0.084628 0.084628 0.084628 0.084628 0.084628 0.084628 0.084628 0.084628 0.084628 0.165791 0.165791 0.084628 0.084628 0.084628 0.000000 0.165791 0.165791 0.000000 0.084628 1.000000
0.084087 0.084087 0.084087 0.084087 0.084087 0.084087 0.084087 0.084087 0.084087 0.084087 0.133097 0.164773 0.067440 0.084087 0.084087 0.000000 0.164773 0.164773 0.084087 0.084087 1.000000
0.084110 0.084110 0.084110 0.084110 0.084110 0.084110 0.084110 0.084110 0.084110 0.084110 0.164817 0.164817 0.067459 0.084110 0.084110 0.000000 0.164817 0.164817 0.084110 0.084110 1.000000
0.084087 0.084087 0.084087 0.084087 0.084087 0.084087 0.084087 0.084087 0.084087 0.084087 0.133097 0.164773 0.067440 0.084087 0.084087 0.000000 0.164773 0.164773 0.084087 0.084087 1.000000
0.084110 0.084110 0.084110 0.084110 0.084110 0.084110 0.084110 0.084110 0.084110 0.084110 0.164817 0.164817 0.067459 0.084110 0.084110 0.000000 0.164817 0.164817 0.084110 0.084110 1.000000
0.084088 0.084088 0.084088 0.084088 0.084088 0.084088 0.084088 0.084088 0.084088 0.084088 0.164775 0.164775 0.084088 0.084088 0.084088 0.000000 0.164775 0.164775 0.084088 0.000000 1.000000
0.084110 0.084110 0.084110 0.084110 0.084110 0.084110 0.084110 0.084110 0.084110 0.084110 0.164817 0.164817 0.067459 0.084110 0.084110 0.000000 0.164817 0.164817 0.084110 0.084110 1.000000
0.084628 0.084628 0.084628 0.084628 0.084628 0.084628 0.084628 0.084628 0.000000 0.084628 0.165791 0.165791 0.084628 0.084628 0.084628 0.000000 0.165791 0.165791 0.084628 0.084628 1.000000
0.084110 0.084110 0.084110 0.084110 0.084110 0.084110 0.084110 0.084110 0.084110 0.084110 0.164817 0.164817 0.067459 0.084110 0.084110 0.000000 0.164817 0.164817 0.084110 0.084110 1.000000
0.084110 0.084110 0.084110 0.084110 0.084110 0.084110 0.084110 0.084110 0.084110 0.084110 0.164817 0.164817 0.067459 0.084110 0.084110 0.000000 0.164817 0.164817 0.084110 0.084110 1.000000
0.084087 0.084087 0.084087 0.084087 0.084087 0.084087 0.084087 0.084087 0.084087 0.084087 0.164773 0.164773 0.067440 0.084087 0.084087 0.000000 0.164773 0.133097 0.084087 0.084087 1.000000
0.084110 0.084110 0.084110 0.084110 0.084110 0.084110 0.084110 0.084110 0.084110 0.084110 0.164817 0.164817 0.067459 0.084110 0.084110 0.000000 0.164817 0.164817 0.084110 0.084110 1.000000
0.084088 0.084088 0.084088 0.084088 0.084088 0.084088 0.084088 0.084088 0.084088 0.084088 0.164776 0.164776 0.084088 0.084088 0.084088 0.000000 0.164776 0.164776 0.084088 0.005819 1.000000
0.084628 0.084628 0.084628 0.084628 0.084628 0.084628 0.084628 0.084628 0.084628 0.084628 0.165791 0.165791 0.084628 0.084628 0.084628 0.000000 0.165791 0.165791 0.084628 0.000165 1.000000
0.084110 0.084110 0.084110 0.084110 0.084110 0.084110 0.084110 0.084110 0.084110 0.084110 0.164817 0.164817 0.067459 0.084110 0.084110 0.000000 0.164817 0.164817 0.084110 0.084110 1.000000
0.084110 0.084110 0.084110 0.084110 0.084110 0.084110 0.084110 0.084110 0.084110 0.084110 0.164817 0.164817 0.067459 0.084110 0.084110 0.000000 0.164817 0.164817 0.084110 0.084110 1.000000
0.084110 0.084110 0.084110 0.084110 0.084110 0.084110 0.084110 0.084110 0.084110 0.084110 0.164817 0.164817 0.067459 0.084110 0.084110 0.000000 0.164817 0.164817 0.084110 0.084110 1.000000
0.084110 0.084110 0.084110 0.084110 0.084110 0.084110 0.084110 0.084110 0.084110 0.084110 0.164817 0.164817 0.067459 0.084110 0.084110 0.000000 0.164817 0.164817 0.084110 0.084110 1.000000
0.084110 0.084110 0.084110 0.084110 0.084110 0.084110 0.084110 0.084110 0.084110 0.084110 0.164817 0.164817 0.067459 0.084110 0.084110 0.000000 0.164817 0.164817 0.084110 0.084110 1.000000
0.084110 0.084110 0.084110 0.084110 0.084110 0.084110 0.084110 0.084110 0.084110 0.084110 0.164817 0.164817 0.067459 0.084110 0.084110 0.000000 0.164817 0.164817 0.084110 0.084110 1.000000
0.084088 0.084088 0.084088 0.084088 0.084088 0.084088 0.084088 0.084088 0.084088 0.084088 0.164775 0.164775 0.084088 0.084088 0.084088 0.000000 0.164775 0.164775 0.000000 0.084088 1.000000
0.084110 0.084110 0.084110 0.084110 0.084110 0.084110 0.084110 0.084110 0.084110 0.084110 0.164817 0.164817 0.067459 0.084110 0.084110 0.000000 0.164817 0.164817 0.084110 0.084110 1.000000
0.084110 0.084110 0.084110 0.084110 0.084110 0.084110 0.084110 0.084110 0.084110 0.084110 0.164817 0.164817 0.067459 0.084110 0.084110 0.000000 0.164817 0.164817 0.084110 0.084110 1.000000
0.084044 0.084044 0.084044 0.084044 0.084044 0.084044 0.084044 0.084044 0.084044 0.084044 0.164692 0.000000 0.067406 0.084044 0.084044 0.000000 0.164692 0.164692 0.084044 0.084044 1.000000
0.084110 0.084110 0.084110 0.084110 0.084110 0.084110 0.084110 0.084110 0.084110 0.084110 0.164817 0.164817 0.067459 0.084110 0.084110 0.000000 0.164817 0.164817 0.084110 0.084110 1.000000
0.084110 0.084110 0.084110 0.084110 0.084110 0.084110 0.084110 0.084110 0.084110 0.084110 0.164817 0.164817 0.067459 0.084110 0.084110 0.000000 0.164817 0.164817 0.084110 0.084110 1.000000
0.084088 0.084088 0.084088 0.084088 0.084088 0.084088 0.084088 0.084088 0.084088 0.084088 0.164775 0.164775 0.000000 0.084088 0.084088 0.000000 0.164775 0.164775 0.084088 0.084088 1.000000
0.084110 0.084110 0.084110 0.084110 0.084110 0.084110 0.084110 0.084110 0.084110 0.084110 0.164817 0.164817 0.067459 0.084110 0.084110 0.000000 0.164817 0.164817 0.084110 0.084110 1.000000
0.084110 0.084110 0.084110 0.084110 0.084110 0.084110 0.084110 0.084110 0.084110 0.084110 0.164817 0.164817 0.067459 0.084110 0.084110 0.000000 0.164817 0.164817 0.084110 0.084110 1.000000
0.084110 0.084110 0.084110 0.084110 0.084110 0.084110 0.084110 0.084110 0.084110 0.084110 0.164817 0.164817 0.067459 0.084110 0.084110 0.000000 0.164817 0.164817 0.084110 0.084110 1.000000
0.084110 0.084110 0.084110 0.084110 0.084110 0.084110 0.084110 0.084110 0.084110 0.084110 0.164817 0.164817 0.067459 0.084110 0.084110 0.000000 0.164817 0.164817 0.084110 0.084110 1.000000
0.084087 0.084087 0.084087 0.084087 0.084087 0.084087 0.084087 0.084087 0.084087 0.084087 0.164773 0.164773 0.067440 0.084087 0.084087 0.000000 0.164773 0.133097 0.084087 0.084087 1.000000
0.084110 0.084110 0.084110 0.084110 0.084110 0.084110 0.084110 0.084110 0.084110 0.084110 0.164817 0.164817 0.067459 0.084110 0.084110 0.000000 0.164817 0.164817 0.084110 0.084110 1.000000
0.084110 0.084110 0.084110 0.084110 0.084110 0.084110 0.084110 0.084110 0.084110 0.084110 0.164817 0.164817 0.067459 0.084110 0.084110 0.000000 0.164817 0.164817 0.084110 0.084110 1.000000
0.084110 0.084110 0.084110 0.084110 0.084110 0.084110 0.084110 0.084110 0.084110 0.084110 0.164817 0.164817 0.067459 0.084110 0.084110 0.000000 0.164817 0.164817 0.084110 0.084110 1.000000
0.084110 0.084110 0.084110 0.084110 0.084110 0.084110 0.084110 0.084110 0.084110 0.084110 0.164817 0.164817 0.067459 0.084110 0.084110 0.000000 0.164817 0.164817 0.084110 0.084110 1.000000
0.084110 0.084110 0.084110 0.084110 0.084110 0.084110 0.084110 0.084110 0.084110 0.084110 0.164817 0.164817 0.067459 0.084110 0.084110 0.000000 0.164817 0.164817 0.084110 0.084110 1.000000
0.084110 0.084110 0.084110 0.084110 0.084110 0.084110 0.084110 0.084110 0.084110 0.084110 0.164817 0.164817 0.067459 0.084110 0.084110 0.000000 0.164817 0.164817 0.084110 0.084110 1.000000
0.084087 0.084087 0.084087 0.084087 0.084087 0.084087 0.084087 0.084087 0.084087 0.084087 0.164773 0.133097 0.067440 0.084087 0.084087 0.000000 0.164773 0.164773 0.084087 0.084087 1.000000
0.084110 0.084110 0.084110 0.084110 0.084110 0.084110 0.084110 0.084110 0.084110 0.084110 0.164817 0.164817 0.067459 0.084110 0.084110 0.000000 0.164817 0.164817 0.084110 0.084110 1.000000
0.084110 0.084110 0.084110 0.084110 0.084110 0.084110 0.084110 0.084110 0.084110 0.084110 0.164817 0.164817 0.067459 0.084110 0.084110 0.000000 0.164817 0.164817 0.084110 0.084110 1.000000
0.084110 0.084110 0.084110 0.084110 0.084110 0.084110 0.084110 0.084110 0.084110 0.084110 0.164817 0.164817 0.067459 0.084110 0.084110 0.000000 0.164817 0.164817 0.084110 0.084110 1.000000
0.084110 0.084110 0.084110 0.084110 0.084110 0.084110 0.084110 0.084110 0.084110 0.084110 0.164817 0.164817 0.067459 0.084110 0.084110 0.000000 0.164817 0.164817 0.084110 0.084110 1.000000
0.084110 0.084110 0.084110 0.084110 0.084110 0.084110 0.084110 0.084110 0.084110 0.084110 0.164817 0.164817 0.067459 0.084110 0.084110 0.000000 0.164817 0.164817 0.084110 0.084110 1.000000
0.084110 0.084110 0.084110 0.084110 0.084110 0.084110 0.084110 0.084110 0.084110 0.084110 0.164817 0.164817 0.067459 0.084110 0.084110 0.000000 0.164817 0.164817 0.084110 0.084110 1.000000
0.084110 0.084110 0.084110 0.084110 0.084110 0.084110 0.084110 0.084110 0.084110 0.084110 0.164817 0.164817 0.067459 0.084110 0.084110 0.000000 0.164817 0.164817 0.084110 0.084110 1.000000
0.084110 0.084110 0.084110 0.084110 0.084110 0.084110 0.084110 0.084110 0.084110 0.084110 0.164817 0.164817 0.067459 0.084110 0.084110 0.000000 0.164817 0.164817 0.084110 0.084110 1.000000
0.084110 0.084110 0.084110 0.084110 0.084110 0.084110 0.084110 0.084110 0.084110 0.084110 0.164817 0.164817 0.067459 0.084110 0.084110 0.000000 0.164817 0.164817 0.084110 0.084110 1.000000
0.084110 0.084110 0.084110 0.084110 0.084110 0.084110 0.084110 0.084110 0.084110 0.084110 0.164817 0.164817 0.067459 0.084110 0.084110 0.000000 0.164817 0.164817 0.084110 0.084110 1.000000
0.084110 0.084110 0.084110 0.084110 0.084110 0.084110 0.084110 0.084110 0.084110 0.084110 0.164817 0.164817 0.067459 0.084110 0.084110 0.000000 0.164817 0.164817 0.084110 0.084110 1.000000
0.084110 0.084110 0.084110 0.084110 0.084110 0.084110 0.084110 0.084110 0.084110 0.084110 0.164817 0.164817 0.067459 0.084110 0.084110 0.000000 0.164817 0.164817 0.084110 0.084110 1.000000
0.084110 0.084110 0.084110 0.084110 0.084110 0.084110 0.084110 0.084110 0.084110 0.084110 0.164817 0.164817 0.067459 0.084110 0.084110 0.000000 0.164817 0.164817 0.084110 0.084110 1.000000
0.084110 0.084110 0.084110 0.084110 0.084110 0.084110 0.084110 0.084110 0.084110 0.084110 0.164817 0.164817 0.067459 0.084110 0.084110 0.000000 0.164817 0.164817 0.084110 0.084110 1.000000
0.084110 0.084110 0.084110 0.084110 0.084110 0.084110 0.084110 0.084110 0.084110 0.084110 0.164817 0.164817 0.067459 0.084110 0.084110 0.000000 0.164817 0.164817 0.084110 0.084110 1.000000
0.084110 0.084110 0.084110 0.084110 0.084110 0.084110 0.084110 0.084110 0.084110 0.084110 0.164817 0.164817 0.067459 0.084110 0.084110 0.000000 0.164817 0.164817 0.084110 0.084110 1.000000
0.084110 0.084110 0.084110 0.084110 0.084110 0.084110 0.084110 0.084110 0.084110 0.084110 0.164817 0.164817 0.067459 0.084110 0.084110 0.000000 0.164817 0.164817 0.084110 0.084110 1.000000
0.084088 0.084088 0.084088 0.084088 0.084088 0.084088 0.084088 0.084088 0.084088 0.084088 0.164775 0.164775 0.000000 0.084088 0.084088 0.000000 0.164775 0.164775 0.084088 0.084088 1.000000
0.084110 0.084110 0.084110 0.084110 0.084110 0.084110 0.084110 0.084110 0.084110 0.084110 0.164817 0.164817 0.067459 0.084110 0.084110 0.000000 0.164817 0.164817 0.084110 0.084110 1.000000
0.084110 0.084110 0.084110 0.084110 0.084110 0.084110 0.084110 0.084110 0.084110 0.084110 0.164817 0.164817 0.067459 0.084110 0.084110 0.000000 0.164817 0.164817 0.084110 0.084110 1.000000
0.084628 0.084628 0.084628 0.084628 0.084628 0.084628 0.084628 0.084628 0.084628 0.084628 0.165791 0.165791 0.084628 0.000002 0.084628 0.000000 0.165791 0.165791 0.084628 0.084628 1.000000
0.084110 0.084110 0.084110 0.084110 0.084110 0.084110 0.084110 0.084110 0.084110 0.084110 0.164817 0.164817 0.067459 0.084110 0.084110 0.000000 0.164817 0.164817 0.084110 0.084110 1.000000
0.084110 0.084110 0.084110 0.084110 0.084110 0.084110 0.084110 0.084110 0.084110 0.084110 0.164817 0.164817 0.067459 0.084110 0.084110 0.000000 0.164817 0.164817 0.084110 0.084110 1.000000
0.084110 0.084110 0.084110 0.084110 0.084110 0.084110 0.084110 0.084110 0.084110 0.084110 0.164817 0.164817 0.067459 0.084110 0.084110 0.000000 0.164817 0.164817 0.084110 0.084110 1.000000
0.084110 0.084110 0.084110 0.084110 0.084110 0.084110 0.084110 0.084110 0.084110 0.084110 0.164817 0.164817 0.067459 0.084110 0.084110 0.000000 0.164817 0.164817 0.084110 0.084110 1.000000
0.084605 0.084605 0.084605 0.084605 0.084605 0.084605 0.084605 0.084605 0.084605 0.014294 0.133900 0.165748 0.084605 0.084605 0.084605 0.000000 0.165748 0.165748 0.084605 0.084605 1.000000
0.084110 0.084110 0.084110 0.084110 0.084110 0.084110 0.084110 0.084110 0.084110 0.084110 0.164817 0.164817 0.067459 0.084110 0.084110 0.000000 0.164817 0.164817 0.084110 0.084110 1.000000
0.084110 0.084110 0.084110 0.084110 0.084110 0.084110 0.084110 0.084110 0.084110 0.084110 0.164817 0.164817 0.067459 0.084110 0.084110 0.000000 0.164817 0.164817 0.084110 0.084110 1.000000
0.084110 0.084110 0.084110 0.084110 0.084110 0.084110 0.084110 0.084110 0.084110 0.084110 0.164817 0.164817 0.067459 0.084110 0.084110 0.000000 0.164817 0.164817 0.084110 0.084110 1.000000
0.084110 0.084110 0.084110 0.084110 0.084110 0.084110 0.084110 0.084110 0.084110 0.084110 0.164817 0.164817 0.067459 0.084110 0.084110 0.000000 0.164817 0.164817 0.084110 0.084110 1.000000
0.084110 0.084110 0.084110 0.084110 0.084110 0.084110 0.084110 0.084110 0.084110 0.084110 0.164817 0.164817 0.067459 0.084110 0.084110 0.000000 0.164817 0.164817 0.084110 0.084110 1.000000
0.084110 0.084110 0.084110 0.084110 0.084110 0.084110 0.084110 0.084110 0.084110 0.084110 0.164817 0.164817 0.067459 0.084110 0.084110 0.000000 0.164817 0.164817 0.084110 0.084110 1.000000
0.084110 0.084110 0.084110 0.084110 0.084110 0.084110 0.084110 0.084110 0.084110 0.084110 0.164817 0.164817 0.067459 0.084110 0.084110 0.000000 0.164817 0.164817 0.084110 0.084110 1.000000
0.084110 0.084110 0.084110 0.084110 0.084110 0.084110 0.084110 0.084110 0.084110 0.084110 0.164817 0.164817 0.067459 0.084110 0.084110 0.000000 0.164817 0.164817 0.084110 0.084110 1.000000
0.084110 0.084110 0.084110 0.084110 0.084110 0.084110 0.084110 0.084110 0.084110 0.084110 0.164817 0.164817 0.067459 0.084110 0.084110 0.000000 0.164817 0.164817 0.084110 0.084110 1.000000
0.084110 0.084110 0.084110 0.084110 0.084110 0.084110 0.084110 0.084110 0.084110 0.084110 0.164817 0.164817 0.067459 0.084110 0.084110 0.000000 0.164817 0.164817 0.084110 0.084110 1.000000
0.084110 0.084110 0.084110 0.084110 0.084110 0.084110 0.084110 0.084110 0.084110 0.084110 0.164817 0.164817 0.067459 0.084110 0.084110 0.000000 0.164817 0.164817 0.084110 0.084110 1.000000
0.084110 0.084110 0.084110 0.084110 0.084110 0.084110 0.084110 0.084110 0.084110 0.084110 0.164817 0.164817 0.067459 0.084110 0.084110 0.000000 0.164817 0.164817 0.084110 0.084110 1.000000
0.084110 0.084110 0.084110 0.084110 0.084110 0.084110 0.084110 0.084110 0.084110 0.084110 0.164817 0.164817 0.067459 0.084110 0.084110 0.000000 0.164817 0.164817 0.084110 0.084110 1.000000
0.084110 0.084110 0.084110 0.084110 0.084110 0.084110 0.084110 0.084110 0.084110 0.084110 0.164817 0.164817 0.067459 0.084110 0.084110 0.000000 0.164817 0.164817 0.084110 0.084110 1.000000
0.084087 0.084087 0.084087 0.084087 0.084087 0.084087 0.084087 0.084087 0.084087 0.084087 0.164773 0.164773 0.067440 0.084087 0.084087 0.000000 0.164773 0.133097 0.084087 0.084087 1.000000
0.084110 0.084110 0.084110 0.084110 0.084110 0.084110 0.084110 0.084110 0.084110 0.084110 0.164817 0.164817 0.067459 0.084110 0.084110 0.000000 0.164817 0.164817 0.084110 0.084110 1.000000
0.084110 0.084110 0.084110 0.084110 0.084110 0.084110 0.084110 0.084110 0.084110 0.084110 0.164817 0.164817 0.067459 0.084110 0.084110 0.000000 0.164817 0.164817 0.084110 0.084110 1.000000
0.084110 0.084110 0.084110 0.084110 0.084110 0.084110 0.084110 0.084110 0.084110 0.084110 0.164817 0.164817 0.067459 0.084110 0.084110 0.000000 0.164817 0.164817 0.084110 0.084110 1.000000
0.084110 0.084110 0.084110 0.084110 0.084110 0.084110 0.084110 0.084110 0.084110 0.084110 0.164817 0.164817 0.067459 0.084110 0.084110 0.000000 0.164817 0.164817 0.084110 0.084110 1.000000
0.084110 0.084110 0.084110 0.084110 0.084110 0.084110 0.084110 0.084110 0.084110 0.084110 0.164817 0.164817 0.067459 0.084110 0.084110 0.000000 0.164817 0.164817 0.084110 0.084110 1.000000
0.084110 0.084110 0.084110 0.084110 0.084110 0.084110 0.084110 0.084110 0.084110 0.084110 0.164817 0.164817 0.067459 0.084110 0.084110 0.000000 0.164817 0.164817 0.084110 0.084110 1.000000
0.084110 0.084110 0.084110 0.084110 0.084110 0.084110 0.084110 0.084110 0.084110 0.084110 0.164817 0.164817 0.067459 0.084110 0.084110 0.000000 0.164817 0.164817 0.084110 0.084110 1.000000
0.084628 0.084628 0.084628 0.084628 0.084628 0.084628 0.084628 0.084628 0.084628 0.084628 0.165791 0.165791 0.000000 0.084628 0.084628 0.000000 0.165791 0.165791 0.084628 0.084628 1.000000
0.084110 0.084110 0.084110 0.084110 0.084110 0.084110 0.084110 0.084110 0.084110 0.084110 0.164817 0.164817 0.067459 0.084110 0.084110 0.000000 0.164817 0.164817 0.084110 0.084110 1.000000
0.084110 0.084110 0.084110 0.084110 0.084110 0.084110 0.084110 0.084110 0.084110 0.084110 0.164817 0.164817 0.067459 0.084110 0.084110 0.000000 0.164817 0.164817 0.084110 0.084110 1.000000
0.084110 0.084110 0.084110 0.084110 0.084110 0.084110 0.084110 0.084110 0.084110 0.084110 0.164817 0.164817 0.067459 0.084110 0.084110 0.000000 0.164817 0.164817 0.084110 0.084110 1.000000
0.084110 0.084110 0.084110 0.084110 0.084110 0.084110 0.084110 0.084110 0.084110 0.084110 0.164817 0.164817 0.067459 0.084110 0.084110 0.000000 0.164817 0.164817 0.084110 0.084110 1.000000
0.084110 0.084110 0.084110 0.084110 0.084110 0.084110 0.084110 0.084110 0.084110 0.084110 0.164817 0.164817 0.067459 0.084110 0.084110 0.000000 0.164817 0.164817 0.084110 0.084110 1.000000
0.084110 0.084110 0.084110 0.084110 0.084110 0.084110 0.084110 0.084110 0.084110 0.084110 0.164817 0.164817 0.067459 0.084110 0.084110 0.000000 0.164817 0.164817 0.084110 0.084110 1.000000
0.084110 0.084110 0.084110 0.084110 0.084110 0.084110 0.084110 0.084110 0.084110 0.084110 0.164817 0.164817 0.067459 0.084110 0.084110 0.000000 0.164817 0.164817 0.084110 0.084110 1.000000
0.084110 0.084110 0.084110 0.084110 0.084110 0.084110 0.084110 0.084110 0.084110 0.084110 0.164817 0.164817 0.067459 0.084110 0.084110 0.000000 0.164817 0.164817 0.084110 0.084110 1.000000
0.084110 0.084110 0.084110 0.084110 0.084110 0.084110 0.084110 0.084110 0.084110 0.084110 0.164817 0.164817 0.067459 0.084110 0.084110 0.000000 0.164817 0.164817 0.084110 0.084110 1.000000
0.084110 0.084110 0.084110 0.084110 0.084110 0.084110 0.084110 0.084110 0.084110 0.084110 0.164817 0.164817 0.067459 0.084110 0.084110 0.000000 0.164817 0.164817 0.084110 0.084110 1.000000
0.084110 0.084110 0.084110 0.084110 0.084110 0.084110 0.084110 0.084110 0.084110 0.084110 0.164817 0.164817 0.067459 0.084110 0.084110 0.000000 0.164817 0.164817 0.084110 0.084110 1.000000
0.084110 0.084110 0.084110 0.084110 0.084110 0.084110 0.084110 0.084110 0.084110 0.084110 0.164817 0.164817 0.067459 0.084110 0.084110 0.000000 0.164817 0.164817 0.084110 0.084110 1.000000
0.084110 0.084110 0.084110 0.084110 0.084110 0.084110 0.084110 0.084110 0.084110 0.084110 0.164817 0.164817 0.067459 0.084110 0.084110 0.000000 0.164817 0.164817 0.084110 0.084110 1.000000
0.084087 0.084087 0.084087 0.084087 0.084087 0.084087 0.084087 0.084087 0.084087 0.084087 0.164773 0.164773 0.067440 0.084087 0.084087 0.000000 0.133097 0.164773 0.084087 0.084087 1.000000
0.084110 0.084110 0.084110 0.084110 0.084110 0.084110 0.084110 0.084110 0.084110 0.084110 0.164817 0.164817 0.067459 0.084110 0.084110 0.000000 0.164817 0.164817 0.084110 0.084110 1.000000
0.084110 0.084110 0.084110 0.084110 0.084110 0.084110 0.084110 0.084110 0.084110 0.084110 0.164817 0.164817 0.067459 0.084110 0.084110 0.000000 0.164817 0.164817 0.084110 0.084110 1.000000
0.084110 0.084110 0.084110 0.084110 0.084110 0.084110 0.084110 0.084110 0.084110 0.084110 0.164817 0.164817 0.067459 0.084110 0.084110 0.000000 0.164817 0.164817 0.084110 0.084110 1.000000
0.084110 0.084110 0.084110 0.084110 0.084110 0.084110 0.084110 0.084110 0.084110 0.084110 0.164817 0.164817 0.067459 0.084110 0.084110 0.000000 0.164817 0.164817 0.084110 0.084110 1.000000
0.084110 0.084110 0.084110 0.084110 0.084110 0.084110 0.084110 0.084110 0.084110 0.084110 0.164817 0.164817 0.067459 0.084110 0.084110 0.000000 0.164817 0.164817 0.084110 0.084110 1.000000
0.084110 0.084110 0.084110 0.084110 0.084110 0.084110 0.084110 0.084110 0.084110 0.084110 0.164817 0.164817 0.067459 0.084110 0.084110 0.000000 0.164817 0.164817 0.084110 0.084110 1.000000
0.084110 0.084110 0.084110 0.084110 0.084110 0.084110 0.084110 0.084110 0.084110 0.084110 0.164817 0.164817 0.067459 0.084110 0.084110 0.000000 0.164817 0.164817 0.084110 0.084110 1.000000
0.084110 0.084110 0.084110 0.084110 0.084110 0.084110 0.084110 0.084110 0.084110 0.084110 0.164817 0.164817 0.067459 0.084110 0.084110 0.000000 0.164817 0.164817 0.084110 0.084110 1.000000
0.084110 0.084110 0.084110 0.084110 0.084110 0.084110 0.084110 0.084110 0.084110 0.084110 0.164817 0.164817 0.067459 0.084110 0.084110 0.000000 0.164817 0.164817 0.084110 0.084110 1.000000
0.084110 0.084110 0.084110 0.084110 0.084110 0.084110 0.084110 0.084110 0.084110 0.084110 0.164817 0.164817 0.067459 0.084110 0.084110 0.000000 0.164817 0.164817 0.084110 0.084110 1.000000
0.084110 0.084110 0.084110 0.084110 0.084110 0.084110 0.084110 0.084110 0.084110 0.084110 0.164817 0.164817 0.067459 0.084110 0.084110 0.000000 0.164817 0.164817 0.084110 0.084110 1.000000
0.084110 0.084110 0.084110 0.084110 0.084110 0.084110 0.084110 0.084110 0.084110 0.084110 0.164817 0.164817 0.067459 0.084110 0.084110 0.000000 0.164817 0.164817 0.084110 0.084110 1.000000
0.084110 0.084110 0.084110 0.084110 0.084110 0.084110 0.084110 0.084110 0.084110 0.084110 0.164817 0.164817 0.067459 0.084110 0.084110 0.000000 0.164817 0.164817 0.084110 0.084110 1.000000
0.084110 0.084110 0.084110 0.084110 0.084110 0.084110 0.084110 0.084110 0.084110 0.084110 0.164817 0.164817 0.067459 0.084110 0.084110 0.000000 0.164817 0.164817 0.084110 0.084110 1.000000
0.084110 0.084110 0.084110 0.084110 0.084110 0.084110 0.084110 0.084110 0.084110 0.084110 0.164817 0.164817 0.067459 0.084110 0.084110 0.000000 0.164817 0.164817 0.084110 0.084110 1.000000
0.084110 0.084110 0.084110 0.084110 0.084110 0.084110 0.084110 0.084110 0.084110 0.084110 0.164817 0.164817 0.067459 0.084110 0.084110 0.000000 0.164817 0.164817 0.084110 0.084110 1.000000
0.084110 0.084110 0.084110 0.084110 0.084110 0.084110 0.084110 0.084110 0.084110 0.084110 0.164817 0.164817 0.067459 0.084110 0.084110 0.000000 0.164817 0.164817 0.084110 0.084110 1.000000
0.084110 0.084110 0.084110 0.084110 0.084110 0.084110 0.084110 0.084110 0.084110 0.084110 0.164817 0.164817 0.067459 0.084110 0.084110 0.000000 0.164817 0.164817 0.084110 0.084110 1.000000
0.084110 0.084110 0.084110 0.084110 0.084110 0.084110 0.084110 0.084110 0.084110 0.084110 0.164817 0.164817 0.067459 0.084110 0.084110 0.000000 0.164817 0.164817 0.084110 0.084110 1.000000
0.084110 0.084110 0.084110 0.084110 0.084110 0.084110 0.084110 0.084110 0.084110 0.084110 0.164817 0.164817 0.067459 0.084110 0.084110 0.000000 0.164817 0.164817 0.084110 0.084110 1.000000
0.084110 0.084110 0.084110 0.084110 0.084110 0.084110 0.084110 0.084110 0.084110 0.084110 0.164817 0.164817 0.067459 0.084110 0.084110 0.000000 0.164817 0.164817 0.084110 0.084110 1.000000
0.084110 0.084110 0.084110 0.084110 0.084110 0.084110 0.084110 0.084110 0.084110 0.084110 0.164817 0.164817 0.067459 0.084110 0.084110 0.000000 0.164817 0.164817 0.084110 0.084110 1.000000
0.084110 0.084110 0.084110 0.084110 0.084110 0.084110 0.084110 0.084110 0.084110 0.084110 0.164817 0.164817 0.067459 0.084110 0.084110 0.000000 0.164817 0.164817 0.084110 0.084110 1.000000
0.084110 0.084110 0.084110 0.084110 0.084110 0.084110 0.084110 0.084110 0.084110 0.084110 0.164817 0.164817 0.067459 0.084110 0.084110 0.000000 0.164817 0.164817 0.084110 0.084110 1.000000
0.084110 0.084110 0.084110 0.084110 0.084110 0.084110 0.084110 0.084110 0.084110 0.084110 0.164817 0.164817 0.067459 0.084110 0.084110 0.000000 0.164817 0.164817 0.084110 0.084110 1.000000
0.084110 0.084110 0.084110 0.084110 0.084110 0.084110 0.084110 0.084110 0.084110 0.084110 0.164817 0.164817 0.067459 0.084110 0.084110 0.000000 0.164817 0.164817 0.084110 0.084110 1.000000
0.084110 0.084110 0.084110 0.084110 0.084110 0.084110 0.084110 0.084110 0.084110 0.084110 0.164817 0.164817 0.067459 0.084110 0.084110 0.000000 0.164817 0.164817 0.084110 0.084110 1.000000
0.084110 0.084110 0.084110 0.084110 0.084110 0.084110 0.084110 0.084110 0.084110 0.084110 0.164817 0.164817 0.067459 0.084110 0.084110 0.000000 0.164817 0.164817 0.084110 0.084110 1.000000
0.084110 0.084110 0.084110 0.084110 0.084110 0.084110 0.084110 0.084110 0.084110 0.084110 0.164817 0.164817 0.067459 0.084110 0.084110 0.000000 0.164817 0.164817 0.084110 0.084110 1.000000
0.084110 0.084110 0.084110 0.084110 0.084110 0.084110 0.084110 0.084110 0.084110 0.084110 0.164817 0.164817 0.067459 0.084110 0.084110 0.000000 0.164817 0.164817 0.084110 0.084110 1.000000
0.084110 0.084110 0.084110 0.084110 0.084110 0.084110 0.084110 0.084110 0.084110 0.084110 0.164817 0.164817 0.067459 0.084110 0.084110 0.000000 0.164817 0.164817 0.084110 0.084110 1.000000
0.084110 0.084110 0.084110 0.084110 0.084110 0.084110 0.084110 0.084110 0.084110 0.084110 0.164817 0.164817 0.067459 0.084110 0.084110 0.000000 0.164817 0.164817 0.084110 0.084110 1.000000
0.084110 0.084110 0.084110 0.084110 0.084110 0.084110 0.084110 0.084110 0.084110 0.084110 0.164817 0.164817 0.067459 0.084110 0.084110 0.000000 0.164817 0.164817 0.084110 0.084110 1.000000
0.084110 0.084110 0.084110 0.084110 0.084110 0.084110 0.084110 0.084110 0.084110 0.084110 0.164817 0.164817 0.067459 0.084110 0.084110 0.000000 0.164817 0.164817 0.084110 0.084110 1.000000
0.084110 0.084110 0.084110 0.084110 0.084110 0.084110 0.084110 0.084110 0.084110 0.084110 0.164817 0.164817 0.067459 0.084110 0.084110 0.000000 0.164817 0.164817 0.084110 0.084110 1.000000
0.084110 0.084110 0.084110 0.084110 0.084110 0.084110 0.084110 0.084110 0.084110 0.084110 0.164817 0.164817 0.067459 0.084110 0.084110 0.000000 0.164817 0.164817 0.084110 0.084110 1.000000
0.084110 0.084110 0.084110 0.084110 0.084110 0.084110 0.084110 0.084110 0.084110 0.084110 0.164817 0.164817 0.067459 0.084110 0.084110 0.000000 0.164817 0.164817 0.084110 0.084110 1.000000
0.084110 0.084110 0.084110 0.084110 0.084110 0.084110 0.084110 0.084110 0.084110 0.084110 0.164817 0.164817 0.067459 0.084110 0.084110 0.000000 0.164817 0.164817 0.084110 0.084110 1.000000
0.084110 0.084110 0.084110 0.084110 0.084110 0.084110 0.084110 0.084110 0.084110 0.084110 0.164817 0.164817 0.067459 0.084110 0.084110 0.000000 0.164817 0.164817 0.084110 0.084110 1.000000
0.084110 0.084110 0.084110 0.084110 0.084110 0.084110 0.084110 0.084110 0.084110 0.084110 0.164817 0.164817 0.067459 0.084110 0.084110 0.000000 0.164817 0.164817 0.084110 0.084110 1.000000
0.084110 0.084110 0.084110 0.084110 0.084110 0.084110 0.084110 0.084110 0.084110 0.084110 0.164817 0.164817 0.067459 0.084110 0.084110 0.000000 0.164817 0.164817 0.084110 0.084110 1.000000
0.084110 0.084110 0.084110 0.084110 0.084110 0.084110 0.084110 0.084110 0.084110 0.084110 0.164817 0.164817 0.067459 0.084110 0.084110 0.000000 0.164817 0.164817 0.084110 0.084110 1.000000
0.084110 0.084110 0.084110 0.084110 0.084110 0.084110 0.084110 0.084110 0.084110 0.084110 0.164817 0.164817 0.067459 0.084110 0.084110 0.000000 0.164817 0.164817 0.084110 0.084110 1.000000
0.084110 0.084110 0.084110 0.084110 0.084110 0.084110 0.084110 0.084110 0.084110 0.084110 0.164817 0.164817 0.067459 0.084110 0.084110 0.000000 0.164817 0.164817 0.084110 0.084110 1.000000
0.084110 0.084110 0.084110 0.084110 0.084110 0.084110 0.084110 0.084110 0.084110 0.084110 0.164817 0.164817 0.067459 0.084110 0.084110 0.000000 0.164817 0.164817 0.084110 0.084110 1.000000
0.084110 0.084110 0.084110 0.084110 0.084110 0.084110 0.084110 0.084110 0.084110 0.084110 0.164817 0.164817 0.067459 0.084110 0.084110 0.000000 0.164817 0.164817 0.084110 0.084110 1.000000
0.084110 0.084110 0.084110 0.084110 0.084110 0.084110 0.084110 0.084110 0.084110 0.084110 0.164817 0.164817 0.067459 0.084110 0.084110 0.000000 0.164817 0.164817 0.084110 0.084110 1.000000
0.084110 0.084110 0.084110 0.084110 0.084110 0.084110 0.084110 0.084110 0.084110 0.084110 0.164817 0.164817 0.067459 0.084110 0.084110 0.000000 0.164817 0.164817 0.084110 0.084110 1.000000
0.084110 0.084110 0.084110 0.084110 0.084110 0.084110 0.084110 0.084110 0.084110 0.084110 0.164817 0.164817 0.067459 0.084110 0.084110 0.000000 0.164817 0.164817 0.084110 0.084110 1.000000
0.084110 0.084110 0.084110 0.084110 0.084110 0.084110 0.084110 0.084110 0.084110 0.084110 0.164817 0.164817 0.067459 0.084110 0.084110 0.000000 0.164817 0.164817 0.084110 0.084110 1.000000
0.084110 0.084110 0.084110 0.084110 0.084110 0.084110 0.084110 0.084110 0.084110 0.084110 0.164817 0.164817 0.067459 0.084110 0.084110 0.000000 0.164817 0.164817 0.084110 0.084110 1.000000
0.084110 0.084110 0.084110 0.084110 0.084110 0.084110 0.084110 0.084110 0.084110 0.084110 0.164817 0.164817 0.067459 0.084110 0.084110 0.000000 0.164817 0.164817 0.084110 0.084110 1.000000
0.084110 0.084110 0.084110 0.084110 0.084110 0.084110 0.084110 0.084110 0.084110 0.084110 0.164817 0.164817 0.067459 0.084110 0.084110 0.000000 0.164817 0.164817 0.084110 0.084110 1.000000
0.084110 0.084110 0.084110 0.084110 0.084110 0.084110 0.084110 0.084110 0.084110 0.084110 0.164817 0.164817 0.067459 0.084110 0.084110 0.000000 0.164817 0.164817 0.084110 0.084110 1.000000
0.084110 0.084110 0.084110 0.084110 0.084110 0.084110 0.084110 0.084110 0.084110 0.084110 0.164817 0.164817 0.067459 0.084110 0.084110 0.000000 0.164817 0.164817 0.084110 0.084110 1.000000
0.084110 0.084110 0.084110 0.084110 0.084110 0.084110 0.084110 0.084110 0.084110 0.084110 0.164817 0.164817 0.067459 0.084110 0.084110 0.000000 0.164817 0.164817 0.084110 0.084110 1.000000
0.084110 0.084110 0.084110 0.084110 0.084110 0.084110 0.084110 0.084110 0.084110 0.084110 0.164817 0.164817 0.067459 0.084110 0.084110 0.000000 0.164817 0.164817 0.084110 0.084110 1.000000
0.084110 0.084110 0.084110 0.084110 0.084110 0.084110 0.084110 0.084110 0.084110 0.084110 0.164817 0.164817 0.067459 0.084110 0.084110 0.000000 0.164817 0.164817 0.084110 0.084110 1.000000
0.084110 0.084110 0.084110 0.084110 0.084110 0.084110 0.084110 0.084110 0.084110 0.084110 0.164817 0.164817 0.067459 0.084110 0.084110 0.000000 0.164817 0.164817 0.084110 0.084110 1.000000
0.084110 0.084110 0.084110 0.084110 0.084110 0.084110 0.084110 0.084110 0.084110 0.084110 0.164817 0.164817 0.067459 0.084110 0.084110 0.000000 0.164817 0.164817 0.084110 0.084110 1.000000
0.084110 0.084110 0.084110 0.084110 0.084110 0.084110 0.084110 0.084110 0.084110 0.084110 0.164817 0.164817 0.067459 0.084110 0.084110 0.000000 0.164817 0.164817 0.084110 0.084110 1.000000
0.084110 0.084110 0.084110 0.084110 0.084110 0.084110 0.084110 0.084110 0.084110 0.084110 0.164817 0.164817 0.067459 0.084110 0.084110 0.000000 0.164817 0.164817 0.084110 0.084110 1.000000
0.084110 0.084110 0.084110 0.084110 0.084110 0.084110 0.084110 0.084110 0.084110 0.084110 0.164817 0.164817 0.067459 0.084110 0.084110 0.000000 0.164817 0.164817 0.084110 0.084110 1.000000
0.084110 0.084110 0.084110 0.084110 0.084110 0.084110 0.084110 0.084110 0.084110 0.084110 0.164817 0.164817 0.067459 0.084110 0.084110 0.000000 0.164817 0.164817 0.084110 0.084110 1.000000
0.084110 0.084110 0.084110 0.084110 0.084110 0.084110 0.084110 0.084110 0.084110 0.084110 0.164817 0.164817 0.067459 0.084110 0.084110 0.000000 0.164817 0.164817 0.084110 0.084110 1.000000
0.084110 0.084110 0.084110 0.084110 0.084110 0.084110 0.084110 0.084110 0.084110 0.084110 0.164817 0.164817 0.067459 0.084110 0.084110 0.000000 0.164817 0.164817 0.084110 0.084110 1.000000
0.084110 0.084110 0.084110 0.084110 0.084110 0.084110 0.084110 0.084110 0.084110 0.084110 0.164817 0.164817 0.067459 0.084110 0.084110 0.000000 0.164817 0.164817 0.084110 0.084110 1.000000
0.084110 0.084110 0.084110 0.084110 0.084110 0.084110 0.084110 0.084110 0.084110 0.084110 0.164817 0.164817 0.067459 0.084110 0.084110 0.000000 0.164817 0.164817 0.084110 0.084110 1.000000
0.084110 0.084110 0.084110 0.084110 0.084110 0.084110 0.084110 0.084110 0.084110 0.084110 0.164817 0.164817 0.067459 0.084110 0.084110 0.000000 0.164817 0.164817 0.084110 0.084110 1.000000
0.084110 0.084110 0.084110 0.084110 0.084110 0.084110 0.084110 0.084110 0.084110 0.084110 0.164817 0.164817 0.067459 0.084110 0.084110 0.000000 0.164817 0.164817 0.084110 0.084110 1.000000
0.084110 0.084110 0.084110 0.084110 0.084110 0.084110 0.084110 0.084110 0.084110 0.084110 0.164817 0.164817 0.067459 0.084110 0.084110 0.000000 0.164817 0.164817 0.084110 0.084110 1.000000
0.084110 0.084110 0.084110 0.084110 0.084110 0.084110 0.084110 0.084110 0.084110 0.084110 0.164817 0.164817 0.067459 0.084110 0.084110 0.000000 0.164817 0.164817 0.084110 0.084110 1.000000
0.084110 0.084110 0.084110 0.084110 0.084110 0.084110 0.084110 0.084110 0.084110 0.084110 0.164817 0.164817 0.067459 0.084110 0.084110 0.000000 0.164817 0.164817 0.084110 0.084110 1.000000
0.084110 0.084110 0.084110 0.084110 0.084110 0.084110 0.084110 0.084110 0.084110 0.084110 0.164817 0.164817 0.067459 0.084110 0.084110 0.000000 0.164817 0.164817 0.084110 0.084110 1.000000
0.084110 0.084110 0.084110 0.084110 0.084110 0.084110 0.084110 0.084110 0.084110 0.084110 0.164817 0.164817 0.067459 0.084110 0.084110 0.000000 0.164817 0.164817 0.084110 0.084110 1.000000
0.084110 0.084110 0.084110 0.084110 0.084110 0.084110 0.084110 0.084110 0.084110 0.084110 0.164817 0.164817 0.067459 0.084110 0.084110 0.000000 0.164817 0.164817 0.084110 0.084110 1.000000
0.084110 0.084110 0.084110 0.084110 0.084110 0.084110 0.084110 0.084110 0.084110 0.084110 0.164817 0.164817 0.067459 0.084110 0.084110 0.000000 0.164817 0.164817 0.084110 0.084110 1.000000
0.084110 0.084110 0.084110 0.084110 0.084110 0.084110 0.084110 0.084110 0.084110 0.084110 0.164817 0.164817 0.067459 0.084110 0.084110 0.000000 0.164817 0.164817 0.084110 0.084110 1.000000
0.084110 0.084110 0.084110 0.084110 0.084110 0.084110 0.084110 0.084110 0.084110 0.084110 0.164817 0.164817 0.067459 0.084110 0.084110 0.000000 0.164817 0.164817 0.084110 0.084110 1.000000
0.084110 0.084110 0.084110 0.084110 0.084110 0.084110 0.084110 0.084110 0.084110 0.084110 0.164817 0.164817 0.067459 0.084110 0.084110 0.000000 0.164817 0.164817 0.084110 0.084110 1.000000
0.084110 0.084110 0.084110 0.084110 0.084110 0.084110 0.084110 0.084110 0.084110 0.084110 0.164817 0.164817 0.067459 0.084110 0.084110 0.000000 0.164817 0.164817 0.084110 0.084110 1.000000
0.084110 0.084110 0.084110 0.084110 0.084110 0.084110 0.084110 0.084110 0.084110 0.084110 0.164817 0.164817 0.067459 0.084110 0.084110 0.000000 0.164817 0.164817 0.084110 0.084110 1.000000
0.084110 0.084110 0.084110 0.084110 0.084110 0.084110 0.084110 0.084110 0.084110 0.084110 0.164817 0.164817 0.067459 0.084110 0.084110 0.000000 0.164817 0.164817 0.084110 0.084110 1.000000
0.084110 0.084110 0.084110 0.084110 0.084110 0.084110 0.084110 0.084110 0.084110 0.084110 0.164817 0.164817 0.067459 0.084110 0.084110 0.000000 0.164817 0.164817 0.084110 0.084110 1.000000
0.084110 0.084110 0.084110 0.084110 0.084110 0.084110 0.084110 0.084110 0.084110 0.084110 0.164817 0.164817 0.067459 0.084110 0.084110 0.000000 0.164817 0.164817 0.084110 0.084110 1.000000
0.084110 0.084110 0.084110 0.084110 0.084110 0.084110 0.084110 0.084110 0.084110 0.084110 0.164817 0.164817 0.067459 0.084110 0.084110 0.000000 0.164817 0.164817 0.084110 0.084110 1.000000
