0.000000 0.000000 0.000000 0.000000 0.000000 0.000000 0.000000 0.000000 0.000000 0.000000 0.000000 0.000000 0.000000 0.000000 0.000000 0.000000 0.000000 0.000000 0.000000 0.000000 0.000000
11.877319 11.877319 11.877319 11.877319 11.877319 11.877319 11.877319 11.877319 818.313673 45.009420 43.955565 9.320668 70.306728 109.841142 1997.833632 516427.760501 22.537971 35.174682 171.618386 6096.903032 1.000000
11.805003 11.805003 11.805003 11.805003 11.805003 11.805003 11.805003 11.805003 1270.717497 55.904600 34.957801 14.376556 136.449497 136.449497 1016.574352 410590.713451 54.595184 27.979097 55.904600 6059.249613 1.000000
11.881522 11.881522 11.881522 11.881522 11.881522 11.881522 11.881522 11.881522 70.331949 87.908539 43.971324 43.971324 36.030432 171.679972 2498.188039 135427.023266 1951.709605 107.305661 56.271955 6099.091079 1.000000
11.879146 11.879146 11.879146 11.879146 11.879146 11.879146 11.879146 11.879146 654.753583 56.260548 68.670291 18.053080 23.080367 1023.051064 2497.681276 807044.217377 28.156902 22.541472 109.858269 1278.813390 1.000000
11.880096 11.880096 11.880096 11.880096 11.880096 11.880096 11.880096 11.880096 335.263231 70.323390 28.159180 22.543294 137.329880 419.077697 419.077697 645687.752163 28.159180 35.183008 28.833318 23263.353003 1.000000
11.879125 11.879125 11.879125 11.879125 11.879125 11.879125 11.879125 11.879125 654.752452 87.890559 14.467247 43.962337 28.830935 214.553444 4878.274738 413205.925508 22.541433 43.962337 56.260451 4878.274738 1.000000
11.880278 11.880278 11.880278 11.880278 11.880278 11.880278 11.880278 11.880278 818.520404 87.899205 18.054814 28.159617 36.026612 137.332013 2497.922710 211582.249566 167.638694 35.183554 56.265983 6098.443302 1.000000
11.880539 11.880539 11.880539 11.880539 11.880539 11.880539 11.880539 11.880539 419.093565 87.901167 22.544144 18.055215 109.871340 70.326052 2497.978484 264483.717298 107.296662 35.184338 109.871340 4878.863650 1.000000
11.877955 11.877955 11.877955 11.877955 11.877955 11.877955 11.877955 11.877955 1278.683436 36.019480 14.465815 54.937204 28.828062 109.847107 1997.942147 806962.204573 43.957950 14.465815 171.627707 7621.542667 1.000000
11.880576 11.880576 11.880576 11.880576 11.880576 11.880576 11.880576 11.880576 818.541273 87.901445 18.055272 28.160333 56.267416 109.871687 2497.986396 413257.117215 43.967778 43.967778 70.326274 4878.879103 1.000000
11.880422 11.880422 11.880422 11.880422 11.880422 11.880422 11.880422 11.880422 1278.952805 87.900290 209.548272 18.055036 109.870244 28.834120 1598.690654 211584.863576 68.677775 43.967201 56.266677 4878.814990 1.000000
11.873810 11.873810 11.873810 11.873810 11.873810 11.873810 11.873810 11.873810 1597.788084 56.234931 22.531242 35.164156 36.006748 171.566951 2496.543304 1008345.648627 68.639018 7.501796 23.069891 11904.444320 1.000000
11.878988 11.878988 11.878988 11.878988 11.878988 11.878988 11.878988 11.878988 818.430273 45.015827 18.052838 22.541170 109.856791 109.856791 3122.059385 330560.861437 85.830157 14.467079 87.889528 4878.217494 1.000000
11.803059 11.803059 11.803059 11.803059 11.803059 11.803059 11.803059 11.803059 416.321297 109.144663 85.273837 27.974435 87.319852 69.861034 4846.590021 1002251.282927 54.586070 9.262907 87.319852 1985.163692 1.000000
11.804983 11.804983 11.804983 11.804983 11.804983 11.804983 11.804983 11.804983 266.491905 69.872582 34.957741 14.376532 266.491905 813.258532 23114.162793 262777.606963 68.235622 34.957741 35.795371 136.449263 1.000000
11.879532 11.879532 11.879532 11.879532 11.879532 11.879532 11.879532 11.879532 335.247083 56.262401 14.467744 134.105097 45.017915 56.262401 3902.755232 645656.650326 22.542212 35.181316 214.560885 6098.054814 1.000000
11.880210 11.880210 11.880210 11.880210 11.880210 11.880210 11.880210 11.880210 1023.144023 45.020519 54.947773 28.159454 45.020519 109.868250 6098.407943 516555.231466 43.966404 28.159454 28.833598 6098.407943 1.000000
11.879844 11.879844 11.879844 11.879844 11.879844 11.879844 11.879844 11.879844 654.792634 28.832700 18.054150 43.965033 87.895952 56.263901 1998.264375 516539.104937 35.182253 28.158577 214.566610 9528.464778 1.000000
11.879604 11.879604 11.879604 11.879604 11.879604 11.879604 11.879604 11.879604 818.473343 36.024543 43.964133 28.158002 45.018194 87.894152 3122.223684 807075.823373 18.053782 22.542351 137.324118 7622.615766 1.000000
11.806175 11.806175 11.806175 11.806175 11.806175 11.806175 11.806175 11.806175 109.173886 266.519197 34.961315 27.981907 109.173886 266.519197 1588.556469 210243.614846 68.242607 85.296666 28.651780 6059.859784 1.000000
11.880183 11.880183 11.880183 11.880183 11.880183 11.880183 11.880183 11.880183 1278.926637 70.323912 28.159389 28.159389 70.323912 56.265527 3902.972225 516554.039077 54.947646 18.054669 56.265527 4878.715166 1.000000
11.878097 11.878097 11.878097 11.878097 11.878097 11.878097 11.878097 11.878097 1022.959454 18.482088 22.539461 54.937867 36.019914 214.534603 3121.821842 1008714.936898 28.154387 18.051473 137.306445 4877.846332 1.000000
11.879791 11.879791 11.879791 11.879791 11.879791 11.879791 11.879791 11.879791 214.565635 109.864321 28.158449 28.158449 56.263646 56.263646 654.789658 645670.946917 54.945809 14.468061 214.565635 36348.042977 1.000000
11.880190 11.880190 11.880190 11.880190 11.880190 11.880190 11.880190 11.880190 419.081055 87.898544 107.293460 18.054679 28.833549 87.898544 3122.379722 413243.472953 43.966328 28.159406 137.330980 6098.397432 1.000000
11.879171 11.879171 11.879171 11.879171 11.879171 11.879171 11.879171 11.879171 654.754978 28.831046 68.670438 28.156962 56.260668 56.260668 6097.866863 1008807.422194 14.467302 35.180233 87.890898 7622.333504 1.000000
11.871662 11.871662 11.871662 11.871662 11.871662 11.871662 11.871662 11.871662 6093.957607 36.000153 11.597386 7.500468 28.812607 171.535483 3120.106531 412942.618676 68.626433 28.138956 28.812607 9521.808610 1.000000
11.873426 11.873426 11.873426 11.873426 11.873426 11.873426 11.873426 11.873426 1597.735699 36.005569 14.460273 11.599108 36.005569 18.474759 418.839051 169166.781037 327.219199 18.044317 23.069137 1613300.142588 1.000000
11.871207 11.871207 11.871207 11.871207 11.871207 11.871207 11.871207 11.871207 2495.988399 18.471279 9.315914 22.526254 23.064782 1597.432945 45401.757220 645197.775354 54.905570 22.526254 14.801274 523.448533 1.000000
11.871243 11.871243 11.871243 11.871243 11.871243 11.871243 11.871243 11.871243 7617.173903 23.064851 9.315941 18.040972 35.998865 14.801318 29057.211993 645199.714950 35.156458 18.040972 35.998865 9521.467319 1.000000
11.876232 11.876232 11.876232 11.876232 11.876232 11.876232 11.876232 11.876232 4877.069423 23.074646 22.535886 11.601847 28.823829 137.284579 4877.069423 645474.736537 43.951487 22.535886 36.014186 7620.420785 1.000000
11.792500 11.792500 11.792500 11.792500 11.792500 11.792500 11.792500 11.792500 3873.753403 69.797660 9.254694 7.451514 4842.191637 69.797660 649.909471 1251677.148100 27.949112 14.361258 14.702641 1586.689918 1.000000
11.867745 11.867745 11.867745 11.867745 11.867745 11.867745 11.867745 11.867745 14.796935 2495.249973 7.498045 11.593562 70.249267 3119.062286 654.116233 1574723.869259 107.179483 11.593562 28.802988 3898.827714 1.000000
11.869116 11.869116 11.869116 11.869116 11.869116 11.869116 11.869116 11.869116 2495.542276 28.806353 11.594900 18.037714 35.992332 70927.566052 418.684839 1259926.670336 43.924803 9.314286 11.869116 817.740384 1.000000
11.871483 11.871483 11.871483 11.871483 11.871483 11.871483 11.871483 11.871483 6093.864426 14.801620 9.316128 11.597212 35.999604 44.987010 654.325221 264279.234888 209.388358 18.041341 1597.470579 4875.091615 1.000000
11.798110 11.798110 11.798110 11.798110 11.798110 11.798110 11.798110 11.798110 1587.455702 18.356587 9.259058 34.937129 18.356587 2480.398953 170.457557 210097.929436 507.987592 14.368123 416.144225 3875.622993 1.000000
11.871670 11.871670 11.871670 11.871670 11.871670 11.871670 11.871670 11.871670 7617.452337 14.801855 14.458126 11.597395 44.987730 109.788164 6093.961929 330354.329216 134.015098 14.458126 18.472005 11902.269156 1.000000
11.875410 11.875410 11.875410 11.875410 11.875410 11.875410 11.875410 11.875410 1022.724718 23.073032 18.047356 22.534310 36.011661 268.104622 70965.715288 264367.890637 409.091941 9.319182 109.823231 214.485376 1.000000
11.876735 11.876735 11.876735 11.876735 11.876735 11.876735 11.876735 11.876735 818.272840 87.872626 14.464322 14.464322 36.015732 2497.167205 109.835662 1260747.049943 28.151121 14.464322 56.248976 18605.342591 1.000000
11.870419 11.870419 11.870419 11.870419 11.870419 11.870419 11.870419 11.870419 9520.796876 11.870419 14.456594 18.039710 18.470041 137.216429 3899.718614 1575083.700984 35.153987 11.596172 56.218652 9520.796876 1.000000
11.874049 11.874049 11.874049 11.874049 11.874049 11.874049 11.874049 11.874049 2496.594390 14.804835 18.045272 18.045272 28.818469 18601.074791 214.460454 1260457.852554 14.461036 28.144680 28.818469 4876.160341 1.000000
11.865704 11.865704 11.865704 11.865704 11.865704 11.865704 11.865704 11.865704 4872.684215 35.981854 7.496782 18.032486 14.794377 44.964817 1995.851871 1259559.294934 54.879766 7.496782 817.501945 4872.684215 1.000000
11.865105 11.865105 11.865105 11.865105 11.865105 11.865105 11.865105 11.865105 109.726586 1277.280271 7.496412 9.311167 44.962518 44.962518 6090.543377 806076.682442 54.876959 9.311167 56722.603872 14.793627 1.000000
11.879307 11.879307 11.879307 11.879307 11.879307 11.879307 11.879307 11.879307 56.261323 1278.831030 18.053327 43.963019 56.261323 137.320634 3902.680455 807055.349365 28.157289 22.541782 28.831382 6097.937975 1.000000
11.865893 11.865893 11.865893 11.865893 11.865893 11.865893 11.865893 11.865893 171.450939 1277.366370 11.591755 7.496900 44.965545 137.163376 6090.953929 412739.081497 167.432835 7.496900 18.462941 7613.692337 1.000000
11.872562 11.872562 11.872562 11.872562 11.872562 11.872562 11.872562 11.872562 4875.541059 23.067442 22.528851 14.459217 11.872562 137.241561 4875.541059 645272.459196 54.911921 14.459217 56.228943 11903.175997 1.000000
11.869585 11.869585 11.869585 11.869585 11.869585 11.869585 11.869585 11.869585 6092.875868 23.061596 7.499183 9.314651 28.807505 523.375948 1277.769430 806385.385176 43.926562 18.038432 109.768601 3899.440707 1.000000
11.868685 11.868685 11.868685 11.868685 11.868685 11.868685 11.868685 11.868685 1277.671243 11.868685 11.594480 35.148789 70.254910 88656.197726 3119.312969 211372.846881 327.086695 14.454473 11.868685 109.760168 1.000000
11.873297 11.873297 11.873297 11.873297 11.873297 11.873297 11.873297 11.873297 3120.542445 56.232473 7.501479 14.460116 56.232473 87.846836 3120.542445 645312.986437 85.788465 18.044120 44.993977 6094.809000 1.000000
11.859595 11.859595 11.859595 11.859595 11.859595 11.859595 11.859595 11.859595 11889.989365 23.041983 7.493005 6.052849 56.166691 18.453059 11889.989365 412516.870706 107.104839 9.306881 35.963094 14862.486669 1.000000
11.790799 11.790799 11.790799 11.790799 11.790799 11.790799 11.790799 11.790799 3098.549432 14.700509 14.359177 11.518446 44.677182 4841.483190 4841.483190 1564367.523375 54.528591 6.019131 136.282969 136.282969 1.000000
11.869021 11.869021 11.869021 11.869021 11.869021 11.869021 11.869021 11.869021 214.368356 137.200051 7.498834 7.498834 23.060490 214.368356 7615.728295 135282.508114 4759.830312 28.132624 214.368356 1022.166710 1.000000
11.856958 11.856958 11.856958 11.856958 11.856958 11.856958 11.856958 11.856958 3895.233410 18.448922 6.051557 22.498937 11.856958 214.147377 9509.846670 135143.047911 3043.151230 7.491374 14.783418 14859.135326 1.000000
11.863268 11.863268 11.863268 11.863268 11.863268 11.863268 11.863268 11.863268 817.331735 418.475612 7.495276 14.447845 14.791325 14.791325 138461.174493 1259297.045965 43.902875 11.589192 14.791325 6089.587018 1.000000
11.861477 11.861477 11.861477 11.861477 11.861477 11.861477 11.861477 11.861477 3117.391272 171.386215 11.587443 9.308345 11.861477 1021.507646 660133.211237 1007283.342340 43.896158 9.308345 11.861477 23.045677 1.000000
11.865947 11.865947 11.865947 11.865947 11.865947 11.865947 11.865947 11.865947 35.982600 654.015691 11.591807 9.311821 44.965750 70.238473 4872.785428 169058.698382 22690.674439 6.055962 56.197183 7613.727041 1.000000
11.864788 11.864788 11.864788 11.864788 11.864788 11.864788 11.864788 11.864788 1596.556796 14.793230 9.310920 11.590676 14.793230 528256.124011 1596.556796 169041.959689 638.624034 22.513947 11.864788 137.150422 1.000000
11.864335 11.864335 11.864335 11.864335 11.864335 11.864335 11.864335 11.864335 6090.142827 14.792663 11.590234 11.590234 23.051290 14.792663 653.925618 644818.936112 107.148256 7.495936 1596.494985 29040.063238 1.000000
11.861826 11.861826 11.861826 11.861826 11.861826 11.861826 11.861826 11.861826 11.861826 1276.922236 7.494384 11.587784 11.861826 23.046363 1596.152442 168999.147095 7432.661227 14.446080 9513.806303 3117.484336 1.000000
11.863036 11.863036 11.863036 11.863036 11.863036 11.863036 11.863036 11.863036 418.467328 18764616.809074 18.028400 9.309558 23.048740 171.409073 11.863036 1007417.693963 68.575878 9.309558 11.863036 171.409073 1.000000
11.788280 11.788280 11.788280 11.788280 11.788280 11.788280 11.788280 11.788280 109.006044 1268.891358 11.515986 9.251412 22.901965 171966.739065 11.788280 167936.268619 793.057867 9.251412 14.697352 7563.177300 1.000000
11.861156 11.861156 11.861156 11.861156 11.861156 11.861156 11.861156 11.861156 9513.261341 18.455508 7.493970 7.493970 3896.632059 109.689551 1021.479626 1259069.640983 35.126208 11.587130 11.861156 1596.061013 1.000000
11.860215 11.860215 11.860215 11.860215 11.860215 11.860215 11.860215 11.860215 1994.915392 418.366366 6.053153 9.307363 18.454031 23.043200 4870.397889 412538.730429 261.481309 7.493388 70.204072 9512.495581 1.000000
11.865655 11.865655 11.865655 11.865655 11.865655 11.865655 11.865655 11.865655 523.200207 18.462567 7.496753 18.032412 11.865655 3118.505179 88633.238961 135243.589713 3806.768889 35.139701 14.794316 334.849896 1.000000
11.846150 11.846150 11.846150 11.846150 11.846150 11.846150 11.846150 11.846150 1609541.066515 11.846150 6.046259 6.046259 28.749955 14.769874 213.949379 135018.090676 22652.276755 6.046259 334.291592 522.327853 1.000000
11.863125 11.863125 11.863125 11.863125 11.863125 11.863125 11.863125 11.863125 6089.512689 18.458598 14.447670 7.495188 14.791146 137.130924 9514.863425 264090.508358 638.533235 9.309627 14.791146 18583.717476 1.000000
11.852304 11.852304 11.852304 11.852304 11.852304 11.852304 11.852304 11.852304 11.852304 11.852304 6.049275 14.434431 18.441620 1020.706421 29010.193498 5999167.399877 3802.424341 7.488496 18.441620 45328.427309 1.000000
11.851635 11.851635 11.851635 11.851635 11.851635 11.851635 11.851635 11.851635 11.851635 816.518828 7.488082 14.433612 11997647.876097 14.776747 653.215614 168851.882831 18130.332920 7.488082 11.851635 11.851635 1.000000
11.776269 11.776269 11.776269 11.776269 11.776269 11.776269 11.776269 11.776269 28821.408210 18.322316 6.012010 7.441477 18.322316 11.776269 335525.350830 209703.344272 792.238098 11.504260 1980.592594 11.776269 1.000000
11.862776 11.862776 11.862776 11.862776 11.862776 11.862776 11.862776 11.862776 523.071420 18.458049 7.494972 9.309355 14.790708 422532.184008 1021.621113 169012.873608 3805.831836 35.131065 11.862776 267.815322 1.000000
11.863454 11.863454 11.863454 11.863454 11.863454 11.863454 11.863454 11.863454 1021.680373 11.863454 7.495391 11.589373 23.049559 14.791558 214.266366 135218.141958 4757.565630 28.119272 23.049559 9607826.850614 1.000000
11.864117 11.864117 11.864117 11.864117 11.864117 11.864117 11.864117 11.864117 817.391062 11.864117 11.590020 11.590020 56.188399 1277.172407 70897.267157 135225.805562 14519.760380 9.310398 11.864117 267.846036 1.000000
11.792972 11.792972 11.792972 11.792972 11.792972 11.792972 11.792972 11.792972 812.419095 55.846837 7.451805 11.520566 14.703231 3099.128529 266.216842 168004.076694 1239.652089 17.921058 18.348524 45098.250958 1.000000
11.859701 11.859701 11.859701 11.859701 11.859701 11.859701 11.859701 11.859701 18578.276896 11.859701 11.585710 7.493070 28.783233 522.933916 110735.159181 1573641.258853 35.121845 9.306964 267.744921 11.859701 1.000000
11.859684 11.859684 11.859684 11.859684 11.859684 11.859684 11.859684 11.859684 4870.177068 28.783192 7.493060 9.306951 18.453199 15007391.125430 137.090586 264012.816724 326.835096 11.585693 14.786834 11.859684 1.000000
11.866622 11.866622 11.866622 11.866622 11.866622 11.866622 11.866622 11.866622 6091.333251 28.800229 9.312347 11.592466 18.464084 109.740814 9517.708054 330211.828327 327.029013 9.312347 14.795528 14871.418737 1.000000
11.841033 11.841033 11.841033 11.841033 11.841033 11.841033 11.841033 11.841033 4862.408203 11.841033 6.043751 9.292443 11.841033 11.841033 36227.762706 134958.932849 35378.674519 6.043751 11.841033 56605.879203 1.000000
11.852428 11.852428 11.852428 11.852428 11.852428 11.852428 11.852428 11.852428 1594.869729 11.852428 9.301306 7.488572 11.852428 11.852428 334.471282 135090.667583 14505.250050 7.488572 527697.920218 522.608621 1.000000
11.850291 11.850291 11.850291 11.850291 11.850291 11.850291 11.850291 11.850291 18.438462 11.850291 7.487251 7.487251 216105.550498 23.023717 2491.527766 1965468.531974 14502.598067 6.048289 14.775063 1993.222393 1.000000
11.850552 11.850552 11.850552 11.850552 11.850552 11.850552 11.850552 11.850552 9504.634871 11.850552 7.487412 7.487412 3893.098657 23.024229 522.524736 329758.261189 637.846810 6.048416 14850.991889 11.850552 1.000000
11.850453 11.850453 11.850453 11.850453 11.850453 11.850453 11.850453 11.850453 653.149521 1594.600211 7.487351 6.048368 14.775266 1020.544713 11.850453 168834.798148 11602.239069 7.487351 14.775266 110647.573319 1.000000
11.845811 11.845811 11.845811 11.845811 11.845811 11.845811 11.845811 11.845811 136.927933 11.845811 6.046092 6.046092 11.845811 11.845811 3891.518609 135014.164846 4796666.702537 9.296159 171.156630 110603.603845 1.000000
11.771240 11.771240 11.771240 11.771240 11.771240 11.771240 11.771240 11.771240 44.602067 18.314425 7.438367 6.009545 11.771240 818798.795285 7552.086045 167689.993280 11635830.720766 7.438367 14.675997 11.771240 1.000000
11.837309 11.837309 11.837309 11.837309 11.837309 11.837309 11.837309 11.837309 1991.007487 11.837309 6.041926 6.041926 11.837309 14.758795 23404174.634025 134915.881173 14486.482502 6.041926 11.837309 334.038536 1.000000
11.842281 11.842281 11.842281 11.842281 11.842281 11.842281 11.842281 11.842281 11.842281 29267681.132093 6.044362 6.044362 11.842281 14.765025 109.512527 210895.868550 11594.123072 7.482297 14.765025 3112.274012 1.000000
11.844105 11.844105 11.844105 11.844105 11.844105 11.844105 11.844105 11.844105 11.844105 11.844105 7.483425 6.045256 11.844105 11.844105 29272254.581821 2455534.689631 7421.398353 17.999397 14.767311 7599.511907 1.000000
11.842990 11.842990 11.842990 11.842990 11.842990 11.842990 11.842990 11.842990 11873.103338 18.427006 6.044710 6.044710 14.765913 6138250.513840 417.750076 514913.773666 167.105057 6.044710 18.427006 11.842990 1.000000
11.844318 11.844318 11.844318 11.844318 11.844318 11.844318 11.844318 11.844318 11.844318 3928927.071551 7.483557 9.294998 11.844318 11.844318 522.245900 168746.132813 1257256.662897 6.045361 11.844318 652.806514 1.000000
11.848193 11.848193 11.848193 11.848193 11.848193 11.848193 11.848193 11.848193 23199.989690 14.772434 7.485954 6.047260 18.435170 87.658491 11878.394783 329691.682262 326.513890 6.047260 11.848193 18559.991771 1.000000
11.840162 11.840162 11.840162 11.840162 11.840162 11.840162 11.840162 11.840162 11870.227249 11.840162 6.043324 6.043324 14.762369 11.840162 18547.229999 134948.858950 55275.052641 6.043324 18.422568 23184.037475 1.000000
11.867093 11.867093 11.867093 11.867093 11.867093 11.867093 11.867093 11.867093 171.468517 1996.088869 11.592926 7.497642 14.796118 3898.610351 523.264500 135260.209107 4759.045736 18.034615 14.796118 1596.871321 1.000000
11.857404 11.857404 11.857404 11.857404 11.857404 11.857404 11.857404 11.857404 1021.151931 11.857404 9.305177 9.305177 18.449622 418.265821 11.857404 329951.667964 209.136497 7.491650 418.265821 2517331.451118 1.000000
11.857188 11.857188 11.857188 11.857188 11.857188 11.857188 11.857188 11.857188 522.821510 44.932117 11.583256 6.051669 11.857188 2492.998509 653.526026 168932.122795 14511.158921 9.305009 11.857188 36277.897159 1.000000
11.840605 11.840605 11.840605 11.840605 11.840605 11.840605 11.840605 11.840605 815.747979 11.840605 6.043541 6.043541 11.840605 823693.724062 11.840605 329477.489627 509.843682 7.481261 14.762924 70754.752149 1.000000
11.858180 11.858180 11.858180 11.858180 11.858180 11.858180 11.858180 11.858180 4869.550570 18.450839 9.305781 11.584225 11.858180 35.958749 653.581516 1573436.583494 54.844496 7.492130 11.858180 3146873.166987 1.000000
11.844321 11.844321 11.844321 11.844321 11.844321 11.844321 11.844321 11.844321 9499.565636 11.844321 9.295001 6.045362 11.844321 11.844321 11.844321 134996.945617 11596.149415 7.483559 1609288.997762 1020.009062 1.000000
11.846181 11.846181 11.846181 11.846181 11.846181 11.846181 11.846181 11.846181 11.846181 3113.313625 7.484709 6.046274 18.432011 44.889850 11.846181 2455971.151438 261.167478 6.046274 11992046.637877 136.932270 1.000000
11.848718 11.848718 11.848718 11.848718 11.848718 11.848718 11.848718 11.848718 1594.363427 14.773092 7.486278 7.486278 11.848718 422024.319249 267.493429 168809.727705 11600.516242 6.047518 11.848718 816.314979 1.000000
11.843333 11.843333 11.843333 11.843333 11.843333 11.843333 11.843333 11.843333 11.843333 9498.761354 7.482948 6.044878 23.010055 57168589.759826 11.843333 18293948.723144 6.044878 22.472814 18.427543 23.010055 1.000000
11.852443 11.852443 11.852443 11.852443 11.852443 11.852443 11.852443 11.852443 4867.160728 11.852443 9.301318 28.092866 11.852443 11.852443 11.852443 168863.552396 168863.552396 7.488582 28.765409 11998477.048562 1.000000
11.854006 11.854006 11.854006 11.854006 11.854006 11.854006 11.854006 11.854006 11.854006 1993.856072 6.050109 14.436512 11.854006 11.854006 45335.026967 168886.136065 5942.152820 28.096614 14.779718 70835.979616 1.000000
11.853634 11.853634 11.853634 11.853634 11.853634 11.853634 11.853634 11.853634 11.853634 70833.729285 9.302245 9.302245 14.779252 11.853634 653.327368 135104.616690 650505067.234052 9.302245 11.853634 816.658522 1.000000
11.838873 11.838873 11.838873 11.838873 11.838873 11.838873 11.838873 11.838873 11.838873 1019.533154 6.042692 7.480190 11.838873 11.838873 23407310.750246 210834.311950 18110.529549 6.042692 11.838873 522.002389 1.000000
11.909752 11.909752 11.909752 11.909752 11.909752 11.909752 11.909752 11.909752 11.909752 7716686.048284 7.524024 6.077437 11.909752 11.909752 11.909752 169691.720766 69505.728838 6.077437 11.909752 71173.866329 1.000000
11.839041 11.839041 11.839041 11.839041 11.839041 11.839041 11.839041 11.839041 1991.302902 14.760965 6.042774 6.042774 11.839041 14.760965 334.088098 134935.899240 14488.631926 6.042774 11.839041 18726117.772123 1.000000
11.846695 11.846695 11.846695 11.846695 11.846695 11.846695 11.846695 11.846695 11.846695 11.846695 6.046526 108019.509579 11.846695 14846.088417 652.939402 168780.483708 2456079.291036 6.046526 14.770556 816.173564 1.000000
11.851535 11.851535 11.851535 11.851535 11.851535 11.851535 11.851535 11.851535 1275.798560 11.851535 7.488020 7.488020 11.851535 11.851535 653.209992 135080.343817 520310558.082837 55328.908843 11.851535 1020.639201 1.000000
11.837301 11.837301 11.837301 11.837301 11.837301 11.837301 11.837301 11.837301 2488.757283 11.837301 6.041921 6.041921 29255196.545156 11.837301 213.787266 134915.780881 14486.471733 6.041921 14.758784 11.837301 1.000000
11.839483 11.839483 11.839483 11.839483 11.839483 11.839483 11.839483 11.839483 11.839483 11.839483 9.291238 7.480567 11.839483 11.839483 9495.629773 1963650.191201 18111.476319 6.042991 11.839483 29260668.027401 1.000000
11.840132 11.840132 11.840132 11.840132 11.840132 11.840132 11.840132 11.840132 421714.088286 11.840132 28300.753433 6.043309 11.840132 11.840132 45281.205458 168685.635319 18112.482230 6.043309 11.840132 11.840132 1.000000
11.837325 11.837325 11.837325 11.837325 11.837325 11.837325 11.837325 11.837325 11.837325 11.837325 6.041933 7.479233 11.837325 11.837325 29255258.345937 1963287.153623 22635.159835 7.479233 11.837325 9493.874231 1.000000
11.855396 11.855396 11.855396 11.855396 11.855396 11.855396 11.855396 11.855396 214.118756 11.855396 7.490408 510.489719 11.855396 14.781460 1994.093314 135124.984975 18136.168533 9.303615 11.855396 2516898.977890 1.000000
11.835495 11.835495 11.835495 11.835495 11.835495 11.835495 11.835495 11.835495 11.835495 11.835495 6.041036 6.041036 87.563220 11.835495 11.835495 7488171.536138 9269.907473 6.041036 6075.126656 6134310.122404 1.000000
11.838752 11.838752 11.838752 11.838752 11.838752 11.838752 11.838752 11.838752 14.760603 11.838752 6.042633 6.042633 14.760603 11.838752 11.838752 168665.699495 35716351.134783 3038.411455 11.838752 71432702.269566 1.000000
11.846694 11.846694 11.846694 11.846694 11.846694 11.846694 11.846694 11.846694 11.846694 11.846694 6.046525 6.046525 11.846694 522.352179 23197.011686 168780.473492 135024.378796 637.636169 14.770555 36245.330719 1.000000
11.838874 11.838874 11.838874 11.838874 11.838874 11.838874 11.838874 11.838874 11.838874 815.627002 7.480190 6.042692 11.838874 14980679.558300 652.502153 210834.321494 44215.161921 6.042692 11.838874 11.838874 1.000000
11.848724 11.848724 11.848724 11.848724 11.848724 11.848724 11.848724 11.848724 11.848724 417.955250 7.486282 6.047521 11.848724 1992.955032 138289.000407 211012.268681 14500.652757 7.486282 14.773099 1020.393699 1.000000
11.837309 11.837309 11.837309 11.837309 11.837309 11.837309 11.837309 11.837309 11.837309 334.038533 6.041926 6.041926 11.837309 4908211.124526 1592.806203 168644.850100 411730.591051 6.041926 14.758795 11.837309 1.000000
11.846050 11.846050 11.846050 11.846050 11.846050 11.846050 11.846050 11.846050 11.846050 11.846050 7.484628 9.296346 11876.215445 11.846050 28994.666444 1964755.019455 18121.666561 6.046210 14.769748 7600.777963 1.000000
11.842164 11.842164 11.842164 11.842164 11.842164 11.842164 11.842164 11.842164 11.842164 1274.775303 7.482225 7.482225 11.842164 11.842164 522.149558 210893.753376 14492.508448 6.044305 11.842164 18731128.059388 1.000000
11.849522 11.849522 11.849522 11.849522 11.849522 11.849522 11.849522 11.849522 11.849522 1275.578776 6.047912 6.047912 11.849522 3114.204403 417.983789 263783.346183 3041.215252 35.091318 11.849522 88511.003532 1.000000
11.860093 11.860093 11.860093 11.860093 11.860093 11.860093 11.860093 11.860093 11.860093 522.951452 6.053093 54.853464 14.787346 11.860093 817.109880 168974.109604 4756.198567 22.504946 11890.495975 9512.396818 1.000000
11.847776 11.847776 11.847776 11.847776 11.847776 11.847776 11.847776 11.847776 11.847776 3930090.522196 9.297688 6.047055 14.771910 11.847776 652.999825 135036.882113 263743.910366 7.485695 14.771910 816.249092 1.000000
11.837768 11.837768 11.837768 11.837768 11.837768 11.837768 11.837768 11.837768 11.837768 29256366.953451 6.042150 6.042150 14.759369 11.837768 22.999129 210814.341300 14487.051291 6.042150 14.759369 14834.740519 1.000000
11.842546 11.842546 11.842546 11.842546 11.842546 11.842546 11.842546 11.842546 29268346.865713 11.842546 6.044492 6.044492 14.765357 14.765357 11.842546 134976.426031 4749.061007 17.997009 11.842546 36232.458496 1.000000
11.848886 11.848886 11.848886 11.848886 11.848886 11.848886 11.848886 11.848886 7602.623777 11.848886 9.298552 6.047600 18.436257 14.773303 522.450233 135049.725110 110155071826.681213 7.486382 11.848886 653.061930 1.000000
11.840019 11.840019 11.840019 11.840019 11.840019 11.840019 11.840019 11.840019 11.840019 9588575.588347 6.043254 54.759351 11.840019 11.840019 11.840019 210855.007069 14489.845822 6.043254 11.840019 45280.767999 1.000000
11.835933 11.835933 11.835933 11.835933 11.835933 11.835933 11.835933 11.835933 14.757069 14.757069 6.041251 6.041251 11.835933 11.835933 815.421474 168624.954929 29409209798080812.000000 6.041251 14.757069 652.337731 1.000000
11.836191 11.836191 11.836191 11.836191 11.836191 11.836191 11.836191 11.836191 11.836191 11.836191 6.041377 9.288677 658705.802374 11.836191 56582.397595 168628.685413 14626206.964970 6.041377 11.836191 11.836191 1.000000
11.906473 11.906473 11.906473 11.906473 11.906473 11.906473 11.906473 11.906473 11.906473 11.906473 6.075829 6.075829 11.906473 11.906473 1025.438056 135715.467685 29586995765188964.000000 6.075829 11.906473 1025.438056 1.000000
11.909752 11.909752 11.909752 11.909752 11.909752 11.909752 11.909752 11.909752 11.909752 11.909752 6.077437 6.077437 662858.284212 11.909752 45551.274463 135753.376614 28746895.671628 7.524024 11.909752 11.909752 1.000000
11.839024 11.839024 11.839024 11.839024 11.839024 11.839024 11.839024 11.839024 11.839024 171.057170 6.042766 6.042766 14.760943 11.839024 1991.299993 263546.293167 18110.763417 6.042766 14.760943 23407613.017942 1.000000
11.906655 11.906655 11.906655 11.906655 11.906655 11.906655 11.906655 11.906655 276749544812.070251 11.906655 7.522109 6.075919 14.845696 11.906655 11.906655 265073.402104 801.136448 6.075919 11.906655 11.906655 1.000000
11.908804 11.908804 11.908804 11.908804 11.908804 11.908804 11.908804 11.908804 11.908804 11.908804 9.345158 6.076972 11.908804 11.908804 56934.498801 169678.028778 23674297786152796.000000 6.076972 14.848388 11.908804 1.000000
11.845150 11.845150 11.845150 11.845150 11.845150 11.845150 11.845150 11.845150 11.845150 11.845150 7.484072 14496.215352 14.768620 11.845150 11.845150 135006.525406 329605.774903 6.045768 110597.345616 45300.672783 1.000000
11.910335 11.910335 11.910335 11.910335 11.910335 11.910335 11.910335 11.910335 11.910335 11.910335 6.077722 6.077722 23780055054.043217 11.910335 11.910335 4823168.170035 3057.046340 22.601263 11.910335 11.910335 1.000000
11.907907 11.907907 11.907907 11.907907 11.907907 11.907907 11.907907 11.907907 11.907907 11.907907 6.076532 1276418046.779890 11.907907 11.907907 14.847264 9510055532.901690 70855435229.105148 6.076532 11.907907 11.907907 1.000000
11.849289 11.849289 11.849289 11.849289 11.849289 11.849289 11.849289 11.849289 11.849289 2012467.159971 6.047798 7.486632 14.773808 171.207613 11.849289 168817.981185 86434.806375 22.484234 11.849289 7602.886103 1.000000
11.836190 11.836190 11.836190 11.836190 11.836190 11.836190 11.836190 11.836190 11.836190 11.836190 9.288676 6.041377 11.836190 11.836190 1019.298726 134902.933282 23527885708646920.000000 6.041377 11.836190 1019.298726 1.000000
11.908196 11.908196 11.908196 11.908196 11.908196 11.908196 11.908196 11.908196 14.847626 11.908196 6.076674 6.076674 11.908196 11.908196 1025.588558 135735.386429 29591338201626192.000000 6.076674 11.908196 820.471285 1.000000
11.835581 11.835581 11.835581 11.835581 11.835581 11.835581 11.835581 11.835581 11.835581 11.835581 6.041078 6.041078 11.835581 11.835581 652.318061 168619.870329 18459903542.033482 6.041078 28968.673174 815.396886 1.000000
11.840601 11.840601 11.840601 11.840601 11.840601 11.840601 11.840601 11.840601 11.840601 1274.604632 7.481258 6.043539 11.840601 11.840601 334.132744 263581.897831 14490.568146 6.043539 14.762919 23410775.347397 1.000000
11.906474 11.906474 11.906474 11.906474 11.906474 11.906474 11.906474 11.906474 11.906474 11.906474 6.075830 6.075830 11.906474 11.906474 29428604.204875 3085812.808273 18215.423778 6.075830 11.906474 9550.128177 1.000000
11.843420 11.843420 11.843420 11.843420 11.843420 11.843420 11.843420 11.843420 11.843420 11.843420 6.044920 263645.550596 11.843420 11.843420 1019.930303 134986.521911 656268115710.753784 7.483002 11.843420 1019.930303 1.000000
11.849148 11.849148 11.849148 11.849148 11.849148 11.849148 11.849148 11.849148 11.849148 1020.430732 6.047728 7.486544 11.849148 11.849148 653.076572 263774.908420 9280.754633 9.298755 527549.816835 417.970419 1.000000
11.835571 11.835571 11.835571 11.835571 11.835571 11.835571 11.835571 11.835571 11.835571 11.835571 6.041074 6.041074 11.835571 29250860.886698 333.988784 4792461.047677 14484.324819 6.041074 11.835571 333.988784 1.000000
11.835581 11.835581 11.835581 11.835581 11.835581 11.835581 11.835581 11.835581 11.835581 11.835581 6.041078 6.041078 11.835581 11.835581 652.318061 168619.870312 45068123877.430153 6.041078 18539.950861 815.396886 1.000000
11.836191 11.836191 11.836191 11.836191 11.836191 11.836191 11.836191 11.836191 11.836191 11.836191 9.288677 6.041377 11.836191 11.836191 11.836191 1963096.267325 210785.856681 6.041377 7668344.794236 11866.188904 1.000000
11.838876 11.838876 11.838876 11.838876 11.838876 11.838876 11.838876 11.838876 11.838876 2489.093260 7.480192 6.042693 11.838876 11.838876 4861.509695 329428.696898 11590.741935 6.042693 11.838876 1029464.677799 1.000000
11.908197 11.908197 11.908197 11.908197 11.908197 11.908197 11.908197 11.908197 11.908197 3950420.229454 6.076674 6.076674 14.847628 11.908197 11.908197 331385.267405 7462.132968 6.076674 11.908197 271470.811059 1.000000
11.849956 11.849956 11.849956 11.849956 11.849956 11.849956 11.849956 11.849956 11.849956 171.217383 7.487044 6.048124 14.774643 11.849956 653.121733 135062.092169 23103308390.486008 55321.432968 11.849956 1020.501295 1.000000
11.906473 11.906473 11.906473 11.906473 11.906473 11.906473 11.906473 11.906473 11.906473 11.906473 6.075829 6.075829 11.906473 11.906473 1025.438056 135715.467685 29586995765188964.000000 6.075829 11.906473 1025.438056 1.000000
11.836191 11.836191 11.836191 11.836191 11.836191 11.836191 11.836191 11.836191 11.836191 11.836191 9.288677 6.041377 11.836191 70727.996986 3926192.536164 1005105.289259 44204.998130 6.041377 11.836191 11.836191 1.000000
11.908196 11.908196 11.908196 11.908196 11.908196 11.908196 11.908196 11.908196 14.847626 11.908196 6.076674 6.076674 11.908196 11.908196 1025.588558 135735.386429 29591338201625984.000000 6.076674 11.908196 820.471285 1.000000
11.906474 11.906474 11.906474 11.906474 11.906474 11.906474 11.906474 11.906474 11.906474 29428604.220847 6.075830 6.075830 11.906474 11.906474 11.906474 265069.302010 14572.339055 6.075830 11.906474 36430.847493 1.000000
11.906473 11.906473 11.906473 11.906473 11.906473 11.906473 11.906473 11.906473 11.906473 11.906473 6.075829 6.075829 11.906473 11.906473 1025.438056 135715.467685 29586995765188756.000000 6.075829 11.906473 1025.438056 1.000000
11.906473 11.906473 11.906473 11.906473 11.906473 11.906473 11.906473 11.906473 11.906473 11.906473 6.075829 6.075829 11.906473 11.906473 1025.438056 135715.467685 29586995765188756.000000 6.075829 11.906473 1025.438056 1.000000
11.834030 11.834030 11.834030 11.834030 11.834030 11.834030 11.834030 11.834030 11.834030 11.834030 7.477195 6.040318 11.834030 11.834030 1019.110077 134877.965720 29404414018852104.000000 6.040318 11.834030 1019.110077 1.000000
11.908197 11.908197 11.908197 11.908197 11.908197 11.908197 11.908197 11.908197 11.908197 11.908197 6.076674 6.076674 11.908197 11.908197 217176.648961 169669.257003 11773169.730601 6.076674 14.847628 173741.319171 1.000000
11.840130 11.840130 11.840130 11.840130 11.840130 11.840130 11.840130 11.840130 11.840130 11.840130 6.043308 109010524.702770 11.840130 11.840130 1019.642967 134948.493240 1982889893.093127 6.043308 11.840130 1019.642967 1.000000
11.825879 11.825879 11.825879 11.825879 11.825879 11.825879 11.825879 11.825879 11.825879 11.825879 6.036323 6.036323 11.825879 1591.246079 11.825879 1023878449562.114014 14899392402179.468750 6.036323 11.825879 11.825879 1.000000
11.839788 11.839788 11.839788 11.839788 11.839788 11.839788 11.839788 11.839788 14.761900 11.839788 6.043140 6.043140 11.839788 28.734330 138183.202373 134944.533567 519787436.028683 7.480756 11.839788 18546.635523 1.000000
11.906473 11.906473 11.906473 11.906473 11.906473 11.906473 11.906473 11.906473 11.906473 11.906473 6.075829 6.075829 11.906473 11.906473 1025.438056 135715.467685 29586995765188756.000000 6.075829 11.906473 1025.438056 1.000000
11.825880 11.825880 11.825880 11.825880 11.825880 11.825880 11.825880 11.825880 11.825880 7661568.331674 6.036323 6.036323 11.825880 11.825880 11.825880 212651239.164094 3094482805.523046 6.036323 11.825880 11.825880 1.000000
11.843421 11.843421 11.843421 11.843421 11.843421 11.843421 11.843421 11.843421 11.843421 11.843421 7.483002 44232.388441 11.843421 11.843421 56617.457193 134986.536929 643665.966613 6.044921 11.843421 45293.965762 1.000000
11.909752 11.909752 11.909752 11.909752 11.909752 11.909752 11.909752 11.909752 11.909752 11.909752 6.077437 6.077437 29436821.145901 11.909752 9552.794727 3086674.416989 14576.407879 7.524024 11.909752 11.909752 1.000000
11.841033 11.841033 11.841033 11.841033 11.841033 11.841033 11.841033 11.841033 11.841033 3111.941429 6.043751 9.292443 11.841033 11.841033 45284.703210 210873.331822 22642.351638 6.043751 11.841033 70757.348745 1.000000
11.906471 11.906471 11.906471 11.906471 11.906471 11.906471 11.906471 11.906471 11.906471 11.906471 6.075828 6.075828 11.906471 11.906471 45538.549777 169644.317615 45783653790226.359375 6.075828 525.025638 11.906471 1.000000
11.840130 11.840130 11.840130 11.840130 11.840130 11.840130 11.840130 11.840130 11.840130 11.840130 6.043308 329464.094810 11.840130 11.840130 1019.642967 168685.616547 524866584446.233093 6.043308 11.840130 1019.642967 1.000000
11.906473 11.906473 11.906473 11.906473 11.906473 11.906473 11.906473 11.906473 11.906473 11.906473 6.075829 6.075829 11.906473 11.906473 1602.246148 135715.474800 7756053824521146.000000 6.075829 11.906473 1281.797199 1.000000
11.830733 11.830733 11.830733 11.830733 11.830733 11.830733 11.830733 11.830733 11.830733 11.830733 6.038702 6.038702 11.830733 11.830733 1018.822088 134839.850731 36745130829591064.000000 6.038702 11.830733 1018.822088 1.000000
11.909752 11.909752 11.909752 11.909752 11.909752 11.909752 11.909752 11.909752 11.909752 11.909752 7.524024 6.077437 11.909752 11.909752 23549456.922107 3086674.417695 14576.407882 6.077437 11.909752 11940.993365 1.000000
11.908196 11.908196 11.908196 11.908196 11.908196 11.908196 11.908196 11.908196 14.847626 11.908196 6.076674 6.076674 11.908196 11.908196 1025.588558 135735.386429 29591338201625984.000000 6.076674 11.908196 820.471285 1.000000
11.906473 11.906473 11.906473 11.906473 11.906473 11.906473 11.906473 11.906473 11.906473 11.906473 6.075829 6.075829 11.906473 11.906473 1025.438056 135715.467685 29586995765188756.000000 6.075829 11.906473 1025.438056 1.000000
11.906473 11.906473 11.906473 11.906473 11.906473 11.906473 11.906473 11.906473 11.906473 11.906473 6.075829 6.075829 11.906473 11.906473 1025.438056 135715.467685 29586995765188756.000000 6.075829 11.906473 1025.438056 1.000000
11.909752 11.909752 11.909752 11.909752 11.909752 11.909752 11.909752 11.909752 11.909752 11.909752 7.524024 6.077437 11.909752 2022882.947421 45551.274463 169691.720764 2469339.535425 6.077437 11.909752 11.909752 1.000000
11.906473 11.906473 11.906473 11.906473 11.906473 11.906473 11.906473 11.906473 11.906473 11.906473 6.075829 6.075829 11.906473 11.906473 1025.438056 135715.467685 29586995765188964.000000 6.075829 11.906473 1025.438056 1.000000
11.906474 11.906474 11.906474 11.906474 11.906474 11.906474 11.906474 11.906474 11.906474 11.906474 6.075830 6.075830 11.906474 11.906474 29428604.203428 3857266.010152 14572.339046 6.075830 11.906474 9550.128177 1.000000
11.901650 11.901650 11.901650 11.901650 11.901650 11.901650 11.901650 11.901650 11.901650 11.901650 6.073465 6.073465 11.901650 11.901650 88905.952720 169574.647353 23659873510622332.000000 6.073465 11.901650 11.901650 1.000000
11.901650 11.901650 11.901650 11.901650 11.901650 11.901650 11.901650 11.901650 11.901650 11.901650 6.073465 6.073465 11.901650 11.901650 88905.952720 169574.647353 23659873510622504.000000 6.073465 11.901650 11.901650 1.000000
11.901650 11.901650 11.901650 11.901650 11.901650 11.901650 11.901650 11.901650 11.901650 11.901650 6.073465 6.073465 11.901650 11.901650 88905.952720 169574.647353 23659873510622332.000000 6.073465 11.901650 11.901650 1.000000
11.906474 11.906474 11.906474 11.906474 11.906474 11.906474 11.906474 11.906474 11.906474 3159872.317866 6.075830 6.075830 11.906474 11.906474 11.906474 169644.353316 1263948.927147 6.075830 11.906474 45538.559360 1.000000
11.901650 11.901650 11.901650 11.901650 11.901650 11.901650 11.901650 11.901650 11.901650 11.901650 6.073465 6.073465 11.901650 11.901650 88905.952720 169574.647353 23659873510622332.000000 6.073465 11.901650 11.901650 1.000000
11.901650 11.901650 11.901650 11.901650 11.901650 11.901650 11.901650 11.901650 11.901650 11.901650 6.073465 6.073465 11.901650 11.901650 88905.952720 169574.647353 23659873510622332.000000 6.073465 11.901650 11.901650 1.000000
11.901650 11.901650 11.901650 11.901650 11.901650 11.901650 11.901650 11.901650 11.901650 11.901650 6.073465 6.073465 11.901650 11.901650 88905.952720 135659.717885 29574841888261076.000000 6.073465 11.901650 11.901650 1.000000
11.901650 11.901650 11.901650 11.901650 11.901650 11.901650 11.901650 11.901650 11.901650 11.901650 6.073465 6.073465 11.901650 11.901650 88905.952720 169574.647353 23659873510622504.000000 6.073465 11.901650 11.901650 1.000000
11.906438 11.906438 11.906438 11.906438 11.906438 11.906438 11.906438 11.906438 11.906438 11.906438 6.075812 6.075812 11.906438 11.906438 45538.419915 169643.833842 666237948891565.000000 6.075812 137.638694 11.906438 1.000000
11.906474 11.906474 11.906474 11.906474 11.906474 11.906474 11.906474 11.906474 11.906474 11.906474 6.075830 6.075830 45538.559359 11.906474 45538.559359 169644.353311 6085692717.248285 6.075830 11.906474 11.906474 1.000000
11.901650 11.901650 11.901650 11.901650 11.901650 11.901650 11.901650 11.901650 11.901650 11.901650 6.073465 6.073465 11.901650 11.901650 88905.952720 169574.647353 23659873510622332.000000 6.073465 11.901650 11.901650 1.000000
11.906656 11.906656 11.906656 11.906656 11.906656 11.906656 11.906656 11.906656 11.906656 11.906656 6.075919 6.075919 14.845696 11.906656 71155.102795 135717.588014 23669966410419368.000000 7.522110 11.906656 11.906656 1.000000
11.901650 11.901650 11.901650 11.901650 11.901650 11.901650 11.901650 11.901650 11.901650 11.901650 6.073465 6.073465 11.901650 11.901650 11.901650 14708256.083971 35562.381111 6.073465 7786485937.360844 11.901650 1.000000
11.901650 11.901650 11.901650 11.901650 11.901650 11.901650 11.901650 11.901650 11.901650 11.901650 6.073465 6.073465 11.901650 11.901650 88905.952720 169574.647353 23659873510622332.000000 6.073465 11.901650 11.901650 1.000000
11.901650 11.901650 11.901650 11.901650 11.901650 11.901650 11.901650 11.901650 11.901650 11.901650 6.073465 6.073465 11.901650 11.901650 11.901650 422106247449.584412 3144936617088.212402 6.073465 11.901650 4887.656632 1.000000
11.909664 11.909664 11.909664 11.909664 11.909664 11.909664 11.909664 11.909664 11.909664 11.909664 7.523970 6.077394 11.909664 88.119669 11940.904203 169690.453617 18940825087693028.000000 6.077394 11.909664 11.909664 1.000000
11.901650 11.901650 11.901650 11.901650 11.901650 11.901650 11.901650 11.901650 11.901650 11.901650 6.073465 6.073465 11.901650 11.901650 88905.952720 169574.647353 23659873510622332.000000 6.073465 11.901650 11.901650 1.000000
11.906474 11.906474 11.906474 11.906474 11.906474 11.906474 11.906474 11.906474 29428604.221292 11.906474 6.075830 6.075830 11.906474 11.906474 11.906474 169644.353292 14572.339055 6.075830 11.906474 45538.559354 1.000000
11.908197 11.908197 11.908197 11.908197 11.908197 11.908197 11.908197 11.908197 11.908197 11.908197 6.076674 6.076674 11.908197 11.908197 29432924.293373 3857832.252981 14574.478251 6.076674 14.847628 7641.224148 1.000000
11.901650 11.901650 11.901650 11.901650 11.901650 11.901650 11.901650 11.901650 11.901650 11.901650 6.073465 6.073465 11.901650 11.901650 88905.952720 169574.647353 23659873510622332.000000 6.073465 11.901650 11.901650 1.000000
11.835581 11.835581 11.835581 11.835581 11.835581 11.835581 11.835581 11.835581 9492.455380 11.835581 6.041079 6.041079 11.835581 11.835581 815.396926 168619.878502 110029604654.335388 6.041079 11.835581 815.396926 1.000000
11.904932 11.904932 11.904932 11.904932 11.904932 11.904932 11.904932 11.904932 11.904932 11.904932 7.521043 6.075074 11.904932 11.904932 88930.816290 169622.070851 18933192212790960.000000 6.075074 11.904932 11.904932 1.000000
11.839702 11.839702 11.839702 11.839702 11.839702 11.839702 11.839702 11.839702 11.839702 11.839702 6.043098 6.043098 23408972.919695 11.839702 11869.759513 3835326.123163 3798.323281 28.062312 11.839702 11.839702 1.000000
11.901650 11.901650 11.901650 11.901650 11.901650 11.901650 11.901650 11.901650 11.901650 11.901650 6.073465 6.073465 11.901650 11.901650 88905.952720 169574.647353 23659873510622332.000000 6.073465 11.901650 11.901650 1.000000
11.901650 11.901650 11.901650 11.901650 11.901650 11.901650 11.901650 11.901650 11.901650 11.901650 6.073465 6.073465 11.901650 11.901650 88905.952720 169574.647353 23659873510622332.000000 6.073465 11.901650 11.901650 1.000000
11.905100 11.905100 11.905100 11.905100 11.905100 11.905100 11.905100 11.905100 11.905100 11.905100 6.075156 6.075156 14.843747 14.843747 56916.539124 169624.504769 23666829857961880.000000 6.075156 11.905100 11.905100 1.000000
11.901650 11.901650 11.901650 11.901650 11.901650 11.901650 11.901650 11.901650 11.901650 11.901650 6.073465 6.073465 11.901650 11.901650 88905.952720 169574.647353 23659873510622504.000000 6.073465 11.901650 11.901650 1.000000
11.901650 11.901650 11.901650 11.901650 11.901650 11.901650 11.901650 11.901650 11.901650 11.901650 6.073465 6.073465 11.901650 11.901650 88905.952720 169574.647353 23659873510622332.000000 6.073465 11.901650 11.901650 1.000000
11.901650 11.901650 11.901650 11.901650 11.901650 11.901650 11.901650 11.901650 11.901650 11.901650 6.073465 6.073465 11.901650 11.901650 88905.952720 169574.647353 23659873510622332.000000 6.073465 11.901650 11.901650 1.000000
11.901650 11.901650 11.901650 11.901650 11.901650 11.901650 11.901650 11.901650 11.901650 11.901650 6.073465 6.073465 11.901650 11.901650 88905.952720 169574.647353 23659873510622332.000000 6.073465 11.901650 11.901650 1.000000
11.901650 11.901650 11.901650 11.901650 11.901650 11.901650 11.901650 11.901650 11.901650 11.901650 6.073465 6.073465 11.901650 11.901650 88905.952720 169574.647353 23659873510622332.000000 6.073465 11.901650 11.901650 1.000000
11.903376 11.903376 11.903376 11.903376 11.903376 11.903376 11.903376 11.903376 11.903376 14.841585 6.074311 6.074311 11.903376 11.903376 71135.220314 169599.581486 23663352441290716.000000 6.074311 11.903376 11.903376 1.000000
11.901650 11.901650 11.901650 11.901650 11.901650 11.901650 11.901650 11.901650 11.901650 11.901650 6.073465 6.073465 11.901650 11.901650 88905.952720 169574.647353 23659873510622332.000000 6.073465 11.901650 11.901650 1.000000
11.835581 11.835581 11.835581 11.835581 11.835581 11.835581 11.835581 11.835581 36210.843229 11.835581 6.041079 6.041079 11.835581 11.835581 815.396926 168619.878603 7561176861.845168 6.041079 11.835581 815.396926 1.000000
11.906474 11.906474 11.906474 11.906474 11.906474 11.906474 11.906474 11.906474 11.906474 11.906474 6.075830 6.075830 11.906474 11.906474 11937.660177 3085812.808980 18215.423782 6.075830 23542883.369290 11.906474 1.000000
11.901650 11.901650 11.901650 11.901650 11.901650 11.901650 11.901650 11.901650 11.901650 11.901650 6.073465 6.073465 11.901650 11.901650 88905.952720 169574.647353 23659873510622332.000000 6.073465 11.901650 11.901650 1.000000
11.901650 11.901650 11.901650 11.901650 11.901650 11.901650 11.901650 11.901650 11.901650 11.901650 6.073465 6.073465 11.901650 11.901650 88905.952720 169574.647353 23659873510622332.000000 6.073465 11.901650 11.901650 1.000000
11.901650 11.901650 11.901650 11.901650 11.901650 11.901650 11.901650 11.901650 11.901650 11.901650 6.073465 6.073465 11.901650 11.901650 88905.952720 169574.647353 23659873510622332.000000 6.073465 11.901650 11.901650 1.000000
11.906474 11.906474 11.906474 11.906474 11.906474 11.906474 11.906474 11.906474 11.906474 11.906474 6.075830 6.075830 11.906474 11.906474 4889.665758 135715.482000 57229579005188.500000 6.075830 11.906474 4889.665758 1.000000
11.837269 11.837269 11.837269 11.837269 11.837269 11.837269 11.837269 11.837269 11.837269 11.837269 7.479198 6.041906 11.837269 109.465522 9493.828310 168644.266634 18824049840579752.000000 7.479198 11.837269 11.837269 1.000000
11.904932 11.904932 11.904932 11.904932 11.904932 11.904932 11.904932 11.904932 11.904932 11.904932 7.521043 6.075074 11.904932 11.904932 88930.816290 169622.070851 18933192212790960.000000 6.075074 11.904932 11.904932 1.000000
11.836191 11.836191 11.836191 11.836191 11.836191 11.836191 11.836191 11.836191 36212.734476 11.836191 6.041377 9.288677 11.836191 11.836191 11.836191 134902.948327 6049257418.035439 6.041377 11.836191 56582.397593 1.000000
11.901650 11.901650 11.901650 11.901650 11.901650 11.901650 11.901650 11.901650 11.901650 11.901650 6.073465 6.073465 11.901650 11.901650 88905.952720 169574.647353 23659873510622332.000000 6.073465 11.901650 11.901650 1.000000
11.901650 11.901650 11.901650 11.901650 11.901650 11.901650 11.901650 11.901650 11.901650 11.901650 6.073465 6.073465 11.901650 11.901650 88905.952720 169574.647353 23659873510622332.000000 6.073465 11.901650 11.901650 1.000000
11.901650 11.901650 11.901650 11.901650 11.901650 11.901650 11.901650 11.901650 11.901650 11.901650 6.073465 6.073465 11.901650 11.901650 88905.952720 169574.647353 23659873510622332.000000 6.073465 11.901650 11.901650 1.000000
11.901650 11.901650 11.901650 11.901650 11.901650 11.901650 11.901650 11.901650 11.901650 11.901650 6.073465 6.073465 11.901650 11.901650 88905.952720 169574.647353 23659873510622332.000000 6.073465 11.901650 11.901650 1.000000
11.901650 11.901650 11.901650 11.901650 11.901650 11.901650 11.901650 11.901650 11.901650 11.901650 6.073465 6.073465 11.901650 11.901650 88905.952720 169574.647353 23659873510622332.000000 6.073465 11.901650 11.901650 1.000000
11.838500 11.838500 11.838500 11.838500 11.838500 11.838500 11.838500 11.838500 11.838500 11.838500 6.042509 14.417540 11.838500 11.838500 1019.500523 168662.051104 18826034940683904.000000 6.042509 11.838500 815.600860 1.000000
11.901650 11.901650 11.901650 11.901650 11.901650 11.901650 11.901650 11.901650 11.901650 11.901650 6.073465 6.073465 11.901650 11.901650 88905.952720 169574.647353 23659873510622332.000000 6.073465 11.901650 11.901650 1.000000
11.901650 11.901650 11.901650 11.901650 11.901650 11.901650 11.901650 11.901650 11.901650 11.901650 6.073465 6.073465 11.901650 11.901650 88905.952720 169574.647353 23659873510622332.000000 6.073465 11.901650 11.901650 1.000000
11.904932 11.904932 11.904932 11.904932 11.904932 11.904932 11.904932 11.904932 11.904932 11.904932 7.521043 6.075074 11.904932 11.904932 88930.816290 135697.656683 23666490265975056.000000 6.075074 11.904932 11.904932 1.000000
11.901650 11.901650 11.901650 11.901650 11.901650 11.901650 11.901650 11.901650 11.901650 11.901650 6.073465 6.073465 11.901650 11.901650 88905.952720 169574.647353 23659873510622332.000000 6.073465 11.901650 11.901650 1.000000
11.901650 11.901650 11.901650 11.901650 11.901650 11.901650 11.901650 11.901650 11.901650 11.901650 6.073465 6.073465 11.901650 11.901650 88905.952720 169574.647353 23659873510622332.000000 6.073465 11.901650 11.901650 1.000000
11.901650 11.901650 11.901650 11.901650 11.901650 11.901650 11.901650 11.901650 11.901650 11.901650 6.073465 6.073465 11.901650 11.901650 88905.952720 169574.647353 23659873510622332.000000 6.073465 11.901650 11.901650 1.000000
11.901650 11.901650 11.901650 11.901650 11.901650 11.901650 11.901650 11.901650 11.901650 11.901650 6.073465 6.073465 11.901650 11.901650 88905.952720 169574.647353 23659873510622332.000000 6.073465 11.901650 11.901650 1.000000
11.906474 11.906474 11.906474 11.906474 11.906474 11.906474 11.906474 11.906474 11.906474 2002.807491 6.075829 6.075829 11.906474 11.906474 56923.198368 169644.350864 2013586782822.144531 6.075829 11.906474 11.906474 1.000000
11.901650 11.901650 11.901650 11.901650 11.901650 11.901650 11.901650 11.901650 11.901650 11.901650 6.073465 6.073465 11.901650 11.901650 88905.952720 169574.647353 23659873510622332.000000 6.073465 11.901650 11.901650 1.000000
11.901650 11.901650 11.901650 11.901650 11.901650 11.901650 11.901650 11.901650 11.901650 11.901650 6.073465 6.073465 11.901650 11.901650 88905.952720 169574.647353 23659873510622504.000000 6.073465 11.901650 11.901650 1.000000
11.901650 11.901650 11.901650 11.901650 11.901650 11.901650 11.901650 11.901650 11.901650 11.901650 6.073465 6.073465 11.901650 11.901650 88905.952720 169574.647353 23659873510622332.000000 6.073465 11.901650 11.901650 1.000000
11.904932 11.904932 11.904932 11.904932 11.904932 11.904932 11.904932 11.904932 11.904932 11.904932 7.521043 6.075074 11.904932 11.904932 88930.816290 169622.070851 18933192212790824.000000 6.075074 11.904932 11.904932 1.000000
11.904932 11.904932 11.904932 11.904932 11.904932 11.904932 11.904932 11.904932 11.904932 11.904932 7.521043 6.075074 11.904932 11.904932 88930.816290 169622.070851 18933192212790960.000000 6.075074 11.904932 11.904932 1.000000
11.901650 11.901650 11.901650 11.901650 11.901650 11.901650 11.901650 11.901650 11.901650 11.901650 6.073465 6.073465 11.901650 11.901650 88905.952720 169574.647353 23659873510622332.000000 6.073465 11.901650 11.901650 1.000000
11.906474 11.906474 11.906474 11.906474 11.906474 11.906474 11.906474 11.906474 11.906474 11.906474 6.075830 6.075830 18652.593956 11.906474 56923.199182 135715.482634 29018844206.150455 6.075830 11.906474 11.906474 1.000000
11.901650 11.901650 11.901650 11.901650 11.901650 11.901650 11.901650 11.901650 11.901650 11.901650 6.073465 6.073465 11.901650 11.901650 88905.952720 169574.647353 23659873510622332.000000 6.073465 11.901650 11.901650 1.000000
11.901650 11.901650 11.901650 11.901650 11.901650 11.901650 11.901650 11.901650 11.901650 11.901650 6.073465 6.073465 11.901650 11.901650 88905.952720 169574.647353 23659873510622332.000000 6.073465 11.901650 11.901650 1.000000
11.901650 11.901650 11.901650 11.901650 11.901650 11.901650 11.901650 11.901650 11.901650 11.901650 6.073465 6.073465 11.901650 11.901650 88905.952720 169574.647353 23659873510622332.000000 6.073465 11.901650 11.901650 1.000000
11.901650 11.901650 11.901650 11.901650 11.901650 11.901650 11.901650 11.901650 11.901650 11.901650 6.073465 6.073465 11.901650 11.901650 88905.952720 169574.647353 23659873510622332.000000 6.073465 11.901650 11.901650 1.000000
11.901650 11.901650 11.901650 11.901650 11.901650 11.901650 11.901650 11.901650 11.901650 11.901650 6.073465 6.073465 11.901650 11.901650 88905.952720 169574.647353 23659873510622332.000000 6.073465 11.901650 11.901650 1.000000
11.901650 11.901650 11.901650 11.901650 11.901650 11.901650 11.901650 11.901650 11.901650 11.901650 6.073465 6.073465 11.901650 11.901650 88905.952720 169574.647353 23659873510622332.000000 6.073465 11.901650 11.901650 1.000000
11.904932 11.904932 11.904932 11.904932 11.904932 11.904932 11.904932 11.904932 11.904932 11.904932 7.521043 6.075074 11.904932 11.904932 88930.816290 169622.070851 18933192212790824.000000 6.075074 11.904932 11.904932 1.000000
11.901650 11.901650 11.901650 11.901650 11.901650 11.901650 11.901650 11.901650 11.901650 11.901650 6.073465 6.073465 11.901650 11.901650 88905.952720 169574.647353 23659873510622332.000000 6.073465 11.901650 11.901650 1.000000
11.906474 11.906474 11.906474 11.906474 11.906474 11.906474 11.906474 11.906474 1035426.961119 11.906474 6.075830 6.075830 11.906474 11.906474 45538.559360 169644.353316 11771441.690124 6.075830 11.906474 11.906474 1.000000
11.901650 11.901650 11.901650 11.901650 11.901650 11.901650 11.901650 11.901650 11.901650 11.901650 6.073465 6.073465 11.901650 11.901650 88905.952720 169574.647353 23659873510622332.000000 6.073465 11.901650 11.901650 1.000000
11.901650 11.901650 11.901650 11.901650 11.901650 11.901650 11.901650 11.901650 11.901650 11.901650 6.073465 6.073465 11.901650 11.901650 88905.952720 169574.647353 23659873510622332.000000 6.073465 11.901650 11.901650 1.000000
11.901650 11.901650 11.901650 11.901650 11.901650 11.901650 11.901650 11.901650 11.901650 11.901650 6.073465 6.073465 11.901650 11.901650 88905.952720 169574.647353 23659873510622332.000000 6.073465 11.901650 11.901650 1.000000
11.901650 11.901650 11.901650 11.901650 11.901650 11.901650 11.901650 11.901650 11.901650 11.901650 6.073465 6.073465 11.901650 11.901650 88905.952720 169574.647353 23659873510622332.000000 6.073465 11.901650 11.901650 1.000000
11.901650 11.901650 11.901650 11.901650 11.901650 11.901650 11.901650 11.901650 11.901650 11.901650 6.073465 6.073465 11.901650 11.901650 88905.952720 169574.647353 23659873510622332.000000 6.073465 11.901650 11.901650 1.000000
11.901650 11.901650 11.901650 11.901650 11.901650 11.901650 11.901650 11.901650 11.901650 11.901650 6.073465 6.073465 11.901650 11.901650 88905.952720 169574.647353 23659873510622332.000000 6.073465 11.901650 11.901650 1.000000
11.901650 11.901650 11.901650 11.901650 11.901650 11.901650 11.901650 11.901650 11.901650 11.901650 6.073465 6.073465 11.901650 11.901650 88905.952720 169574.647353 23659873510622332.000000 6.073465 11.901650 11.901650 1.000000
11.901650 11.901650 11.901650 11.901650 11.901650 11.901650 11.901650 11.901650 11.901650 11.901650 6.073465 6.073465 11.901650 11.901650 88905.952720 169574.647353 23659873510622332.000000 6.073465 11.901650 11.901650 1.000000
11.901650 11.901650 11.901650 11.901650 11.901650 11.901650 11.901650 11.901650 11.901650 11.901650 6.073465 6.073465 11.901650 11.901650 88905.952720 169574.647353 23659873510622332.000000 6.073465 11.901650 11.901650 1.000000
11.901650 11.901650 11.901650 11.901650 11.901650 11.901650 11.901650 11.901650 11.901650 11.901650 6.073465 6.073465 11.901650 11.901650 88905.952720 169574.647353 23659873510622332.000000 6.073465 11.901650 11.901650 1.000000
11.901650 11.901650 11.901650 11.901650 11.901650 11.901650 11.901650 11.901650 11.901650 11.901650 6.073465 6.073465 11.901650 11.901650 88905.952720 169574.647353 23659873510622332.000000 6.073465 11.901650 11.901650 1.000000
11.901650 11.901650 11.901650 11.901650 11.901650 11.901650 11.901650 11.901650 11.901650 11.901650 6.073465 6.073465 11.901650 11.901650 88905.952720 169574.647353 23659873510622332.000000 6.073465 11.901650 11.901650 1.000000
11.901650 11.901650 11.901650 11.901650 11.901650 11.901650 11.901650 11.901650 11.901650 11.901650 6.073465 6.073465 11.901650 11.901650 88905.952720 169574.647353 23659873510622332.000000 6.073465 11.901650 11.901650 1.000000
11.901650 11.901650 11.901650 11.901650 11.901650 11.901650 11.901650 11.901650 11.901650 11.901650 6.073465 6.073465 11.901650 11.901650 88905.952720 169574.647353 23659873510622332.000000 6.073465 11.901650 11.901650 1.000000
11.901650 11.901650 11.901650 11.901650 11.901650 11.901650 11.901650 11.901650 11.901650 11.901650 6.073465 6.073465 11.901650 11.901650 88905.952720 169574.647353 23659873510622332.000000 6.073465 11.901650 11.901650 1.000000
11.901650 11.901650 11.901650 11.901650 11.901650 11.901650 11.901650 11.901650 11.901650 11.901650 6.073465 6.073465 11.901650 11.901650 88905.952720 169574.647353 23659873510622332.000000 6.073465 11.901650 11.901650 1.000000
11.901650 11.901650 11.901650 11.901650 11.901650 11.901650 11.901650 11.901650 11.901650 11.901650 6.073465 6.073465 11.901650 11.901650 88905.952720 169574.647353 23659873510622332.000000 6.073465 11.901650 11.901650 1.000000
11.901650 11.901650 11.901650 11.901650 11.901650 11.901650 11.901650 11.901650 11.901650 11.901650 6.073465 6.073465 11.901650 11.901650 88905.952720 169574.647353 23659873510622332.000000 6.073465 11.901650 11.901650 1.000000
11.901650 11.901650 11.901650 11.901650 11.901650 11.901650 11.901650 11.901650 11.901650 11.901650 6.073465 6.073465 11.901650 11.901650 88905.952720 169574.647353 23659873510622332.000000 6.073465 11.901650 11.901650 1.000000
11.901650 11.901650 11.901650 11.901650 11.901650 11.901650 11.901650 11.901650 11.901650 11.901650 6.073465 6.073465 11.901650 11.901650 88905.952720 169574.647353 23659873510622332.000000 6.073465 11.901650 11.901650 1.000000
11.901650 11.901650 11.901650 11.901650 11.901650 11.901650 11.901650 11.901650 11.901650 11.901650 6.073465 6.073465 11.901650 11.901650 88905.952720 169574.647353 23659873510622332.000000 6.073465 11.901650 11.901650 1.000000
11.901650 11.901650 11.901650 11.901650 11.901650 11.901650 11.901650 11.901650 11.901650 11.901650 6.073465 6.073465 11.901650 11.901650 88905.952720 169574.647353 23659873510622332.000000 6.073465 11.901650 11.901650 1.000000
11.901650 11.901650 11.901650 11.901650 11.901650 11.901650 11.901650 11.901650 11.901650 11.901650 6.073465 6.073465 11.901650 11.901650 88905.952720 169574.647353 23659873510622332.000000 6.073465 11.901650 11.901650 1.000000
11.901650 11.901650 11.901650 11.901650 11.901650 11.901650 11.901650 11.901650 11.901650 11.901650 6.073465 6.073465 11.901650 11.901650 88905.952720 169574.647353 23659873510622332.000000 6.073465 11.901650 11.901650 1.000000
11.901650 11.901650 11.901650 11.901650 11.901650 11.901650 11.901650 11.901650 11.901650 11.901650 6.073465 6.073465 11.901650 11.901650 88905.952720 169574.647353 23659873510622332.000000 6.073465 11.901650 11.901650 1.000000
11.901650 11.901650 11.901650 11.901650 11.901650 11.901650 11.901650 11.901650 11.901650 11.901650 6.073465 6.073465 11.901650 11.901650 88905.952720 169574.647353 23659873510622332.000000 6.073465 11.901650 11.901650 1.000000
11.901650 11.901650 11.901650 11.901650 11.901650 11.901650 11.901650 11.901650 11.901650 11.901650 6.073465 6.073465 11.901650 11.901650 88905.952720 169574.647353 23659873510622332.000000 6.073465 11.901650 11.901650 1.000000
11.901650 11.901650 11.901650 11.901650 11.901650 11.901650 11.901650 11.901650 11.901650 11.901650 6.073465 6.073465 11.901650 11.901650 88905.952720 169574.647353 23659873510622332.000000 6.073465 11.901650 11.901650 1.000000
11.901650 11.901650 11.901650 11.901650 11.901650 11.901650 11.901650 11.901650 11.901650 11.901650 6.073465 6.073465 11.901650 11.901650 88905.952720 169574.647353 23659873510622332.000000 6.073465 11.901650 11.901650 1.000000
11.901650 11.901650 11.901650 11.901650 11.901650 11.901650 11.901650 11.901650 11.901650 11.901650 6.073465 6.073465 11.901650 11.901650 88905.952720 169574.647353 23659873510622332.000000 6.073465 11.901650 11.901650 1.000000
11.901650 11.901650 11.901650 11.901650 11.901650 11.901650 11.901650 11.901650 11.901650 11.901650 6.073465 6.073465 11.901650 11.901650 88905.952720 169574.647353 23659873510622332.000000 6.073465 11.901650 11.901650 1.000000
11.901650 11.901650 11.901650 11.901650 11.901650 11.901650 11.901650 11.901650 11.901650 11.901650 6.073465 6.073465 11.901650 11.901650 88905.952720 169574.647353 23659873510622332.000000 6.073465 11.901650 11.901650 1.000000
11.901650 11.901650 11.901650 11.901650 11.901650 11.901650 11.901650 11.901650 11.901650 11.901650 6.073465 6.073465 11.901650 11.901650 88905.952720 169574.647353 23659873510622332.000000 6.073465 11.901650 11.901650 1.000000
11.906473 11.906473 11.906473 11.906473 11.906473 11.906473 11.906473 11.906473 11.906473 11.906473 6.075829 6.075829 11.906473 11.906473 1281.797157 135715.470380 18935677665782112.000000 6.075829 11.906473 1025.438077 1.000000
11.906473 11.906473 11.906473 11.906473 11.906473 11.906473 11.906473 11.906473 11.906473 11.906473 6.075829 6.075829 11.906473 11.906473 1281.797157 135715.470380 18935677665782112.000000 6.075829 11.906473 1025.438077 1.000000
11.906473 11.906473 11.906473 11.906473 11.906473 11.906473 11.906473 11.906473 11.906473 11.906473 6.075829 6.075829 11.906473 11.906473 1281.797157 135715.470380 18935677665782112.000000 6.075829 11.906473 1025.438077 1.000000
11.906473 11.906473 11.906473 11.906473 11.906473 11.906473 11.906473 11.906473 11.906473 11.906473 6.075829 6.075829 11.906473 11.906473 1281.797157 135715.470380 18935677665782112.000000 6.075829 11.906473 1025.438077 1.000000
11.906473 11.906473 11.906473 11.906473 11.906473 11.906473 11.906473 11.906473 11.906473 11.906473 6.075829 6.075829 11.906473 11.906473 1281.797157 135715.470380 18935677665782112.000000 6.075829 11.906473 1025.438077 1.000000
11.906473 11.906473 11.906473 11.906473 11.906473 11.906473 11.906473 11.906473 11.906473 11.906473 6.075829 6.075829 11.906473 11.906473 1281.797157 135715.470380 18935677665782112.000000 6.075829 11.906473 1025.438077 1.000000
11.906473 11.906473 11.906473 11.906473 11.906473 11.906473 11.906473 11.906473 11.906473 11.906473 6.075829 6.075829 11.906473 11.906473 1281.797157 135715.470380 18935677665782112.000000 6.075829 11.906473 1025.438077 1.000000
11.906473 11.906473 11.906473 11.906473 11.906473 11.906473 11.906473 11.906473 11.906473 11.906473 6.075829 6.075829 11.906473 11.906473 1281.797157 135715.470380 18935677665782112.000000 6.075829 11.906473 1025.438077 1.000000
11.906473 11.906473 11.906473 11.906473 11.906473 11.906473 11.906473 11.906473 11.906473 11.906473 6.075829 6.075829 11.906473 11.906473 1281.797157 135715.470380 18935677665782112.000000 6.075829 11.906473 1025.438077 1.000000
11.906473 11.906473 11.906473 11.906473 11.906473 11.906473 11.906473 11.906473 11.906473 11.906473 6.075829 6.075829 11.906473 11.906473 1281.797157 135715.470380 18935677665782112.000000 6.075829 11.906473 1025.438077 1.000000
11.906473 11.906473 11.906473 11.906473 11.906473 11.906473 11.906473 11.906473 11.906473 11.906473 6.075829 6.075829 11.906473 11.906473 1281.797157 135715.470380 18935677665782112.000000 6.075829 11.906473 1025.438077 1.000000
11.906473 11.906473 11.906473 11.906473 11.906473 11.906473 11.906473 11.906473 11.906473 11.906473 6.075829 6.075829 11.906473 11.906473 1281.797157 135715.470380 18935677665782112.000000 6.075829 11.906473 1025.438077 1.000000
11.906473 11.906473 11.906473 11.906473 11.906473 11.906473 11.906473 11.906473 11.906473 11.906473 6.075829 6.075829 11.906473 11.906473 1602.246066 135715.467894 18935677318866748.000000 6.075829 11.906473 820.350885 1.000000
11.906473 11.906473 11.906473 11.906473 11.906473 11.906473 11.906473 11.906473 11.906473 11.906473 6.075829 6.075829 11.906473 11.906473 1602.246066 135715.467894 18935677318866748.000000 6.075829 11.906473 820.350885 1.000000
11.906473 11.906473 11.906473 11.906473 11.906473 11.906473 11.906473 11.906473 11.906473 11.906473 6.075829 6.075829 11.906473 11.906473 1602.246066 135715.467894 18935677318866748.000000 6.075829 11.906473 820.350885 1.000000
11.906473 11.906473 11.906473 11.906473 11.906473 11.906473 11.906473 11.906473 11.906473 11.906473 6.075829 6.075829 11.906473 11.906473 1602.246066 135715.467894 18935677318866748.000000 6.075829 11.906473 820.350885 1.000000
11.906473 11.906473 11.906473 11.906473 11.906473 11.906473 11.906473 11.906473 11.906473 11.906473 6.075829 6.075829 11.906473 11.906473 1602.246066 135715.467894 18935677318866748.000000 6.075829 11.906473 820.350885 1.000000
11.906473 11.906473 11.906473 11.906473 11.906473 11.906473 11.906473 11.906473 11.906473 11.906473 6.075829 6.075829 11.906473 11.906473 1602.246066 135715.467894 18935677318866748.000000 6.075829 11.906473 820.350885 1.000000
11.906473 11.906473 11.906473 11.906473 11.906473 11.906473 11.906473 11.906473 11.906473 11.906473 6.075829 6.075829 11.906473 11.906473 1602.246066 135715.467894 18935677318866748.000000 6.075829 11.906473 820.350885 1.000000
11.906473 11.906473 11.906473 11.906473 11.906473 11.906473 11.906473 11.906473 11.906473 11.906473 6.075829 6.075829 11.906473 11.906473 1602.246066 135715.467894 18935677318866748.000000 6.075829 11.906473 820.350885 1.000000
11.906473 11.906473 11.906473 11.906473 11.906473 11.906473 11.906473 11.906473 11.906473 11.906473 6.075829 6.075829 11.906473 11.906473 1602.246066 135715.467894 18935677318866748.000000 6.075829 11.906473 820.350885 1.000000
11.906473 11.906473 11.906473 11.906473 11.906473 11.906473 11.906473 11.906473 11.906473 11.906473 6.075829 6.075829 11.906473 11.906473 1602.246066 135715.467894 18935677318866748.000000 6.075829 11.906473 820.350885 1.000000
11.906473 11.906473 11.906473 11.906473 11.906473 11.906473 11.906473 11.906473 11.906473 11.906473 6.075829 6.075829 11.906473 11.906473 1602.246066 135715.467894 18935677318866748.000000 6.075829 11.906473 820.350885 1.000000
11.906473 11.906473 11.906473 11.906473 11.906473 11.906473 11.906473 11.906473 11.906473 11.906473 6.075829 6.075829 11.906473 11.906473 1602.246066 135715.467894 18935677318866748.000000 6.075829 11.906473 820.350885 1.000000
11.906473 11.906473 11.906473 11.906473 11.906473 11.906473 11.906473 11.906473 11.906473 11.906473 6.075829 6.075829 11.906473 11.906473 1602.246066 135715.467894 18935677318866748.000000 6.075829 11.906473 820.350885 1.000000
11.908196 11.908196 11.908196 11.908196 11.908196 11.908196 11.908196 11.908196 11.908196 11.908196 6.076674 6.076674 11.908196 11.908196 1281.985284 135735.389123 18938456824936580.000000 6.076674 14.847626 820.471301 1.000000
11.906473 11.906473 11.906473 11.906473 11.906473 11.906473 11.906473 11.906473 11.906473 11.906473 6.075829 6.075829 11.906473 11.906473 1602.246066 135715.467894 18935677318866748.000000 6.075829 11.906473 820.350885 1.000000
11.906473 11.906473 11.906473 11.906473 11.906473 11.906473 11.906473 11.906473 11.906473 11.906473 6.075829 6.075829 11.906473 11.906473 1602.246066 135715.467894 18935677318866748.000000 6.075829 11.906473 820.350885 1.000000
11.906473 11.906473 11.906473 11.906473 11.906473 11.906473 11.906473 11.906473 11.906473 11.906473 6.075829 6.075829 11.906473 11.906473 1602.246066 135715.467894 18935677318866748.000000 6.075829 11.906473 820.350885 1.000000
11.906473 11.906473 11.906473 11.906473 11.906473 11.906473 11.906473 11.906473 11.906473 11.906473 6.075829 6.075829 11.906473 11.906473 1602.246066 135715.467894 18935677318866748.000000 6.075829 11.906473 820.350885 1.000000
11.906473 11.906473 11.906473 11.906473 11.906473 11.906473 11.906473 11.906473 11.906473 11.906473 6.075829 6.075829 11.906473 11.906473 1602.246066 135715.467894 18935677318866748.000000 6.075829 11.906473 820.350885 1.000000
11.906473 11.906473 11.906473 11.906473 11.906473 11.906473 11.906473 11.906473 11.906473 11.906473 6.075829 6.075829 11.906473 11.906473 1602.246066 135715.467894 18935677318866748.000000 6.075829 11.906473 820.350885 1.000000
11.906473 11.906473 11.906473 11.906473 11.906473 11.906473 11.906473 11.906473 11.906473 11.906473 6.075829 6.075829 11.906473 11.906473 1602.246066 135715.467894 18935677318866748.000000 6.075829 11.906473 820.350885 1.000000
11.906473 11.906473 11.906473 11.906473 11.906473 11.906473 11.906473 11.906473 11.906473 11.906473 6.075829 6.075829 11.906473 11.906473 1602.246066 135715.467894 18935677318866748.000000 6.075829 11.906473 820.350885 1.000000
11.906473 11.906473 11.906473 11.906473 11.906473 11.906473 11.906473 11.906473 11.906473 11.906473 6.075829 6.075829 11.906473 11.906473 1602.246066 135715.467894 18935677318866748.000000 6.075829 11.906473 820.350885 1.000000
11.906473 11.906473 11.906473 11.906473 11.906473 11.906473 11.906473 11.906473 11.906473 11.906473 6.075829 6.075829 11.906473 11.906473 1602.246066 135715.467894 18935677318866748.000000 6.075829 11.906473 820.350885 1.000000
11.906473 11.906473 11.906473 11.906473 11.906473 11.906473 11.906473 11.906473 11.906473 11.906473 6.075829 6.075829 11.906473 11.906473 1602.246066 135715.467894 18935677318866748.000000 6.075829 11.906473 820.350885 1.000000
11.906473 11.906473 11.906473 11.906473 11.906473 11.906473 11.906473 11.906473 11.906473 11.906473 6.075829 6.075829 11.906473 11.906473 1602.246066 135715.467894 18935677318866748.000000 6.075829 11.906473 820.350885 1.000000
11.898548 11.898548 11.898548 11.898548 11.898548 11.898548 11.898548 11.898548 11.898548 11.898548 6.071944 6.071944 11.898548 11.898548 14.835536 665790186516805.875000 218166128317825.906250 6.071944 11.898548 11.898548 1.000000
11.906473 11.906473 11.906473 11.906473 11.906473 11.906473 11.906473 11.906473 11.906473 11.906473 6.075829 6.075829 11.906473 11.906473 1602.246066 135715.467894 18935677318866748.000000 6.075829 11.906473 820.350885 1.000000
11.906473 11.906473 11.906473 11.906473 11.906473 11.906473 11.906473 11.906473 11.906473 11.906473 6.075829 6.075829 11.906473 11.906473 1602.246066 135715.467894 18935677318866748.000000 6.075829 11.906473 820.350885 1.000000
11.906473 11.906473 11.906473 11.906473 11.906473 11.906473 11.906473 11.906473 11.906473 11.906473 6.075829 6.075829 11.906473 11.906473 1602.246066 135715.467894 18935677318866748.000000 6.075829 11.906473 820.350885 1.000000
11.906473 11.906473 11.906473 11.906473 11.906473 11.906473 11.906473 11.906473 11.906473 11.906473 6.075829 6.075829 11.906473 11.906473 1602.246066 135715.467894 18935677318866748.000000 6.075829 11.906473 820.350885 1.000000
11.906473 11.906473 11.906473 11.906473 11.906473 11.906473 11.906473 11.906473 11.906473 11.906473 6.075829 6.075829 11.906473 11.906473 1602.246066 135715.467894 18935677318866748.000000 6.075829 11.906473 820.350885 1.000000
11.906473 11.906473 11.906473 11.906473 11.906473 11.906473 11.906473 11.906473 11.906473 11.906473 6.075829 6.075829 11.906473 11.906473 1602.246066 135715.467894 18935677318866748.000000 6.075829 11.906473 820.350885 1.000000
11.906473 11.906473 11.906473 11.906473 11.906473 11.906473 11.906473 11.906473 11.906473 11.906473 6.075829 6.075829 11.906473 11.906473 1602.246066 135715.467894 18935677318866748.000000 6.075829 11.906473 820.350885 1.000000
11.906473 11.906473 11.906473 11.906473 11.906473 11.906473 11.906473 11.906473 11.906473 11.906473 6.075829 6.075829 11.906473 11.906473 1602.246066 135715.467894 18935677318866748.000000 6.075829 11.906473 820.350885 1.000000
11.906473 11.906473 11.906473 11.906473 11.906473 11.906473 11.906473 11.906473 11.906473 11.906473 6.075829 6.075829 11.906473 11.906473 1602.246066 135715.467894 18935677318866748.000000 6.075829 11.906473 820.350885 1.000000
11.906473 11.906473 11.906473 11.906473 11.906473 11.906473 11.906473 11.906473 11.906473 11.906473 6.075829 6.075829 11.906473 11.906473 1602.246066 135715.467894 18935677318866748.000000 6.075829 11.906473 820.350885 1.000000
11.906473 11.906473 11.906473 11.906473 11.906473 11.906473 11.906473 11.906473 11.906473 11.906473 6.075829 6.075829 11.906473 11.906473 1602.246066 135715.467894 18935677318866748.000000 6.075829 11.906473 820.350885 1.000000
11.906473 11.906473 11.906473 11.906473 11.906473 11.906473 11.906473 11.906473 11.906473 11.906473 6.075829 6.075829 11.906473 11.906473 1602.246066 135715.467894 18935677318866748.000000 6.075829 11.906473 820.350885 1.000000
11.906473 11.906473 11.906473 11.906473 11.906473 11.906473 11.906473 11.906473 11.906473 11.906473 6.075829 6.075829 11.906473 11.906473 1602.246066 135715.467894 18935677318866748.000000 6.075829 11.906473 820.350885 1.000000
11.906473 11.906473 11.906473 11.906473 11.906473 11.906473 11.906473 11.906473 11.906473 11.906473 6.075829 6.075829 11.906473 11.906473 1602.246066 135715.467894 18935677318866748.000000 6.075829 11.906473 820.350885 1.000000
11.906473 11.906473 11.906473 11.906473 11.906473 11.906473 11.906473 11.906473 11.906473 11.906473 6.075829 6.075829 11.906473 11.906473 1602.246066 135715.467894 18935677318866748.000000 6.075829 11.906473 820.350885 1.000000
11.906473 11.906473 11.906473 11.906473 11.906473 11.906473 11.906473 11.906473 11.906473 11.906473 6.075829 6.075829 11.906473 11.906473 1602.246066 135715.467894 18935677318866748.000000 6.075829 11.906473 820.350885 1.000000
11.906473 11.906473 11.906473 11.906473 11.906473 11.906473 11.906473 11.906473 11.906473 11.906473 6.075829 6.075829 11.906473 11.906473 1602.246066 135715.467894 18935677318866748.000000 6.075829 11.906473 820.350885 1.000000
11.906473 11.906473 11.906473 11.906473 11.906473 11.906473 11.906473 11.906473 11.906473 11.906473 6.075829 6.075829 11.906473 11.906473 1602.246066 135715.467894 18935677318866748.000000 6.075829 11.906473 820.350885 1.000000
11.906473 11.906473 11.906473 11.906473 11.906473 11.906473 11.906473 11.906473 11.906473 11.906473 6.075829 6.075829 11.906473 11.906473 1602.246066 135715.467894 18935677318866748.000000 6.075829 11.906473 820.350885 1.000000
11.906473 11.906473 11.906473 11.906473 11.906473 11.906473 11.906473 11.906473 11.906473 11.906473 6.075829 6.075829 11.906473 11.906473 1602.246066 135715.467894 18935677318866748.000000 6.075829 11.906473 820.350885 1.000000
11.906473 11.906473 11.906473 11.906473 11.906473 11.906473 11.906473 11.906473 11.906473 11.906473 6.075829 6.075829 11.906473 11.906473 1602.246066 135715.467894 18935677318866748.000000 6.075829 11.906473 820.350885 1.000000
11.906473 11.906473 11.906473 11.906473 11.906473 11.906473 11.906473 11.906473 11.906473 11.906473 6.075829 6.075829 11.906473 11.906473 1602.246066 135715.467894 18935677318866748.000000 6.075829 11.906473 820.350885 1.000000
11.906473 11.906473 11.906473 11.906473 11.906473 11.906473 11.906473 11.906473 11.906473 11.906473 6.075829 6.075829 11.906473 11.906473 1602.246066 135715.467894 18935677318866748.000000 6.075829 11.906473 820.350885 1.000000
11.906473 11.906473 11.906473 11.906473 11.906473 11.906473 11.906473 11.906473 11.906473 11.906473 6.075829 6.075829 11.906473 11.906473 1602.246066 135715.467894 18935677318866748.000000 6.075829 11.906473 820.350885 1.000000
11.906473 11.906473 11.906473 11.906473 11.906473 11.906473 11.906473 11.906473 11.906473 11.906473 6.075829 6.075829 11.906473 11.906473 1602.246066 135715.467894 18935677318866748.000000 6.075829 11.906473 820.350885 1.000000
11.906473 11.906473 11.906473 11.906473 11.906473 11.906473 11.906473 11.906473 11.906473 11.906473 6.075829 6.075829 11.906473 11.906473 1602.246066 135715.467894 18935677318866748.000000 6.075829 11.906473 820.350885 1.000000
11.906473 11.906473 11.906473 11.906473 11.906473 11.906473 11.906473 11.906473 11.906473 11.906473 6.075829 6.075829 11.906473 11.906473 1602.246066 135715.467894 18935677318866748.000000 6.075829 11.906473 820.350885 1.000000
11.906473 11.906473 11.906473 11.906473 11.906473 11.906473 11.906473 11.906473 11.906473 11.906473 6.075829 6.075829 11.906473 11.906473 1602.246066 135715.467894 18935677318866748.000000 6.075829 11.906473 820.350885 1.000000
11.906473 11.906473 11.906473 11.906473 11.906473 11.906473 11.906473 11.906473 11.906473 11.906473 6.075829 6.075829 11.906473 11.906473 1602.246066 135715.467894 18935677318866748.000000 6.075829 11.906473 820.350885 1.000000
11.906473 11.906473 11.906473 11.906473 11.906473 11.906473 11.906473 11.906473 11.906473 11.906473 6.075829 6.075829 11.906473 11.906473 1602.246066 135715.467894 18935677318866748.000000 6.075829 11.906473 820.350885 1.000000
11.906473 11.906473 11.906473 11.906473 11.906473 11.906473 11.906473 11.906473 11.906473 11.906473 6.075829 6.075829 11.906473 11.906473 1602.246066 135715.467894 18935677318866748.000000 6.075829 11.906473 820.350885 1.000000
11.906473 11.906473 11.906473 11.906473 11.906473 11.906473 11.906473 11.906473 11.906473 11.906473 6.075829 6.075829 11.906473 11.906473 1602.246066 135715.467894 18935677318866748.000000 6.075829 11.906473 820.350885 1.000000
11.906473 11.906473 11.906473 11.906473 11.906473 11.906473 11.906473 11.906473 11.906473 11.906473 6.075829 6.075829 11.906473 11.906473 1602.246066 135715.467894 18935677318866748.000000 6.075829 11.906473 820.350885 1.000000
11.906473 11.906473 11.906473 11.906473 11.906473 11.906473 11.906473 11.906473 11.906473 11.906473 6.075829 6.075829 11.906473 11.906473 1602.246066 135715.467894 18935677318866748.000000 6.075829 11.906473 820.350885 1.000000
11.906473 11.906473 11.906473 11.906473 11.906473 11.906473 11.906473 11.906473 11.906473 11.906473 6.075829 6.075829 11.906473 11.906473 1602.246066 135715.467894 18935677318866748.000000 6.075829 11.906473 820.350885 1.000000
11.906473 11.906473 11.906473 11.906473 11.906473 11.906473 11.906473 11.906473 11.906473 11.906473 6.075829 6.075829 11.906473 11.906473 1602.246066 135715.467894 18935677318866748.000000 6.075829 11.906473 820.350885 1.000000
11.906473 11.906473 11.906473 11.906473 11.906473 11.906473 11.906473 11.906473 11.906473 11.906473 6.075829 6.075829 11.906473 11.906473 1602.246066 135715.467894 18935677318866748.000000 6.075829 11.906473 820.350885 1.000000
11.906473 11.906473 11.906473 11.906473 11.906473 11.906473 11.906473 11.906473 11.906473 11.906473 6.075829 6.075829 11.906473 11.906473 1602.246066 135715.467894 18935677318866748.000000 6.075829 11.906473 820.350885 1.000000
11.906473 11.906473 11.906473 11.906473 11.906473 11.906473 11.906473 11.906473 11.906473 11.906473 6.075829 6.075829 11.906473 11.906473 1602.246066 135715.467894 18935677318866748.000000 6.075829 11.906473 820.350885 1.000000
11.906473 11.906473 11.906473 11.906473 11.906473 11.906473 11.906473 11.906473 11.906473 11.906473 6.075829 6.075829 11.906473 11.906473 1602.246066 135715.467894 18935677318866748.000000 6.075829 11.906473 820.350885 1.000000
11.906473 11.906473 11.906473 11.906473 11.906473 11.906473 11.906473 11.906473 11.906473 11.906473 6.075829 6.075829 11.906473 11.906473 1602.246066 135715.467894 18935677318866748.000000 6.075829 11.906473 820.350885 1.000000
11.906473 11.906473 11.906473 11.906473 11.906473 11.906473 11.906473 11.906473 11.906473 11.906473 6.075829 6.075829 11.906473 11.906473 1602.246066 135715.467894 18935677318866748.000000 6.075829 11.906473 820.350885 1.000000
11.906473 11.906473 11.906473 11.906473 11.906473 11.906473 11.906473 11.906473 11.906473 11.906473 6.075829 6.075829 11.906473 11.906473 1602.246066 135715.467894 18935677318866748.000000 6.075829 11.906473 820.350885 1.000000
11.906473 11.906473 11.906473 11.906473 11.906473 11.906473 11.906473 11.906473 11.906473 11.906473 6.075829 6.075829 11.906473 11.906473 1602.246066 135715.467894 18935677318866748.000000 6.075829 11.906473 820.350885 1.000000
11.906473 11.906473 11.906473 11.906473 11.906473 11.906473 11.906473 11.906473 11.906473 11.906473 6.075829 6.075829 11.906473 11.906473 1602.246066 135715.467894 18935677318866612.000000 6.075829 11.906473 820.350885 1.000000
11.906473 11.906473 11.906473 11.906473 11.906473 11.906473 11.906473 11.906473 11.906473 11.906473 6.075829 6.075829 11.906473 11.906473 1602.246066 135715.467894 18935677318866612.000000 6.075829 11.906473 820.350885 1.000000
11.906473 11.906473 11.906473 11.906473 11.906473 11.906473 11.906473 11.906473 11.906473 11.906473 6.075829 6.075829 11.906473 11.906473 1602.246066 135715.467894 18935677318866612.000000 6.075829 11.906473 820.350885 1.000000
11.906473 11.906473 11.906473 11.906473 11.906473 11.906473 11.906473 11.906473 11.906473 11.906473 6.075829 6.075829 11.906473 11.906473 1602.246066 135715.467894 18935677318866612.000000 6.075829 11.906473 820.350885 1.000000
11.906473 11.906473 11.906473 11.906473 11.906473 11.906473 11.906473 11.906473 11.906473 11.906473 6.075829 6.075829 11.906473 11.906473 1602.246066 135715.467894 18935677318866612.000000 6.075829 11.906473 820.350885 1.000000
11.906473 11.906473 11.906473 11.906473 11.906473 11.906473 11.906473 11.906473 11.906473 11.906473 6.075829 6.075829 11.906473 11.906473 1602.246066 135715.467894 18935677318866612.000000 6.075829 11.906473 820.350885 1.000000
11.906473 11.906473 11.906473 11.906473 11.906473 11.906473 11.906473 11.906473 11.906473 11.906473 6.075829 6.075829 11.906473 11.906473 1602.246066 135715.467894 18935677318866612.000000 6.075829 11.906473 820.350885 1.000000
11.906473 11.906473 11.906473 11.906473 11.906473 11.906473 11.906473 11.906473 11.906473 11.906473 6.075829 6.075829 11.906473 11.906473 1602.246066 135715.467894 18935677318866612.000000 6.075829 11.906473 820.350885 1.000000
11.906473 11.906473 11.906473 11.906473 11.906473 11.906473 11.906473 11.906473 11.906473 11.906473 6.075829 6.075829 11.906473 11.906473 1602.246066 135715.467894 18935677318866612.000000 6.075829 11.906473 820.350885 1.000000
11.906473 11.906473 11.906473 11.906473 11.906473 11.906473 11.906473 11.906473 11.906473 11.906473 6.075829 6.075829 11.906473 11.906473 1602.246066 135715.467894 18935677318866612.000000 6.075829 11.906473 820.350885 1.000000
11.906473 11.906473 11.906473 11.906473 11.906473 11.906473 11.906473 11.906473 11.906473 11.906473 6.075829 6.075829 11.906473 11.906473 1602.246066 135715.467894 18935677318866612.000000 6.075829 11.906473 820.350885 1.000000
11.906473 11.906473 11.906473 11.906473 11.906473 11.906473 11.906473 11.906473 11.906473 11.906473 6.075829 6.075829 11.906473 11.906473 1602.246066 135715.467894 18935677318866612.000000 6.075829 11.906473 820.350885 1.000000
11.906473 11.906473 11.906473 11.906473 11.906473 11.906473 11.906473 11.906473 11.906473 11.906473 6.075829 6.075829 11.906473 11.906473 1602.246066 135715.467894 18935677318866612.000000 6.075829 11.906473 820.350885 1.000000
11.906473 11.906473 11.906473 11.906473 11.906473 11.906473 11.906473 11.906473 11.906473 11.906473 6.075829 6.075829 11.906473 11.906473 1602.246066 135715.467894 18935677318866612.000000 6.075829 11.906473 820.350885 1.000000
11.906473 11.906473 11.906473 11.906473 11.906473 11.906473 11.906473 11.906473 11.906473 11.906473 6.075829 6.075829 11.906473 11.906473 1602.246066 135715.467894 18935677318866612.000000 6.075829 11.906473 820.350885 1.000000
11.906473 11.906473 11.906473 11.906473 11.906473 11.906473 11.906473 11.906473 11.906473 11.906473 6.075829 6.075829 11.906473 11.906473 1602.246066 135715.467894 18935677318866748.000000 6.075829 11.906473 820.350885 1.000000
11.906473 11.906473 11.906473 11.906473 11.906473 11.906473 11.906473 11.906473 11.906473 11.906473 6.075829 6.075829 11.906473 11.906473 1602.246066 135715.467894 18935677318866748.000000 6.075829 11.906473 820.350885 1.000000
11.906473 11.906473 11.906473 11.906473 11.906473 11.906473 11.906473 11.906473 11.906473 11.906473 6.075829 6.075829 11.906473 11.906473 1602.246066 135715.467894 18935677318866748.000000 6.075829 11.906473 820.350885 1.000000
11.906473 11.906473 11.906473 11.906473 11.906473 11.906473 11.906473 11.906473 11.906473 11.906473 6.075829 6.075829 11.906473 11.906473 1602.246066 135715.467894 18935677318866748.000000 6.075829 11.906473 820.350885 1.000000
11.906473 11.906473 11.906473 11.906473 11.906473 11.906473 11.906473 11.906473 11.906473 11.906473 6.075829 6.075829 11.906473 11.906473 1602.246066 135715.467894 18935677318866748.000000 6.075829 11.906473 820.350885 1.000000
11.906473 11.906473 11.906473 11.906473 11.906473 11.906473 11.906473 11.906473 11.906473 11.906473 6.075829 6.075829 11.906473 11.906473 1602.246066 135715.467894 18935677318866748.000000 6.075829 11.906473 820.350885 1.000000
11.906473 11.906473 11.906473 11.906473 11.906473 11.906473 11.906473 11.906473 11.906473 11.906473 6.075829 6.075829 11.906473 11.906473 1602.246066 135715.467894 18935677318866748.000000 6.075829 11.906473 820.350885 1.000000
11.906473 11.906473 11.906473 11.906473 11.906473 11.906473 11.906473 11.906473 11.906473 11.906473 6.075829 6.075829 11.906473 11.906473 1602.246066 135715.467894 18935677318866748.000000 6.075829 11.906473 820.350885 1.000000
11.906473 11.906473 11.906473 11.906473 11.906473 11.906473 11.906473 11.906473 11.906473 11.906473 6.075829 6.075829 11.906473 11.906473 1602.246066 135715.467894 18935677318866748.000000 6.075829 11.906473 820.350885 1.000000
11.906473 11.906473 11.906473 11.906473 11.906473 11.906473 11.906473 11.906473 11.906473 11.906473 6.075829 6.075829 11.906473 11.906473 1602.246066 135715.467894 18935677318866748.000000 6.075829 11.906473 820.350885 1.000000
11.906473 11.906473 11.906473 11.906473 11.906473 11.906473 11.906473 11.906473 11.906473 11.906473 6.075829 6.075829 11.906473 11.906473 1602.246066 135715.467894 18935677318866748.000000 6.075829 11.906473 820.350885 1.000000
11.906473 11.906473 11.906473 11.906473 11.906473 11.906473 11.906473 11.906473 11.906473 11.906473 6.075829 6.075829 11.906473 11.906473 1602.246066 135715.467894 18935677318866748.000000 6.075829 11.906473 820.350885 1.000000
11.906473 11.906473 11.906473 11.906473 11.906473 11.906473 11.906473 11.906473 11.906473 11.906473 6.075829 6.075829 11.906473 11.906473 1602.246066 135715.467894 18935677318866748.000000 6.075829 11.906473 820.350885 1.000000
11.906473 11.906473 11.906473 11.906473 11.906473 11.906473 11.906473 11.906473 11.906473 11.906473 6.075829 6.075829 11.906473 11.906473 1602.246066 135715.467894 18935677318866748.000000 6.075829 11.906473 820.350885 1.000000
11.906473 11.906473 11.906473 11.906473 11.906473 11.906473 11.906473 11.906473 11.906473 11.906473 6.075829 6.075829 11.906473 11.906473 1602.246066 135715.467894 18935677318866748.000000 6.075829 11.906473 820.350885 1.000000
11.906473 11.906473 11.906473 11.906473 11.906473 11.906473 11.906473 11.906473 11.906473 11.906473 6.075829 6.075829 11.906473 11.906473 1602.246066 135715.467894 18935677318866748.000000 6.075829 11.906473 820.350885 1.000000
11.906473 11.906473 11.906473 11.906473 11.906473 11.906473 11.906473 11.906473 11.906473 11.906473 6.075829 6.075829 11.906473 11.906473 1602.246066 135715.467894 18935677318866748.000000 6.075829 11.906473 820.350885 1.000000
11.906473 11.906473 11.906473 11.906473 11.906473 11.906473 11.906473 11.906473 11.906473 11.906473 6.075829 6.075829 11.906473 11.906473 1602.246066 135715.467894 18935677318866748.000000 6.075829 11.906473 820.350885 1.000000
11.906473 11.906473 11.906473 11.906473 11.906473 11.906473 11.906473 11.906473 11.906473 11.906473 6.075829 6.075829 11.906473 11.906473 1602.246066 135715.467894 18935677318866748.000000 6.075829 11.906473 820.350885 1.000000
11.906473 11.906473 11.906473 11.906473 11.906473 11.906473 11.906473 11.906473 11.906473 11.906473 6.075829 6.075829 11.906473 11.906473 1602.246066 135715.467894 18935677318866748.000000 6.075829 11.906473 820.350885 1.000000
11.906473 11.906473 11.906473 11.906473 11.906473 11.906473 11.906473 11.906473 11.906473 11.906473 6.075829 6.075829 11.906473 11.906473 1602.246066 135715.467894 18935677318866748.000000 6.075829 11.906473 820.350885 1.000000
11.906473 11.906473 11.906473 11.906473 11.906473 11.906473 11.906473 11.906473 11.906473 11.906473 6.075829 6.075829 11.906473 11.906473 1602.246066 135715.467894 18935677318866748.000000 6.075829 11.906473 820.350885 1.000000
11.906473 11.906473 11.906473 11.906473 11.906473 11.906473 11.906473 11.906473 11.906473 11.906473 6.075829 6.075829 11.906473 11.906473 1602.246066 135715.467894 18935677318866748.000000 6.075829 11.906473 820.350885 1.000000
11.906473 11.906473 11.906473 11.906473 11.906473 11.906473 11.906473 11.906473 11.906473 11.906473 6.075829 6.075829 11.906473 11.906473 1602.246066 135715.467894 18935677318866748.000000 6.075829 11.906473 820.350885 1.000000
11.906473 11.906473 11.906473 11.906473 11.906473 11.906473 11.906473 11.906473 11.906473 11.906473 6.075829 6.075829 11.906473 11.906473 1602.246066 135715.467894 18935677318866748.000000 6.075829 11.906473 820.350885 1.000000
11.906473 11.906473 11.906473 11.906473 11.906473 11.906473 11.906473 11.906473 11.906473 11.906473 6.075829 6.075829 11.906473 11.906473 1602.246066 135715.467894 18935677318866748.000000 6.075829 11.906473 820.350885 1.000000
11.906473 11.906473 11.906473 11.906473 11.906473 11.906473 11.906473 11.906473 11.906473 11.906473 6.075829 6.075829 11.906473 11.906473 1602.246066 135715.467894 18935677318866748.000000 6.075829 11.906473 820.350885 1.000000
11.906473 11.906473 11.906473 11.906473 11.906473 11.906473 11.906473 11.906473 11.906473 11.906473 6.075829 6.075829 11.906473 11.906473 1602.246066 135715.467894 18935677318866748.000000 6.075829 11.906473 820.350885 1.000000
11.906473 11.906473 11.906473 11.906473 11.906473 11.906473 11.906473 11.906473 11.906473 11.906473 6.075829 6.075829 11.906473 11.906473 1602.246066 135715.467894 18935677318866748.000000 6.075829 11.906473 820.350885 1.000000
11.906473 11.906473 11.906473 11.906473 11.906473 11.906473 11.906473 11.906473 11.906473 11.906473 6.075829 6.075829 11.906473 11.906473 1602.246066 135715.467894 18935677318866748.000000 6.075829 11.906473 820.350885 1.000000
11.906473 11.906473 11.906473 11.906473 11.906473 11.906473 11.906473 11.906473 11.906473 11.906473 6.075829 6.075829 11.906473 11.906473 1602.246066 135715.467894 18935677318866748.000000 6.075829 11.906473 820.350885 1.000000
11.906473 11.906473 11.906473 11.906473 11.906473 11.906473 11.906473 11.906473 11.906473 11.906473 6.075829 6.075829 11.906473 11.906473 1602.246066 135715.467894 18935677318866748.000000 6.075829 11.906473 820.350885 1.000000
11.906473 11.906473 11.906473 11.906473 11.906473 11.906473 11.906473 11.906473 11.906473 11.906473 6.075829 6.075829 11.906473 11.906473 1602.246066 135715.467894 18935677318866748.000000 6.075829 11.906473 820.350885 1.000000
11.906473 11.906473 11.906473 11.906473 11.906473 11.906473 11.906473 11.906473 11.906473 11.906473 6.075829 6.075829 11.906473 11.906473 1602.246066 135715.467894 18935677318866748.000000 6.075829 11.906473 820.350885 1.000000
11.906473 11.906473 11.906473 11.906473 11.906473 11.906473 11.906473 11.906473 11.906473 11.906473 6.075829 6.075829 11.906473 11.906473 1602.246066 135715.467894 18935677318866748.000000 6.075829 11.906473 820.350885 1.000000
11.906473 11.906473 11.906473 11.906473 11.906473 11.906473 11.906473 11.906473 11.906473 11.906473 6.075829 6.075829 11.906473 11.906473 1602.246066 135715.467894 18935677318866748.000000 6.075829 11.906473 820.350885 1.000000
11.906473 11.906473 11.906473 11.906473 11.906473 11.906473 11.906473 11.906473 11.906473 11.906473 6.075829 6.075829 11.906473 11.906473 1602.246066 135715.467894 18935677318866748.000000 6.075829 11.906473 820.350885 1.000000
11.906473 11.906473 11.906473 11.906473 11.906473 11.906473 11.906473 11.906473 11.906473 11.906473 6.075829 6.075829 11.906473 11.906473 1602.246066 135715.467894 18935677318866748.000000 6.075829 11.906473 820.350885 1.000000
11.906473 11.906473 11.906473 11.906473 11.906473 11.906473 11.906473 11.906473 11.906473 11.906473 6.075829 6.075829 11.906473 11.906473 1602.246066 135715.467894 18935677318866748.000000 6.075829 11.906473 820.350885 1.000000
11.906473 11.906473 11.906473 11.906473 11.906473 11.906473 11.906473 11.906473 11.906473 11.906473 6.075829 6.075829 11.906473 11.906473 1602.246066 135715.467894 18935677318866748.000000 6.075829 11.906473 820.350885 1.000000
11.906473 11.906473 11.906473 11.906473 11.906473 11.906473 11.906473 11.906473 11.906473 11.906473 6.075829 6.075829 11.906473 11.906473 1602.246066 135715.467894 18935677318866748.000000 6.075829 11.906473 820.350885 1.000000
