0.000000 0.000000 0.000000 0.000000 0.000000 0.000000 0.000000 0.000000 0.000000 0.000000 0.000000 0.000000 0.000000 0.000000 0.000000 0.000000 0.000000 0.000000 0.000000 0.000000 0.000000
1.000000 1.000000 1.000000 1.000000 1.000000 1.000000 1.000000 1.000000 0.043980 0.001238 0.035184 0.209715 0.011529 0.107374 0.134218 0.000011 0.107374 0.209715 0.167772 0.167772 0.262144
1.000000 1.000000 1.000000 1.000000 1.000000 1.000000 1.000000 1.000000 0.001934 0.167772 0.107374 0.262144 0.003778 0.003022 0.167772 0.000014 0.107374 0.167772 0.640000 0.327680 0.134218
1.000000 1.000000 1.000000 1.000000 1.000000 1.000000 1.000000 1.000000 0.022518 0.262144 0.134218 0.167772 0.003778 0.018014 0.262144 0.000028 0.035184 0.209715 0.167772 0.009223 0.107374
1.000000 1.000000 1.000000 1.000000 1.000000 1.000000 1.000000 1.000000 0.001547 0.512000 0.167772 0.409600 0.001238 0.009223 0.167772 0.000009 0.327680 0.134218 0.209715 0.209715 0.327680
1.000000 1.000000 1.000000 1.000000 1.000000 1.000000 1.000000 1.000000 0.001547 0.167772 0.409600 0.209715 0.001934 0.009223 0.209715 0.000014 0.068719 0.327680 0.327680 0.209715 0.085899
1.000000 1.000000 1.000000 1.000000 1.000000 1.000000 1.000000 1.000000 0.014412 0.134218 0.209715 0.409600 0.000634 0.009223 0.209715 0.000044 0.209715 0.022518 0.262144 0.134218 0.512000
1.000000 1.000000 1.000000 1.000000 1.000000 1.000000 1.000000 1.000000 0.007379 0.262144 0.134218 0.167772 0.004722 0.107374 0.107374 0.000003 0.327680 0.327680 0.054976 0.022518 0.107374
1.000000 1.000000 1.000000 1.000000 1.000000 1.000000 1.000000 1.000000 0.009223 0.209715 0.134218 0.167772 0.000792 0.009223 0.209715 0.000022 0.043980 0.327680 0.327680 0.134218 0.068719
1.000000 1.000000 1.000000 1.000000 1.000000 1.000000 1.000000 1.000000 0.007379 0.107374 0.167772 0.262144 0.000507 0.018014 0.327680 0.000028 0.107374 0.085899 0.107374 0.409600 0.327680
1.000000 1.000000 1.000000 1.000000 1.000000 1.000000 1.000000 1.000000 0.004722 0.085899 0.262144 0.167772 0.014412 0.018014 0.167772 0.000035 0.043980 0.107374 0.167772 0.043980 0.107374
1.000000 1.000000 1.000000 1.000000 1.000000 1.000000 1.000000 1.000000 0.014412 0.107374 0.167772 0.327680 0.000792 0.028147 0.167772 0.000014 0.209715 0.167772 0.134218 0.085899 0.327680
1.000000 1.000000 1.000000 1.000000 1.000000 1.000000 1.000000 1.000000 0.004722 0.262144 0.134218 0.409600 0.028147 0.085899 0.107374 0.000018 0.085899 0.134218 0.167772 0.001934 0.134218
1.000000 1.000000 1.000000 1.000000 1.000000 1.000000 1.000000 1.000000 0.011529 0.327680 0.107374 0.107374 0.043980 0.000406 0.409600 0.000004 0.327680 0.327680 0.068719 0.085899 0.068719
1.000000 1.000000 1.000000 1.000000 1.000000 1.000000 1.000000 1.000000 0.004722 0.107374 0.262144 0.327680 0.000634 0.014412 0.327680 0.000022 0.209715 0.043980 0.167772 0.327680 0.327680
1.000000 1.000000 1.000000 1.000000 1.000000 1.000000 1.000000 1.000000 0.011529 0.167772 0.085899 0.327680 0.018014 0.000260 0.085899 0.000002 0.409600 0.512000 0.262144 0.512000 0.327680
1.000000 1.000000 1.000000 1.000000 1.000000 1.000000 1.000000 1.000000 0.035184 0.209715 0.068719 0.107374 0.000208 0.028147 0.209715 0.000014 0.167772 0.167772 0.068719 0.327680 0.209715
1.000000 1.000000 1.000000 1.000000 1.000000 1.000000 1.000000 1.000000 0.011529 0.167772 0.167772 0.409600 0.000990 0.035184 0.134218 0.000028 0.054976 0.068719 0.107374 0.134218 0.107374
1.000000 1.000000 1.000000 1.000000 1.000000 1.000000 1.000000 1.000000 0.009223 0.107374 0.262144 0.134218 0.000406 0.043980 0.209715 0.000028 0.068719 0.068719 0.167772 0.262144 0.262144
1.000000 1.000000 1.000000 1.000000 1.000000 1.000000 1.000000 1.000000 0.022518 0.018014 0.327680 0.209715 0.000792 0.107374 0.134218 0.000035 0.167772 0.011529 0.209715 0.167772 0.134218
1.000000 1.000000 1.000000 1.000000 1.000000 1.000000 1.000000 1.000000 0.003022 0.209715 0.512000 0.167772 0.014412 0.000792 0.262144 0.000018 0.068719 0.167772 0.262144 0.167772 0.262144
1.000000 1.000000 1.000000 1.000000 1.000000 1.000000 1.000000 1.000000 0.022518 0.085899 0.134218 0.167772 0.035184 0.068719 0.022518 0.000004 0.327680 0.262144 0.262144 0.004722 0.134218
1.000000 1.000000 1.000000 1.000000 1.000000 1.000000 1.000000 1.000000 0.014412 0.134218 0.512000 0.054976 0.000260 0.028147 0.134218 0.000028 0.054976 0.068719 0.262144 0.409600 0.209715
1.000000 1.000000 1.000000 1.000000 1.000000 1.000000 1.000000 1.000000 0.005903 0.167772 0.262144 0.068719 0.000792 0.043980 0.409600 0.000011 0.134218 0.167772 0.068719 0.167772 0.327680
1.000000 1.000000 1.000000 1.000000 1.000000 1.000000 1.000000 1.000000 0.022518 0.009223 0.134218 0.134218 0.007379 0.011529 0.068719 0.000014 0.134218 0.167772 0.409600 0.262144 0.262144
1.000000 1.000000 1.000000 1.000000 1.000000 1.000000 1.000000 1.000000 0.009223 0.327680 0.043980 0.512000 0.085899 0.000068 0.167772 0.000035 0.043980 0.085899 0.209715 0.327680 0.167772
1.000000 1.000000 1.000000 1.000000 1.000000 1.000000 1.000000 1.000000 0.005903 0.000000 0.409600 0.327680 0.409600 0.640000 0.640000 0.000018 0.022518 0.800000 0.512000 0.640000 0.327680
1.000000 1.000000 1.000000 1.000000 1.000000 1.000000 1.000000 1.000000 0.000406 0.512000 0.640000 0.409600 0.035184 0.134218 0.512000 0.000003 0.262144 0.512000 0.512000 0.000133 0.409600
1.000000 1.000000 1.000000 1.000000 1.000000 1.000000 1.000000 1.000000 0.000990 0.512000 0.800000 0.107374 0.014412 0.035184 0.640000 0.000035 0.018014 0.209715 0.409600 0.001547 0.640000
1.000000 1.000000 1.000000 1.000000 1.000000 1.000000 1.000000 1.000000 0.000634 0.800000 0.640000 0.209715 0.000085 0.014412 1.000000 0.000044 0.001238 0.640000 0.327680 0.800000 0.512000
1.000000 1.000000 1.000000 1.000000 1.000000 1.000000 1.000000 1.000000 0.000406 0.640000 0.054976 0.640000 0.000792 0.001238 0.800000 0.000002 1.000000 0.327680 0.640000 0.640000 0.512000
1.000000 1.000000 1.000000 1.000000 1.000000 1.000000 1.000000 1.000000 0.002418 0.640000 0.409600 0.512000 0.000004 0.209715 0.409600 0.000035 0.001934 0.512000 0.512000 0.512000 0.327680
1.000000 1.000000 1.000000 1.000000 1.000000 1.000000 1.000000 1.000000 0.000990 0.512000 0.640000 0.512000 0.000044 0.167772 0.327680 0.000009 0.107374 0.512000 0.209715 0.107374 0.327680
1.000000 1.000000 1.000000 1.000000 1.000000 1.000000 1.000000 1.000000 0.000085 1.000000 0.800000 0.640000 0.167772 0.800000 0.262144 0.000002 0.512000 0.512000 0.000018 0.409600 0.262144
1.000000 1.000000 1.000000 1.000000 1.000000 1.000000 1.000000 1.000000 0.000792 0.167772 0.209715 0.262144 0.000106 0.018014 0.640000 0.000006 0.068719 0.800000 1.000000 0.512000 0.512000
1.000000 1.000000 1.000000 1.000000 1.000000 1.000000 1.000000 1.000000 0.000018 0.640000 0.409600 0.209715 0.009223 0.028147 0.209715 0.000005 0.209715 0.327680 0.262144 0.409600 0.640000
1.000000 1.000000 1.000000 1.000000 1.000000 1.000000 1.000000 1.000000 0.000507 0.134218 0.512000 0.327680 0.004722 0.800000 0.800000 0.000007 0.107374 0.512000 0.640000 0.000325 0.134218
1.000000 1.000000 1.000000 1.000000 1.000000 1.000000 1.000000 1.000000 0.000000 0.640000 0.327680 0.262144 1.000000 0.640000 0.409600 0.000003 0.409600 0.262144 0.409600 0.134218 0.409600
1.000000 1.000000 1.000000 1.000000 1.000000 1.000000 1.000000 1.000000 0.003778 0.327680 0.640000 0.640000 0.000028 0.085899 0.512000 0.000044 0.000325 0.327680 0.800000 0.209715 0.409600
1.000000 1.000000 1.000000 1.000000 1.000000 1.000000 1.000000 1.000000 0.000792 0.000000 0.800000 0.409600 1.000000 0.640000 0.640000 0.000004 0.167772 0.512000 0.327680 1.000000 0.640000
1.000000 1.000000 1.000000 1.000000 1.000000 1.000000 1.000000 1.000000 0.000054 0.800000 0.640000 1.000000 0.134218 0.512000 0.640000 0.000002 0.409600 0.640000 0.134218 0.000085 0.800000
1.000000 1.000000 1.000000 1.000000 1.000000 1.000000 1.000000 1.000000 0.000260 0.327680 0.409600 0.409600 0.000260 0.022518 0.327680 0.000014 0.167772 0.107374 0.512000 0.640000 0.209715
1.000000 1.000000 1.000000 1.000000 1.000000 1.000000 1.000000 1.000000 0.000106 0.409600 0.409600 0.409600 0.000792 0.022518 0.512000 0.000035 0.001934 0.409600 0.512000 0.800000 0.409600
1.000000 1.000000 1.000000 1.000000 1.000000 1.000000 1.000000 1.000000 0.000406 0.209715 0.262144 0.327680 0.000325 0.022518 0.327680 0.000002 0.409600 0.512000 0.512000 0.512000 0.512000
1.000000 1.000000 1.000000 1.000000 1.000000 1.000000 1.000000 1.000000 0.001238 0.000002 0.512000 1.000000 1.000000 0.327680 0.327680 0.000003 0.327680 0.327680 0.134218 1.000000 0.512000
1.000000 1.000000 1.000000 1.000000 1.000000 1.000000 1.000000 1.000000 0.000325 0.327680 0.409600 0.512000 0.000014 0.640000 0.640000 0.000002 0.262144 0.512000 0.262144 0.262144 0.409600
1.000000 1.000000 1.000000 1.000000 1.000000 1.000000 1.000000 1.000000 0.000507 0.512000 0.512000 0.262144 0.068719 0.640000 0.327680 0.000011 0.035184 0.800000 0.000028 0.512000 0.800000
1.000000 1.000000 1.000000 1.000000 1.000000 1.000000 1.000000 1.000000 1.000000 0.000014 0.800000 0.512000 0.000166 0.640000 0.209715 0.000006 0.035184 0.327680 0.512000 0.409600 0.409600
1.000000 1.000000 1.000000 1.000000 1.000000 1.000000 1.000000 1.000000 0.011529 0.800000 0.512000 0.134218 0.000002 0.640000 0.512000 0.000028 0.512000 0.000325 0.409600 0.327680 1.000000
1.000000 1.000000 1.000000 1.000000 1.000000 1.000000 1.000000 1.000000 0.000325 0.800000 0.800000 0.512000 0.000005 0.800000 0.327680 0.000028 0.003778 0.640000 0.409600 0.512000 0.085899
1.000000 1.000000 1.000000 1.000000 1.000000 1.000000 1.000000 1.000000 0.000507 0.262144 0.800000 0.409600 0.068719 0.409600 0.262144 0.000003 0.640000 0.262144 0.327680 0.000085 0.327680
1.000000 1.000000 1.000000 1.000000 1.000000 1.000000 1.000000 1.000000 0.000018 0.640000 1.000000 1.000000 0.000068 0.043980 0.640000 0.000005 0.209715 0.409600 0.800000 1.000000 0.512000
1.000000 1.000000 1.000000 1.000000 1.000000 1.000000 1.000000 1.000000 0.007379 0.054976 0.800000 0.640000 0.000004 0.640000 0.640000 0.000044 0.000133 0.800000 0.800000 0.409600 0.409600
1.000000 1.000000 1.000000 1.000000 1.000000 1.000000 1.000000 1.000000 0.640000 0.000792 0.512000 0.640000 0.262144 1.000000 0.800000 0.000014 0.005903 0.800000 0.409600 0.000002 0.640000
1.000000 1.000000 1.000000 1.000000 1.000000 1.000000 1.000000 1.000000 0.000035 0.512000 0.800000 0.800000 0.003778 0.028147 0.167772 0.000009 0.054976 0.800000 0.107374 0.640000 0.327680
1.000000 1.000000 1.000000 1.000000 1.000000 1.000000 1.000000 1.000000 0.000054 0.512000 0.800000 0.640000 0.000011 0.800000 0.800000 0.000018 0.014412 0.800000 0.409600 0.409600 0.409600
1.000000 1.000000 1.000000 1.000000 1.000000 1.000000 1.000000 1.000000 0.000990 1.000000 0.640000 0.512000 0.000044 0.043980 0.512000 0.000044 0.000085 0.640000 0.640000 0.640000 0.800000
1.000000 1.000000 1.000000 1.000000 1.000000 1.000000 1.000000 1.000000 0.000000 0.800000 1.000000 1.000000 0.512000 0.640000 0.800000 0.000028 0.009223 0.640000 0.640000 0.800000 1.000000
1.000000 1.000000 1.000000 1.000000 1.000000 1.000000 1.000000 1.000000 1.000000 0.134218 0.640000 0.409600 0.028147 0.209715 0.512000 0.000018 0.001547 0.640000 0.000001 0.800000 0.409600
1.000000 1.000000 1.000000 1.000000 1.000000 1.000000 1.000000 1.000000 0.000106 0.640000 0.800000 0.512000 0.000002 1.000000 0.640000 0.000028 0.003022 0.800000 0.800000 1.000000 0.640000
1.000000 1.000000 1.000000 1.000000 1.000000 1.000000 1.000000 1.000000 0.000792 0.512000 0.800000 0.800000 0.022518 0.409600 1.000000 0.000044 0.000106 0.640000 0.800000 0.000085 0.800000
1.000000 1.000000 1.000000 1.000000 1.000000 1.000000 1.000000 1.000000 0.002418 0.409600 0.800000 1.000000 0.000002 0.512000 0.800000 0.000035 0.000054 0.800000 0.640000 0.800000 1.000000
1.000000 1.000000 1.000000 1.000000 1.000000 1.000000 1.000000 1.000000 1.000000 0.000260 1.000000 1.000000 1.000000 0.000001 0.640000 0.000001 0.068719 0.640000 1.000000 0.640000 0.800000
1.000000 1.000000 1.000000 1.000000 1.000000 1.000000 1.000000 1.000000 0.000634 0.000000 0.640000 1.000000 1.000000 1.000000 0.800000 0.000007 0.068719 0.800000 0.640000 0.800000 1.000000
1.000000 1.000000 1.000000 1.000000 1.000000 1.000000 1.000000 1.000000 0.018014 0.000006 0.800000 0.800000 0.028147 0.640000 0.167772 0.000044 0.000133 0.800000 0.800000 0.800000 0.512000
1.000000 1.000000 1.000000 1.000000 1.000000 1.000000 1.000000 1.000000 1.000000 0.000133 0.800000 0.800000 0.000014 1.000000 0.134218 0.000035 0.000260 0.512000 0.800000 1.000000 0.512000
1.000000 1.000000 1.000000 1.000000 1.000000 1.000000 1.000000 1.000000 0.262144 0.000006 0.800000 0.640000 0.000406 0.512000 1.000000 0.000035 0.000208 0.800000 0.800000 0.800000 1.000000
1.000000 1.000000 1.000000 1.000000 1.000000 1.000000 1.000000 1.000000 0.512000 0.011529 0.800000 0.640000 0.000000 0.800000 0.800000 0.000044 0.000022 1.000000 0.800000 0.640000 0.327680
1.000000 1.000000 1.000000 1.000000 1.000000 1.000000 1.000000 1.000000 0.035184 0.000000 0.800000 0.640000 0.134218 0.800000 0.409600 0.000044 0.000208 0.640000 0.640000 1.000000 0.640000
1.000000 1.000000 1.000000 1.000000 1.000000 1.000000 1.000000 1.000000 0.004722 0.800000 0.640000 0.327680 0.000001 0.640000 0.800000 0.000035 0.000011 0.640000 0.800000 0.800000 0.640000
1.000000 1.000000 1.000000 1.000000 1.000000 1.000000 1.000000 1.000000 0.001547 1.000000 1.000000 0.640000 0.000054 0.167772 0.512000 0.000035 0.000133 0.640000 0.409600 0.085899 0.001934
1.000000 1.000000 1.000000 1.000000 1.000000 1.000000 1.000000 1.000000 1.000000 0.002418 0.800000 0.640000 0.000022 0.512000 0.800000 0.000044 0.000133 0.640000 0.800000 0.014412 0.409600
1.000000 1.000000 1.000000 1.000000 1.000000 1.000000 1.000000 1.000000 0.001934 1.000000 0.512000 0.512000 0.000007 0.107374 1.000000 0.000035 0.000018 0.512000 0.800000 1.000000 0.640000
1.000000 1.000000 1.000000 1.000000 1.000000 1.000000 1.000000 1.000000 0.000000 0.640000 0.800000 0.640000 1.000000 0.512000 1.000000 0.000007 0.054976 0.800000 0.800000 0.640000 0.327680
1.000000 1.000000 1.000000 1.000000 1.000000 1.000000 1.000000 1.000000 0.001547 0.043980 0.800000 0.800000 0.262144 0.409600 1.000000 0.000018 0.022518 0.640000 1.000000 0.000004 0.800000
1.000000 1.000000 1.000000 1.000000 1.000000 1.000000 1.000000 1.000000 0.000018 0.640000 0.512000 0.800000 0.000004 1.000000 0.800000 0.000001 0.640000 0.640000 1.000000 0.640000 1.000000
1.000000 1.000000 1.000000 1.000000 1.000000 1.000000 1.000000 1.000000 0.007379 1.000000 0.800000 1.000000 0.640000 1.000000 0.640000 0.000035 0.000001 1.000000 0.512000 0.000002 0.640000
1.000000 1.000000 1.000000 1.000000 1.000000 1.000000 1.000000 1.000000 0.004722 0.800000 0.800000 0.800000 0.085899 0.000001 1.000000 0.000035 0.000166 0.512000 0.800000 0.800000 0.800000
1.000000 1.000000 1.000000 1.000000 1.000000 1.000000 1.000000 1.000000 0.000002 1.000000 0.640000 1.000000 1.000000 0.800000 0.000208 0.000044 0.000106 1.000000 0.800000 0.800000 0.512000
1.000000 1.000000 1.000000 1.000000 1.000000 1.000000 1.000000 1.000000 0.000634 0.800000 0.800000 0.640000 0.000001 1.000000 0.800000 0.000035 0.000133 0.512000 1.000000 0.800000 0.800000
1.000000 1.000000 1.000000 1.000000 1.000000 1.000000 1.000000 1.000000 0.640000 0.011529 0.640000 1.000000 0.107374 0.000001 1.000000 0.000035 0.000106 0.800000 0.640000 1.000000 0.800000
1.000000 1.000000 1.000000 1.000000 1.000000 1.000000 1.000000 1.000000 1.000000 1.000000 0.800000 0.800000 1.000000 0.000000 0.800000 0.000000 0.003022 1.000000 1.000000 1.000000 0.800000
1.000000 1.000000 1.000000 1.000000 1.000000 1.000000 1.000000 1.000000 0.167772 0.068719 1.000000 0.800000 1.000000 0.512000 1.000000 0.000035 0.001934 0.800000 0.134218 0.000000 1.000000
1.000000 1.000000 1.000000 1.000000 1.000000 1.000000 1.000000 1.000000 0.001547 0.000000 0.800000 1.000000 1.000000 1.000000 1.000000 0.000022 0.007379 0.800000 0.800000 0.800000 0.800000
1.000000 1.000000 1.000000 1.000000 1.000000 1.000000 1.000000 1.000000 1.000000 0.000001 1.000000 0.800000 0.000634 1.000000 1.000000 0.000035 0.000068 1.000000 0.800000 1.000000 0.800000
1.000000 1.000000 1.000000 1.000000 1.000000 1.000000 1.000000 1.000000 1.000000 0.011529 0.800000 0.800000 0.000000 1.000000 1.000000 0.000044 0.000005 1.000000 1.000000 1.000000 0.800000
1.000000 1.000000 1.000000 1.000000 1.000000 1.000000 1.000000 1.000000 0.000166 0.800000 1.000000 1.000000 1.000000 0.800000 0.800000 0.000035 0.000260 0.800000 0.800000 0.000002 1.000000
1.000000 1.000000 1.000000 1.000000 1.000000 1.000000 1.000000 1.000000 1.000000 1.000000 0.800000 0.800000 1.000000 0.001238 1.000000 0.000000 0.003778 0.640000 0.000001 0.800000 0.640000
1.000000 1.000000 1.000000 1.000000 1.000000 1.000000 1.000000 1.000000 0.000507 0.800000 0.640000 0.512000 0.107374 0.800000 1.000000 0.000028 0.002418 0.800000 0.000002 1.000000 1.000000
1.000000 1.000000 1.000000 1.000000 1.000000 1.000000 1.000000 1.000000 0.007379 0.035184 0.800000 0.800000 1.000000 0.800000 0.107374 0.000035 0.000792 1.000000 0.800000 0.000005 1.000000
1.000000 1.000000 1.000000 1.000000 1.000000 1.000000 1.000000 1.000000 0.327680 0.000634 1.000000 0.640000 0.000001 1.000000 1.000000 0.000035 0.001547 0.640000 0.640000 1.000000 1.000000
1.000000 1.000000 1.000000 1.000000 1.000000 1.000000 1.000000 1.000000 1.000000 0.512000 0.800000 0.800000 1.000000 1.000000 0.000000 0.000001 0.003778 1.000000 1.000000 1.000000 1.000000
1.000000 1.000000 1.000000 1.000000 1.000000 1.000000 1.000000 1.000000 1.000000 1.000000 1.000000 0.800000 0.000000 0.167772 0.640000 0.000000 0.002418 1.000000 1.000000 1.000000 1.000000
1.000000 1.000000 1.000000 1.000000 1.000000 1.000000 1.000000 1.000000 0.000507 0.022518 1.000000 1.000000 1.000000 1.000000 1.000000 0.000002 0.262144 1.000000 0.000002 0.800000 0.640000
1.000000 1.000000 1.000000 1.000000 1.000000 1.000000 1.000000 1.000000 0.028147 0.000001 0.800000 0.800000 0.043980 0.512000 0.640000 0.000044 0.000166 0.640000 0.800000 0.800000 1.000000
1.000000 1.000000 1.000000 1.000000 1.000000 1.000000 1.000000 1.000000 1.000000 0.002418 0.640000 0.800000 0.800000 0.800000 0.011529 0.000035 0.000085 0.800000 0.800000 0.000022 0.054976
1.000000 1.000000 1.000000 1.000000 1.000000 1.000000 1.000000 1.000000 0.000000 0.085899 0.800000 0.640000 1.000000 1.000000 0.800000 0.000044 0.000000 1.000000 0.640000 1.000000 0.800000
1.000000 1.000000 1.000000 1.000000 1.000000 1.000000 1.000000 1.000000 0.000792 0.512000 0.800000 1.000000 0.000406 0.001547 0.800000 0.000035 0.000106 1.000000 1.000000 1.000000 0.800000
1.000000 1.000000 1.000000 1.000000 1.000000 1.000000 1.000000 1.000000 1.000000 0.327680 0.800000 0.800000 0.054976 0.800000 0.000000 0.000022 0.000054 1.000000 1.000000 0.800000 0.000208
1.000000 1.000000 1.000000 1.000000 1.000000 1.000000 1.000000 1.000000 0.000792 1.000000 0.800000 1.000000 1.000000 1.000000 0.512000 0.000044 0.000106 0.512000 0.000001 0.800000 0.000634
1.000000 1.000000 1.000000 1.000000 1.000000 1.000000 1.000000 1.000000 1.000000 0.003022 0.640000 0.800000 0.000007 0.022518 1.000000 0.000035 0.000106 0.640000 0.800000 0.800000 0.640000
1.000000 1.000000 1.000000 1.000000 1.000000 1.000000 1.000000 1.000000 1.000000 0.000634 1.000000 0.800000 1.000000 0.800000 0.800000 0.000035 0.000068 1.000000 1.000000 0.000001 0.640000
1.000000 1.000000 1.000000 1.000000 1.000000 1.000000 1.000000 1.000000 1.000000 1.000000 0.800000 0.800000 0.000325 1.000000 1.000000 0.000044 0.000000 0.800000 1.000000 1.000000 1.000000
1.000000 1.000000 1.000000 1.000000 1.000000 1.000000 1.000000 1.000000 0.000000 1.000000 1.000000 1.000000 0.011529 0.800000 1.000000 0.000044 0.000085 1.000000 0.800000 1.000000 0.800000
1.000000 1.000000 1.000000 1.000000 1.000000 1.000000 1.000000 1.000000 1.000000 0.209715 1.000000 0.800000 0.068719 0.000009 0.043980 0.000044 0.000000 1.000000 1.000000 0.800000 1.000000
1.000000 1.000000 1.000000 1.000000 1.000000 1.000000 1.000000 1.000000 0.000022 1.000000 0.640000 0.800000 1.000000 0.800000 1.000000 0.000014 0.000000 0.512000 0.800000 1.000000 1.000000
1.000000 1.000000 1.000000 1.000000 1.000000 1.000000 1.000000 1.000000 1.000000 1.000000 1.000000 1.000000 0.800000 1.000000 0.000000 0.000035 0.000000 0.800000 1.000000 0.800000 0.000011
1.000000 1.000000 1.000000 1.000000 1.000000 1.000000 1.000000 1.000000 0.800000 0.800000 0.800000 1.000000 0.007379 0.000054 0.800000 0.000044 0.000000 1.000000 1.000000 1.000000 1.000000
1.000000 1.000000 1.000000 1.000000 1.000000 1.000000 1.000000 1.000000 0.000406 1.000000 1.000000 1.000000 0.800000 1.000000 0.800000 0.000044 0.000054 1.000000 0.000001 1.000000 0.000000
1.000000 1.000000 1.000000 1.000000 1.000000 1.000000 1.000000 1.000000 0.001934 1.000000 1.000000 1.000000 0.262144 0.800000 0.640000 0.000044 0.000022 1.000000 0.000001 1.000000 0.028147
1.000000 1.000000 1.000000 1.000000 1.000000 1.000000 1.000000 1.000000 1.000000 0.003778 1.000000 1.000000 0.014412 0.000005 1.000000 0.000028 0.000106 1.000000 0.800000 1.000000 1.000000
1.000000 1.000000 1.000000 1.000000 1.000000 1.000000 1.000000 1.000000 0.107374 0.000002 0.800000 1.000000 0.003778 1.000000 1.000000 0.000035 0.000007 1.000000 0.800000 1.000000 1.000000
1.000000 1.000000 1.000000 1.000000 1.000000 1.000000 1.000000 1.000000 1.000000 1.000000 0.800000 1.000000 1.000000 1.000000 1.000000 0.000001 0.000085 1.000000 0.000000 1.000000 0.000000
1.000000 1.000000 1.000000 1.000000 1.000000 1.000000 1.000000 1.000000 1.000000 1.000000 0.800000 0.800000 0.000406 1.000000 1.000000 0.000035 0.000000 1.000000 1.000000 1.000000 0.640000
1.000000 1.000000 1.000000 1.000000 1.000000 1.000000 1.000000 1.000000 0.001547 1.000000 1.000000 1.000000 0.209715 1.000000 1.000000 0.000044 0.000014 0.800000 0.000002 1.000000 0.000000
1.000000 1.000000 1.000000 1.000000 1.000000 1.000000 1.000000 1.000000 0.000406 0.640000 0.800000 1.000000 0.000001 1.000000 1.000000 0.000035 0.000106 1.000000 1.000000 1.000000 0.640000
1.000000 1.000000 1.000000 1.000000 1.000000 1.000000 1.000000 1.000000 1.000000 1.000000 1.000000 0.640000 0.035184 1.000000 1.000000 0.000009 0.000085 1.000000 0.000000 0.800000 0.000000
1.000000 1.000000 1.000000 1.000000 1.000000 1.000000 1.000000 1.000000 0.000260 1.000000 0.800000 0.640000 0.800000 0.800000 0.800000 0.000044 0.000085 1.000000 0.000002 1.000000 0.000000
1.000000 1.000000 1.000000 1.000000 1.000000 1.000000 1.000000 1.000000 1.000000 1.000000 1.000000 1.000000 1.000000 0.000000 1.000000 0.000002 0.000406 1.000000 1.000000 1.000000 1.000000
1.000000 1.000000 1.000000 1.000000 1.000000 1.000000 1.000000 1.000000 0.000000 1.000000 0.640000 0.512000 0.014412 1.000000 1.000000 0.000035 0.000018 0.640000 1.000000 1.000000 1.000000
1.000000 1.000000 1.000000 1.000000 1.000000 1.000000 1.000000 1.000000 1.000000 1.000000 1.000000 1.000000 0.000000 0.209715 0.800000 0.000007 0.000054 1.000000 1.000000 1.000000 0.800000
1.000000 1.000000 1.000000 1.000000 1.000000 1.000000 1.000000 1.000000 1.000000 0.022518 1.000000 1.000000 0.018014 0.000002 1.000000 0.000035 0.000007 0.800000 1.000000 1.000000 1.000000
1.000000 1.000000 1.000000 1.000000 1.000000 1.000000 1.000000 1.000000 0.000634 0.800000 0.800000 1.000000 0.800000 1.000000 1.000000 0.000035 0.000085 0.800000 1.000000 0.000001 1.000000
1.000000 1.000000 1.000000 1.000000 1.000000 1.000000 1.000000 1.000000 1.000000 1.000000 1.000000 1.000000 0.001547 0.000001 1.000000 0.000006 0.000133 0.640000 0.640000 1.000000 1.000000
1.000000 1.000000 1.000000 1.000000 1.000000 1.000000 1.000000 1.000000 0.000106 0.800000 1.000000 1.000000 0.001238 0.800000 0.800000 0.000044 0.000000 0.640000 0.800000 1.000000 0.800000
1.000000 1.000000 1.000000 1.000000 1.000000 1.000000 1.000000 1.000000 1.000000 0.000792 1.000000 0.800000 1.000000 0.800000 0.800000 0.000035 0.000068 0.640000 0.000001 1.000000 0.000000
1.000000 1.000000 1.000000 1.000000 1.000000 1.000000 1.000000 1.000000 1.000000 1.000000 1.000000 1.000000 0.000406 0.000018 1.000000 0.000035 0.000000 1.000000 1.000000 1.000000 1.000000
1.000000 1.000000 1.000000 1.000000 1.000000 1.000000 1.000000 1.000000 1.000000 1.000000 1.000000 1.000000 0.000406 1.000000 1.000000 0.000044 0.000000 0.800000 1.000000 1.000000 1.000000
1.000000 1.000000 1.000000 1.000000 1.000000 1.000000 1.000000 1.000000 1.000000 1.000000 1.000000 1.000000 0.000325 1.000000 1.000000 0.000044 0.000000 1.000000 1.000000 1.000000 0.800000
1.000000 1.000000 1.000000 1.000000 1.000000 1.000000 1.000000 1.000000 1.000000 1.000000 1.000000 0.800000 1.000000 1.000000 1.000000 0.000001 0.000068 1.000000 1.000000 0.000000 1.000000
1.000000 1.000000 1.000000 1.000000 1.000000 1.000000 1.000000 1.000000 1.000000 1.000000 1.000000 1.000000 1.000000 1.000000 0.000000 0.000007 0.000054 1.000000 1.000000 0.800000 0.640000
1.000000 1.000000 1.000000 1.000000 1.000000 1.000000 1.000000 1.000000 1.000000 1.000000 1.000000 1.000000 0.000507 1.000000 1.000000 0.000044 0.000000 1.000000 0.640000 1.000000 0.800000
1.000000 1.000000 1.000000 1.000000 1.000000 1.000000 1.000000 1.000000 1.000000 0.000000 0.800000 1.000000 0.000634 1.000000 1.000000 0.000028 0.000106 1.000000 1.000000 1.000000 1.000000
1.000000 1.000000 1.000000 1.000000 1.000000 1.000000 1.000000 1.000000 1.000000 1.000000 0.512000 1.000000 0.000990 1.000000 1.000000 0.000009 0.000085 0.800000 0.000001 1.000000 0.000000
1.000000 1.000000 1.000000 1.000000 1.000000 1.000000 1.000000 1.000000 1.000000 1.000000 1.000000 1.000000 0.000000 1.000000 0.007379 0.000022 0.000005 1.000000 1.000000 0.800000 0.000000
1.000000 1.000000 1.000000 1.000000 1.000000 1.000000 1.000000 1.000000 1.000000 1.000000 0.800000 1.000000 0.000002 1.000000 1.000000 0.000044 0.000000 0.800000 1.000000 1.000000 1.000000
1.000000 1.000000 1.000000 1.000000 1.000000 1.000000 1.000000 1.000000 1.000000 0.209715 1.000000 1.000000 0.000406 1.000000 1.000000 0.000035 0.000000 0.800000 1.000000 1.000000 0.800000
1.000000 1.000000 1.000000 1.000000 1.000000 1.000000 1.000000 1.000000 0.000634 1.000000 1.000000 0.800000 1.000000 1.000000 0.000000 0.000035 0.000085 1.000000 1.000000 1.000000 1.000000
1.000000 1.000000 1.000000 1.000000 1.000000 1.000000 1.000000 1.000000 1.000000 1.000000 1.000000 0.800000 0.000004 1.000000 1.000000 0.000035 0.000000 1.000000 1.000000 1.000000 1.000000
1.000000 1.000000 1.000000 1.000000 1.000000 1.000000 1.000000 1.000000 1.000000 1.000000 1.000000 1.000000 0.000325 0.000406 1.000000 0.000044 0.000000 0.800000 1.000000 1.000000 1.000000
1.000000 1.000000 1.000000 1.000000 1.000000 1.000000 1.000000 1.000000 1.000000 1.000000 0.800000 1.000000 0.000406 1.000000 1.000000 0.000035 0.000000 1.000000 1.000000 1.000000 1.000000
1.000000 1.000000 1.000000 1.000000 1.000000 1.000000 1.000000 1.000000 0.409600 1.000000 0.800000 1.000000 0.000634 0.800000 1.000000 0.000035 0.000000 0.800000 0.800000 1.000000 1.000000
1.000000 1.000000 1.000000 1.000000 1.000000 1.000000 1.000000 1.000000 1.000000 1.000000 1.000000 1.000000 0.000792 1.000000 1.000000 0.000011 0.000022 1.000000 0.000001 1.000000 0.640000
1.000000 1.000000 1.000000 1.000000 1.000000 1.000000 1.000000 1.000000 0.000002 1.000000 1.000000 1.000000 0.000406 1.000000 1.000000 0.000044 0.000006 1.000000 1.000000 1.000000 1.000000
1.000000 1.000000 1.000000 1.000000 1.000000 1.000000 1.000000 1.000000 1.000000 1.000000 1.000000 1.000000 0.000507 1.000000 0.640000 0.000044 0.000000 1.000000 1.000000 1.000000 1.000000
1.000000 1.000000 1.000000 1.000000 1.000000 1.000000 1.000000 1.000000 0.007379 1.000000 1.000000 1.000000 0.043980 1.000000 0.800000 0.000044 0.000002 1.000000 0.000005 1.000000 1.000000
1.000000 1.000000 1.000000 1.000000 1.000000 1.000000 1.000000 1.000000 0.000000 1.000000 1.000000 0.800000 1.000000 1.000000 1.000000 0.000035 0.000106 0.800000 1.000000 1.000000 1.000000
1.000000 1.000000 1.000000 1.000000 1.000000 1.000000 1.000000 1.000000 0.000000 1.000000 1.000000 1.000000 1.000000 1.000000 1.000000 0.000035 0.000106 1.000000 1.000000 1.000000 1.000000
1.000000 1.000000 1.000000 1.000000 1.000000 1.000000 1.000000 1.000000 1.000000 1.000000 0.800000 1.000000 1.000000 1.000000 1.000000 0.000002 0.000000 1.000000 0.000085 1.000000 0.800000
1.000000 1.000000 1.000000 1.000000 1.000000 1.000000 1.000000 1.000000 1.000000 0.800000 0.640000 0.640000 0.000507 1.000000 1.000000 0.000035 0.000000 1.000000 1.000000 1.000000 0.640000
1.000000 1.000000 1.000000 1.000000 1.000000 1.000000 1.000000 1.000000 0.800000 0.000007 0.800000 1.000000 0.000406 1.000000 1.000000 0.000044 0.000001 1.000000 1.000000 1.000000 0.800000
1.000000 1.000000 1.000000 1.000000 1.000000 1.000000 1.000000 1.000000 1.000000 1.000000 1.000000 1.000000 0.000406 0.800000 1.000000 0.000044 0.000000 1.000000 1.000000 1.000000 1.000000
1.000000 1.000000 1.000000 1.000000 1.000000 1.000000 1.000000 1.000000 1.000000 1.000000 1.000000 1.000000 0.054976 1.000000 1.000000 0.000044 0.000000 1.000000 1.000000 0.000002 1.000000
1.000000 1.000000 1.000000 1.000000 1.000000 1.000000 1.000000 1.000000 0.054976 1.000000 1.000000 1.000000 0.000406 1.000000 1.000000 0.000044 0.000000 1.000000 1.000000 1.000000 1.000000
1.000000 1.000000 1.000000 1.000000 1.000000 1.000000 1.000000 1.000000 1.000000 0.000068 1.000000 1.000000 0.000325 1.000000 1.000000 0.000044 0.000000 1.000000 1.000000 1.000000 1.000000
1.000000 1.000000 1.000000 1.000000 1.000000 1.000000 1.000000 1.000000 1.000000 1.000000 1.000000 1.000000 1.000000 1.000000 1.000000 0.000000 0.000000 1.000000 0.022518 1.000000 1.000000
1.000000 1.000000 1.000000 1.000000 1.000000 1.000000 1.000000 1.000000 1.000000 1.000000 1.000000 0.800000 0.000406 1.000000 1.000000 0.000044 0.000000 1.000000 1.000000 0.800000 1.000000
1.000000 1.000000 1.000000 1.000000 1.000000 1.000000 1.000000 1.000000 1.000000 1.000000 1.000000 1.000000 0.000325 1.000000 1.000000 0.000044 0.000000 1.000000 1.000000 1.000000 1.000000
1.000000 1.000000 1.000000 1.000000 1.000000 1.000000 1.000000 1.000000 1.000000 1.000000 1.000000 1.000000 0.000325 1.000000 1.000000 0.000044 0.000000 1.000000 1.000000 1.000000 1.000000
1.000000 1.000000 1.000000 1.000000 1.000000 1.000000 1.000000 1.000000 1.000000 1.000000 1.000000 1.000000 0.000001 1.000000 1.000000 0.000035 0.000000 1.000000 1.000000 1.000000 0.800000
1.000000 1.000000 1.000000 1.000000 1.000000 1.000000 1.000000 1.000000 1.000000 0.800000 1.000000 1.000000 0.000406 1.000000 1.000000 0.000044 0.000000 1.000000 1.000000 1.000000 0.800000
1.000000 1.000000 1.000000 1.000000 1.000000 1.000000 1.000000 1.000000 1.000000 1.000000 1.000000 1.000000 0.068719 1.000000 1.000000 0.000009 0.000068 1.000000 0.000000 1.000000 1.000000
1.000000 1.000000 1.000000 1.000000 1.000000 1.000000 1.000000 1.000000 1.000000 1.000000 1.000000 0.800000 0.000325 1.000000 1.000000 0.000044 0.000000 1.000000 1.000000 1.000000 1.000000
1.000000 1.000000 1.000000 1.000000 1.000000 1.000000 1.000000 1.000000 1.000000 1.000000 1.000000 1.000000 0.000325 1.000000 1.000000 0.000044 0.000000 1.000000 1.000000 1.000000 1.000000
1.000000 1.000000 1.000000 1.000000 1.000000 1.000000 1.000000 1.000000 1.000000 1.000000 1.000000 1.000000 0.000406 1.000000 1.000000 0.000001 0.000000 0.800000 1.000000 1.000000 1.000000
1.000000 1.000000 1.000000 1.000000 1.000000 1.000000 1.000000 1.000000 1.000000 1.000000 1.000000 1.000000 0.000325 1.000000 1.000000 0.000044 0.000000 1.000000 1.000000 1.000000 1.000000
1.000000 1.000000 1.000000 1.000000 1.000000 1.000000 1.000000 1.000000 1.000000 1.000000 1.000000 1.000000 1.000000 0.800000 0.000000 0.000006 0.000068 1.000000 1.000000 1.000000 1.000000
1.000000 1.000000 1.000000 1.000000 1.000000 1.000000 1.000000 1.000000 1.000000 1.000000 1.000000 1.000000 1.000000 1.000000 1.000000 0.000000 0.000068 1.000000 1.000000 0.000000 1.000000
1.000000 1.000000 1.000000 1.000000 1.000000 1.000000 1.000000 1.000000 1.000000 1.000000 1.000000 0.800000 0.000325 1.000000 1.000000 0.000044 0.000000 1.000000 1.000000 1.000000 0.800000
1.000000 1.000000 1.000000 1.000000 1.000000 1.000000 1.000000 1.000000 1.000000 1.000000 1.000000 1.000000 0.000325 1.000000 1.000000 0.000044 0.000000 1.000000 1.000000 1.000000 1.000000
1.000000 1.000000 1.000000 1.000000 1.000000 1.000000 1.000000 1.000000 1.000000 0.000507 0.800000 1.000000 0.000406 1.000000 1.000000 0.000044 0.000000 1.000000 0.800000 1.000000 1.000000
1.000000 1.000000 1.000000 1.000000 1.000000 1.000000 1.000000 1.000000 1.000000 1.000000 1.000000 1.000000 0.000406 1.000000 1.000000 0.000035 0.000000 1.000000 0.000406 1.000000 1.000000
1.000000 1.000000 1.000000 1.000000 1.000000 1.000000 1.000000 1.000000 1.000000 1.000000 1.000000 1.000000 0.000002 1.000000 1.000000 0.000035 0.000000 1.000000 1.000000 1.000000 1.000000
1.000000 1.000000 1.000000 1.000000 1.000000 1.000000 1.000000 1.000000 0.800000 1.000000 0.800000 1.000000 0.000507 1.000000 1.000000 0.000035 0.000000 0.800000 1.000000 1.000000 1.000000
1.000000 1.000000 1.000000 1.000000 1.000000 1.000000 1.000000 1.000000 1.000000 1.000000 1.000000 0.800000 0.000325 1.000000 1.000000 0.000044 0.000000 1.000000 1.000000 1.000000 1.000000
1.000000 1.000000 1.000000 1.000000 1.000000 1.000000 1.000000 1.000000 1.000000 1.000000 1.000000 0.800000 0.000406 1.000000 1.000000 0.000044 0.000000 1.000000 1.000000 0.134218 0.800000
1.000000 1.000000 1.000000 1.000000 1.000000 1.000000 1.000000 1.000000 1.000000 1.000000 1.000000 1.000000 0.000325 1.000000 1.000000 0.000044 0.000000 1.000000 1.000000 1.000000 1.000000
1.000000 1.000000 1.000000 1.000000 1.000000 1.000000 1.000000 1.000000 1.000000 1.000000 1.000000 1.000000 0.000406 1.000000 0.028147 0.000035 0.000000 0.800000 1.000000 1.000000 1.000000
1.000000 1.000000 1.000000 1.000000 1.000000 1.000000 1.000000 1.000000 1.000000 1.000000 0.800000 1.000000 0.000325 1.000000 1.000000 0.000044 0.000000 1.000000 1.000000 1.000000 1.000000
1.000000 1.000000 1.000000 1.000000 1.000000 1.000000 1.000000 1.000000 1.000000 1.000000 1.000000 1.000000 0.000325 1.000000 1.000000 0.000044 0.000000 1.000000 1.000000 1.000000 1.000000
1.000000 1.000000 1.000000 1.000000 1.000000 1.000000 1.000000 1.000000 1.000000 1.000000 1.000000 1.000000 0.000325 1.000000 1.000000 0.000044 0.000000 1.000000 1.000000 1.000000 0.800000
1.000000 1.000000 1.000000 1.000000 1.000000 1.000000 1.000000 1.000000 1.000000 1.000000 1.000000 1.000000 0.000325 1.000000 1.000000 0.000044 0.000000 1.000000 1.000000 1.000000 1.000000
1.000000 1.000000 1.000000 1.000000 1.000000 1.000000 1.000000 1.000000 1.000000 1.000000 1.000000 1.000000 0.000325 1.000000 1.000000 0.000044 0.000000 1.000000 1.000000 1.000000 1.000000
1.000000 1.000000 1.000000 1.000000 1.000000 1.000000 1.000000 1.000000 1.000000 1.000000 1.000000 1.000000 0.000325 1.000000 1.000000 0.000044 0.000000 1.000000 1.000000 1.000000 1.000000
1.000000 1.000000 1.000000 1.000000 1.000000 1.000000 1.000000 1.000000 1.000000 0.000000 1.000000 1.000000 0.000507 1.000000 1.000000 0.000035 0.000106 1.000000 1.000000 1.000000 1.000000
1.000000 1.000000 1.000000 1.000000 1.000000 1.000000 1.000000 1.000000 1.000000 1.000000 1.000000 1.000000 0.000507 0.800000 1.000000 0.000044 0.000000 1.000000 0.800000 1.000000 1.000000
1.000000 1.000000 1.000000 1.000000 1.000000 1.000000 1.000000 1.000000 1.000000 1.000000 1.000000 1.000000 0.000325 1.000000 1.000000 0.000044 0.000000 1.000000 1.000000 1.000000 1.000000
1.000000 1.000000 1.000000 1.000000 1.000000 1.000000 1.000000 1.000000 1.000000 1.000000 0.800000 1.000000 0.000325 1.000000 1.000000 0.000044 0.000000 1.000000 1.000000 1.000000 1.000000
1.000000 1.000000 1.000000 1.000000 1.000000 1.000000 1.000000 1.000000 0.054976 1.000000 1.000000 1.000000 0.000325 1.000000 1.000000 0.000044 0.000000 1.000000 1.000000 1.000000 1.000000
1.000000 1.000000 1.000000 1.000000 1.000000 1.000000 1.000000 1.000000 0.000406 1.000000 1.000000 1.000000 0.000406 1.000000 1.000000 0.000044 0.000000 1.000000 1.000000 1.000000 1.000000
1.000000 1.000000 1.000000 1.000000 1.000000 1.000000 1.000000 1.000000 1.000000 1.000000 1.000000 1.000000 0.000325 1.000000 1.000000 0.000044 0.000000 1.000000 1.000000 1.000000 0.800000
1.000000 1.000000 1.000000 1.000000 1.000000 1.000000 1.000000 1.000000 1.000000 1.000000 1.000000 1.000000 0.000325 1.000000 1.000000 0.000035 0.000000 1.000000 1.000000 1.000000 1.000000
1.000000 1.000000 1.000000 1.000000 1.000000 1.000000 1.000000 1.000000 1.000000 1.000000 1.000000 1.000000 0.000406 1.000000 0.000004 0.000035 0.000002 1.000000 1.000000 1.000000 1.000000
1.000000 1.000000 1.000000 1.000000 1.000000 1.000000 1.000000 1.000000 1.000000 1.000000 1.000000 1.000000 0.000325 1.000000 1.000000 0.000035 0.000000 1.000000 1.000000 1.000000 1.000000
1.000000 1.000000 1.000000 1.000000 1.000000 1.000000 1.000000 1.000000 1.000000 1.000000 1.000000 1.000000 0.000325 1.000000 1.000000 0.000035 0.000000 1.000000 1.000000 1.000000 1.000000
1.000000 1.000000 1.000000 1.000000 1.000000 1.000000 1.000000 1.000000 1.000000 1.000000 1.000000 1.000000 0.001238 0.000000 1.000000 0.000006 0.000106 1.000000 1.000000 1.000000 1.000000
1.000000 1.000000 1.000000 1.000000 1.000000 1.000000 1.000000 1.000000 1.000000 1.000000 1.000000 1.000000 0.000507 1.000000 0.000005 0.000028 0.000001 1.000000 1.000000 1.000000 1.000000
1.000000 1.000000 1.000000 1.000000 1.000000 1.000000 1.000000 1.000000 1.000000 1.000000 1.000000 1.000000 0.000325 1.000000 1.000000 0.000035 0.000000 1.000000 1.000000 1.000000 1.000000
1.000000 1.000000 1.000000 1.000000 1.000000 1.000000 1.000000 1.000000 1.000000 1.000000 1.000000 0.800000 0.000325 1.000000 1.000000 0.000044 0.000000 1.000000 1.000000 1.000000 1.000000
1.000000 1.000000 1.000000 1.000000 1.000000 1.000000 1.000000 1.000000 1.000000 1.000000 1.000000 1.000000 0.000325 1.000000 1.000000 0.000035 0.000000 0.640000 1.000000 1.000000 1.000000
1.000000 1.000000 1.000000 1.000000 1.000000 1.000000 1.000000 1.000000 1.000000 1.000000 1.000000 1.000000 0.000325 1.000000 1.000000 0.000035 0.000000 1.000000 1.000000 1.000000 0.800000
1.000000 1.000000 1.000000 1.000000 1.000000 1.000000 1.000000 1.000000 1.000000 1.000000 1.000000 1.000000 0.000325 1.000000 1.000000 0.000035 0.000000 1.000000 1.000000 1.000000 1.000000
1.000000 1.000000 1.000000 1.000000 1.000000 1.000000 1.000000 1.000000 1.000000 1.000000 0.800000 1.000000 0.000325 1.000000 1.000000 0.000035 0.000000 1.000000 1.000000 1.000000 1.000000
1.000000 1.000000 1.000000 1.000000 1.000000 1.000000 1.000000 1.000000 1.000000 1.000000 1.000000 1.000000 0.000325 1.000000 1.000000 0.000035 0.000000 1.000000 1.000000 1.000000 1.000000
1.000000 1.000000 1.000000 1.000000 1.000000 1.000000 1.000000 1.000000 1.000000 1.000000 1.000000 1.000000 0.800000 1.000000 1.000000 0.000000 0.000000 1.000000 1.000000 1.000000 1.000000
1.000000 1.000000 1.000000 1.000000 1.000000 1.000000 1.000000 1.000000 1.000000 1.000000 1.000000 1.000000 0.000325 1.000000 1.000000 0.000035 0.000000 1.000000 1.000000 1.000000 1.000000
1.000000 1.000000 1.000000 1.000000 1.000000 1.000000 1.000000 1.000000 0.800000 1.000000 1.000000 1.000000 0.000406 1.000000 1.000000 0.000035 0.000000 1.000000 1.000000 1.000000 1.000000
1.000000 1.000000 1.000000 1.000000 1.000000 1.000000 1.000000 1.000000 1.000000 1.000000 1.000000 1.000000 0.000000 1.000000 1.000000 0.000006 0.000085 0.800000 1.000000 1.000000 1.000000
1.000000 1.000000 1.000000 1.000000 1.000000 1.000000 1.000000 1.000000 1.000000 0.000166 1.000000 1.000000 1.000000 1.000000 1.000000 0.000035 0.000000 1.000000 1.000000 1.000000 0.800000
1.000000 1.000000 1.000000 1.000000 1.000000 1.000000 1.000000 1.000000 1.000000 0.800000 1.000000 1.000000 0.000406 1.000000 1.000000 0.000035 0.000000 1.000000 1.000000 1.000000 1.000000
1.000000 1.000000 1.000000 1.000000 1.000000 1.000000 1.000000 1.000000 1.000000 1.000000 0.800000 1.000000 1.000000 1.000000 1.000000 0.000022 0.000001 1.000000 0.000000 1.000000 1.000000
1.000000 1.000000 1.000000 1.000000 1.000000 1.000000 1.000000 1.000000 1.000000 1.000000 1.000000 1.000000 0.000000 1.000000 1.000000 0.000006 0.000068 1.000000 1.000000 1.000000 1.000000
1.000000 1.000000 1.000000 1.000000 1.000000 1.000000 1.000000 1.000000 1.000000 1.000000 1.000000 1.000000 0.000000 1.000000 1.000000 0.000035 0.000000 1.000000 1.000000 1.000000 1.000000
1.000000 1.000000 1.000000 1.000000 1.000000 1.000000 1.000000 1.000000 1.000000 1.000000 1.000000 1.000000 0.000406 0.800000 1.000000 0.000035 0.000000 1.000000 1.000000 1.000000 1.000000
1.000000 1.000000 1.000000 1.000000 1.000000 1.000000 1.000000 1.000000 1.000000 1.000000 1.000000 1.000000 0.000325 1.000000 1.000000 0.000044 0.000000 1.000000 0.000011 1.000000 1.000000
1.000000 1.000000 1.000000 1.000000 1.000000 1.000000 1.000000 1.000000 1.000000 1.000000 1.000000 1.000000 0.000009 1.000000 1.000000 0.000044 0.000000 1.000000 1.000000 1.000000 1.000000
1.000000 1.000000 1.000000 1.000000 1.000000 1.000000 1.000000 1.000000 1.000000 1.000000 1.000000 1.000000 0.000325 1.000000 1.000000 0.000035 0.000000 1.000000 1.000000 1.000000 1.000000
1.000000 1.000000 1.000000 1.000000 1.000000 1.000000 1.000000 1.000000 1.000000 1.000000 1.000000 1.000000 0.800000 1.000000 1.000000 0.000000 0.000000 1.000000 1.000000 1.000000 1.000000
1.000000 1.000000 1.000000 1.000000 1.000000 1.000000 1.000000 1.000000 1.000000 1.000000 1.000000 1.000000 0.000325 1.000000 1.000000 0.000035 0.000000 1.000000 1.000000 1.000000 0.800000
1.000000 1.000000 1.000000 1.000000 1.000000 1.000000 1.000000 1.000000 1.000000 1.000000 1.000000 1.000000 0.000325 1.000000 1.000000 0.000035 0.000000 1.000000 1.000000 1.000000 1.000000
1.000000 1.000000 1.000000 1.000000 1.000000 1.000000 1.000000 1.000000 1.000000 1.000000 1.000000 0.800000 0.000325 1.000000 1.000000 0.000035 0.000000 1.000000 1.000000 1.000000 1.000000
1.000000 1.000000 1.000000 1.000000 1.000000 1.000000 1.000000 1.000000 1.000000 1.000000 1.000000 1.000000 0.000000 1.000000 1.000000 0.000006 0.000068 1.000000 1.000000 1.000000 1.000000
1.000000 1.000000 1.000000 1.000000 1.000000 1.000000 1.000000 1.000000 1.000000 1.000000 1.000000 1.000000 0.000000 1.000000 1.000000 0.000006 0.000068 1.000000 1.000000 1.000000 1.000000
1.000000 1.000000 1.000000 1.000000 1.000000 1.000000 1.000000 1.000000 1.000000 1.000000 1.000000 1.000000 0.000000 1.000000 1.000000 0.000006 0.000068 1.000000 1.000000 1.000000 1.000000
1.000000 1.000000 1.000000 1.000000 1.000000 1.000000 1.000000 1.000000 1.000000 1.000000 1.000000 1.000000 0.000000 1.000000 1.000000 0.000006 0.000068 1.000000 1.000000 1.000000 1.000000
1.000000 1.000000 1.000000 1.000000 1.000000 1.000000 1.000000 1.000000 0.000634 1.000000 1.000000 1.000000 0.000000 1.000000 1.000000 0.000035 0.000068 1.000000 1.000000 1.000000 1.000000
1.000000 1.000000 1.000000 1.000000 1.000000 1.000000 1.000000 1.000000 1.000000 1.000000 1.000000 1.000000 0.000000 1.000000 1.000000 0.000006 0.000068 1.000000 1.000000 1.000000 1.000000
1.000000 1.000000 1.000000 1.000000 1.000000 1.000000 1.000000 1.000000 1.000000 1.000000 1.000000 1.000000 0.000000 1.000000 1.000000 0.000006 0.000068 1.000000 1.000000 1.000000 1.000000
1.000000 1.000000 1.000000 1.000000 1.000000 1.000000 1.000000 1.000000 1.000000 1.000000 1.000000 1.000000 0.000000 1.000000 1.000000 0.000006 0.000068 1.000000 1.000000 1.000000 1.000000
1.000000 1.000000 1.000000 1.000000 1.000000 1.000000 1.000000 1.000000 1.000000 1.000000 1.000000 1.000000 0.000000 1.000000 1.000000 0.000006 0.000068 1.000000 1.000000 1.000000 1.000000
1.000000 1.000000 1.000000 1.000000 1.000000 1.000000 1.000000 1.000000 1.000000 1.000000 1.000000 1.000000 0.000000 1.000000 1.000000 0.000006 0.000068 1.000000 1.000000 1.000000 1.000000
1.000000 1.000000 1.000000 1.000000 1.000000 1.000000 1.000000 1.000000 1.000000 1.000000 1.000000 1.000000 0.000325 1.000000 1.000000 0.000035 0.000000 1.000000 1.000000 1.000000 1.000000
1.000000 1.000000 1.000000 1.000000 1.000000 1.000000 1.000000 1.000000 1.000000 1.000000 1.000000 1.000000 0.000000 1.000000 1.000000 0.000011 0.167772 0.000208 1.000000 1.000000 1.000000
1.000000 1.000000 1.000000 1.000000 1.000000 1.000000 1.000000 1.000000 1.000000 1.000000 1.000000 1.000000 0.000000 1.000000 1.000000 0.000006 0.000068 1.000000 1.000000 1.000000 1.000000
1.000000 1.000000 1.000000 1.000000 1.000000 1.000000 1.000000 1.000000 1.000000 1.000000 1.000000 1.000000 0.000000 1.000000 1.000000 0.000006 0.000068 1.000000 1.000000 1.000000 1.000000
1.000000 1.000000 1.000000 1.000000 1.000000 1.000000 1.000000 1.000000 1.000000 1.000000 1.000000 1.000000 0.000000 1.000000 1.000000 0.000006 0.000068 1.000000 1.000000 1.000000 1.000000
1.000000 1.000000 1.000000 1.000000 1.000000 1.000000 1.000000 1.000000 1.000000 1.000000 1.000000 1.000000 0.000000 1.000000 1.000000 0.000006 0.000068 1.000000 1.000000 1.000000 1.000000
1.000000 1.000000 1.000000 1.000000 1.000000 1.000000 1.000000 1.000000 1.000000 1.000000 1.000000 1.000000 0.000000 1.000000 1.000000 0.000006 0.000068 1.000000 1.000000 1.000000 1.000000
1.000000 1.000000 1.000000 1.000000 1.000000 1.000000 1.000000 1.000000 1.000000 1.000000 1.000000 1.000000 0.000000 1.000000 1.000000 0.000006 0.000068 1.000000 1.000000 1.000000 0.800000
1.000000 1.000000 1.000000 1.000000 1.000000 1.000000 1.000000 1.000000 1.000000 1.000000 1.000000 1.000000 0.000000 1.000000 1.000000 0.000006 0.000068 1.000000 1.000000 1.000000 1.000000
1.000000 1.000000 1.000000 1.000000 1.000000 1.000000 1.000000 1.000000 1.000000 1.000000 0.800000 1.000000 0.000000 1.000000 1.000000 0.000006 0.000085 1.000000 1.000000 1.000000 1.000000
1.000000 1.000000 1.000000 1.000000 1.000000 1.000000 1.000000 1.000000 1.000000 1.000000 1.000000 1.000000 0.000000 1.000000 1.000000 0.000006 0.000068 1.000000 1.000000 1.000000 1.000000
1.000000 1.000000 1.000000 1.000000 1.000000 1.000000 1.000000 1.000000 1.000000 1.000000 1.000000 1.000000 0.000000 0.327680 1.000000 0.000009 0.000068 1.000000 0.800000 1.000000 1.000000
1.000000 1.000000 1.000000 1.000000 1.000000 1.000000 1.000000 1.000000 1.000000 1.000000 1.000000 1.000000 0.000000 1.000000 1.000000 0.000006 0.000068 1.000000 1.000000 1.000000 1.000000
1.000000 1.000000 1.000000 1.000000 1.000000 1.000000 1.000000 1.000000 1.000000 1.000000 1.000000 1.000000 0.000000 1.000000 1.000000 0.000006 0.000068 1.000000 1.000000 1.000000 1.000000
1.000000 1.000000 1.000000 1.000000 1.000000 1.000000 1.000000 1.000000 1.000000 1.000000 1.000000 1.000000 0.000000 1.000000 1.000000 0.000006 0.000068 1.000000 1.000000 1.000000 1.000000
1.000000 1.000000 1.000000 1.000000 1.000000 1.000000 1.000000 1.000000 1.000000 1.000000 1.000000 1.000000 0.000000 1.000000 1.000000 0.000006 0.000068 1.000000 1.000000 1.000000 1.000000
1.000000 1.000000 1.000000 1.000000 1.000000 1.000000 1.000000 1.000000 1.000000 1.000000 1.000000 1.000000 0.000325 0.107374 1.000000 0.000035 0.000000 1.000000 1.000000 1.000000 1.000000
1.000000 1.000000 1.000000 1.000000 1.000000 1.000000 1.000000 1.000000 1.000000 1.000000 1.000000 1.000000 0.000000 1.000000 1.000000 0.000006 0.000068 1.000000 1.000000 1.000000 1.000000
1.000000 1.000000 1.000000 1.000000 1.000000 1.000000 1.000000 1.000000 1.000000 1.000000 1.000000 1.000000 0.000000 1.000000 1.000000 0.000006 0.000068 1.000000 1.000000 1.000000 1.000000
1.000000 1.000000 1.000000 1.000000 1.000000 1.000000 1.000000 1.000000 1.000000 1.000000 1.000000 1.000000 0.000000 1.000000 1.000000 0.000006 0.000068 1.000000 1.000000 1.000000 1.000000
1.000000 1.000000 1.000000 1.000000 1.000000 1.000000 1.000000 1.000000 1.000000 1.000000 1.000000 1.000000 0.000000 1.000000 1.000000 0.000006 0.000068 1.000000 1.000000 1.000000 1.000000
1.000000 1.000000 1.000000 1.000000 1.000000 1.000000 1.000000 1.000000 1.000000 1.000000 1.000000 1.000000 0.000000 1.000000 1.000000 0.000006 0.000068 1.000000 1.000000 1.000000 1.000000
1.000000 1.000000 1.000000 1.000000 1.000000 1.000000 1.000000 1.000000 1.000000 1.000000 1.000000 1.000000 0.000000 1.000000 1.000000 0.000006 0.000068 1.000000 1.000000 1.000000 1.000000
1.000000 1.000000 1.000000 1.000000 1.000000 1.000000 1.000000 1.000000 1.000000 1.000000 1.000000 1.000000 0.000000 1.000000 1.000000 0.000006 0.000068 1.000000 1.000000 1.000000 1.000000
1.000000 1.000000 1.000000 1.000000 1.000000 1.000000 1.000000 1.000000 1.000000 1.000000 1.000000 1.000000 0.000000 1.000000 1.000000 0.000006 0.000068 1.000000 1.000000 1.000000 1.000000
1.000000 1.000000 1.000000 1.000000 1.000000 1.000000 1.000000 1.000000 1.000000 1.000000 1.000000 1.000000 0.000000 1.000000 1.000000 0.000006 0.000068 1.000000 1.000000 1.000000 1.000000
1.000000 1.000000 1.000000 1.000000 1.000000 1.000000 1.000000 1.000000 1.000000 1.000000 1.000000 1.000000 0.000000 1.000000 1.000000 0.000006 0.000068 1.000000 1.000000 1.000000 1.000000
1.000000 1.000000 1.000000 1.000000 1.000000 1.000000 1.000000 1.000000 1.000000 1.000000 1.000000 1.000000 0.000000 1.000000 1.000000 0.000006 0.000068 1.000000 1.000000 1.000000 1.000000
1.000000 1.000000 1.000000 1.000000 1.000000 1.000000 1.000000 1.000000 1.000000 1.000000 1.000000 1.000000 0.000325 1.000000 1.000000 0.000035 0.000000 1.000000 1.000000 1.000000 1.000000
1.000000 1.000000 1.000000 1.000000 1.000000 1.000000 1.000000 1.000000 1.000000 1.000000 1.000000 1.000000 0.000000 1.000000 1.000000 0.000006 0.000068 1.000000 1.000000 1.000000 1.000000
1.000000 1.000000 1.000000 1.000000 1.000000 1.000000 1.000000 1.000000 1.000000 1.000000 1.000000 1.000000 0.000000 1.000000 1.000000 0.000006 0.000068 1.000000 1.000000 1.000000 1.000000
1.000000 1.000000 1.000000 1.000000 1.000000 1.000000 1.000000 1.000000 1.000000 1.000000 1.000000 1.000000 0.000000 1.000000 1.000000 0.000006 0.000068 1.000000 1.000000 1.000000 1.000000
1.000000 1.000000 1.000000 1.000000 1.000000 1.000000 1.000000 1.000000 1.000000 1.000000 1.000000 1.000000 0.000000 1.000000 1.000000 0.000006 0.000068 1.000000 1.000000 1.000000 1.000000
1.000000 1.000000 1.000000 1.000000 1.000000 1.000000 1.000000 1.000000 1.000000 1.000000 1.000000 1.000000 0.000000 1.000000 1.000000 0.000006 0.000068 1.000000 1.000000 1.000000 1.000000
1.000000 1.000000 1.000000 1.000000 1.000000 1.000000 1.000000 1.000000 1.000000 1.000000 1.000000 1.000000 0.000000 1.000000 1.000000 0.000006 0.000068 1.000000 1.000000 1.000000 1.000000
1.000000 1.000000 1.000000 1.000000 1.000000 1.000000 1.000000 1.000000 1.000000 1.000000 1.000000 1.000000 0.000000 1.000000 1.000000 0.000006 0.000068 1.000000 1.000000 1.000000 1.000000
1.000000 1.000000 1.000000 1.000000 1.000000 1.000000 1.000000 1.000000 1.000000 1.000000 1.000000 1.000000 0.000000 1.000000 1.000000 0.000006 0.000068 1.000000 1.000000 1.000000 1.000000
1.000000 1.000000 1.000000 1.000000 1.000000 1.000000 1.000000 1.000000 1.000000 1.000000 1.000000 1.000000 0.000000 1.000000 1.000000 0.000006 0.000068 1.000000 0.800000 1.000000 1.000000
1.000000 1.000000 1.000000 1.000000 1.000000 1.000000 1.000000 1.000000 1.000000 1.000000 1.000000 1.000000 0.000000 1.000000 1.000000 0.000006 0.000068 1.000000 1.000000 1.000000 1.000000
1.000000 1.000000 1.000000 1.000000 1.000000 1.000000 1.000000 1.000000 1.000000 1.000000 1.000000 1.000000 0.000000 1.000000 1.000000 0.000006 0.000068 1.000000 1.000000 1.000000 1.000000
1.000000 1.000000 1.000000 1.000000 1.000000 1.000000 1.000000 1.000000 1.000000 1.000000 1.000000 1.000000 0.000000 1.000000 1.000000 0.000006 0.000068 1.000000 1.000000 1.000000 1.000000
1.000000 1.000000 1.000000 1.000000 1.000000 1.000000 1.000000 1.000000 1.000000 0.000000 1.000000 1.000000 0.000507 1.000000 1.000000 0.000035 0.000106 1.000000 1.000000 1.000000 1.000000
1.000000 1.000000 1.000000 1.000000 1.000000 1.000000 1.000000 1.000000 1.000000 1.000000 1.000000 1.000000 0.000325 1.000000 1.000000 0.000035 0.000000 1.000000 1.000000 1.000000 1.000000
1.000000 1.000000 1.000000 1.000000 1.000000 1.000000 1.000000 1.000000 1.000000 1.000000 1.000000 1.000000 0.000000 1.000000 1.000000 0.000006 0.000068 1.000000 1.000000 1.000000 1.000000
1.000000 1.000000 1.000000 1.000000 1.000000 1.000000 1.000000 1.000000 0.000260 1.000000 1.000000 1.000000 0.000001 1.000000 1.000000 0.000044 0.000085 1.000000 1.000000 1.000000 1.000000
1.000000 1.000000 1.000000 1.000000 1.000000 1.000000 1.000000 1.000000 1.000000 1.000000 1.000000 1.000000 0.000000 1.000000 1.000000 0.000006 0.000068 1.000000 1.000000 1.000000 1.000000
1.000000 1.000000 1.000000 1.000000 1.000000 1.000000 1.000000 1.000000 1.000000 1.000000 1.000000 1.000000 0.000000 1.000000 1.000000 0.000006 0.000068 1.000000 1.000000 1.000000 1.000000
1.000000 1.000000 1.000000 1.000000 1.000000 1.000000 1.000000 1.000000 1.000000 1.000000 1.000000 1.000000 0.000000 1.000000 1.000000 0.000006 0.000068 1.000000 1.000000 1.000000 1.000000
1.000000 1.000000 1.000000 1.000000 1.000000 1.000000 1.000000 1.000000 1.000000 1.000000 1.000000 1.000000 0.000000 1.000000 1.000000 0.000006 0.000068 1.000000 1.000000 1.000000 1.000000
1.000000 1.000000 1.000000 1.000000 1.000000 1.000000 1.000000 1.000000 1.000000 1.000000 1.000000 1.000000 0.000000 1.000000 1.000000 0.000006 0.000068 1.000000 1.000000 1.000000 1.000000
1.000000 1.000000 1.000000 1.000000 1.000000 1.000000 1.000000 1.000000 1.000000 1.000000 1.000000 1.000000 0.000000 1.000000 1.000000 0.000006 0.000068 1.000000 1.000000 1.000000 1.000000
1.000000 1.000000 1.000000 1.000000 1.000000 1.000000 1.000000 1.000000 1.000000 1.000000 1.000000 1.000000 0.000000 1.000000 1.000000 0.000006 0.000068 1.000000 1.000000 1.000000 1.000000
1.000000 1.000000 1.000000 1.000000 1.000000 1.000000 1.000000 1.000000 1.000000 1.000000 1.000000 1.000000 0.000325 1.000000 1.000000 0.000044 0.000000 1.000000 1.000000 1.000000 1.000000
1.000000 1.000000 1.000000 1.000000 1.000000 1.000000 1.000000 1.000000 1.000000 1.000000 1.000000 1.000000 0.000000 1.000000 1.000000 0.000006 0.000068 1.000000 1.000000 1.000000 1.000000
1.000000 1.000000 1.000000 1.000000 1.000000 1.000000 1.000000 1.000000 1.000000 1.000000 1.000000 1.000000 0.000000 1.000000 1.000000 0.000006 0.000068 1.000000 1.000000 1.000000 1.000000
1.000000 1.000000 1.000000 1.000000 1.000000 1.000000 1.000000 1.000000 1.000000 1.000000 1.000000 1.000000 0.000000 1.000000 1.000000 0.000006 0.000068 1.000000 1.000000 1.000000 1.000000
1.000000 1.000000 1.000000 1.000000 1.000000 1.000000 1.000000 1.000000 1.000000 1.000000 1.000000 1.000000 0.000000 1.000000 1.000000 0.000006 0.000068 1.000000 1.000000 1.000000 1.000000
1.000000 1.000000 1.000000 1.000000 1.000000 1.000000 1.000000 1.000000 1.000000 1.000000 1.000000 1.000000 0.000000 1.000000 1.000000 0.000006 0.000068 1.000000 1.000000 1.000000 1.000000
1.000000 1.000000 1.000000 1.000000 1.000000 1.000000 1.000000 1.000000 1.000000 1.000000 1.000000 1.000000 0.000000 1.000000 1.000000 0.000006 0.000068 1.000000 1.000000 1.000000 1.000000
1.000000 1.000000 1.000000 1.000000 1.000000 1.000000 1.000000 1.000000 1.000000 1.000000 1.000000 1.000000 0.000000 1.000000 1.000000 0.000006 0.000068 1.000000 1.000000 1.000000 0.800000
1.000000 1.000000 1.000000 1.000000 1.000000 1.000000 1.000000 1.000000 1.000000 1.000000 1.000000 1.000000 0.000000 1.000000 1.000000 0.000006 0.000068 1.000000 1.000000 1.000000 1.000000
1.000000 1.000000 1.000000 1.000000 1.000000 1.000000 1.000000 1.000000 1.000000 1.000000 1.000000 1.000000 0.000000 1.000000 1.000000 0.000006 0.000068 1.000000 1.000000 1.000000 1.000000
1.000000 1.000000 1.000000 1.000000 1.000000 1.000000 1.000000 1.000000 1.000000 1.000000 1.000000 1.000000 0.000000 1.000000 1.000000 0.000006 0.000068 1.000000 1.000000 1.000000 1.000000
1.000000 1.000000 1.000000 1.000000 1.000000 1.000000 1.000000 1.000000 1.000000 1.000000 1.000000 1.000000 0.000000 1.000000 1.000000 0.000006 0.000068 1.000000 1.000000 1.000000 1.000000
1.000000 1.000000 1.000000 1.000000 1.000000 1.000000 1.000000 1.000000 1.000000 1.000000 1.000000 1.000000 0.000000 1.000000 1.000000 0.000006 0.000068 1.000000 1.000000 1.000000 1.000000
1.000000 1.000000 1.000000 1.000000 1.000000 1.000000 1.000000 1.000000 1.000000 1.000000 1.000000 1.000000 0.000000 1.000000 1.000000 0.000006 0.000068 1.000000 1.000000 1.000000 1.000000
1.000000 1.000000 1.000000 1.000000 1.000000 1.000000 1.000000 1.000000 1.000000 1.000000 1.000000 1.000000 0.000000 1.000000 1.000000 0.000006 0.000068 1.000000 1.000000 1.000000 1.000000
1.000000 1.000000 1.000000 1.000000 1.000000 1.000000 1.000000 1.000000 1.000000 1.000000 1.000000 1.000000 0.000000 1.000000 1.000000 0.000006 0.000068 1.000000 1.000000 0.800000 1.000000
1.000000 1.000000 1.000000 1.000000 1.000000 1.000000 1.000000 1.000000 1.000000 1.000000 1.000000 1.000000 0.000000 1.000000 1.000000 0.000006 0.000068 1.000000 1.000000 1.000000 1.000000
1.000000 1.000000 1.000000 1.000000 1.000000 1.000000 1.000000 1.000000 1.000000 1.000000 1.000000 0.800000 0.000325 1.000000 1.000000 0.000035 0.000000 1.000000 1.000000 1.000000 1.000000
1.000000 1.000000 1.000000 1.000000 1.000000 1.000000 1.000000 1.000000 1.000000 1.000000 1.000000 1.000000 0.000000 1.000000 1.000000 0.000006 0.000068 1.000000 1.000000 1.000000 1.000000
1.000000 1.000000 1.000000 1.000000 1.000000 1.000000 1.000000 1.000000 1.000000 1.000000 1.000000 1.000000 0.000000 1.000000 1.000000 0.000006 0.000068 1.000000 1.000000 1.000000 1.000000
1.000000 1.000000 1.000000 1.000000 1.000000 1.000000 1.000000 1.000000 1.000000 1.000000 1.000000 1.000000 0.000000 1.000000 1.000000 0.000006 0.000068 1.000000 1.000000 1.000000 1.000000
1.000000 1.000000 1.000000 1.000000 1.000000 1.000000 1.000000 1.000000 1.000000 1.000000 1.000000 1.000000 0.000000 1.000000 1.000000 0.000006 0.000068 1.000000 1.000000 1.000000 1.000000
1.000000 1.000000 1.000000 1.000000 1.000000 1.000000 1.000000 1.000000 1.000000 1.000000 1.000000 1.000000 0.000000 1.000000 1.000000 0.000006 0.000068 1.000000 1.000000 1.000000 1.000000
1.000000 1.000000 1.000000 1.000000 1.000000 1.000000 1.000000 1.000000 1.000000 1.000000 1.000000 1.000000 0.000000 1.000000 1.000000 0.000006 0.000068 1.000000 1.000000 1.000000 1.000000
1.000000 1.000000 1.000000 1.000000 1.000000 1.000000 1.000000 1.000000 1.000000 1.000000 1.000000 1.000000 0.000000 1.000000 1.000000 0.000006 0.000068 1.000000 1.000000 1.000000 1.000000
1.000000 1.000000 1.000000 1.000000 1.000000 1.000000 1.000000 1.000000 1.000000 1.000000 1.000000 1.000000 0.000000 1.000000 1.000000 0.000006 0.000068 1.000000 1.000000 1.000000 1.000000
1.000000 1.000000 1.000000 1.000000 1.000000 1.000000 1.000000 1.000000 1.000000 1.000000 1.000000 1.000000 0.000000 1.000000 1.000000 0.000006 0.000068 1.000000 1.000000 1.000000 1.000000
1.000000 1.000000 1.000000 1.000000 1.000000 1.000000 1.000000 1.000000 1.000000 1.000000 1.000000 1.000000 0.000000 1.000000 1.000000 0.000006 0.000068 1.000000 1.000000 1.000000 1.000000
1.000000 1.000000 1.000000 1.000000 1.000000 1.000000 1.000000 1.000000 1.000000 1.000000 1.000000 1.000000 0.000000 1.000000 1.000000 0.000006 0.000068 1.000000 1.000000 1.000000 1.000000
1.000000 1.000000 1.000000 1.000000 1.000000 1.000000 1.000000 1.000000 1.000000 1.000000 1.000000 1.000000 0.000000 1.000000 1.000000 0.000006 0.000068 1.000000 1.000000 1.000000 1.000000
1.000000 1.000000 1.000000 1.000000 1.000000 1.000000 1.000000 1.000000 1.000000 1.000000 1.000000 1.000000 0.000000 1.000000 1.000000 0.000006 0.000068 1.000000 1.000000 1.000000 1.000000
1.000000 1.000000 1.000000 1.000000 1.000000 1.000000 1.000000 1.000000 1.000000 1.000000 1.000000 1.000000 0.000000 1.000000 1.000000 0.000006 0.000068 1.000000 1.000000 1.000000 1.000000
1.000000 1.000000 1.000000 1.000000 1.000000 1.000000 1.000000 1.000000 1.000000 1.000000 1.000000 1.000000 0.000000 1.000000 1.000000 0.000006 0.000068 1.000000 1.000000 1.000000 1.000000
1.000000 1.000000 1.000000 1.000000 1.000000 1.000000 1.000000 1.000000 1.000000 1.000000 1.000000 1.000000 0.000000 1.000000 1.000000 0.000006 0.000068 1.000000 1.000000 1.000000 1.000000
1.000000 1.000000 1.000000 1.000000 1.000000 1.000000 1.000000 1.000000 1.000000 1.000000 1.000000 1.000000 0.000000 1.000000 1.000000 0.000006 0.000068 1.000000 1.000000 1.000000 1.000000
1.000000 1.000000 1.000000 1.000000 1.000000 1.000000 1.000000 1.000000 1.000000 1.000000 1.000000 1.000000 0.000000 1.000000 1.000000 0.000006 0.000068 1.000000 1.000000 1.000000 1.000000
1.000000 1.000000 1.000000 1.000000 1.000000 1.000000 1.000000 1.000000 1.000000 1.000000 1.000000 1.000000 0.000000 1.000000 1.000000 0.000006 0.000068 1.000000 1.000000 1.000000 1.000000
1.000000 1.000000 1.000000 1.000000 1.000000 1.000000 1.000000 1.000000 1.000000 1.000000 1.000000 1.000000 0.000000 1.000000 1.000000 0.000006 0.000068 1.000000 1.000000 1.000000 1.000000
1.000000 1.000000 1.000000 1.000000 1.000000 1.000000 1.000000 1.000000 1.000000 1.000000 1.000000 1.000000 0.000000 1.000000 1.000000 0.000006 0.000068 1.000000 1.000000 1.000000 1.000000
1.000000 1.000000 1.000000 1.000000 1.000000 1.000000 1.000000 1.000000 1.000000 1.000000 1.000000 1.000000 0.000000 1.000000 1.000000 0.000006 0.000068 1.000000 1.000000 1.000000 1.000000
1.000000 1.000000 1.000000 1.000000 1.000000 1.000000 1.000000 1.000000 1.000000 1.000000 1.000000 1.000000 0.000000 1.000000 1.000000 0.000006 0.000068 1.000000 1.000000 1.000000 1.000000
1.000000 1.000000 1.000000 1.000000 1.000000 1.000000 1.000000 1.000000 1.000000 1.000000 1.000000 1.000000 0.000260 1.000000 1.000000 0.000044 0.000000 1.000000 1.000000 1.000000 1.000000
1.000000 1.000000 1.000000 1.000000 1.000000 1.000000 1.000000 1.000000 1.000000 1.000000 1.000000 1.000000 0.000000 1.000000 1.000000 0.000006 0.000068 1.000000 1.000000 1.000000 1.000000
1.000000 1.000000 1.000000 1.000000 1.000000 1.000000 1.000000 1.000000 1.000000 1.000000 1.000000 1.000000 0.000000 1.000000 1.000000 0.000006 0.000068 1.000000 1.000000 1.000000 1.000000
1.000000 1.000000 1.000000 1.000000 1.000000 1.000000 1.000000 1.000000 1.000000 1.000000 1.000000 1.000000 0.000000 1.000000 1.000000 0.000006 0.000068 1.000000 1.000000 1.000000 1.000000
1.000000 1.000000 1.000000 1.000000 1.000000 1.000000 1.000000 1.000000 1.000000 1.000000 1.000000 1.000000 0.000000 1.000000 1.000000 0.000006 0.000068 1.000000 1.000000 1.000000 1.000000
1.000000 1.000000 1.000000 1.000000 1.000000 1.000000 1.000000 1.000000 1.000000 1.000000 1.000000 1.000000 0.000000 1.000000 1.000000 0.000006 0.000068 1.000000 1.000000 1.000000 1.000000
1.000000 1.000000 1.000000 1.000000 1.000000 1.000000 1.000000 1.000000 1.000000 1.000000 1.000000 1.000000 0.000000 1.000000 1.000000 0.000006 0.000068 1.000000 1.000000 1.000000 1.000000
1.000000 1.000000 1.000000 1.000000 1.000000 1.000000 1.000000 1.000000 1.000000 1.000000 1.000000 1.000000 0.000000 1.000000 1.000000 0.000006 0.000068 1.000000 1.000000 1.000000 1.000000
1.000000 1.000000 1.000000 1.000000 1.000000 1.000000 1.000000 1.000000 1.000000 1.000000 1.000000 1.000000 0.000000 1.000000 1.000000 0.000006 0.000068 1.000000 1.000000 1.000000 1.000000
1.000000 1.000000 1.000000 1.000000 1.000000 1.000000 1.000000 1.000000 1.000000 1.000000 1.000000 1.000000 0.000000 1.000000 1.000000 0.000006 0.000068 1.000000 1.000000 1.000000 1.000000
1.000000 1.000000 1.000000 1.000000 1.000000 1.000000 1.000000 1.000000 1.000000 1.000000 1.000000 1.000000 0.000000 1.000000 1.000000 0.000006 0.000068 1.000000 1.000000 1.000000 1.000000
1.000000 1.000000 1.000000 1.000000 1.000000 1.000000 1.000000 1.000000 1.000000 1.000000 1.000000 1.000000 0.000000 1.000000 1.000000 0.000006 0.000068 1.000000 1.000000 1.000000 1.000000
1.000000 1.000000 1.000000 1.000000 1.000000 1.000000 1.000000 1.000000 1.000000 1.000000 1.000000 1.000000 0.000000 1.000000 1.000000 0.000006 0.000068 1.000000 1.000000 1.000000 1.000000
1.000000 1.000000 1.000000 1.000000 1.000000 1.000000 1.000000 1.000000 1.000000 1.000000 1.000000 1.000000 0.000000 1.000000 1.000000 0.000006 0.000068 1.000000 1.000000 1.000000 1.000000
1.000000 1.000000 1.000000 1.000000 1.000000 1.000000 1.000000 1.000000 1.000000 1.000000 1.000000 1.000000 0.000000 1.000000 1.000000 0.000006 0.000068 1.000000 1.000000 1.000000 1.000000
1.000000 1.000000 1.000000 1.000000 1.000000 1.000000 1.000000 1.000000 1.000000 1.000000 1.000000 1.000000 0.000000 1.000000 1.000000 0.000006 0.000068 1.000000 1.000000 1.000000 1.000000
1.000000 1.000000 1.000000 1.000000 1.000000 1.000000 1.000000 1.000000 1.000000 1.000000 1.000000 1.000000 0.000000 1.000000 1.000000 0.000006 0.000068 1.000000 1.000000 1.000000 1.000000
1.000000 1.000000 1.000000 1.000000 1.000000 1.000000 1.000000 1.000000 1.000000 1.000000 1.000000 1.000000 0.000000 1.000000 1.000000 0.000006 0.000068 1.000000 1.000000 1.000000 1.000000
1.000000 1.000000 1.000000 1.000000 1.000000 1.000000 1.000000 1.000000 1.000000 1.000000 1.000000 1.000000 0.000000 1.000000 1.000000 0.000006 0.000068 1.000000 1.000000 1.000000 1.000000
1.000000 1.000000 1.000000 1.000000 1.000000 1.000000 1.000000 1.000000 1.000000 1.000000 1.000000 1.000000 0.000000 1.000000 1.000000 0.000006 0.000068 1.000000 1.000000 1.000000 1.000000
1.000000 1.000000 1.000000 1.000000 1.000000 1.000000 1.000000 1.000000 1.000000 1.000000 1.000000 1.000000 0.000000 1.000000 1.000000 0.000006 0.000068 1.000000 1.000000 1.000000 1.000000
1.000000 1.000000 1.000000 1.000000 1.000000 1.000000 1.000000 1.000000 1.000000 1.000000 1.000000 1.000000 0.000000 1.000000 1.000000 0.000006 0.000068 1.000000 1.000000 1.000000 1.000000
1.000000 1.000000 1.000000 1.000000 1.000000 1.000000 1.000000 1.000000 1.000000 1.000000 1.000000 1.000000 0.000000 1.000000 1.000000 0.000006 0.000068 1.000000 1.000000 1.000000 1.000000
1.000000 1.000000 1.000000 1.000000 1.000000 1.000000 1.000000 1.000000 1.000000 1.000000 1.000000 1.000000 0.000000 1.000000 1.000000 0.000006 0.000068 1.000000 1.000000 1.000000 1.000000
1.000000 1.000000 1.000000 1.000000 1.000000 1.000000 1.000000 1.000000 1.000000 1.000000 1.000000 1.000000 0.000000 1.000000 1.000000 0.000006 0.000068 1.000000 1.000000 1.000000 1.000000
1.000000 1.000000 1.000000 1.000000 1.000000 1.000000 1.000000 1.000000 1.000000 1.000000 1.000000 1.000000 0.000000 1.000000 1.000000 0.000006 0.000068 1.000000 1.000000 1.000000 1.000000
1.000000 1.000000 1.000000 1.000000 1.000000 1.000000 1.000000 1.000000 1.000000 1.000000 1.000000 1.000000 0.000000 1.000000 1.000000 0.000006 0.000068 1.000000 1.000000 1.000000 1.000000
1.000000 1.000000 1.000000 1.000000 1.000000 1.000000 1.000000 1.000000 1.000000 1.000000 1.000000 1.000000 0.000000 1.000000 1.000000 0.000006 0.000068 1.000000 1.000000 1.000000 1.000000
1.000000 1.000000 1.000000 1.000000 1.000000 1.000000 1.000000 1.000000 1.000000 1.000000 1.000000 1.000000 0.000000 1.000000 1.000000 0.000006 0.000068 1.000000 1.000000 1.000000 1.000000
1.000000 1.000000 1.000000 1.000000 1.000000 1.000000 1.000000 1.000000 1.000000 1.000000 1.000000 1.000000 0.000000 1.000000 1.000000 0.000006 0.000068 1.000000 1.000000 1.000000 1.000000
1.000000 1.000000 1.000000 1.000000 1.000000 1.000000 1.000000 1.000000 1.000000 1.000000 1.000000 1.000000 0.000000 1.000000 1.000000 0.000006 0.000068 1.000000 1.000000 1.000000 1.000000
1.000000 1.000000 1.000000 1.000000 1.000000 1.000000 1.000000 1.000000 1.000000 1.000000 1.000000 1.000000 0.000000 1.000000 1.000000 0.000006 0.000068 1.000000 1.000000 1.000000 1.000000
1.000000 1.000000 1.000000 1.000000 1.000000 1.000000 1.000000 1.000000 1.000000 1.000000 1.000000 1.000000 0.000000 1.000000 1.000000 0.000006 0.000068 1.000000 1.000000 0.800000 1.000000
1.000000 1.000000 1.000000 1.000000 1.000000 1.000000 1.000000 1.000000 1.000000 1.000000 1.000000 1.000000 0.000000 1.000000 1.000000 0.000006 0.000068 1.000000 1.000000 1.000000 1.000000
1.000000 1.000000 1.000000 1.000000 1.000000 1.000000 1.000000 1.000000 1.000000 1.000000 1.000000 1.000000 0.000000 1.000000 1.000000 0.000006 0.000068 1.000000 1.000000 1.000000 1.000000
1.000000 1.000000 1.000000 1.000000 1.000000 1.000000 1.000000 1.000000 1.000000 1.000000 1.000000 1.000000 0.000000 1.000000 1.000000 0.000006 0.000068 1.000000 1.000000 1.000000 1.000000
1.000000 1.000000 1.000000 1.000000 1.000000 1.000000 1.000000 1.000000 1.000000 1.000000 1.000000 1.000000 0.000000 1.000000 1.000000 0.000006 0.000068 1.000000 1.000000 1.000000 1.000000
1.000000 1.000000 1.000000 1.000000 1.000000 1.000000 1.000000 1.000000 1.000000 1.000000 1.000000 1.000000 0.000000 1.000000 1.000000 0.000006 0.000068 1.000000 1.000000 1.000000 1.000000
1.000000 1.000000 1.000000 1.000000 1.000000 1.000000 1.000000 1.000000 1.000000 1.000000 1.000000 1.000000 0.000000 1.000000 1.000000 0.000006 0.000068 1.000000 1.000000 1.000000 1.000000
1.000000 1.000000 1.000000 1.000000 1.000000 1.000000 1.000000 1.000000 1.000000 1.000000 1.000000 1.000000 0.000000 1.000000 1.000000 0.000006 0.000068 1.000000 1.000000 1.000000 1.000000
1.000000 1.000000 1.000000 1.000000 1.000000 1.000000 1.000000 1.000000 1.000000 1.000000 1.000000 1.000000 0.000000 1.000000 1.000000 0.000006 0.000068 1.000000 1.000000 1.000000 1.000000
1.000000 1.000000 1.000000 1.000000 1.000000 1.000000 1.000000 1.000000 1.000000 1.000000 1.000000 1.000000 0.000000 1.000000 1.000000 0.000006 0.000068 1.000000 1.000000 1.000000 1.000000
1.000000 1.000000 1.000000 1.000000 1.000000 1.000000 1.000000 1.000000 1.000000 1.000000 1.000000 1.000000 0.000000 1.000000 1.000000 0.000006 0.000068 1.000000 1.000000 1.000000 1.000000
1.000000 1.000000 1.000000 1.000000 1.000000 1.000000 1.000000 1.000000 1.000000 1.000000 1.000000 1.000000 0.000000 1.000000 1.000000 0.000006 0.000068 1.000000 1.000000 1.000000 1.000000
1.000000 1.000000 1.000000 1.000000 1.000000 1.000000 1.000000 1.000000 1.000000 1.000000 1.000000 1.000000 0.000000 1.000000 1.000000 0.000006 0.000068 1.000000 1.000000 1.000000 1.000000
1.000000 1.000000 1.000000 1.000000 1.000000 1.000000 1.000000 1.000000 1.000000 1.000000 1.000000 1.000000 0.000000 1.000000 1.000000 0.000006 0.000068 1.000000 1.000000 1.000000 1.000000
1.000000 1.000000 1.000000 1.000000 1.000000 1.000000 1.000000 1.000000 1.000000 1.000000 1.000000 1.000000 0.000000 1.000000 1.000000 0.000006 0.000068 1.000000 1.000000 1.000000 1.000000
1.000000 1.000000 1.000000 1.000000 1.000000 1.000000 1.000000 1.000000 1.000000 1.000000 1.000000 1.000000 0.000000 1.000000 1.000000 0.000006 0.000068 1.000000 1.000000 1.000000 1.000000
1.000000 1.000000 1.000000 1.000000 1.000000 1.000000 1.000000 1.000000 1.000000 1.000000 1.000000 1.000000 0.000000 1.000000 1.000000 0.000006 0.000068 1.000000 1.000000 1.000000 1.000000
1.000000 1.000000 1.000000 1.000000 1.000000 1.000000 1.000000 1.000000 1.000000 1.000000 1.000000 1.000000 0.000000 1.000000 1.000000 0.000006 0.000068 1.000000 1.000000 1.000000 1.000000
1.000000 1.000000 1.000000 1.000000 1.000000 1.000000 1.000000 1.000000 1.000000 1.000000 1.000000 1.000000 0.000000 1.000000 1.000000 0.000006 0.000068 1.000000 1.000000 1.000000 1.000000
1.000000 1.000000 1.000000 1.000000 1.000000 1.000000 1.000000 1.000000 1.000000 1.000000 1.000000 1.000000 0.000000 1.000000 1.000000 0.000006 0.000068 1.000000 1.000000 1.000000 1.000000
