0.000000 0.000000 0.000000 0.000000 0.000000 0.000000 0.000000 0.000000 0.000000 0.000000 0.000000 0.000000 0.000000 0.000000 0.000000 0.000000 0.000000 0.000000 0.000000 0.000000 0.000000
0.084171 0.084171 0.084171 0.084171 0.084171 0.084171 0.084171 0.084171 0.000500 0.001222 0.028422 0.055386 0.004660 0.007281 0.017772 0.000003 0.044358 0.011649 0.000626 0.011376 1.000000
0.084203 0.084203 0.084203 0.084203 0.084203 0.084203 0.084203 0.084203 0.000626 0.000978 0.018206 0.009324 0.017779 0.005828 0.009105 0.000002 0.009324 0.133277 0.000501 0.022220 1.000000
0.084173 0.084173 0.084173 0.084173 0.084173 0.084173 0.084173 0.084173 0.000131 0.000626 0.018199 0.055387 0.017773 0.014220 0.022212 0.000002 0.022745 0.035512 0.000400 0.017773 1.000000
0.084183 0.084183 0.084183 0.084183 0.084183 0.084183 0.084183 0.084183 0.000782 0.004661 0.035516 0.035516 0.027761 0.011378 0.000782 0.000002 0.018201 0.069123 0.000084 0.034686 1.000000
0.084716 0.084716 0.084716 0.084716 0.084716 0.084716 0.084716 0.084716 0.000206 0.001537 0.018318 0.018318 0.027939 0.003753 0.022357 0.000001 0.069563 0.055747 0.000984 0.004691 1.000000
0.084700 0.084700 0.084700 0.084700 0.084700 0.084700 0.084700 0.084700 0.000258 0.001537 0.014653 0.028603 0.022353 0.011449 0.009160 0.000007 0.000211 0.035737 0.001229 0.022353 1.000000
0.084178 0.084178 0.084178 0.084178 0.084178 0.084178 0.084178 0.084178 0.000067 0.000320 0.022746 0.055390 0.022213 0.027759 0.022213 0.000002 0.028424 0.044361 0.002983 0.002983 1.000000
0.084188 0.084188 0.084188 0.084188 0.084188 0.084188 0.084188 0.084188 0.000320 0.001527 0.028427 0.044366 0.000782 0.017776 0.022216 0.000001 0.035518 0.086179 0.000978 0.017776 1.000000
0.084168 0.084168 0.084168 0.084168 0.084168 0.084168 0.084168 0.084168 0.000625 0.002983 0.018198 0.028421 0.009101 0.017772 0.009101 0.000002 0.018198 0.055384 0.000205 0.007281 1.000000
0.084172 0.084172 0.084172 0.084172 0.084172 0.084172 0.084172 0.084172 0.000131 0.000320 0.009320 0.022744 0.011376 0.014220 0.014220 0.000007 0.000086 0.035511 0.043322 0.014220 1.000000
0.084180 0.084180 0.084180 0.084180 0.084180 0.084180 0.084180 0.084180 0.000320 0.001222 0.055391 0.018200 0.054101 0.009102 0.005826 0.000005 0.003055 0.028425 0.000626 0.009102 1.000000
0.084170 0.084170 0.084170 0.084170 0.084170 0.084170 0.084170 0.084170 0.000400 0.000977 0.014560 0.035510 0.022211 0.005825 0.034680 0.000009 0.000410 0.035510 0.000977 0.009101 1.000000
0.084188 0.084188 0.084188 0.084188 0.084188 0.084188 0.084188 0.084188 0.000131 0.000501 0.035518 0.007458 0.014222 0.034688 0.011379 0.000001 0.069127 0.055397 0.000400 0.027762 1.000000
0.084185 0.084185 0.084185 0.084185 0.084185 0.084185 0.084185 0.084185 0.000205 0.000400 0.035517 0.069125 0.011378 0.009103 0.022215 0.000001 0.055395 0.035517 0.000400 0.022215 1.000000
0.084181 0.084181 0.084181 0.084181 0.084181 0.084181 0.084181 0.084181 0.000256 0.001527 0.014562 0.069122 0.009103 0.034685 0.014221 0.000002 0.035515 0.044363 0.000977 0.001527 1.000000
0.084719 0.084719 0.084719 0.084719 0.084719 0.084719 0.084719 0.084719 0.000206 0.000984 0.044649 0.069565 0.027940 0.002402 0.007330 0.000002 0.022894 0.044649 0.000630 0.027940 1.000000
0.084188 0.084188 0.084188 0.084188 0.084188 0.084188 0.084188 0.084188 0.000105 0.000320 0.035518 0.022749 0.027762 0.034688 0.054106 0.000006 0.001955 0.044366 0.000256 0.014222 1.000000
0.084176 0.084176 0.084176 0.084176 0.084176 0.084176 0.084176 0.084176 0.000205 0.001222 0.069117 0.028423 0.017773 0.017773 0.014220 0.000002 0.028423 0.022745 0.000205 0.011377 1.000000
0.084701 0.084701 0.084701 0.084701 0.084701 0.084701 0.084701 0.084701 0.000258 0.001229 0.028603 0.014653 0.022353 0.022353 0.022353 0.000005 0.006003 0.028603 0.000787 0.002401 1.000000
0.084169 0.084169 0.084169 0.084169 0.084169 0.084169 0.084169 0.084169 0.000205 0.000782 0.022743 0.044356 0.007281 0.011376 0.022211 0.000002 0.018198 0.035510 0.000625 0.017772 1.000000
0.084181 0.084181 0.084181 0.084181 0.084181 0.084181 0.084181 0.084181 0.000131 0.000500 0.022747 0.022747 0.022214 0.014221 0.014221 0.000002 0.044362 0.014562 0.000320 0.054101 1.000000
0.084210 0.084210 0.084210 0.084210 0.084210 0.084210 0.084210 0.084210 0.000084 0.000501 0.069145 0.035528 0.067540 0.011382 0.009106 0.000001 0.035528 0.069145 0.000205 0.027770 1.000000
0.084177 0.084177 0.084177 0.084177 0.084177 0.084177 0.084177 0.084177 0.000205 0.000626 0.055389 0.044360 0.014220 0.014220 0.027758 0.000003 0.035513 0.022745 0.000500 0.004661 1.000000
0.084196 0.084196 0.084196 0.084196 0.084196 0.084196 0.084196 0.084196 0.000256 0.001528 0.007458 0.086187 0.017778 0.022218 0.002984 0.000002 0.007458 0.086187 0.000501 0.017778 1.000000
0.084177 0.084177 0.084177 0.084177 0.084177 0.084177 0.084177 0.084177 0.000320 0.001222 0.011650 0.018200 0.011377 0.009102 0.034683 0.000001 0.069118 0.035514 0.000782 0.005826 1.000000
0.084759 0.084759 0.084759 0.084759 0.084759 0.084759 0.084759 0.084759 0.000054 0.000206 0.044670 0.086763 0.034926 0.054476 0.027953 0.000001 0.035762 0.086763 0.000106 0.022369 1.000000
0.084220 0.084220 0.084220 0.084220 0.084220 0.084220 0.084220 0.084220 0.000054 0.000256 0.044383 0.069154 0.011383 0.034701 0.054127 0.000001 0.055418 0.055418 0.000105 0.054127 1.000000
0.084237 0.084237 0.084237 0.084237 0.084237 0.084237 0.084237 0.084237 0.000000 0.001223 0.035539 0.086229 0.067561 0.034708 0.034708 0.000001 0.055429 0.069167 0.000782 0.043356 1.000000
0.084291 0.084291 0.084291 0.084291 0.084291 0.084291 0.084291 0.084291 0.000105 0.000022 0.014582 0.133414 0.067605 0.022244 0.022244 0.000001 0.028463 0.133414 0.000401 0.067605 1.000000
0.084207 0.084207 0.084207 0.084207 0.084207 0.084207 0.084207 0.084207 0.000084 0.000400 0.022754 0.044376 0.034696 0.005828 0.027768 0.000001 0.044376 0.086198 0.000256 0.054118 1.000000
0.084278 0.084278 0.084278 0.084278 0.084278 0.084278 0.084278 0.084278 0.000034 0.000131 0.055457 0.165133 0.054165 0.043377 0.043377 0.000001 0.055457 0.055457 0.000084 0.027792 1.000000
0.084203 0.084203 0.084203 0.084203 0.084203 0.084203 0.084203 0.084203 0.000067 0.000320 0.055407 0.035525 0.022220 0.043338 0.022220 0.000001 0.035525 0.086195 0.000164 0.027767 1.000000
0.084232 0.084232 0.084232 0.084232 0.084232 0.084232 0.084232 0.084232 0.000401 0.003731 0.107336 0.035537 0.034706 0.000007 0.054134 0.000001 0.035537 0.086224 0.001910 0.034706 1.000000
0.084208 0.084208 0.084208 0.084208 0.084208 0.084208 0.084208 0.084208 0.000001 0.001910 0.003056 0.069144 0.043341 0.034696 0.054119 0.000001 0.035527 0.044377 0.000978 0.034696 1.000000
0.084227 0.084227 0.084227 0.084227 0.084227 0.084227 0.084227 0.084227 0.000105 0.000401 0.000328 0.086219 0.034704 0.084227 0.011384 0.000002 0.035535 0.028441 0.000320 0.043351 1.000000
0.084268 0.084268 0.084268 0.084268 0.084268 0.084268 0.084268 0.084268 0.000028 0.000131 0.107381 0.069193 0.054158 0.022237 0.043372 0.000001 0.035552 0.069193 0.000067 0.084268 1.000000
0.084251 0.084251 0.084251 0.084251 0.084251 0.084251 0.084251 0.084251 0.000105 0.000401 0.001252 0.107360 0.027783 0.027783 0.054147 0.000000 0.107360 0.086243 0.000256 0.017789 1.000000
0.084773 0.084773 0.084773 0.084773 0.084773 0.084773 0.084773 0.084773 0.000054 0.000403 0.086777 0.022909 0.011459 0.009168 0.054485 0.000001 0.035768 0.069610 0.000165 0.084773 1.000000
0.084230 0.084230 0.084230 0.084230 0.084230 0.084230 0.084230 0.084230 0.000164 0.000782 0.005969 0.044389 0.007287 0.084230 0.034705 0.000001 0.035536 0.107334 0.000401 0.004664 1.000000
0.084202 0.084202 0.084202 0.084202 0.084202 0.084202 0.084202 0.084202 0.003730 0.000005 0.086193 0.011654 0.004662 0.017779 0.054115 0.000007 0.000134 0.069139 0.011381 0.017779 1.000000
0.084281 0.084281 0.084281 0.084281 0.084281 0.084281 0.084281 0.084281 0.000034 0.000321 0.133397 0.107398 0.043379 0.011391 0.054166 0.000001 0.028459 0.107398 0.000131 0.022241 1.000000
0.084800 0.084800 0.084800 0.084800 0.084800 0.084800 0.084800 0.084800 0.000028 0.000106 0.035779 0.108053 0.034943 0.054503 0.054503 0.000001 0.044692 0.086805 0.000068 0.068015 1.000000
0.084788 0.084788 0.084788 0.084788 0.084788 0.084788 0.084788 0.084788 0.000011 0.000788 0.011736 0.134182 0.054495 0.034938 0.014325 0.000001 0.035774 0.108038 0.000403 0.022376 1.000000
0.084205 0.084205 0.084205 0.084205 0.084205 0.084205 0.084205 0.084205 0.000084 0.000320 0.014567 0.055408 0.043339 0.043339 0.043339 0.000007 0.028433 0.000108 0.000256 0.054117 1.000000
0.084260 0.084260 0.084260 0.084260 0.084260 0.084260 0.084260 0.084260 0.000043 0.000205 0.022768 0.133365 0.043368 0.043368 0.067580 0.000001 0.086253 0.035549 0.000131 0.011389 1.000000
0.084227 0.084227 0.084227 0.084227 0.084227 0.084227 0.084227 0.084227 0.000067 0.000256 0.001956 0.069160 0.043351 0.067554 0.034704 0.000001 0.035535 0.086219 0.000164 0.027775 1.000000
0.084749 0.084749 0.084749 0.084749 0.084749 0.084749 0.084749 0.084749 0.000043 0.000132 0.018325 0.069590 0.027949 0.003003 0.027949 0.000006 0.000108 0.107989 0.022366 0.043622 1.000000
0.084208 0.084208 0.084208 0.084208 0.084208 0.084208 0.084208 0.084208 0.000054 0.000256 0.009324 0.035527 0.034696 0.022221 0.034696 0.000001 0.035527 0.069144 0.000205 0.067538 1.000000
0.084237 0.084237 0.084237 0.084237 0.084237 0.084237 0.084237 0.084237 0.000034 0.000164 0.069167 0.086229 0.027779 0.027779 0.067561 0.000001 0.055429 0.055429 0.000105 0.043356 1.000000
0.084240 0.084240 0.084240 0.084240 0.084240 0.084240 0.084240 0.084240 0.000501 0.000002 0.055431 0.069170 0.027780 0.027780 0.009109 0.000001 0.028445 0.133334 0.002985 0.054140 1.000000
0.084313 0.084313 0.084313 0.084313 0.084313 0.084313 0.084313 0.084313 0.000001 0.000005 0.003059 0.107439 0.067623 0.067623 0.054187 0.000001 0.028470 0.107439 0.084313 0.043395 1.000000
0.084321 0.084321 0.084321 0.084321 0.084321 0.084321 0.084321 0.084321 0.000034 0.000164 0.018231 0.165213 0.017804 0.043399 0.067629 0.000001 0.028473 0.133459 0.000084 0.067629 1.000000
0.084316 0.084316 0.084316 0.084316 0.084316 0.084316 0.084316 0.084316 0.000028 0.000105 0.003824 0.086310 0.067625 0.067625 0.084316 0.000001 0.014586 0.133451 0.000067 0.067625 1.000000
0.084251 0.084251 0.084251 0.084251 0.084251 0.084251 0.084251 0.084251 0.000978 0.000004 0.035545 0.044400 0.034714 0.034714 0.043363 0.000006 0.000108 0.165082 0.002388 0.022233 1.000000
0.084323 0.084323 0.084323 0.084323 0.084323 0.084323 0.084323 0.084323 0.084323 0.000022 0.018232 0.055486 0.084323 0.054193 0.084323 0.000001 0.014587 0.133462 0.000067 0.000084 1.000000
0.084309 0.084309 0.084309 0.084309 0.084309 0.084309 0.084309 0.084309 0.000028 0.000105 0.004780 0.086302 0.054184 0.067619 0.084309 0.000001 0.022782 0.133440 0.000084 0.067619 1.000000
0.084364 0.084364 0.084364 0.084364 0.084364 0.084364 0.084364 0.084364 0.084364 0.000001 0.014594 0.133527 0.054220 0.000001 0.067664 0.000002 0.003827 0.107504 0.084364 0.084364 1.000000
0.084320 0.084320 0.084320 0.084320 0.084320 0.084320 0.084320 0.084320 0.084320 0.084320 0.022785 0.035574 0.000002 0.067628 0.043399 0.000000 0.003060 0.107447 0.000006 0.084320 1.000000
0.084215 0.084215 0.084215 0.084215 0.084215 0.084215 0.084215 0.084215 0.000105 0.000401 0.005968 0.028437 0.043345 0.054124 0.034699 0.000001 0.028437 0.107315 0.000256 0.009106 1.000000
0.084286 0.084286 0.084286 0.084286 0.084286 0.084286 0.084286 0.084286 0.000979 0.004667 0.007467 0.055462 0.067601 0.067601 0.000006 0.000007 0.000135 0.165148 0.002389 0.054170 1.000000
0.084797 0.084797 0.084797 0.084797 0.084797 0.084797 0.084797 0.084797 0.005869 0.000323 0.028636 0.055801 0.068013 0.000001 0.068013 0.000001 0.022915 0.134197 0.004695 0.043647 1.000000
0.084254 0.084254 0.084254 0.084254 0.084254 0.084254 0.084254 0.084254 0.000131 0.000256 0.018217 0.133356 0.017790 0.034715 0.043365 0.000006 0.086247 0.000134 0.000164 0.067575 1.000000
0.084303 0.084303 0.084303 0.084303 0.084303 0.084303 0.084303 0.084303 0.000028 0.000164 0.035567 0.107427 0.054181 0.034736 0.067615 0.000000 0.022780 0.165180 0.000067 0.043390 1.000000
0.084282 0.084282 0.084282 0.084282 0.084282 0.084282 0.084282 0.084282 0.000004 0.000009 0.028460 0.044417 0.054167 0.017796 0.067598 0.000007 0.000108 0.107400 0.084282 0.067598 1.000000
0.084240 0.084240 0.084240 0.084240 0.084240 0.084240 0.084240 0.084240 0.000084 0.000256 0.005970 0.069170 0.067564 0.067564 0.043358 0.000007 0.000108 0.086233 0.000205 0.027780 1.000000
0.084288 0.084288 0.084288 0.084288 0.084288 0.084288 0.084288 0.084288 0.000014 0.000067 0.018224 0.086281 0.054171 0.067603 0.067603 0.000004 0.001957 0.133408 0.000257 0.054171 1.000000
0.084311 0.084311 0.084311 0.084311 0.084311 0.084311 0.084311 0.084311 0.000007 0.000034 0.000135 0.000513 0.054186 0.043394 0.084311 0.000001 0.035571 0.107436 0.084311 0.084311 1.000000
0.084294 0.084294 0.084294 0.084294 0.084294 0.084294 0.084294 0.084294 0.000501 0.084294 0.044423 0.069215 0.000000 0.067608 0.084294 0.000007 0.000168 0.069215 0.007292 0.067608 1.000000
0.084281 0.084281 0.084281 0.084281 0.084281 0.084281 0.084281 0.084281 0.000018 0.084281 0.001002 0.055458 0.054166 0.067597 0.067597 0.000007 0.000210 0.086274 0.000003 0.043379 1.000000
0.084320 0.084320 0.084320 0.084320 0.084320 0.084320 0.084320 0.084320 0.000006 0.002390 0.004781 0.165211 0.043399 0.067628 0.067628 0.000002 0.011670 0.069236 0.000018 0.084320 1.000000
0.084411 0.084411 0.084411 0.084411 0.084411 0.084411 0.084411 0.084411 0.084411 0.000000 0.107563 0.133599 0.084411 0.043447 0.043447 0.000000 0.005982 0.133599 0.084411 0.067702 1.000000
0.084297 0.084297 0.084297 0.084297 0.084297 0.084297 0.084297 0.084297 0.084297 0.000014 0.000035 0.086291 0.054177 0.027799 0.054177 0.000000 0.028465 0.133423 0.000011 0.054177 1.000000
0.084321 0.084321 0.084321 0.084321 0.084321 0.084321 0.084321 0.084321 0.000002 0.000002 0.004781 0.133460 0.054192 0.054192 0.067629 0.000002 0.014587 0.044437 0.084321 0.084321 1.000000
0.084251 0.084251 0.084251 0.084251 0.084251 0.084251 0.084251 0.084251 0.000783 0.000002 0.014575 0.044400 0.054147 0.054147 0.034714 0.000007 0.000069 0.133350 0.002388 0.054147 1.000000
0.084261 0.084261 0.084261 0.084261 0.084261 0.084261 0.084261 0.084261 0.000011 0.000034 0.011662 0.022769 0.067581 0.000978 0.054153 0.000001 0.035549 0.086254 0.084261 0.054153 1.000000
0.084314 0.084314 0.084314 0.084314 0.084314 0.084314 0.084314 0.084314 0.000979 0.054188 0.000009 0.022783 0.084314 0.000007 0.067624 0.000007 0.000135 0.165200 0.004668 0.067624 1.000000
0.084292 0.084292 0.084292 0.084292 0.084292 0.084292 0.084292 0.084292 0.000002 0.002987 0.014582 0.009334 0.054174 0.011393 0.067606 0.000006 0.000086 0.165159 0.002390 0.084292 1.000000
0.084288 0.084288 0.084288 0.084288 0.084288 0.084288 0.084288 0.084288 0.000783 0.003733 0.000210 0.044419 0.054171 0.054171 0.084288 0.000007 0.000108 0.165151 0.002389 0.000067 1.000000
0.084311 0.084311 0.084311 0.084311 0.084311 0.084311 0.084311 0.084311 0.000043 0.000205 0.000328 0.028469 0.043394 0.084311 0.000501 0.000007 0.000135 0.133444 0.084311 0.084311 1.000000
0.084324 0.084324 0.084324 0.084324 0.084324 0.084324 0.084324 0.084324 0.000005 0.084324 0.022786 0.018232 0.084324 0.084324 0.067631 0.000006 0.000086 0.133464 0.000067 0.001912 1.000000
0.084358 0.084358 0.084358 0.084358 0.084358 0.084358 0.084358 0.084358 0.000164 0.001224 0.028486 0.165284 0.043419 0.084358 0.022261 0.000000 0.028486 0.165284 0.000001 0.067659 1.000000
0.084332 0.084332 0.084332 0.084332 0.084332 0.084332 0.084332 0.084332 0.000001 0.000014 0.000329 0.133477 0.067638 0.084332 0.054200 0.000001 0.022788 0.055492 0.084332 0.067638 1.000000
0.084960 0.084960 0.084960 0.084960 0.084960 0.084960 0.084960 0.084960 0.000000 0.084960 0.000069 0.108256 0.022423 0.068145 0.068145 0.000000 0.166416 0.166416 0.028020 0.068145 1.000000
0.084403 0.084403 0.084403 0.084403 0.084403 0.084403 0.084403 0.084403 0.000003 0.084403 0.001004 0.133586 0.054245 0.084403 0.067695 0.000006 0.000210 0.165367 0.000004 0.084403 1.000000
0.084344 0.084344 0.084344 0.084344 0.084344 0.084344 0.084344 0.084344 0.000205 0.000784 0.000001 0.069256 0.067648 0.084344 0.000321 0.000007 0.000108 0.165257 0.084344 0.067648 1.000000
0.084362 0.084362 0.084362 0.084362 0.084362 0.084362 0.084362 0.084362 0.000000 0.084362 0.022796 0.069271 0.084362 0.084362 0.084362 0.000006 0.028487 0.000168 0.084362 0.067662 1.000000
0.084477 0.084477 0.084477 0.084477 0.084477 0.084477 0.084477 0.084477 0.084477 0.084477 0.001962 0.165508 0.067755 0.001226 0.067755 0.000000 0.165508 0.133702 0.084477 0.000000 1.000000
0.084364 0.084364 0.084364 0.084364 0.084364 0.084364 0.084364 0.084364 0.000002 0.084364 0.003827 0.044460 0.067664 0.084364 0.084364 0.000006 0.000108 0.165294 0.000007 0.054220 1.000000
0.084279 0.084279 0.084279 0.084279 0.084279 0.084279 0.084279 0.084279 0.000626 0.002389 0.005973 0.069202 0.067595 0.000028 0.084279 0.000006 0.000135 0.133395 0.001529 0.054165 1.000000
0.084290 0.084290 0.084290 0.084290 0.084290 0.084290 0.084290 0.084290 0.000006 0.084290 0.000263 0.028462 0.054172 0.067604 0.054172 0.000006 0.000168 0.107410 0.000022 0.067604 1.000000
0.084469 0.084469 0.084469 0.084469 0.084469 0.084469 0.084469 0.084469 0.084469 0.000001 0.007483 0.165493 0.084469 0.054289 0.084469 0.000000 0.165493 0.133690 0.000001 0.067749 1.000000
0.084275 0.084275 0.084275 0.084275 0.084275 0.084275 0.084275 0.084275 0.001529 0.009113 0.001957 0.055455 0.067592 0.084275 0.000003 0.000009 0.000086 0.133389 0.002986 0.054163 1.000000
0.084435 0.084435 0.084435 0.084435 0.084435 0.084435 0.084435 0.084435 0.000006 0.000022 0.002451 0.165428 0.067721 0.001226 0.084435 0.000000 0.165428 0.133636 0.084435 0.054266 1.000000
0.084328 0.084328 0.084328 0.084328 0.084328 0.084328 0.084328 0.084328 0.000067 0.084328 0.011671 0.035578 0.000004 0.054197 0.067635 0.000007 0.000055 0.165227 0.084328 0.003735 1.000000
0.084413 0.084413 0.084413 0.084413 0.084413 0.084413 0.084413 0.084413 0.084413 0.000000 0.022810 0.165387 0.084413 0.067704 0.000084 0.000000 0.011683 0.165387 0.002991 0.084413 1.000000
0.084426 0.084426 0.084426 0.084426 0.084426 0.084426 0.084426 0.084426 0.000000 0.000014 0.003829 0.133622 0.084426 0.067714 0.067714 0.000000 0.165411 0.107582 0.084426 0.067714 1.000000
0.084294 0.084294 0.084294 0.084294 0.084294 0.084294 0.084294 0.084294 0.000205 0.000979 0.003059 0.044423 0.054175 0.067607 0.084294 0.000006 0.000641 0.133418 0.000004 0.067607 1.000000
0.084309 0.084309 0.084309 0.084309 0.084309 0.084309 0.084309 0.084309 0.000401 0.001912 0.000000 0.018229 0.084309 0.067620 0.067620 0.000004 0.000108 0.107434 0.084309 0.054185 1.000000
0.084372 0.084372 0.084372 0.084372 0.084372 0.084372 0.084372 0.084372 0.000000 0.084372 0.004784 0.028490 0.054225 0.084372 0.084372 0.000007 0.000135 0.133539 0.084372 0.067670 1.000000
0.084298 0.084298 0.084298 0.084298 0.084298 0.084298 0.084298 0.084298 0.000257 0.000043 0.009334 0.014583 0.067611 0.067611 0.084298 0.000001 0.035565 0.107420 0.000022 0.084298 1.000000
0.083966 0.083966 0.083966 0.083966 0.083966 0.083966 0.083966 0.083966 0.083966 0.003719 0.022688 0.132910 0.083966 0.083966 0.000000 0.000000 0.164546 0.164546 0.083966 0.083966 1.000000
0.084359 0.084359 0.084359 0.084359 0.084359 0.084359 0.084359 0.084359 0.000627 0.084359 0.000035 0.028486 0.084359 0.000003 0.084359 0.000006 0.000135 0.165286 0.003737 0.084359 1.000000
0.084381 0.084381 0.084381 0.084381 0.084381 0.084381 0.084381 0.084381 0.000043 0.084381 0.000411 0.022801 0.084381 0.084381 0.067677 0.000007 0.000108 0.165326 0.084381 0.000001 1.000000
0.084357 0.084357 0.084357 0.084357 0.084357 0.084357 0.084357 0.084357 0.000205 0.000980 0.018239 0.069267 0.084357 0.067658 0.084357 0.000007 0.000108 0.165282 0.084357 0.000001 1.000000
0.083999 0.083999 0.083999 0.083999 0.083999 0.083999 0.083999 0.083999 0.083999 0.083999 0.000000 0.164607 0.083999 0.083999 0.000000 0.000000 0.164607 0.132960 0.083999 0.083999 1.000000
0.084359 0.084359 0.084359 0.084359 0.084359 0.084359 0.084359 0.084359 0.000004 0.084359 0.018240 0.069269 0.067660 0.054217 0.067660 0.000006 0.000135 0.165286 0.000002 0.084359 1.000000
0.083989 0.083989 0.083989 0.083989 0.083989 0.083989 0.083989 0.083989 0.083989 0.083989 0.000002 0.164588 0.011351 0.083989 0.083989 0.000000 0.164588 0.164588 0.083989 0.000000 1.000000
0.084010 0.084010 0.084010 0.084010 0.084010 0.084010 0.084010 0.084010 0.084010 0.084010 0.000134 0.164628 0.084010 0.084010 0.084010 0.000000 0.164628 0.164628 0.067378 0.000000 1.000000
0.084376 0.084376 0.084376 0.084376 0.084376 0.084376 0.084376 0.084376 0.000028 0.084376 0.000000 0.022800 0.084376 0.084376 0.067674 0.000006 0.000000 0.107519 0.084376 0.084376 1.000000
0.084363 0.084363 0.084363 0.084363 0.084363 0.084363 0.084363 0.084363 0.000034 0.084363 0.000005 0.055513 0.084363 0.067663 0.000022 0.000007 0.000009 0.133525 0.084363 0.084363 1.000000
0.084400 0.084400 0.084400 0.084400 0.084400 0.084400 0.084400 0.084400 0.000006 0.084400 0.086396 0.165363 0.084400 0.084400 0.067693 0.000007 0.035609 0.000411 0.000000 0.084400 1.000000
0.084380 0.084380 0.084380 0.084380 0.084380 0.084380 0.084380 0.084380 0.000006 0.084380 0.000002 0.069285 0.084380 0.084380 0.084380 0.000007 0.000135 0.133551 0.000034 0.084380 1.000000
0.084320 0.084320 0.084320 0.084320 0.084320 0.084320 0.084320 0.084320 0.000043 0.084320 0.022785 0.086314 0.084320 0.067628 0.067628 0.000007 0.011670 0.000642 0.000000 0.084320 1.000000
0.084468 0.084468 0.084468 0.084468 0.084468 0.084468 0.084468 0.084468 0.084468 0.084468 0.005986 0.165491 0.067748 0.067748 0.000000 0.000000 0.001962 0.165491 0.084468 0.084468 1.000000
0.083967 0.083967 0.083967 0.083967 0.083967 0.083967 0.083967 0.083967 0.083967 0.083967 0.000000 0.068945 0.083967 0.000000 0.083967 0.000000 0.164548 0.164548 0.083967 0.083967 1.000000
0.084327 0.084327 0.084327 0.084327 0.084327 0.084327 0.084327 0.084327 0.000084 0.084327 0.000000 0.069242 0.084327 0.000034 0.067634 0.000007 0.035578 0.000135 0.084327 0.084327 1.000000
0.084483 0.084483 0.084483 0.084483 0.084483 0.084483 0.084483 0.084483 0.084483 0.000000 0.000002 0.165518 0.084483 0.084483 0.084483 0.000000 0.028528 0.165518 0.084483 0.067759 1.000000
0.084410 0.084410 0.084410 0.084410 0.084410 0.084410 0.084410 0.084410 0.000000 0.084410 0.000004 0.055544 0.084410 0.084410 0.084410 0.000006 0.000135 0.133598 0.084410 0.084410 1.000000
0.084348 0.084348 0.084348 0.084348 0.084348 0.084348 0.084348 0.084348 0.000105 0.084348 0.018237 0.133501 0.084348 0.067651 0.000000 0.000006 0.035586 0.000135 0.084348 0.067651 1.000000
0.084368 0.084368 0.084368 0.084368 0.084368 0.084368 0.084368 0.084368 0.000004 0.084368 0.000000 0.069275 0.084368 0.067667 0.000401 0.000007 0.000108 0.133532 0.084368 0.084368 1.000000
0.084409 0.084409 0.084409 0.084409 0.084409 0.084409 0.084409 0.084409 0.000001 0.000067 0.000005 0.107560 0.084409 0.084409 0.067700 0.000000 0.165380 0.028503 0.084409 0.084409 1.000000
0.084368 0.084368 0.084368 0.084368 0.084368 0.084368 0.084368 0.084368 0.000131 0.084368 0.000000 0.000002 0.084368 0.084368 0.084368 0.000007 0.000135 0.133533 0.000784 0.084368 1.000000
0.084382 0.084382 0.084382 0.084382 0.084382 0.084382 0.084382 0.084382 0.000132 0.084382 0.000000 0.035601 0.084382 0.084382 0.084382 0.000000 0.003062 0.165329 0.001225 0.067679 1.000000
0.084481 0.084481 0.084481 0.084481 0.084481 0.084481 0.084481 0.084481 0.084481 0.084481 0.000108 0.165515 0.084481 0.084481 0.000000 0.000000 0.014615 0.165515 0.084481 0.067758 1.000000
0.084358 0.084358 0.084358 0.084358 0.084358 0.084358 0.084358 0.084358 0.000131 0.000980 0.000002 0.000007 0.014252 0.084358 0.084358 0.000007 0.000086 0.165284 0.084358 0.084358 1.000000
0.084427 0.084427 0.084427 0.084427 0.084427 0.084427 0.084427 0.084427 0.000000 0.084427 0.000329 0.018255 0.084427 0.084427 0.084427 0.000007 0.000108 0.165413 0.084427 0.084427 1.000000
0.084483 0.084483 0.084483 0.084483 0.084483 0.084483 0.084483 0.084483 0.000002 0.084483 0.000000 0.028528 0.084483 0.084483 0.067759 0.000000 0.165518 0.165518 0.084483 0.084483 1.000000
0.084429 0.084429 0.084429 0.084429 0.084429 0.084429 0.084429 0.084429 0.000022 0.084429 0.000000 0.035621 0.084429 0.084429 0.084429 0.000007 0.000000 0.165417 0.084429 0.084429 1.000000
0.084415 0.084415 0.084415 0.084415 0.084415 0.084415 0.084415 0.084415 0.000004 0.084415 0.000000 0.018252 0.067705 0.084415 0.084415 0.000004 0.000108 0.165390 0.084415 0.084415 1.000000
0.084391 0.084391 0.084391 0.084391 0.084391 0.084391 0.084391 0.084391 0.000005 0.084391 0.000000 0.018247 0.084391 0.084391 0.084391 0.000003 0.000108 0.133568 0.084391 0.067686 1.000000
0.084337 0.084337 0.084337 0.084337 0.084337 0.084337 0.084337 0.084337 0.000257 0.084337 0.000000 0.022789 0.084337 0.067642 0.054203 0.000003 0.000135 0.133485 0.001530 0.084337 1.000000
0.084382 0.084382 0.084382 0.084382 0.084382 0.084382 0.084382 0.084382 0.000043 0.084382 0.000002 0.035601 0.084382 0.000043 0.084382 0.000006 0.000005 0.165329 0.084382 0.067679 1.000000
0.084338 0.084338 0.084338 0.084338 0.084338 0.084338 0.084338 0.084338 0.000257 0.084338 0.002448 0.044446 0.067642 0.084338 0.000005 0.000006 0.000108 0.165245 0.000979 0.067642 1.000000
0.084431 0.084431 0.084431 0.084431 0.084431 0.084431 0.084431 0.084431 0.000022 0.084431 0.000000 0.165420 0.084431 0.084431 0.084431 0.000006 0.044496 0.000000 0.084431 0.084431 1.000000
0.084364 0.084364 0.084364 0.084364 0.084364 0.084364 0.084364 0.084364 0.000005 0.084364 0.000000 0.028488 0.084364 0.034761 0.067664 0.000005 0.000108 0.133526 0.084364 0.084364 1.000000
0.084427 0.084427 0.084427 0.084427 0.084427 0.084427 0.084427 0.084427 0.000000 0.084427 0.000004 0.022814 0.084427 0.084427 0.084427 0.000006 0.000108 0.165414 0.084427 0.084427 1.000000
0.084419 0.084419 0.084419 0.084419 0.084419 0.084419 0.084419 0.084419 0.000028 0.084419 0.000000 0.165397 0.084419 0.067708 0.084419 0.000006 0.044489 0.000000 0.084419 0.084419 1.000000
0.084384 0.084384 0.084384 0.084384 0.084384 0.084384 0.084384 0.084384 0.000034 0.084384 0.007475 0.044471 0.084384 0.084384 0.067680 0.000007 0.000069 0.165333 0.084384 0.000000 1.000000
0.084899 0.084899 0.084899 0.084899 0.084899 0.084899 0.084899 0.084899 0.000631 0.003761 0.000000 0.035822 0.084899 0.084899 0.084899 0.000006 0.000000 0.166302 0.084899 0.014344 1.000000
0.084367 0.084367 0.084367 0.084367 0.084367 0.084367 0.084367 0.084367 0.000006 0.000006 0.000514 0.107507 0.067666 0.054222 0.054222 0.000007 0.000108 0.165300 0.084367 0.084367 1.000000
0.084431 0.084431 0.084431 0.084431 0.084431 0.084431 0.084431 0.084431 0.000022 0.084431 0.000000 0.165420 0.084431 0.084431 0.084431 0.000006 0.044496 0.000000 0.084431 0.084431 1.000000
0.084369 0.084369 0.084369 0.084369 0.084369 0.084369 0.084369 0.084369 0.000001 0.000009 0.005979 0.028489 0.067668 0.084369 0.084369 0.000006 0.000108 0.165304 0.084369 0.067668 1.000000
0.084390 0.084390 0.084390 0.084390 0.084390 0.084390 0.084390 0.084390 0.000005 0.084390 0.000000 0.028497 0.067685 0.084390 0.043436 0.000004 0.000108 0.165344 0.084390 0.084390 1.000000
0.084407 0.084407 0.084407 0.084407 0.084407 0.084407 0.084407 0.084407 0.000022 0.084407 0.000000 0.133593 0.084407 0.084407 0.084407 0.000007 0.044483 0.000000 0.084407 0.084407 1.000000
0.084415 0.084415 0.084415 0.084415 0.084415 0.084415 0.084415 0.084415 0.000004 0.084415 0.000000 0.022811 0.084415 0.084415 0.084415 0.000003 0.000108 0.165390 0.084415 0.067705 1.000000
0.084404 0.084404 0.084404 0.084404 0.084404 0.084404 0.084404 0.084404 0.000004 0.084404 0.011682 0.069305 0.084404 0.084404 0.000001 0.000007 0.000108 0.165369 0.084404 0.084404 1.000000
0.084381 0.084381 0.084381 0.084381 0.084381 0.084381 0.084381 0.084381 0.000001 0.000007 0.004784 0.165326 0.067677 0.084381 0.084381 0.000006 0.022801 0.000168 0.084381 0.084381 1.000000
0.084355 0.084355 0.084355 0.084355 0.084355 0.084355 0.084355 0.084355 0.000043 0.000257 0.000000 0.055507 0.022261 0.084355 0.067656 0.000007 0.000108 0.165277 0.084355 0.084355 1.000000
0.084381 0.084381 0.084381 0.084381 0.084381 0.084381 0.084381 0.084381 0.000002 0.000011 0.000803 0.028494 0.067678 0.084381 0.084381 0.000007 0.000108 0.165327 0.084381 0.084381 1.000000
0.084365 0.084365 0.084365 0.084365 0.084365 0.084365 0.084365 0.084365 0.000105 0.000627 0.000000 0.055514 0.084365 0.084365 0.084365 0.000007 0.000108 0.165296 0.002392 0.084365 1.000000
0.084427 0.084427 0.084427 0.084427 0.084427 0.084427 0.084427 0.084427 0.000003 0.084427 0.000000 0.018255 0.084427 0.084427 0.084427 0.000004 0.000108 0.165413 0.084427 0.084427 1.000000
0.084427 0.084427 0.084427 0.084427 0.084427 0.084427 0.084427 0.084427 0.000003 0.084427 0.000000 0.022814 0.084427 0.084427 0.084427 0.000004 0.000086 0.165414 0.084427 0.084427 1.000000
0.084428 0.084428 0.084428 0.084428 0.084428 0.084428 0.084428 0.084428 0.000000 0.084428 0.000000 0.028510 0.084428 0.084428 0.084428 0.000006 0.000108 0.165415 0.084428 0.084428 1.000000
0.084022 0.084022 0.084022 0.084022 0.084022 0.084022 0.084022 0.084022 0.084022 0.000006 0.000000 0.164651 0.084022 0.084022 0.084022 0.000000 0.164651 0.164651 0.084022 0.084022 1.000000
0.084427 0.084427 0.084427 0.084427 0.084427 0.084427 0.084427 0.084427 0.000003 0.084427 0.000000 0.018255 0.084427 0.084427 0.084427 0.000004 0.000108 0.165413 0.084427 0.084427 1.000000
0.084415 0.084415 0.084415 0.084415 0.084415 0.084415 0.084415 0.084415 0.000004 0.084415 0.000000 0.022811 0.084415 0.084415 0.067705 0.000004 0.000086 0.165390 0.084415 0.084415 1.000000
0.084427 0.084427 0.084427 0.084427 0.084427 0.084427 0.084427 0.084427 0.000003 0.084427 0.000000 0.022814 0.084427 0.084427 0.084427 0.000004 0.000086 0.165414 0.084427 0.084427 1.000000
0.084427 0.084427 0.084427 0.084427 0.084427 0.084427 0.084427 0.084427 0.000003 0.084427 0.000000 0.022814 0.084427 0.084427 0.084427 0.000004 0.000086 0.165414 0.084427 0.084427 1.000000
0.084397 0.084397 0.084397 0.084397 0.084397 0.084397 0.084397 0.084397 0.000002 0.084397 0.000000 0.044478 0.084397 0.084397 0.014258 0.000005 0.000108 0.165357 0.084397 0.084397 1.000000
0.084403 0.084403 0.084403 0.084403 0.084403 0.084403 0.084403 0.084403 0.000002 0.084403 0.000004 0.069305 0.084403 0.084403 0.000084 0.000007 0.000108 0.165368 0.084403 0.084403 1.000000
0.083976 0.083976 0.083976 0.083976 0.083976 0.083976 0.083976 0.083976 0.083976 0.083976 0.000001 0.132924 0.083976 0.083976 0.083976 0.000000 0.164564 0.132924 0.083976 0.000000 1.000000
0.084397 0.084397 0.084397 0.084397 0.084397 0.084397 0.084397 0.084397 0.000002 0.084397 0.000000 0.044478 0.084397 0.084397 0.084397 0.000005 0.000108 0.165357 0.084397 0.014258 1.000000
0.084428 0.084428 0.084428 0.084428 0.084428 0.084428 0.084428 0.084428 0.000000 0.084428 0.000000 0.028510 0.084428 0.084428 0.084428 0.000007 0.000108 0.165415 0.084428 0.084428 1.000000
0.084429 0.084429 0.084429 0.084429 0.084429 0.084429 0.084429 0.084429 0.000022 0.084429 0.000000 0.035621 0.084429 0.084429 0.084429 0.000007 0.000000 0.165417 0.084429 0.084429 1.000000
0.084415 0.084415 0.084415 0.084415 0.084415 0.084415 0.084415 0.084415 0.000004 0.084415 0.000000 0.022811 0.067705 0.084415 0.084415 0.000004 0.000086 0.165390 0.084415 0.084415 1.000000
0.084332 0.084332 0.084332 0.084332 0.084332 0.084332 0.084332 0.084332 0.000205 0.000011 0.022788 0.055492 0.084332 0.004669 0.084332 0.000007 0.000108 0.165234 0.001530 0.084332 1.000000
0.084415 0.084415 0.084415 0.084415 0.084415 0.084415 0.084415 0.084415 0.000004 0.084415 0.000000 0.022811 0.084415 0.067705 0.084415 0.000004 0.000086 0.165390 0.084415 0.084415 1.000000
0.084399 0.084399 0.084399 0.084399 0.084399 0.084399 0.084399 0.084399 0.000018 0.084399 0.000000 0.055537 0.084399 0.084399 0.084399 0.000006 0.000135 0.165361 0.000164 0.084399 1.000000
0.084364 0.084364 0.084364 0.084364 0.084364 0.084364 0.084364 0.084364 0.000001 0.000011 0.011676 0.035594 0.027821 0.084364 0.084364 0.000006 0.000108 0.165295 0.084364 0.084364 1.000000
0.084031 0.084031 0.084031 0.084031 0.084031 0.084031 0.084031 0.084031 0.084031 0.084031 0.000000 0.164668 0.084031 0.084031 0.084031 0.000000 0.164668 0.164668 0.043249 0.084031 1.000000
0.084427 0.084427 0.084427 0.084427 0.084427 0.084427 0.084427 0.084427 0.000003 0.084427 0.000000 0.022814 0.084427 0.084427 0.084427 0.000004 0.000086 0.165414 0.084427 0.084427 1.000000
0.084415 0.084415 0.084415 0.084415 0.084415 0.084415 0.084415 0.084415 0.000005 0.084415 0.000000 0.022811 0.067705 0.084415 0.084415 0.000003 0.000086 0.165390 0.084415 0.084415 1.000000
0.084407 0.084407 0.084407 0.084407 0.084407 0.084407 0.084407 0.084407 0.000005 0.084407 0.000000 0.022809 0.084407 0.084407 0.054248 0.000003 0.000108 0.165376 0.084407 0.084407 1.000000
0.084415 0.084415 0.084415 0.084415 0.084415 0.084415 0.084415 0.084415 0.000000 0.084415 0.011684 0.022811 0.084415 0.067705 0.084415 0.000006 0.000108 0.165391 0.084415 0.084415 1.000000
0.084436 0.084436 0.084436 0.084436 0.084436 0.084436 0.084436 0.084436 0.000164 0.084436 0.014607 0.133638 0.084436 0.000000 0.084436 0.000001 0.011687 0.165430 0.084436 0.084436 1.000000
0.084393 0.084393 0.084393 0.084393 0.084393 0.084393 0.084393 0.084393 0.000164 0.084393 0.000000 0.022805 0.084393 0.084393 0.084393 0.000004 0.000086 0.165349 0.001531 0.084393 1.000000
0.084403 0.084403 0.084403 0.084403 0.084403 0.084403 0.084403 0.084403 0.000002 0.084403 0.000004 0.069305 0.084403 0.084403 0.084403 0.000006 0.000086 0.165368 0.084403 0.000084 1.000000
0.084427 0.084427 0.084427 0.084427 0.084427 0.084427 0.084427 0.084427 0.000003 0.084427 0.000000 0.022814 0.084427 0.084427 0.084427 0.000004 0.000086 0.165414 0.084427 0.084427 1.000000
0.084396 0.084396 0.084396 0.084396 0.084396 0.084396 0.084396 0.084396 0.000028 0.084396 0.018248 0.035607 0.084396 0.000000 0.084396 0.000006 0.000108 0.165354 0.084396 0.084396 1.000000
0.084427 0.084427 0.084427 0.084427 0.084427 0.084427 0.084427 0.084427 0.000003 0.084427 0.000000 0.022814 0.084427 0.084427 0.084427 0.000004 0.000086 0.165414 0.084427 0.084427 1.000000
0.084415 0.084415 0.084415 0.084415 0.084415 0.084415 0.084415 0.084415 0.000004 0.084415 0.000000 0.022811 0.084415 0.067705 0.084415 0.000004 0.000086 0.165390 0.084415 0.084415 1.000000
0.084381 0.084381 0.084381 0.084381 0.084381 0.084381 0.084381 0.084381 0.000205 0.001914 0.000000 0.022801 0.084381 0.067677 0.084381 0.000002 0.000108 0.165326 0.084381 0.084381 1.000000
0.084404 0.084404 0.084404 0.084404 0.084404 0.084404 0.084404 0.084404 0.000002 0.084404 0.000000 0.069305 0.009127 0.084404 0.084404 0.000005 0.000108 0.165369 0.084404 0.084404 1.000000
0.084404 0.084404 0.084404 0.084404 0.084404 0.084404 0.084404 0.084404 0.000004 0.084404 0.000000 0.022808 0.084404 0.084404 0.084404 0.000003 0.000086 0.133588 0.084404 0.084404 1.000000
0.084427 0.084427 0.084427 0.084427 0.084427 0.084427 0.084427 0.084427 0.000004 0.084427 0.000000 0.022814 0.084427 0.084427 0.084427 0.000003 0.000086 0.165414 0.084427 0.084427 1.000000
0.084427 0.084427 0.084427 0.084427 0.084427 0.084427 0.084427 0.084427 0.000003 0.084427 0.000000 0.022814 0.084427 0.084427 0.084427 0.000004 0.000086 0.165414 0.084427 0.084427 1.000000
0.084427 0.084427 0.084427 0.084427 0.084427 0.084427 0.084427 0.084427 0.000003 0.084427 0.000000 0.022814 0.084427 0.084427 0.084427 0.000004 0.000086 0.165414 0.084427 0.084427 1.000000
0.084427 0.084427 0.084427 0.084427 0.084427 0.084427 0.084427 0.084427 0.000003 0.084427 0.000000 0.022814 0.084427 0.084427 0.084427 0.000004 0.000086 0.165414 0.084427 0.084427 1.000000
0.084427 0.084427 0.084427 0.084427 0.084427 0.084427 0.084427 0.084427 0.000003 0.084427 0.000000 0.022814 0.084427 0.084427 0.084427 0.000004 0.000086 0.165414 0.084427 0.084427 1.000000
0.084427 0.084427 0.084427 0.084427 0.084427 0.084427 0.084427 0.084427 0.000004 0.084427 0.000000 0.018255 0.084427 0.084427 0.084427 0.000003 0.000086 0.165413 0.084427 0.084427 1.000000
0.084427 0.084427 0.084427 0.084427 0.084427 0.084427 0.084427 0.084427 0.000003 0.084427 0.000000 0.022814 0.084427 0.084427 0.084427 0.000004 0.000086 0.165414 0.084427 0.084427 1.000000
0.084404 0.084404 0.084404 0.084404 0.084404 0.084404 0.084404 0.084404 0.000002 0.084404 0.018250 0.069305 0.084404 0.084404 0.000001 0.000007 0.000108 0.165370 0.084404 0.084404 1.000000
0.084427 0.084427 0.084427 0.084427 0.084427 0.084427 0.084427 0.084427 0.000003 0.084427 0.000000 0.022814 0.084427 0.084427 0.084427 0.000004 0.000086 0.165414 0.084427 0.084427 1.000000
0.084415 0.084415 0.084415 0.084415 0.084415 0.084415 0.084415 0.084415 0.000004 0.084415 0.000000 0.022811 0.067705 0.084415 0.084415 0.000004 0.000086 0.165390 0.084415 0.084415 1.000000
0.084028 0.084028 0.084028 0.084028 0.084028 0.084028 0.084028 0.084028 0.084028 0.084028 0.000000 0.164662 0.084028 0.084028 0.084028 0.000000 0.164662 0.164662 0.084028 0.034621 1.000000
0.084427 0.084427 0.084427 0.084427 0.084427 0.084427 0.084427 0.084427 0.000003 0.084427 0.000000 0.022814 0.084427 0.084427 0.084427 0.000004 0.000086 0.165414 0.084427 0.084427 1.000000
0.084415 0.084415 0.084415 0.084415 0.084415 0.084415 0.084415 0.084415 0.000004 0.084415 0.000000 0.022811 0.084415 0.067705 0.084415 0.000003 0.000108 0.165390 0.084415 0.084415 1.000000
0.084427 0.084427 0.084427 0.084427 0.084427 0.084427 0.084427 0.084427 0.000003 0.084427 0.000000 0.022814 0.084427 0.084427 0.084427 0.000004 0.000086 0.165414 0.084427 0.084427 1.000000
0.084404 0.084404 0.084404 0.084404 0.084404 0.084404 0.084404 0.084404 0.000004 0.084404 0.000000 0.022808 0.084404 0.084404 0.084404 0.000003 0.000086 0.133588 0.084404 0.084404 1.000000
0.084393 0.084393 0.084393 0.084393 0.084393 0.084393 0.084393 0.084393 0.000164 0.001914 0.000000 0.022805 0.084393 0.084393 0.084393 0.000002 0.000108 0.165349 0.084393 0.084393 1.000000
0.084427 0.084427 0.084427 0.084427 0.084427 0.084427 0.084427 0.084427 0.000003 0.084427 0.000000 0.022814 0.084427 0.084427 0.084427 0.000004 0.000086 0.165414 0.084427 0.084427 1.000000
0.084427 0.084427 0.084427 0.084427 0.084427 0.084427 0.084427 0.084427 0.000003 0.084427 0.000000 0.022814 0.084427 0.084427 0.084427 0.000004 0.000086 0.165414 0.084427 0.084427 1.000000
0.084427 0.084427 0.084427 0.084427 0.084427 0.084427 0.084427 0.084427 0.000003 0.084427 0.000000 0.022814 0.084427 0.084427 0.084427 0.000004 0.000086 0.165414 0.084427 0.084427 1.000000
0.084427 0.084427 0.084427 0.084427 0.084427 0.084427 0.084427 0.084427 0.000004 0.084427 0.000000 0.018255 0.084427 0.084427 0.084427 0.000003 0.000086 0.165413 0.084427 0.084427 1.000000
0.084427 0.084427 0.084427 0.084427 0.084427 0.084427 0.084427 0.084427 0.000003 0.084427 0.000000 0.022814 0.084427 0.084427 0.084427 0.000004 0.000086 0.165414 0.084427 0.084427 1.000000
0.084427 0.084427 0.084427 0.084427 0.084427 0.084427 0.084427 0.084427 0.000003 0.084427 0.000000 0.022814 0.084427 0.084427 0.084427 0.000004 0.000086 0.165414 0.084427 0.084427 1.000000
0.084427 0.084427 0.084427 0.084427 0.084427 0.084427 0.084427 0.084427 0.000003 0.084427 0.000000 0.022814 0.084427 0.084427 0.084427 0.000004 0.000086 0.165414 0.084427 0.084427 1.000000
0.084427 0.084427 0.084427 0.084427 0.084427 0.084427 0.084427 0.084427 0.000003 0.084427 0.000000 0.022814 0.084427 0.084427 0.084427 0.000004 0.000086 0.165414 0.084427 0.084427 1.000000
0.084403 0.084403 0.084403 0.084403 0.084403 0.084403 0.084403 0.084403 0.000002 0.084403 0.000055 0.069305 0.084403 0.084403 0.084403 0.000006 0.000135 0.165368 0.000018 0.084403 1.000000
0.084427 0.084427 0.084427 0.084427 0.084427 0.084427 0.084427 0.084427 0.000003 0.084427 0.000000 0.022814 0.084427 0.084427 0.084427 0.000004 0.000086 0.165414 0.084427 0.084427 1.000000
0.084347 0.084347 0.084347 0.084347 0.084347 0.084347 0.084347 0.084347 0.000043 0.084347 0.018237 0.086342 0.084347 0.084347 0.084347 0.000007 0.035586 0.000168 0.000000 0.084347 1.000000
0.084395 0.084395 0.084395 0.084395 0.084395 0.084395 0.084395 0.084395 0.000028 0.084395 0.007476 0.035607 0.084395 0.000000 0.084395 0.000006 0.000108 0.165353 0.084395 0.084395 1.000000
0.084427 0.084427 0.084427 0.084427 0.084427 0.084427 0.084427 0.084427 0.000003 0.084427 0.000000 0.022814 0.084427 0.084427 0.084427 0.000004 0.000086 0.165414 0.084427 0.084427 1.000000
0.084393 0.084393 0.084393 0.084393 0.084393 0.084393 0.084393 0.084393 0.000164 0.001531 0.000000 0.022805 0.084393 0.084393 0.084393 0.000004 0.000086 0.165349 0.084393 0.084393 1.000000
0.084427 0.084427 0.084427 0.084427 0.084427 0.084427 0.084427 0.084427 0.000003 0.084427 0.000000 0.022814 0.084427 0.084427 0.084427 0.000004 0.000086 0.165414 0.084427 0.084427 1.000000
0.084427 0.084427 0.084427 0.084427 0.084427 0.084427 0.084427 0.084427 0.000003 0.084427 0.000000 0.022814 0.084427 0.084427 0.084427 0.000004 0.000086 0.165414 0.084427 0.084427 1.000000
0.084427 0.084427 0.084427 0.084427 0.084427 0.084427 0.084427 0.084427 0.000003 0.084427 0.000000 0.022814 0.084427 0.084427 0.084427 0.000004 0.000086 0.165414 0.084427 0.084427 1.000000
0.084427 0.084427 0.084427 0.084427 0.084427 0.084427 0.084427 0.084427 0.000003 0.084427 0.000000 0.022814 0.084427 0.084427 0.084427 0.000004 0.000086 0.165414 0.084427 0.084427 1.000000
0.084427 0.084427 0.084427 0.084427 0.084427 0.084427 0.084427 0.084427 0.000003 0.084427 0.000000 0.022814 0.084427 0.084427 0.084427 0.000004 0.000086 0.165414 0.084427 0.084427 1.000000
0.084427 0.084427 0.084427 0.084427 0.084427 0.084427 0.084427 0.084427 0.000003 0.084427 0.000000 0.022814 0.084427 0.084427 0.084427 0.000004 0.000086 0.165414 0.084427 0.084427 1.000000
0.084427 0.084427 0.084427 0.084427 0.084427 0.084427 0.084427 0.084427 0.000003 0.084427 0.000000 0.022814 0.084427 0.084427 0.084427 0.000004 0.000086 0.165414 0.084427 0.084427 1.000000
0.084427 0.084427 0.084427 0.084427 0.084427 0.084427 0.084427 0.084427 0.000003 0.084427 0.000000 0.022814 0.084427 0.084427 0.084427 0.000004 0.000086 0.165414 0.084427 0.084427 1.000000
0.084427 0.084427 0.084427 0.084427 0.084427 0.084427 0.084427 0.084427 0.000003 0.084427 0.000000 0.022814 0.084427 0.084427 0.084427 0.000004 0.000086 0.165414 0.084427 0.084427 1.000000
0.084427 0.084427 0.084427 0.084427 0.084427 0.084427 0.084427 0.084427 0.000003 0.084427 0.000000 0.022814 0.084427 0.084427 0.084427 0.000004 0.000086 0.165414 0.084427 0.084427 1.000000
0.084427 0.084427 0.084427 0.084427 0.084427 0.084427 0.084427 0.084427 0.000003 0.084427 0.000000 0.022814 0.084427 0.084427 0.084427 0.000004 0.000086 0.165414 0.084427 0.084427 1.000000
0.084415 0.084415 0.084415 0.084415 0.084415 0.084415 0.084415 0.084415 0.000004 0.084415 0.000000 0.022811 0.084415 0.067705 0.084415 0.000004 0.000086 0.165390 0.084415 0.084415 1.000000
0.084427 0.084427 0.084427 0.084427 0.084427 0.084427 0.084427 0.084427 0.000003 0.084427 0.000000 0.022814 0.084427 0.084427 0.084427 0.000004 0.000086 0.165414 0.084427 0.084427 1.000000
0.084427 0.084427 0.084427 0.084427 0.084427 0.084427 0.084427 0.084427 0.000003 0.084427 0.000000 0.022814 0.084427 0.084427 0.084427 0.000004 0.000086 0.165414 0.084427 0.084427 1.000000
0.084427 0.084427 0.084427 0.084427 0.084427 0.084427 0.084427 0.084427 0.000003 0.084427 0.000000 0.022814 0.084427 0.084427 0.084427 0.000004 0.000086 0.165414 0.084427 0.084427 1.000000
0.084427 0.084427 0.084427 0.084427 0.084427 0.084427 0.084427 0.084427 0.000003 0.084427 0.000000 0.022814 0.084427 0.084427 0.084427 0.000004 0.000086 0.165414 0.084427 0.084427 1.000000
0.084427 0.084427 0.084427 0.084427 0.084427 0.084427 0.084427 0.084427 0.000003 0.084427 0.000000 0.022814 0.084427 0.084427 0.084427 0.000004 0.000086 0.165414 0.084427 0.084427 1.000000
0.084427 0.084427 0.084427 0.084427 0.084427 0.084427 0.084427 0.084427 0.000003 0.084427 0.000000 0.022814 0.084427 0.084427 0.084427 0.000004 0.000086 0.165414 0.084427 0.084427 1.000000
0.084427 0.084427 0.084427 0.084427 0.084427 0.084427 0.084427 0.084427 0.000003 0.084427 0.000000 0.022814 0.084427 0.084427 0.084427 0.000004 0.000086 0.165414 0.084427 0.084427 1.000000
0.084404 0.084404 0.084404 0.084404 0.084404 0.084404 0.084404 0.084404 0.000002 0.084404 0.011682 0.069305 0.084404 0.084404 0.000001 0.000007 0.000108 0.165369 0.084404 0.084404 1.000000
0.084427 0.084427 0.084427 0.084427 0.084427 0.084427 0.084427 0.084427 0.000003 0.084427 0.000000 0.022814 0.084427 0.084427 0.084427 0.000004 0.000086 0.165414 0.084427 0.084427 1.000000
0.084427 0.084427 0.084427 0.084427 0.084427 0.084427 0.084427 0.084427 0.000003 0.084427 0.000000 0.022814 0.084427 0.084427 0.084427 0.000004 0.000086 0.165414 0.084427 0.084427 1.000000
0.084429 0.084429 0.084429 0.084429 0.084429 0.084429 0.084429 0.084429 0.000022 0.084429 0.000000 0.035621 0.084429 0.084429 0.084429 0.000007 0.000000 0.165417 0.084429 0.084429 1.000000
0.084427 0.084427 0.084427 0.084427 0.084427 0.084427 0.084427 0.084427 0.000003 0.084427 0.000000 0.022814 0.084427 0.084427 0.084427 0.000004 0.000086 0.165414 0.084427 0.084427 1.000000
0.084427 0.084427 0.084427 0.084427 0.084427 0.084427 0.084427 0.084427 0.000003 0.084427 0.000000 0.022814 0.084427 0.084427 0.084427 0.000004 0.000086 0.165414 0.084427 0.084427 1.000000
0.084427 0.084427 0.084427 0.084427 0.084427 0.084427 0.084427 0.084427 0.000003 0.084427 0.000000 0.022814 0.084427 0.084427 0.084427 0.000004 0.000086 0.165414 0.084427 0.084427 1.000000
0.084427 0.084427 0.084427 0.084427 0.084427 0.084427 0.084427 0.084427 0.000003 0.084427 0.000000 0.022814 0.084427 0.084427 0.084427 0.000004 0.000086 0.165414 0.084427 0.084427 1.000000
0.084427 0.084427 0.084427 0.084427 0.084427 0.084427 0.084427 0.084427 0.000003 0.084427 0.000000 0.022814 0.084427 0.084427 0.084427 0.000004 0.000086 0.165414 0.084427 0.084427 1.000000
0.084410 0.084410 0.084410 0.084410 0.084410 0.084410 0.084410 0.084410 0.000002 0.000002 0.003829 0.086406 0.084410 0.084410 0.084410 0.000007 0.000108 0.165381 0.084410 0.084410 1.000000
0.084427 0.084427 0.084427 0.084427 0.084427 0.084427 0.084427 0.084427 0.000003 0.084427 0.000000 0.022814 0.084427 0.084427 0.084427 0.000004 0.000086 0.165414 0.084427 0.084427 1.000000
0.084427 0.084427 0.084427 0.084427 0.084427 0.084427 0.084427 0.084427 0.000003 0.084427 0.000000 0.022814 0.084427 0.084427 0.084427 0.000004 0.000086 0.165414 0.084427 0.084427 1.000000
0.084427 0.084427 0.084427 0.084427 0.084427 0.084427 0.084427 0.084427 0.000003 0.084427 0.000000 0.022814 0.084427 0.084427 0.084427 0.000004 0.000086 0.165414 0.084427 0.084427 1.000000
0.084427 0.084427 0.084427 0.084427 0.084427 0.084427 0.084427 0.084427 0.000003 0.084427 0.000000 0.022814 0.084427 0.084427 0.084427 0.000004 0.000086 0.165414 0.084427 0.084427 1.000000
0.084427 0.084427 0.084427 0.084427 0.084427 0.084427 0.084427 0.084427 0.000003 0.084427 0.000000 0.022814 0.084427 0.084427 0.084427 0.000004 0.000086 0.165414 0.084427 0.084427 1.000000
0.084427 0.084427 0.084427 0.084427 0.084427 0.084427 0.084427 0.084427 0.000003 0.084427 0.000000 0.022814 0.084427 0.084427 0.084427 0.000004 0.000086 0.165414 0.084427 0.084427 1.000000
0.084427 0.084427 0.084427 0.084427 0.084427 0.084427 0.084427 0.084427 0.000003 0.084427 0.000000 0.022814 0.084427 0.084427 0.084427 0.000004 0.000086 0.165414 0.084427 0.084427 1.000000
0.084427 0.084427 0.084427 0.084427 0.084427 0.084427 0.084427 0.084427 0.000003 0.084427 0.000000 0.022814 0.084427 0.084427 0.084427 0.000004 0.000086 0.165414 0.084427 0.084427 1.000000
0.084427 0.084427 0.084427 0.084427 0.084427 0.084427 0.084427 0.084427 0.000003 0.084427 0.000000 0.022814 0.084427 0.084427 0.084427 0.000004 0.000086 0.165414 0.084427 0.084427 1.000000
0.084427 0.084427 0.084427 0.084427 0.084427 0.084427 0.084427 0.084427 0.000003 0.084427 0.000000 0.022814 0.084427 0.084427 0.084427 0.000004 0.000086 0.165414 0.084427 0.084427 1.000000
0.084427 0.084427 0.084427 0.084427 0.084427 0.084427 0.084427 0.084427 0.000003 0.084427 0.000000 0.022814 0.084427 0.084427 0.084427 0.000004 0.000086 0.165414 0.084427 0.084427 1.000000
0.084427 0.084427 0.084427 0.084427 0.084427 0.084427 0.084427 0.084427 0.000003 0.084427 0.000000 0.022814 0.084427 0.084427 0.084427 0.000004 0.000086 0.165414 0.084427 0.084427 1.000000
0.084427 0.084427 0.084427 0.084427 0.084427 0.084427 0.084427 0.084427 0.000000 0.084427 0.000007 0.022814 0.084427 0.084427 0.084427 0.000007 0.000108 0.165414 0.084427 0.084427 1.000000
0.084427 0.084427 0.084427 0.084427 0.084427 0.084427 0.084427 0.084427 0.000003 0.084427 0.000000 0.022814 0.084427 0.084427 0.084427 0.000004 0.000086 0.165414 0.084427 0.084427 1.000000
0.084427 0.084427 0.084427 0.084427 0.084427 0.084427 0.084427 0.084427 0.000003 0.084427 0.000000 0.022814 0.084427 0.084427 0.084427 0.000004 0.000086 0.165414 0.084427 0.084427 1.000000
0.084427 0.084427 0.084427 0.084427 0.084427 0.084427 0.084427 0.084427 0.000003 0.084427 0.000000 0.022814 0.084427 0.084427 0.084427 0.000004 0.000086 0.165414 0.084427 0.084427 1.000000
0.084427 0.084427 0.084427 0.084427 0.084427 0.084427 0.084427 0.084427 0.000003 0.084427 0.000000 0.022814 0.084427 0.084427 0.084427 0.000004 0.000086 0.165414 0.084427 0.084427 1.000000
0.084427 0.084427 0.084427 0.084427 0.084427 0.084427 0.084427 0.084427 0.000003 0.084427 0.000000 0.022814 0.084427 0.084427 0.084427 0.000004 0.000086 0.165414 0.084427 0.084427 1.000000
0.084394 0.084394 0.084394 0.084394 0.084394 0.084394 0.084394 0.084394 0.000132 0.001914 0.000000 0.028498 0.084394 0.084394 0.084394 0.000002 0.000108 0.165350 0.084394 0.084394 1.000000
0.084427 0.084427 0.084427 0.084427 0.084427 0.084427 0.084427 0.084427 0.000003 0.084427 0.000000 0.022814 0.084427 0.084427 0.084427 0.000004 0.000086 0.165414 0.084427 0.084427 1.000000
0.084427 0.084427 0.084427 0.084427 0.084427 0.084427 0.084427 0.084427 0.000003 0.084427 0.000000 0.022814 0.084427 0.084427 0.084427 0.000003 0.000108 0.165414 0.084427 0.084427 1.000000
0.084427 0.084427 0.084427 0.084427 0.084427 0.084427 0.084427 0.084427 0.000003 0.084427 0.000000 0.022814 0.084427 0.084427 0.084427 0.000003 0.000108 0.165414 0.084427 0.084427 1.000000
0.084427 0.084427 0.084427 0.084427 0.084427 0.084427 0.084427 0.084427 0.000003 0.084427 0.000000 0.022814 0.084427 0.084427 0.084427 0.000003 0.000108 0.165414 0.084427 0.084427 1.000000
0.084427 0.084427 0.084427 0.084427 0.084427 0.084427 0.084427 0.084427 0.000003 0.084427 0.000000 0.022814 0.084427 0.084427 0.084427 0.000003 0.000108 0.165414 0.084427 0.084427 1.000000
0.084427 0.084427 0.084427 0.084427 0.084427 0.084427 0.084427 0.084427 0.000003 0.084427 0.000000 0.022814 0.084427 0.084427 0.084427 0.000003 0.000108 0.165414 0.084427 0.084427 1.000000
0.084427 0.084427 0.084427 0.084427 0.084427 0.084427 0.084427 0.084427 0.000003 0.084427 0.000000 0.022814 0.084427 0.084427 0.084427 0.000003 0.000108 0.165414 0.084427 0.084427 1.000000
0.084427 0.084427 0.084427 0.084427 0.084427 0.084427 0.084427 0.084427 0.000003 0.084427 0.000000 0.022814 0.084427 0.084427 0.084427 0.000003 0.000108 0.165414 0.084427 0.084427 1.000000
0.084427 0.084427 0.084427 0.084427 0.084427 0.084427 0.084427 0.084427 0.000003 0.084427 0.000000 0.022814 0.084427 0.084427 0.084427 0.000003 0.000108 0.165414 0.084427 0.084427 1.000000
0.084427 0.084427 0.084427 0.084427 0.084427 0.084427 0.084427 0.084427 0.000003 0.084427 0.000000 0.022814 0.084427 0.084427 0.084427 0.000003 0.000108 0.165414 0.084427 0.084427 1.000000
0.084427 0.084427 0.084427 0.084427 0.084427 0.084427 0.084427 0.084427 0.000003 0.084427 0.000000 0.022814 0.084427 0.084427 0.084427 0.000003 0.000108 0.165414 0.084427 0.084427 1.000000
0.084427 0.084427 0.084427 0.084427 0.084427 0.084427 0.084427 0.084427 0.000003 0.084427 0.000000 0.022814 0.084427 0.084427 0.084427 0.000003 0.000108 0.165414 0.084427 0.084427 1.000000
0.084427 0.084427 0.084427 0.084427 0.084427 0.084427 0.084427 0.084427 0.000003 0.084427 0.000000 0.022814 0.084427 0.084427 0.084427 0.000003 0.000108 0.165414 0.084427 0.084427 1.000000
0.084427 0.084427 0.084427 0.084427 0.084427 0.084427 0.084427 0.084427 0.000003 0.084427 0.000000 0.022814 0.084427 0.084427 0.084427 0.000003 0.000108 0.165414 0.084427 0.084427 1.000000
0.084427 0.084427 0.084427 0.084427 0.084427 0.084427 0.084427 0.084427 0.000003 0.084427 0.000000 0.022814 0.084427 0.084427 0.084427 0.000003 0.000108 0.165414 0.084427 0.084427 1.000000
0.084427 0.084427 0.084427 0.084427 0.084427 0.084427 0.084427 0.084427 0.000003 0.084427 0.000000 0.022814 0.084427 0.084427 0.084427 0.000003 0.000108 0.165414 0.084427 0.084427 1.000000
0.084427 0.084427 0.084427 0.084427 0.084427 0.084427 0.084427 0.084427 0.000003 0.084427 0.000000 0.022814 0.084427 0.084427 0.084427 0.000003 0.000108 0.165414 0.084427 0.084427 1.000000
0.084427 0.084427 0.084427 0.084427 0.084427 0.084427 0.084427 0.084427 0.000003 0.084427 0.000000 0.022814 0.084427 0.084427 0.084427 0.000003 0.000108 0.165414 0.084427 0.084427 1.000000
0.084427 0.084427 0.084427 0.084427 0.084427 0.084427 0.084427 0.084427 0.000003 0.084427 0.000000 0.022814 0.084427 0.084427 0.084427 0.000003 0.000108 0.165414 0.084427 0.084427 1.000000
0.084427 0.084427 0.084427 0.084427 0.084427 0.084427 0.084427 0.084427 0.000003 0.084427 0.000000 0.022814 0.084427 0.084427 0.084427 0.000003 0.000108 0.165414 0.084427 0.084427 1.000000
0.084427 0.084427 0.084427 0.084427 0.084427 0.084427 0.084427 0.084427 0.000003 0.084427 0.000000 0.022814 0.084427 0.084427 0.084427 0.000003 0.000108 0.165414 0.084427 0.084427 1.000000
0.084427 0.084427 0.084427 0.084427 0.084427 0.084427 0.084427 0.084427 0.000003 0.084427 0.000000 0.022814 0.084427 0.084427 0.084427 0.000003 0.000108 0.165414 0.084427 0.084427 1.000000
0.084427 0.084427 0.084427 0.084427 0.084427 0.084427 0.084427 0.084427 0.000003 0.084427 0.000000 0.022814 0.084427 0.084427 0.084427 0.000003 0.000108 0.165414 0.084427 0.084427 1.000000
0.084427 0.084427 0.084427 0.084427 0.084427 0.084427 0.084427 0.084427 0.000003 0.084427 0.000000 0.022814 0.084427 0.084427 0.084427 0.000003 0.000108 0.165414 0.084427 0.084427 1.000000
0.084427 0.084427 0.084427 0.084427 0.084427 0.084427 0.084427 0.084427 0.000003 0.084427 0.000000 0.022814 0.084427 0.084427 0.084427 0.000003 0.000108 0.165414 0.084427 0.084427 1.000000
0.084427 0.084427 0.084427 0.084427 0.084427 0.084427 0.084427 0.084427 0.000003 0.084427 0.000000 0.022814 0.084427 0.084427 0.084427 0.000003 0.000108 0.165414 0.084427 0.084427 1.000000
0.084427 0.084427 0.084427 0.084427 0.084427 0.084427 0.084427 0.084427 0.000003 0.084427 0.000000 0.022814 0.084427 0.084427 0.084427 0.000003 0.000108 0.165414 0.084427 0.084427 1.000000
0.084427 0.084427 0.084427 0.084427 0.084427 0.084427 0.084427 0.084427 0.000003 0.084427 0.000000 0.022814 0.084427 0.084427 0.084427 0.000003 0.000108 0.165414 0.084427 0.084427 1.000000
0.084427 0.084427 0.084427 0.084427 0.084427 0.084427 0.084427 0.084427 0.000003 0.084427 0.000000 0.022814 0.084427 0.084427 0.084427 0.000003 0.000108 0.165414 0.084427 0.084427 1.000000
0.084427 0.084427 0.084427 0.084427 0.084427 0.084427 0.084427 0.084427 0.000003 0.084427 0.000000 0.022814 0.084427 0.084427 0.084427 0.000003 0.000108 0.165414 0.084427 0.084427 1.000000
0.084427 0.084427 0.084427 0.084427 0.084427 0.084427 0.084427 0.084427 0.000003 0.084427 0.000000 0.022814 0.084427 0.084427 0.084427 0.000003 0.000108 0.165414 0.084427 0.084427 1.000000
0.084427 0.084427 0.084427 0.084427 0.084427 0.084427 0.084427 0.084427 0.000003 0.084427 0.000000 0.022814 0.084427 0.084427 0.084427 0.000003 0.000108 0.165414 0.084427 0.084427 1.000000
0.084427 0.084427 0.084427 0.084427 0.084427 0.084427 0.084427 0.084427 0.000003 0.084427 0.000000 0.022814 0.084427 0.084427 0.084427 0.000003 0.000108 0.165414 0.084427 0.084427 1.000000
0.084427 0.084427 0.084427 0.084427 0.084427 0.084427 0.084427 0.084427 0.000003 0.084427 0.000000 0.022814 0.084427 0.084427 0.084427 0.000003 0.000108 0.165414 0.084427 0.084427 1.000000
0.084427 0.084427 0.084427 0.084427 0.084427 0.084427 0.084427 0.084427 0.000003 0.084427 0.000000 0.022814 0.084427 0.084427 0.084427 0.000003 0.000108 0.165414 0.084427 0.084427 1.000000
0.084427 0.084427 0.084427 0.084427 0.084427 0.084427 0.084427 0.084427 0.000003 0.084427 0.000000 0.022814 0.084427 0.084427 0.084427 0.000003 0.000108 0.165414 0.084427 0.084427 1.000000
0.084427 0.084427 0.084427 0.084427 0.084427 0.084427 0.084427 0.084427 0.000003 0.084427 0.000000 0.022814 0.084427 0.084427 0.084427 0.000003 0.000108 0.165414 0.084427 0.084427 1.000000
0.084427 0.084427 0.084427 0.084427 0.084427 0.084427 0.084427 0.084427 0.000003 0.084427 0.000000 0.022814 0.084427 0.084427 0.084427 0.000003 0.000108 0.165414 0.084427 0.084427 1.000000
0.084427 0.084427 0.084427 0.084427 0.084427 0.084427 0.084427 0.084427 0.000003 0.084427 0.000000 0.022814 0.084427 0.084427 0.084427 0.000003 0.000108 0.165414 0.084427 0.084427 1.000000
0.084427 0.084427 0.084427 0.084427 0.084427 0.084427 0.084427 0.084427 0.000003 0.084427 0.000000 0.022814 0.084427 0.084427 0.084427 0.000003 0.000108 0.165414 0.084427 0.084427 1.000000
0.084427 0.084427 0.084427 0.084427 0.084427 0.084427 0.084427 0.084427 0.000003 0.084427 0.000000 0.022814 0.084427 0.084427 0.084427 0.000003 0.000108 0.165414 0.084427 0.084427 1.000000
0.084427 0.084427 0.084427 0.084427 0.084427 0.084427 0.084427 0.084427 0.000003 0.084427 0.000000 0.022814 0.084427 0.084427 0.084427 0.000003 0.000108 0.165414 0.084427 0.084427 1.000000
0.084427 0.084427 0.084427 0.084427 0.084427 0.084427 0.084427 0.084427 0.000003 0.084427 0.000000 0.022814 0.084427 0.084427 0.084427 0.000003 0.000108 0.165414 0.084427 0.084427 1.000000
0.084427 0.084427 0.084427 0.084427 0.084427 0.084427 0.084427 0.084427 0.000003 0.084427 0.000000 0.022814 0.084427 0.084427 0.084427 0.000003 0.000108 0.165414 0.084427 0.084427 1.000000
0.084427 0.084427 0.084427 0.084427 0.084427 0.084427 0.084427 0.084427 0.000003 0.084427 0.000000 0.022814 0.084427 0.084427 0.084427 0.000003 0.000108 0.165414 0.084427 0.084427 1.000000
0.084427 0.084427 0.084427 0.084427 0.084427 0.084427 0.084427 0.084427 0.000003 0.084427 0.000000 0.022814 0.084427 0.084427 0.084427 0.000003 0.000108 0.165414 0.084427 0.084427 1.000000
0.084427 0.084427 0.084427 0.084427 0.084427 0.084427 0.084427 0.084427 0.000003 0.084427 0.000000 0.022814 0.084427 0.084427 0.084427 0.000003 0.000108 0.165414 0.084427 0.084427 1.000000
0.084427 0.084427 0.084427 0.084427 0.084427 0.084427 0.084427 0.084427 0.000003 0.084427 0.000000 0.022814 0.084427 0.084427 0.084427 0.000003 0.000108 0.165414 0.084427 0.084427 1.000000
0.084427 0.084427 0.084427 0.084427 0.084427 0.084427 0.084427 0.084427 0.000003 0.084427 0.000000 0.022814 0.084427 0.084427 0.084427 0.000003 0.000108 0.165414 0.084427 0.084427 1.000000
0.084427 0.084427 0.084427 0.084427 0.084427 0.084427 0.084427 0.084427 0.000003 0.084427 0.000000 0.022814 0.084427 0.084427 0.084427 0.000003 0.000108 0.165414 0.084427 0.084427 1.000000
0.084427 0.084427 0.084427 0.084427 0.084427 0.084427 0.084427 0.084427 0.000003 0.084427 0.000000 0.022814 0.084427 0.084427 0.084427 0.000003 0.000108 0.165414 0.084427 0.084427 1.000000
0.084427 0.084427 0.084427 0.084427 0.084427 0.084427 0.084427 0.084427 0.000003 0.084427 0.000000 0.022814 0.084427 0.084427 0.084427 0.000003 0.000108 0.165414 0.084427 0.084427 1.000000
0.084427 0.084427 0.084427 0.084427 0.084427 0.084427 0.084427 0.084427 0.000003 0.084427 0.000000 0.022814 0.084427 0.084427 0.084427 0.000003 0.000108 0.165414 0.084427 0.084427 1.000000
0.084427 0.084427 0.084427 0.084427 0.084427 0.084427 0.084427 0.084427 0.000003 0.084427 0.000000 0.022814 0.084427 0.084427 0.084427 0.000003 0.000108 0.165414 0.084427 0.084427 1.000000
0.084427 0.084427 0.084427 0.084427 0.084427 0.084427 0.084427 0.084427 0.000003 0.084427 0.000000 0.022814 0.084427 0.084427 0.084427 0.000003 0.000108 0.165414 0.084427 0.084427 1.000000
0.084427 0.084427 0.084427 0.084427 0.084427 0.084427 0.084427 0.084427 0.000003 0.084427 0.000000 0.022814 0.084427 0.084427 0.084427 0.000003 0.000108 0.165414 0.084427 0.084427 1.000000
0.084427 0.084427 0.084427 0.084427 0.084427 0.084427 0.084427 0.084427 0.000003 0.084427 0.000000 0.022814 0.084427 0.084427 0.084427 0.000003 0.000108 0.165414 0.084427 0.084427 1.000000
0.084427 0.084427 0.084427 0.084427 0.084427 0.084427 0.084427 0.084427 0.000003 0.084427 0.000000 0.022814 0.084427 0.084427 0.084427 0.000003 0.000108 0.165414 0.084427 0.084427 1.000000
0.084427 0.084427 0.084427 0.084427 0.084427 0.084427 0.084427 0.084427 0.000003 0.084427 0.000000 0.022814 0.084427 0.084427 0.084427 0.000003 0.000108 0.165414 0.084427 0.084427 1.000000
0.084427 0.084427 0.084427 0.084427 0.084427 0.084427 0.084427 0.084427 0.000003 0.084427 0.000000 0.022814 0.084427 0.084427 0.084427 0.000003 0.000108 0.165414 0.084427 0.084427 1.000000
0.084427 0.084427 0.084427 0.084427 0.084427 0.084427 0.084427 0.084427 0.000003 0.084427 0.000000 0.022814 0.084427 0.084427 0.084427 0.000003 0.000108 0.165414 0.084427 0.084427 1.000000
0.084459 0.084459 0.084459 0.084459 0.084459 0.084459 0.084459 0.084459 0.000022 0.000000 0.018262 0.165474 0.084459 0.084459 0.084459 0.000007 0.000108 0.165474 0.084459 0.084459 1.000000
0.084427 0.084427 0.084427 0.084427 0.084427 0.084427 0.084427 0.084427 0.000003 0.084427 0.000000 0.022814 0.084427 0.084427 0.084427 0.000003 0.000108 0.165414 0.084427 0.084427 1.000000
0.084427 0.084427 0.084427 0.084427 0.084427 0.084427 0.084427 0.084427 0.000003 0.084427 0.000000 0.022814 0.084427 0.084427 0.084427 0.000003 0.000108 0.165414 0.084427 0.084427 1.000000
0.084427 0.084427 0.084427 0.084427 0.084427 0.084427 0.084427 0.084427 0.000003 0.084427 0.000000 0.022814 0.084427 0.084427 0.084427 0.000003 0.000108 0.165414 0.084427 0.084427 1.000000
0.084427 0.084427 0.084427 0.084427 0.084427 0.084427 0.084427 0.084427 0.000003 0.084427 0.000000 0.022814 0.084427 0.084427 0.084427 0.000003 0.000108 0.165414 0.084427 0.084427 1.000000
0.084427 0.084427 0.084427 0.084427 0.084427 0.084427 0.084427 0.084427 0.000003 0.084427 0.000000 0.022814 0.084427 0.084427 0.084427 0.000003 0.000108 0.165414 0.084427 0.084427 1.000000
0.084427 0.084427 0.084427 0.084427 0.084427 0.084427 0.084427 0.084427 0.000003 0.084427 0.000000 0.022814 0.084427 0.084427 0.084427 0.000003 0.000108 0.165414 0.084427 0.084427 1.000000
0.084427 0.084427 0.084427 0.084427 0.084427 0.084427 0.084427 0.084427 0.000003 0.084427 0.000000 0.022814 0.084427 0.084427 0.084427 0.000003 0.000108 0.165414 0.084427 0.084427 1.000000
0.084427 0.084427 0.084427 0.084427 0.084427 0.084427 0.084427 0.084427 0.000003 0.084427 0.000000 0.022814 0.084427 0.084427 0.084427 0.000003 0.000108 0.165414 0.084427 0.084427 1.000000
0.084427 0.084427 0.084427 0.084427 0.084427 0.084427 0.084427 0.084427 0.000003 0.084427 0.000000 0.022814 0.084427 0.084427 0.084427 0.000003 0.000108 0.165414 0.084427 0.084427 1.000000
0.084427 0.084427 0.084427 0.084427 0.084427 0.084427 0.084427 0.084427 0.000003 0.084427 0.000000 0.022814 0.084427 0.084427 0.084427 0.000003 0.000108 0.165414 0.084427 0.084427 1.000000
0.084427 0.084427 0.084427 0.084427 0.084427 0.084427 0.084427 0.084427 0.000003 0.084427 0.000000 0.022814 0.084427 0.084427 0.084427 0.000003 0.000108 0.165414 0.084427 0.084427 1.000000
0.084427 0.084427 0.084427 0.084427 0.084427 0.084427 0.084427 0.084427 0.000003 0.084427 0.000000 0.022814 0.084427 0.084427 0.084427 0.000003 0.000108 0.165414 0.084427 0.084427 1.000000
0.084427 0.084427 0.084427 0.084427 0.084427 0.084427 0.084427 0.084427 0.000003 0.084427 0.000000 0.022814 0.084427 0.084427 0.084427 0.000003 0.000108 0.165414 0.084427 0.084427 1.000000
0.084398 0.084398 0.084398 0.084398 0.084398 0.084398 0.084398 0.084398 0.000002 0.084398 0.000000 0.044478 0.084398 0.084398 0.084398 0.000005 0.000108 0.165358 0.084398 0.017821 1.000000
0.084427 0.084427 0.084427 0.084427 0.084427 0.084427 0.084427 0.084427 0.000003 0.084427 0.000000 0.022814 0.084427 0.084427 0.084427 0.000003 0.000108 0.165414 0.084427 0.084427 1.000000
0.084427 0.084427 0.084427 0.084427 0.084427 0.084427 0.084427 0.084427 0.000003 0.084427 0.000000 0.022814 0.084427 0.084427 0.084427 0.000003 0.000108 0.165414 0.084427 0.084427 1.000000
0.084427 0.084427 0.084427 0.084427 0.084427 0.084427 0.084427 0.084427 0.000003 0.084427 0.000000 0.022814 0.084427 0.084427 0.084427 0.000003 0.000108 0.165414 0.084427 0.084427 1.000000
0.084427 0.084427 0.084427 0.084427 0.084427 0.084427 0.084427 0.084427 0.000003 0.084427 0.000000 0.022814 0.084427 0.084427 0.084427 0.000003 0.000108 0.165414 0.084427 0.084427 1.000000
0.084427 0.084427 0.084427 0.084427 0.084427 0.084427 0.084427 0.084427 0.000003 0.084427 0.000000 0.022814 0.084427 0.084427 0.084427 0.000003 0.000108 0.165414 0.084427 0.084427 1.000000
0.084427 0.084427 0.084427 0.084427 0.084427 0.084427 0.084427 0.084427 0.000003 0.084427 0.000000 0.022814 0.084427 0.084427 0.084427 0.000003 0.000108 0.165414 0.084427 0.084427 1.000000
0.084427 0.084427 0.084427 0.084427 0.084427 0.084427 0.084427 0.084427 0.000003 0.084427 0.000000 0.022814 0.084427 0.084427 0.084427 0.000003 0.000108 0.165414 0.084427 0.084427 1.000000
0.084427 0.084427 0.084427 0.084427 0.084427 0.084427 0.084427 0.084427 0.000003 0.084427 0.000000 0.022814 0.084427 0.084427 0.084427 0.000003 0.000108 0.165414 0.084427 0.084427 1.000000
0.084427 0.084427 0.084427 0.084427 0.084427 0.084427 0.084427 0.084427 0.000003 0.084427 0.000000 0.022814 0.084427 0.084427 0.084427 0.000003 0.000108 0.165414 0.084427 0.084427 1.000000
0.084427 0.084427 0.084427 0.084427 0.084427 0.084427 0.084427 0.084427 0.000003 0.084427 0.000000 0.022814 0.084427 0.084427 0.084427 0.000003 0.000108 0.165414 0.084427 0.084427 1.000000
0.084427 0.084427 0.084427 0.084427 0.084427 0.084427 0.084427 0.084427 0.000003 0.084427 0.000000 0.022814 0.084427 0.084427 0.084427 0.000003 0.000108 0.165414 0.084427 0.084427 1.000000
0.084427 0.084427 0.084427 0.084427 0.084427 0.084427 0.084427 0.084427 0.000003 0.084427 0.000000 0.022814 0.084427 0.084427 0.084427 0.000003 0.000108 0.165414 0.084427 0.084427 1.000000
0.084427 0.084427 0.084427 0.084427 0.084427 0.084427 0.084427 0.084427 0.000003 0.084427 0.000000 0.022814 0.084427 0.084427 0.084427 0.000003 0.000108 0.165414 0.084427 0.084427 1.000000
0.084427 0.084427 0.084427 0.084427 0.084427 0.084427 0.084427 0.084427 0.000003 0.084427 0.000000 0.022814 0.084427 0.084427 0.084427 0.000003 0.000108 0.165414 0.084427 0.084427 1.000000
0.084427 0.084427 0.084427 0.084427 0.084427 0.084427 0.084427 0.084427 0.000003 0.084427 0.000000 0.022814 0.084427 0.084427 0.084427 0.000003 0.000108 0.165414 0.084427 0.084427 1.000000
0.084427 0.084427 0.084427 0.084427 0.084427 0.084427 0.084427 0.084427 0.000003 0.084427 0.000000 0.022814 0.084427 0.084427 0.084427 0.000003 0.000108 0.165414 0.084427 0.084427 1.000000
0.084427 0.084427 0.084427 0.084427 0.084427 0.084427 0.084427 0.084427 0.000003 0.084427 0.000000 0.022814 0.084427 0.084427 0.084427 0.000003 0.000108 0.165414 0.084427 0.084427 1.000000
0.084427 0.084427 0.084427 0.084427 0.084427 0.084427 0.084427 0.084427 0.000003 0.084427 0.000000 0.022814 0.084427 0.084427 0.084427 0.000003 0.000108 0.165414 0.084427 0.084427 1.000000
0.084427 0.084427 0.084427 0.084427 0.084427 0.084427 0.084427 0.084427 0.000003 0.084427 0.000000 0.022814 0.084427 0.084427 0.084427 0.000003 0.000108 0.165414 0.084427 0.084427 1.000000
0.084427 0.084427 0.084427 0.084427 0.084427 0.084427 0.084427 0.084427 0.000003 0.084427 0.000000 0.022814 0.084427 0.084427 0.084427 0.000003 0.000108 0.165414 0.084427 0.084427 1.000000
0.084427 0.084427 0.084427 0.084427 0.084427 0.084427 0.084427 0.084427 0.000003 0.084427 0.000000 0.022814 0.084427 0.084427 0.084427 0.000003 0.000108 0.165414 0.084427 0.084427 1.000000
0.084428 0.084428 0.084428 0.084428 0.084428 0.084428 0.084428 0.084428 0.000003 0.084428 0.000000 0.028510 0.084428 0.084428 0.084428 0.000002 0.000108 0.165415 0.084428 0.084428 1.000000
0.084428 0.084428 0.084428 0.084428 0.084428 0.084428 0.084428 0.084428 0.000003 0.084428 0.000000 0.028510 0.084428 0.084428 0.084428 0.000002 0.000108 0.165415 0.084428 0.084428 1.000000
0.084428 0.084428 0.084428 0.084428 0.084428 0.084428 0.084428 0.084428 0.000003 0.084428 0.000000 0.028510 0.084428 0.084428 0.084428 0.000002 0.000108 0.165415 0.084428 0.084428 1.000000
0.084428 0.084428 0.084428 0.084428 0.084428 0.084428 0.084428 0.084428 0.000003 0.084428 0.000000 0.028510 0.084428 0.084428 0.084428 0.000002 0.000108 0.165415 0.084428 0.084428 1.000000
0.084428 0.084428 0.084428 0.084428 0.084428 0.084428 0.084428 0.084428 0.000003 0.084428 0.000000 0.028510 0.084428 0.084428 0.084428 0.000002 0.000108 0.165415 0.084428 0.084428 1.000000
0.084428 0.084428 0.084428 0.084428 0.084428 0.084428 0.084428 0.084428 0.000003 0.084428 0.000000 0.028510 0.084428 0.084428 0.084428 0.000002 0.000108 0.165415 0.084428 0.084428 1.000000
0.084428 0.084428 0.084428 0.084428 0.084428 0.084428 0.084428 0.084428 0.000003 0.084428 0.000000 0.028510 0.084428 0.084428 0.084428 0.000002 0.000108 0.165415 0.084428 0.084428 1.000000
0.084428 0.084428 0.084428 0.084428 0.084428 0.084428 0.084428 0.084428 0.000003 0.084428 0.000000 0.028510 0.084428 0.084428 0.084428 0.000002 0.000108 0.165415 0.084428 0.084428 1.000000
0.084428 0.084428 0.084428 0.084428 0.084428 0.084428 0.084428 0.084428 0.000003 0.084428 0.000000 0.028510 0.084428 0.084428 0.084428 0.000002 0.000108 0.165415 0.084428 0.084428 1.000000
0.084428 0.084428 0.084428 0.084428 0.084428 0.084428 0.084428 0.084428 0.000003 0.084428 0.000000 0.028510 0.084428 0.084428 0.084428 0.000002 0.000108 0.165415 0.084428 0.084428 1.000000
0.084428 0.084428 0.084428 0.084428 0.084428 0.084428 0.084428 0.084428 0.000003 0.084428 0.000000 0.028510 0.084428 0.084428 0.084428 0.000002 0.000108 0.165415 0.084428 0.084428 1.000000
0.084428 0.084428 0.084428 0.084428 0.084428 0.084428 0.084428 0.084428 0.000003 0.084428 0.000000 0.028510 0.084428 0.084428 0.084428 0.000002 0.000108 0.165415 0.084428 0.084428 1.000000
0.084428 0.084428 0.084428 0.084428 0.084428 0.084428 0.084428 0.084428 0.000003 0.084428 0.000000 0.028510 0.084428 0.084428 0.084428 0.000002 0.000108 0.165415 0.084428 0.084428 1.000000
0.084428 0.084428 0.084428 0.084428 0.084428 0.084428 0.084428 0.084428 0.000003 0.084428 0.000000 0.028510 0.084428 0.084428 0.084428 0.000002 0.000108 0.165415 0.084428 0.084428 1.000000
0.084428 0.084428 0.084428 0.084428 0.084428 0.084428 0.084428 0.084428 0.000003 0.084428 0.000000 0.028510 0.084428 0.084428 0.084428 0.000002 0.000108 0.165415 0.084428 0.084428 1.000000
0.084428 0.084428 0.084428 0.084428 0.084428 0.084428 0.084428 0.084428 0.000003 0.084428 0.000000 0.028510 0.084428 0.084428 0.084428 0.000002 0.000108 0.165415 0.084428 0.084428 1.000000
0.084428 0.084428 0.084428 0.084428 0.084428 0.084428 0.084428 0.084428 0.000003 0.084428 0.000000 0.028510 0.084428 0.084428 0.084428 0.000002 0.000108 0.165415 0.084428 0.084428 1.000000
0.084428 0.084428 0.084428 0.084428 0.084428 0.084428 0.084428 0.084428 0.000003 0.084428 0.000000 0.028510 0.084428 0.084428 0.084428 0.000002 0.000108 0.165415 0.084428 0.084428 1.000000
0.084428 0.084428 0.084428 0.084428 0.084428 0.084428 0.084428 0.084428 0.000003 0.084428 0.000000 0.028510 0.084428 0.084428 0.084428 0.000002 0.000108 0.165415 0.084428 0.084428 1.000000
0.084428 0.084428 0.084428 0.084428 0.084428 0.084428 0.084428 0.084428 0.000003 0.084428 0.000000 0.028510 0.084428 0.084428 0.084428 0.000002 0.000108 0.165415 0.084428 0.084428 1.000000
0.084428 0.084428 0.084428 0.084428 0.084428 0.084428 0.084428 0.084428 0.000003 0.084428 0.000000 0.028510 0.084428 0.084428 0.084428 0.000002 0.000108 0.165415 0.084428 0.084428 1.000000
0.084428 0.084428 0.084428 0.084428 0.084428 0.084428 0.084428 0.084428 0.000003 0.084428 0.000000 0.028510 0.084428 0.084428 0.084428 0.000002 0.000108 0.165415 0.084428 0.084428 1.000000
0.084428 0.084428 0.084428 0.084428 0.084428 0.084428 0.084428 0.084428 0.000003 0.084428 0.000000 0.028510 0.084428 0.084428 0.084428 0.000002 0.000108 0.165415 0.084428 0.084428 1.000000
0.084428 0.084428 0.084428 0.084428 0.084428 0.084428 0.084428 0.084428 0.000003 0.084428 0.000000 0.028510 0.084428 0.084428 0.084428 0.000002 0.000108 0.165415 0.084428 0.084428 1.000000
0.084428 0.084428 0.084428 0.084428 0.084428 0.084428 0.084428 0.084428 0.000003 0.084428 0.000000 0.028510 0.084428 0.084428 0.084428 0.000002 0.000108 0.165415 0.084428 0.084428 1.000000
0.084428 0.084428 0.084428 0.084428 0.084428 0.084428 0.084428 0.084428 0.000003 0.084428 0.000000 0.028510 0.084428 0.084428 0.084428 0.000002 0.000108 0.165415 0.084428 0.084428 1.000000
0.084428 0.084428 0.084428 0.084428 0.084428 0.084428 0.084428 0.084428 0.000003 0.084428 0.000000 0.028510 0.084428 0.084428 0.084428 0.000002 0.000108 0.165415 0.084428 0.084428 1.000000
0.084428 0.084428 0.084428 0.084428 0.084428 0.084428 0.084428 0.084428 0.000003 0.084428 0.000000 0.028510 0.084428 0.084428 0.084428 0.000002 0.000108 0.165415 0.084428 0.084428 1.000000
0.084428 0.084428 0.084428 0.084428 0.084428 0.084428 0.084428 0.084428 0.000003 0.084428 0.000000 0.028510 0.084428 0.084428 0.084428 0.000002 0.000108 0.165415 0.084428 0.084428 1.000000
0.084428 0.084428 0.084428 0.084428 0.084428 0.084428 0.084428 0.084428 0.000003 0.084428 0.000000 0.028510 0.084428 0.084428 0.084428 0.000002 0.000108 0.165415 0.084428 0.084428 1.000000
0.084428 0.084428 0.084428 0.084428 0.084428 0.084428 0.084428 0.084428 0.000003 0.084428 0.000000 0.028510 0.084428 0.084428 0.084428 0.000002 0.000108 0.165415 0.084428 0.084428 1.000000
0.084428 0.084428 0.084428 0.084428 0.084428 0.084428 0.084428 0.084428 0.000003 0.084428 0.000000 0.028510 0.084428 0.084428 0.084428 0.000002 0.000108 0.165415 0.084428 0.084428 1.000000
0.084428 0.084428 0.084428 0.084428 0.084428 0.084428 0.084428 0.084428 0.000003 0.084428 0.000000 0.028510 0.084428 0.084428 0.084428 0.000002 0.000108 0.165415 0.084428 0.084428 1.000000
0.084428 0.084428 0.084428 0.084428 0.084428 0.084428 0.084428 0.084428 0.000003 0.084428 0.000000 0.028510 0.084428 0.084428 0.084428 0.000002 0.000108 0.165415 0.084428 0.084428 1.000000
0.084428 0.084428 0.084428 0.084428 0.084428 0.084428 0.084428 0.084428 0.000003 0.084428 0.000000 0.028510 0.084428 0.084428 0.084428 0.000002 0.000108 0.165415 0.084428 0.084428 1.000000
0.084428 0.084428 0.084428 0.084428 0.084428 0.084428 0.084428 0.084428 0.000003 0.084428 0.000000 0.028510 0.084428 0.084428 0.084428 0.000002 0.000108 0.165415 0.084428 0.084428 1.000000
0.084428 0.084428 0.084428 0.084428 0.084428 0.084428 0.084428 0.084428 0.000003 0.084428 0.000000 0.028510 0.084428 0.084428 0.084428 0.000002 0.000108 0.165415 0.084428 0.084428 1.000000
0.084428 0.084428 0.084428 0.084428 0.084428 0.084428 0.084428 0.084428 0.000003 0.084428 0.000000 0.028510 0.084428 0.084428 0.084428 0.000002 0.000108 0.165415 0.084428 0.084428 1.000000
0.084428 0.084428 0.084428 0.084428 0.084428 0.084428 0.084428 0.084428 0.000003 0.084428 0.000000 0.028510 0.084428 0.084428 0.084428 0.000002 0.000108 0.165415 0.084428 0.084428 1.000000
0.084428 0.084428 0.084428 0.084428 0.084428 0.084428 0.084428 0.084428 0.000003 0.084428 0.000000 0.028510 0.084428 0.084428 0.084428 0.000002 0.000108 0.165415 0.084428 0.084428 1.000000
0.084428 0.084428 0.084428 0.084428 0.084428 0.084428 0.084428 0.084428 0.000003 0.084428 0.000000 0.028510 0.084428 0.084428 0.084428 0.000002 0.000108 0.165415 0.084428 0.084428 1.000000
0.084428 0.084428 0.084428 0.084428 0.084428 0.084428 0.084428 0.084428 0.000003 0.084428 0.000000 0.028510 0.084428 0.084428 0.084428 0.000002 0.000108 0.165415 0.084428 0.084428 1.000000
0.084428 0.084428 0.084428 0.084428 0.084428 0.084428 0.084428 0.084428 0.000003 0.084428 0.000000 0.028510 0.084428 0.084428 0.084428 0.000002 0.000108 0.165415 0.084428 0.084428 1.000000
0.084428 0.084428 0.084428 0.084428 0.084428 0.084428 0.084428 0.084428 0.000003 0.084428 0.000000 0.028510 0.084428 0.084428 0.084428 0.000002 0.000108 0.165415 0.084428 0.084428 1.000000
0.084428 0.084428 0.084428 0.084428 0.084428 0.084428 0.084428 0.084428 0.000003 0.084428 0.000000 0.028510 0.084428 0.084428 0.084428 0.000002 0.000108 0.165415 0.084428 0.084428 1.000000
0.084428 0.084428 0.084428 0.084428 0.084428 0.084428 0.084428 0.084428 0.000003 0.084428 0.000000 0.028510 0.084428 0.084428 0.084428 0.000002 0.000108 0.165415 0.084428 0.084428 1.000000
0.084428 0.084428 0.084428 0.084428 0.084428 0.084428 0.084428 0.084428 0.000003 0.084428 0.000000 0.028510 0.084428 0.084428 0.084428 0.000002 0.000108 0.165415 0.084428 0.084428 1.000000
0.084428 0.084428 0.084428 0.084428 0.084428 0.084428 0.084428 0.084428 0.000003 0.084428 0.000000 0.028510 0.084428 0.084428 0.084428 0.000002 0.000108 0.165415 0.084428 0.084428 1.000000
0.084428 0.084428 0.084428 0.084428 0.084428 0.084428 0.084428 0.084428 0.000003 0.084428 0.000000 0.028510 0.084428 0.084428 0.084428 0.000002 0.000108 0.165415 0.084428 0.084428 1.000000
0.084428 0.084428 0.084428 0.084428 0.084428 0.084428 0.084428 0.084428 0.000003 0.084428 0.000000 0.028510 0.084428 0.084428 0.084428 0.000002 0.000108 0.165415 0.084428 0.084428 1.000000
0.084428 0.084428 0.084428 0.084428 0.084428 0.084428 0.084428 0.084428 0.000003 0.084428 0.000000 0.028510 0.084428 0.084428 0.084428 0.000002 0.000108 0.165415 0.084428 0.084428 1.000000
0.084428 0.084428 0.084428 0.084428 0.084428 0.084428 0.084428 0.084428 0.000003 0.084428 0.000000 0.028510 0.084428 0.084428 0.084428 0.000002 0.000108 0.165415 0.084428 0.084428 1.000000
0.084428 0.084428 0.084428 0.084428 0.084428 0.084428 0.084428 0.084428 0.000003 0.084428 0.000000 0.028510 0.084428 0.084428 0.084428 0.000002 0.000108 0.165415 0.084428 0.084428 1.000000
0.084428 0.084428 0.084428 0.084428 0.084428 0.084428 0.084428 0.084428 0.000003 0.084428 0.000000 0.028510 0.084428 0.084428 0.084428 0.000002 0.000108 0.165415 0.084428 0.084428 1.000000
0.084428 0.084428 0.084428 0.084428 0.084428 0.084428 0.084428 0.084428 0.000003 0.084428 0.000000 0.028510 0.084428 0.084428 0.084428 0.000002 0.000108 0.165415 0.084428 0.084428 1.000000
0.084428 0.084428 0.084428 0.084428 0.084428 0.084428 0.084428 0.084428 0.000003 0.084428 0.000000 0.028510 0.084428 0.084428 0.084428 0.000002 0.000108 0.165415 0.084428 0.084428 1.000000
0.084428 0.084428 0.084428 0.084428 0.084428 0.084428 0.084428 0.084428 0.000003 0.084428 0.000000 0.028510 0.084428 0.084428 0.084428 0.000002 0.000108 0.165415 0.084428 0.084428 1.000000
0.084428 0.084428 0.084428 0.084428 0.084428 0.084428 0.084428 0.084428 0.000003 0.084428 0.000000 0.028510 0.084428 0.084428 0.084428 0.000002 0.000108 0.165415 0.084428 0.084428 1.000000
0.084428 0.084428 0.084428 0.084428 0.084428 0.084428 0.084428 0.084428 0.000003 0.084428 0.000000 0.028510 0.084428 0.084428 0.084428 0.000002 0.000108 0.165415 0.084428 0.084428 1.000000
0.084428 0.084428 0.084428 0.084428 0.084428 0.084428 0.084428 0.084428 0.000003 0.084428 0.000000 0.028510 0.084428 0.084428 0.084428 0.000002 0.000108 0.165415 0.084428 0.084428 1.000000
0.084428 0.084428 0.084428 0.084428 0.084428 0.084428 0.084428 0.084428 0.000003 0.084428 0.000000 0.028510 0.084428 0.084428 0.084428 0.000002 0.000108 0.165415 0.084428 0.084428 1.000000
0.084428 0.084428 0.084428 0.084428 0.084428 0.084428 0.084428 0.084428 0.000003 0.084428 0.000000 0.028510 0.084428 0.084428 0.084428 0.000002 0.000108 0.165415 0.084428 0.084428 1.000000
0.084428 0.084428 0.084428 0.084428 0.084428 0.084428 0.084428 0.084428 0.000003 0.084428 0.000000 0.028510 0.084428 0.084428 0.084428 0.000002 0.000108 0.165415 0.084428 0.084428 1.000000
0.084428 0.084428 0.084428 0.084428 0.084428 0.084428 0.084428 0.084428 0.000003 0.084428 0.000000 0.028510 0.084428 0.084428 0.084428 0.000002 0.000108 0.165415 0.084428 0.084428 1.000000
0.084428 0.084428 0.084428 0.084428 0.084428 0.084428 0.084428 0.084428 0.000003 0.084428 0.000000 0.028510 0.084428 0.084428 0.084428 0.000002 0.000108 0.165415 0.084428 0.084428 1.000000
