0.000000 0.000000 0.000000 0.000000 0.000000 0.000000 0.000000 0.000000 0.000000 0.000000 0.000000 0.000000 0.000000 0.000000 0.000000 0.000000 0.000000 0.000000 0.000000 0.000000 0.000000
11.801896 11.801896 11.801896 11.801896 11.801896 11.801896 11.801896 11.801896 1984.965337 87.311130 11.529279 14.372755 28.641273 45132.875004 55.889685 262707.908301 166.516924 27.971647 1016.302979 44.719796 1.000000
11.805600 11.805600 11.805600 11.805600 11.805600 11.805600 11.805600 11.805600 1016.626524 87.338919 34.959592 22.400474 69.876286 28894.235752 136.456499 210233.234378 85.292456 34.959592 520.514198 28.650369 1.000000
11.802644 11.802644 11.802644 11.802644 11.802644 11.802644 11.802644 11.802644 3101.707272 35.788189 43.675541 11.530009 109.140774 23109.517657 28.643110 410507.496678 133.224805 17.935877 650.476631 69.858546 1.000000
11.881252 11.881252 11.881252 11.881252 11.881252 11.881252 11.881252 11.881252 335.296323 87.906513 35.186475 28.161953 45.024520 23265.649193 137.343433 264499.807940 134.124792 28.161953 268.238400 214.592398 1.000000
11.880870 11.880870 11.880870 11.880870 11.880870 11.880870 11.880870 11.880870 214.585394 45.023052 68.680395 22.544777 173336.936250 523.880653 45.023052 211592.939756 107.299687 43.968878 45.023052 109.874437 1.000000
11.880588 11.880588 11.880588 11.880588 11.880588 11.880588 11.880588 11.880588 419.095317 56.267473 85.841882 35.184485 419.095317 29080.413897 70.326346 330606.029168 68.678746 35.184485 335.277328 23.083199 1.000000
11.879393 11.879393 11.879393 11.879393 11.879393 11.879393 11.879393 11.879393 1278.840453 28.831594 18.053459 22.541947 36.023896 36346.809564 87.892571 211566.276485 209.529864 35.180902 818.458611 87.892571 1.000000
11.805144 11.805144 11.805144 11.805144 11.805144 11.805144 11.805144 11.805144 650.616376 87.335496 17.939707 106.606116 28.649248 23114.482435 266.495591 262781.240871 54.595845 43.684914 650.616376 35.795865 1.000000
11.879724 11.879724 11.879724 11.879724 11.879724 11.879724 11.879724 11.879724 268.203425 87.895054 54.945498 28.158290 45.018655 45434.795969 18.484642 211572.255698 85.835553 54.945498 1998.243958 109.863698 1.000000
11.879294 11.879294 11.879294 11.879294 11.879294 11.879294 11.879294 11.879294 1598.536677 56.261261 18.053307 43.962971 36.023591 216642.032427 36.023591 413211.884353 43.962971 28.157258 419.049021 36.023591 1.000000
11.805285 11.805285 11.805285 11.805285 11.805285 11.805285 11.805285 11.805285 520.500099 35.796298 17.939923 34.958647 55.905953 266.498819 333.121835 513250.829155 43.685443 34.958647 56432.525480 69.874394 1.000000
11.800969 11.800969 11.800969 11.800969 11.800969 11.800969 11.800969 11.800969 1587.845926 55.885234 22.391596 14.371621 14.713254 1984.807125 109.125062 1002071.262459 22.391596 27.969423 36103.422141 55.885234 1.000000
11.878001 11.878001 11.878001 11.878001 11.878001 11.878001 11.878001 11.878001 1997.949879 87.882122 28.154156 11.603574 335.203266 23259.192027 56.255052 1008706.659195 18.051326 28.154156 87.882122 87.882122 1.000000
11.803039 11.803039 11.803039 11.803039 11.803039 11.803039 11.803039 11.803039 333.057549 87.319703 54.585977 11.530394 55.895171 88158.804555 22.930943 262733.711435 85.273691 54.585977 2481.450149 35.789401 1.000000
11.879748 11.879748 11.879748 11.879748 11.879748 11.879748 11.879748 11.879748 2497.809648 28.832463 28.158345 43.964671 36.024983 45434.885563 36.024983 413227.876756 43.964671 43.964671 1278.879117 45.018744 1.000000
11.880848 11.880848 11.880848 11.880848 11.880848 11.880848 11.880848 11.880848 268.229162 23.083710 85.843788 28.160985 214.585007 11911.602177 335.284775 211592.558466 167.646861 107.299493 268.229162 56.268722 1.000000
11.881071 11.881071 11.881071 11.881071 11.881071 11.881071 11.881071 11.881071 214.589094 137.341319 68.681579 28.161520 45.023828 45440.021303 36.029049 264495.735068 54.951813 35.185934 654.861248 171.673372 1.000000
11.804085 11.804085 11.804085 11.804085 11.804085 11.804085 11.804085 11.804085 813.195772 44.728200 22.397569 22.397569 22.932997 88166.728929 136.438734 410558.324856 27.976895 54.590880 1016.494161 44.728200 1.000000
11.880735 11.880735 11.880735 11.880735 11.880735 11.880735 11.880735 11.880735 419.100585 109.873180 18.055515 68.679609 87.902639 36350.974236 70.327229 516578.413241 54.950237 28.160714 419.100585 56.268180 1.000000
11.880410 11.880410 11.880410 11.880410 11.880410 11.880410 11.880410 11.880410 87.900200 87.900200 85.840578 167.640592 28.834091 4878.809966 36.027019 264480.807080 107.295481 22.543897 36349.965365 56.266619 1.000000
11.657334 11.657334 11.657334 11.657334 11.657334 11.657334 11.657334 11.657334 68.986314 44.164607 22.116198 256.943939 22820.860561 35.341866 263.110409 34821.869715 11410.430346 27.624927 411.106508 134.718006 1.000000
11.877743 11.877743 11.877743 11.877743 11.877743 11.877743 11.877743 11.877743 523.740819 137.302296 68.662070 35.175952 45.011047 7621.404342 56.253814 1260855.560659 9.320997 35.175952 1278.660229 137.302296 1.000000
11.880392 11.880392 11.880392 11.880392 11.880392 11.880392 11.880392 11.880392 654.823267 87.900063 22.543862 43.967087 109.869959 36349.908642 45.021219 413250.616185 22.543862 43.967087 818.528396 45.021219 1.000000
11.875664 11.875664 11.875664 11.875664 11.875664 11.875664 11.875664 11.875664 1022.746935 87.864590 22.534797 35.169717 137.277923 45419.044426 70.296792 1575789.651694 28.148553 11.601293 654.558940 14.806859 1.000000
11.879537 11.879537 11.879537 11.879537 11.879537 11.879537 11.879537 11.879537 1598.569824 28.831946 28.157841 22.542223 70.320038 45434.069298 87.893648 645656.957600 28.157841 35.181333 818.468652 36.024337 1.000000
11.874244 11.874244 11.874244 11.874244 11.874244 11.874244 11.874244 11.874244 109.812299 56.237017 11.599907 28.145147 28.818948 1597.847378 18.476043 169178.605475 18165.414497 22.532075 528683.142093 18.476043 1.000000
11.874869 11.874869 11.874869 11.874869 11.874869 11.874869 11.874869 11.874869 3120.961271 28.820482 14.462039 14.462039 36.010000 1278.346388 45.000010 1260546.089475 35.167332 11.600517 88703.045306 45.000010 1.000000
11.869221 11.869221 11.869221 11.869221 11.869221 11.869221 11.869221 11.869221 817.747758 23.060882 9.314368 11.595003 1597.161827 817.747758 9519.822710 169106.019947 4759.911513 18.037875 11.869221 70.258126 1.000000
11.867423 11.867423 11.867423 11.867423 11.867423 11.867423 11.867423 11.867423 3118.976377 28.802196 6.056686 14.452928 28.802196 171.473354 28.802196 1574680.496321 18.035120 18.035120 654.098216 138510.361266 1.000000
11.874589 11.874589 11.874589 11.874589 11.874589 11.874589 11.874589 11.874589 1278.315842 44.998935 18.046099 11.600244 18.476584 173243.995663 36.009141 806730.220363 18.046099 22.532736 2496.709502 56.238672 1.000000
11.857210 11.857210 11.857210 11.857210 11.857210 11.857210 11.857210 11.857210 3146611.900039 23.037300 7.491530 7.491530 14.783733 29022.372244 14.783733 135145.952046 11608.948970 11.583277 14.783733 35.955769 1.000000
11.860848 11.860848 11.860848 11.860848 11.860848 11.860848 11.860848 11.860848 1596.018937 14.788292 11.586829 7.493779 56.172704 817.162599 35.966941 168985.011672 7432.039544 6.053463 173040.651952 44.946171 1.000000
11.868544 11.868544 11.868544 11.868544 11.868544 11.868544 11.868544 11.868544 3119.275288 44.975724 18.036838 18.036838 9519.271855 3119.275288 28.804950 1968539.259346 7.498539 35.148365 418.664388 11.868544 1.000000
11.872376 11.872376 11.872376 11.872376 11.872376 11.872376 11.872376 11.872376 6094.329408 28.814361 22.528495 18.042709 18.473113 56.228051 36.002346 1260277.749372 54.911049 9.316823 3150694.373428 23.067077 1.000000
11.796193 11.796193 11.796193 11.796193 11.796193 11.796193 11.796193 11.796193 9460.409637 22.917501 11.523711 11.523711 35.768374 172083.846911 18.353579 1252074.776166 17.925993 17.925993 1587.193972 28.627265 1.000000
11.868718 11.868718 11.868718 11.868718 11.868718 11.868718 11.868718 11.868718 4873.939686 28.805376 9.313977 9.313977 28.805376 654.170612 23.059894 1574854.783351 28.131895 11.594512 528433.577380 35.991110 1.000000
11.865320 11.865320 11.865320 11.865320 11.865320 11.865320 11.865320 11.865320 23234.006160 18.462041 11.591195 9.311334 18.462041 110788.374512 18.462041 644873.213622 107.157273 9.311334 2494.732811 23.053223 1.000000
11.871495 11.871495 11.871495 11.871495 11.871495 11.871495 11.871495 11.871495 4875.096650 70.271775 14.457911 14.457911 35.999641 45402.873750 14.801635 1969035.773319 28.138556 9.316137 1022.382804 87.833315 1.000000
11.875082 11.875082 11.875082 11.875082 11.875082 11.875082 11.875082 11.875082 3901.272592 23.072389 14.462300 18.046854 18.477358 1022.696113 88704.662990 1260569.078151 22.533682 22.533682 109.820160 36.010656 1.000000
11.866528 11.866528 11.866528 11.866528 11.866528 11.866528 11.866528 11.866528 14871.300149 11.866528 14.451834 9.312274 2494.990538 6091.284678 18.463937 1574560.142251 18.033750 18.033750 18.463937 1021.948939 1.000000
11.872232 11.872232 11.872232 11.872232 11.872232 11.872232 11.872232 11.872232 1278.058540 1996.965747 18.042489 11.597943 18.472887 45405.732792 23.066794 645254.271639 68.629774 11.597943 654.367100 23.066794 1.000000
11.863080 11.863080 11.863080 11.863080 11.863080 11.863080 11.863080 11.863080 9514.826468 14.791089 18.028467 7.495160 35.973796 2494.255043 14.791089 1574095.979889 28.118375 11.589008 14.791089 338034.537722 1.000000
11.794683 11.794683 11.794683 11.794683 11.794683 11.794683 11.794683 11.794683 6053.875835 35.763736 11.522237 17.923679 11.794683 110119.356945 22.914536 410226.572070 208.014391 11.522237 2479.667878 35.763736 1.000000
11.871959 11.871959 11.871959 11.871959 11.871959 11.871959 11.871959 11.871959 11902.562070 23.066257 9.316498 11.597676 36.001063 110851.246738 23.066257 264289.967371 54.909091 68.628170 1278.028644 23.066257 1.000000
11.876126 11.876126 11.876126 11.876126 11.876126 11.876126 11.876126 11.876126 523.668504 45.004838 18.048454 11.601744 23.074438 138613.393427 36.013861 169205.802520 4762.720142 35.171103 1278.483679 28.823569 1.000000
11.874007 11.874007 11.874007 11.874007 11.874007 11.874007 11.874007 11.874007 7618.973257 36.007355 9.318091 18.045208 36.007355 88696.520853 23.070279 516281.700937 68.640178 18.045208 1022.602241 36.007355 1.000000
11.871286 11.871286 11.871286 11.871286 11.871286 11.871286 11.871286 11.871286 3900.007742 23.064937 14.457656 22.526405 270617.381706 1996.804334 35.998999 1969000.598928 22.526405 11.597019 23.064937 14.801373 1.000000
11.870459 11.870459 11.870459 11.870459 11.870459 11.870459 11.870459 11.870459 7616.663954 28.809653 11.596212 11.596212 7616.663954 56748.567711 28.809653 412900.173206 85.767670 22.524819 18.470105 14.800337 1.000000
11.876676 11.876676 11.876676 11.876676 11.876676 11.876676 11.876676 11.876676 3121.443183 36.015552 35.172753 22.536738 18.479859 88716.742054 28.824921 330495.618446 107.261283 22.536738 2497.154690 23.075519 1.000000
11.872461 11.872461 11.872461 11.872461 11.872461 11.872461 11.872461 11.872461 7617.967134 28.814570 11.598167 22.528658 36.002608 138570.012549 18.473246 806583.630283 28.140873 28.140873 1997.004843 14.802846 1.000000
11.852710 11.852710 11.852710 11.852710 11.852710 11.852710 11.852710 11.852710 418.097855 23.028466 408.298800 7.488747 11.852710 71518131.231447 28.766065 168867.412928 11604.480340 6.049474 11.852710 14.778094 1.000000
11.862250 11.862250 11.862250 11.862250 11.862250 11.862250 11.862250 11.862250 36293.605926 14.790049 9.308946 9.308946 14.790049 88607.436287 18.457224 1967480.318129 28.116384 9.308946 1995.262586 44.951554 1.000000
11.859307 11.859307 11.859307 11.859307 11.859307 11.859307 11.859307 11.859307 29027.580442 14.786362 11.585325 14.442999 35.962211 138414.289517 11.859307 1966985.358731 43.888025 7.492827 2493.450572 11.859307 1.000000
11.860818 11.860818 11.860818 11.860818 11.860818 11.860818 11.860818 11.860818 56.172561 11.860818 68.562875 11.586800 11.860818 45803362.443073 817.160516 211230.726180 1948.260086 7.493761 35.966849 14.788254 1.000000
11.851663 11.851663 11.851663 11.851663 11.851663 11.851663 11.851663 11.851663 216130.915026 23.026409 7.488099 9.300711 7678512.582098 11.851663 11.851663 1965699.221017 35.097738 9.300711 14.776782 14.776782 1.000000
11.855799 11.855799 11.855799 11.855799 11.855799 11.855799 11.855799 11.855799 11886.129476 18.447103 14.438707 7.490657 11.855799 6144984.869494 23.034531 805435.456816 133.833392 6.050988 137.045039 18.447103 1.000000
11.863374 11.863374 11.863374 11.863374 11.863374 11.863374 11.863374 11.863374 171.414026 6089.642458 22.511237 6.054702 14.791458 88615.958435 28.792254 169021.527150 9292.056830 11.589296 267.829034 14.791458 1.000000
11.852623 11.852623 11.852623 11.852623 11.852623 11.852623 11.852623 11.852623 36263.730386 14.777985 7.488693 9.301458 23.028295 18747909.182038 14.777985 211082.692020 996.810833 7.488693 11.852623 18.442120 1.000000
11.779828 11.779828 11.779828 11.779828 11.779828 11.779828 11.779828 11.779828 28.587073 1014.375085 6.013754 14.345753 11.779828 108.926770 18.327901 1562890.762245 106.374234 6.013754 137473.325290 9447.095084 1.000000
11.863955 11.863955 11.863955 11.863955 11.863955 11.863955 11.863955 11.863955 1596.443007 18.459899 7.495701 11.589862 35.976482 270447.858909 18.459899 169029.911821 18149.448637 9.310272 1596.443007 18.459899 1.000000
11.853994 11.853994 11.853994 11.853994 11.853994 11.853994 11.853994 11.853994 9507.434930 11.853994 6.050104 7.489541 18.444271 6144035.751916 18.444271 168885.968773 2433.903726 14.436498 137.023874 14.779703 1.000000
11.850290 11.850290 11.850290 11.850290 11.850290 11.850290 11.850290 11.850290 23204.154601 23.023715 6.048288 7.487250 18.438460 270131.912062 14.775062 263800.695373 510.266715 7.487250 2491.527525 11.850290 1.000000
11.849865 11.849865 11.849865 11.849865 11.849865 11.849865 11.849865 11.849865 11.849865 2491.436830 9.299313 7.486987 18.437792 11.849865 70.141958 329738.865787 7425.059300 6.048080 29286694.472577 18.437792 1.000000
11.844166 11.844166 11.844166 11.844166 11.844166 11.844166 11.844166 11.844166 172793.797546 14.767387 7.483463 6.045286 3890.970668 11.844166 23.011691 263662.410801 996.089429 6.045286 28989.988682 11.844166 1.000000
11.864383 11.864383 11.864383 11.864383 11.864383 11.864383 11.864383 11.864383 70.229089 137.145671 7.495966 14.449209 18.460571 2015067.375172 14.792722 135228.882439 14520.090757 11.590280 1995.626570 14.792722 1.000000
11.845905 11.845905 11.845905 11.845905 11.845905 11.845905 11.845905 11.845905 56629.503904 11.845905 7.484539 7.484539 14.769567 23421413.856782 23.015106 210961.341441 1245.296763 7.484539 11.845905 11.845905 1.000000
11.777164 11.777164 11.777164 11.777164 11.777164 11.777164 11.777164 11.777164 335551.235491 11.777164 7.442031 11.505135 14.683422 11.777164 22.880140 409608.441760 324.528323 7.442031 3125064.405500 18.323721 1.000000
11.857000 11.857000 11.857000 11.857000 11.857000 11.857000 11.857000 11.857000 1276.395340 28.776601 9.304863 9.304863 14.783470 216229.648625 11.857000 168929.412991 28341.652539 6.051577 816.893740 137.059118 1.000000
11.852289 11.852289 11.852289 11.852289 11.852289 11.852289 11.852289 11.852289 6083.870730 18.441596 14.434412 6.049268 7678924.226160 418.082794 11.852289 644154.851951 167.238140 7.488487 18.441596 11.852289 1.000000
11.858021 11.858021 11.858021 11.858021 11.858021 11.858021 11.858021 11.858021 7608.568717 14.784749 7.492031 14.441425 23.038892 659938.127211 11.858021 168944.160572 3043.427763 7.492031 1021.205768 18.450589 1.000000
11.859582 11.859582 11.859582 11.859582 11.859582 11.859582 11.859582 11.859582 653.659854 11.859582 54.851066 14.443335 11.859582 111812793.708881 11.859582 168966.716603 18142.663103 9.306871 23.041957 18.453038 1.000000
11.855896 11.855896 11.855896 11.855896 11.855896 11.855896 11.855896 11.855896 138373.901213 18.447255 7.490717 11.581995 7681294.556308 11.855896 14.782087 1573129.125133 35.110433 9.304004 14.782087 23.034721 1.000000
11.854214 11.854214 11.854214 11.854214 11.854214 11.854214 11.854214 11.854214 29014.935264 11.854214 7.489677 11.580353 18.444616 2516644.464801 28.769759 4800118.379213 14.436768 7.489677 214.097105 11.854214 1.000000
11.858602 11.858602 11.858602 11.858602 11.858602 11.858602 11.858602 11.858602 7608.947056 28.780534 9.306109 7.492391 11.858602 3895.781082 14.785478 329985.471458 167.328489 11.584637 527976.754330 14.785478 1.000000
11.854881 11.854881 11.854881 11.854881 11.854881 11.854881 11.854881 11.854881 4868.176298 14.780815 9.303214 7.490089 14.780815 270238.059296 23.032728 135119.029653 18135.369224 6.050538 1595.204569 23.032728 1.000000
11.847016 11.847016 11.847016 11.847016 11.847016 11.847016 11.847016 11.847016 11.847016 11.847016 7.485226 11.573326 14991130.555505 11877.197363 18.433322 1257547.177070 18123.164849 7.485226 11.847016 11.847016 1.000000
11.835764 11.835764 11.835764 11.835764 11.835764 11.835764 11.835764 11.835764 9492.604086 11.835764 6.041168 6.041168 14.756858 89268018.832438 11.835764 168622.520057 22632.131575 7.478267 11.835764 11.835764 1.000000
11.851515 11.851515 11.851515 11.851515 11.851515 11.851515 11.851515 11.851515 816.510405 11.851515 261.286765 6.048888 11.851515 36260.291683 14.776596 135080.112730 11603.293416 6.048888 334.445150 3114.735657 1.000000
11.847747 11.847747 11.847747 11.847747 11.847747 11.847747 11.847747 11.847747 11877.941182 23.018722 7.485678 7.485678 11.847747 11.847747 28.753877 135036.556212 35399.023018 6.047042 9594924.407313 18.434470 1.000000
11.851323 11.851323 11.851323 11.851323 11.851323 11.851323 11.851323 11.851323 6083.367714 334.439658 6.048794 9.300447 14.776356 18564.964499 11.851323 168847.368020 416240898.674938 11.577531 14.776356 11.851323 1.000000
11.845014 11.845014 11.845014 11.845014 11.845014 11.845014 11.845014 11.845014 11.845014 1020.069567 6.045702 7.483987 14.768450 36593165.943926 56.096690 210945.239697 18120.058170 6.045702 11.845014 56.096690 1.000000
11.774238 11.774238 11.774238 11.774238 11.774238 11.774238 11.774238 11.774238 69.688048 11.774238 132.899557 6.011015 14.679755 29097093.928656 18.319130 134186.661255 11526.546519 6.011015 11.774238 1267.357972 1.000000
11.855435 11.855435 11.855435 11.855435 11.855435 11.855435 11.855435 11.855435 14.781509 11.855435 135125.438630 7.490432 14857.199165 14857.199165 14.781509 168906.798284 3072396.762551 11.581545 11.855435 14.781509 1.000000
11.848890 11.848890 11.848890 11.848890 11.848890 11.848890 11.848890 11.848890 3114.035988 18.436263 7.486385 6.047602 11.848890 527538.161722 11.848890 135049.769408 69145.481947 9.298555 1992.983328 14.773307 1.000000
11.847503 11.847503 11.847503 11.847503 11.847503 11.847503 11.847503 11.847503 109.561509 11.847503 6.046922 9.297476 14.771569 1609727.574400 11.847503 135033.736092 7495878.145097 6.046922 171.181438 213.974169 1.000000
11.844483 11.844483 11.844483 11.844483 11.844483 11.844483 11.844483 11.844483 1593.785289 11.844483 6.045441 6.045441 11.844483 267.396435 14.767784 168748.514861 11596.309727 9.295126 23418560.820381 14.767784 1.000000
11.845624 11.845624 11.845624 11.845624 11.845624 11.845624 11.845624 11.845624 2490.532447 14.769215 6.046001 7.484365 11.845624 1992.426138 14.769215 168765.015917 11597.443671 7.484365 11.845624 2011835.764777 1.000000
11.849094 11.849094 11.849094 11.849094 11.849094 11.849094 11.849094 11.849094 816.341238 11.849094 208.987828 6.047702 11.849094 111712500.660884 18.436583 135052.126430 18126.389625 7.486511 11.849094 18.436583 1.000000
11.841712 11.841712 11.841712 11.841712 11.841712 11.841712 11.841712 11.841712 11.841712 3112.122401 6.044083 6.044083 18.425000 9589966.566024 11.841712 3068789.301128 208.855765 7.481946 11.841712 652.660837 1.000000
11.851904 11.851904 11.851904 11.851904 11.851904 11.851904 11.851904 11.851904 109.602779 267.566372 22.489246 6.049079 11.851904 3145183.660482 11.851904 168855.762027 3041.835316 6.049079 1594.798209 18.440991 1.000000
11.904274 11.904274 11.904274 11.904274 11.904274 11.904274 11.904274 11.904274 173683.266248 11.904274 6.074751 6.074751 11.904274 36778862.223541 11.904274 7532310.983381 6.074751 9.341634 11.904274 14.842711 1.000000
11.836880 11.836880 11.836880 11.836880 11.836880 11.836880 11.836880 11.836880 45268.591286 11.836880 6.041715 6.041715 11.836880 11.836880 18.417419 134910.915096 28292.869575 7.478957 14978120.420468 11.836880 1.000000
11.850954 11.850954 11.850954 11.850954 11.850954 11.850954 11.850954 11.850954 11.850954 2491.669032 9.300160 9.300160 11.850954 45764724.993873 87.679201 805101.556365 996.668456 6.048613 14.775893 18.439501 1.000000
11.845176 11.845176 11.845176 11.845176 11.845176 11.845176 11.845176 11.845176 3113.045761 417.828279 6.045781 6.045781 11.845176 14988768.578074 14.768652 210948.164326 1245.218979 7.484088 14.768652 18.430435 1.000000
11.845774 11.845774 11.845774 11.845774 11.845774 11.845774 11.845774 11.845774 11.845774 9500.747650 9.296131 7.484458 18.431374 11.845774 14.769402 3837321.373867 167.144901 6.046074 89344600.538423 14.769402 1.000000
11.851798 11.851798 11.851798 11.851798 11.851798 11.851798 11.851798 11.851798 418.065243 11.851798 261.293109 7.488183 11.851798 11.851798 23.026676 168854.240745 168854.240745 6.049027 29008.937705 29008.937705 1.000000
11.847267 11.847267 11.847267 11.847267 11.847267 11.847267 11.847267 11.847267 11.847267 70.126363 9.297292 14.428267 14.771273 4960255515.387306 14.771273 168788.748737 28318.052994 6.046806 11.847267 11.847267 1.000000
11.846442 11.846442 11.846442 11.846442 11.846442 11.846442 11.846442 11.846442 56.103546 3967924179.962803 9.296650 9.296650 11.846442 11.846442 11.846442 135021.463179 168776.828971 7.484871 14.770239 11.846442 1.000000
11.839057 11.839057 11.839057 11.839057 11.839057 11.839057 11.839057 11.839057 6076.981183 11.839057 7.480304 6.042782 11.839057 111616513.395582 11.839057 168670.106180 28298.148076 7.480304 11.839057 14.760985 1.000000
11.849329 11.849329 11.849329 11.849329 11.849329 11.849329 11.849329 11.849329 11.849329 3114.153033 7.486656 7.486656 11.849329 11995279.918289 14.773858 1572245.329451 326.545642 9.298896 522.470041 11.849329 1.000000
11.843445 11.843445 11.843445 11.843445 11.843445 11.843445 11.843445 11.843445 11.843445 334.214160 6.044933 7.483017 14.766484 28988.197967 11.843445 168733.519583 170377314.552888 6.044933 7599.082291 18.427719 1.000000
11.838201 11.838201 11.838201 11.838201 11.838201 11.838201 11.838201 11.838201 11.838201 11.838201 11.564721 9.290241 11.838201 23405963.386781 11.838201 134926.192631 171959860854.460724 6.042363 11.838201 11.838201 1.000000
11.844163 11.844163 11.844163 11.844163 11.844163 11.844163 11.844163 11.844163 11.844163 652.797886 6.045285 7.483462 11.844163 652.797886 14.767384 210929.878293 18118.738635 6.045285 23.011686 11989975.421793 1.000000
11.837596 11.837596 11.837596 11.837596 11.837596 11.837596 11.837596 11.837596 11.837596 1592.845385 6.042066 6.042066 22.998793 11.837596 11.837596 168648.998703 86348.287344 7.479400 174378977.560433 11.837596 1.000000
11.839057 11.839057 11.839057 11.839057 11.839057 11.839057 11.839057 11.839057 29259599.329190 11.839057 7.480304 6.042782 11.839057 36221.629571 14.760985 134936.085139 14488.651886 7.480304 11.839057 11.839057 1.000000
11.904274 11.904274 11.904274 11.904274 11.904274 11.904274 11.904274 11.904274 11.904274 29139.216766 9.341634 6.074751 11.904274 11.904274 14.842711 70150112.573810 6.074751 6.074751 11.904274 71833715.275581 1.000000
11.908804 11.908804 11.908804 11.908804 11.908804 11.908804 11.908804 11.908804 11.908804 11.908804 9.345158 6.076972 14.848388 11.908804 19021564890.540306 1975312.232512 18219.039664 6.076972 11.908804 11.908804 1.000000
11.835328 11.835328 11.835328 11.835328 11.835328 11.835328 11.835328 11.835328 11.835328 11.835328 7.477998 6.040954 11.835328 45262.571687 11.835328 168616.219111 29407686218758744.000000 7.477998 11.835328 18.414984 1.000000
11.839639 11.839639 11.839639 11.839639 11.839639 11.839639 11.839639 11.839639 213.830106 11.839639 6.043068 6.043068 14.761714 11.839639 3172490398.456284 134942.817735 22639.648051 9.291359 11.839639 14.761714 1.000000
11.836880 11.836880 11.836880 11.836880 11.836880 11.836880 11.836880 11.836880 11.836880 11.836880 6.041715 7.478957 11.836880 7594.809460 11.836880 2454015.247047 14485.949258 6.041715 29254141.414723 18.417419 1.000000
11.842327 11.842327 11.842327 11.842327 11.842327 11.842327 11.842327 11.842327 1593.491134 14.765083 6.044385 6.044385 11.842327 267.347085 11.842327 134973.895978 11594.169466 7.482326 29267798.248107 14.765083 1.000000
11.910359 11.910359 11.910359 11.910359 11.910359 11.910359 11.910359 11.910359 11.910359 23550673.947575 7.524400 6.077734 11.910359 11.910359 11.910359 135760.392218 216278782683.060303 9.346367 11.910359 11.910359 1.000000
11.840171 11.840171 11.840171 11.840171 11.840171 11.840171 11.840171 11.840171 815.717648 11.840171 7.480992 6.043328 11.840171 11.840171 831687189.420456 168686.202385 18112.543118 7.480992 11.840171 18.422582 1.000000
11.909615 11.909615 11.909615 11.909615 11.909615 11.909615 11.909615 11.909615 11.909615 11.909615 6.077369 6.077369 11.909615 836635017.554490 11.909615 169689.741154 6028590.645286 7.523940 70.500545 11.909615 1.000000
11.908379 11.908379 11.908379 11.908379 11.908379 11.908379 11.908379 11.908379 11.908379 14.847856 6.076764 7.523176 14.847856 428312062.186239 11.908379 169671.888354 334618798.583000 6.076764 11.908379 11.908379 1.000000
11.840788 11.840788 11.840788 11.840788 11.840788 11.840788 11.840788 11.840788 11.840788 3111.875974 6.043630 7.481374 340677076.017424 11.840788 14.763153 643520.802108 1944.922797 7.481374 14.763153 11.840788 1.000000
11.908804 11.908804 11.908804 11.908804 11.908804 11.908804 11.908804 11.908804 11.908804 11.908804 6.076972 9.345158 14.848388 56934.498801 11.908804 135742.423025 29592872232673932.000000 6.076972 11.908804 11.908804 1.000000
11.838874 11.838874 11.838874 11.838874 11.838874 11.838874 11.838874 11.838874 11.838874 652.502153 6.042692 7.480190 11.838874 815.627002 11.838874 210834.321478 18110.530367 6.042692 11.838874 23407311.808123 1.000000
11.835762 11.835762 11.835762 11.835762 11.835762 11.835762 11.835762 11.835762 521.863228 11.835762 6.041167 6.041167 14.756855 11.835762 2029719323.232666 168622.484258 14484.561174 7.478266 11.835762 11.835762 1.000000
11.841970 11.841970 11.841970 11.841970 11.841970 11.841970 11.841970 11.841970 11.841970 14.764636 68.452411 6.044210 11.841970 36230.671135 11.841970 168712.209485 4936599761662897.000000 7.482105 11.841970 14.764636 1.000000
11.839483 11.839483 11.839483 11.839483 11.839483 11.839483 11.839483 11.839483 11.839483 11.839483 6.042991 9.291238 3927300.384878 70747.954214 11.839483 1963650.192440 18111.476330 7.480567 11.839483 11.839483 1.000000
11.832478 11.832478 11.832478 11.832478 11.832478 11.832478 11.832478 11.832478 11.832478 11.832478 6.039558 7.476235 11.832478 88381.867238 11.832478 134860.026903 23520402577163776.000000 7.476235 11.832478 11.832478 1.000000
11.849290 11.849290 11.849290 11.849290 11.849290 11.849290 11.849290 11.849290 1020.443101 14.773808 6.047798 9.298866 11.849290 56.117219 111714373.171076 168817.987692 14501.354791 7.486632 14.773808 14.773808 1.000000
11.840949 11.840949 11.840949 11.840949 11.840949 11.840949 11.840949 11.840949 11.840949 14.763356 6.043710 9.292378 11.840949 139543264.234505 14.763356 168697.455092 1015310875.915053 7.481474 18.423804 11.840949 1.000000
11.841902 11.841902 11.841902 11.841902 11.841902 11.841902 11.841902 11.841902 18.425299 7598.078134 6.044177 7.482063 11.841902 11987653.381830 14.764550 134968.978266 804477.800482 7.482063 11.841902 11.841902 1.000000
11.835764 11.835764 11.835764 11.835764 11.835764 11.835764 11.835764 11.835764 11.835764 11.835764 7.478267 6.041168 11.835764 9492.604086 11.835764 1963024.493938 28290.164449 6.041168 14.756858 23401075.529311 1.000000
11.906438 11.906438 11.906438 11.906438 11.906438 11.906438 11.906438 11.906438 11.906438 11.906438 6.075812 6.075812 11.906438 2042013371.608838 11.906438 2468642.688937 22769.209990 6.075812 137.638694 11.906438 1.000000
11.908197 11.908197 11.908197 11.908197 11.908197 11.908197 11.908197 11.908197 828463.168913 11.908197 6.076674 6.076674 11.908197 45545.244392 11.908197 135735.405602 14716462.162876 6.076674 11.908197 14.847628 1.000000
11.906656 11.906656 11.906656 11.906656 11.906656 11.906656 11.906656 11.906656 11.906656 11.906656 6.075919 6.075919 14.845696 11.906656 12171574250.146889 265073.414083 414177.209502 7.522110 11.906656 11.906656 1.000000
11.837325 11.837325 11.837325 11.837325 11.837325 11.837325 11.837325 11.837325 29255258.361489 11.837325 6.041933 7.479233 11.837325 45270.319629 11.837325 134916.065959 14486.502343 7.479233 11.837325 11.837325 1.000000
11.901650 11.901650 11.901650 11.901650 11.901650 11.901650 11.901650 11.901650 11.901650 11.901650 6.073465 6.073465 11.901650 217055.548610 11.901650 135659.717886 4961835105282362.000000 6.073465 11.901650 11.901650 1.000000
11.829180 11.829180 11.829180 11.829180 11.829180 11.829180 11.829180 11.829180 11.829180 11.829180 6.037941 6.037941 11.829180 174253216.601486 11.829180 18271774.085112 55761029.312475 7.474196 11.829180 11.829180 1.000000
11.909706 11.909706 11.909706 11.909706 11.909706 11.909706 11.909706 11.909706 11.909706 56.407254 6.077414 6.077414 14.849518 45551.096401 11.909706 135752.845946 2033762844522764.250000 6.077414 11.909706 14.849518 1.000000
11.909307 11.909307 11.909307 11.909307 11.909307 11.909307 11.909307 11.909307 662833.160428 11.909307 6.077218 6.077218 11.909307 29151.710721 11.909307 169685.289075 28745806.101185 6.077218 11.909307 18.531055 1.000000
11.908197 11.908197 11.908197 11.908197 11.908197 11.908197 11.908197 11.908197 11.908197 1035578.961100 6.076674 6.076674 14.847628 29148.956430 11.908197 169669.256992 18395577.702865 6.076674 11.908197 11.908197 1.000000
11.906656 11.906656 11.906656 11.906656 11.906656 11.906656 11.906656 11.906656 175410871.223843 11.906656 6.075919 6.075919 14.845696 11.906656 11.906656 169646.985017 3115923008.036263 7.522110 11.906656 11.906656 1.000000
11.835764 11.835764 11.835764 11.835764 11.835764 11.835764 11.835764 11.835764 11.835764 11.835764 7.478267 6.041168 11.835764 11865.755063 11.835764 1963024.494393 28290.164456 6.041168 18720860.427785 14.756858 1.000000
11.843591 11.843591 11.843591 11.843591 11.843591 11.843591 11.843591 11.843591 11.843591 11.843591 6.045005 1005742.763735 11.843591 36235.701915 56618.284217 134988.508708 22647.313724 6.045005 14.766667 14.766667 1.000000
11.837325 11.837325 11.837325 11.837325 11.837325 11.837325 11.837325 11.837325 29255258.361490 11.837325 6.041933 7.479233 11.837325 45270.319629 11.837325 134916.065959 14486.502343 7.479233 11.837325 11.837325 1.000000
11.839228 11.839228 11.839228 11.839228 11.839228 11.839228 11.839228 11.839228 11.839228 23408022.124705 7.480409 6.042866 11.839228 18545.745864 14.761199 263550.899300 22638.849910 6.042866 14.761199 14.761199 1.000000
11.906474 11.906474 11.906474 11.906474 11.906474 11.906474 11.906474 11.906474 29428604.222723 11.906474 6.075830 6.075830 11.906474 45538.559356 11.906474 135715.482643 18215.423789 6.075830 11.906474 11.906474 1.000000
11.906474 11.906474 11.906474 11.906474 11.906474 11.906474 11.906474 11.906474 4889.665769 11.906474 6.075830 6.075830 11.906474 11.906474 274075233.863152 135715.482318 18215.423745 6.075830 11.906474 11.906474 1.000000
11.837316 11.837316 11.837316 11.837316 11.837316 11.837316 11.837316 11.837316 11.837316 11.837316 6.041929 6.041929 11.837316 7595.093070 56587.852096 3834542.009980 18108.112720 6.041929 6076.074515 14.758803 1.000000
11.909920 11.909920 11.909920 11.909920 11.909920 11.909920 11.909920 11.909920 2022911.904576 11.909920 6.077519 6.077519 11.909920 36441.541226 14.849786 169694.149866 1975499.906813 6.077519 11.909920 14.849786 1.000000
11.906386 11.906386 11.906386 11.906386 11.906386 11.906386 11.906386 11.906386 11.906386 11.906386 6.075787 6.075787 11.906386 45538.218955 11.906386 169643.085207 1626550314437288.750000 6.075787 88.095077 11.906386 1.000000
11.909752 11.909752 11.909752 11.909752 11.909752 11.909752 11.909752 11.909752 11.909752 11.909752 6.077437 7.524024 139011.457646 29152.815675 11.909752 169691.720756 1276618618.391186 6.077437 11.909752 11.909752 1.000000
11.830915 11.830915 11.830915 11.830915 11.830915 11.830915 11.830915 11.830915 11.830915 11.830915 6.038792 7.475269 11.830915 56556.815672 11.830915 2452760.896040 2525145593111307.500000 6.038792 11.830915 14.750782 1.000000
11.835764 11.835764 11.835764 11.835764 11.835764 11.835764 11.835764 11.835764 11.835764 269796.032255 7.478267 6.041168 14.756858 28969.128412 11.835764 168622.520163 266039427.783138 6.041168 11.835764 11.835764 1.000000
11.901650 11.901650 11.901650 11.901650 11.901650 11.901650 11.901650 11.901650 11.901650 11.901650 6.073465 6.073465 11.901650 11.901650 23762469289.727001 3084544.866102 18207.939168 6.073465 11.901650 11.901650 1.000000
11.901650 11.901650 11.901650 11.901650 11.901650 11.901650 11.901650 11.901650 11.901650 11.901650 6.073465 6.073465 11.901650 11.901650 29416512.168588 169574.647354 216118399219.191315 6.073465 11.901650 11.901650 1.000000
11.905100 11.905100 11.905100 11.905100 11.905100 11.905100 11.905100 11.905100 14.843747 11.905100 6.075156 6.075156 14.843747 45533.231306 11.905100 135699.603816 46224277065839336.000000 6.075156 11.905100 11.905100 1.000000
11.901650 11.901650 11.901650 11.901650 11.901650 11.901650 11.901650 11.901650 11.901650 11.901650 6.073465 6.073465 11.901650 71124.762180 11.901650 135659.717885 46210690450216752.000000 6.073465 11.901650 11.901650 1.000000
11.901650 11.901650 11.901650 11.901650 11.901650 11.901650 11.901650 11.901650 11.901650 11.901650 6.073465 6.073465 11.901650 23762469290.475979 11.901650 2467635.892960 22759.923936 6.073465 11.901650 11.901650 1.000000
11.835569 11.835569 11.835569 11.835569 11.835569 11.835569 11.835569 11.835569 11.835569 1608082.714525 6.041072 6.041072 11.835569 36210.803597 11.835569 263468.271951 18105.401840 6.041072 213.755535 11.835569 1.000000
11.827616 11.827616 11.827616 11.827616 11.827616 11.827616 11.827616 11.827616 174229843.275367 11.827616 6.037175 6.037175 11.827616 11.827616 11.827616 11692366.857108 69691937.310147 6.037175 11.827616 14.746647 1.000000
11.906211 11.906211 11.906211 11.906211 11.906211 11.906211 11.906211 11.906211 14.845138 11.906211 6.075700 6.075700 11.906211 45537.538284 11.906211 135712.439611 29586335622329152.000000 6.075700 11.906211 18.526198 1.000000
11.903376 11.903376 11.903376 11.903376 11.903376 11.903376 11.903376 11.903376 11.903376 11.903376 6.074311 6.074311 11.903376 56908.176257 11.903376 135679.665191 46217485236571008.000000 6.074311 14.841585 11.903376 1.000000
11.838874 11.838874 11.838874 11.838874 11.838874 11.838874 11.838874 11.838874 815.627002 11.838874 6.042692 6.042692 11.838874 652.502153 29259139.758689 168667.457176 14488.424318 7.480190 11.838874 11.838874 1.000000
11.903376 11.903376 11.903376 11.903376 11.903376 11.903376 11.903376 11.903376 11.903376 11.903376 6.074311 6.074311 11.903376 56908.176257 11.903376 135679.665191 46217485236571008.000000 6.074311 14.841585 11.903376 1.000000
11.901650 11.901650 11.901650 11.901650 11.901650 11.901650 11.901650 11.901650 11.901650 11.901650 6.073465 6.073465 11.901650 71124.762180 11.901650 169574.647352 36968552360194712.000000 6.073465 11.901650 11.901650 1.000000
11.905200 11.905200 11.905200 11.905200 11.905200 11.905200 11.905200 11.905200 11.905200 11.905200 6.075205 6.075205 11.905200 71146.278075 23.131518 135700.756196 12117519789921266.000000 6.075205 11.905200 11.905200 1.000000
11.901650 11.901650 11.901650 11.901650 11.901650 11.901650 11.901650 11.901650 11.901650 11.901650 6.073465 6.073465 11.901650 71124.762180 11.901650 169574.647352 36968552360194712.000000 6.073465 11.901650 11.901650 1.000000
11.903376 11.903376 11.903376 11.903376 11.903376 11.903376 11.903376 11.903376 11.903376 14.841585 6.074311 6.074311 11.903376 71135.220314 11.903376 108543.732157 36973988189462816.000000 6.074311 11.903376 11.903376 1.000000
11.904932 11.904932 11.904932 11.904932 11.904932 11.904932 11.904932 11.904932 11.904932 11.904932 6.075074 6.075074 11.904932 11.904932 274039235.283198 135697.656684 2492372325.679719 7.521043 11.904932 11.904932 1.000000
11.906474 11.906474 11.906474 11.906474 11.906474 11.906474 11.906474 11.906474 11.906474 36430.847497 6.075830 6.075830 11.906474 45538.559358 11.906474 135715.482649 11886118588.181784 6.075830 11.906474 11.906474 1.000000
11.909538 11.909538 11.909538 11.909538 11.909538 11.909538 11.909538 11.909538 11.909538 11.909538 6.077332 7.523892 11.909538 56938.055347 11.909538 135750.902492 2542167161161149.500000 6.077332 11.909538 56.406447 1.000000
11.901650 11.901650 11.901650 11.901650 11.901650 11.901650 11.901650 11.901650 11.901650 11.901650 6.073465 6.073465 11.901650 11.901650 23762469289.727001 3084544.866102 18207.939168 6.073465 11.901650 11.901650 1.000000
11.904932 11.904932 11.904932 11.904932 11.904932 11.904932 11.904932 11.904932 11.904932 11.904932 6.075074 7.521043 11.904932 56915.722436 11.904932 169622.070849 46223613800269960.000000 6.075074 11.904932 11.904932 1.000000
11.904932 11.904932 11.904932 11.904932 11.904932 11.904932 11.904932 11.904932 11.904932 11.904932 6.075074 7.521043 11.904932 71144.653037 11.904932 169622.070850 29583112832363696.000000 6.075074 11.904932 11.904932 1.000000
11.903376 11.903376 11.903376 11.903376 11.903376 11.903376 11.903376 11.903376 14.841585 11.903376 6.074311 6.074311 11.903376 56908.176257 11.903376 169599.581485 36973988189278128.000000 6.074311 11.903376 11.903376 1.000000
11.904932 11.904932 11.904932 11.904932 11.904932 11.904932 11.904932 11.904932 11.904932 11.904932 7.521043 6.075074 11.904932 3159457.274642 11.904932 169622.070852 15000420295597.972656 6.075074 11.904932 11.904932 1.000000
11.908197 11.908197 11.908197 11.908197 11.908197 11.908197 11.908197 11.908197 36436.195520 11.908197 6.076674 6.076674 11.908197 29148.956429 11.908197 135735.405590 18574786659.973141 6.076674 11.908197 14.847628 1.000000
11.906656 11.906656 11.906656 11.906656 11.906656 11.906656 11.906656 11.906656 11.906656 14.845696 6.075919 7.522110 11.906656 71155.102795 11.906656 169646.985015 18935973128346408.000000 6.075919 11.906656 11.906656 1.000000
11.906474 11.906474 11.906474 11.906474 11.906474 11.906474 11.906474 11.906474 11.906474 11.906474 6.075830 6.075830 18652.593956 45538.559353 11.906474 169644.353287 36273555257.343315 6.075830 11.906474 11.906474 1.000000
11.901650 11.901650 11.901650 11.901650 11.901650 11.901650 11.901650 11.901650 11.901650 11.901650 6.073465 6.073465 11.901650 11.901650 7786485937.536245 264960.386486 1974108.714478 6.073465 11.901650 11.901650 1.000000
11.901650 11.901650 11.901650 11.901650 11.901650 11.901650 11.901650 11.901650 11.901650 11.901650 6.073465 6.073465 11.901650 71124.762180 11.901650 169574.647352 36968552360194712.000000 6.073465 11.901650 11.901650 1.000000
11.901650 11.901650 11.901650 11.901650 11.901650 11.901650 11.901650 11.901650 11.901650 11.901650 6.073465 6.073465 11.901650 71124.762180 11.901650 169574.647352 36968552360194712.000000 6.073465 11.901650 11.901650 1.000000
11.901650 11.901650 11.901650 11.901650 11.901650 11.901650 11.901650 11.901650 11.901650 11.901650 6.073465 6.073465 11.901650 71124.762180 11.901650 169574.647352 36968552360194712.000000 6.073465 11.901650 11.901650 1.000000
11.901650 11.901650 11.901650 11.901650 11.901650 11.901650 11.901650 11.901650 11.901650 11.901650 6.073465 6.073465 11.901650 71124.762180 11.901650 169574.647352 36968552360194712.000000 6.073465 11.901650 11.901650 1.000000
11.909752 11.909752 11.909752 11.909752 11.909752 11.909752 11.909752 11.909752 11.909752 11.909752 6.077437 6.077437 11.909752 11940.993365 11.909752 2469339.534277 18220.509823 7.524024 11.909752 23549456.923264 1.000000
11.901650 11.901650 11.901650 11.901650 11.901650 11.901650 11.901650 11.901650 11.901650 11.901650 6.073465 6.073465 11.901650 71124.762180 11.901650 169574.647352 36968552360194712.000000 6.073465 11.901650 11.901650 1.000000
11.901650 11.901650 11.901650 11.901650 11.901650 11.901650 11.901650 11.901650 11.901650 11.901650 6.073465 6.073465 11.901650 71124.762180 11.901650 169574.647352 36968552360194712.000000 6.073465 11.901650 11.901650 1.000000
11.901650 11.901650 11.901650 11.901650 11.901650 11.901650 11.901650 11.901650 11.901650 11.901650 6.073465 6.073465 11.901650 71124.762180 11.901650 135659.717885 46210690450217080.000000 6.073465 11.901650 11.901650 1.000000
11.901832 11.901832 11.901832 11.901832 11.901832 11.901832 11.901832 11.901832 11.901832 11.901832 6.073554 7.519126 11.901832 14.839652 11.901832 665976573795699.000000 174581762961099.031250 6.073554 11.901832 11.901832 1.000000
11.904932 11.904932 11.904932 11.904932 11.904932 11.904932 11.904932 11.904932 11.904932 11.904932 6.075074 6.075074 11.904932 71144.653037 11.904932 169622.070850 29583112832363696.000000 7.521043 11.904932 11.904932 1.000000
11.901650 11.901650 11.901650 11.901650 11.901650 11.901650 11.901650 11.901650 11.901650 11.901650 6.073465 6.073465 7786485937.534465 11.901650 11.901650 211968.309190 2467635.893096 6.073465 11.901650 11.901650 1.000000
11.906474 11.906474 11.906474 11.906474 11.906474 11.906474 11.906474 11.906474 11.906474 11.906474 6.075830 6.075830 11.906474 9550.128177 11.906474 3857266.010152 14572.339046 6.075830 29428604.203428 11.906474 1.000000
11.901650 11.901650 11.901650 11.901650 11.901650 11.901650 11.901650 11.901650 11.901650 11.901650 6.073465 6.073465 11.901650 71124.762180 11.901650 169574.647352 36968552360194712.000000 6.073465 11.901650 11.901650 1.000000
11.901650 11.901650 11.901650 11.901650 11.901650 11.901650 11.901650 11.901650 11.901650 11.901650 6.073465 6.073465 11.901650 71124.762180 11.901650 169574.647352 36968552360194712.000000 6.073465 11.901650 11.901650 1.000000
11.901650 11.901650 11.901650 11.901650 11.901650 11.901650 11.901650 11.901650 11.901650 11.901650 6.073465 6.073465 11.901650 71124.762180 11.901650 169574.647352 36968552360194712.000000 6.073465 11.901650 11.901650 1.000000
11.901650 11.901650 11.901650 11.901650 11.901650 11.901650 11.901650 11.901650 11.901650 11.901650 6.073465 6.073465 11.901650 11.901650 2021487.323623 135659.717886 57206063952001.898438 6.073465 11.901650 11.901650 1.000000
11.904932 11.904932 11.904932 11.904932 11.904932 11.904932 11.904932 11.904932 11.904932 11.904932 6.075074 7.521043 11.904932 71144.653037 11.904932 169622.070850 29583112832363696.000000 6.075074 11.904932 11.904932 1.000000
11.901650 11.901650 11.901650 11.901650 11.901650 11.901650 11.901650 11.901650 11.901650 11.901650 6.073465 6.073465 11.901650 71124.762180 11.901650 169574.647352 36968552360194712.000000 6.073465 11.901650 11.901650 1.000000
11.901650 11.901650 11.901650 11.901650 11.901650 11.901650 11.901650 11.901650 11.901650 11.901650 6.073465 6.073465 11.901650 71124.762180 11.901650 169574.647352 36968552360194712.000000 6.073465 11.901650 11.901650 1.000000
11.901650 11.901650 11.901650 11.901650 11.901650 11.901650 11.901650 11.901650 11.901650 11.901650 6.073465 6.073465 11.901650 71124.762180 11.901650 169574.647352 36968552360194712.000000 6.073465 11.901650 11.901650 1.000000
11.901650 11.901650 11.901650 11.901650 11.901650 11.901650 11.901650 11.901650 11.901650 11.901650 6.073465 6.073465 11.901650 71124.762180 11.901650 169574.647352 36968552360194712.000000 6.073465 11.901650 11.901650 1.000000
11.906139 11.906139 11.906139 11.906139 11.906139 11.906139 11.906139 11.906139 11.906139 11.906139 6.075666 6.075666 11.906139 6231571733.497829 11.906139 2468579.890105 22768.630773 6.075666 45.120082 11.906139 1.000000
11.904932 11.904932 11.904932 11.904932 11.904932 11.904932 11.904932 11.904932 11.904932 11.904932 6.075074 7.521043 11.904932 71144.653037 11.904932 169622.070850 29583112832363696.000000 6.075074 11.904932 11.904932 1.000000
11.908196 11.908196 11.908196 11.908196 11.908196 11.908196 11.908196 11.908196 11.908196 820.471330 6.076674 6.076674 11.908196 45545.240469 11.908196 135735.393909 15004591879985.242188 6.076674 11.908196 14.847626 1.000000
11.904932 11.904932 11.904932 11.904932 11.904932 11.904932 11.904932 11.904932 11.904932 11.904932 6.075074 7.521043 11.904932 71144.653037 11.904932 169622.070850 29583112832363696.000000 6.075074 11.904932 11.904932 1.000000
11.901650 11.901650 11.901650 11.901650 11.901650 11.901650 11.901650 11.901650 11.901650 11.901650 6.073465 6.073465 11.901650 71124.762180 11.901650 169574.647352 36968552360194712.000000 6.073465 11.901650 11.901650 1.000000
11.906386 11.906386 11.906386 11.906386 11.906386 11.906386 11.906386 11.906386 88.095077 11.906386 6.075787 6.075787 11.906386 45538.218955 11.906386 169643.085207 1626550314437311.750000 6.075787 11.906386 11.906386 1.000000
11.901650 11.901650 11.901650 11.901650 11.901650 11.901650 11.901650 11.901650 11.901650 11.901650 6.073465 6.073465 11.901650 71124.762180 11.901650 169574.647352 36968552360194712.000000 6.073465 11.901650 11.901650 1.000000
11.901650 11.901650 11.901650 11.901650 11.901650 11.901650 11.901650 11.901650 11.901650 11.901650 6.073465 6.073465 11.901650 71124.762180 11.901650 169574.647352 36968552360194712.000000 6.073465 11.901650 11.901650 1.000000
11.901650 11.901650 11.901650 11.901650 11.901650 11.901650 11.901650 11.901650 11.901650 11.901650 6.073465 6.073465 11.901650 11.901650 6229188750.027586 211968.309190 3855681.082963 6.073465 11.901650 11.901650 1.000000
11.901650 11.901650 11.901650 11.901650 11.901650 11.901650 11.901650 11.901650 11.901650 11.901650 6.073465 6.073465 11.901650 71124.762180 11.901650 169574.647352 36968552360194712.000000 6.073465 11.901650 11.901650 1.000000
11.901650 11.901650 11.901650 11.901650 11.901650 11.901650 11.901650 11.901650 11.901650 11.901650 6.073465 6.073465 11.901650 71124.762180 11.901650 169574.647352 36968552360194712.000000 6.073465 11.901650 11.901650 1.000000
11.901650 11.901650 11.901650 11.901650 11.901650 11.901650 11.901650 11.901650 11.901650 11.901650 6.073465 6.073465 11.901650 71124.762180 11.901650 169574.647352 36968552360194712.000000 6.073465 11.901650 11.901650 1.000000
11.908197 11.908197 11.908197 11.908197 11.908197 11.908197 11.908197 11.908197 56931.555477 11.908197 6.076674 6.076674 11.908197 29148.956430 14.847628 169669.256989 6086586092.900390 6.076674 11.908197 11.908197 1.000000
11.901650 11.901650 11.901650 11.901650 11.901650 11.901650 11.901650 11.901650 11.901650 11.901650 6.073465 6.073465 11.901650 71124.762180 11.901650 169574.647352 36968552360194712.000000 6.073465 11.901650 11.901650 1.000000
11.901650 11.901650 11.901650 11.901650 11.901650 11.901650 11.901650 11.901650 11.901650 11.901650 6.073465 6.073465 11.901650 71124.762180 11.901650 169574.647352 36968552360194712.000000 6.073465 11.901650 11.901650 1.000000
11.903376 11.903376 11.903376 11.903376 11.903376 11.903376 11.903376 11.903376 11.903376 11.903376 6.074311 6.074311 11.903376 56908.176257 11.903376 169599.581485 36973988189278128.000000 6.074311 11.903376 14.841585 1.000000
11.901650 11.901650 11.901650 11.901650 11.901650 11.901650 11.901650 11.901650 11.901650 11.901650 6.073465 6.073465 11.901650 11.901650 23762469289.727085 3084544.866102 18207.939168 6.073465 11.901650 11.901650 1.000000
11.901650 11.901650 11.901650 11.901650 11.901650 11.901650 11.901650 11.901650 11.901650 11.901650 6.073465 6.073465 11.901650 71124.762180 11.901650 169574.647352 36968552360194712.000000 6.073465 11.901650 11.901650 1.000000
11.904932 11.904932 11.904932 11.904932 11.904932 11.904932 11.904932 11.904932 11.904932 11.904932 7.521043 6.075074 11.904932 71144.653037 11.904932 135697.656683 36978891040433296.000000 6.075074 11.904932 11.904932 1.000000
11.901650 11.901650 11.901650 11.901650 11.901650 11.901650 11.901650 11.901650 11.901650 11.901650 6.073465 6.073465 11.901650 71124.762180 11.901650 169574.647352 36968552360194712.000000 6.073465 11.901650 11.901650 1.000000
11.901650 11.901650 11.901650 11.901650 11.901650 11.901650 11.901650 11.901650 11.901650 11.901650 6.073465 6.073465 11.901650 71124.762180 11.901650 169574.647352 36968552360194712.000000 6.073465 11.901650 11.901650 1.000000
11.906472 11.906472 11.906472 11.906472 11.906472 11.906472 11.906472 11.906472 11.906472 11.906472 6.075829 6.075829 11.906472 45538.553227 11.906472 135715.464376 36626925806983.531250 6.075829 656.281240 11.906472 1.000000
11.901650 11.901650 11.901650 11.901650 11.901650 11.901650 11.901650 11.901650 11.901650 11.901650 6.073465 6.073465 11.901650 71124.762180 11.901650 169574.647352 36968552360194712.000000 6.073465 11.901650 11.901650 1.000000
11.903376 11.903376 11.903376 11.903376 11.903376 11.903376 11.903376 11.903376 11.903376 11.903376 6.074311 6.074311 11.903376 56908.176257 11.903376 169599.581485 36973988189278128.000000 6.074311 14.841585 11.903376 1.000000
11.901650 11.901650 11.901650 11.901650 11.901650 11.901650 11.901650 11.901650 11.901650 11.901650 6.073465 6.073465 11.901650 71124.762180 11.901650 169574.647352 36968552360194712.000000 6.073465 11.901650 11.901650 1.000000
11.901650 11.901650 11.901650 11.901650 11.901650 11.901650 11.901650 11.901650 11.901650 11.901650 6.073465 6.073465 11.901650 71124.762180 11.901650 169574.647352 36968552360194712.000000 6.073465 11.901650 11.901650 1.000000
11.901650 11.901650 11.901650 11.901650 11.901650 11.901650 11.901650 11.901650 11.901650 11.901650 6.073465 6.073465 11.901650 71124.762180 11.901650 169574.647352 36968552360194712.000000 6.073465 11.901650 11.901650 1.000000
11.906474 11.906474 11.906474 11.906474 11.906474 11.906474 11.906474 11.906474 11.906474 11.906474 6.075830 6.075830 29428604.203428 9550.128177 11.906474 3857266.010152 14572.339046 6.075830 11.906474 11.906474 1.000000
11.903376 11.903376 11.903376 11.903376 11.903376 11.903376 11.903376 11.903376 11.903376 11.903376 6.074311 6.074311 11.903376 56908.176257 11.903376 169599.581485 36973988189278128.000000 6.074311 11.903376 14.841585 1.000000
11.901650 11.901650 11.901650 11.901650 11.901650 11.901650 11.901650 11.901650 11.901650 11.901650 6.073465 6.073465 11.901650 71124.762180 11.901650 169574.647352 36968552360194712.000000 6.073465 11.901650 11.901650 1.000000
11.901650 11.901650 11.901650 11.901650 11.901650 11.901650 11.901650 11.901650 11.901650 11.901650 6.073465 6.073465 11.901650 71124.762180 11.901650 169574.647352 36968552360194712.000000 6.073465 11.901650 11.901650 1.000000
11.901650 11.901650 11.901650 11.901650 11.901650 11.901650 11.901650 11.901650 11.901650 11.901650 6.073465 6.073465 11.901650 71124.762180 11.901650 169574.647352 36968552360194712.000000 6.073465 11.901650 11.901650 1.000000
11.901650 11.901650 11.901650 11.901650 11.901650 11.901650 11.901650 11.901650 11.901650 11.901650 6.073465 6.073465 11.901650 71124.762180 11.901650 169574.647352 36968552360194712.000000 6.073465 11.901650 11.901650 1.000000
11.906474 11.906474 11.906474 11.906474 11.906474 11.906474 11.906474 11.906474 11.906474 45538.559359 6.075830 6.075830 11.906474 45538.559359 11.906474 135715.482651 7607115896.556026 6.075830 11.906474 11.906474 1.000000
11.901650 11.901650 11.901650 11.901650 11.901650 11.901650 11.901650 11.901650 11.901650 11.901650 6.073465 6.073465 11.901650 71124.762180 11.901650 169574.647352 36968552360194712.000000 6.073465 11.901650 11.901650 1.000000
11.901650 11.901650 11.901650 11.901650 11.901650 11.901650 11.901650 11.901650 11.901650 11.901650 6.073465 6.073465 11.901650 71124.762180 11.901650 169574.647352 36968552360194712.000000 6.073465 11.901650 11.901650 1.000000
11.901650 11.901650 11.901650 11.901650 11.901650 11.901650 11.901650 11.901650 11.901650 11.901650 6.073465 6.073465 11.901650 71124.762180 11.901650 169574.647352 36968552360194712.000000 6.073465 11.901650 11.901650 1.000000
11.901650 11.901650 11.901650 11.901650 11.901650 11.901650 11.901650 11.901650 11.901650 11.901650 6.073465 6.073465 11.901650 71124.762180 11.901650 169574.647352 36968552360194712.000000 6.073465 11.901650 11.901650 1.000000
11.901650 11.901650 11.901650 11.901650 11.901650 11.901650 11.901650 11.901650 11.901650 11.901650 6.073465 6.073465 11.901650 71124.762180 11.901650 169574.647352 36968552360194712.000000 6.073465 11.901650 11.901650 1.000000
11.901650 11.901650 11.901650 11.901650 11.901650 11.901650 11.901650 11.901650 11.901650 11.901650 6.073465 6.073465 11.901650 71124.762180 11.901650 169574.647352 36968552360194712.000000 6.073465 11.901650 11.901650 1.000000
11.903376 11.903376 11.903376 11.903376 11.903376 11.903376 11.903376 11.903376 11.903376 14.841585 6.074311 6.074311 11.903376 56908.176257 11.903376 169599.581485 36973988189278128.000000 6.074311 11.903376 11.903376 1.000000
11.901650 11.901650 11.901650 11.901650 11.901650 11.901650 11.901650 11.901650 11.901650 11.901650 6.073465 6.073465 11.901650 71124.762180 11.901650 169574.647352 36968552360194712.000000 6.073465 11.901650 11.901650 1.000000
11.901650 11.901650 11.901650 11.901650 11.901650 11.901650 11.901650 11.901650 11.901650 11.901650 6.073465 6.073465 11.901650 71124.762180 11.901650 169574.647352 36968552360194712.000000 6.073465 11.901650 11.901650 1.000000
11.901650 11.901650 11.901650 11.901650 11.901650 11.901650 11.901650 11.901650 11.901650 11.901650 6.073465 6.073465 11.901650 71124.762180 11.901650 169574.647352 36968552360194712.000000 6.073465 11.901650 11.901650 1.000000
11.901650 11.901650 11.901650 11.901650 11.901650 11.901650 11.901650 11.901650 11.901650 11.901650 6.073465 6.073465 11.901650 71124.762180 11.901650 169574.647352 36968552360194712.000000 6.073465 11.901650 11.901650 1.000000
11.901650 11.901650 11.901650 11.901650 11.901650 11.901650 11.901650 11.901650 11.901650 11.901650 6.073465 6.073465 11.901650 71124.762180 11.901650 169574.647352 36968552360194712.000000 6.073465 11.901650 11.901650 1.000000
11.901650 11.901650 11.901650 11.901650 11.901650 11.901650 11.901650 11.901650 11.901650 11.901650 6.073465 6.073465 11.901650 71124.762180 11.901650 169574.647352 36968552360194712.000000 6.073465 11.901650 11.901650 1.000000
11.901650 11.901650 11.901650 11.901650 11.901650 11.901650 11.901650 11.901650 11.901650 11.901650 6.073465 6.073465 11.901650 71124.762180 11.901650 169574.647352 36968552360194712.000000 6.073465 11.901650 11.901650 1.000000
11.901650 11.901650 11.901650 11.901650 11.901650 11.901650 11.901650 11.901650 11.901650 11.901650 6.073465 6.073465 11.901650 3948217.428950 11.901650 135659.717886 14996226428633.775391 6.073465 11.901650 11.901650 1.000000
11.901650 11.901650 11.901650 11.901650 11.901650 11.901650 11.901650 11.901650 11.901650 11.901650 6.073465 6.073465 11.901650 71124.762180 11.901650 169574.647352 36968552360194712.000000 6.073465 11.901650 11.901650 1.000000
11.903376 11.903376 11.903376 11.903376 11.903376 11.903376 11.903376 11.903376 14.841585 11.903376 6.074311 6.074311 11.903376 56908.176257 11.903376 169599.581485 36973988189278128.000000 6.074311 11.903376 11.903376 1.000000
11.901650 11.901650 11.901650 11.901650 11.901650 11.901650 11.901650 11.901650 11.901650 11.901650 6.073465 6.073465 11.901650 71124.762180 11.901650 169574.647352 36968552360194712.000000 6.073465 11.901650 11.901650 1.000000
11.906337 11.906337 11.906337 11.906337 11.906337 11.906337 11.906337 11.906337 11.906337 11.906337 6.075762 6.075762 11.906337 45538.027531 11.906337 169642.372098 2541474182970067.000000 6.075762 70.480873 11.906337 1.000000
11.901650 11.901650 11.901650 11.901650 11.901650 11.901650 11.901650 11.901650 11.901650 11.901650 6.073465 6.073465 11.901650 71124.762180 11.901650 169574.647352 36968552360194712.000000 6.073465 11.901650 11.901650 1.000000
11.901650 11.901650 11.901650 11.901650 11.901650 11.901650 11.901650 11.901650 11.901650 11.901650 6.073465 6.073465 11.901650 71124.762180 11.901650 169574.647352 36968552360194712.000000 6.073465 11.901650 11.901650 1.000000
11.901650 11.901650 11.901650 11.901650 11.901650 11.901650 11.901650 11.901650 11.901650 11.901650 6.073465 6.073465 11.901650 71124.762180 11.901650 169574.647352 36968552360194712.000000 6.073465 11.901650 11.901650 1.000000
11.901650 11.901650 11.901650 11.901650 11.901650 11.901650 11.901650 11.901650 11.901650 11.901650 6.073465 6.073465 11.901650 71124.762180 11.901650 169574.647352 36968552360194712.000000 6.073465 11.901650 11.901650 1.000000
11.901650 11.901650 11.901650 11.901650 11.901650 11.901650 11.901650 11.901650 11.901650 11.901650 6.073465 6.073465 11.901650 71124.762180 11.901650 169574.647352 36968552360194712.000000 6.073465 11.901650 11.901650 1.000000
11.901650 11.901650 11.901650 11.901650 11.901650 11.901650 11.901650 11.901650 11.901650 11.901650 6.073465 6.073465 11.901650 71124.762180 11.901650 169574.647352 36968552360194712.000000 6.073465 11.901650 11.901650 1.000000
11.901650 11.901650 11.901650 11.901650 11.901650 11.901650 11.901650 11.901650 11.901650 11.901650 6.073465 6.073465 11.901650 71124.762180 11.901650 169574.647352 36968552360194712.000000 6.073465 11.901650 11.901650 1.000000
11.898548 11.898548 11.898548 11.898548 11.898548 11.898548 11.898548 11.898548 11.898548 11.898548 6.071944 6.071944 11.898548 14.835536 11.898548 1040297166432514.625000 139626322123408.828125 6.071944 11.898548 11.898548 1.000000
11.901650 11.901650 11.901650 11.901650 11.901650 11.901650 11.901650 11.901650 11.901650 11.901650 6.073465 6.073465 11.901650 71124.762180 11.901650 169574.647352 36968552360194712.000000 6.073465 11.901650 11.901650 1.000000
11.901650 11.901650 11.901650 11.901650 11.901650 11.901650 11.901650 11.901650 11.901650 11.901650 6.073465 6.073465 11.901650 71124.762180 11.901650 169574.647352 36968552360194712.000000 6.073465 11.901650 11.901650 1.000000
11.901650 11.901650 11.901650 11.901650 11.901650 11.901650 11.901650 11.901650 11.901650 11.901650 6.073465 6.073465 11.901650 71124.762180 11.901650 169574.647352 36968552360194712.000000 6.073465 11.901650 11.901650 1.000000
11.901650 11.901650 11.901650 11.901650 11.901650 11.901650 11.901650 11.901650 11.901650 11.901650 6.073465 6.073465 11.901650 71124.762180 11.901650 169574.647352 36968552360194712.000000 6.073465 11.901650 11.901650 1.000000
11.901650 11.901650 11.901650 11.901650 11.901650 11.901650 11.901650 11.901650 11.901650 11.901650 6.073465 6.073465 11.901650 11.901650 23533209.734857 135659.717886 422106248474.741882 6.073465 11.901650 11.901650 1.000000
11.901650 11.901650 11.901650 11.901650 11.901650 11.901650 11.901650 11.901650 11.901650 11.901650 6.073465 6.073465 11.901650 71124.762180 11.901650 169574.647352 36968552360194712.000000 6.073465 11.901650 11.901650 1.000000
11.901650 11.901650 11.901650 11.901650 11.901650 11.901650 11.901650 11.901650 11.901650 11.901650 6.073465 6.073465 11.901650 71124.762180 11.901650 169574.647352 36968552360194712.000000 6.073465 11.901650 11.901650 1.000000
11.901650 11.901650 11.901650 11.901650 11.901650 11.901650 11.901650 11.901650 11.901650 11.901650 6.073465 6.073465 11.901650 71124.762180 11.901650 169574.647352 36968552360194712.000000 6.073465 11.901650 11.901650 1.000000
11.901650 11.901650 11.901650 11.901650 11.901650 11.901650 11.901650 11.901650 11.901650 11.901650 6.073465 6.073465 11.901650 71124.762180 11.901650 169574.647352 36968552360194712.000000 6.073465 11.901650 11.901650 1.000000
11.901650 11.901650 11.901650 11.901650 11.901650 11.901650 11.901650 11.901650 11.901650 11.901650 6.073465 6.073465 11.901650 71124.762180 11.901650 169574.647352 36968552360194712.000000 6.073465 11.901650 11.901650 1.000000
11.901650 11.901650 11.901650 11.901650 11.901650 11.901650 11.901650 11.901650 11.901650 11.901650 6.073465 6.073465 11.901650 71124.762180 11.901650 169574.647352 36968552360194712.000000 6.073465 11.901650 11.901650 1.000000
11.901650 11.901650 11.901650 11.901650 11.901650 11.901650 11.901650 11.901650 11.901650 11.901650 6.073465 6.073465 11.901650 71124.762180 11.901650 169574.647352 36968552360194712.000000 6.073465 11.901650 11.901650 1.000000
11.901650 11.901650 11.901650 11.901650 11.901650 11.901650 11.901650 11.901650 11.901650 11.901650 6.073465 6.073465 11.901650 71124.762180 11.901650 169574.647352 36968552360194712.000000 6.073465 11.901650 11.901650 1.000000
11.901650 11.901650 11.901650 11.901650 11.901650 11.901650 11.901650 11.901650 11.901650 11.901650 6.073465 6.073465 11.901650 71124.762180 11.901650 169574.647352 36968552360194712.000000 6.073465 11.901650 11.901650 1.000000
11.901650 11.901650 11.901650 11.901650 11.901650 11.901650 11.901650 11.901650 11.901650 11.901650 6.073465 6.073465 11.901650 71124.762180 11.901650 169574.647352 36968552360194712.000000 6.073465 11.901650 11.901650 1.000000
11.903376 11.903376 11.903376 11.903376 11.903376 11.903376 11.903376 11.903376 11.903376 11.903376 6.074311 6.074311 14.841585 56908.176257 11.903376 169599.581485 36973988189278128.000000 6.074311 11.903376 11.903376 1.000000
11.901650 11.901650 11.901650 11.901650 11.901650 11.901650 11.901650 11.901650 11.901650 11.901650 6.073465 6.073465 11.901650 71124.762180 11.901650 169574.647352 36968552360194712.000000 6.073465 11.901650 11.901650 1.000000
11.901650 11.901650 11.901650 11.901650 11.901650 11.901650 11.901650 11.901650 11.901650 11.901650 6.073465 6.073465 11.901650 71124.762180 11.901650 169574.647352 36968552360194712.000000 6.073465 11.901650 11.901650 1.000000
11.901650 11.901650 11.901650 11.901650 11.901650 11.901650 11.901650 11.901650 11.901650 11.901650 6.073465 6.073465 11.901650 71124.762180 11.901650 169574.647352 36968552360194712.000000 6.073465 11.901650 11.901650 1.000000
11.901650 11.901650 11.901650 11.901650 11.901650 11.901650 11.901650 11.901650 11.901650 11.901650 6.073465 6.073465 11.901650 71124.762180 11.901650 169574.647352 36968552360194712.000000 6.073465 11.901650 11.901650 1.000000
11.901650 11.901650 11.901650 11.901650 11.901650 11.901650 11.901650 11.901650 11.901650 11.901650 6.073465 6.073465 11.901650 71124.762180 11.901650 169574.647352 36968552360194712.000000 6.073465 11.901650 11.901650 1.000000
11.901650 11.901650 11.901650 11.901650 11.901650 11.901650 11.901650 11.901650 11.901650 11.901650 6.073465 6.073465 11.901650 71124.762180 11.901650 169574.647352 36968552360194712.000000 6.073465 11.901650 11.901650 1.000000
11.901650 11.901650 11.901650 11.901650 11.901650 11.901650 11.901650 11.901650 11.901650 11.901650 6.073465 6.073465 11.901650 71124.762180 11.901650 169574.647352 36968552360194712.000000 6.073465 11.901650 11.901650 1.000000
11.901650 11.901650 11.901650 11.901650 11.901650 11.901650 11.901650 11.901650 11.901650 11.901650 6.073465 6.073465 11.901650 71124.762180 11.901650 169574.647352 36968552360194712.000000 6.073465 11.901650 11.901650 1.000000
11.901650 11.901650 11.901650 11.901650 11.901650 11.901650 11.901650 11.901650 11.901650 11.901650 6.073465 6.073465 11.901650 71124.762180 11.901650 169574.647352 36968552360194712.000000 6.073465 11.901650 11.901650 1.000000
11.901650 11.901650 11.901650 11.901650 11.901650 11.901650 11.901650 11.901650 11.901650 11.901650 6.073465 6.073465 11.901650 71124.762180 11.901650 169574.647352 36968552360194712.000000 6.073465 11.901650 11.901650 1.000000
11.901650 11.901650 11.901650 11.901650 11.901650 11.901650 11.901650 11.901650 11.901650 11.901650 6.073465 6.073465 11.901650 71124.762180 11.901650 169574.647352 36968552360194712.000000 6.073465 11.901650 11.901650 1.000000
11.901650 11.901650 11.901650 11.901650 11.901650 11.901650 11.901650 11.901650 11.901650 11.901650 6.073465 6.073465 11.901650 71124.762180 11.901650 169574.647352 36968552360194712.000000 6.073465 11.901650 11.901650 1.000000
11.901650 11.901650 11.901650 11.901650 11.901650 11.901650 11.901650 11.901650 11.901650 11.901650 6.073465 6.073465 11.901650 71124.762180 11.901650 169574.647352 36968552360194712.000000 6.073465 11.901650 11.901650 1.000000
11.901650 11.901650 11.901650 11.901650 11.901650 11.901650 11.901650 11.901650 11.901650 11.901650 6.073465 6.073465 11.901650 71124.762180 11.901650 169574.647352 36968552360194712.000000 6.073465 11.901650 11.901650 1.000000
11.901650 11.901650 11.901650 11.901650 11.901650 11.901650 11.901650 11.901650 11.901650 11.901650 6.073465 6.073465 11.901650 71124.762180 11.901650 169574.647352 36968552360194712.000000 6.073465 11.901650 11.901650 1.000000
11.901650 11.901650 11.901650 11.901650 11.901650 11.901650 11.901650 11.901650 11.901650 11.901650 6.073465 6.073465 11.901650 71124.762180 11.901650 169574.647352 36968552360194712.000000 6.073465 11.901650 11.901650 1.000000
11.901650 11.901650 11.901650 11.901650 11.901650 11.901650 11.901650 11.901650 11.901650 11.901650 6.073465 6.073465 11.901650 11.901650 4935271.786191 169574.647354 7678067931464.878906 6.073465 11.901650 11.901650 1.000000
11.901650 11.901650 11.901650 11.901650 11.901650 11.901650 11.901650 11.901650 11.901650 11.901650 6.073465 6.073465 11.901650 71124.762180 11.901650 169574.647352 36968552360194712.000000 6.073465 11.901650 11.901650 1.000000
11.901650 11.901650 11.901650 11.901650 11.901650 11.901650 11.901650 11.901650 11.901650 11.901650 6.073465 6.073465 11.901650 71124.762180 11.901650 169574.647352 36968552360194712.000000 6.073465 11.901650 11.901650 1.000000
11.901650 11.901650 11.901650 11.901650 11.901650 11.901650 11.901650 11.901650 11.901650 11.901650 6.073465 6.073465 11.901650 71124.762180 11.901650 169574.647352 36968552360194712.000000 6.073465 11.901650 11.901650 1.000000
11.901650 11.901650 11.901650 11.901650 11.901650 11.901650 11.901650 11.901650 11.901650 11.901650 6.073465 6.073465 11.901650 71124.762180 11.901650 169574.647352 36968552360194712.000000 6.073465 11.901650 11.901650 1.000000
11.901650 11.901650 11.901650 11.901650 11.901650 11.901650 11.901650 11.901650 11.901650 11.901650 6.073465 6.073465 11.901650 71124.762180 11.901650 169574.647352 36968552360194712.000000 6.073465 11.901650 11.901650 1.000000
11.901650 11.901650 11.901650 11.901650 11.901650 11.901650 11.901650 11.901650 11.901650 11.901650 6.073465 6.073465 11.901650 71124.762180 11.901650 169574.647352 36968552360194712.000000 6.073465 11.901650 11.901650 1.000000
11.901650 11.901650 11.901650 11.901650 11.901650 11.901650 11.901650 11.901650 11.901650 11.901650 6.073465 6.073465 11.901650 71124.762180 11.901650 169574.647352 36968552360194712.000000 6.073465 11.901650 11.901650 1.000000
11.901650 11.901650 11.901650 11.901650 11.901650 11.901650 11.901650 11.901650 11.901650 11.901650 6.073465 6.073465 11.901650 71124.762180 11.901650 169574.647352 36968552360194712.000000 6.073465 11.901650 11.901650 1.000000
11.901650 11.901650 11.901650 11.901650 11.901650 11.901650 11.901650 11.901650 11.901650 11.901650 6.073465 6.073465 11.901650 88905.952720 11.901650 135659.717885 29574841888261076.000000 6.073465 11.901650 11.901650 1.000000
11.901650 11.901650 11.901650 11.901650 11.901650 11.901650 11.901650 11.901650 11.901650 11.901650 6.073465 6.073465 11.901650 88905.952720 11.901650 135659.717885 29574841888261076.000000 6.073465 11.901650 11.901650 1.000000
11.901650 11.901650 11.901650 11.901650 11.901650 11.901650 11.901650 11.901650 11.901650 11.901650 6.073465 6.073465 11.901650 88905.952720 11.901650 135659.717885 29574841888261076.000000 6.073465 11.901650 11.901650 1.000000
11.901650 11.901650 11.901650 11.901650 11.901650 11.901650 11.901650 11.901650 11.901650 11.901650 6.073465 6.073465 11.901650 88905.952720 11.901650 135659.717885 29574841888261076.000000 6.073465 11.901650 11.901650 1.000000
11.901650 11.901650 11.901650 11.901650 11.901650 11.901650 11.901650 11.901650 11.901650 11.901650 6.073465 6.073465 11.901650 88905.952720 11.901650 135659.717885 29574841888261076.000000 6.073465 11.901650 11.901650 1.000000
11.901650 11.901650 11.901650 11.901650 11.901650 11.901650 11.901650 11.901650 11.901650 11.901650 6.073465 6.073465 11.901650 88905.952720 11.901650 135659.717885 29574841888261076.000000 6.073465 11.901650 11.901650 1.000000
11.901650 11.901650 11.901650 11.901650 11.901650 11.901650 11.901650 11.901650 11.901650 11.901650 6.073465 6.073465 11.901650 88905.952720 11.901650 135659.717885 29574841888261076.000000 6.073465 11.901650 11.901650 1.000000
11.901650 11.901650 11.901650 11.901650 11.901650 11.901650 11.901650 11.901650 11.901650 11.901650 6.073465 6.073465 11.901650 88905.952720 11.901650 135659.717885 29574841888261076.000000 6.073465 11.901650 11.901650 1.000000
11.901650 11.901650 11.901650 11.901650 11.901650 11.901650 11.901650 11.901650 11.901650 11.901650 6.073465 6.073465 11.901650 88905.952720 11.901650 135659.717885 29574841888261076.000000 6.073465 11.901650 11.901650 1.000000
11.901650 11.901650 11.901650 11.901650 11.901650 11.901650 11.901650 11.901650 11.901650 11.901650 6.073465 6.073465 11.901650 88905.952720 11.901650 135659.717885 29574841888261076.000000 6.073465 11.901650 11.901650 1.000000
11.901650 11.901650 11.901650 11.901650 11.901650 11.901650 11.901650 11.901650 11.901650 11.901650 6.073465 6.073465 11.901650 88905.952720 11.901650 135659.717885 29574841888261076.000000 6.073465 11.901650 11.901650 1.000000
11.901650 11.901650 11.901650 11.901650 11.901650 11.901650 11.901650 11.901650 11.901650 11.901650 6.073465 6.073465 11.901650 88905.952720 11.901650 135659.717885 29574841888261076.000000 6.073465 11.901650 11.901650 1.000000
11.901650 11.901650 11.901650 11.901650 11.901650 11.901650 11.901650 11.901650 11.901650 11.901650 6.073465 6.073465 11.901650 88905.952720 11.901650 135659.717885 29574841888261076.000000 6.073465 11.901650 11.901650 1.000000
11.901650 11.901650 11.901650 11.901650 11.901650 11.901650 11.901650 11.901650 11.901650 11.901650 6.073465 6.073465 11.901650 88905.952720 11.901650 135659.717885 29574841888261076.000000 6.073465 11.901650 11.901650 1.000000
11.901650 11.901650 11.901650 11.901650 11.901650 11.901650 11.901650 11.901650 11.901650 11.901650 6.073465 6.073465 11.901650 88905.952720 11.901650 135659.717885 29574841888261076.000000 6.073465 11.901650 11.901650 1.000000
11.901650 11.901650 11.901650 11.901650 11.901650 11.901650 11.901650 11.901650 11.901650 11.901650 6.073465 6.073465 11.901650 88905.952720 11.901650 135659.717885 29574841888261076.000000 6.073465 11.901650 11.901650 1.000000
11.901650 11.901650 11.901650 11.901650 11.901650 11.901650 11.901650 11.901650 11.901650 11.901650 6.073465 6.073465 11.901650 88905.952720 11.901650 135659.717885 29574841888261076.000000 6.073465 11.901650 11.901650 1.000000
11.901650 11.901650 11.901650 11.901650 11.901650 11.901650 11.901650 11.901650 11.901650 11.901650 6.073465 6.073465 11.901650 88905.952720 11.901650 135659.717885 29574841888261076.000000 6.073465 11.901650 11.901650 1.000000
11.901650 11.901650 11.901650 11.901650 11.901650 11.901650 11.901650 11.901650 11.901650 11.901650 6.073465 6.073465 11.901650 88905.952720 11.901650 135659.717885 29574841888261076.000000 6.073465 11.901650 11.901650 1.000000
11.901650 11.901650 11.901650 11.901650 11.901650 11.901650 11.901650 11.901650 11.901650 11.901650 6.073465 6.073465 11.901650 88905.952720 11.901650 135659.717885 29574841888261076.000000 6.073465 11.901650 11.901650 1.000000
11.901650 11.901650 11.901650 11.901650 11.901650 11.901650 11.901650 11.901650 11.901650 11.901650 6.073465 6.073465 11.901650 88905.952720 11.901650 135659.717885 29574841888261076.000000 6.073465 11.901650 11.901650 1.000000
11.901650 11.901650 11.901650 11.901650 11.901650 11.901650 11.901650 11.901650 11.901650 11.901650 6.073465 6.073465 11.901650 88905.952720 11.901650 135659.717885 29574841888261076.000000 6.073465 11.901650 11.901650 1.000000
11.901650 11.901650 11.901650 11.901650 11.901650 11.901650 11.901650 11.901650 11.901650 11.901650 6.073465 6.073465 11.901650 88905.952720 11.901650 135659.717885 29574841888261076.000000 6.073465 11.901650 11.901650 1.000000
11.901650 11.901650 11.901650 11.901650 11.901650 11.901650 11.901650 11.901650 11.901650 11.901650 6.073465 6.073465 11.901650 88905.952720 11.901650 135659.717885 29574841888261076.000000 6.073465 11.901650 11.901650 1.000000
11.901650 11.901650 11.901650 11.901650 11.901650 11.901650 11.901650 11.901650 11.901650 11.901650 6.073465 6.073465 11.901650 88905.952720 11.901650 135659.717885 29574841888261076.000000 6.073465 11.901650 11.901650 1.000000
11.901650 11.901650 11.901650 11.901650 11.901650 11.901650 11.901650 11.901650 11.901650 11.901650 6.073465 6.073465 11.901650 88905.952720 11.901650 135659.717885 29574841888261076.000000 6.073465 11.901650 11.901650 1.000000
11.901650 11.901650 11.901650 11.901650 11.901650 11.901650 11.901650 11.901650 11.901650 11.901650 6.073465 6.073465 11.901650 88905.952720 11.901650 135659.717885 29574841888261076.000000 6.073465 11.901650 11.901650 1.000000
11.901650 11.901650 11.901650 11.901650 11.901650 11.901650 11.901650 11.901650 11.901650 11.901650 6.073465 6.073465 11.901650 88905.952720 11.901650 135659.717885 29574841888261076.000000 6.073465 11.901650 11.901650 1.000000
11.901650 11.901650 11.901650 11.901650 11.901650 11.901650 11.901650 11.901650 11.901650 11.901650 6.073465 6.073465 11.901650 88905.952720 11.901650 135659.717885 29574841888261076.000000 6.073465 11.901650 11.901650 1.000000
11.901650 11.901650 11.901650 11.901650 11.901650 11.901650 11.901650 11.901650 11.901650 11.901650 6.073465 6.073465 11.901650 88905.952720 11.901650 135659.717885 29574841888261076.000000 6.073465 11.901650 11.901650 1.000000
11.901650 11.901650 11.901650 11.901650 11.901650 11.901650 11.901650 11.901650 11.901650 11.901650 6.073465 6.073465 11.901650 88905.952720 11.901650 135659.717885 29574841888261076.000000 6.073465 11.901650 11.901650 1.000000
11.901650 11.901650 11.901650 11.901650 11.901650 11.901650 11.901650 11.901650 11.901650 11.901650 6.073465 6.073465 11.901650 88905.952720 11.901650 135659.717885 29574841888261076.000000 6.073465 11.901650 11.901650 1.000000
11.901650 11.901650 11.901650 11.901650 11.901650 11.901650 11.901650 11.901650 11.901650 11.901650 6.073465 6.073465 11.901650 88905.952720 11.901650 135659.717885 29574841888261076.000000 6.073465 11.901650 11.901650 1.000000
11.903376 11.903376 11.903376 11.903376 11.903376 11.903376 11.903376 11.903376 11.903376 11.903376 6.074311 6.074311 11.903376 71135.220314 11.903376 135679.665192 29579190551596340.000000 6.074311 11.903376 14.841585 1.000000
11.901650 11.901650 11.901650 11.901650 11.901650 11.901650 11.901650 11.901650 11.901650 11.901650 6.073465 6.073465 11.901650 88905.952720 11.901650 135659.717885 29574841888261076.000000 6.073465 11.901650 11.901650 1.000000
11.901650 11.901650 11.901650 11.901650 11.901650 11.901650 11.901650 11.901650 11.901650 11.901650 6.073465 6.073465 11.901650 23762469288.556660 11.901650 3855681.082438 14566.351359 6.073465 11.901650 11.901650 1.000000
11.901650 11.901650 11.901650 11.901650 11.901650 11.901650 11.901650 11.901650 11.901650 11.901650 6.073465 6.073465 11.901650 88905.952720 11.901650 135659.717885 29574841888261076.000000 6.073465 11.901650 11.901650 1.000000
11.901650 11.901650 11.901650 11.901650 11.901650 11.901650 11.901650 11.901650 11.901650 11.901650 6.073465 6.073465 11.901650 88905.952720 11.901650 135659.717885 29574841888261076.000000 6.073465 11.901650 11.901650 1.000000
11.901650 11.901650 11.901650 11.901650 11.901650 11.901650 11.901650 11.901650 11.901650 11.901650 6.073465 6.073465 11.901650 88905.952720 11.901650 135659.717885 29574841888261076.000000 6.073465 11.901650 11.901650 1.000000
11.901650 11.901650 11.901650 11.901650 11.901650 11.901650 11.901650 11.901650 11.901650 11.901650 6.073465 6.073465 11.901650 88905.952720 11.901650 135659.717885 29574841888261076.000000 6.073465 11.901650 11.901650 1.000000
11.901650 11.901650 11.901650 11.901650 11.901650 11.901650 11.901650 11.901650 11.901650 11.901650 6.073465 6.073465 11.901650 88905.952720 11.901650 135659.717885 29574841888261076.000000 6.073465 11.901650 11.901650 1.000000
11.901650 11.901650 11.901650 11.901650 11.901650 11.901650 11.901650 11.901650 11.901650 11.901650 6.073465 6.073465 11.901650 88905.952720 11.901650 135659.717885 29574841888261076.000000 6.073465 11.901650 11.901650 1.000000
11.901650 11.901650 11.901650 11.901650 11.901650 11.901650 11.901650 11.901650 11.901650 11.901650 6.073465 6.073465 11.901650 88905.952720 11.901650 135659.717885 29574841888261076.000000 6.073465 11.901650 11.901650 1.000000
11.901650 11.901650 11.901650 11.901650 11.901650 11.901650 11.901650 11.901650 11.901650 11.901650 6.073465 6.073465 11.901650 88905.952720 11.901650 135659.717885 29574841888261076.000000 6.073465 11.901650 11.901650 1.000000
11.901650 11.901650 11.901650 11.901650 11.901650 11.901650 11.901650 11.901650 11.901650 11.901650 6.073465 6.073465 11.901650 88905.952720 11.901650 135659.717885 29574841888261076.000000 6.073465 11.901650 11.901650 1.000000
11.901650 11.901650 11.901650 11.901650 11.901650 11.901650 11.901650 11.901650 11.901650 11.901650 6.073465 6.073465 11.901650 88905.952720 11.901650 135659.717885 29574841888261076.000000 6.073465 11.901650 11.901650 1.000000
11.901650 11.901650 11.901650 11.901650 11.901650 11.901650 11.901650 11.901650 11.901650 11.901650 6.073465 6.073465 11.901650 88905.952720 11.901650 135659.717885 29574841888261076.000000 6.073465 11.901650 11.901650 1.000000
11.901650 11.901650 11.901650 11.901650 11.901650 11.901650 11.901650 11.901650 11.901650 11.901650 6.073465 6.073465 11.901650 88905.952720 11.901650 135659.717885 29574841888261076.000000 6.073465 11.901650 11.901650 1.000000
11.901650 11.901650 11.901650 11.901650 11.901650 11.901650 11.901650 11.901650 11.901650 11.901650 6.073465 6.073465 11.901650 88905.952720 11.901650 135659.717885 29574841888261076.000000 6.073465 11.901650 11.901650 1.000000
11.901650 11.901650 11.901650 11.901650 11.901650 11.901650 11.901650 11.901650 11.901650 11.901650 6.073465 6.073465 11.901650 88905.952720 11.901650 135659.717885 29574841888261076.000000 6.073465 11.901650 11.901650 1.000000
11.901650 11.901650 11.901650 11.901650 11.901650 11.901650 11.901650 11.901650 11.901650 11.901650 6.073465 6.073465 11.901650 88905.952720 11.901650 135659.717885 29574841888261076.000000 6.073465 11.901650 11.901650 1.000000
11.901650 11.901650 11.901650 11.901650 11.901650 11.901650 11.901650 11.901650 11.901650 11.901650 6.073465 6.073465 11.901650 88905.952720 11.901650 135659.717885 29574841888261076.000000 6.073465 11.901650 11.901650 1.000000
11.901650 11.901650 11.901650 11.901650 11.901650 11.901650 11.901650 11.901650 11.901650 11.901650 6.073465 6.073465 11.901650 88905.952720 11.901650 135659.717885 29574841888261076.000000 6.073465 11.901650 11.901650 1.000000
11.901650 11.901650 11.901650 11.901650 11.901650 11.901650 11.901650 11.901650 11.901650 11.901650 6.073465 6.073465 11.901650 88905.952720 11.901650 135659.717885 29574841888261076.000000 6.073465 11.901650 11.901650 1.000000
11.901650 11.901650 11.901650 11.901650 11.901650 11.901650 11.901650 11.901650 11.901650 11.901650 6.073465 6.073465 11.901650 88905.952720 11.901650 135659.717885 29574841888261076.000000 6.073465 11.901650 11.901650 1.000000
11.901650 11.901650 11.901650 11.901650 11.901650 11.901650 11.901650 11.901650 11.901650 11.901650 6.073465 6.073465 11.901650 88905.952720 11.901650 135659.717885 29574841888261076.000000 6.073465 11.901650 11.901650 1.000000
11.901650 11.901650 11.901650 11.901650 11.901650 11.901650 11.901650 11.901650 11.901650 11.901650 6.073465 6.073465 11.901650 88905.952720 11.901650 135659.717885 29574841888261076.000000 6.073465 11.901650 11.901650 1.000000
11.901650 11.901650 11.901650 11.901650 11.901650 11.901650 11.901650 11.901650 11.901650 11.901650 6.073465 6.073465 11.901650 88905.952720 11.901650 135659.717885 29574841888261076.000000 6.073465 11.901650 11.901650 1.000000
11.903376 11.903376 11.903376 11.903376 11.903376 11.903376 11.903376 11.903376 11.903376 11.903376 6.074311 6.074311 11.903376 71135.220314 14.841585 135679.665192 29579190551596340.000000 6.074311 11.903376 11.903376 1.000000
