0.000000 0.000000 0.000000 0.000000 0.000000 0.000000 0.000000 0.000000 0.000000 0.000000 0.000000 0.000000 0.000000 0.000000 0.000000 0.000000 0.000000 0.000000 0.000000 0.000000 0.000000
0.084167 0.084167 0.084167 0.084167 0.084167 0.084167 0.084167 0.084167 0.002386 0.004660 0.014560 0.044355 0.002982 0.014219 0.000782 0.000002 0.028420 0.035509 0.014219 0.000782 1.000000
0.084176 0.084176 0.084176 0.084176 0.084176 0.084176 0.084176 0.084176 0.001222 0.004661 0.035513 0.035513 0.000977 0.017773 0.001527 0.000001 0.035513 0.044360 0.034683 0.000500 1.000000
0.084180 0.084180 0.084180 0.084180 0.084180 0.084180 0.084180 0.084180 0.000977 0.017774 0.044362 0.011651 0.000500 0.022214 0.000500 0.000001 0.069121 0.035515 0.022214 0.001909 1.000000
0.084162 0.084162 0.084162 0.084162 0.084162 0.084162 0.084162 0.084162 0.002982 0.007281 0.022741 0.018196 0.000400 0.014218 0.000625 0.000003 0.022741 0.022741 0.014218 0.004660 1.000000
0.084166 0.084166 0.084166 0.084166 0.084166 0.084166 0.084166 0.084166 0.005825 0.007281 0.022743 0.014560 0.000500 0.011376 0.001527 0.000001 0.044355 0.035509 0.014219 0.000977 1.000000
0.084728 0.084728 0.084728 0.084728 0.084728 0.084728 0.084728 0.084728 0.000787 0.007330 0.107963 0.022896 0.003753 0.014315 0.001230 0.000001 0.035749 0.044654 0.011453 0.000403 1.000000
0.084189 0.084189 0.084189 0.084189 0.084189 0.084189 0.084189 0.084189 0.001222 0.009104 0.044367 0.055398 0.000782 0.014223 0.000978 0.000001 0.086180 0.035519 0.007283 0.002387 1.000000
0.084715 0.084715 0.084715 0.084715 0.084715 0.084715 0.084715 0.084715 0.001921 0.004691 0.044647 0.018318 0.001230 0.005863 0.001230 0.000001 0.035743 0.035743 0.054448 0.000787 1.000000
0.084173 0.084173 0.084173 0.084173 0.084173 0.084173 0.084173 0.084173 0.002386 0.003728 0.028422 0.044358 0.000782 0.017773 0.000977 0.000002 0.028422 0.028422 0.034681 0.000626 1.000000
0.084204 0.084204 0.084204 0.084204 0.084204 0.084204 0.084204 0.084204 0.000978 0.003730 0.086196 0.086196 0.003730 0.009105 0.000400 0.000001 0.069141 0.022753 0.014225 0.001528 1.000000
0.084177 0.084177 0.084177 0.084177 0.084177 0.084177 0.084177 0.084177 0.002386 0.004661 0.022746 0.069118 0.000977 0.017774 0.000977 0.000002 0.014562 0.055390 0.009102 0.001527 1.000000
0.084208 0.084208 0.084208 0.084208 0.084208 0.084208 0.084208 0.084208 0.003730 0.005828 0.086199 0.044377 0.001222 0.007285 0.000320 0.000001 0.086199 0.069143 0.011381 0.001528 1.000000
0.084169 0.084169 0.084169 0.084169 0.084169 0.084169 0.084169 0.084169 0.001527 0.011376 0.022743 0.044356 0.000625 0.011376 0.000500 0.000002 0.022743 0.035510 0.022211 0.002386 1.000000
0.084198 0.084198 0.084198 0.084198 0.084198 0.084198 0.084198 0.084198 0.002387 0.003729 0.014565 0.055404 0.000978 0.014224 0.000626 0.000001 0.035523 0.086190 0.054113 0.000782 1.000000
0.084170 0.084170 0.084170 0.084170 0.084170 0.084170 0.084170 0.084170 0.002983 0.009101 0.028421 0.028421 0.000400 0.011376 0.000977 0.000001 0.035510 0.044357 0.022211 0.001222 1.000000
0.084167 0.084167 0.084167 0.084167 0.084167 0.084167 0.084167 0.084167 0.001527 0.009101 0.035509 0.018198 0.001909 0.034679 0.000205 0.000003 0.018198 0.018198 0.014219 0.001909 1.000000
0.084176 0.084176 0.084176 0.084176 0.084176 0.084176 0.084176 0.084176 0.001909 0.009102 0.044360 0.018200 0.000164 0.022213 0.003728 0.000001 0.028423 0.055389 0.027758 0.000500 1.000000
0.084179 0.084179 0.084179 0.084179 0.084179 0.084179 0.084179 0.084179 0.001909 0.022214 0.035515 0.044362 0.000782 0.034684 0.000256 0.000004 0.055391 0.003054 0.017774 0.000782 1.000000
0.084711 0.084711 0.084711 0.084711 0.084711 0.084711 0.084711 0.084711 0.011450 0.003002 0.055743 0.004803 0.005863 0.027937 0.000322 0.000002 0.022892 0.044645 0.027937 0.000106 1.000000
0.084185 0.084185 0.084185 0.084185 0.084185 0.084185 0.084185 0.084185 0.001527 0.001909 0.022748 0.022748 0.000256 0.027761 0.000205 0.000001 0.069125 0.035517 0.034686 0.027761 1.000000
0.084174 0.084174 0.084174 0.084174 0.084174 0.084174 0.084174 0.084174 0.000782 0.005825 0.022745 0.055387 0.000977 0.017773 0.000977 0.000005 0.035512 0.011650 0.034682 0.000977 1.000000
0.084182 0.084182 0.084182 0.084182 0.084182 0.084182 0.084182 0.084182 0.001527 0.009103 0.035516 0.055393 0.000977 0.014221 0.000626 0.000001 0.035516 0.069123 0.017775 0.000782 1.000000
0.084177 0.084177 0.084177 0.084177 0.084177 0.084177 0.084177 0.084177 0.001527 0.002386 0.055389 0.055389 0.001222 0.011377 0.003729 0.000004 0.035513 0.009321 0.027759 0.000400 1.000000
0.084707 0.084707 0.084707 0.084707 0.084707 0.084707 0.084707 0.084707 0.001230 0.011450 0.022891 0.022891 0.000984 0.022355 0.001921 0.000002 0.014655 0.069555 0.003002 0.002401 1.000000
0.084182 0.084182 0.084182 0.084182 0.084182 0.084182 0.084182 0.084182 0.001527 0.014221 0.069123 0.018201 0.001527 0.005826 0.000977 0.000001 0.069123 0.028426 0.014221 0.000977 1.000000
0.084230 0.084230 0.084230 0.084230 0.084230 0.084230 0.084230 0.084230 0.000054 0.067556 0.086222 0.086222 0.000014 0.027776 0.005829 0.000003 0.069162 0.003820 0.022227 0.009108 1.000000
0.084748 0.084748 0.084748 0.084748 0.084748 0.084748 0.084748 0.084748 0.002403 0.002403 0.035757 0.107988 0.000206 0.014318 0.011455 0.000005 0.069589 0.002460 0.054469 0.000206 1.000000
0.084219 0.084219 0.084219 0.084219 0.084219 0.084219 0.084219 0.084219 0.000782 0.000782 0.035532 0.035532 0.000084 0.005829 0.002387 0.000001 0.086211 0.044383 0.067547 0.054126 1.000000
0.084285 0.084285 0.084285 0.084285 0.084285 0.084285 0.084285 0.084285 0.000626 0.009114 0.086278 0.133403 0.000321 0.027794 0.000034 0.000000 0.107403 0.107403 0.043381 0.011392 1.000000
0.084309 0.084309 0.084309 0.084309 0.084309 0.084309 0.084309 0.084309 0.000164 0.000164 0.107434 0.107434 0.000007 0.067619 0.017802 0.000000 0.044431 0.107434 0.084309 0.043393 1.000000
0.084238 0.084238 0.084238 0.084238 0.084238 0.084238 0.084238 0.084238 0.084238 0.000084 0.028445 0.055430 0.001528 0.022229 0.001223 0.000000 0.107344 0.022762 0.043357 0.000256 1.000000
0.084283 0.084283 0.084283 0.084283 0.084283 0.084283 0.084283 0.084283 0.000626 0.001529 0.069205 0.069205 0.000009 0.043380 0.001223 0.000000 0.165141 0.028460 0.054167 0.054167 1.000000
0.084269 0.084269 0.084269 0.084269 0.084269 0.084269 0.084269 0.084269 0.084269 0.000054 0.133379 0.069194 0.001529 0.034721 0.000783 0.000000 0.035553 0.035553 0.054158 0.000205 1.000000
0.084256 0.084256 0.084256 0.084256 0.084256 0.084256 0.084256 0.084256 0.000401 0.004665 0.055442 0.107366 0.002389 0.022234 0.000978 0.000000 0.133358 0.069183 0.043366 0.000256 1.000000
0.084221 0.084221 0.084221 0.084221 0.084221 0.084221 0.084221 0.084221 0.007286 0.003730 0.086213 0.133304 0.004663 0.022225 0.004663 0.000006 0.022758 0.000044 0.017783 0.000067 1.000000
0.084187 0.084187 0.084187 0.084187 0.084187 0.084187 0.084187 0.084187 0.004661 0.014222 0.069126 0.055396 0.000131 0.017776 0.027762 0.000006 0.022748 0.000134 0.034687 0.000105 1.000000
0.084300 0.084300 0.084300 0.084300 0.084300 0.084300 0.084300 0.084300 0.000205 0.005834 0.107423 0.165175 0.000979 0.022246 0.002390 0.000000 0.086294 0.107423 0.027800 0.000401 1.000000
0.084242 0.084242 0.084242 0.084242 0.084242 0.084242 0.084242 0.084242 0.000501 0.003731 0.086234 0.086234 0.000501 0.027780 0.002985 0.000000 0.107349 0.086234 0.022230 0.000626 1.000000
0.084771 0.084771 0.084771 0.084771 0.084771 0.084771 0.084771 0.084771 0.000035 0.054484 0.086776 0.108017 0.000504 0.034931 0.001231 0.000001 0.055784 0.044677 0.027957 0.000788 1.000000
0.084220 0.084220 0.084220 0.084220 0.084220 0.084220 0.084220 0.084220 0.000320 0.014228 0.107321 0.055418 0.000054 0.022225 0.000256 0.000006 0.055418 0.001252 0.054127 0.034701 1.000000
0.084826 0.084826 0.084826 0.084826 0.084826 0.084826 0.084826 0.084826 0.000165 0.009173 0.134242 0.108087 0.001924 0.011466 0.003758 0.000000 0.134242 0.086832 0.022387 0.000258 1.000000
0.084180 0.084180 0.084180 0.084180 0.084180 0.084180 0.084180 0.084180 0.000500 0.014221 0.028425 0.055392 0.000009 0.017774 0.017774 0.000001 0.044362 0.028425 0.034685 0.003729 1.000000
0.084242 0.084242 0.084242 0.084242 0.084242 0.084242 0.084242 0.084242 0.000401 0.002388 0.086234 0.069172 0.002985 0.027780 0.001223 0.000000 0.107349 0.044395 0.067565 0.000205 1.000000
0.084740 0.084740 0.084740 0.084740 0.084740 0.084740 0.084740 0.084740 0.000504 0.003003 0.086744 0.055763 0.000106 0.027947 0.005865 0.000003 0.086744 0.003844 0.027947 0.002402 1.000000
0.084283 0.084283 0.084283 0.084283 0.084283 0.084283 0.084283 0.084283 0.000321 0.005833 0.133401 0.086276 0.000043 0.067599 0.000205 0.000001 0.035559 0.107401 0.054168 0.014239 1.000000
0.084221 0.084221 0.084221 0.084221 0.084221 0.084221 0.084221 0.084221 0.000320 0.005829 0.086213 0.086213 0.004663 0.027773 0.001222 0.000001 0.086213 0.035532 0.034701 0.000105 1.000000
0.084253 0.084253 0.084253 0.084253 0.084253 0.084253 0.084253 0.084253 0.000205 0.000978 0.165085 0.044401 0.001911 0.011388 0.005831 0.000001 0.069181 0.022766 0.054148 0.000783 1.000000
0.084286 0.084286 0.084286 0.084286 0.084286 0.084286 0.084286 0.084286 0.000626 0.001529 0.107404 0.133405 0.000105 0.027795 0.054169 0.000000 0.069208 0.107404 0.027795 0.000164 1.000000
0.084235 0.084235 0.084235 0.084235 0.084235 0.084235 0.084235 0.084235 0.000501 0.014230 0.069166 0.086227 0.017786 0.014230 0.011385 0.000000 0.107340 0.086227 0.017786 0.000003 1.000000
0.084209 0.084209 0.084209 0.084209 0.084209 0.084209 0.084209 0.084209 0.000978 0.043341 0.107307 0.055411 0.000978 0.034696 0.001222 0.000006 0.035527 0.000086 0.017780 0.000401 1.000000
0.084895 0.084895 0.084895 0.084895 0.084895 0.084895 0.084895 0.084895 0.000085 0.054564 0.134348 0.166293 0.000000 0.084895 0.068092 0.000007 0.018357 0.000265 0.068092 0.004701 1.000000
0.084866 0.084866 0.084866 0.084866 0.084866 0.084866 0.084866 0.084866 0.043683 0.084866 0.166239 0.108138 0.000022 0.017921 0.034971 0.000000 0.108138 0.001577 0.022397 0.000009 1.000000
0.084357 0.084357 0.084357 0.084357 0.084357 0.084357 0.084357 0.084357 0.000205 0.005838 0.165280 0.069266 0.000502 0.034758 0.004671 0.000000 0.086351 0.165280 0.084357 0.000105 1.000000
0.084438 0.084438 0.084438 0.084438 0.084438 0.084438 0.084438 0.084438 0.000084 0.001226 0.107596 0.133640 0.000000 0.084438 0.043460 0.000000 0.165433 0.165433 0.054268 0.067723 1.000000
0.084327 0.084327 0.084327 0.084327 0.084327 0.084327 0.084327 0.084327 0.084327 0.000783 0.133468 0.107456 0.000002 0.067634 0.014246 0.000000 0.086321 0.044440 0.067634 0.000205 1.000000
0.084341 0.084341 0.084341 0.084341 0.084341 0.084341 0.084341 0.084341 0.000627 0.001913 0.165251 0.133491 0.000321 0.067645 0.067645 0.000007 0.000035 0.107474 0.034752 0.000084 1.000000
0.084356 0.084356 0.084356 0.084356 0.084356 0.084356 0.084356 0.084356 0.000018 0.084356 0.055508 0.133513 0.000067 0.084356 0.000131 0.000000 0.133513 0.044456 0.011402 0.084356 1.000000
0.084359 0.084359 0.084359 0.084359 0.084359 0.084359 0.084359 0.084359 0.000784 0.001913 0.165284 0.165284 0.000321 0.054217 0.009122 0.000007 0.000055 0.133518 0.054217 0.000257 1.000000
0.084358 0.084358 0.084358 0.084358 0.084358 0.084358 0.084358 0.084358 0.000980 0.017812 0.133517 0.133517 0.000022 0.054216 0.067659 0.000006 0.165284 0.000014 0.054216 0.000105 1.000000
0.084368 0.084368 0.084368 0.084368 0.084368 0.084368 0.084368 0.084368 0.084368 0.000502 0.165302 0.133533 0.000000 0.043424 0.009123 0.000005 0.133533 0.000044 0.054223 0.027822 1.000000
0.084358 0.084358 0.084358 0.084358 0.084358 0.084358 0.084358 0.084358 0.000028 0.084358 0.107496 0.133517 0.000034 0.084358 0.001913 0.000000 0.107496 0.107496 0.043419 0.001224 1.000000
0.084341 0.084341 0.084341 0.084341 0.084341 0.084341 0.084341 0.084341 0.000627 0.011400 0.086336 0.133491 0.000022 0.054205 0.000084 0.000007 0.000055 0.133491 0.084341 0.084341 1.000000
0.084353 0.084353 0.084353 0.084353 0.084353 0.084353 0.084353 0.084353 0.000006 0.084353 0.107489 0.069263 0.000007 0.067655 0.000979 0.000000 0.133508 0.069263 0.054213 0.084353 1.000000
0.084313 0.084313 0.084313 0.084313 0.084313 0.084313 0.084313 0.084313 0.001530 0.009117 0.165199 0.165199 0.000014 0.054187 0.017803 0.000006 0.044433 0.000055 0.034740 0.000979 1.000000
0.084366 0.084366 0.084366 0.084366 0.084366 0.084366 0.084366 0.084366 0.000257 0.000502 0.086362 0.133530 0.000105 0.034762 0.000502 0.000000 0.133530 0.165299 0.054222 0.067666 1.000000
0.084312 0.084312 0.084312 0.084312 0.084312 0.084312 0.084312 0.084312 0.000054 0.027804 0.165197 0.086306 0.000164 0.034740 0.003735 0.000000 0.133446 0.055479 0.054187 0.000401 1.000000
0.084903 0.084903 0.084903 0.084903 0.084903 0.084903 0.084903 0.084903 0.068099 0.000789 0.166309 0.108184 0.000014 0.084903 0.009182 0.000000 0.069717 0.134362 0.034986 0.000068 1.000000
0.084351 0.084351 0.084351 0.084351 0.084351 0.084351 0.084351 0.084351 0.000321 0.004670 0.069261 0.107486 0.000979 0.022259 0.002391 0.000000 0.165269 0.165269 0.067653 0.000205 1.000000
0.084281 0.084281 0.084281 0.084281 0.084281 0.084281 0.084281 0.084281 0.001223 0.007291 0.133398 0.165138 0.000018 0.034727 0.022241 0.000006 0.000641 0.007466 0.043379 0.000979 1.000000
0.084283 0.084283 0.084283 0.084283 0.084283 0.084283 0.084283 0.084283 0.000979 0.001529 0.133400 0.133400 0.000003 0.054167 0.054167 0.000006 0.003058 0.003058 0.054167 0.005833 1.000000
0.084324 0.084324 0.084324 0.084324 0.084324 0.084324 0.084324 0.084324 0.000164 0.067631 0.069239 0.107452 0.000007 0.067631 0.000321 0.000007 0.133464 0.000055 0.043401 0.084324 1.000000
0.084316 0.084316 0.084316 0.084316 0.084316 0.084316 0.084316 0.084316 0.000164 0.009117 0.107442 0.133451 0.000014 0.027805 0.017803 0.000000 0.133451 0.107442 0.054189 0.001224 1.000000
0.084914 0.084914 0.084914 0.084914 0.084914 0.084914 0.084914 0.084914 0.000007 0.054577 0.086922 0.134379 0.000000 0.014347 0.084914 0.000002 0.007523 0.134379 0.084914 0.084914 1.000000
0.084389 0.084389 0.084389 0.084389 0.084389 0.084389 0.084389 0.084389 0.000018 0.084389 0.107535 0.133565 0.000003 0.034772 0.084389 0.000000 0.107535 0.107535 0.084389 0.000627 1.000000
0.084314 0.084314 0.084314 0.084314 0.084314 0.084314 0.084314 0.084314 0.000257 0.000501 0.133449 0.086308 0.000011 0.034740 0.011396 0.000000 0.165201 0.069231 0.043396 0.034740 1.000000
0.084477 0.084477 0.084477 0.084477 0.084477 0.084477 0.084477 0.084477 0.000165 0.001533 0.165508 0.165508 0.000165 0.014272 0.067755 0.000000 0.165508 0.165508 0.084477 0.000165 1.000000
0.084398 0.084398 0.084398 0.084398 0.084398 0.084398 0.084398 0.084398 0.084398 0.000054 0.133578 0.165357 0.000105 0.011407 0.027832 0.000000 0.133578 0.133578 0.043439 0.000257 1.000000
0.084399 0.084399 0.084399 0.084399 0.084399 0.084399 0.084399 0.084399 0.005841 0.000257 0.165361 0.107548 0.000009 0.084399 0.001225 0.000000 0.107548 0.165361 0.067692 0.007301 1.000000
0.085011 0.085011 0.085011 0.085011 0.085011 0.085011 0.085011 0.085011 0.000987 0.068185 0.166512 0.134528 0.000000 0.085011 0.085011 0.000000 0.166512 0.108320 0.068185 0.005884 1.000000
0.084395 0.084395 0.084395 0.084395 0.084395 0.084395 0.084395 0.084395 0.000132 0.084395 0.004785 0.165353 0.001531 0.043438 0.000784 0.000000 0.165353 0.133575 0.067689 0.000084 1.000000
0.084302 0.084302 0.084302 0.084302 0.084302 0.084302 0.084302 0.084302 0.000501 0.005834 0.069222 0.069222 0.003734 0.017800 0.000979 0.000000 0.133431 0.165178 0.054180 0.000131 1.000000
0.084027 0.084027 0.084027 0.084027 0.084027 0.084027 0.084027 0.084027 0.084027 0.084027 0.164659 0.107077 0.000000 0.084027 0.084027 0.000000 0.164659 0.133003 0.084027 0.084027 1.000000
0.084465 0.084465 0.084465 0.084465 0.084465 0.084465 0.084465 0.084465 0.084465 0.000022 0.133683 0.086463 0.000043 0.054286 0.084465 0.000000 0.165485 0.165485 0.084465 0.000054 1.000000
0.084433 0.084433 0.084433 0.084433 0.084433 0.084433 0.084433 0.084433 0.027844 0.084433 0.069330 0.165425 0.000000 0.054265 0.084433 0.000003 0.000028 0.165425 0.054265 0.084433 1.000000
0.084479 0.084479 0.084479 0.084479 0.084479 0.084479 0.084479 0.084479 0.000000 0.084479 0.107648 0.133704 0.084479 0.067756 0.084479 0.000000 0.165511 0.107648 0.084479 0.000257 1.000000
0.084327 0.084327 0.084327 0.084327 0.084327 0.084327 0.084327 0.084327 0.000084 0.084327 0.107456 0.165225 0.000131 0.034746 0.017806 0.000007 0.035578 0.000135 0.084327 0.000105 1.000000
0.084005 0.084005 0.084005 0.084005 0.084005 0.084005 0.084005 0.084005 0.000002 0.084005 0.164618 0.164618 0.000000 0.067374 0.043235 0.000000 0.164618 0.164618 0.067374 0.084005 1.000000
0.084396 0.084396 0.084396 0.084396 0.084396 0.084396 0.084396 0.084396 0.000206 0.000784 0.107544 0.107544 0.000001 0.084396 0.067690 0.000000 0.165355 0.107544 0.084396 0.017820 1.000000
0.084439 0.084439 0.084439 0.084439 0.084439 0.084439 0.084439 0.084439 0.084439 0.000628 0.133643 0.133643 0.000000 0.054269 0.084439 0.000000 0.107598 0.165436 0.067725 0.000784 1.000000
0.084019 0.084019 0.084019 0.084019 0.084019 0.084019 0.084019 0.084019 0.000001 0.084019 0.164644 0.164644 0.000000 0.084019 0.084019 0.000000 0.132991 0.164644 0.067385 0.084019 1.000000
0.083977 0.083977 0.083977 0.083977 0.083977 0.083977 0.083977 0.083977 0.000105 0.000780 0.164567 0.164567 0.000000 0.083977 0.083977 0.000000 0.164567 0.164567 0.067352 0.027692 1.000000
0.084442 0.084442 0.084442 0.084442 0.084442 0.084442 0.084442 0.084442 0.000257 0.027847 0.165442 0.165442 0.000022 0.043463 0.000014 0.000000 0.133648 0.133648 0.067727 0.084442 1.000000
0.084438 0.084438 0.084438 0.084438 0.084438 0.084438 0.084438 0.084438 0.084438 0.000105 0.165434 0.133641 0.000000 0.054268 0.014265 0.000000 0.165434 0.133641 0.054268 0.017830 1.000000
0.084447 0.084447 0.084447 0.084447 0.084447 0.084447 0.084447 0.084447 0.084447 0.000043 0.086444 0.133654 0.000001 0.084447 0.084447 0.000000 0.165450 0.107608 0.084447 0.000981 1.000000
0.083961 0.083961 0.083961 0.083961 0.083961 0.083961 0.083961 0.083961 0.000011 0.067339 0.132901 0.164535 0.000000 0.067339 0.009078 0.000000 0.164535 0.164535 0.083961 0.067339 1.000000
0.084034 0.084034 0.084034 0.084034 0.084034 0.084034 0.084034 0.084034 0.084034 0.084034 0.164673 0.164673 0.000054 0.084034 0.000000 0.000000 0.164673 0.164673 0.054006 0.084034 1.000000
0.084479 0.084479 0.084479 0.084479 0.084479 0.084479 0.084479 0.084479 0.000132 0.084479 0.165511 0.165511 0.000000 0.067756 0.009135 0.000006 0.000035 0.165511 0.084479 0.084479 1.000000
0.084369 0.084369 0.084369 0.084369 0.084369 0.084369 0.084369 0.084369 0.084369 0.000084 0.107509 0.086364 0.000401 0.054223 0.000205 0.000000 0.133533 0.133533 0.084369 0.000784 1.000000
0.084408 0.084408 0.084408 0.084408 0.084408 0.084408 0.084408 0.084408 0.084408 0.000067 0.107559 0.165377 0.000321 0.067699 0.001225 0.000000 0.107559 0.165377 0.043445 0.000257 1.000000
0.084470 0.084470 0.084470 0.084470 0.084470 0.084470 0.084470 0.084470 0.000084 0.054289 0.165495 0.133691 0.000004 0.084470 0.000084 0.000000 0.165495 0.133691 0.054289 0.084470 1.000000
0.084447 0.084447 0.084447 0.084447 0.084447 0.084447 0.084447 0.084447 0.000022 0.084447 0.165451 0.165451 0.000000 0.084447 0.084447 0.000007 0.022820 0.000211 0.067731 0.084447 1.000000
0.084480 0.084480 0.084480 0.084480 0.084480 0.084480 0.084480 0.084480 0.084480 0.001533 0.133705 0.165512 0.000009 0.084480 0.000321 0.000000 0.165512 0.165512 0.054295 0.000785 1.000000
0.084054 0.084054 0.084054 0.084054 0.084054 0.084054 0.084054 0.084054 0.084054 0.084054 0.164711 0.164711 0.000000 0.084054 0.000014 0.000000 0.164711 0.164711 0.084054 0.084054 1.000000
0.083999 0.083999 0.083999 0.083999 0.083999 0.083999 0.083999 0.083999 0.000002 0.083999 0.068972 0.164608 0.000000 0.083999 0.083999 0.000000 0.164608 0.164608 0.083999 0.083999 1.000000
0.084008 0.084008 0.084008 0.084008 0.084008 0.084008 0.084008 0.084008 0.000005 0.084008 0.164624 0.164624 0.000009 0.084008 0.000320 0.000000 0.164624 0.164624 0.084008 0.067377 1.000000
0.084042 0.084042 0.084042 0.084042 0.084042 0.084042 0.084042 0.084042 0.000084 0.084042 0.164688 0.164688 0.000000 0.084042 0.084042 0.000000 0.164688 0.164688 0.067404 0.084042 1.000000
0.084000 0.084000 0.084000 0.084000 0.084000 0.084000 0.084000 0.084000 0.002381 0.084000 0.164609 0.164609 0.000000 0.084000 0.000054 0.000000 0.164609 0.164609 0.053984 0.084000 1.000000
0.084460 0.084460 0.084460 0.084460 0.084460 0.084460 0.084460 0.084460 0.084460 0.000028 0.165476 0.165476 0.000000 0.084460 0.084460 0.000004 0.028521 0.000135 0.084460 0.084460 1.000000
0.084053 0.084053 0.084053 0.084053 0.084053 0.084053 0.084053 0.084053 0.084053 0.084053 0.133044 0.164709 0.000000 0.084053 0.084053 0.000000 0.164709 0.164709 0.067413 0.084053 1.000000
0.084479 0.084479 0.084479 0.084479 0.084479 0.084479 0.084479 0.084479 0.084479 0.000502 0.165511 0.165511 0.000000 0.084479 0.084479 0.000005 0.165511 0.000028 0.067756 0.007308 1.000000
0.083963 0.083963 0.083963 0.083963 0.083963 0.083963 0.083963 0.083963 0.083963 0.000084 0.164540 0.132905 0.000001 0.083963 0.009079 0.000000 0.164540 0.164540 0.083963 0.003719 1.000000
0.084029 0.084029 0.084029 0.084029 0.084029 0.084029 0.084029 0.084029 0.084029 0.084029 0.164664 0.164664 0.000000 0.043248 0.000022 0.000000 0.164664 0.164664 0.084029 0.084029 1.000000
0.083974 0.083974 0.083974 0.083974 0.083974 0.083974 0.083974 0.083974 0.083974 0.000319 0.132921 0.164560 0.000000 0.083974 0.000319 0.000000 0.164560 0.132921 0.083974 0.083974 1.000000
0.084477 0.084477 0.084477 0.084477 0.084477 0.084477 0.084477 0.084477 0.084477 0.002994 0.165506 0.133701 0.000000 0.043481 0.084477 0.000006 0.165506 0.000028 0.084477 0.084477 1.000000
0.083981 0.083981 0.083981 0.083981 0.083981 0.083981 0.083981 0.083981 0.083981 0.000011 0.085967 0.164573 0.000000 0.043223 0.083981 0.000000 0.164573 0.164573 0.083981 0.083981 1.000000
0.084479 0.084479 0.084479 0.084479 0.084479 0.084479 0.084479 0.084479 0.084479 0.000084 0.165510 0.165510 0.000006 0.084479 0.000257 0.000005 0.165510 0.000028 0.067756 0.084479 1.000000
0.084042 0.084042 0.084042 0.084042 0.084042 0.084042 0.084042 0.084042 0.084042 0.000005 0.164688 0.164688 0.000000 0.084042 0.084042 0.000000 0.164688 0.164688 0.067404 0.084042 1.000000
0.084026 0.084026 0.084026 0.084026 0.084026 0.084026 0.084026 0.084026 0.000001 0.084026 0.164658 0.164658 0.000000 0.034620 0.084026 0.000000 0.164658 0.164658 0.084026 0.084026 1.000000
0.084019 0.084019 0.084019 0.084019 0.084019 0.084019 0.084019 0.084019 0.084019 0.084019 0.164644 0.164644 0.000009 0.084019 0.000000 0.000000 0.132991 0.164644 0.067385 0.084019 1.000000
0.083974 0.083974 0.083974 0.083974 0.083974 0.083974 0.083974 0.083974 0.083974 0.000018 0.164561 0.164561 0.000084 0.011349 0.083974 0.000000 0.164561 0.164561 0.067350 0.000204 1.000000
0.083969 0.083969 0.083969 0.083969 0.083969 0.083969 0.083969 0.083969 0.000624 0.083969 0.164551 0.164551 0.000000 0.067346 0.067346 0.000000 0.164551 0.085955 0.067346 0.083969 1.000000
0.084008 0.084008 0.084008 0.084008 0.084008 0.084008 0.084008 0.084008 0.084008 0.084008 0.164624 0.164624 0.000009 0.084008 0.000400 0.000000 0.164624 0.164624 0.067377 0.000105 1.000000
0.084983 0.084983 0.084983 0.084983 0.084983 0.084983 0.084983 0.084983 0.001928 0.084983 0.166459 0.134485 0.000006 0.043744 0.000004 0.000000 0.166459 0.022966 0.084983 0.084983 1.000000
0.083974 0.083974 0.083974 0.083974 0.083974 0.083974 0.083974 0.083974 0.083974 0.000043 0.164560 0.132921 0.000001 0.083974 0.083974 0.000000 0.164560 0.132921 0.083974 0.000975 1.000000
0.084432 0.084432 0.084432 0.084432 0.084432 0.084432 0.084432 0.084432 0.000627 0.000980 0.165422 0.107589 0.000000 0.084432 0.084432 0.000007 0.000044 0.165422 0.054264 0.084432 1.000000
0.083999 0.083999 0.083999 0.083999 0.083999 0.083999 0.083999 0.083999 0.083999 0.083999 0.164607 0.132960 0.000000 0.083999 0.083999 0.000001 0.164607 0.000022 0.083999 0.083999 1.000000
0.083969 0.083969 0.083969 0.083969 0.083969 0.083969 0.083969 0.083969 0.000256 0.083969 0.164552 0.164552 0.000000 0.067346 0.000164 0.000000 0.164552 0.107005 0.083969 0.083969 1.000000
0.084000 0.084000 0.084000 0.084000 0.084000 0.084000 0.084000 0.084000 0.084000 0.084000 0.164610 0.164610 0.000000 0.084000 0.000043 0.000000 0.164610 0.132963 0.084000 0.027700 1.000000
0.083977 0.083977 0.083977 0.083977 0.083977 0.083977 0.083977 0.083977 0.014186 0.083977 0.164566 0.164566 0.000000 0.083977 0.083977 0.000004 0.164566 0.000028 0.067352 0.083977 1.000000
0.084031 0.084031 0.084031 0.084031 0.084031 0.084031 0.084031 0.084031 0.084031 0.000400 0.164667 0.164667 0.000000 0.084031 0.084031 0.000000 0.133010 0.164667 0.084031 0.084031 1.000000
0.084054 0.084054 0.084054 0.084054 0.084054 0.084054 0.084054 0.084054 0.084054 0.084054 0.164711 0.164711 0.000000 0.084054 0.000011 0.000000 0.164711 0.164711 0.084054 0.084054 1.000000
0.084054 0.084054 0.084054 0.084054 0.084054 0.084054 0.084054 0.084054 0.084054 0.084054 0.164711 0.164711 0.000000 0.084054 0.000011 0.000000 0.164711 0.164711 0.084054 0.084054 1.000000
0.084010 0.084010 0.084010 0.084010 0.084010 0.084010 0.084010 0.084010 0.084010 0.084010 0.011627 0.164628 0.000000 0.084010 0.084010 0.000000 0.164628 0.164628 0.067379 0.084010 1.000000
0.084026 0.084026 0.084026 0.084026 0.084026 0.084026 0.084026 0.084026 0.084026 0.084026 0.164658 0.164658 0.000000 0.034620 0.000027 0.000000 0.164658 0.164658 0.084026 0.084026 1.000000
0.084031 0.084031 0.084031 0.084031 0.084031 0.084031 0.084031 0.084031 0.084031 0.084031 0.133010 0.164667 0.000000 0.084031 0.000011 0.000000 0.164667 0.164667 0.084031 0.084031 1.000000
0.084001 0.084001 0.084001 0.084001 0.084001 0.084001 0.084001 0.084001 0.084001 0.084001 0.164610 0.164610 0.000000 0.043233 0.000054 0.000000 0.164610 0.164610 0.084001 0.034610 1.000000
0.083999 0.083999 0.083999 0.083999 0.083999 0.083999 0.083999 0.083999 0.083999 0.083999 0.164607 0.164607 0.000000 0.053983 0.002976 0.000000 0.132960 0.164607 0.067369 0.083999 1.000000
0.083987 0.083987 0.083987 0.083987 0.083987 0.083987 0.083987 0.083987 0.083987 0.083987 0.011624 0.132942 0.000000 0.067360 0.083987 0.000000 0.164585 0.164585 0.083987 0.083987 1.000000
0.084026 0.084026 0.084026 0.084026 0.084026 0.084026 0.084026 0.084026 0.084026 0.084026 0.164658 0.164658 0.000000 0.034620 0.000027 0.000000 0.164658 0.164658 0.084026 0.084026 1.000000
0.083968 0.083968 0.083968 0.083968 0.083968 0.083968 0.083968 0.083968 0.083968 0.083968 0.164549 0.164549 0.000000 0.053963 0.000131 0.000001 0.000028 0.164549 0.083968 0.083968 1.000000
0.084048 0.084048 0.084048 0.084048 0.084048 0.084048 0.084048 0.084048 0.084048 0.084048 0.164700 0.164700 0.000000 0.054015 0.084048 0.000000 0.164700 0.164700 0.054015 0.084048 1.000000
0.084518 0.084518 0.084518 0.084518 0.084518 0.084518 0.084518 0.084518 0.084518 0.043502 0.133765 0.165585 0.000000 0.043502 0.000022 0.000000 0.165585 0.165585 0.084518 0.084518 1.000000
0.084031 0.084031 0.084031 0.084031 0.084031 0.084031 0.084031 0.084031 0.084031 0.084031 0.164667 0.164667 0.000000 0.084031 0.000011 0.000000 0.164667 0.133010 0.084031 0.084031 1.000000
0.084000 0.084000 0.084000 0.084000 0.084000 0.084000 0.084000 0.084000 0.000009 0.084000 0.164609 0.164609 0.000011 0.053984 0.084000 0.000000 0.164609 0.164609 0.084000 0.000164 1.000000
0.084050 0.084050 0.084050 0.084050 0.084050 0.084050 0.084050 0.084050 0.084050 0.084050 0.164703 0.107106 0.000000 0.084050 0.084050 0.000000 0.164703 0.164703 0.084050 0.084050 1.000000
0.083964 0.083964 0.083964 0.083964 0.083964 0.083964 0.083964 0.083964 0.083964 0.083964 0.132906 0.132906 0.000000 0.067341 0.083964 0.000001 0.000028 0.164541 0.083964 0.083964 1.000000
0.084008 0.084008 0.084008 0.084008 0.084008 0.084008 0.084008 0.084008 0.084008 0.084008 0.132974 0.164624 0.000000 0.084008 0.000011 0.000000 0.164624 0.132974 0.084008 0.084008 1.000000
0.084054 0.084054 0.084054 0.084054 0.084054 0.084054 0.084054 0.084054 0.084054 0.084054 0.164711 0.164711 0.000000 0.084054 0.000011 0.000000 0.164711 0.164711 0.084054 0.084054 1.000000
0.084021 0.084021 0.084021 0.084021 0.084021 0.084021 0.084021 0.084021 0.084021 0.084021 0.164649 0.164649 0.000000 0.084021 0.022171 0.000000 0.132995 0.164649 0.067387 0.084021 1.000000
0.084054 0.084054 0.084054 0.084054 0.084054 0.084054 0.084054 0.084054 0.084054 0.084054 0.164711 0.164711 0.000005 0.084054 0.000001 0.000000 0.164711 0.164711 0.084054 0.084054 1.000000
0.084020 0.084020 0.084020 0.084020 0.084020 0.084020 0.084020 0.084020 0.000002 0.084020 0.164647 0.164647 0.000001 0.084020 0.007268 0.000000 0.164647 0.164647 0.084020 0.084020 1.000000
0.084054 0.084054 0.084054 0.084054 0.084054 0.084054 0.084054 0.084054 0.084054 0.000004 0.164711 0.164711 0.000000 0.084054 0.084054 0.000000 0.164711 0.164711 0.084054 0.084054 1.000000
0.083997 0.083997 0.083997 0.083997 0.083997 0.083997 0.083997 0.083997 0.000043 0.083997 0.132957 0.164603 0.000000 0.083997 0.000975 0.000000 0.164603 0.164603 0.083997 0.083997 1.000000
0.084054 0.084054 0.084054 0.084054 0.084054 0.084054 0.084054 0.084054 0.084054 0.084054 0.164711 0.164711 0.000000 0.084054 0.000011 0.000000 0.164711 0.164711 0.084054 0.084054 1.000000
0.084008 0.084008 0.084008 0.084008 0.084008 0.084008 0.084008 0.084008 0.084008 0.084008 0.132974 0.164624 0.000000 0.084008 0.000011 0.000000 0.132974 0.164624 0.084008 0.084008 1.000000
0.084031 0.084031 0.084031 0.084031 0.084031 0.084031 0.084031 0.084031 0.084031 0.001220 0.164667 0.133010 0.000000 0.084031 0.084031 0.000000 0.164667 0.164667 0.084031 0.084031 1.000000
0.083999 0.083999 0.083999 0.083999 0.083999 0.083999 0.083999 0.083999 0.083999 0.000009 0.068972 0.164608 0.000000 0.083999 0.083999 0.000000 0.164608 0.164608 0.083999 0.083999 1.000000
0.084020 0.084020 0.084020 0.084020 0.084020 0.084020 0.084020 0.084020 0.084020 0.000043 0.164647 0.164647 0.000000 0.084020 0.002382 0.000000 0.164647 0.164647 0.084020 0.084020 1.000000
0.084054 0.084054 0.084054 0.084054 0.084054 0.084054 0.084054 0.084054 0.084054 0.084054 0.164711 0.164711 0.000000 0.084054 0.000011 0.000000 0.164711 0.164711 0.084054 0.084054 1.000000
0.084076 0.084076 0.084076 0.084076 0.084076 0.084076 0.084076 0.084076 0.084076 0.084076 0.164752 0.164752 0.000000 0.084076 0.084076 0.000000 0.164752 0.164752 0.067432 0.084076 1.000000
0.084029 0.084029 0.084029 0.084029 0.084029 0.084029 0.084029 0.084029 0.084029 0.084029 0.164664 0.164664 0.000000 0.043248 0.000022 0.000000 0.164664 0.164664 0.084029 0.084029 1.000000
0.083985 0.083985 0.083985 0.083985 0.083985 0.083985 0.083985 0.083985 0.083985 0.000043 0.164580 0.132938 0.000001 0.083985 0.001524 0.000000 0.164580 0.164580 0.067358 0.083985 1.000000
0.084054 0.084054 0.084054 0.084054 0.084054 0.084054 0.084054 0.084054 0.084054 0.084054 0.164711 0.164711 0.000000 0.084054 0.000011 0.000000 0.164711 0.164711 0.084054 0.084054 1.000000
0.084026 0.084026 0.084026 0.084026 0.084026 0.084026 0.084026 0.084026 0.084026 0.084026 0.164658 0.164658 0.000000 0.034620 0.000022 0.000000 0.164658 0.164658 0.084026 0.084026 1.000000
0.084088 0.084088 0.084088 0.084088 0.084088 0.084088 0.084088 0.084088 0.084088 0.084088 0.164775 0.164775 0.000000 0.084088 0.084088 0.000000 0.164775 0.164775 0.084088 0.084088 1.000000
0.084054 0.084054 0.084054 0.084054 0.084054 0.084054 0.084054 0.084054 0.084054 0.084054 0.164711 0.164711 0.000000 0.084054 0.000011 0.000000 0.164711 0.164711 0.084054 0.084054 1.000000
0.084031 0.084031 0.084031 0.084031 0.084031 0.084031 0.084031 0.084031 0.084031 0.084031 0.164667 0.164667 0.000000 0.084031 0.000011 0.000000 0.133010 0.164667 0.084031 0.084031 1.000000
0.084054 0.084054 0.084054 0.084054 0.084054 0.084054 0.084054 0.084054 0.084054 0.084054 0.164711 0.164711 0.000000 0.084054 0.000011 0.000000 0.164711 0.164711 0.084054 0.084054 1.000000
0.084054 0.084054 0.084054 0.084054 0.084054 0.084054 0.084054 0.084054 0.084054 0.084054 0.164711 0.164711 0.000000 0.084054 0.000011 0.000000 0.164711 0.164711 0.084054 0.084054 1.000000
0.084003 0.084003 0.084003 0.084003 0.084003 0.084003 0.084003 0.084003 0.084003 0.084003 0.164614 0.132966 0.000000 0.034610 0.000022 0.000000 0.164614 0.164614 0.084003 0.084003 1.000000
0.084042 0.084042 0.084042 0.084042 0.084042 0.084042 0.084042 0.084042 0.084042 0.084042 0.164688 0.164688 0.000000 0.084042 0.000014 0.000000 0.164688 0.164688 0.067404 0.084042 1.000000
0.083994 0.083994 0.083994 0.083994 0.083994 0.083994 0.083994 0.083994 0.083994 0.083994 0.164597 0.164597 0.000000 0.043229 0.000022 0.000000 0.164597 0.132952 0.067365 0.083994 1.000000
0.084042 0.084042 0.084042 0.084042 0.084042 0.084042 0.084042 0.084042 0.084042 0.084042 0.164688 0.164688 0.000000 0.084042 0.001525 0.000000 0.164688 0.164688 0.067404 0.084042 1.000000
0.084042 0.084042 0.084042 0.084042 0.084042 0.084042 0.084042 0.084042 0.084042 0.000005 0.164688 0.164688 0.000000 0.084042 0.084042 0.000000 0.164688 0.164688 0.067404 0.084042 1.000000
0.084010 0.084010 0.084010 0.084010 0.084010 0.084010 0.084010 0.084010 0.084010 0.084010 0.164628 0.164628 0.000000 0.084010 0.084010 0.000001 0.000022 0.164628 0.067378 0.084010 1.000000
0.084054 0.084054 0.084054 0.084054 0.084054 0.084054 0.084054 0.084054 0.084054 0.084054 0.164711 0.164711 0.000000 0.084054 0.000011 0.000000 0.164711 0.164711 0.084054 0.084054 1.000000
0.084054 0.084054 0.084054 0.084054 0.084054 0.084054 0.084054 0.084054 0.084054 0.084054 0.164711 0.164711 0.000000 0.084054 0.000011 0.000000 0.164711 0.164711 0.084054 0.084054 1.000000
0.084054 0.084054 0.084054 0.084054 0.084054 0.084054 0.084054 0.084054 0.084054 0.084054 0.164711 0.164711 0.000000 0.084054 0.000011 0.000000 0.164711 0.164711 0.084054 0.084054 1.000000
0.084031 0.084031 0.084031 0.084031 0.084031 0.084031 0.084031 0.084031 0.084031 0.084031 0.164667 0.164667 0.000000 0.084031 0.000011 0.000000 0.133010 0.164667 0.084031 0.084031 1.000000
0.084054 0.084054 0.084054 0.084054 0.084054 0.084054 0.084054 0.084054 0.084054 0.084054 0.164711 0.164711 0.000000 0.084054 0.000011 0.000000 0.164711 0.164711 0.084054 0.084054 1.000000
0.084008 0.084008 0.084008 0.084008 0.084008 0.084008 0.084008 0.084008 0.084008 0.084008 0.164625 0.164625 0.000000 0.084008 0.009084 0.000000 0.164625 0.164625 0.067377 0.000131 1.000000
0.084054 0.084054 0.084054 0.084054 0.084054 0.084054 0.084054 0.084054 0.084054 0.084054 0.164711 0.164711 0.000000 0.084054 0.000011 0.000000 0.164711 0.164711 0.084054 0.084054 1.000000
0.084054 0.084054 0.084054 0.084054 0.084054 0.084054 0.084054 0.084054 0.084054 0.084054 0.164711 0.164711 0.000000 0.084054 0.000011 0.000000 0.164711 0.164711 0.084054 0.084054 1.000000
0.084054 0.084054 0.084054 0.084054 0.084054 0.084054 0.084054 0.084054 0.084054 0.084054 0.164711 0.164711 0.000000 0.084054 0.000011 0.000000 0.164711 0.164711 0.084054 0.084054 1.000000
0.083997 0.083997 0.083997 0.083997 0.083997 0.083997 0.083997 0.083997 0.083997 0.083997 0.164604 0.164604 0.000000 0.083997 0.009082 0.000000 0.132958 0.164604 0.083997 0.000105 1.000000
0.084054 0.084054 0.084054 0.084054 0.084054 0.084054 0.084054 0.084054 0.084054 0.084054 0.164711 0.164711 0.000000 0.084054 0.000011 0.000000 0.164711 0.164711 0.084054 0.084054 1.000000
0.084054 0.084054 0.084054 0.084054 0.084054 0.084054 0.084054 0.084054 0.084054 0.084054 0.164711 0.164711 0.000000 0.084054 0.000011 0.000000 0.164711 0.164711 0.084054 0.084054 1.000000
0.084020 0.084020 0.084020 0.084020 0.084020 0.084020 0.084020 0.084020 0.084020 0.000043 0.164647 0.164647 0.000000 0.084020 0.002382 0.000000 0.164647 0.164647 0.084020 0.084020 1.000000
0.084054 0.084054 0.084054 0.084054 0.084054 0.084054 0.084054 0.084054 0.084054 0.084054 0.164711 0.164711 0.000000 0.084054 0.000011 0.000000 0.164711 0.164711 0.084054 0.084054 1.000000
0.084088 0.084088 0.084088 0.084088 0.084088 0.084088 0.084088 0.084088 0.084088 0.084088 0.164775 0.164775 0.000000 0.084088 0.084088 0.000000 0.164775 0.164775 0.084088 0.084088 1.000000
0.084054 0.084054 0.084054 0.084054 0.084054 0.084054 0.084054 0.084054 0.084054 0.084054 0.164711 0.164711 0.000000 0.084054 0.000011 0.000000 0.164711 0.164711 0.084054 0.084054 1.000000
0.084054 0.084054 0.084054 0.084054 0.084054 0.084054 0.084054 0.084054 0.084054 0.084054 0.164711 0.164711 0.000000 0.084054 0.000011 0.000000 0.164711 0.164711 0.084054 0.084054 1.000000
0.084031 0.084031 0.084031 0.084031 0.084031 0.084031 0.084031 0.084031 0.084031 0.084031 0.133010 0.164667 0.000000 0.084031 0.000011 0.000000 0.164667 0.164667 0.084031 0.084031 1.000000
0.084054 0.084054 0.084054 0.084054 0.084054 0.084054 0.084054 0.084054 0.084054 0.084054 0.164711 0.164711 0.000000 0.084054 0.000011 0.000000 0.164711 0.164711 0.084054 0.084054 1.000000
0.084054 0.084054 0.084054 0.084054 0.084054 0.084054 0.084054 0.084054 0.084054 0.084054 0.164711 0.164711 0.000000 0.084054 0.000011 0.000000 0.164711 0.164711 0.084054 0.084054 1.000000
0.084054 0.084054 0.084054 0.084054 0.084054 0.084054 0.084054 0.084054 0.084054 0.084054 0.164711 0.164711 0.000000 0.084054 0.000011 0.000000 0.164711 0.164711 0.084054 0.084054 1.000000
0.083988 0.083988 0.083988 0.083988 0.083988 0.083988 0.083988 0.083988 0.083988 0.083988 0.164587 0.164587 0.000000 0.083988 0.083988 0.000001 0.164587 0.000028 0.083988 0.001524 1.000000
0.084054 0.084054 0.084054 0.084054 0.084054 0.084054 0.084054 0.084054 0.084054 0.084054 0.164711 0.164711 0.000000 0.084054 0.000011 0.000000 0.164711 0.164711 0.084054 0.084054 1.000000
0.084054 0.084054 0.084054 0.084054 0.084054 0.084054 0.084054 0.084054 0.084054 0.084054 0.164711 0.164711 0.000000 0.084054 0.000011 0.000000 0.164711 0.164711 0.084054 0.084054 1.000000
0.084054 0.084054 0.084054 0.084054 0.084054 0.084054 0.084054 0.084054 0.084054 0.084054 0.164711 0.164711 0.000000 0.084054 0.000011 0.000000 0.164711 0.164711 0.084054 0.084054 1.000000
0.084054 0.084054 0.084054 0.084054 0.084054 0.084054 0.084054 0.084054 0.084054 0.084054 0.164711 0.164711 0.000000 0.084054 0.000011 0.000000 0.164711 0.164711 0.084054 0.084054 1.000000
0.084054 0.084054 0.084054 0.084054 0.084054 0.084054 0.084054 0.084054 0.084054 0.084054 0.164711 0.164711 0.000000 0.084054 0.000011 0.000000 0.164711 0.164711 0.084054 0.084054 1.000000
0.084054 0.084054 0.084054 0.084054 0.084054 0.084054 0.084054 0.084054 0.084054 0.084054 0.164711 0.164711 0.000000 0.084054 0.000011 0.000000 0.164711 0.164711 0.084054 0.084054 1.000000
0.084054 0.084054 0.084054 0.084054 0.084054 0.084054 0.084054 0.084054 0.084054 0.084054 0.164711 0.164711 0.000000 0.084054 0.000011 0.000000 0.164711 0.164711 0.084054 0.084054 1.000000
0.084054 0.084054 0.084054 0.084054 0.084054 0.084054 0.084054 0.084054 0.084054 0.084054 0.164711 0.164711 0.000000 0.084054 0.000011 0.000000 0.164711 0.164711 0.084054 0.084054 1.000000
0.084029 0.084029 0.084029 0.084029 0.084029 0.084029 0.084029 0.084029 0.084029 0.084029 0.164664 0.164664 0.000000 0.043248 0.000022 0.000000 0.164664 0.164664 0.084029 0.084029 1.000000
0.084054 0.084054 0.084054 0.084054 0.084054 0.084054 0.084054 0.084054 0.084054 0.084054 0.164711 0.164711 0.000000 0.084054 0.000011 0.000000 0.164711 0.164711 0.084054 0.084054 1.000000
0.084054 0.084054 0.084054 0.084054 0.084054 0.084054 0.084054 0.084054 0.084054 0.084054 0.164711 0.164711 0.000000 0.084054 0.000011 0.000000 0.164711 0.164711 0.084054 0.084054 1.000000
0.084054 0.084054 0.084054 0.084054 0.084054 0.084054 0.084054 0.084054 0.084054 0.084054 0.164711 0.164711 0.000000 0.084054 0.000011 0.000000 0.164711 0.164711 0.084054 0.084054 1.000000
0.084054 0.084054 0.084054 0.084054 0.084054 0.084054 0.084054 0.084054 0.084054 0.084054 0.164711 0.164711 0.000000 0.084054 0.000011 0.000000 0.164711 0.164711 0.084054 0.084054 1.000000
0.084054 0.084054 0.084054 0.084054 0.084054 0.084054 0.084054 0.084054 0.084054 0.084054 0.164711 0.164711 0.000000 0.084054 0.000011 0.000000 0.164711 0.164711 0.084054 0.084054 1.000000
0.084054 0.084054 0.084054 0.084054 0.084054 0.084054 0.084054 0.084054 0.084054 0.084054 0.164711 0.164711 0.000000 0.084054 0.000011 0.000000 0.164711 0.164711 0.084054 0.084054 1.000000
0.084054 0.084054 0.084054 0.084054 0.084054 0.084054 0.084054 0.084054 0.084054 0.084054 0.164711 0.164711 0.000000 0.084054 0.000011 0.000000 0.164711 0.164711 0.084054 0.084054 1.000000
0.084054 0.084054 0.084054 0.084054 0.084054 0.084054 0.084054 0.084054 0.084054 0.084054 0.164711 0.164711 0.000000 0.084054 0.000011 0.000000 0.164711 0.164711 0.084054 0.084054 1.000000
0.084031 0.084031 0.084031 0.084031 0.084031 0.084031 0.084031 0.084031 0.084031 0.084031 0.164667 0.164667 0.000000 0.084031 0.000011 0.000000 0.133010 0.164667 0.084031 0.084031 1.000000
0.084031 0.084031 0.084031 0.084031 0.084031 0.084031 0.084031 0.084031 0.084031 0.084031 0.164667 0.164667 0.000000 0.084031 0.000011 0.000000 0.133010 0.164667 0.084031 0.084031 1.000000
0.084020 0.084020 0.084020 0.084020 0.084020 0.084020 0.084020 0.084020 0.000131 0.084020 0.164647 0.164647 0.000000 0.084020 0.000256 0.000000 0.164647 0.164647 0.084020 0.084020 1.000000
0.084031 0.084031 0.084031 0.084031 0.084031 0.084031 0.084031 0.084031 0.084031 0.084031 0.133010 0.164667 0.000000 0.084031 0.000011 0.000000 0.164667 0.164667 0.084031 0.084031 1.000000
0.084054 0.084054 0.084054 0.084054 0.084054 0.084054 0.084054 0.084054 0.084054 0.084054 0.164711 0.164711 0.000000 0.084054 0.000011 0.000000 0.164711 0.164711 0.084054 0.084054 1.000000
0.084054 0.084054 0.084054 0.084054 0.084054 0.084054 0.084054 0.084054 0.084054 0.084054 0.164711 0.164711 0.000000 0.084054 0.000011 0.000000 0.164711 0.164711 0.084054 0.084054 1.000000
0.083999 0.083999 0.083999 0.083999 0.083999 0.083999 0.083999 0.083999 0.083999 0.083999 0.164607 0.164607 0.000000 0.083999 0.083999 0.000001 0.000022 0.132960 0.083999 0.083999 1.000000
0.084054 0.084054 0.084054 0.084054 0.084054 0.084054 0.084054 0.084054 0.084054 0.084054 0.164711 0.164711 0.000000 0.084054 0.000011 0.000000 0.164711 0.164711 0.084054 0.084054 1.000000
0.084054 0.084054 0.084054 0.084054 0.084054 0.084054 0.084054 0.084054 0.084054 0.084054 0.164711 0.164711 0.000000 0.084054 0.000011 0.000000 0.164711 0.164711 0.084054 0.084054 1.000000
0.084054 0.084054 0.084054 0.084054 0.084054 0.084054 0.084054 0.084054 0.084054 0.084054 0.164711 0.164711 0.000000 0.084054 0.000011 0.000000 0.164711 0.164711 0.084054 0.084054 1.000000
0.084054 0.084054 0.084054 0.084054 0.084054 0.084054 0.084054 0.084054 0.084054 0.084054 0.164711 0.164711 0.000000 0.084054 0.000011 0.000000 0.164711 0.164711 0.084054 0.084054 1.000000
0.084054 0.084054 0.084054 0.084054 0.084054 0.084054 0.084054 0.084054 0.084054 0.084054 0.164711 0.164711 0.000000 0.084054 0.000011 0.000000 0.164711 0.164711 0.084054 0.084054 1.000000
0.084054 0.084054 0.084054 0.084054 0.084054 0.084054 0.084054 0.084054 0.084054 0.084054 0.164711 0.164711 0.000000 0.084054 0.000011 0.000000 0.164711 0.164711 0.084054 0.084054 1.000000
0.084054 0.084054 0.084054 0.084054 0.084054 0.084054 0.084054 0.084054 0.084054 0.084054 0.164711 0.164711 0.000000 0.084054 0.000011 0.000000 0.164711 0.164711 0.084054 0.084054 1.000000
0.084054 0.084054 0.084054 0.084054 0.084054 0.084054 0.084054 0.084054 0.084054 0.084054 0.164711 0.164711 0.000000 0.084054 0.000011 0.000000 0.164711 0.164711 0.084054 0.084054 1.000000
0.084054 0.084054 0.084054 0.084054 0.084054 0.084054 0.084054 0.084054 0.084054 0.084054 0.164711 0.164711 0.000000 0.084054 0.000011 0.000000 0.164711 0.164711 0.084054 0.084054 1.000000
0.084054 0.084054 0.084054 0.084054 0.084054 0.084054 0.084054 0.084054 0.084054 0.084054 0.164711 0.164711 0.000000 0.084054 0.000011 0.000000 0.164711 0.164711 0.084054 0.084054 1.000000
0.084054 0.084054 0.084054 0.084054 0.084054 0.084054 0.084054 0.084054 0.084054 0.084054 0.164711 0.164711 0.000000 0.084054 0.000011 0.000000 0.164711 0.164711 0.084054 0.084054 1.000000
0.084054 0.084054 0.084054 0.084054 0.084054 0.084054 0.084054 0.084054 0.084054 0.084054 0.164711 0.164711 0.000000 0.084054 0.000011 0.000000 0.164711 0.164711 0.084054 0.084054 1.000000
0.084054 0.084054 0.084054 0.084054 0.084054 0.084054 0.084054 0.084054 0.084054 0.084054 0.164711 0.164711 0.000000 0.084054 0.000011 0.000000 0.164711 0.164711 0.084054 0.084054 1.000000
0.084054 0.084054 0.084054 0.084054 0.084054 0.084054 0.084054 0.084054 0.084054 0.084054 0.164711 0.164711 0.000000 0.084054 0.000011 0.000000 0.164711 0.164711 0.084054 0.084054 1.000000
0.084031 0.084031 0.084031 0.084031 0.084031 0.084031 0.084031 0.084031 0.084031 0.084031 0.133010 0.164667 0.000000 0.084031 0.000011 0.000000 0.164667 0.164667 0.084031 0.084031 1.000000
0.084054 0.084054 0.084054 0.084054 0.084054 0.084054 0.084054 0.084054 0.084054 0.084054 0.164711 0.164711 0.000000 0.084054 0.000011 0.000000 0.164711 0.164711 0.084054 0.084054 1.000000
0.084054 0.084054 0.084054 0.084054 0.084054 0.084054 0.084054 0.084054 0.084054 0.084054 0.164711 0.164711 0.000000 0.084054 0.000011 0.000000 0.164711 0.164711 0.084054 0.084054 1.000000
0.084020 0.084020 0.084020 0.084020 0.084020 0.084020 0.084020 0.084020 0.000067 0.084020 0.164647 0.164647 0.000000 0.084020 0.000499 0.000000 0.164647 0.164647 0.084020 0.084020 1.000000
0.084054 0.084054 0.084054 0.084054 0.084054 0.084054 0.084054 0.084054 0.084054 0.084054 0.164711 0.164711 0.000000 0.084054 0.000011 0.000000 0.164711 0.164711 0.084054 0.084054 1.000000
0.084054 0.084054 0.084054 0.084054 0.084054 0.084054 0.084054 0.084054 0.084054 0.084054 0.164711 0.164711 0.000000 0.084054 0.000011 0.000000 0.164711 0.164711 0.084054 0.084054 1.000000
0.084054 0.084054 0.084054 0.084054 0.084054 0.084054 0.084054 0.084054 0.084054 0.084054 0.164711 0.164711 0.000000 0.084054 0.000011 0.000000 0.164711 0.164711 0.084054 0.084054 1.000000
0.084054 0.084054 0.084054 0.084054 0.084054 0.084054 0.084054 0.084054 0.084054 0.084054 0.164711 0.164711 0.000000 0.084054 0.000011 0.000000 0.164711 0.164711 0.084054 0.084054 1.000000
0.084054 0.084054 0.084054 0.084054 0.084054 0.084054 0.084054 0.084054 0.084054 0.084054 0.164711 0.164711 0.000000 0.084054 0.000011 0.000000 0.164711 0.164711 0.084054 0.084054 1.000000
0.084054 0.084054 0.084054 0.084054 0.084054 0.084054 0.084054 0.084054 0.084054 0.084054 0.164711 0.164711 0.000000 0.084054 0.000011 0.000000 0.164711 0.164711 0.084054 0.084054 1.000000
0.084065 0.084065 0.084065 0.084065 0.084065 0.084065 0.084065 0.084065 0.084065 0.084065 0.164732 0.164732 0.000000 0.084065 0.084065 0.000000 0.164732 0.133063 0.084065 0.084065 1.000000
0.084054 0.084054 0.084054 0.084054 0.084054 0.084054 0.084054 0.084054 0.084054 0.084054 0.164711 0.164711 0.000000 0.084054 0.000011 0.000000 0.164711 0.164711 0.084054 0.084054 1.000000
0.084054 0.084054 0.084054 0.084054 0.084054 0.084054 0.084054 0.084054 0.084054 0.084054 0.164711 0.164711 0.000000 0.084054 0.000011 0.000000 0.164711 0.164711 0.084054 0.084054 1.000000
0.084054 0.084054 0.084054 0.084054 0.084054 0.084054 0.084054 0.084054 0.084054 0.084054 0.164711 0.164711 0.000000 0.084054 0.000011 0.000000 0.164711 0.164711 0.084054 0.084054 1.000000
0.084054 0.084054 0.084054 0.084054 0.084054 0.084054 0.084054 0.084054 0.084054 0.084054 0.164711 0.164711 0.000000 0.084054 0.000011 0.000000 0.164711 0.164711 0.084054 0.084054 1.000000
0.084054 0.084054 0.084054 0.084054 0.084054 0.084054 0.084054 0.084054 0.084054 0.084054 0.164711 0.164711 0.000000 0.084054 0.000011 0.000000 0.164711 0.164711 0.084054 0.084054 1.000000
0.084054 0.084054 0.084054 0.084054 0.084054 0.084054 0.084054 0.084054 0.084054 0.084054 0.164711 0.164711 0.000000 0.084054 0.000011 0.000000 0.164711 0.164711 0.084054 0.084054 1.000000
0.084054 0.084054 0.084054 0.084054 0.084054 0.084054 0.084054 0.084054 0.084054 0.084054 0.164711 0.164711 0.000000 0.084054 0.000011 0.000000 0.164711 0.164711 0.084054 0.084054 1.000000
0.084054 0.084054 0.084054 0.084054 0.084054 0.084054 0.084054 0.084054 0.084054 0.084054 0.164711 0.164711 0.000000 0.084054 0.000011 0.000000 0.164711 0.164711 0.084054 0.084054 1.000000
0.084054 0.084054 0.084054 0.084054 0.084054 0.084054 0.084054 0.084054 0.084054 0.084054 0.164711 0.164711 0.000000 0.084054 0.000011 0.000000 0.164711 0.164711 0.084054 0.084054 1.000000
0.084054 0.084054 0.084054 0.084054 0.084054 0.084054 0.084054 0.084054 0.084054 0.084054 0.164711 0.164711 0.000000 0.084054 0.000011 0.000000 0.164711 0.164711 0.084054 0.084054 1.000000
0.084054 0.084054 0.084054 0.084054 0.084054 0.084054 0.084054 0.084054 0.084054 0.084054 0.164711 0.164711 0.000000 0.084054 0.000011 0.000000 0.164711 0.164711 0.084054 0.084054 1.000000
0.084054 0.084054 0.084054 0.084054 0.084054 0.084054 0.084054 0.084054 0.084054 0.084054 0.164711 0.164711 0.000000 0.084054 0.000011 0.000000 0.164711 0.164711 0.084054 0.084054 1.000000
0.084054 0.084054 0.084054 0.084054 0.084054 0.084054 0.084054 0.084054 0.084054 0.084054 0.164711 0.164711 0.000000 0.084054 0.000011 0.000000 0.164711 0.164711 0.084054 0.084054 1.000000
0.084054 0.084054 0.084054 0.084054 0.084054 0.084054 0.084054 0.084054 0.084054 0.084054 0.164711 0.164711 0.000000 0.084054 0.000011 0.000000 0.164711 0.164711 0.084054 0.084054 1.000000
0.084054 0.084054 0.084054 0.084054 0.084054 0.084054 0.084054 0.084054 0.084054 0.084054 0.164711 0.164711 0.000000 0.084054 0.000011 0.000000 0.164711 0.164711 0.084054 0.084054 1.000000
0.084088 0.084088 0.084088 0.084088 0.084088 0.084088 0.084088 0.084088 0.084088 0.084088 0.164775 0.164775 0.000000 0.084088 0.084088 0.000000 0.164775 0.164775 0.084088 0.084088 1.000000
0.084054 0.084054 0.084054 0.084054 0.084054 0.084054 0.084054 0.084054 0.084054 0.084054 0.164711 0.164711 0.000000 0.084054 0.000011 0.000000 0.164711 0.164711 0.084054 0.084054 1.000000
0.084054 0.084054 0.084054 0.084054 0.084054 0.084054 0.084054 0.084054 0.084054 0.084054 0.164711 0.164711 0.000000 0.084054 0.000011 0.000000 0.164711 0.164711 0.084054 0.084054 1.000000
0.084054 0.084054 0.084054 0.084054 0.084054 0.084054 0.084054 0.084054 0.084054 0.084054 0.164711 0.164711 0.000000 0.084054 0.000011 0.000000 0.164711 0.164711 0.084054 0.084054 1.000000
0.084054 0.084054 0.084054 0.084054 0.084054 0.084054 0.084054 0.084054 0.084054 0.084054 0.164711 0.164711 0.000000 0.084054 0.000011 0.000000 0.164711 0.164711 0.084054 0.084054 1.000000
0.084054 0.084054 0.084054 0.084054 0.084054 0.084054 0.084054 0.084054 0.084054 0.084054 0.164711 0.164711 0.000000 0.084054 0.000011 0.000000 0.164711 0.164711 0.084054 0.084054 1.000000
0.084054 0.084054 0.084054 0.084054 0.084054 0.084054 0.084054 0.084054 0.084054 0.084054 0.164711 0.164711 0.000000 0.084054 0.000011 0.000000 0.164711 0.164711 0.084054 0.084054 1.000000
0.084054 0.084054 0.084054 0.084054 0.084054 0.084054 0.084054 0.084054 0.084054 0.084054 0.164711 0.164711 0.000000 0.084054 0.000011 0.000000 0.164711 0.164711 0.084054 0.084054 1.000000
0.084054 0.084054 0.084054 0.084054 0.084054 0.084054 0.084054 0.084054 0.084054 0.084054 0.164711 0.164711 0.000000 0.084054 0.000011 0.000000 0.164711 0.164711 0.084054 0.084054 1.000000
0.084054 0.084054 0.084054 0.084054 0.084054 0.084054 0.084054 0.084054 0.084054 0.084054 0.164711 0.164711 0.000000 0.084054 0.000011 0.000000 0.164711 0.164711 0.084054 0.084054 1.000000
0.084054 0.084054 0.084054 0.084054 0.084054 0.084054 0.084054 0.084054 0.084054 0.084054 0.164711 0.164711 0.000000 0.084054 0.000011 0.000000 0.164711 0.164711 0.084054 0.084054 1.000000
0.084054 0.084054 0.084054 0.084054 0.084054 0.084054 0.084054 0.084054 0.084054 0.084054 0.164711 0.164711 0.000000 0.084054 0.000011 0.000000 0.164711 0.164711 0.084054 0.084054 1.000000
0.084020 0.084020 0.084020 0.084020 0.084020 0.084020 0.084020 0.084020 0.084020 0.000976 0.164647 0.164647 0.000000 0.084020 0.000105 0.000000 0.164647 0.164647 0.084020 0.084020 1.000000
0.084054 0.084054 0.084054 0.084054 0.084054 0.084054 0.084054 0.084054 0.084054 0.084054 0.164711 0.164711 0.000000 0.084054 0.000011 0.000000 0.164711 0.164711 0.084054 0.084054 1.000000
0.084054 0.084054 0.084054 0.084054 0.084054 0.084054 0.084054 0.084054 0.084054 0.084054 0.164711 0.164711 0.000000 0.084054 0.000011 0.000000 0.164711 0.164711 0.084054 0.084054 1.000000
0.084054 0.084054 0.084054 0.084054 0.084054 0.084054 0.084054 0.084054 0.084054 0.084054 0.164711 0.164711 0.000000 0.084054 0.000011 0.000000 0.164711 0.164711 0.084054 0.084054 1.000000
0.084054 0.084054 0.084054 0.084054 0.084054 0.084054 0.084054 0.084054 0.084054 0.084054 0.164711 0.164711 0.000000 0.084054 0.000011 0.000000 0.164711 0.164711 0.084054 0.084054 1.000000
0.084054 0.084054 0.084054 0.084054 0.084054 0.084054 0.084054 0.084054 0.084054 0.084054 0.164711 0.164711 0.000000 0.084054 0.000011 0.000000 0.164711 0.164711 0.084054 0.084054 1.000000
0.084054 0.084054 0.084054 0.084054 0.084054 0.084054 0.084054 0.084054 0.084054 0.084054 0.164711 0.164711 0.000000 0.084054 0.000011 0.000000 0.164711 0.164711 0.084054 0.084054 1.000000
0.084054 0.084054 0.084054 0.084054 0.084054 0.084054 0.084054 0.084054 0.084054 0.084054 0.164711 0.164711 0.000000 0.084054 0.000011 0.000000 0.164711 0.164711 0.084054 0.084054 1.000000
0.084054 0.084054 0.084054 0.084054 0.084054 0.084054 0.084054 0.084054 0.084054 0.084054 0.164711 0.164711 0.000000 0.084054 0.000011 0.000000 0.164711 0.164711 0.084054 0.084054 1.000000
0.084054 0.084054 0.084054 0.084054 0.084054 0.084054 0.084054 0.084054 0.084054 0.084054 0.164711 0.164711 0.000000 0.084054 0.000011 0.000000 0.164711 0.164711 0.084054 0.084054 1.000000
0.084054 0.084054 0.084054 0.084054 0.084054 0.084054 0.084054 0.084054 0.084054 0.084054 0.164711 0.164711 0.000000 0.084054 0.000011 0.000000 0.164711 0.164711 0.084054 0.084054 1.000000
0.084054 0.084054 0.084054 0.084054 0.084054 0.084054 0.084054 0.084054 0.084054 0.084054 0.164711 0.164711 0.000000 0.084054 0.000011 0.000000 0.164711 0.164711 0.084054 0.084054 1.000000
0.084054 0.084054 0.084054 0.084054 0.084054 0.084054 0.084054 0.084054 0.084054 0.084054 0.164711 0.164711 0.000000 0.084054 0.000011 0.000000 0.164711 0.164711 0.084054 0.084054 1.000000
0.084054 0.084054 0.084054 0.084054 0.084054 0.084054 0.084054 0.084054 0.084054 0.084054 0.164711 0.164711 0.000000 0.084054 0.000011 0.000000 0.164711 0.164711 0.084054 0.084054 1.000000
0.084054 0.084054 0.084054 0.084054 0.084054 0.084054 0.084054 0.084054 0.084054 0.084054 0.164711 0.164711 0.000000 0.084054 0.000011 0.000000 0.164711 0.164711 0.084054 0.084054 1.000000
0.084054 0.084054 0.084054 0.084054 0.084054 0.084054 0.084054 0.084054 0.084054 0.084054 0.164711 0.164711 0.000000 0.084054 0.000011 0.000000 0.164711 0.164711 0.084054 0.084054 1.000000
0.084054 0.084054 0.084054 0.084054 0.084054 0.084054 0.084054 0.084054 0.084054 0.084054 0.164711 0.164711 0.000000 0.084054 0.000011 0.000000 0.164711 0.164711 0.084054 0.084054 1.000000
0.084054 0.084054 0.084054 0.084054 0.084054 0.084054 0.084054 0.084054 0.084054 0.084054 0.164711 0.164711 0.000000 0.084054 0.000011 0.000000 0.164711 0.164711 0.084054 0.084054 1.000000
0.084054 0.084054 0.084054 0.084054 0.084054 0.084054 0.084054 0.084054 0.084054 0.084054 0.164711 0.164711 0.000000 0.084054 0.000011 0.000000 0.164711 0.164711 0.084054 0.084054 1.000000
0.084054 0.084054 0.084054 0.084054 0.084054 0.084054 0.084054 0.084054 0.084054 0.084054 0.164711 0.164711 0.000000 0.084054 0.000011 0.000000 0.164711 0.164711 0.084054 0.084054 1.000000
0.084020 0.084020 0.084020 0.084020 0.084020 0.084020 0.084020 0.084020 0.000004 0.084020 0.164648 0.164648 0.000000 0.084020 0.009085 0.000000 0.164648 0.164648 0.084020 0.084020 1.000000
0.084054 0.084054 0.084054 0.084054 0.084054 0.084054 0.084054 0.084054 0.084054 0.084054 0.164711 0.164711 0.000000 0.084054 0.000011 0.000000 0.164711 0.164711 0.084054 0.084054 1.000000
0.084054 0.084054 0.084054 0.084054 0.084054 0.084054 0.084054 0.084054 0.084054 0.084054 0.164711 0.164711 0.000000 0.084054 0.000011 0.000000 0.164711 0.164711 0.084054 0.084054 1.000000
0.084054 0.084054 0.084054 0.084054 0.084054 0.084054 0.084054 0.084054 0.084054 0.084054 0.164711 0.164711 0.000000 0.084054 0.000011 0.000000 0.164711 0.164711 0.084054 0.084054 1.000000
0.084054 0.084054 0.084054 0.084054 0.084054 0.084054 0.084054 0.084054 0.084054 0.084054 0.164711 0.164711 0.000000 0.084054 0.000011 0.000000 0.164711 0.164711 0.084054 0.084054 1.000000
0.084054 0.084054 0.084054 0.084054 0.084054 0.084054 0.084054 0.084054 0.084054 0.084054 0.164711 0.164711 0.000000 0.084054 0.000011 0.000000 0.164711 0.164711 0.084054 0.084054 1.000000
0.084054 0.084054 0.084054 0.084054 0.084054 0.084054 0.084054 0.084054 0.084054 0.084054 0.164711 0.164711 0.000000 0.084054 0.000011 0.000000 0.164711 0.164711 0.084054 0.084054 1.000000
0.084054 0.084054 0.084054 0.084054 0.084054 0.084054 0.084054 0.084054 0.084054 0.084054 0.164711 0.164711 0.000000 0.084054 0.000011 0.000000 0.164711 0.164711 0.084054 0.084054 1.000000
0.084054 0.084054 0.084054 0.084054 0.084054 0.084054 0.084054 0.084054 0.084054 0.084054 0.164711 0.164711 0.000000 0.084054 0.000011 0.000000 0.164711 0.164711 0.084054 0.084054 1.000000
0.084054 0.084054 0.084054 0.084054 0.084054 0.084054 0.084054 0.084054 0.084054 0.084054 0.164711 0.164711 0.000000 0.084054 0.000011 0.000000 0.164711 0.164711 0.084054 0.084054 1.000000
0.084054 0.084054 0.084054 0.084054 0.084054 0.084054 0.084054 0.084054 0.084054 0.084054 0.164711 0.164711 0.000000 0.084054 0.000011 0.000000 0.164711 0.164711 0.084054 0.084054 1.000000
0.084054 0.084054 0.084054 0.084054 0.084054 0.084054 0.084054 0.084054 0.084054 0.084054 0.164711 0.164711 0.000000 0.084054 0.000011 0.000000 0.164711 0.164711 0.084054 0.084054 1.000000
0.084054 0.084054 0.084054 0.084054 0.084054 0.084054 0.084054 0.084054 0.084054 0.084054 0.164711 0.164711 0.000000 0.084054 0.000011 0.000000 0.164711 0.164711 0.084054 0.084054 1.000000
0.084054 0.084054 0.084054 0.084054 0.084054 0.084054 0.084054 0.084054 0.084054 0.084054 0.164711 0.164711 0.000000 0.084054 0.000011 0.000000 0.164711 0.164711 0.084054 0.084054 1.000000
0.084054 0.084054 0.084054 0.084054 0.084054 0.084054 0.084054 0.084054 0.084054 0.084054 0.164711 0.164711 0.000000 0.084054 0.000011 0.000000 0.164711 0.164711 0.084054 0.084054 1.000000
0.084054 0.084054 0.084054 0.084054 0.084054 0.084054 0.084054 0.084054 0.084054 0.084054 0.164711 0.164711 0.000000 0.084054 0.000011 0.000000 0.164711 0.164711 0.084054 0.084054 1.000000
0.084054 0.084054 0.084054 0.084054 0.084054 0.084054 0.084054 0.084054 0.084054 0.084054 0.164711 0.164711 0.000000 0.084054 0.000011 0.000000 0.164711 0.164711 0.084054 0.084054 1.000000
0.084054 0.084054 0.084054 0.084054 0.084054 0.084054 0.084054 0.084054 0.084054 0.084054 0.164711 0.164711 0.000000 0.084054 0.000011 0.000000 0.164711 0.164711 0.084054 0.084054 1.000000
0.084054 0.084054 0.084054 0.084054 0.084054 0.084054 0.084054 0.084054 0.084054 0.084054 0.164711 0.164711 0.000000 0.084054 0.000011 0.000000 0.164711 0.164711 0.084054 0.084054 1.000000
0.084054 0.084054 0.084054 0.084054 0.084054 0.084054 0.084054 0.084054 0.084054 0.084054 0.164711 0.164711 0.000000 0.084054 0.000011 0.000000 0.164711 0.164711 0.084054 0.084054 1.000000
0.084558 0.084558 0.084558 0.084558 0.084558 0.084558 0.084558 0.084558 0.002397 0.084558 0.165660 0.165660 0.000000 0.084558 0.000035 0.000000 0.165660 0.165660 0.084558 0.084558 1.000000
0.084054 0.084054 0.084054 0.084054 0.084054 0.084054 0.084054 0.084054 0.084054 0.084054 0.164711 0.164711 0.000000 0.084054 0.000011 0.000000 0.164711 0.164711 0.084054 0.084054 1.000000
0.084054 0.084054 0.084054 0.084054 0.084054 0.084054 0.084054 0.084054 0.084054 0.084054 0.164711 0.164711 0.000000 0.084054 0.000011 0.000000 0.164711 0.164711 0.084054 0.084054 1.000000
0.084054 0.084054 0.084054 0.084054 0.084054 0.084054 0.084054 0.084054 0.084054 0.084054 0.164711 0.164711 0.000000 0.084054 0.000011 0.000000 0.164711 0.164711 0.084054 0.084054 1.000000
0.084054 0.084054 0.084054 0.084054 0.084054 0.084054 0.084054 0.084054 0.084054 0.084054 0.164711 0.164711 0.000000 0.084054 0.000011 0.000000 0.164711 0.164711 0.084054 0.084054 1.000000
0.084054 0.084054 0.084054 0.084054 0.084054 0.084054 0.084054 0.084054 0.084054 0.084054 0.164711 0.164711 0.000000 0.084054 0.000011 0.000000 0.164711 0.164711 0.084054 0.084054 1.000000
0.084054 0.084054 0.084054 0.084054 0.084054 0.084054 0.084054 0.084054 0.084054 0.084054 0.164711 0.164711 0.000000 0.084054 0.000011 0.000000 0.164711 0.164711 0.084054 0.084054 1.000000
0.084054 0.084054 0.084054 0.084054 0.084054 0.084054 0.084054 0.084054 0.084054 0.084054 0.164711 0.164711 0.000000 0.084054 0.000011 0.000000 0.164711 0.164711 0.084054 0.084054 1.000000
0.084054 0.084054 0.084054 0.084054 0.084054 0.084054 0.084054 0.084054 0.084054 0.084054 0.164711 0.164711 0.000000 0.084054 0.000011 0.000000 0.164711 0.164711 0.084054 0.084054 1.000000
0.084054 0.084054 0.084054 0.084054 0.084054 0.084054 0.084054 0.084054 0.084054 0.084054 0.164711 0.164711 0.000000 0.084054 0.000011 0.000000 0.164711 0.164711 0.084054 0.084054 1.000000
0.084054 0.084054 0.084054 0.084054 0.084054 0.084054 0.084054 0.084054 0.084054 0.084054 0.164711 0.164711 0.000000 0.084054 0.000011 0.000000 0.164711 0.164711 0.084054 0.084054 1.000000
0.084054 0.084054 0.084054 0.084054 0.084054 0.084054 0.084054 0.084054 0.084054 0.084054 0.164711 0.164711 0.000000 0.084054 0.000011 0.000000 0.164711 0.164711 0.084054 0.084054 1.000000
0.084054 0.084054 0.084054 0.084054 0.084054 0.084054 0.084054 0.084054 0.084054 0.084054 0.164711 0.164711 0.000000 0.084054 0.000011 0.000000 0.164711 0.164711 0.084054 0.084054 1.000000
0.084054 0.084054 0.084054 0.084054 0.084054 0.084054 0.084054 0.084054 0.084054 0.084054 0.164711 0.164711 0.000000 0.084054 0.000011 0.000000 0.164711 0.164711 0.084054 0.084054 1.000000
0.084054 0.084054 0.084054 0.084054 0.084054 0.084054 0.084054 0.084054 0.084054 0.084054 0.164711 0.164711 0.000000 0.084054 0.000011 0.000000 0.164711 0.164711 0.084054 0.084054 1.000000
0.084054 0.084054 0.084054 0.084054 0.084054 0.084054 0.084054 0.084054 0.084054 0.084054 0.164711 0.164711 0.000000 0.084054 0.000011 0.000000 0.164711 0.164711 0.084054 0.084054 1.000000
0.084054 0.084054 0.084054 0.084054 0.084054 0.084054 0.084054 0.084054 0.084054 0.084054 0.164711 0.164711 0.000000 0.084054 0.000011 0.000000 0.164711 0.164711 0.084054 0.084054 1.000000
0.084054 0.084054 0.084054 0.084054 0.084054 0.084054 0.084054 0.084054 0.084054 0.084054 0.164711 0.164711 0.000000 0.084054 0.000011 0.000000 0.164711 0.164711 0.084054 0.084054 1.000000
0.084054 0.084054 0.084054 0.084054 0.084054 0.084054 0.084054 0.084054 0.084054 0.084054 0.164711 0.164711 0.000000 0.084054 0.000011 0.000000 0.164711 0.164711 0.084054 0.084054 1.000000
0.084054 0.084054 0.084054 0.084054 0.084054 0.084054 0.084054 0.084054 0.084054 0.084054 0.164711 0.164711 0.000000 0.084054 0.000011 0.000000 0.164711 0.164711 0.084054 0.084054 1.000000
0.084054 0.084054 0.084054 0.084054 0.084054 0.084054 0.084054 0.084054 0.084054 0.084054 0.164711 0.164711 0.000000 0.084054 0.000011 0.000000 0.164711 0.164711 0.084054 0.084054 1.000000
0.084054 0.084054 0.084054 0.084054 0.084054 0.084054 0.084054 0.084054 0.084054 0.084054 0.164711 0.164711 0.000000 0.084054 0.000011 0.000000 0.164711 0.164711 0.084054 0.084054 1.000000
0.084054 0.084054 0.084054 0.084054 0.084054 0.084054 0.084054 0.084054 0.084054 0.084054 0.164711 0.164711 0.000000 0.084054 0.000011 0.000000 0.164711 0.164711 0.084054 0.084054 1.000000
0.084054 0.084054 0.084054 0.084054 0.084054 0.084054 0.084054 0.084054 0.084054 0.084054 0.164711 0.164711 0.000000 0.084054 0.000011 0.000000 0.164711 0.164711 0.084054 0.084054 1.000000
0.084054 0.084054 0.084054 0.084054 0.084054 0.084054 0.084054 0.084054 0.084054 0.084054 0.164711 0.164711 0.000000 0.084054 0.000011 0.000000 0.164711 0.164711 0.084054 0.084054 1.000000
0.084054 0.084054 0.084054 0.084054 0.084054 0.084054 0.084054 0.084054 0.084054 0.084054 0.164711 0.164711 0.000000 0.084054 0.000011 0.000000 0.164711 0.164711 0.084054 0.084054 1.000000
0.084054 0.084054 0.084054 0.084054 0.084054 0.084054 0.084054 0.084054 0.084054 0.084054 0.164711 0.164711 0.000000 0.084054 0.000011 0.000000 0.164711 0.164711 0.084054 0.084054 1.000000
0.084054 0.084054 0.084054 0.084054 0.084054 0.084054 0.084054 0.084054 0.084054 0.084054 0.164711 0.164711 0.000000 0.084054 0.000011 0.000000 0.164711 0.164711 0.084054 0.084054 1.000000
0.084054 0.084054 0.084054 0.084054 0.084054 0.084054 0.084054 0.084054 0.084054 0.084054 0.164711 0.164711 0.000000 0.084054 0.000011 0.000000 0.164711 0.164711 0.084054 0.084054 1.000000
0.084054 0.084054 0.084054 0.084054 0.084054 0.084054 0.084054 0.084054 0.084054 0.084054 0.164711 0.164711 0.000000 0.084054 0.000011 0.000000 0.164711 0.164711 0.084054 0.084054 1.000000
0.084054 0.084054 0.084054 0.084054 0.084054 0.084054 0.084054 0.084054 0.084054 0.084054 0.164711 0.164711 0.000000 0.084054 0.000011 0.000000 0.164711 0.164711 0.084054 0.084054 1.000000
0.084054 0.084054 0.084054 0.084054 0.084054 0.084054 0.084054 0.084054 0.084054 0.084054 0.164711 0.164711 0.000000 0.084054 0.000011 0.000000 0.164711 0.164711 0.084054 0.084054 1.000000
0.084054 0.084054 0.084054 0.084054 0.084054 0.084054 0.084054 0.084054 0.084054 0.084054 0.164711 0.164711 0.000000 0.084054 0.000011 0.000000 0.164711 0.164711 0.084054 0.084054 1.000000
0.084054 0.084054 0.084054 0.084054 0.084054 0.084054 0.084054 0.084054 0.084054 0.084054 0.164711 0.164711 0.000000 0.084054 0.000011 0.000000 0.164711 0.164711 0.084054 0.084054 1.000000
0.084054 0.084054 0.084054 0.084054 0.084054 0.084054 0.084054 0.084054 0.084054 0.084054 0.164711 0.164711 0.000000 0.084054 0.000011 0.000000 0.164711 0.164711 0.084054 0.084054 1.000000
0.084054 0.084054 0.084054 0.084054 0.084054 0.084054 0.084054 0.084054 0.084054 0.084054 0.164711 0.164711 0.000000 0.084054 0.000011 0.000000 0.164711 0.164711 0.084054 0.084054 1.000000
0.084054 0.084054 0.084054 0.084054 0.084054 0.084054 0.084054 0.084054 0.084054 0.084054 0.164711 0.164711 0.000000 0.084054 0.000011 0.000000 0.164711 0.164711 0.084054 0.084054 1.000000
0.084054 0.084054 0.084054 0.084054 0.084054 0.084054 0.084054 0.084054 0.084054 0.084054 0.164711 0.164711 0.000000 0.084054 0.000011 0.000000 0.164711 0.164711 0.084054 0.084054 1.000000
0.084054 0.084054 0.084054 0.084054 0.084054 0.084054 0.084054 0.084054 0.084054 0.084054 0.164711 0.164711 0.000000 0.084054 0.000011 0.000000 0.164711 0.164711 0.084054 0.084054 1.000000
0.084054 0.084054 0.084054 0.084054 0.084054 0.084054 0.084054 0.084054 0.084054 0.084054 0.164711 0.164711 0.000000 0.084054 0.000011 0.000000 0.164711 0.164711 0.084054 0.084054 1.000000
0.084054 0.084054 0.084054 0.084054 0.084054 0.084054 0.084054 0.084054 0.084054 0.084054 0.164711 0.164711 0.000000 0.084054 0.000011 0.000000 0.164711 0.164711 0.084054 0.084054 1.000000
0.084054 0.084054 0.084054 0.084054 0.084054 0.084054 0.084054 0.084054 0.084054 0.084054 0.164711 0.164711 0.000000 0.084054 0.000011 0.000000 0.164711 0.164711 0.084054 0.084054 1.000000
0.084054 0.084054 0.084054 0.084054 0.084054 0.084054 0.084054 0.084054 0.084054 0.084054 0.164711 0.164711 0.000000 0.084054 0.000011 0.000000 0.164711 0.164711 0.084054 0.084054 1.000000
0.084054 0.084054 0.084054 0.084054 0.084054 0.084054 0.084054 0.084054 0.084054 0.084054 0.164711 0.164711 0.000000 0.084054 0.000011 0.000000 0.164711 0.164711 0.084054 0.084054 1.000000
0.084054 0.084054 0.084054 0.084054 0.084054 0.084054 0.084054 0.084054 0.084054 0.084054 0.164711 0.164711 0.000000 0.084054 0.000011 0.000000 0.164711 0.164711 0.084054 0.084054 1.000000
0.084054 0.084054 0.084054 0.084054 0.084054 0.084054 0.084054 0.084054 0.084054 0.084054 0.164711 0.164711 0.000000 0.084054 0.000011 0.000000 0.164711 0.164711 0.084054 0.084054 1.000000
0.084054 0.084054 0.084054 0.084054 0.084054 0.084054 0.084054 0.084054 0.084054 0.084054 0.164711 0.164711 0.000000 0.084054 0.000011 0.000000 0.164711 0.164711 0.084054 0.084054 1.000000
0.084054 0.084054 0.084054 0.084054 0.084054 0.084054 0.084054 0.084054 0.084054 0.084054 0.164711 0.164711 0.000000 0.084054 0.000011 0.000000 0.164711 0.164711 0.084054 0.084054 1.000000
0.084054 0.084054 0.084054 0.084054 0.084054 0.084054 0.084054 0.084054 0.084054 0.084054 0.164711 0.164711 0.000000 0.084054 0.000011 0.000000 0.164711 0.164711 0.084054 0.084054 1.000000
0.084054 0.084054 0.084054 0.084054 0.084054 0.084054 0.084054 0.084054 0.084054 0.084054 0.164711 0.164711 0.000000 0.084054 0.000011 0.000000 0.164711 0.164711 0.084054 0.084054 1.000000
0.084054 0.084054 0.084054 0.084054 0.084054 0.084054 0.084054 0.084054 0.084054 0.084054 0.164711 0.164711 0.000000 0.084054 0.000011 0.000000 0.164711 0.164711 0.084054 0.084054 1.000000
0.084054 0.084054 0.084054 0.084054 0.084054 0.084054 0.084054 0.084054 0.084054 0.084054 0.164711 0.164711 0.000000 0.084054 0.000011 0.000000 0.164711 0.164711 0.084054 0.084054 1.000000
0.084054 0.084054 0.084054 0.084054 0.084054 0.084054 0.084054 0.084054 0.084054 0.084054 0.164711 0.164711 0.000000 0.084054 0.000011 0.000000 0.164711 0.164711 0.084054 0.084054 1.000000
0.084054 0.084054 0.084054 0.084054 0.084054 0.084054 0.084054 0.084054 0.084054 0.084054 0.164711 0.164711 0.000000 0.084054 0.000011 0.000000 0.164711 0.164711 0.084054 0.084054 1.000000
0.084054 0.084054 0.084054 0.084054 0.084054 0.084054 0.084054 0.084054 0.084054 0.084054 0.164711 0.164711 0.000000 0.084054 0.000011 0.000000 0.164711 0.164711 0.084054 0.084054 1.000000
0.084054 0.084054 0.084054 0.084054 0.084054 0.084054 0.084054 0.084054 0.084054 0.084054 0.164711 0.164711 0.000000 0.084054 0.000011 0.000000 0.164711 0.164711 0.084054 0.084054 1.000000
0.084054 0.084054 0.084054 0.084054 0.084054 0.084054 0.084054 0.084054 0.084054 0.084054 0.164711 0.164711 0.000000 0.084054 0.000011 0.000000 0.164711 0.164711 0.084054 0.084054 1.000000
0.084054 0.084054 0.084054 0.084054 0.084054 0.084054 0.084054 0.084054 0.084054 0.084054 0.164711 0.164711 0.000000 0.084054 0.000011 0.000000 0.164711 0.164711 0.084054 0.084054 1.000000
0.084054 0.084054 0.084054 0.084054 0.084054 0.084054 0.084054 0.084054 0.084054 0.084054 0.164711 0.164711 0.000000 0.084054 0.000011 0.000000 0.164711 0.164711 0.084054 0.084054 1.000000
0.084054 0.084054 0.084054 0.084054 0.084054 0.084054 0.084054 0.084054 0.084054 0.084054 0.164711 0.164711 0.000000 0.084054 0.000011 0.000000 0.164711 0.164711 0.084054 0.084054 1.000000
0.084054 0.084054 0.084054 0.084054 0.084054 0.084054 0.084054 0.084054 0.084054 0.084054 0.164711 0.164711 0.000000 0.084054 0.000011 0.000000 0.164711 0.164711 0.084054 0.084054 1.000000
0.084054 0.084054 0.084054 0.084054 0.084054 0.084054 0.084054 0.084054 0.084054 0.084054 0.164711 0.164711 0.000000 0.084054 0.000011 0.000000 0.164711 0.164711 0.084054 0.084054 1.000000
0.084054 0.084054 0.084054 0.084054 0.084054 0.084054 0.084054 0.084054 0.084054 0.084054 0.164711 0.164711 0.000000 0.084054 0.000011 0.000000 0.164711 0.164711 0.084054 0.084054 1.000000
0.084054 0.084054 0.084054 0.084054 0.084054 0.084054 0.084054 0.084054 0.084054 0.084054 0.164711 0.164711 0.000000 0.084054 0.000011 0.000000 0.164711 0.164711 0.084054 0.084054 1.000000
0.084054 0.084054 0.084054 0.084054 0.084054 0.084054 0.084054 0.084054 0.084054 0.084054 0.164711 0.164711 0.000000 0.084054 0.000011 0.000000 0.164711 0.164711 0.084054 0.084054 1.000000
0.084054 0.084054 0.084054 0.084054 0.084054 0.084054 0.084054 0.084054 0.084054 0.084054 0.164711 0.164711 0.000000 0.084054 0.000011 0.000000 0.164711 0.164711 0.084054 0.084054 1.000000
0.084054 0.084054 0.084054 0.084054 0.084054 0.084054 0.084054 0.084054 0.084054 0.084054 0.164711 0.164711 0.000000 0.084054 0.000011 0.000000 0.164711 0.164711 0.084054 0.084054 1.000000
0.084054 0.084054 0.084054 0.084054 0.084054 0.084054 0.084054 0.084054 0.084054 0.084054 0.164711 0.164711 0.000000 0.084054 0.000011 0.000000 0.164711 0.164711 0.084054 0.084054 1.000000
0.084054 0.084054 0.084054 0.084054 0.084054 0.084054 0.084054 0.084054 0.084054 0.084054 0.164711 0.164711 0.000000 0.084054 0.000011 0.000000 0.164711 0.164711 0.084054 0.084054 1.000000
0.084054 0.084054 0.084054 0.084054 0.084054 0.084054 0.084054 0.084054 0.084054 0.084054 0.164711 0.164711 0.000000 0.084054 0.000011 0.000000 0.164711 0.164711 0.084054 0.084054 1.000000
0.084054 0.084054 0.084054 0.084054 0.084054 0.084054 0.084054 0.084054 0.084054 0.084054 0.164711 0.164711 0.000000 0.084054 0.000011 0.000000 0.164711 0.164711 0.084054 0.084054 1.000000
0.084054 0.084054 0.084054 0.084054 0.084054 0.084054 0.084054 0.084054 0.084054 0.084054 0.164711 0.164711 0.000000 0.084054 0.000011 0.000000 0.164711 0.164711 0.084054 0.084054 1.000000
0.084054 0.084054 0.084054 0.084054 0.084054 0.084054 0.084054 0.084054 0.084054 0.084054 0.164711 0.164711 0.000000 0.084054 0.000011 0.000000 0.164711 0.164711 0.084054 0.084054 1.000000
0.084054 0.084054 0.084054 0.084054 0.084054 0.084054 0.084054 0.084054 0.084054 0.084054 0.164711 0.164711 0.000000 0.084054 0.000011 0.000000 0.164711 0.164711 0.084054 0.084054 1.000000
0.084054 0.084054 0.084054 0.084054 0.084054 0.084054 0.084054 0.084054 0.084054 0.084054 0.164711 0.164711 0.000000 0.084054 0.000011 0.000000 0.164711 0.164711 0.084054 0.084054 1.000000
0.084054 0.084054 0.084054 0.084054 0.084054 0.084054 0.084054 0.084054 0.084054 0.084054 0.164711 0.164711 0.000000 0.084054 0.000011 0.000000 0.164711 0.164711 0.084054 0.084054 1.000000
0.084054 0.084054 0.084054 0.084054 0.084054 0.084054 0.084054 0.084054 0.084054 0.084054 0.164711 0.164711 0.000000 0.084054 0.000011 0.000000 0.164711 0.164711 0.084054 0.084054 1.000000
0.084054 0.084054 0.084054 0.084054 0.084054 0.084054 0.084054 0.084054 0.084054 0.084054 0.164711 0.164711 0.000000 0.084054 0.000011 0.000000 0.164711 0.164711 0.084054 0.084054 1.000000
0.084054 0.084054 0.084054 0.084054 0.084054 0.084054 0.084054 0.084054 0.084054 0.084054 0.164711 0.164711 0.000000 0.084054 0.000011 0.000000 0.164711 0.164711 0.084054 0.084054 1.000000
0.084054 0.084054 0.084054 0.084054 0.084054 0.084054 0.084054 0.084054 0.084054 0.084054 0.164711 0.164711 0.000000 0.084054 0.000011 0.000000 0.164711 0.164711 0.084054 0.084054 1.000000
0.084054 0.084054 0.084054 0.084054 0.084054 0.084054 0.084054 0.084054 0.084054 0.084054 0.164711 0.164711 0.000000 0.084054 0.000011 0.000000 0.164711 0.164711 0.084054 0.084054 1.000000
0.084054 0.084054 0.084054 0.084054 0.084054 0.084054 0.084054 0.084054 0.084054 0.084054 0.164711 0.164711 0.000000 0.084054 0.000011 0.000000 0.164711 0.164711 0.084054 0.084054 1.000000
0.084054 0.084054 0.084054 0.084054 0.084054 0.084054 0.084054 0.084054 0.084054 0.084054 0.164711 0.164711 0.000000 0.084054 0.000011 0.000000 0.164711 0.164711 0.084054 0.084054 1.000000
0.084054 0.084054 0.084054 0.084054 0.084054 0.084054 0.084054 0.084054 0.084054 0.084054 0.164711 0.164711 0.000000 0.084054 0.000011 0.000000 0.164711 0.164711 0.084054 0.084054 1.000000
0.084054 0.084054 0.084054 0.084054 0.084054 0.084054 0.084054 0.084054 0.084054 0.084054 0.164711 0.164711 0.000000 0.084054 0.000011 0.000000 0.164711 0.164711 0.084054 0.084054 1.000000
0.084054 0.084054 0.084054 0.084054 0.084054 0.084054 0.084054 0.084054 0.084054 0.084054 0.164711 0.164711 0.000000 0.084054 0.000011 0.000000 0.164711 0.164711 0.084054 0.084054 1.000000
0.084054 0.084054 0.084054 0.084054 0.084054 0.084054 0.084054 0.084054 0.084054 0.084054 0.164711 0.164711 0.000000 0.084054 0.000011 0.000000 0.164711 0.164711 0.084054 0.084054 1.000000
0.084054 0.084054 0.084054 0.084054 0.084054 0.084054 0.084054 0.084054 0.084054 0.084054 0.164711 0.164711 0.000000 0.084054 0.000011 0.000000 0.164711 0.164711 0.084054 0.084054 1.000000
0.084054 0.084054 0.084054 0.084054 0.084054 0.084054 0.084054 0.084054 0.084054 0.084054 0.164711 0.164711 0.000000 0.084054 0.000011 0.000000 0.164711 0.164711 0.084054 0.084054 1.000000
0.084054 0.084054 0.084054 0.084054 0.084054 0.084054 0.084054 0.084054 0.084054 0.084054 0.164711 0.164711 0.000000 0.084054 0.000011 0.000000 0.164711 0.164711 0.084054 0.084054 1.000000
0.084054 0.084054 0.084054 0.084054 0.084054 0.084054 0.084054 0.084054 0.084054 0.084054 0.164711 0.164711 0.000000 0.084054 0.000011 0.000000 0.164711 0.164711 0.084054 0.084054 1.000000
0.084054 0.084054 0.084054 0.084054 0.084054 0.084054 0.084054 0.084054 0.084054 0.084054 0.164711 0.164711 0.000000 0.084054 0.000011 0.000000 0.164711 0.164711 0.084054 0.084054 1.000000
0.084054 0.084054 0.084054 0.084054 0.084054 0.084054 0.084054 0.084054 0.084054 0.084054 0.164711 0.164711 0.000000 0.084054 0.000011 0.000000 0.164711 0.164711 0.084054 0.084054 1.000000
0.084054 0.084054 0.084054 0.084054 0.084054 0.084054 0.084054 0.084054 0.084054 0.084054 0.164711 0.164711 0.000000 0.084054 0.000011 0.000000 0.164711 0.164711 0.084054 0.084054 1.000000
0.084054 0.084054 0.084054 0.084054 0.084054 0.084054 0.084054 0.084054 0.084054 0.084054 0.164711 0.164711 0.000000 0.084054 0.000011 0.000000 0.164711 0.164711 0.084054 0.084054 1.000000
0.084054 0.084054 0.084054 0.084054 0.084054 0.084054 0.084054 0.084054 0.084054 0.084054 0.164711 0.164711 0.000000 0.084054 0.000011 0.000000 0.164711 0.164711 0.084054 0.084054 1.000000
0.084054 0.084054 0.084054 0.084054 0.084054 0.084054 0.084054 0.084054 0.084054 0.084054 0.164711 0.164711 0.000000 0.084054 0.000011 0.000000 0.164711 0.164711 0.084054 0.084054 1.000000
0.084054 0.084054 0.084054 0.084054 0.084054 0.084054 0.084054 0.084054 0.084054 0.084054 0.164711 0.164711 0.000000 0.084054 0.000011 0.000000 0.164711 0.164711 0.084054 0.084054 1.000000
0.084054 0.084054 0.084054 0.084054 0.084054 0.084054 0.084054 0.084054 0.084054 0.084054 0.164711 0.164711 0.000000 0.084054 0.000011 0.000000 0.164711 0.164711 0.084054 0.084054 1.000000
0.084054 0.084054 0.084054 0.084054 0.084054 0.084054 0.084054 0.084054 0.084054 0.084054 0.164711 0.164711 0.000000 0.084054 0.000011 0.000000 0.164711 0.164711 0.084054 0.084054 1.000000
0.084054 0.084054 0.084054 0.084054 0.084054 0.084054 0.084054 0.084054 0.084054 0.084054 0.164711 0.164711 0.000000 0.084054 0.000011 0.000000 0.164711 0.164711 0.084054 0.084054 1.000000
