0.000000 0.000000 0.000000 0.000000 0.000000 0.000000 0.000000 0.000000 0.000000 0.000000 0.000000 0.000000 0.000000 0.000000 0.000000 0.000000 0.000000 0.000000 0.000000 0.000000 0.000000
11.880739 11.880739 11.880739 11.880739 11.880739 11.880739 11.880739 11.880739 171.668493 1023.190210 43.968387 35.184936 56.268195 87.902662 1998.416971 807153.984469 28.160722 28.160722 3903.157425 36.028027 1.000000
11.877568 11.877568 11.877568 11.877568 11.877568 11.877568 11.877568 11.877568 335.190874 1022.913242 9.320861 22.538447 214.524912 109.843472 109.843472 413150.973279 43.956497 28.153118 3902.100873 214.524912 1.000000
11.876857 11.876857 11.876857 11.876857 11.876857 11.876857 11.876857 11.876857 137.291911 654.625641 43.953832 22.537085 28.825365 87.873541 56.249561 1260760.182349 54.932055 9.320308 138622.048040 171.611611 1.000000
11.881178 11.881178 11.881178 11.881178 11.881178 11.881178 11.881178 11.881178 70.329888 7623.640233 68.682205 85.846206 36.029378 70.329888 56.270307 330622.686443 43.970036 68.682205 29081.879086 45.024238 1.000000
11.877858 11.877858 11.877858 11.877858 11.877858 11.877858 11.877858 11.877858 171.626284 9526.849278 14.465696 68.662747 23.077840 335.199189 36.019182 645564.410644 18.051108 35.176298 14885.701900 56.254368 1.000000
11.878431 11.878431 11.878431 11.878431 11.878431 11.878431 11.878431 11.878431 268.173807 3902.388496 28.155188 35.178015 87.885350 23.078964 87.885350 1260929.646167 22.540102 14.466397 11909.143881 171.634676 1.000000
11.876616 11.876616 11.876616 11.876616 11.876616 11.876616 11.876616 11.876616 418.953181 3121.426979 11.602222 14.464176 36.015365 45.006718 137.289080 806869.879862 43.952926 18.049204 18605.152772 137.289080 1.000000
11.873889 11.873889 11.873889 11.873889 11.873889 11.873889 11.873889 11.873889 523.568451 6095.116901 28.144296 11.599560 23.070046 44.996247 137.257113 1260440.599106 28.144296 9.317999 18600.820175 87.851272 1.000000
11.880273 11.880273 11.880273 11.880273 11.880273 11.880273 11.880273 11.880273 214.574458 7623.050691 22.543632 35.183538 45.020760 45.020760 36.026596 413246.398916 35.183538 54.948067 29079.630162 87.899166 1.000000
11.805275 11.805275 11.805275 11.805275 11.805275 11.805275 11.805275 11.805275 87.336479 6059.391258 27.979749 43.685405 44.732770 136.452686 55.905906 168181.887681 54.596459 260.252708 36116.785395 22.935333 1.000000
11.879898 11.879898 11.879898 11.879898 11.879898 11.879898 11.879898 11.879898 87.896357 6098.245649 134.109293 18.054232 56.264160 70.322204 56.264160 330586.550173 18.054232 107.290790 29078.700506 56.264160 1.000000
11.878479 11.878479 11.878479 11.878479 11.878479 11.878479 11.878479 11.878479 419.019844 7621.883291 22.540194 18.052058 28.829347 56.257347 23.079058 330546.491200 54.939658 35.178159 23260.141521 171.635377 1.000000
11.881639 11.881639 11.881639 11.881639 11.881639 11.881639 11.881639 11.881639 87.909416 4879.321652 35.187635 68.684904 87.909416 45.026006 70.332651 169285.469232 261.960393 54.954473 11912.405961 70.332651 1.000000
11.879669 11.879669 11.879669 11.879669 11.879669 11.879669 11.879669 11.879669 137.324873 1998.234442 18.053881 22.542475 70.320827 45.018441 214.563396 807080.261781 35.181727 22.542475 23262.504787 109.863175 1.000000
11.879548 11.879548 11.879548 11.879548 11.879548 11.879548 11.879548 11.879548 137.323454 11910.279429 54.944669 22.542243 56.262478 87.893727 23.081156 264461.327172 68.672648 68.672648 36347.288067 28.831972 1.000000
11.878767 11.878767 11.878767 11.878767 11.878767 11.878767 11.878767 11.878767 335.225188 4878.125307 28.155993 28.155993 36.021971 36.021971 23.079623 645614.481643 22.540745 35.179022 36344.864264 214.546872 1.000000
11.880467 11.880467 11.880467 11.880467 11.880467 11.880467 11.880467 11.880467 268.220429 3903.066946 28.160071 35.184121 45.021507 56.266891 87.900625 807135.273737 35.184121 22.544005 18611.272338 70.325618 1.000000
11.874760 11.874760 11.874760 11.874760 11.874760 11.874760 11.874760 11.874760 335.110502 14881.763347 11.600410 22.533064 70.291367 36.009666 56.239493 1260534.381163 18.046361 11.600410 36332.429911 36.009666 1.000000
11.877887 11.877887 11.877887 11.877887 11.877887 11.877887 11.877887 11.877887 523.747280 9526.872904 14.465732 35.176385 56.254507 23.077897 28.827895 645566.011578 28.153885 43.957695 36342.135642 56.254507 1.000000
11.879912 11.879912 11.879912 11.879912 11.879912 11.879912 11.879912 11.879912 268.207713 4878.602268 14.468209 35.182456 56.264226 56.264226 45.019375 169260.510585 107.290914 68.674781 29078.734332 56.264226 1.000000
11.879675 11.879675 11.879675 11.879675 11.879675 11.879675 11.879675 11.879675 214.563515 4878.503738 68.673395 14.467919 45.018466 56.263090 70.320866 413225.322611 22.542487 68.673395 18610.014143 87.894684 1.000000
11.879613 11.879613 11.879613 11.879613 11.879613 11.879613 11.879613 11.879613 109.862655 6098.097333 35.181561 68.673032 87.894219 56.262793 28.832133 1576321.172526 18.053796 22.542368 18609.915732 109.862655 1.000000
11.879894 11.879894 11.879894 11.879894 11.879894 11.879894 11.879894 11.879894 109.865287 7622.804262 85.836795 43.965219 23.081836 45.019306 87.896325 807095.781139 22.542907 35.182403 23262.952102 87.896325 1.000000
11.876458 11.876458 11.876458 11.876458 11.876458 11.876458 11.876458 11.876458 214.504590 4877.163918 35.172100 35.172100 70.301561 45.006115 45.006115 2462338.420214 11.602069 11.602069 18604.903134 137.287238 1.000000
11.805081 11.805081 11.805081 11.805081 11.805081 11.805081 11.805081 11.805081 69.873173 2481.885728 27.979285 14.376652 87.335027 136.450417 69.873173 134543.273077 34.958036 5917.275896 7574.113063 69.873173 1.000000
11.871130 11.871130 11.871130 11.871130 11.871130 11.871130 11.871130 11.871130 418.756919 9521.375789 14.457465 35.156121 18.471158 18.471158 18.471158 211417.010208 9.315853 638.970271 70939.776939 171.527686 1.000000
11.869574 11.869574 11.869574 11.869574 11.869574 11.869574 11.869574 11.869574 1022.214971 23242.455309 11.595348 22.523122 44.979679 14.799227 23.061575 1259976.024655 9.314643 35.151454 88662.930560 23.061575 1.000000
11.864895 11.864895 11.864895 11.864895 11.864895 11.864895 11.864895 11.864895 1596.571309 23233.161268 14.449835 11.590780 14.793363 23.052388 28.795988 2459906.628294 22.514151 7.496282 138480.432189 18.461374 1.000000
11.869846 11.869846 11.869846 11.869846 11.869846 11.869846 11.869846 11.869846 654.233692 3899.527829 22.523644 7.499344 35.994576 35.994576 18.469143 1008004.251812 28.134601 14.455893 660605.666468 23.062109 1.000000
11.866157 11.866157 11.866157 11.866157 11.866157 11.866157 11.866157 11.866157 1277.395172 6091.091271 7.497063 14.451380 44.966558 28.799088 171.454805 3075215.132228 7.497063 18.033181 23235.668632 28.799088 1.000000
11.862754 11.862754 11.862754 11.862754 11.862754 11.862754 11.862754 11.862754 1277.023549 29036.136021 7.494958 35.130999 18.458015 23.048184 28.790730 2459456.384150 9.309338 18.027967 138455.085697 11.862754 1.000000
11.866303 11.866303 11.866303 11.866303 11.866303 11.866303 11.866303 11.866303 109.737821 56728.412821 11.592154 11.592154 28.799446 35.983694 18.463583 4805083.468950 14.451558 7.497153 216401.721207 35.983694 1.000000
11.866417 11.866417 11.866417 11.866417 11.866417 11.866417 11.866417 11.866417 817.551836 14871.159078 6.056193 11.592266 56.199444 35.984046 28.799728 1259636.164575 14.451698 22.517071 70911.212032 28.799728 1.000000
11.876105 11.876105 11.876105 11.876105 11.876105 11.876105 11.876105 11.876105 87.867900 14883.473278 18.048422 18.048422 28.823518 70.299440 18.478963 169205.500367 28.149610 9302.170864 56775.944576 23.074397 1.000000
11.864415 11.864415 11.864415 11.864415 11.864415 11.864415 11.864415 11.864415 1277.204976 29040.261206 11.590312 11.590312 28.794810 28.794810 23.051447 6005385.256187 7.495986 11.590312 70899.075140 18.460622 1.000000
11.872180 11.872180 11.872180 11.872180 11.872180 11.872180 11.872180 11.872180 418.794468 4875.381690 18.042408 7.500788 28.813878 28.813878 36.001742 135319.019473 22.528118 998.479130 216510.431150 28.813878 1.000000
11.866018 11.866018 11.866018 11.866018 11.866018 11.866018 11.866018 11.866018 817.523903 18588.313695 35.140789 11.591876 28.798746 18.463136 28.798746 6006208.071957 9.311877 7.496977 70908.789234 35.982819 1.000000
11.781349 11.781349 11.781349 11.781349 11.781349 11.781349 11.781349 11.781349 1585.167757 6046.932868 7.444618 7.444618 18.330287 22.888356 11.781349 2442336.668454 22.353979 11.509220 2000762.198798 14.688666 1.000000
11.869673 11.869673 11.869673 11.869673 11.869673 11.869673 11.869673 11.869673 817.779344 11900.237973 7.499237 18.038568 28.807723 35.994044 44.980060 3076139.395891 11.595445 14.455682 45395.804959 44.980060 1.000000
11.867809 11.867809 11.867809 11.867809 11.867809 11.867809 11.867809 11.867809 1596.969036 23238.948962 9.313270 11.593624 23.058109 18.465946 14.797015 412806.658523 18.035711 133.970884 138514.929532 23.058109 1.000000
11.864117 11.864117 11.864117 11.864117 11.864117 11.864117 11.864117 11.864117 18585.293884 70.227494 14.448884 9.310399 35.976982 18.460154 18.460154 6005232.318474 9.310399 9.310399 2015021.594745 28.794079 1.000000
11.866921 11.866921 11.866921 11.866921 11.866921 11.866921 11.866921 11.866921 1021.983196 23237.185338 18.034351 18.034351 23.056366 23.056366 18.464553 6006671.614492 11.592758 7.497535 88642.827217 28.800963 1.000000
11.875540 11.875540 11.875540 11.875540 11.875540 11.875540 11.875540 11.875540 654.551998 11906.203780 18.047555 22.534559 23.073287 87.863658 36.012061 645436.595652 14.462860 43.948892 56773.203370 18.478076 1.000000
11.867800 11.867800 11.867800 11.867800 11.867800 11.867800 11.867800 11.867800 1277.574580 11898.333265 11.593616 11.593616 44.972867 18.465933 87.805592 2460517.632290 22.519721 9.313263 56735.673832 14.797004 1.000000
11.862294 11.862294 11.862294 11.862294 11.862294 11.862294 11.862294 11.862294 1596.216323 18582.396461 9.308980 18.027263 28.789600 14.790104 35.971382 6004296.110389 9.308980 7.494674 88607.770964 23.047282 1.000000
11.863026 11.863026 11.863026 11.863026 11.863026 11.863026 11.863026 11.863026 1995.395016 18583.559624 9.309550 9.309550 11.863026 56.183161 23.048719 3074392.037712 9.309550 18.028384 70890.653891 28.791398 1.000000
11.869097 11.869097 11.869097 11.869097 11.869097 11.869097 11.869097 11.869097 1277.716232 23241.508666 22.522209 9.314272 28.806309 23.060639 18.467968 1968632.354761 11.594883 22.522209 110824.149251 18.467968 1.000000
11.867005 11.867005 11.867005 11.867005 11.867005 11.867005 11.867005 11.867005 29046.690539 3118.864965 22.518197 9.312645 35.985850 23.056531 11.867005 211342.488945 9.312645 638.745045 18589.881976 28.801170 1.000000
11.870764 11.870764 11.870764 11.870764 11.870764 11.870764 11.870764 11.870764 109.779666 29056.024520 43.930986 9.315569 35.997396 18.470584 14.800719 135302.657667 28.136803 9297.927943 110839.937164 18.470584 1.000000
11.874331 11.874331 11.874331 11.874331 11.874331 11.874331 11.874331 11.874331 171.574595 1597.859285 18.045704 18.045704 137.262299 56.237435 2496.654555 1969512.856683 9.318343 18.045704 6095.347222 23.070915 1.000000
11.850771 11.850771 11.850771 11.850771 11.850771 11.850771 11.850771 11.850771 1993.304221 14851.270082 7.487548 7.487548 18.439214 28.761303 18.439214 9372469.046141 9.300018 6.048524 270143.027868 18.439214 1.000000
11.853586 11.853586 11.853586 11.853586 11.853586 11.853586 11.853586 11.853586 1276.022563 23210.700997 6.049904 7.489289 18.443631 28.768217 18.443631 211100.095424 1557.644416 7.489289 172933.198174 14.779192 1.000000
11.855691 11.855691 11.855691 11.855691 11.855691 11.855691 11.855691 11.855691 334.564696 45341.566260 11.581795 6.050936 11.855691 18.446934 11.855691 135128.397467 22.496507 11607.441043 270256.794923 14.781830 1.000000
11.861147 11.861147 11.861147 11.861147 11.861147 11.861147 11.861147 11.861147 11.861147 138436.064679 18.025506 7.493964 18.455494 14.788667 14.788667 168989.336764 28.113739 9290.287144 660114.596712 23.045030 1.000000
11.844439 11.844439 11.844439 11.844439 11.844439 11.844439 11.844439 11.844439 136.911853 215997.292693 6.045420 6.045420 23.012227 11.844439 18.429279 5995129.189975 11.570810 7.483632 823964.281801 14.767729 1.000000
11.859967 11.859967 11.859967 11.859967 11.859967 11.859967 11.859967 11.859967 11.859967 422430.706379 35.122642 11.585969 14.787188 18.453642 14.787188 2458870.331620 43.890497 9.307170 1289156.208425 14.787188 1.000000
11.853572 11.853572 11.853572 11.853572 11.853572 11.853572 11.853572 11.853572 1595.025964 36266.677370 7.489280 7.489280 18.443609 14.779175 11.853572 211099.845725 7.489280 1246.114347 172932.993620 23.030159 1.000000
11.851663 11.851663 11.851663 11.851663 11.851663 11.851663 11.851663 11.851663 214.050369 3114.775161 7.488099 6.048961 11.851663 11.851663 14.776782 135081.825921 107.032192 1557.388062 11997676.267044 14.776782 1.000000
11.851429 11.851429 11.851429 11.851429 11.851429 11.851429 11.851429 11.851429 1275.787005 11.851429 11.577634 9.300529 14.776489 14.776489 2491.770364 4798974.385301 6.048846 14.433360 9597948.770602 14.776489 1.000000
11.862087 11.862087 11.862087 11.862087 11.862087 11.862087 11.862087 11.862087 1276.950808 45366.378235 14.446401 14.446401 11.862087 18.456969 14.789845 4803352.130476 9.308820 11.588039 173058.998925 23.046876 1.000000
11.846742 11.846742 11.846742 11.846742 11.846742 11.846742 11.846742 11.846742 11.846742 270049.855315 11.573058 6.046549 18.432892 14.770615 14.770615 210976.449467 6.046549 18122.739068 824126.755712 18.432892 1.000000
11.851076 11.851076 11.851076 11.851076 11.851076 11.851076 11.851076 11.851076 334.432602 138316.845799 9.300255 7.487737 18.439693 14.776047 18.439693 5998536.987933 9.300255 7.487737 527636.893432 11.851076 1.000000
11.850602 11.850602 11.850602 11.850602 11.850602 11.850602 11.850602 11.850602 214.030937 6082.992463 7.487443 9.299886 14.775453 11.850602 18.438949 135069.562178 18128.729812 6.048441 3931041.637292 14.775453 1.000000
11.848104 11.848104 11.848104 11.848104 11.848104 11.848104 11.848104 11.848104 11.848104 816.272051 7.485898 7.485898 14.772322 14.772322 1275.423949 35744970.447256 11.574388 7.485898 14992527.252681 14.772322 1.000000
11.858354 11.858354 11.858354 11.858354 11.858354 11.858354 11.858354 11.858354 11.858354 110722.397077 22.501611 9.305915 11.858354 44.936594 18.451111 211186.212675 11610.084909 7.492237 527965.531677 18.451111 1.000000
11.853438 11.853438 11.853438 11.853438 11.853438 11.853438 11.853438 11.853438 11.853438 422194.817260 9.302092 7.489197 18.443398 18.443398 18.443398 1965997.820990 9.302092 209.065531 1288436.331964 11.853438 1.000000
11.853076 11.853076 11.853076 11.853076 11.853076 11.853076 11.853076 11.853076 3115.151711 36265.135194 9.301810 6.049653 18.442830 14.778552 14.778552 4799650.675381 9.301810 11.579242 172925.639951 18.442830 1.000000
11.843149 11.843149 11.843149 11.843149 11.843149 11.843149 11.843149 11.843149 70.101650 11.843149 28.070578 6.044788 18.427255 23.009694 334.205685 170372994.087107 6.044788 6.044788 139569556.756158 14.766113 1.000000
11.848931 11.848931 11.848931 11.848931 11.848931 11.848931 11.848931 11.848931 3114.046779 36252.272087 9.298586 7.486410 18.436327 14.773358 18.436327 7496794.152196 7.486410 7.486410 216080.379847 11.848931 1.000000
11.847090 11.847090 11.847090 11.847090 11.847090 11.847090 11.847090 11.847090 3113.556120 23197.798465 6.046720 6.046720 28.752263 14.771052 23.017432 7495612.932984 7.485271 9.297155 138269.653458 18.433439 1.000000
11.854498 11.854498 11.854498 11.854498 11.854498 11.854498 11.854498 11.854498 1993.940134 2492.424942 11.580630 6.050351 28.770456 18.445062 23.031977 3840188.045635 14.437115 7.489853 2013364.510070 11.854498 1.000000
11.851350 11.851350 11.851350 11.851350 11.851350 11.851350 11.851350 11.851350 2491.753520 45324.725209 9.300468 6.048808 11.851350 18.440122 18.440122 4798941.944861 11.577557 9.300468 216125.131551 14.776390 1.000000
11.866498 11.866498 11.866498 11.866498 11.866498 11.866498 11.866498 11.866498 171.459804 1995.987431 7.497274 9.312250 35.984294 18.463890 18.463890 135253.335353 22.517225 4758.803887 2519289.689985 23.055536 1.000000
11.779219 11.779219 11.779219 11.779219 11.779219 11.779219 11.779219 11.779219 18.326946 11.779219 54.474297 11.507141 11.779219 18.326946 3869.327467 169440071.086501 6.013456 17.899988 23287666.046350 18.326946 1.000000
11.850771 11.850771 11.850771 11.850771 11.850771 11.850771 11.850771 11.850771 1594.643580 3114.537339 9.300017 6.048524 18.439214 28.761303 18.439214 9372468.916010 7.487548 7.487548 1610177.899082 18.439214 1.000000
11.844043 11.844043 11.844043 11.844043 11.844043 11.844043 11.844043 11.844043 171.130730 1992.156374 6.045226 7.483387 14.767233 11.844043 14.767233 134993.732754 6.045226 28310.237697 18734143.784374 14.767233 1.000000
11.908505 11.908505 11.908505 11.908505 11.908505 11.908505 11.908505 11.908505 11.908505 662787.892318 6.076825 11.633353 18.529797 11.908505 11.908505 56140318.183372 6.076825 6.076825 2022668.128409 14.848013 1.000000
11.853632 11.853632 11.853632 11.853632 11.853632 11.853632 11.853632 11.853632 171.271257 2492.240257 7.489317 6.049926 18.443703 11.853632 11.853632 168880.741630 35.103645 5941.963020 9599758.733659 18.443703 1.000000
11.840689 11.840689 11.840689 11.840689 11.840689 11.840689 11.840689 11.840689 1991.584148 9496.610966 6.043582 9.292176 14.763030 11.840689 11.840689 11705476.625670 7.481313 6.043582 1287030.765859 28.736544 1.000000
11.856869 11.856869 11.856869 11.856869 11.856869 11.856869 11.856869 11.856869 11.856869 11887.217576 9.304761 9.304761 14.783306 14.783306 14.783306 211159.400941 18.018952 7429.511067 23443402.878544 14.783306 1.000000
11.852068 11.852068 11.852068 11.852068 11.852068 11.852068 11.852068 11.852068 11.852068 138328.581114 7.488350 9.301026 11.852068 28.764487 11.852068 168858.131240 11.578258 18131.003838 1610356.628743 14.777289 1.000000
11.855937 11.855937 11.855937 11.855937 11.855937 11.855937 11.855937 11.855937 1021.023710 56678.147215 9.304035 9.304035 14.782137 11.855937 11.855937 168914.041517 14.438875 1246.366440 337828.083025 11.855937 1.000000
11.841902 11.841902 11.841902 11.841902 11.841902 11.841902 11.841902 11.841902 11.841902 337422.445980 7.482063 7.482063 11.841902 18.425299 14.764550 210889.028741 35381.307900 6.044177 1029731.585625 11.841902 1.000000
11.906946 11.906946 11.906946 11.906946 11.906946 11.906946 11.906946 11.906946 3911.890205 71156.863669 6.076061 6.076061 14.846060 11.906946 11.906946 9417532.490486 7.522289 6.076061 271441.893219 11.906946 1.000000
11.856397 11.856397 11.856397 11.856397 11.856397 11.856397 11.856397 11.856397 137.052047 1595.411503 9.304394 7.491027 14.782715 11.856397 11.856397 168920.697124 11608.142002 11.582484 18753964.727587 23.035705 1.000000
11.854629 11.854629 11.854629 11.854629 11.854629 11.854629 11.854629 11.854629 214.104706 11884.939552 14.437275 7.489934 14.780499 14.780499 14.780499 168895.148076 6.050415 22668.723088 1030854.175233 18.445267 1.000000
11.853952 11.853952 11.853952 11.853952 11.853952 11.853952 11.853952 11.853952 334.514913 9507.400788 9.302492 6.050083 14.779651 14.779651 11.853952 135108.289828 14.436447 9284.571087 2013270.405247 14.779651 1.000000
11.850483 11.850483 11.850483 11.850483 11.850483 11.850483 11.850483 11.850483 11.850483 216109.091374 35.094200 9.299793 14.775303 14.775303 14.775303 168835.227638 6.048383 28325.850859 824390.759925 11.850483 1.000000
11.850881 11.850881 11.850881 11.850881 11.850881 11.850881 11.850881 11.850881 171.230933 2491.653436 7.487616 6.048578 14.775802 14.775802 14.775802 135072.781677 11.577099 22661.452382 11996872.976787 11.850881 1.000000
11.848244 11.848244 11.848244 11.848244 11.848244 11.848244 11.848244 11.848244 2491.091067 56640.844063 9.298052 9.298052 14.772497 18.435249 11.848244 9370441.614657 7.485985 7.485985 216067.672909 11.848244 1.000000
11.843015 11.843015 11.843015 11.843015 11.843015 11.843015 11.843015 11.843015 11.843015 421818.257933 7.482751 7.482751 18.427044 11.843015 11.843015 1571395.463985 509.948944 6.044722 2011386.193900 18.427044 1.000000
11.764289 11.764289 11.764289 11.764289 11.764289 11.764289 11.764289 11.764289 11.764289 212.449677 7.434069 9.232752 18.303518 14.667286 331.948279 135377745.527080 6.006139 6.006139 173283514.274662 11.764289 1.000000
11.846742 11.846742 11.846742 11.846742 11.846742 11.846742 11.846742 11.846742 11.846742 56633.559433 11.573058 6.046549 18.432892 14.770615 18.432892 210976.449463 18122.739068 6.046549 3929742.601854 14.770615 1.000000
11.839537 11.839537 11.839537 11.839537 11.839537 11.839537 11.839537 11.839537 11.839537 337354.077263 7.480600 11.566025 14.761586 18.421587 14.761586 55810550.455065 6.043017 6.043017 2513483.742328 14.761586 1.000000
11.841712 11.841712 11.841712 11.841712 11.841712 11.841712 11.841712 11.841712 267.332990 9497.442925 7.481946 6.044083 11.841712 18.425000 11.841712 168708.475104 6.044083 22643.668266 3142440.227751 11.841712 1.000000
11.838612 11.838612 11.838612 11.838612 11.838612 11.838612 11.838612 11.838612 11.838612 18544.766681 6.042564 6.042564 11.838612 14.760427 18.420136 263536.984269 22637.654618 7.480028 23406786.221720 11.838612 1.000000
11.851027 11.851027 11.851027 11.851027 11.851027 11.851027 11.851027 11.851027 214.038726 18564.494929 6.048649 9.300217 14.775986 11.851027 18.439616 168843.097303 28327.171170 9.300217 1030536.482524 11.851027 1.000000
11.849884 11.849884 11.849884 11.849884 11.849884 11.849884 11.849884 11.849884 11.849884 6082.618431 14.431469 7.486999 14.774552 11.849884 14.774552 14643370.824197 11.576126 9.299327 218203229.072639 14.774552 1.000000
11.850169 11.850169 11.850169 11.850169 11.850169 11.850169 11.850169 11.850169 171.220497 2491.501576 6.048228 7.487175 14.774909 14.774909 18.438269 135064.549315 22660.071221 7.487175 9596913.436939 14.774909 1.000000
11.836667 11.836667 11.836667 11.836667 11.836667 11.836667 11.836667 11.836667 1990.897834 14833.341097 7.478826 9.289047 11.836667 11.836667 11.836667 11701442.832075 6.041611 6.041611 2010292.571191 14.757989 1.000000
11.841018 11.841018 11.841018 11.841018 11.841018 11.841018 11.841018 11.841018 213.855370 3889.921723 9.292432 6.043743 11.841018 11.841018 11.841018 168698.452175 6.043743 18113.858429 14983432.465345 11.841018 1.000000
11.835764 11.835764 11.835764 11.835764 11.835764 11.835764 11.835764 11.835764 11.835764 23175.302743 6.041168 7.478267 11.835764 11.835764 14.756858 263472.687724 6.041168 22632.131587 29251344.426692 11.835764 1.000000
11.836191 11.836191 11.836191 11.836191 11.836191 11.836191 11.836191 11.836191 11.836191 526964.641891 9.288677 6.041377 11.836191 11.836191 11.836191 168628.685410 28291.198824 6.041377 1608168.462796 11.836191 1.000000
11.849119 11.849119 11.849119 11.849119 11.849119 11.849119 11.849119 11.849119 11.849119 172867.083759 7.486526 7.486526 14.773593 11.849119 14.773593 211019.389352 18.007078 28322.543037 1609950.175075 11.849119 5.270638
11.900397 11.900397 11.900397 11.900397 11.900397 11.900397 11.900397 11.900397 11.900397 827912.820643 6.072851 6.072851 11.900397 11.900397 11.900397 87658679.567191 6.072851 7.518239 3158236.773077 11.900397 1.000000
11.838386 11.838386 11.838386 11.838386 11.838386 11.838386 11.838386 11.838386 11.838386 823537.174742 7.479889 6.042453 11.838386 14.760144 11.838386 22857748.325801 7.479889 22.463331 2513236.006900 11.838386 1.000000
11.833654 11.833654 11.833654 11.833654 11.833654 11.833654 11.833654 11.833654 22.991051 823203.206373 9.286703 6.040134 11.833654 11.833654 11.833654 44625935.237287 7.476962 6.040134 2009773.453058 11.833654 1.000000
11.835718 11.835718 11.835718 11.835718 11.835718 11.835718 11.835718 11.835718 11.835718 823348.885386 7.478239 6.041146 11.835718 11.835718 14.756800 7488314.489680 6.041146 85.513131 2512661.393386 11.835718 1.000000
11.847234 11.847234 11.847234 11.847234 11.847234 11.847234 11.847234 11.847234 11.847234 270061.238105 9.297266 7.485360 11.847234 11.847234 11.847234 263731.677837 14.428227 9279.233592 2515141.275725 11.847234 1.000000
11.909752 11.909752 11.909752 11.909752 11.909752 11.909752 11.909752 11.909752 11.909752 339383.441509 7.524024 6.077437 11.909752 11.909752 11.909752 212114.650946 6.077437 22775.637264 2528603.684203 11.909752 1.000000
11.903849 11.903849 11.903849 11.903849 11.903849 11.903849 11.903849 11.903849 424016.045271 11.903849 6.074543 6.074543 14.842178 11.903849 14.842178 9415047.525359 6.074543 7.520374 12051260.832460 11.903849 1.000000
11.852014 11.852014 11.852014 11.852014 11.852014 11.852014 11.852014 11.852014 653.236760 9505.823779 11.578205 6.049133 18.441164 14.777221 14.777221 211071.686225 1557.434793 7.488316 2012936.460690 11.852014 1.000000
11.835624 11.835624 11.835624 11.835624 11.835624 11.835624 11.835624 11.835624 2488.399587 11865.612044 7.478180 6.041099 11.835624 11.835624 18.415447 9360317.391227 7.478180 6.041099 2010112.853775 11.835624 1.000000
11.849783 11.849783 11.849783 11.849783 11.849783 11.849783 11.849783 11.849783 11.849783 172876.921384 9.299249 7.486937 11.849783 14.774427 11.849783 168825.118539 11.576028 18127.459126 2515690.304831 14.774427 1.000000
11.900566 11.900566 11.900566 11.900566 11.900566 11.900566 11.900566 11.900566 11.900566 662339.781311 6.072933 6.072933 14.838065 14.838065 11.900566 109574925.204286 6.072933 6.072933 2526625.752675 11.900566 1.000000
11.907530 11.907530 11.907530 11.907530 11.907530 11.907530 11.907530 11.907530 11.907530 828416.075004 6.076347 6.076347 11.907530 11.907530 11.907530 28741456.263667 22.595886 6.076347 2528125.228890 14.846791 1.000000
11.838612 11.838612 11.838612 11.838612 11.838612 11.838612 11.838612 11.838612 11.838612 23180.958328 6.042564 7.480028 18.420136 11.838612 14.760427 263536.984285 22637.654620 6.042564 18725428.978512 11.838612 1.000000
11.847391 11.847391 11.847391 11.847391 11.847391 11.847391 11.847391 11.847391 11.847391 337581.100430 18.004432 7.485458 11.847391 11.847391 14.771429 168790.550219 7.485458 22654.684202 1287769.700727 11.847391 2.942310
11.835319 11.835319 11.835319 11.835319 11.835319 11.835319 11.835319 11.835319 11.835319 23174.417590 6.040950 6.040950 11.835319 11.835319 14.756300 263462.624698 18105.013764 6.040950 23400181.765066 18.414969 1.000000
11.910336 11.910336 11.910336 11.910336 11.910336 11.910336 11.910336 11.910336 110.150781 217216.208616 6.077723 6.077723 14.850308 14.850308 11.910336 9420251.411021 6.077723 7.524386 2022983.586522 14.850308 1.000000
11.908197 11.908197 11.908197 11.908197 11.908197 11.908197 11.908197 11.908197 11.908197 29148.956428 6.076674 6.076674 11.908197 11.908197 14.847628 265108.214030 22772.622227 6.076674 23546339.458366 11.908197 1.000000
11.905405 11.905405 11.905405 11.905405 11.905405 11.905405 11.905405 11.905405 11.905405 3129.101292 6.075305 7.521336 11.905405 11.905405 11.905405 70156870.207320 7.521336 6.075305 669068052.361679 14.844128 1.000000
11.844058 11.844058 11.844058 11.844058 11.844058 11.844058 11.844058 11.844058 11.844058 18553.420078 7.483396 6.045233 11.844058 11.844058 14.767251 168742.372127 9.294796 22648.217848 23417708.344836 18.428680 0.999996
11.844286 11.844286 11.844286 11.844286 11.844286 11.844286 11.844286 11.844286 136.910055 2490.246934 6.045345 9.294973 11.844286 11.844286 11.844286 168745.668810 22648.660321 7.483537 29272707.314345 11.844286 1.000000
11.841715 11.841715 11.841715 11.841715 11.841715 11.841715 11.841715 11.841715 334.164652 14839.758808 7.481948 6.044085 11.841715 11.841715 18.425006 168708.524383 6.044085 22643.674880 1608929.866575 11.841715 2.926792
11.904274 11.904274 11.904274 11.904274 11.904274 11.904274 11.904274 11.904274 11.904274 828186.351029 9.341634 6.074751 14.842711 11.904274 11.904274 70150112.578647 6.074751 6.074751 2527424.166954 11.904274 1.000000
11.844345 11.844345 11.844345 11.844345 11.844345 11.844345 11.844345 11.844345 11.844345 337493.048460 11.570718 7.483574 14.767611 14.767611 11.844345 168746.524235 18119.020127 6.045374 1609292.261397 11.844345 3.629855
11.844673 11.844673 11.844673 11.844673 11.844673 11.844673 11.844673 11.844673 11.844673 172801.296298 7.483777 9.295274 11.844673 14.768022 14.768022 168751.265917 22649.411552 6.045535 2514589.815003 14.768022 1.000000
11.842944 11.842944 11.842944 11.842944 11.842944 11.842944 11.842944 11.842944 11.842944 172775.707935 7.482707 6.044687 14.765856 11.842944 11.842944 263634.808245 9.293929 22646.057634 2514217.455307 14.765856 1.000000
11.842754 11.842754 11.842754 11.842754 11.842754 11.842754 11.842754 11.842754 267.356845 88459.721954 9.293782 6.044594 11.842754 11.842754 14.765617 134978.823773 35383.888805 6.044594 337447.059416 11.842754 1.000000
11.902549 11.902549 11.902549 11.902549 11.902549 11.902549 11.902549 11.902549 11.902549 1035080.788231 9.340292 6.073905 11.902549 11.902549 11.902549 70139802.456060 6.073905 6.073905 2527052.705640 11.902549 1.000000
11.906474 11.906474 11.906474 11.906474 11.906474 11.906474 11.906474 11.906474 11.906474 339288.706613 6.075830 6.075830 11.906474 11.906474 11.906474 265069.302043 22769.279713 6.075830 2527897.854223 11.906474 2.864047
11.904274 11.904274 11.904274 11.904274 11.904274 11.904274 11.904274 11.904274 11.904274 828186.351028 9.341634 6.074751 11.904274 14.842711 11.904274 70150112.578598 6.074751 6.074751 2527424.166952 11.904274 1.000000
11.897112 11.897112 11.897112 11.897112 11.897112 11.897112 11.897112 11.897112 11.897112 1034601.266734 6.071240 6.071240 11.897112 11.897112 11.897112 109542670.024253 6.071240 6.071240 2525881.998861 11.897112 1.000000
11.908197 11.908197 11.908197 11.908197 11.908197 11.908197 11.908197 11.908197 11.908197 29148.956428 6.076674 6.076674 14.847628 11.908197 11.908197 265108.214030 22772.622227 6.076674 23546339.458366 11.908197 2.863508
11.838870 11.838870 11.838870 11.838870 11.838870 11.838870 11.838870 11.838870 334.083212 14836.142104 6.042691 7.480188 11.838870 11.838870 11.838870 134933.925782 18110.525003 6.042691 3141675.278884 11.838870 1.000000
11.908197 11.908197 11.908197 11.908197 11.908197 11.908197 11.908197 11.908197 11.908197 217176.648950 6.076674 6.076674 14.847628 11.908197 11.908197 265108.214048 22772.622228 6.076674 3160336.185031 11.908197 1.000000
11.909752 11.909752 11.909752 11.909752 11.909752 11.909752 11.909752 11.909752 11.909752 530286.626954 6.077437 6.077437 11.909752 11.909752 11.909752 331429.141848 5970.496806 7.524024 2528603.682291 11.909752 1.000000
11.839086 11.839086 11.839086 11.839086 11.839086 11.839086 11.839086 11.839086 11.839086 23181.899630 6.042796 6.042796 11.839086 11.839086 11.839086 168670.518818 17.991707 22638.573860 29259670.868817 11.839086 2.807425
11.892277 11.892277 11.892277 11.892277 11.892277 11.892277 11.892277 11.892277 11.892277 11.892277 6.068870 6.068870 11.892277 11.892277 11.892277 88451390685.131638 6.068870 6.068870 7780266604.100807 11.892277 1.000000
11.909277 11.909277 11.909277 11.909277 11.909277 11.909277 11.909277 11.909277 11.909277 828539.331752 9.345525 6.077204 11.909277 14.848980 11.909277 56144008.967109 7.523731 6.077204 2022801.102907 14.848980 1.000000
11.836191 11.836191 11.836191 11.836191 11.836191 11.836191 11.836191 11.836191 11.836191 269805.896645 9.288677 6.041377 11.836191 11.836191 11.836191 210785.856756 6.041377 22632.959074 3140954.028832 11.836191 1.000000
11.897294 11.897294 11.897294 11.897294 11.897294 11.897294 11.897294 11.897294 11.897294 11.897294 6.071329 7.516320 11.897294 11.897294 11.897294 70791391113.464981 6.071329 6.071329 6226876614.055516 14.833965 1.000000
11.892277 11.892277 11.892277 11.892277 11.892277 11.892277 11.892277 11.892277 11.892277 11.892277 6.068870 6.068870 11.892277 11.892277 11.892277 88451390685.131332 6.068870 6.068870 7780266604.100780 11.892277 1.000000
11.908197 11.908197 11.908197 11.908197 11.908197 11.908197 11.908197 11.908197 11.908197 339338.513980 6.076674 6.076674 14.847628 11.908197 11.908197 265108.214048 22772.622228 6.076674 2022615.158421 11.908197 1.000000
11.841214 11.841214 11.841214 11.841214 11.841214 11.841214 11.841214 11.841214 11.841214 215937.635452 9.292584 7.481638 11.841214 11.841214 14.763688 263595.746399 6.043839 22642.702247 2513844.932515 11.841214 5.276328
11.840232 11.840232 11.840232 11.840232 11.840232 11.840232 11.840232 11.840232 11.840232 215919.476880 6.043358 6.043358 14.762458 11.840232 11.840232 263573.580174 14.419660 11592.088733 3142041.923649 11.840232 2.888979
11.837496 11.837496 11.837496 11.837496 11.837496 11.837496 11.837496 11.837496 11.837496 215868.868300 6.042017 6.042017 14.759029 11.837496 14.759029 210809.441699 18108.393211 7.479339 3141305.471875 11.837496 2.917052
11.900566 11.900566 11.900566 11.900566 11.900566 11.900566 11.900566 11.900566 11.900566 662339.781311 6.072933 6.072933 11.900566 14.838065 14.838065 109574925.204285 6.072933 6.072933 2526625.752675 11.900566 1.000000
11.900397 11.900397 11.900397 11.900397 11.900397 11.900397 11.900397 11.900397 11.900397 1034891.025803 7.518239 6.072851 11.900397 11.900397 11.900397 87658679.567194 6.072851 6.072851 2526589.418462 11.900397 1.000000
11.909752 11.909752 11.909752 11.909752 11.909752 11.909752 11.909752 11.909752 11.909752 339383.441509 7.524024 6.077437 11.909752 11.909752 11.909752 212114.650946 6.077437 22775.637264 2528603.684205 11.909752 1.000000
11.897112 11.897112 11.897112 11.897112 11.897112 11.897112 11.897112 11.897112 11.897112 1034601.266734 6.071240 6.071240 11.897112 11.897112 11.897112 109542670.024252 6.071240 6.071240 2525881.998861 11.897112 1.000000
11.835764 11.835764 11.835764 11.835764 11.835764 11.835764 11.835764 11.835764 11.835764 23175.302743 6.041168 6.041168 14.756858 11.835764 11.835764 263472.687724 22632.131587 7.478267 29251344.426692 11.835764 1.000000
11.842376 11.842376 11.842376 11.842376 11.842376 11.842376 11.842376 11.842376 11.842376 215959.125692 6.044409 7.482356 11.842376 11.842376 11.842376 210897.583684 17.996748 22644.955662 2514095.111835 11.842376 2.860613
11.835764 11.835764 11.835764 11.835764 11.835764 11.835764 11.835764 11.835764 11.835764 269796.032258 7.478267 6.041168 11.835764 11.835764 11.835764 263472.687752 6.041168 22632.131590 2512671.353803 14.756858 2.921305
11.906474 11.906474 11.906474 11.906474 11.906474 11.906474 11.906474 11.906474 11.906474 339288.706613 6.075830 6.075830 11.906474 11.906474 11.906474 265069.302043 22769.279713 6.075830 2527897.854223 11.906474 2.864047
11.897112 11.897112 11.897112 11.897112 11.897112 11.897112 11.897112 11.897112 11.897112 1034601.266734 6.071240 6.071240 11.897112 11.897112 11.897112 109542670.024251 6.071240 6.071240 2525881.998861 11.897112 5.230420
11.908197 11.908197 11.908197 11.908197 11.908197 11.908197 11.908197 11.908197 11.908197 271470.811185 6.076674 6.076674 11.908197 11.908197 14.847628 265108.214048 22772.622228 6.076674 2528268.948026 11.908197 5.231077
11.897112 11.897112 11.897112 11.897112 11.897112 11.897112 11.897112 11.897112 11.897112 1034601.266734 6.071240 6.071240 11.897112 11.897112 11.897112 109542670.024252 6.071240 6.071240 2525881.998861 11.897112 1.000000
11.897112 11.897112 11.897112 11.897112 11.897112 11.897112 11.897112 11.897112 11.897112 1034601.266734 6.071240 6.071240 11.897112 11.897112 11.897112 109542670.024252 6.071240 6.071240 2525881.998861 11.897112 1.000000
11.900566 11.900566 11.900566 11.900566 11.900566 11.900566 11.900566 11.900566 11.900566 827924.726638 6.072933 6.072933 11.900566 11.900566 14.838065 109574925.204291 6.072933 6.072933 2021300.602140 14.838065 1.000000
11.902123 11.902123 11.902123 11.902123 11.902123 11.902123 11.902123 11.902123 11.902123 828034.606042 6.073697 6.073697 11.902123 14.840016 11.902123 87671574.097961 6.073697 7.519306 2526961.078007 11.902123 1.000000
11.902123 11.902123 11.902123 11.902123 11.902123 11.902123 11.902123 11.902123 11.902123 828034.606042 6.073697 6.073697 11.902123 11.902123 14.840016 87671574.097961 7.519306 6.073697 2526961.078007 11.902123 1.000000
11.905391 11.905391 11.905391 11.905391 11.905391 11.905391 11.905391 11.905391 2503.278241 11936.559003 6.075299 6.075299 14.844111 14.844111 11.905391 11770355.843221 6.075299 6.075299 2022131.736357 11.905391 1.000000
11.908684 11.908684 11.908684 11.908684 11.908684 11.908684 11.908684 11.908684 11.908684 828497.486640 7.523364 7.523364 11.908684 11.908684 14.848237 56141173.432016 6.076913 7.523364 2528373.677486 11.908684 1.000000
11.901418 11.901418 11.901418 11.901418 11.901418 11.901418 11.901418 11.901418 11.901418 2502.430997 6.073351 6.073351 11.901418 36.091533 11.901418 109582879.777054 6.073351 6.073351 342446499.303295 11.901418 1.000000
11.898840 11.898840 11.898840 11.898840 11.898840 11.898840 11.898840 11.898840 11.898840 827802.896583 6.072087 6.072087 11.898840 11.898840 14.835901 109558801.130881 6.072087 6.072087 2526253.956855 11.898840 1.000000
11.897112 11.897112 11.897112 11.897112 11.897112 11.897112 11.897112 11.897112 11.897112 1034601.266734 6.071240 6.071240 11.897112 11.897112 11.897112 109542670.024252 6.071240 6.071240 2525881.998861 11.897112 1.000000
11.900666 11.900666 11.900666 11.900666 11.900666 11.900666 11.900666 11.900666 11.900666 529876.331979 6.072982 6.072982 11.900666 11.900666 23.122617 109575857.215575 6.072982 6.072982 2526647.243392 11.900666 1.000000
11.898840 11.898840 11.898840 11.898840 11.898840 11.898840 11.898840 11.898840 11.898840 827802.896583 6.072087 6.072087 14.835901 11.898840 11.898840 109558801.130881 6.072087 6.072087 2526253.956855 11.898840 1.000000
11.897112 11.897112 11.897112 11.897112 11.897112 11.897112 11.897112 11.897112 11.897112 1034601.266734 6.071240 6.071240 11.897112 11.897112 11.897112 109542670.024252 6.071240 6.071240 2525881.998861 11.897112 1.000000
11.838612 11.838612 11.838612 11.838612 11.838612 11.838612 11.838612 11.838612 11.838612 23180.958328 6.042564 7.480028 18.420136 14.760427 11.838612 210829.587423 6.042564 18110.123715 23406786.222390 11.838612 1.000000
11.897112 11.897112 11.897112 11.897112 11.897112 11.897112 11.897112 11.897112 11.897112 1034601.266734 6.071240 6.071240 11.897112 11.897112 11.897112 109542670.024252 6.071240 6.071240 2525881.998861 11.897112 1.000000
11.897112 11.897112 11.897112 11.897112 11.897112 11.897112 11.897112 11.897112 11.897112 827681.013388 6.071240 6.071240 11.897112 11.897112 11.897112 109542670.024249 6.071240 6.071240 3157352.498576 11.897112 1.000000
11.897112 11.897112 11.897112 11.897112 11.897112 11.897112 11.897112 11.897112 11.897112 827681.013388 6.071240 6.071240 11.897112 11.897112 11.897112 109542670.024249 6.071240 6.071240 3157352.498576 11.897112 1.000000
11.897112 11.897112 11.897112 11.897112 11.897112 11.897112 11.897112 11.897112 11.897112 827681.013388 6.071240 6.071240 11.897112 11.897112 11.897112 109542670.024249 6.071240 6.071240 3157352.498576 11.897112 1.000000
11.897112 11.897112 11.897112 11.897112 11.897112 11.897112 11.897112 11.897112 11.897112 827681.013388 6.071240 6.071240 11.897112 11.897112 11.897112 109542670.024249 6.071240 6.071240 3157352.498576 11.897112 1.000000
11.900397 11.900397 11.900397 11.900397 11.900397 11.900397 11.900397 11.900397 11.900397 827912.820643 6.072851 7.518239 11.900397 11.900397 11.900397 87658679.567192 6.072851 6.072851 3158236.773077 11.900397 1.000000
11.898840 11.898840 11.898840 11.898840 11.898840 11.898840 11.898840 11.898840 11.898840 827802.896583 6.072087 6.072087 11.898840 11.898840 14.835901 109558801.130881 6.072087 6.072087 2526253.956855 11.898840 1.000000
11.908197 11.908197 11.908197 11.908197 11.908197 11.908197 11.908197 11.908197 11.908197 29148.956427 6.076674 6.076674 14.847628 11.908197 11.908197 212086.571219 18218.097801 6.076674 29432924.322025 11.908197 1.000000
11.900397 11.900397 11.900397 11.900397 11.900397 11.900397 11.900397 11.900397 11.900397 827912.820643 7.518239 6.072851 11.900397 11.900397 11.900397 87658679.567191 6.072851 6.072851 3158236.773077 11.900397 1.000000
11.897112 11.897112 11.897112 11.897112 11.897112 11.897112 11.897112 11.897112 11.897112 827681.013388 6.071240 6.071240 11.897112 11.897112 11.897112 109542670.024249 6.071240 6.071240 3157352.498576 11.897112 1.000000
11.900397 11.900397 11.900397 11.900397 11.900397 11.900397 11.900397 11.900397 11.900397 827912.820643 6.072851 7.518239 11.900397 11.900397 11.900397 87658679.567191 6.072851 6.072851 3158236.773077 11.900397 1.000000
11.902123 11.902123 11.902123 11.902123 11.902123 11.902123 11.902123 11.902123 11.902123 828034.606042 6.073697 6.073697 11.902123 11.902123 14.840016 87671574.097961 7.519306 6.073697 2526961.078007 11.902123 1.000000
11.902549 11.902549 11.902549 11.902549 11.902549 11.902549 11.902549 11.902549 11.902549 828064.630585 9.340292 6.073905 11.902549 11.902549 11.902549 70139802.456058 6.073905 6.073905 3158815.882050 11.902549 1.000000
11.897112 11.897112 11.897112 11.897112 11.897112 11.897112 11.897112 11.897112 11.897112 827681.013388 6.071240 6.071240 11.897112 11.897112 11.897112 109542670.024249 6.071240 6.071240 3157352.498576 11.897112 1.000000
11.898840 11.898840 11.898840 11.898840 11.898840 11.898840 11.898840 11.898840 11.898840 827802.896583 6.072087 6.072087 11.898840 11.898840 11.898840 109558801.130881 6.072087 6.072087 2526253.956855 14.835901 1.000000
11.897112 11.897112 11.897112 11.897112 11.897112 11.897112 11.897112 11.897112 11.897112 827681.013388 6.071240 6.071240 11.897112 11.897112 11.897112 109542670.024249 6.071240 6.071240 3157352.498576 11.897112 1.000000
11.897112 11.897112 11.897112 11.897112 11.897112 11.897112 11.897112 11.897112 11.897112 827681.013388 6.071240 6.071240 11.897112 11.897112 11.897112 109542670.024249 6.071240 6.071240 3157352.498576 11.897112 1.000000
11.902123 11.902123 11.902123 11.902123 11.902123 11.902123 11.902123 11.902123 11.902123 828034.606042 7.519306 6.073697 11.902123 11.902123 14.840016 87671574.097961 6.073697 6.073697 2526961.078007 11.902123 1.000000
11.897112 11.897112 11.897112 11.897112 11.897112 11.897112 11.897112 11.897112 11.897112 827681.013388 6.071240 6.071240 11.897112 11.897112 11.897112 109542670.024249 6.071240 6.071240 3157352.498576 11.897112 1.000000
11.897112 11.897112 11.897112 11.897112 11.897112 11.897112 11.897112 11.897112 11.897112 827681.013388 6.071240 6.071240 11.897112 11.897112 11.897112 109542670.024249 6.071240 6.071240 3157352.498576 11.897112 1.000000
11.897112 11.897112 11.897112 11.897112 11.897112 11.897112 11.897112 11.897112 11.897112 827681.013388 6.071240 6.071240 11.897112 11.897112 11.897112 109542670.024249 6.071240 6.071240 3157352.498576 11.897112 1.000000
11.897112 11.897112 11.897112 11.897112 11.897112 11.897112 11.897112 11.897112 11.897112 827681.013388 6.071240 6.071240 11.897112 11.897112 11.897112 109542670.024249 6.071240 6.071240 3157352.498576 11.897112 1.000000
11.897112 11.897112 11.897112 11.897112 11.897112 11.897112 11.897112 11.897112 11.897112 827681.013388 6.071240 6.071240 11.897112 11.897112 11.897112 109542670.024249 6.071240 6.071240 3157352.498576 11.897112 1.000000
11.898840 11.898840 11.898840 11.898840 11.898840 11.898840 11.898840 11.898840 11.898840 827802.896583 6.072087 6.072087 14.835901 11.898840 11.898840 109558801.130880 6.072087 6.072087 2526253.956855 11.898840 1.000000
11.900397 11.900397 11.900397 11.900397 11.900397 11.900397 11.900397 11.900397 11.900397 827912.820643 6.072851 6.072851 11.900397 11.900397 11.900397 87658679.567192 7.518239 6.072851 3158236.773077 11.900397 1.000000
11.897112 11.897112 11.897112 11.897112 11.897112 11.897112 11.897112 11.897112 11.897112 827681.013388 6.071240 6.071240 11.897112 11.897112 11.897112 109542670.024249 6.071240 6.071240 3157352.498576 11.897112 1.000000
11.897112 11.897112 11.897112 11.897112 11.897112 11.897112 11.897112 11.897112 11.897112 827681.013388 6.071240 6.071240 11.897112 11.897112 11.897112 109542670.024249 6.071240 6.071240 3157352.498576 11.897112 1.000000
11.897112 11.897112 11.897112 11.897112 11.897112 11.897112 11.897112 11.897112 11.897112 827681.013388 6.071240 6.071240 11.897112 11.897112 11.897112 109542670.024249 6.071240 6.071240 3157352.498576 11.897112 1.000000
11.897112 11.897112 11.897112 11.897112 11.897112 11.897112 11.897112 11.897112 11.897112 827681.013388 6.071240 6.071240 11.897112 11.897112 11.897112 109542670.024249 6.071240 6.071240 3157352.498576 11.897112 1.000000
11.898840 11.898840 11.898840 11.898840 11.898840 11.898840 11.898840 11.898840 11.898840 827802.896583 6.072087 6.072087 11.898840 14.835901 11.898840 109558801.130880 6.072087 6.072087 2526253.956855 11.898840 1.000000
11.897112 11.897112 11.897112 11.897112 11.897112 11.897112 11.897112 11.897112 11.897112 827681.013388 6.071240 6.071240 11.897112 11.897112 11.897112 109542670.024249 6.071240 6.071240 3157352.498576 11.897112 1.000000
11.897112 11.897112 11.897112 11.897112 11.897112 11.897112 11.897112 11.897112 11.897112 827681.013388 6.071240 6.071240 11.897112 11.897112 11.897112 109542670.024249 6.071240 6.071240 3157352.498576 11.897112 1.000000
11.897112 11.897112 11.897112 11.897112 11.897112 11.897112 11.897112 11.897112 11.897112 827681.013388 6.071240 6.071240 11.897112 11.897112 11.897112 109542670.024249 6.071240 6.071240 3157352.498576 11.897112 1.000000
11.897112 11.897112 11.897112 11.897112 11.897112 11.897112 11.897112 11.897112 11.897112 827681.013388 6.071240 6.071240 11.897112 11.897112 11.897112 109542670.024249 6.071240 6.071240 3157352.498576 11.897112 1.000000
11.897112 11.897112 11.897112 11.897112 11.897112 11.897112 11.897112 11.897112 11.897112 827681.013388 6.071240 6.071240 11.897112 11.897112 11.897112 109542670.024249 6.071240 6.071240 3157352.498576 11.897112 1.000000
11.897112 11.897112 11.897112 11.897112 11.897112 11.897112 11.897112 11.897112 11.897112 827681.013388 6.071240 6.071240 11.897112 11.897112 11.897112 109542670.024249 6.071240 6.071240 3157352.498576 11.897112 1.000000
11.898840 11.898840 11.898840 11.898840 11.898840 11.898840 11.898840 11.898840 11.898840 827802.896583 6.072087 6.072087 14.835901 11.898840 11.898840 109558801.130881 6.072087 6.072087 2526253.956855 11.898840 1.000000
11.897112 11.897112 11.897112 11.897112 11.897112 11.897112 11.897112 11.897112 11.897112 827681.013388 6.071240 6.071240 11.897112 11.897112 11.897112 109542670.024249 6.071240 6.071240 3157352.498576 11.897112 1.000000
11.898840 11.898840 11.898840 11.898840 11.898840 11.898840 11.898840 11.898840 11.898840 827802.896583 6.072087 6.072087 11.898840 11.898840 11.898840 109558801.130881 6.072087 6.072087 2526253.956855 14.835901 1.000000
11.900397 11.900397 11.900397 11.900397 11.900397 11.900397 11.900397 11.900397 11.900397 827912.820643 6.072851 6.072851 11.900397 11.900397 11.900397 87658679.567192 7.518239 6.072851 3158236.773077 11.900397 1.000000
11.897112 11.897112 11.897112 11.897112 11.897112 11.897112 11.897112 11.897112 11.897112 827681.013388 6.071240 6.071240 11.897112 11.897112 11.897112 109542670.024249 6.071240 6.071240 3157352.498576 11.897112 1.000000
11.897112 11.897112 11.897112 11.897112 11.897112 11.897112 11.897112 11.897112 11.897112 827681.013388 6.071240 6.071240 11.897112 11.897112 11.897112 109542670.024249 6.071240 6.071240 3157352.498576 11.897112 1.000000
11.897112 11.897112 11.897112 11.897112 11.897112 11.897112 11.897112 11.897112 11.897112 827681.013388 6.071240 6.071240 11.897112 11.897112 11.897112 109542670.024249 6.071240 6.071240 3157352.498576 11.897112 1.000000
11.900397 11.900397 11.900397 11.900397 11.900397 11.900397 11.900397 11.900397 11.900397 827912.820643 6.072851 7.518239 11.900397 11.900397 11.900397 87658679.567192 6.072851 6.072851 3158236.773077 11.900397 1.000000
11.897112 11.897112 11.897112 11.897112 11.897112 11.897112 11.897112 11.897112 11.897112 827681.013388 6.071240 6.071240 11.897112 11.897112 11.897112 109542670.024249 6.071240 6.071240 3157352.498576 11.897112 1.000000
11.902123 11.902123 11.902123 11.902123 11.902123 11.902123 11.902123 11.902123 11.902123 828034.606042 6.073697 7.519306 14.840016 11.902123 11.902123 87671574.097961 6.073697 6.073697 2526961.078007 11.902123 1.000000
11.897112 11.897112 11.897112 11.897112 11.897112 11.897112 11.897112 11.897112 11.897112 827681.013388 6.071240 6.071240 11.897112 11.897112 11.897112 109542670.024249 6.071240 6.071240 3157352.498576 11.897112 1.000000
11.897112 11.897112 11.897112 11.897112 11.897112 11.897112 11.897112 11.897112 11.897112 827681.013388 6.071240 6.071240 11.897112 11.897112 11.897112 109542670.024249 6.071240 6.071240 3157352.498576 11.897112 1.000000
11.892277 11.892277 11.892277 11.892277 11.892277 11.892277 11.892277 11.892277 11.892277 11.892277 6.068870 6.068870 11.892277 11.892277 11.892277 88451390685.131332 6.068870 6.068870 7780266604.100780 11.892277 1.000000
11.903680 11.903680 11.903680 11.903680 11.903680 11.903680 11.903680 11.903680 11.903680 828144.448120 7.520269 7.520269 11.903680 11.903680 11.903680 70146563.264207 6.074460 6.074460 3159120.361780 11.903680 1.000000
11.897112 11.897112 11.897112 11.897112 11.897112 11.897112 11.897112 11.897112 11.897112 827681.013388 6.071240 6.071240 11.897112 11.897112 11.897112 109542670.024249 6.071240 6.071240 3157352.498576 11.897112 1.000000
11.897112 11.897112 11.897112 11.897112 11.897112 11.897112 11.897112 11.897112 11.897112 827681.013388 6.071240 6.071240 11.897112 11.897112 11.897112 109542670.024248 6.071240 6.071240 3157352.498576 11.897112 1.000000
11.897112 11.897112 11.897112 11.897112 11.897112 11.897112 11.897112 11.897112 11.897112 827681.013388 6.071240 6.071240 11.897112 11.897112 11.897112 109542670.024249 6.071240 6.071240 3157352.498576 11.897112 1.000000
11.897112 11.897112 11.897112 11.897112 11.897112 11.897112 11.897112 11.897112 11.897112 827681.013388 6.071240 6.071240 11.897112 11.897112 11.897112 109542670.024249 6.071240 6.071240 3157352.498576 11.897112 1.000000
11.897112 11.897112 11.897112 11.897112 11.897112 11.897112 11.897112 11.897112 11.897112 827681.013388 6.071240 6.071240 11.897112 11.897112 11.897112 109542670.024249 6.071240 6.071240 3157352.498576 11.897112 1.000000
11.897112 11.897112 11.897112 11.897112 11.897112 11.897112 11.897112 11.897112 11.897112 827681.013388 6.071240 6.071240 11.897112 11.897112 11.897112 109542670.024249 6.071240 6.071240 3157352.498576 11.897112 1.000000
11.897112 11.897112 11.897112 11.897112 11.897112 11.897112 11.897112 11.897112 11.897112 827681.013388 6.071240 6.071240 11.897112 11.897112 11.897112 109542670.024248 6.071240 6.071240 3157352.498576 11.897112 1.000000
11.897112 11.897112 11.897112 11.897112 11.897112 11.897112 11.897112 11.897112 11.897112 827681.013388 6.071240 6.071240 11.897112 11.897112 11.897112 109542670.024248 6.071240 6.071240 3157352.498576 11.897112 1.000000
11.897112 11.897112 11.897112 11.897112 11.897112 11.897112 11.897112 11.897112 11.897112 827681.013388 6.071240 6.071240 11.897112 11.897112 11.897112 109542670.024248 6.071240 6.071240 3157352.498576 11.897112 1.000000
11.897112 11.897112 11.897112 11.897112 11.897112 11.897112 11.897112 11.897112 11.897112 827681.013388 6.071240 6.071240 11.897112 11.897112 11.897112 109542670.024248 6.071240 6.071240 3157352.498576 11.897112 1.000000
11.897112 11.897112 11.897112 11.897112 11.897112 11.897112 11.897112 11.897112 11.897112 827681.013388 6.071240 6.071240 11.897112 11.897112 11.897112 109542670.024248 6.071240 6.071240 3157352.498576 11.897112 1.000000
11.897112 11.897112 11.897112 11.897112 11.897112 11.897112 11.897112 11.897112 11.897112 827681.013388 6.071240 6.071240 11.897112 11.897112 11.897112 109542670.024248 6.071240 6.071240 3157352.498576 11.897112 1.000000
11.897112 11.897112 11.897112 11.897112 11.897112 11.897112 11.897112 11.897112 11.897112 827681.013388 6.071240 6.071240 11.897112 11.897112 11.897112 109542670.024248 6.071240 6.071240 3157352.498576 11.897112 1.000000
11.897112 11.897112 11.897112 11.897112 11.897112 11.897112 11.897112 11.897112 11.897112 827681.013388 6.071240 6.071240 11.897112 11.897112 11.897112 109542670.024248 6.071240 6.071240 3157352.498576 11.897112 1.000000
11.897112 11.897112 11.897112 11.897112 11.897112 11.897112 11.897112 11.897112 11.897112 827681.013388 6.071240 6.071240 11.897112 11.897112 11.897112 109542670.024248 6.071240 6.071240 3157352.498576 11.897112 1.000000
11.897112 11.897112 11.897112 11.897112 11.897112 11.897112 11.897112 11.897112 11.897112 827681.013388 6.071240 6.071240 11.897112 11.897112 11.897112 109542670.024248 6.071240 6.071240 3157352.498576 11.897112 1.000000
11.892277 11.892277 11.892277 11.892277 11.892277 11.892277 11.892277 11.892277 11.892277 11.892277 6.068870 6.068870 11.892277 11.892277 11.892277 88451390685.131638 6.068870 6.068870 7780266604.100780 11.892277 1.000000
11.897112 11.897112 11.897112 11.897112 11.897112 11.897112 11.897112 11.897112 11.897112 827681.013388 6.071240 6.071240 11.897112 11.897112 11.897112 109542670.024248 6.071240 6.071240 3157352.498576 11.897112 1.000000
11.897112 11.897112 11.897112 11.897112 11.897112 11.897112 11.897112 11.897112 11.897112 827681.013388 6.071240 6.071240 11.897112 11.897112 11.897112 109542670.024248 6.071240 6.071240 3157352.498576 11.897112 1.000000
11.897112 11.897112 11.897112 11.897112 11.897112 11.897112 11.897112 11.897112 11.897112 827681.013388 6.071240 6.071240 11.897112 11.897112 11.897112 109542670.024248 6.071240 6.071240 3157352.498576 11.897112 1.000000
11.906474 11.906474 11.906474 11.906474 11.906474 11.906474 11.906474 11.906474 11.906474 36430.847495 6.075830 6.075830 11.906474 11.906474 11.906474 212055.441620 6.075830 18215.423788 29428604.222287 11.906474 1.000000
11.897112 11.897112 11.897112 11.897112 11.897112 11.897112 11.897112 11.897112 11.897112 827681.013388 6.071240 6.071240 11.897112 11.897112 11.897112 109542670.024248 6.071240 6.071240 3157352.498576 11.897112 1.000000
11.898840 11.898840 11.898840 11.898840 11.898840 11.898840 11.898840 11.898840 11.898840 827802.896583 6.072087 6.072087 11.898840 11.898840 14.835901 109558801.130881 6.072087 6.072087 2526253.956855 11.898840 1.000000
11.897112 11.897112 11.897112 11.897112 11.897112 11.897112 11.897112 11.897112 11.897112 827681.013388 6.071240 6.071240 11.897112 11.897112 11.897112 109542670.024248 6.071240 6.071240 3157352.498576 11.897112 1.000000
11.897112 11.897112 11.897112 11.897112 11.897112 11.897112 11.897112 11.897112 11.897112 827681.013388 6.071240 6.071240 11.897112 11.897112 11.897112 109542670.024248 6.071240 6.071240 3157352.498576 11.897112 1.000000
11.897112 11.897112 11.897112 11.897112 11.897112 11.897112 11.897112 11.897112 11.897112 827681.013388 6.071240 6.071240 11.897112 11.897112 11.897112 109542670.024248 6.071240 6.071240 3157352.498576 11.897112 1.000000
11.897112 11.897112 11.897112 11.897112 11.897112 11.897112 11.897112 11.897112 11.897112 827681.013388 6.071240 6.071240 11.897112 11.897112 11.897112 109542670.024248 6.071240 6.071240 3157352.498576 11.897112 1.000000
11.897112 11.897112 11.897112 11.897112 11.897112 11.897112 11.897112 11.897112 11.897112 827681.013388 6.071240 6.071240 11.897112 11.897112 11.897112 109542670.024248 6.071240 6.071240 3157352.498576 11.897112 1.000000
11.897112 11.897112 11.897112 11.897112 11.897112 11.897112 11.897112 11.897112 11.897112 827681.013388 6.071240 6.071240 11.897112 11.897112 11.897112 109542670.024248 6.071240 6.071240 3157352.498576 11.897112 1.000000
11.897112 11.897112 11.897112 11.897112 11.897112 11.897112 11.897112 11.897112 11.897112 827681.013388 6.071240 6.071240 11.897112 11.897112 11.897112 109542670.024248 6.071240 6.071240 3157352.498576 11.897112 1.000000
11.897112 11.897112 11.897112 11.897112 11.897112 11.897112 11.897112 11.897112 11.897112 827681.013388 6.071240 6.071240 11.897112 11.897112 11.897112 109542670.024248 6.071240 6.071240 3157352.498576 11.897112 1.000000
11.897112 11.897112 11.897112 11.897112 11.897112 11.897112 11.897112 11.897112 11.897112 827681.013388 6.071240 6.071240 11.897112 11.897112 11.897112 109542670.024248 6.071240 6.071240 3157352.498576 11.897112 1.000000
11.897112 11.897112 11.897112 11.897112 11.897112 11.897112 11.897112 11.897112 11.897112 827681.013388 6.071240 6.071240 11.897112 11.897112 11.897112 109542670.024248 6.071240 6.071240 3157352.498576 11.897112 1.000000
11.897112 11.897112 11.897112 11.897112 11.897112 11.897112 11.897112 11.897112 11.897112 827681.013388 6.071240 6.071240 11.897112 11.897112 11.897112 109542670.024248 6.071240 6.071240 3157352.498576 11.897112 1.000000
11.897112 11.897112 11.897112 11.897112 11.897112 11.897112 11.897112 11.897112 11.897112 827681.013388 6.071240 6.071240 11.897112 11.897112 11.897112 109542670.024248 6.071240 6.071240 3157352.498576 11.897112 1.000000
11.897112 11.897112 11.897112 11.897112 11.897112 11.897112 11.897112 11.897112 11.897112 827681.013388 6.071240 6.071240 11.897112 11.897112 11.897112 109542670.024248 6.071240 6.071240 3157352.498576 11.897112 1.000000
11.897112 11.897112 11.897112 11.897112 11.897112 11.897112 11.897112 11.897112 11.897112 827681.013388 6.071240 6.071240 11.897112 11.897112 11.897112 109542670.024248 6.071240 6.071240 3157352.498576 11.897112 1.000000
11.897112 11.897112 11.897112 11.897112 11.897112 11.897112 11.897112 11.897112 11.897112 827681.013388 6.071240 6.071240 11.897112 11.897112 11.897112 109542670.024248 6.071240 6.071240 3157352.498576 11.897112 1.000000
11.897112 11.897112 11.897112 11.897112 11.897112 11.897112 11.897112 11.897112 11.897112 827681.013388 6.071240 6.071240 11.897112 11.897112 11.897112 109542670.024248 6.071240 6.071240 3157352.498576 11.897112 1.000000
11.897112 11.897112 11.897112 11.897112 11.897112 11.897112 11.897112 11.897112 11.897112 827681.013388 6.071240 6.071240 11.897112 11.897112 11.897112 109542670.024248 6.071240 6.071240 3157352.498576 11.897112 1.000000
11.897112 11.897112 11.897112 11.897112 11.897112 11.897112 11.897112 11.897112 11.897112 827681.013388 6.071240 6.071240 11.897112 11.897112 11.897112 109542670.024248 6.071240 6.071240 3157352.498576 11.897112 1.000000
11.897112 11.897112 11.897112 11.897112 11.897112 11.897112 11.897112 11.897112 11.897112 827681.013388 6.071240 6.071240 11.897112 11.897112 11.897112 109542670.024248 6.071240 6.071240 3157352.498576 11.897112 1.000000
11.897112 11.897112 11.897112 11.897112 11.897112 11.897112 11.897112 11.897112 11.897112 827681.013388 6.071240 6.071240 11.897112 11.897112 11.897112 109542670.024248 6.071240 6.071240 3157352.498576 11.897112 1.000000
11.897112 11.897112 11.897112 11.897112 11.897112 11.897112 11.897112 11.897112 11.897112 827681.013388 6.071240 6.071240 11.897112 11.897112 11.897112 109542670.024248 6.071240 6.071240 3157352.498576 11.897112 1.000000
11.897112 11.897112 11.897112 11.897112 11.897112 11.897112 11.897112 11.897112 11.897112 827681.013388 6.071240 6.071240 11.897112 11.897112 11.897112 109542670.024248 6.071240 6.071240 3157352.498576 11.897112 1.000000
11.897112 11.897112 11.897112 11.897112 11.897112 11.897112 11.897112 11.897112 11.897112 827681.013388 6.071240 6.071240 11.897112 11.897112 11.897112 109542670.024248 6.071240 6.071240 3157352.498576 11.897112 1.000000
11.897112 11.897112 11.897112 11.897112 11.897112 11.897112 11.897112 11.897112 11.897112 827681.013388 6.071240 6.071240 11.897112 11.897112 11.897112 109542670.024248 6.071240 6.071240 3157352.498576 11.897112 1.000000
11.897112 11.897112 11.897112 11.897112 11.897112 11.897112 11.897112 11.897112 11.897112 827681.013388 6.071240 6.071240 11.897112 11.897112 11.897112 109542670.024248 6.071240 6.071240 3157352.498576 11.897112 1.000000
11.897112 11.897112 11.897112 11.897112 11.897112 11.897112 11.897112 11.897112 11.897112 827681.013388 6.071240 6.071240 11.897112 11.897112 11.897112 109542670.024248 6.071240 6.071240 3157352.498576 11.897112 1.000000
11.897112 11.897112 11.897112 11.897112 11.897112 11.897112 11.897112 11.897112 11.897112 827681.013388 6.071240 6.071240 11.897112 11.897112 11.897112 109542670.024248 6.071240 6.071240 3157352.498576 11.897112 1.000000
11.897112 11.897112 11.897112 11.897112 11.897112 11.897112 11.897112 11.897112 11.897112 827681.013388 6.071240 6.071240 11.897112 11.897112 11.897112 109542670.024248 6.071240 6.071240 3157352.498576 11.897112 1.000000
11.897112 11.897112 11.897112 11.897112 11.897112 11.897112 11.897112 11.897112 11.897112 827681.013388 6.071240 6.071240 11.897112 11.897112 11.897112 109542670.024248 6.071240 6.071240 3157352.498576 11.897112 1.000000
11.897112 11.897112 11.897112 11.897112 11.897112 11.897112 11.897112 11.897112 11.897112 827681.013388 6.071240 6.071240 11.897112 11.897112 11.897112 109542670.024248 6.071240 6.071240 3157352.498576 11.897112 1.000000
11.897112 11.897112 11.897112 11.897112 11.897112 11.897112 11.897112 11.897112 11.897112 827681.013388 6.071240 6.071240 11.897112 11.897112 11.897112 109542670.024248 6.071240 6.071240 3157352.498576 11.897112 1.000000
11.897112 11.897112 11.897112 11.897112 11.897112 11.897112 11.897112 11.897112 11.897112 827681.013388 6.071240 6.071240 11.897112 11.897112 11.897112 109542670.024248 6.071240 6.071240 3157352.498576 11.897112 1.000000
11.897112 11.897112 11.897112 11.897112 11.897112 11.897112 11.897112 11.897112 11.897112 827681.013388 6.071240 6.071240 11.897112 11.897112 11.897112 109542670.024248 6.071240 6.071240 3157352.498576 11.897112 1.000000
11.897112 11.897112 11.897112 11.897112 11.897112 11.897112 11.897112 11.897112 11.897112 827681.013388 6.071240 6.071240 11.897112 11.897112 11.897112 109542670.024248 6.071240 6.071240 3157352.498576 11.897112 1.000000
11.897112 11.897112 11.897112 11.897112 11.897112 11.897112 11.897112 11.897112 11.897112 827681.013388 6.071240 6.071240 11.897112 11.897112 11.897112 109542670.024248 6.071240 6.071240 3157352.498576 11.897112 1.000000
11.897112 11.897112 11.897112 11.897112 11.897112 11.897112 11.897112 11.897112 11.897112 827681.013388 6.071240 6.071240 11.897112 11.897112 11.897112 109542670.024248 6.071240 6.071240 3157352.498576 11.897112 1.000000
11.906474 11.906474 11.906474 11.906474 11.906474 11.906474 11.906474 11.906474 11.906474 36430.847495 6.075830 6.075830 11.906474 11.906474 11.906474 212055.441620 6.075830 18215.423788 29428604.222287 11.906474 1.000000
11.897112 11.897112 11.897112 11.897112 11.897112 11.897112 11.897112 11.897112 11.897112 827681.013388 6.071240 6.071240 11.897112 11.897112 11.897112 109542670.024248 6.071240 6.071240 3157352.498576 11.897112 1.000000
11.897112 11.897112 11.897112 11.897112 11.897112 11.897112 11.897112 11.897112 11.897112 827681.013388 6.071240 6.071240 11.897112 11.897112 11.897112 109542670.024248 6.071240 6.071240 3157352.498576 11.897112 1.000000
11.897112 11.897112 11.897112 11.897112 11.897112 11.897112 11.897112 11.897112 11.897112 827681.013388 6.071240 6.071240 11.897112 11.897112 11.897112 109542670.024248 6.071240 6.071240 3157352.498576 11.897112 1.000000
11.897112 11.897112 11.897112 11.897112 11.897112 11.897112 11.897112 11.897112 11.897112 827681.013388 6.071240 6.071240 11.897112 11.897112 11.897112 109542670.024248 6.071240 6.071240 3157352.498576 11.897112 1.000000
11.897112 11.897112 11.897112 11.897112 11.897112 11.897112 11.897112 11.897112 11.897112 827681.013388 6.071240 6.071240 11.897112 11.897112 11.897112 109542670.024248 6.071240 6.071240 3157352.498576 11.897112 1.000000
11.897112 11.897112 11.897112 11.897112 11.897112 11.897112 11.897112 11.897112 11.897112 827681.013388 6.071240 6.071240 11.897112 11.897112 11.897112 109542670.024248 6.071240 6.071240 3157352.498576 11.897112 1.000000
11.897112 11.897112 11.897112 11.897112 11.897112 11.897112 11.897112 11.897112 11.897112 827681.013388 6.071240 6.071240 11.897112 11.897112 11.897112 109542670.024248 6.071240 6.071240 3157352.498576 11.897112 1.000000
11.897112 11.897112 11.897112 11.897112 11.897112 11.897112 11.897112 11.897112 11.897112 827681.013388 6.071240 6.071240 11.897112 11.897112 11.897112 109542670.024248 6.071240 6.071240 3157352.498576 11.897112 1.000000
11.897112 11.897112 11.897112 11.897112 11.897112 11.897112 11.897112 11.897112 11.897112 827681.013388 6.071240 6.071240 11.897112 11.897112 11.897112 109542670.024248 6.071240 6.071240 3157352.498576 11.897112 1.000000
11.897112 11.897112 11.897112 11.897112 11.897112 11.897112 11.897112 11.897112 11.897112 827681.013388 6.071240 6.071240 11.897112 11.897112 11.897112 109542670.024248 6.071240 6.071240 3157352.498576 11.897112 1.000000
11.897112 11.897112 11.897112 11.897112 11.897112 11.897112 11.897112 11.897112 11.897112 827681.013388 6.071240 6.071240 11.897112 11.897112 11.897112 109542670.024248 6.071240 6.071240 3157352.498576 11.897112 1.000000
11.897112 11.897112 11.897112 11.897112 11.897112 11.897112 11.897112 11.897112 11.897112 827681.013388 6.071240 6.071240 11.897112 11.897112 11.897112 109542670.024248 6.071240 6.071240 3157352.498576 11.897112 1.000000
11.897112 11.897112 11.897112 11.897112 11.897112 11.897112 11.897112 11.897112 11.897112 827681.013388 6.071240 6.071240 11.897112 11.897112 11.897112 109542670.024248 6.071240 6.071240 3157352.498576 11.897112 1.000000
11.897112 11.897112 11.897112 11.897112 11.897112 11.897112 11.897112 11.897112 11.897112 827681.013388 6.071240 6.071240 11.897112 11.897112 11.897112 109542670.024248 6.071240 6.071240 3157352.498576 11.897112 1.000000
11.897112 11.897112 11.897112 11.897112 11.897112 11.897112 11.897112 11.897112 11.897112 827681.013388 6.071240 6.071240 11.897112 11.897112 11.897112 109542670.024248 6.071240 6.071240 3157352.498576 11.897112 1.000000
11.897112 11.897112 11.897112 11.897112 11.897112 11.897112 11.897112 11.897112 11.897112 827681.013388 6.071240 6.071240 11.897112 11.897112 11.897112 109542670.024248 6.071240 6.071240 3157352.498576 11.897112 1.000000
11.897112 11.897112 11.897112 11.897112 11.897112 11.897112 11.897112 11.897112 11.897112 827681.013388 6.071240 6.071240 11.897112 11.897112 11.897112 109542670.024248 6.071240 6.071240 3157352.498576 11.897112 1.000000
11.897112 11.897112 11.897112 11.897112 11.897112 11.897112 11.897112 11.897112 11.897112 827681.013388 6.071240 6.071240 11.897112 11.897112 11.897112 109542670.024248 6.071240 6.071240 3157352.498576 11.897112 1.000000
11.897112 11.897112 11.897112 11.897112 11.897112 11.897112 11.897112 11.897112 11.897112 827681.013388 6.071240 6.071240 11.897112 11.897112 11.897112 109542670.024248 6.071240 6.071240 3157352.498576 11.897112 1.000000
11.897112 11.897112 11.897112 11.897112 11.897112 11.897112 11.897112 11.897112 11.897112 827681.013388 6.071240 6.071240 11.897112 11.897112 11.897112 109542670.024248 6.071240 6.071240 3157352.498576 11.897112 1.000000
11.897112 11.897112 11.897112 11.897112 11.897112 11.897112 11.897112 11.897112 11.897112 827681.013388 6.071240 6.071240 11.897112 11.897112 11.897112 109542670.024248 6.071240 6.071240 3157352.498576 11.897112 1.000000
11.897112 11.897112 11.897112 11.897112 11.897112 11.897112 11.897112 11.897112 11.897112 827681.013388 6.071240 6.071240 11.897112 11.897112 11.897112 109542670.024248 6.071240 6.071240 3157352.498576 11.897112 1.000000
11.897112 11.897112 11.897112 11.897112 11.897112 11.897112 11.897112 11.897112 11.897112 827681.013388 6.071240 6.071240 11.897112 11.897112 11.897112 109542670.024248 6.071240 6.071240 3157352.498576 11.897112 1.000000
11.897112 11.897112 11.897112 11.897112 11.897112 11.897112 11.897112 11.897112 11.897112 827681.013388 6.071240 6.071240 11.897112 11.897112 11.897112 109542670.024248 6.071240 6.071240 3157352.498576 11.897112 1.000000
11.897112 11.897112 11.897112 11.897112 11.897112 11.897112 11.897112 11.897112 11.897112 827681.013388 6.071240 6.071240 11.897112 11.897112 11.897112 109542670.024248 6.071240 6.071240 3157352.498576 11.897112 1.000000
11.897112 11.897112 11.897112 11.897112 11.897112 11.897112 11.897112 11.897112 11.897112 827681.013388 6.071240 6.071240 11.897112 11.897112 11.897112 109542670.024248 6.071240 6.071240 3157352.498576 11.897112 1.000000
11.897112 11.897112 11.897112 11.897112 11.897112 11.897112 11.897112 11.897112 11.897112 827681.013388 6.071240 6.071240 11.897112 11.897112 11.897112 109542670.024248 6.071240 6.071240 3157352.498576 11.897112 1.000000
11.897112 11.897112 11.897112 11.897112 11.897112 11.897112 11.897112 11.897112 11.897112 827681.013388 6.071240 6.071240 11.897112 11.897112 11.897112 109542670.024248 6.071240 6.071240 3157352.498576 11.897112 1.000000
11.897112 11.897112 11.897112 11.897112 11.897112 11.897112 11.897112 11.897112 11.897112 827681.013388 6.071240 6.071240 11.897112 11.897112 11.897112 109542670.024248 6.071240 6.071240 3157352.498576 11.897112 1.000000
11.897112 11.897112 11.897112 11.897112 11.897112 11.897112 11.897112 11.897112 11.897112 827681.013388 6.071240 6.071240 11.897112 11.897112 11.897112 109542670.024248 6.071240 6.071240 3157352.498576 11.897112 1.000000
11.897112 11.897112 11.897112 11.897112 11.897112 11.897112 11.897112 11.897112 11.897112 827681.013388 6.071240 6.071240 11.897112 11.897112 11.897112 109542670.024248 6.071240 6.071240 3157352.498576 11.897112 1.000000
11.897112 11.897112 11.897112 11.897112 11.897112 11.897112 11.897112 11.897112 11.897112 827681.013388 6.071240 6.071240 11.897112 11.897112 11.897112 109542670.024248 6.071240 6.071240 3157352.498576 11.897112 1.000000
11.897112 11.897112 11.897112 11.897112 11.897112 11.897112 11.897112 11.897112 11.897112 827681.013388 6.071240 6.071240 11.897112 11.897112 11.897112 109542670.024248 6.071240 6.071240 3157352.498576 11.897112 1.000000
11.897112 11.897112 11.897112 11.897112 11.897112 11.897112 11.897112 11.897112 11.897112 827681.013388 6.071240 6.071240 11.897112 11.897112 11.897112 109542670.024248 6.071240 6.071240 3157352.498576 11.897112 1.000000
11.897112 11.897112 11.897112 11.897112 11.897112 11.897112 11.897112 11.897112 11.897112 827681.013388 6.071240 6.071240 11.897112 11.897112 11.897112 109542670.024248 6.071240 6.071240 3157352.498576 11.897112 1.000000
11.897112 11.897112 11.897112 11.897112 11.897112 11.897112 11.897112 11.897112 11.897112 827681.013388 6.071240 6.071240 11.897112 11.897112 11.897112 109542670.024248 6.071240 6.071240 3157352.498576 11.897112 1.000000
11.897112 11.897112 11.897112 11.897112 11.897112 11.897112 11.897112 11.897112 11.897112 827681.013388 6.071240 6.071240 11.897112 11.897112 11.897112 109542670.024248 6.071240 6.071240 3157352.498576 11.897112 1.000000
11.897112 11.897112 11.897112 11.897112 11.897112 11.897112 11.897112 11.897112 11.897112 827681.013388 6.071240 6.071240 11.897112 11.897112 11.897112 109542670.024248 6.071240 6.071240 3157352.498576 11.897112 1.000000
11.897112 11.897112 11.897112 11.897112 11.897112 11.897112 11.897112 11.897112 11.897112 827681.013388 6.071240 6.071240 11.897112 11.897112 11.897112 109542670.024248 6.071240 6.071240 3157352.498576 11.897112 1.000000
11.897112 11.897112 11.897112 11.897112 11.897112 11.897112 11.897112 11.897112 11.897112 827681.013388 6.071240 6.071240 11.897112 11.897112 11.897112 109542670.024248 6.071240 6.071240 3157352.498576 11.897112 1.000000
11.897112 11.897112 11.897112 11.897112 11.897112 11.897112 11.897112 11.897112 11.897112 827681.013388 6.071240 6.071240 11.897112 11.897112 11.897112 109542670.024248 6.071240 6.071240 3157352.498576 11.897112 1.000000
11.897112 11.897112 11.897112 11.897112 11.897112 11.897112 11.897112 11.897112 11.897112 827681.013388 6.071240 6.071240 11.897112 11.897112 11.897112 109542670.024248 6.071240 6.071240 3157352.498576 11.897112 1.000000
11.897112 11.897112 11.897112 11.897112 11.897112 11.897112 11.897112 11.897112 11.897112 827681.013388 6.071240 6.071240 11.897112 11.897112 11.897112 109542670.024248 6.071240 6.071240 3157352.498576 11.897112 1.000000
11.897112 11.897112 11.897112 11.897112 11.897112 11.897112 11.897112 11.897112 11.897112 827681.013388 6.071240 6.071240 11.897112 11.897112 11.897112 109542670.024248 6.071240 6.071240 3157352.498576 11.897112 1.000000
11.897112 11.897112 11.897112 11.897112 11.897112 11.897112 11.897112 11.897112 11.897112 827681.013388 6.071240 6.071240 11.897112 11.897112 11.897112 109542670.024248 6.071240 6.071240 3157352.498576 11.897112 1.000000
11.897112 11.897112 11.897112 11.897112 11.897112 11.897112 11.897112 11.897112 11.897112 827681.013388 6.071240 6.071240 11.897112 11.897112 11.897112 109542670.024248 6.071240 6.071240 3157352.498576 11.897112 1.000000
11.897112 11.897112 11.897112 11.897112 11.897112 11.897112 11.897112 11.897112 11.897112 827681.013388 6.071240 6.071240 11.897112 11.897112 11.897112 109542670.024248 6.071240 6.071240 3157352.498576 11.897112 1.000000
11.897112 11.897112 11.897112 11.897112 11.897112 11.897112 11.897112 11.897112 11.897112 827681.013388 6.071240 6.071240 11.897112 11.897112 11.897112 109542670.024248 6.071240 6.071240 3157352.498576 11.897112 1.000000
11.897112 11.897112 11.897112 11.897112 11.897112 11.897112 11.897112 11.897112 11.897112 827681.013388 6.071240 6.071240 11.897112 11.897112 11.897112 109542670.024248 6.071240 6.071240 3157352.498576 11.897112 1.000000
11.897112 11.897112 11.897112 11.897112 11.897112 11.897112 11.897112 11.897112 11.897112 827681.013388 6.071240 6.071240 11.897112 11.897112 11.897112 109542670.024248 6.071240 6.071240 3157352.498576 11.897112 1.000000
11.897112 11.897112 11.897112 11.897112 11.897112 11.897112 11.897112 11.897112 11.897112 827681.013388 6.071240 6.071240 11.897112 11.897112 11.897112 109542670.024248 6.071240 6.071240 3157352.498576 11.897112 1.000000
11.897112 11.897112 11.897112 11.897112 11.897112 11.897112 11.897112 11.897112 11.897112 827681.013388 6.071240 6.071240 11.897112 11.897112 11.897112 109542670.024248 6.071240 6.071240 3157352.498576 11.897112 1.000000
11.897112 11.897112 11.897112 11.897112 11.897112 11.897112 11.897112 11.897112 11.897112 827681.013388 6.071240 6.071240 11.897112 11.897112 11.897112 109542670.024248 6.071240 6.071240 3157352.498576 11.897112 1.000000
11.897112 11.897112 11.897112 11.897112 11.897112 11.897112 11.897112 11.897112 11.897112 827681.013388 6.071240 6.071240 11.897112 11.897112 11.897112 109542670.024248 6.071240 6.071240 3157352.498576 11.897112 1.000000
11.897112 11.897112 11.897112 11.897112 11.897112 11.897112 11.897112 11.897112 11.897112 827681.013388 6.071240 6.071240 11.897112 11.897112 11.897112 109542670.024248 6.071240 6.071240 3157352.498576 11.897112 1.000000
11.897112 11.897112 11.897112 11.897112 11.897112 11.897112 11.897112 11.897112 11.897112 827681.013388 6.071240 6.071240 11.897112 11.897112 11.897112 109542670.024248 6.071240 6.071240 3157352.498576 11.897112 1.000000
11.897112 11.897112 11.897112 11.897112 11.897112 11.897112 11.897112 11.897112 11.897112 827681.013388 6.071240 6.071240 11.897112 11.897112 11.897112 109542670.024248 6.071240 6.071240 3157352.498576 11.897112 1.000000
11.897112 11.897112 11.897112 11.897112 11.897112 11.897112 11.897112 11.897112 11.897112 827681.013388 6.071240 6.071240 11.897112 11.897112 11.897112 109542670.024248 6.071240 6.071240 3157352.498576 11.897112 1.000000
11.897112 11.897112 11.897112 11.897112 11.897112 11.897112 11.897112 11.897112 11.897112 827681.013388 6.071240 6.071240 11.897112 11.897112 11.897112 109542670.024248 6.071240 6.071240 3157352.498576 11.897112 1.000000
11.897112 11.897112 11.897112 11.897112 11.897112 11.897112 11.897112 11.897112 11.897112 827681.013388 6.071240 6.071240 11.897112 11.897112 11.897112 109542670.024248 6.071240 6.071240 3157352.498576 11.897112 1.000000
11.897112 11.897112 11.897112 11.897112 11.897112 11.897112 11.897112 11.897112 11.897112 827681.013388 6.071240 6.071240 11.897112 11.897112 11.897112 109542670.024248 6.071240 6.071240 3157352.498576 11.897112 1.000000
11.897112 11.897112 11.897112 11.897112 11.897112 11.897112 11.897112 11.897112 11.897112 827681.013388 6.071240 6.071240 11.897112 11.897112 11.897112 109542670.024248 6.071240 6.071240 3157352.498576 11.897112 1.000000
11.897112 11.897112 11.897112 11.897112 11.897112 11.897112 11.897112 11.897112 11.897112 827681.013388 6.071240 6.071240 11.897112 11.897112 11.897112 109542670.024248 6.071240 6.071240 3157352.498576 11.897112 1.000000
11.897112 11.897112 11.897112 11.897112 11.897112 11.897112 11.897112 11.897112 11.897112 827681.013388 6.071240 6.071240 11.897112 11.897112 11.897112 109542670.024248 6.071240 6.071240 3157352.498576 11.897112 1.000000
11.897112 11.897112 11.897112 11.897112 11.897112 11.897112 11.897112 11.897112 11.897112 827681.013388 6.071240 6.071240 11.897112 11.897112 11.897112 109542670.024248 6.071240 6.071240 3157352.498576 11.897112 1.000000
11.897112 11.897112 11.897112 11.897112 11.897112 11.897112 11.897112 11.897112 11.897112 827681.013388 6.071240 6.071240 11.897112 11.897112 11.897112 109542670.024248 6.071240 6.071240 3157352.498576 11.897112 1.000000
11.897112 11.897112 11.897112 11.897112 11.897112 11.897112 11.897112 11.897112 11.897112 827681.013388 6.071240 6.071240 11.897112 11.897112 11.897112 109542670.024248 6.071240 6.071240 3157352.498576 11.897112 1.000000
11.897112 11.897112 11.897112 11.897112 11.897112 11.897112 11.897112 11.897112 11.897112 827681.013388 6.071240 6.071240 11.897112 11.897112 11.897112 109542670.024248 6.071240 6.071240 3157352.498576 11.897112 1.000000
11.897112 11.897112 11.897112 11.897112 11.897112 11.897112 11.897112 11.897112 11.897112 827681.013388 6.071240 6.071240 11.897112 11.897112 11.897112 109542670.024248 6.071240 6.071240 3157352.498576 11.897112 1.000000
11.897112 11.897112 11.897112 11.897112 11.897112 11.897112 11.897112 11.897112 11.897112 827681.013388 6.071240 6.071240 11.897112 11.897112 11.897112 109542670.024248 6.071240 6.071240 3157352.498576 11.897112 1.000000
11.897112 11.897112 11.897112 11.897112 11.897112 11.897112 11.897112 11.897112 11.897112 827681.013388 6.071240 6.071240 11.897112 11.897112 11.897112 109542670.024248 6.071240 6.071240 3157352.498576 11.897112 1.000000
11.897112 11.897112 11.897112 11.897112 11.897112 11.897112 11.897112 11.897112 11.897112 827681.013388 6.071240 6.071240 11.897112 11.897112 11.897112 109542670.024248 6.071240 6.071240 3157352.498576 11.897112 1.000000
11.897112 11.897112 11.897112 11.897112 11.897112 11.897112 11.897112 11.897112 11.897112 827681.013388 6.071240 6.071240 11.897112 11.897112 11.897112 109542670.024248 6.071240 6.071240 3157352.498576 11.897112 1.000000
11.897112 11.897112 11.897112 11.897112 11.897112 11.897112 11.897112 11.897112 11.897112 827681.013388 6.071240 6.071240 11.897112 11.897112 11.897112 109542670.024248 6.071240 6.071240 3157352.498576 11.897112 1.000000
11.897112 11.897112 11.897112 11.897112 11.897112 11.897112 11.897112 11.897112 11.897112 827681.013388 6.071240 6.071240 11.897112 11.897112 11.897112 109542670.024248 6.071240 6.071240 3157352.498576 11.897112 1.000000
11.897112 11.897112 11.897112 11.897112 11.897112 11.897112 11.897112 11.897112 11.897112 827681.013388 6.071240 6.071240 11.897112 11.897112 11.897112 109542670.024248 6.071240 6.071240 3157352.498576 11.897112 1.000000
11.897112 11.897112 11.897112 11.897112 11.897112 11.897112 11.897112 11.897112 11.897112 827681.013388 6.071240 6.071240 11.897112 11.897112 11.897112 109542670.024248 6.071240 6.071240 3157352.498576 11.897112 1.000000
11.897112 11.897112 11.897112 11.897112 11.897112 11.897112 11.897112 11.897112 11.897112 827681.013388 6.071240 6.071240 11.897112 11.897112 11.897112 109542670.024248 6.071240 6.071240 3157352.498576 11.897112 1.000000
11.897112 11.897112 11.897112 11.897112 11.897112 11.897112 11.897112 11.897112 11.897112 827681.013388 6.071240 6.071240 11.897112 11.897112 11.897112 109542670.024248 6.071240 6.071240 3157352.498576 11.897112 1.000000
11.897112 11.897112 11.897112 11.897112 11.897112 11.897112 11.897112 11.897112 11.897112 827681.013388 6.071240 6.071240 11.897112 11.897112 11.897112 109542670.024248 6.071240 6.071240 3157352.498576 11.897112 1.000000
11.897112 11.897112 11.897112 11.897112 11.897112 11.897112 11.897112 11.897112 11.897112 827681.013388 6.071240 6.071240 11.897112 11.897112 11.897112 109542670.024248 6.071240 6.071240 3157352.498576 11.897112 1.000000
11.897112 11.897112 11.897112 11.897112 11.897112 11.897112 11.897112 11.897112 11.897112 827681.013388 6.071240 6.071240 11.897112 11.897112 11.897112 109542670.024248 6.071240 6.071240 3157352.498576 11.897112 1.000000
11.897112 11.897112 11.897112 11.897112 11.897112 11.897112 11.897112 11.897112 11.897112 827681.013388 6.071240 6.071240 11.897112 11.897112 11.897112 109542670.024248 6.071240 6.071240 3157352.498576 11.897112 1.000000
11.897112 11.897112 11.897112 11.897112 11.897112 11.897112 11.897112 11.897112 11.897112 827681.013388 6.071240 6.071240 11.897112 11.897112 11.897112 109542670.024248 6.071240 6.071240 3157352.498576 11.897112 1.000000
11.897112 11.897112 11.897112 11.897112 11.897112 11.897112 11.897112 11.897112 11.897112 827681.013388 6.071240 6.071240 11.897112 11.897112 11.897112 109542670.024248 6.071240 6.071240 3157352.498576 11.897112 1.000000
11.897112 11.897112 11.897112 11.897112 11.897112 11.897112 11.897112 11.897112 11.897112 827681.013388 6.071240 6.071240 11.897112 11.897112 11.897112 109542670.024248 6.071240 6.071240 3157352.498576 11.897112 1.000000
11.897112 11.897112 11.897112 11.897112 11.897112 11.897112 11.897112 11.897112 11.897112 827681.013388 6.071240 6.071240 11.897112 11.897112 11.897112 109542670.024248 6.071240 6.071240 3157352.498576 11.897112 1.000000
11.898840 11.898840 11.898840 11.898840 11.898840 11.898840 11.898840 11.898840 11.898840 662242.317267 6.072087 6.072087 11.898840 11.898840 14.835901 109558801.130876 6.072087 6.072087 3157817.446069 11.898840 1.000000
11.897112 11.897112 11.897112 11.897112 11.897112 11.897112 11.897112 11.897112 11.897112 827681.013388 6.071240 6.071240 11.897112 11.897112 11.897112 109542670.024248 6.071240 6.071240 3157352.498576 11.897112 1.000000
11.897112 11.897112 11.897112 11.897112 11.897112 11.897112 11.897112 11.897112 11.897112 827681.013388 6.071240 6.071240 11.897112 11.897112 11.897112 109542670.024248 6.071240 6.071240 3157352.498576 11.897112 1.000000
11.897112 11.897112 11.897112 11.897112 11.897112 11.897112 11.897112 11.897112 11.897112 827681.013388 6.071240 6.071240 11.897112 11.897112 11.897112 109542670.024248 6.071240 6.071240 3157352.498576 11.897112 1.000000
11.897112 11.897112 11.897112 11.897112 11.897112 11.897112 11.897112 11.897112 11.897112 827681.013388 6.071240 6.071240 11.897112 11.897112 11.897112 109542670.024248 6.071240 6.071240 3157352.498576 11.897112 1.000000
11.897112 11.897112 11.897112 11.897112 11.897112 11.897112 11.897112 11.897112 11.897112 827681.013388 6.071240 6.071240 11.897112 11.897112 11.897112 109542670.024248 6.071240 6.071240 3157352.498576 11.897112 1.000000
11.897112 11.897112 11.897112 11.897112 11.897112 11.897112 11.897112 11.897112 11.897112 827681.013388 6.071240 6.071240 11.897112 11.897112 11.897112 109542670.024248 6.071240 6.071240 3157352.498576 11.897112 1.000000
11.897112 11.897112 11.897112 11.897112 11.897112 11.897112 11.897112 11.897112 11.897112 827681.013388 6.071240 6.071240 11.897112 11.897112 11.897112 109542670.024248 6.071240 6.071240 3157352.498576 11.897112 1.000000
11.897112 11.897112 11.897112 11.897112 11.897112 11.897112 11.897112 11.897112 11.897112 827681.013388 6.071240 6.071240 11.897112 11.897112 11.897112 109542670.024248 6.071240 6.071240 3157352.498576 11.897112 1.000000
11.897112 11.897112 11.897112 11.897112 11.897112 11.897112 11.897112 11.897112 11.897112 827681.013388 6.071240 6.071240 11.897112 11.897112 11.897112 109542670.024248 6.071240 6.071240 3157352.498576 11.897112 1.000000
11.897112 11.897112 11.897112 11.897112 11.897112 11.897112 11.897112 11.897112 11.897112 827681.013388 6.071240 6.071240 11.897112 11.897112 11.897112 109542670.024248 6.071240 6.071240 3157352.498576 11.897112 1.000000
11.897112 11.897112 11.897112 11.897112 11.897112 11.897112 11.897112 11.897112 11.897112 827681.013388 6.071240 6.071240 11.897112 11.897112 11.897112 109542670.024248 6.071240 6.071240 3157352.498576 11.897112 1.000000
11.897112 11.897112 11.897112 11.897112 11.897112 11.897112 11.897112 11.897112 11.897112 827681.013388 6.071240 6.071240 11.897112 11.897112 11.897112 109542670.024248 6.071240 6.071240 3157352.498576 11.897112 1.000000
