0.000000 0.000000 0.000000 0.000000 0.000000 0.000000 0.000000 0.000000 0.000000 0.000000 0.000000 0.000000 0.000000 0.000000 0.000000 0.000000 0.000000 0.000000 0.000000 0.000000 0.000000
0.084174 0.084174 0.084174 0.084174 0.084174 0.084174 0.084174 0.084174 0.002386 0.004660 0.044359 0.018199 0.000626 0.034682 0.001222 0.000001 0.035512 0.044359 0.000977 0.011377 1.000000
0.084171 0.084171 0.084171 0.084171 0.084171 0.084171 0.084171 0.084171 0.004660 0.002386 0.011649 0.055385 0.000164 0.000977 0.027757 0.000002 0.022744 0.028422 0.004660 0.017772 1.000000
0.084170 0.084170 0.084170 0.084170 0.084170 0.084170 0.084170 0.084170 0.011376 0.000205 0.035510 0.044357 0.000782 0.011376 0.022211 0.000002 0.011649 0.035510 0.000782 0.009101 1.000000
0.084173 0.084173 0.084173 0.084173 0.084173 0.084173 0.084173 0.084173 0.007282 0.001909 0.055387 0.007456 0.000205 0.004660 0.011377 0.000002 0.018199 0.035512 0.000977 0.034681 1.000000
0.084239 0.084239 0.084239 0.084239 0.084239 0.084239 0.084239 0.084239 0.001528 0.002985 0.069169 0.086231 0.001910 0.000401 0.043357 0.000001 0.133332 0.018213 0.000401 0.022230 1.000000
0.084178 0.084178 0.084178 0.084178 0.084178 0.084178 0.084178 0.084178 0.001222 0.004661 0.044361 0.069119 0.000320 0.001909 0.014221 0.000002 0.022746 0.044361 0.003729 0.009102 1.000000
0.084709 0.084709 0.084709 0.084709 0.084709 0.084709 0.084709 0.084709 0.001921 0.002402 0.018316 0.055742 0.000322 0.003002 0.022355 0.000002 0.014655 0.035741 0.000984 0.034905 1.000000
0.084191 0.084191 0.084191 0.084191 0.084191 0.084191 0.084191 0.084191 0.005827 0.001909 0.035520 0.086183 0.000028 0.043332 0.011379 0.000002 0.022750 0.044368 0.001527 0.007283 1.000000
0.084172 0.084172 0.084172 0.084172 0.084172 0.084172 0.084172 0.084172 0.001527 0.011376 0.035511 0.055386 0.000034 0.005825 0.017772 0.000002 0.022744 0.028422 0.002983 0.014220 1.000000
0.084702 0.084702 0.084702 0.084702 0.084702 0.084702 0.084702 0.084702 0.004690 0.003002 0.035738 0.022889 0.000068 0.003752 0.027934 0.000002 0.028603 0.014654 0.001921 0.022353 1.000000
0.084170 0.084170 0.084170 0.084170 0.084170 0.084170 0.084170 0.084170 0.004660 0.002386 0.044357 0.044357 0.000164 0.002983 0.022211 0.000002 0.018198 0.028421 0.001527 0.014219 1.000000
0.084179 0.084179 0.084179 0.084179 0.084179 0.084179 0.084179 0.084179 0.002386 0.007282 0.035514 0.069120 0.000018 0.014221 0.011377 0.000004 0.007457 0.055391 0.003729 0.011377 1.000000
0.084163 0.084163 0.084163 0.084163 0.084163 0.084163 0.084163 0.084163 0.002982 0.004660 0.018197 0.014559 0.002982 0.000131 0.022209 0.000002 0.035507 0.018197 0.005825 0.009101 1.000000
0.084173 0.084173 0.084173 0.084173 0.084173 0.084173 0.084173 0.084173 0.002983 0.002983 0.044359 0.035512 0.000067 0.011377 0.027757 0.000002 0.035512 0.022745 0.000626 0.022212 1.000000
0.084718 0.084718 0.084718 0.084718 0.084718 0.084718 0.084718 0.084718 0.002402 0.001921 0.014656 0.055748 0.000165 0.034909 0.003753 0.000002 0.022894 0.044648 0.000787 0.043606 1.000000
0.084734 0.084734 0.084734 0.084734 0.084734 0.084734 0.084734 0.084734 0.005865 0.001537 0.044657 0.069578 0.000787 0.022362 0.014316 0.000001 0.086738 0.055759 0.000206 0.003003 1.000000
0.084214 0.084214 0.084214 0.084214 0.084214 0.084214 0.084214 0.084214 0.005828 0.004663 0.044380 0.018208 0.000205 0.022223 0.002984 0.000000 0.055414 0.133293 0.000782 0.011382 1.000000
0.084167 0.084167 0.084167 0.084167 0.084167 0.084167 0.084167 0.084167 0.005825 0.000977 0.028420 0.014560 0.000131 0.005825 0.011376 0.000004 0.011649 0.035509 0.002982 0.034679 1.000000
0.084181 0.084181 0.084181 0.084181 0.084181 0.084181 0.084181 0.084181 0.000500 0.005826 0.055392 0.069121 0.000164 0.002386 0.017774 0.000002 0.022747 0.028425 0.003729 0.022214 1.000000
0.084192 0.084192 0.084192 0.084192 0.084192 0.084192 0.084192 0.084192 0.003729 0.002387 0.018203 0.086184 0.000067 0.043333 0.014223 0.000002 0.011652 0.035520 0.000256 0.034690 1.000000
0.084172 0.084172 0.084172 0.084172 0.084172 0.084172 0.084172 0.084172 0.004660 0.002386 0.028422 0.035512 0.000164 0.009102 0.009102 0.000001 0.035512 0.035512 0.000626 0.034681 1.000000
0.084182 0.084182 0.084182 0.084182 0.084182 0.084182 0.084182 0.084182 0.007282 0.001909 0.004773 0.035516 0.000131 0.017775 0.014221 0.000001 0.086173 0.028425 0.000782 0.017775 1.000000
0.084170 0.084170 0.084170 0.084170 0.084170 0.084170 0.084170 0.084170 0.005825 0.002983 0.035511 0.018198 0.000164 0.002386 0.014219 0.000002 0.018198 0.055385 0.001909 0.022211 1.000000
0.084179 0.084179 0.084179 0.084179 0.084179 0.084179 0.084179 0.084179 0.005826 0.001909 0.018200 0.035514 0.000084 0.001909 0.014221 0.000001 0.035514 0.055391 0.003729 0.043326 1.000000
0.084191 0.084191 0.084191 0.084191 0.084191 0.084191 0.084191 0.084191 0.000782 0.004661 0.055399 0.069130 0.000034 0.014223 0.014223 0.000001 0.069130 0.018203 0.002387 0.027763 1.000000
0.084265 0.084265 0.084265 0.084265 0.084265 0.084265 0.084265 0.084265 0.000401 0.000783 0.086258 0.133372 0.000084 0.022236 0.043370 0.000001 0.069191 0.044407 0.000501 0.067584 1.000000
0.084245 0.084245 0.084245 0.084245 0.084245 0.084245 0.084245 0.084245 0.000401 0.000164 0.055435 0.069174 0.000014 0.034712 0.043360 0.000000 0.044397 0.133342 0.034712 0.027781 1.000000
0.084206 0.084206 0.084206 0.084206 0.084206 0.084206 0.084206 0.084206 0.002387 0.000400 0.055409 0.069142 0.000131 0.017780 0.043340 0.000002 0.086197 0.011654 0.000626 0.027768 1.000000
0.084829 0.084829 0.084829 0.084829 0.084829 0.084829 0.084829 0.084829 0.000207 0.002405 0.166170 0.055822 0.000035 0.000323 0.054522 0.000001 0.044708 0.086835 0.054522 0.054522 1.000000
0.084317 0.084317 0.084317 0.084317 0.084317 0.084317 0.084317 0.084317 0.000205 0.000043 0.044435 0.133454 0.000007 0.054190 0.067626 0.000000 0.069234 0.069234 0.084317 0.067626 1.000000
0.084198 0.084198 0.084198 0.084198 0.084198 0.084198 0.084198 0.084198 0.007284 0.002984 0.035522 0.086189 0.000002 0.054112 0.027766 0.000007 0.011653 0.000262 0.009104 0.027766 1.000000
0.084201 0.084201 0.084201 0.084201 0.084201 0.084201 0.084201 0.084201 0.084201 0.002984 0.005967 0.022752 0.000001 0.022219 0.022219 0.000006 0.005967 0.000410 0.022219 0.027767 1.000000
0.084741 0.084741 0.084741 0.084741 0.084741 0.084741 0.084741 0.084741 0.002402 0.004692 0.035754 0.014660 0.001230 0.001538 0.043618 0.000000 0.086744 0.069583 0.000085 0.043618 1.000000
0.084279 0.084279 0.084279 0.084279 0.084279 0.084279 0.084279 0.084279 0.000321 0.000401 0.107396 0.133394 0.000011 0.022240 0.043378 0.000000 0.086272 0.086272 0.014238 0.034726 1.000000
0.084240 0.084240 0.084240 0.084240 0.084240 0.084240 0.084240 0.084240 0.000401 0.000321 0.086232 0.107347 0.000014 0.027780 0.043358 0.000001 0.086232 0.035540 0.011386 0.034709 1.000000
0.084283 0.084283 0.084283 0.084283 0.084283 0.084283 0.084283 0.084283 0.000401 0.000501 0.086276 0.107400 0.000006 0.054167 0.084283 0.000001 0.086276 0.055459 0.003733 0.043380 1.000000
0.084215 0.084215 0.084215 0.084215 0.084215 0.084215 0.084215 0.084215 0.001910 0.000978 0.069149 0.022756 0.000131 0.054124 0.017782 0.000001 0.107315 0.018208 0.000401 0.027771 1.000000
0.084252 0.084252 0.084252 0.084252 0.084252 0.084252 0.084252 0.084252 0.000321 0.001911 0.035545 0.133352 0.000002 0.034714 0.027784 0.000000 0.044400 0.107361 0.027784 0.034714 1.000000
0.084774 0.084774 0.084774 0.084774 0.084774 0.084774 0.084774 0.084774 0.000984 0.002403 0.086779 0.108021 0.000005 0.034932 0.009168 0.000006 0.086779 0.001008 0.009168 0.054486 1.000000
0.084325 0.084325 0.084325 0.084325 0.084325 0.084325 0.084325 0.084325 0.000501 0.000627 0.086319 0.165221 0.000105 0.022253 0.043402 0.000000 0.086319 0.133465 0.000401 0.054195 1.000000
0.084297 0.084297 0.084297 0.084297 0.084297 0.084297 0.084297 0.084297 0.000401 0.002390 0.069217 0.107418 0.000131 0.067610 0.017799 0.000000 0.133422 0.107418 0.000164 0.043387 1.000000
0.084216 0.084216 0.084216 0.084216 0.084216 0.084216 0.084216 0.084216 0.004663 0.011382 0.086207 0.069150 0.000054 0.000626 0.067544 0.000006 0.003056 0.001001 0.002387 0.043345 1.000000
0.084225 0.084225 0.084225 0.084225 0.084225 0.084225 0.084225 0.084225 0.000978 0.001528 0.107328 0.069158 0.000131 0.014229 0.043350 0.000003 0.055421 0.004775 0.000256 0.054130 1.000000
0.084224 0.084224 0.084224 0.084224 0.084224 0.084224 0.084224 0.084224 0.000782 0.000978 0.069157 0.055421 0.000205 0.022226 0.067551 0.000000 0.069157 0.069157 0.000256 0.027774 1.000000
0.084258 0.084258 0.084258 0.084258 0.084258 0.084258 0.084258 0.084258 0.000401 0.001529 0.086251 0.086251 0.000067 0.054152 0.034717 0.000000 0.107370 0.069185 0.000321 0.043367 1.000000
0.084200 0.084200 0.084200 0.084200 0.084200 0.084200 0.084200 0.084200 0.022219 0.002387 0.044373 0.055405 0.000011 0.004662 0.017779 0.000007 0.000028 0.055405 0.007284 0.067532 1.000000
0.084231 0.084231 0.084231 0.084231 0.084231 0.084231 0.084231 0.084231 0.000782 0.002985 0.107335 0.069163 0.000205 0.001910 0.043353 0.000001 0.044389 0.086223 0.000782 0.034706 1.000000
0.084210 0.084210 0.084210 0.084210 0.084210 0.084210 0.084210 0.084210 0.005828 0.003730 0.086201 0.069145 0.000501 0.001910 0.067540 0.000006 0.009324 0.000801 0.000205 0.027770 1.000000
0.084252 0.084252 0.084252 0.084252 0.084252 0.084252 0.084252 0.084252 0.000401 0.005831 0.069180 0.055439 0.000000 0.043363 0.054147 0.000001 0.044400 0.107361 0.011387 0.067573 1.000000
0.084261 0.084261 0.084261 0.084261 0.084261 0.084261 0.084261 0.084261 0.000054 0.084261 0.086254 0.055445 0.000018 0.067581 0.014235 0.000001 0.055445 0.035549 0.000321 0.054153 1.000000
0.084808 0.084808 0.084808 0.084808 0.084808 0.084808 0.084808 0.084808 0.084808 0.000258 0.055808 0.108063 0.000003 0.027969 0.068021 0.000006 0.009391 0.000264 0.001539 0.068021 1.000000
0.084837 0.084837 0.084837 0.084837 0.084837 0.084837 0.084837 0.084837 0.000258 0.000106 0.086843 0.108100 0.000011 0.068045 0.034958 0.000000 0.108100 0.108100 0.022389 0.054526 1.000000
0.084271 0.084271 0.084271 0.084271 0.084271 0.084271 0.084271 0.084271 0.009113 0.002389 0.133382 0.107386 0.000084 0.002389 0.067589 0.000007 0.000028 0.086264 0.000783 0.034722 1.000000
0.084283 0.084283 0.084283 0.084283 0.084283 0.084283 0.084283 0.084283 0.007291 0.005833 0.165141 0.107400 0.000018 0.027794 0.054167 0.000006 0.028460 0.000023 0.000257 0.054167 1.000000
0.084423 0.084423 0.084423 0.084423 0.084423 0.084423 0.084423 0.084423 0.007304 0.000004 0.165405 0.165405 0.000007 0.022279 0.043453 0.000000 0.133617 0.133617 0.084423 0.027841 1.000000
0.084404 0.084404 0.084404 0.084404 0.084404 0.084404 0.084404 0.084404 0.000009 0.084404 0.165369 0.107553 0.000043 0.084404 0.043443 0.000000 0.107553 0.107553 0.000084 0.067696 1.000000
0.084342 0.084342 0.084342 0.084342 0.084342 0.084342 0.084342 0.084342 0.000627 0.000321 0.107475 0.069254 0.000014 0.084342 0.043410 0.000000 0.133492 0.107475 0.001224 0.084342 1.000000
0.084342 0.084342 0.084342 0.084342 0.084342 0.084342 0.084342 0.084342 0.000501 0.000501 0.107475 0.133491 0.000011 0.022257 0.084342 0.000000 0.086336 0.107475 0.001530 0.084342 1.000000
0.084327 0.084327 0.084327 0.084327 0.084327 0.084327 0.084327 0.084327 0.000401 0.000131 0.069242 0.107456 0.000018 0.004669 0.054196 0.000000 0.107456 0.133469 0.084327 0.054196 1.000000
0.084881 0.084881 0.084881 0.084881 0.084881 0.084881 0.084881 0.084881 0.084881 0.027994 0.086888 0.108156 0.000000 0.000035 0.084881 0.000006 0.035814 0.000018 0.084881 0.084881 1.000000
0.084259 0.084259 0.084259 0.084259 0.084259 0.084259 0.084259 0.084259 0.011388 0.000978 0.107370 0.069186 0.000018 0.027786 0.084259 0.000007 0.086252 0.000035 0.000501 0.043367 1.000000
0.084390 0.084390 0.084390 0.084390 0.084390 0.084390 0.084390 0.084390 0.000054 0.000401 0.165343 0.133566 0.000002 0.043435 0.054237 0.000000 0.133566 0.069294 0.084390 0.054237 1.000000
0.084868 0.084868 0.084868 0.084868 0.084868 0.084868 0.084868 0.084868 0.003008 0.001540 0.134307 0.166242 0.000002 0.003008 0.043684 0.000007 0.000055 0.086875 0.084868 0.034971 1.000000
0.084370 0.084370 0.084370 0.084370 0.084370 0.084370 0.084370 0.084370 0.084370 0.000006 0.086365 0.107511 0.000000 0.022265 0.067669 0.000001 0.133535 0.002449 0.084370 0.084370 1.000000
0.084308 0.084308 0.084308 0.084308 0.084308 0.084308 0.084308 0.084308 0.000979 0.002988 0.165189 0.133439 0.000002 0.009117 0.054184 0.000007 0.028468 0.000135 0.067618 0.034738 1.000000
0.084375 0.084375 0.084375 0.084375 0.084375 0.084375 0.084375 0.084375 0.000105 0.000205 0.133543 0.107517 0.000002 0.084375 0.054227 0.000000 0.133543 0.028491 0.084375 0.067672 1.000000
0.084306 0.084306 0.084306 0.084306 0.084306 0.084306 0.084306 0.084306 0.000627 0.067617 0.086300 0.086300 0.000002 0.084306 0.054183 0.000007 0.000018 0.069224 0.000401 0.084306 1.000000
0.084262 0.084262 0.084262 0.084262 0.084262 0.084262 0.084262 0.084262 0.011389 0.001529 0.107375 0.133369 0.000067 0.009112 0.054154 0.000006 0.007464 0.000263 0.000256 0.067582 1.000000
0.084331 0.084331 0.084331 0.084331 0.084331 0.084331 0.084331 0.084331 0.000164 0.002391 0.165232 0.107461 0.000003 0.017807 0.054199 0.000000 0.086325 0.133475 0.022254 0.027810 1.000000
0.084378 0.084378 0.084378 0.084378 0.084378 0.084378 0.084378 0.084378 0.084378 0.000006 0.107521 0.107521 0.000001 0.034767 0.067675 0.000001 0.001568 0.165321 0.034767 0.084378 1.000000
0.084330 0.084330 0.084330 0.084330 0.084330 0.084330 0.084330 0.084330 0.014247 0.000501 0.107460 0.086324 0.000000 0.084330 0.084330 0.000006 0.133474 0.000014 0.027810 0.054198 1.000000
0.084901 0.084901 0.084901 0.084901 0.084901 0.084901 0.084901 0.084901 0.000505 0.003009 0.134358 0.108181 0.000000 0.084901 0.054568 0.000004 0.166304 0.000517 0.043701 0.054568 1.000000
0.084296 0.084296 0.084296 0.084296 0.084296 0.084296 0.084296 0.084296 0.000401 0.001912 0.107418 0.107418 0.084296 0.043387 0.000000 0.000002 0.011667 0.055469 0.017799 0.084296 1.000000
0.084316 0.084316 0.084316 0.084316 0.084316 0.084316 0.084316 0.084316 0.084316 0.000084 0.086310 0.086310 0.000000 0.084316 0.054189 0.000000 0.107443 0.069233 0.014244 0.027805 1.000000
0.084388 0.084388 0.084388 0.084388 0.084388 0.084388 0.084388 0.084388 0.084388 0.000034 0.133564 0.107534 0.000005 0.067683 0.067683 0.000000 0.133564 0.107534 0.000502 0.054236 1.000000
0.084402 0.084402 0.084402 0.084402 0.084402 0.084402 0.084402 0.084402 0.003739 0.002393 0.165365 0.165365 0.000000 0.027834 0.067694 0.000007 0.165365 0.000018 0.009127 0.067694 1.000000
0.084463 0.084463 0.084463 0.084463 0.084463 0.084463 0.084463 0.084463 0.000067 0.000257 0.165481 0.165481 0.000001 0.084463 0.067744 0.000000 0.165481 0.044513 0.084463 0.054284 1.000000
0.084448 0.084448 0.084448 0.084448 0.084448 0.084448 0.084448 0.084448 0.000105 0.000502 0.133656 0.165452 0.000000 0.067731 0.084448 0.000000 0.165452 0.086445 0.043466 0.084448 1.000000
0.084386 0.084386 0.084386 0.084386 0.084386 0.084386 0.084386 0.084386 0.002392 0.003738 0.107530 0.165335 0.000000 0.084386 0.084386 0.000007 0.011679 0.000168 0.084386 0.084386 1.000000
0.084454 0.084454 0.084454 0.084454 0.084454 0.084454 0.084454 0.084454 0.084454 0.084454 0.133665 0.133665 0.000000 0.084454 0.067736 0.000000 0.165463 0.000135 0.000257 0.067736 1.000000
0.084368 0.084368 0.084368 0.084368 0.084368 0.084368 0.084368 0.084368 0.000627 0.084368 0.086363 0.165302 0.000000 0.043424 0.084368 0.000007 0.000044 0.086363 0.002392 0.084368 1.000000
0.084391 0.084391 0.084391 0.084391 0.084391 0.084391 0.084391 0.084391 0.000627 0.084391 0.165346 0.165346 0.000000 0.007301 0.084391 0.000007 0.044475 0.000018 0.067686 0.043436 0.353245
0.084321 0.084321 0.084321 0.084321 0.084321 0.084321 0.084321 0.084321 0.084321 0.084321 0.086315 0.133459 0.000000 0.009118 0.067629 0.000001 0.018231 0.000263 0.000131 0.054192 1.000000
0.084410 0.084410 0.084410 0.084410 0.084410 0.084410 0.084410 0.084410 0.000321 0.084410 0.165380 0.165380 0.000000 0.054250 0.084410 0.000006 0.044484 0.000023 0.014260 0.084410 1.000000
0.084455 0.084455 0.084455 0.084455 0.084455 0.084455 0.084455 0.084455 0.000006 0.067737 0.133667 0.133667 0.000001 0.084455 0.084455 0.000000 0.133667 0.165466 0.005845 0.054279 1.000000
0.084295 0.084295 0.084295 0.084295 0.084295 0.084295 0.084295 0.084295 0.003734 0.004667 0.133419 0.107416 0.000007 0.034732 0.067608 0.000006 0.107416 0.000028 0.000501 0.054175 1.000000
0.084351 0.084351 0.084351 0.084351 0.084351 0.084351 0.084351 0.084351 0.000034 0.084351 0.107487 0.107487 0.000006 0.000501 0.067654 0.000000 0.086346 0.133507 0.022260 0.067654 1.000000
0.084400 0.084400 0.084400 0.084400 0.084400 0.084400 0.084400 0.084400 0.084400 0.002393 0.165363 0.133583 0.000000 0.000034 0.067693 0.000000 0.069302 0.014601 0.084400 0.084400 1.000000
0.084436 0.084436 0.084436 0.084436 0.084436 0.084436 0.084436 0.084436 0.000018 0.084436 0.069332 0.165430 0.000000 0.084436 0.084436 0.000003 0.165430 0.002451 0.009131 0.084436 1.000000
0.084367 0.084367 0.084367 0.084367 0.084367 0.084367 0.084367 0.084367 0.084367 0.000164 0.133530 0.133530 0.000000 0.067666 0.043423 0.000005 0.044461 0.000028 0.084367 0.067666 0.340022
0.084416 0.084416 0.084416 0.084416 0.084416 0.084416 0.084416 0.084416 0.000105 0.000206 0.107569 0.165393 0.000001 0.084416 0.084416 0.000003 0.133607 0.003063 0.084416 0.067706 1.000000
0.083975 0.083975 0.083975 0.083975 0.083975 0.083975 0.083975 0.083975 0.083975 0.083975 0.132924 0.164563 0.000000 0.053968 0.083975 0.000000 0.132924 0.164563 0.000499 0.067351 1.000000
0.084458 0.084458 0.084458 0.084458 0.084458 0.084458 0.084458 0.084458 0.000002 0.067740 0.165471 0.133672 0.000002 0.084458 0.043471 0.000000 0.165471 0.107622 0.007307 0.084458 1.000000
0.084319 0.084319 0.084319 0.084319 0.084319 0.084319 0.084319 0.084319 0.084319 0.000164 0.086313 0.165210 0.000018 0.022251 0.067628 0.000005 0.014587 0.000168 0.000401 0.067628 1.000000
0.084347 0.084347 0.084347 0.084347 0.084347 0.084347 0.084347 0.084347 0.002989 0.000022 0.107482 0.107482 0.000001 0.027815 0.084347 0.000002 0.133500 0.003826 0.084347 0.067650 1.000000
0.084354 0.084354 0.084354 0.084354 0.084354 0.084354 0.084354 0.084354 0.084354 0.000321 0.165275 0.133510 0.000000 0.034757 0.067656 0.000005 0.044455 0.000023 0.017811 0.067656 1.000000
0.084453 0.084453 0.084453 0.084453 0.084453 0.084453 0.084453 0.084453 0.084453 0.084453 0.133664 0.133664 0.000003 0.043468 0.084453 0.000000 0.001004 0.165462 0.000002 0.084453 1.000000
0.084352 0.084352 0.084352 0.084352 0.084352 0.084352 0.084352 0.084352 0.003736 0.000979 0.133508 0.133508 0.000000 0.084352 0.067654 0.000006 0.000035 0.069263 0.067654 0.067654 1.000000
0.084436 0.084436 0.084436 0.084436 0.084436 0.084436 0.084436 0.084436 0.084436 0.084436 0.133637 0.165429 0.000000 0.084436 0.027845 0.000000 0.133637 0.000803 0.007305 0.067722 1.000000
0.084428 0.084428 0.084428 0.084428 0.084428 0.084428 0.084428 0.084428 0.084428 0.084428 0.133625 0.165414 0.000000 0.084428 0.067715 0.000002 0.044494 0.000023 0.000022 0.084428 1.000000
0.084436 0.084436 0.084436 0.084436 0.084436 0.084436 0.084436 0.084436 0.084436 0.084436 0.022817 0.133638 0.084436 0.084436 0.084436 0.000001 0.165431 0.000018 0.002992 0.000000 1.000000
0.084354 0.084354 0.084354 0.084354 0.084354 0.084354 0.084354 0.084354 0.002989 0.000627 0.165276 0.165276 0.000000 0.067656 0.067656 0.000007 0.003826 0.000802 0.017812 0.067656 1.000000
0.084456 0.084456 0.084456 0.084456 0.084456 0.084456 0.084456 0.084456 0.000321 0.084456 0.133669 0.165468 0.000000 0.014268 0.084456 0.000006 0.165468 0.000018 0.084456 0.067738 1.000000
0.083975 0.083975 0.083975 0.083975 0.083975 0.083975 0.083975 0.083975 0.083975 0.000164 0.132924 0.132924 0.000000 0.053968 0.083975 0.000000 0.164563 0.164563 0.083975 0.067351 1.000000
0.084408 0.084408 0.084408 0.084408 0.084408 0.084408 0.084408 0.084408 0.084408 0.000067 0.165378 0.133595 0.000000 0.084408 0.084408 0.000005 0.055543 0.000028 0.007302 0.084408 1.000000
0.084483 0.084483 0.084483 0.084483 0.084483 0.084483 0.084483 0.084483 0.084483 0.000009 0.133711 0.107654 0.000084 0.084483 0.067760 0.000000 0.165519 0.165519 0.000054 0.084483 1.000000
0.084373 0.084373 0.084373 0.084373 0.084373 0.084373 0.084373 0.084373 0.084373 0.084373 0.107515 0.165312 0.000006 0.000131 0.067671 0.000001 0.011678 0.000263 0.000502 0.084373 1.000000
0.084459 0.084459 0.084459 0.084459 0.084459 0.084459 0.084459 0.084459 0.084459 0.000043 0.165472 0.133673 0.000002 0.067740 0.067740 0.000000 0.165472 0.107622 0.000628 0.067740 1.000000
0.084009 0.084009 0.084009 0.084009 0.084009 0.084009 0.084009 0.084009 0.084009 0.084009 0.132977 0.164627 0.000000 0.084009 0.053990 0.000000 0.164627 0.132977 0.084009 0.067378 1.000000
0.084445 0.084445 0.084445 0.084445 0.084445 0.084445 0.084445 0.084445 0.000132 0.084445 0.165447 0.133652 0.000000 0.084445 0.067729 0.000006 0.165447 0.000018 0.022285 0.067729 1.000000
0.084418 0.084418 0.084418 0.084418 0.084418 0.084418 0.084418 0.084418 0.084418 0.000084 0.165396 0.133610 0.000000 0.084418 0.067707 0.000006 0.055549 0.000014 0.084418 0.067707 1.000000
0.084404 0.084404 0.084404 0.084404 0.084404 0.084404 0.084404 0.084404 0.000105 0.084404 0.069305 0.165369 0.000000 0.084404 0.084404 0.000006 0.011682 0.000210 0.084404 0.084404 0.344184
0.084444 0.084444 0.084444 0.084444 0.084444 0.084444 0.084444 0.084444 0.000043 0.084444 0.133650 0.133650 0.000000 0.084444 0.084444 0.000005 0.165445 0.000263 0.001915 0.084444 1.000000
0.084447 0.084447 0.084447 0.084447 0.084447 0.084447 0.084447 0.084447 0.000206 0.084447 0.133655 0.165451 0.000000 0.084447 0.084447 0.000006 0.165451 0.000018 0.003741 0.054274 1.000000
0.083976 0.083976 0.083976 0.083976 0.083976 0.083976 0.083976 0.083976 0.083976 0.083976 0.132924 0.132924 0.000000 0.083976 0.083976 0.000001 0.164564 0.000018 0.083976 0.083976 1.000000
0.084390 0.084390 0.084390 0.084390 0.084390 0.084390 0.084390 0.084390 0.000257 0.084390 0.107536 0.165343 0.000009 0.084390 0.084390 0.000007 0.044474 0.000028 0.000084 0.084390 1.000000
0.084474 0.084474 0.084474 0.084474 0.084474 0.084474 0.084474 0.084474 0.084474 0.084474 0.133697 0.165502 0.000000 0.084474 0.084474 0.000002 0.044519 0.000018 0.084474 0.084474 1.000000
0.084440 0.084440 0.084440 0.084440 0.084440 0.084440 0.084440 0.084440 0.084440 0.000257 0.107599 0.165437 0.000000 0.084440 0.084440 0.000006 0.165437 0.000023 0.003740 0.067725 1.000000
0.084342 0.084342 0.084342 0.084342 0.084342 0.084342 0.084342 0.084342 0.084342 0.007296 0.107475 0.107475 0.000000 0.000501 0.067646 0.000007 0.000035 0.055499 0.084342 0.084342 1.000000
0.084396 0.084396 0.084396 0.084396 0.084396 0.084396 0.084396 0.084396 0.084396 0.007301 0.133576 0.133576 0.000001 0.067690 0.084396 0.000006 0.133576 0.000018 0.000054 0.067690 1.000000
0.085015 0.085015 0.085015 0.085015 0.085015 0.085015 0.085015 0.085015 0.085015 0.003013 0.108325 0.166518 0.000000 0.085015 0.068188 0.000001 0.166518 0.003085 0.085015 0.085015 1.000000
0.084477 0.084477 0.084477 0.084477 0.084477 0.084477 0.084477 0.084477 0.084477 0.084477 0.133701 0.165507 0.000000 0.084477 0.084477 0.000001 0.000028 0.055589 0.084477 0.084477 1.000000
0.084440 0.084440 0.084440 0.084440 0.084440 0.084440 0.084440 0.084440 0.084440 0.000009 0.133644 0.165437 0.000000 0.084440 0.084440 0.000005 0.044500 0.000035 0.084440 0.084440 1.000000
0.084404 0.084404 0.084404 0.084404 0.084404 0.084404 0.084404 0.084404 0.084404 0.084404 0.055540 0.165369 0.000000 0.084404 0.084404 0.000002 0.044481 0.000028 0.000132 0.084404 0.356472
0.084456 0.084456 0.084456 0.084456 0.084456 0.084456 0.084456 0.084456 0.000402 0.084456 0.165467 0.165467 0.000000 0.009133 0.084456 0.000006 0.133668 0.000018 0.084456 0.067738 1.000000
0.083999 0.083999 0.083999 0.083999 0.083999 0.083999 0.083999 0.083999 0.083999 0.083999 0.164607 0.164607 0.000000 0.083999 0.083999 0.000001 0.132960 0.000028 0.083999 0.083999 1.000000
0.084490 0.084490 0.084490 0.084490 0.084490 0.084490 0.084490 0.084490 0.084490 0.084490 0.133721 0.165531 0.000000 0.004678 0.084490 0.000001 0.165531 0.000018 0.084490 0.067765 0.336252
0.083976 0.083976 0.083976 0.083976 0.083976 0.083976 0.083976 0.083976 0.083976 0.000067 0.164564 0.164564 0.000000 0.083976 0.083976 0.000005 0.164564 0.000022 0.083976 0.067351 1.000000
0.083957 0.083957 0.083957 0.083957 0.083957 0.083957 0.083957 0.083957 0.083957 0.083957 0.164528 0.164528 0.000000 0.083957 0.083957 0.000001 0.018152 0.000086 0.083957 0.083957 0.345973
0.084470 0.084470 0.084470 0.084470 0.084470 0.084470 0.084470 0.084470 0.084470 0.084470 0.165494 0.165494 0.000000 0.000257 0.084470 0.000001 0.000028 0.069360 0.084470 0.084470 1.000000
0.084430 0.084430 0.084430 0.084430 0.084430 0.084430 0.084430 0.084430 0.084430 0.084430 0.165419 0.133629 0.000000 0.084430 0.067717 0.000002 0.055557 0.000018 0.000105 0.084430 0.352990
0.084474 0.084474 0.084474 0.084474 0.084474 0.084474 0.084474 0.084474 0.084474 0.084474 0.107642 0.165502 0.000000 0.084474 0.084474 0.000001 0.165502 0.000023 0.000011 0.067753 1.000000
0.084473 0.084473 0.084473 0.084473 0.084473 0.084473 0.084473 0.084473 0.084473 0.084473 0.133694 0.165499 0.000000 0.084473 0.084473 0.000002 0.035640 0.000023 0.084473 0.084473 1.000000
0.084474 0.084474 0.084474 0.084474 0.084474 0.084474 0.084474 0.084474 0.084474 0.084474 0.133697 0.165502 0.000000 0.084474 0.084474 0.000002 0.044519 0.000018 0.084474 0.084474 0.336343
0.083999 0.083999 0.083999 0.083999 0.083999 0.083999 0.083999 0.083999 0.083999 0.083999 0.132960 0.164607 0.000000 0.083999 0.083999 0.000001 0.164607 0.000018 0.083999 0.083999 1.000000
0.084474 0.084474 0.084474 0.084474 0.084474 0.084474 0.084474 0.084474 0.084474 0.084474 0.133697 0.165502 0.000000 0.084474 0.084474 0.000002 0.044519 0.000018 0.084474 0.084474 1.000000
0.084076 0.084076 0.084076 0.084076 0.084076 0.084076 0.084076 0.084076 0.084076 0.084076 0.164752 0.164752 0.000000 0.084076 0.084076 0.000000 0.164752 0.164752 0.084076 0.067432 1.000000
0.084455 0.084455 0.084455 0.084455 0.084455 0.084455 0.084455 0.084455 0.084455 0.000067 0.165466 0.133668 0.000000 0.084455 0.067737 0.000004 0.165466 0.000028 0.005845 0.084455 1.000000
0.084054 0.084054 0.084054 0.084054 0.084054 0.084054 0.084054 0.084054 0.084054 0.084054 0.164711 0.164711 0.000000 0.001525 0.084054 0.000000 0.164711 0.164711 0.084054 0.084054 1.000000
0.083976 0.083976 0.083976 0.083976 0.083976 0.083976 0.083976 0.083976 0.000034 0.083976 0.164564 0.164564 0.000000 0.083976 0.083976 0.000007 0.164564 0.000035 0.083976 0.067351 1.000000
0.084490 0.084490 0.084490 0.084490 0.084490 0.084490 0.084490 0.084490 0.084490 0.084490 0.133721 0.165531 0.000000 0.084490 0.084490 0.000001 0.165531 0.000018 0.000132 0.067765 1.000002
0.084474 0.084474 0.084474 0.084474 0.084474 0.084474 0.084474 0.084474 0.084474 0.084474 0.133697 0.165502 0.000000 0.084474 0.084474 0.000002 0.044519 0.000018 0.084474 0.084474 1.000000
0.083999 0.083999 0.083999 0.083999 0.083999 0.083999 0.083999 0.083999 0.083999 0.083999 0.132960 0.164607 0.000000 0.083999 0.083999 0.000001 0.164607 0.000014 0.083999 0.083999 1.000000
0.083988 0.083988 0.083988 0.083988 0.083988 0.083988 0.083988 0.083988 0.000624 0.083988 0.164588 0.164588 0.083988 0.083988 0.000000 0.000001 0.164588 0.014529 0.083988 0.083988 1.000000
0.084034 0.084034 0.084034 0.084034 0.084034 0.084034 0.084034 0.084034 0.000001 0.084034 0.164673 0.164673 0.000000 0.084034 0.084034 0.000000 0.164673 0.164673 0.084034 0.054006 1.000000
0.084370 0.084370 0.084370 0.084370 0.084370 0.084370 0.084370 0.084370 0.000321 0.084370 0.133535 0.133535 0.000006 0.084370 0.067668 0.000006 0.044463 0.000023 0.000164 0.084370 0.353279
0.084426 0.084426 0.084426 0.084426 0.084426 0.084426 0.084426 0.084426 0.000321 0.084426 0.165410 0.165410 0.000000 0.009129 0.084426 0.000007 0.022814 0.000055 0.084426 0.084426 0.346346
0.084443 0.084443 0.084443 0.084443 0.084443 0.084443 0.084443 0.084443 0.084443 0.084443 0.133648 0.165442 0.000000 0.084443 0.084443 0.000002 0.055566 0.000023 0.000132 0.084443 1.000000
0.084452 0.084452 0.084452 0.084452 0.084452 0.084452 0.084452 0.084452 0.000054 0.067735 0.165460 0.165460 0.000000 0.084452 0.067735 0.000006 0.000028 0.086449 0.084452 0.084452 1.000000
0.084477 0.084477 0.084477 0.084477 0.084477 0.084477 0.084477 0.084477 0.084477 0.084477 0.133701 0.165507 0.000000 0.084477 0.084477 0.000002 0.055589 0.000018 0.084477 0.084477 1.000000
0.083999 0.083999 0.083999 0.083999 0.083999 0.083999 0.083999 0.083999 0.083999 0.083999 0.132960 0.164607 0.000000 0.083999 0.083999 0.000001 0.164607 0.000018 0.083999 0.083999 1.000000
0.084462 0.084462 0.084462 0.084462 0.084462 0.084462 0.084462 0.084462 0.084462 0.084462 0.133678 0.165479 0.000000 0.084462 0.067743 0.000002 0.044512 0.000018 0.084462 0.084462 0.352830
0.084474 0.084474 0.084474 0.084474 0.084474 0.084474 0.084474 0.084474 0.084474 0.084474 0.107642 0.165502 0.000000 0.084474 0.084474 0.000001 0.165502 0.000023 0.000018 0.067753 1.000000
0.084462 0.084462 0.084462 0.084462 0.084462 0.084462 0.084462 0.084462 0.084462 0.084462 0.133678 0.165479 0.000000 0.084462 0.084462 0.000002 0.044512 0.000018 0.084462 0.067743 0.356198
0.084468 0.084468 0.084468 0.084468 0.084468 0.084468 0.084468 0.084468 0.084468 0.000067 0.133687 0.165490 0.000000 0.011417 0.084468 0.000006 0.165490 0.000018 0.084468 0.084468 1.000000
0.084477 0.084477 0.084477 0.084477 0.084477 0.084477 0.084477 0.084477 0.084477 0.084477 0.133701 0.165507 0.000000 0.084477 0.084477 0.000002 0.055589 0.000018 0.084477 0.084477 1.000000
0.084470 0.084470 0.084470 0.084470 0.084470 0.084470 0.084470 0.084470 0.084470 0.084470 0.133690 0.165494 0.000000 0.084470 0.084470 0.000001 0.011691 0.000169 0.084470 0.084470 0.342065
0.084432 0.084432 0.084432 0.084432 0.084432 0.084432 0.084432 0.084432 0.000321 0.084432 0.165422 0.165422 0.000000 0.009130 0.084432 0.000007 0.055559 0.000023 0.084432 0.084432 0.353007
0.084424 0.084424 0.084424 0.084424 0.084424 0.084424 0.084424 0.084424 0.084424 0.084424 0.107579 0.165408 0.000000 0.084424 0.084424 0.000002 0.044492 0.000023 0.000018 0.084424 0.336589
0.083999 0.083999 0.083999 0.083999 0.083999 0.083999 0.083999 0.083999 0.083999 0.083999 0.132960 0.164607 0.000000 0.083999 0.083999 0.000001 0.164607 0.000018 0.083999 0.083999 1.000000
0.084412 0.084412 0.084412 0.084412 0.084412 0.084412 0.084412 0.084412 0.084412 0.084412 0.107564 0.165386 0.000000 0.043447 0.084412 0.000001 0.086409 0.000023 0.000028 0.084412 1.000000
0.083976 0.083976 0.083976 0.083976 0.083976 0.083976 0.083976 0.083976 0.083976 0.083976 0.132924 0.132924 0.000000 0.083976 0.083976 0.000001 0.164564 0.000018 0.083976 0.083976 1.000000
0.083965 0.083965 0.083965 0.083965 0.083965 0.083965 0.083965 0.083965 0.083965 0.083965 0.132908 0.164543 0.000000 0.083965 0.083965 0.000001 0.164543 0.000018 0.000105 0.083965 0.339410
0.084511 0.084511 0.084511 0.084511 0.084511 0.084511 0.084511 0.084511 0.084511 0.043499 0.133754 0.165571 0.000000 0.084511 0.084511 0.000002 0.165571 0.000018 0.084511 0.084511 1.000000
0.083999 0.083999 0.083999 0.083999 0.083999 0.083999 0.083999 0.083999 0.083999 0.083999 0.132960 0.164607 0.000000 0.083999 0.083999 0.000001 0.164607 0.000018 0.083999 0.083999 1.000000
0.084492 0.084492 0.084492 0.084492 0.084492 0.084492 0.084492 0.084492 0.084492 0.000043 0.165535 0.165535 0.000000 0.084492 0.084492 0.000004 0.165535 0.000023 0.014274 0.084492 1.000000
0.084463 0.084463 0.084463 0.084463 0.084463 0.084463 0.084463 0.084463 0.001226 0.084463 0.165481 0.165481 0.000000 0.084463 0.084463 0.000006 0.044513 0.000014 0.084463 0.084463 0.336430
0.084492 0.084492 0.084492 0.084492 0.084492 0.084492 0.084492 0.084492 0.084492 0.000035 0.165535 0.165535 0.000000 0.084492 0.084492 0.000004 0.165535 0.000023 0.014274 0.084492 0.329855
0.083976 0.083976 0.083976 0.083976 0.083976 0.083976 0.083976 0.083976 0.083976 0.083976 0.132924 0.164564 0.000000 0.083976 0.083976 0.000001 0.132924 0.000018 0.083976 0.083976 1.000000
0.083999 0.083999 0.083999 0.083999 0.083999 0.083999 0.083999 0.083999 0.083999 0.083999 0.132960 0.164607 0.000000 0.083999 0.083999 0.000001 0.164607 0.000018 0.083999 0.083999 1.000000
0.083984 0.083984 0.083984 0.083984 0.083984 0.083984 0.083984 0.083984 0.083984 0.083984 0.107023 0.164579 0.000000 0.083984 0.083984 0.000001 0.164579 0.000018 0.083984 0.083984 1.000000
0.084436 0.084436 0.084436 0.084436 0.084436 0.084436 0.084436 0.084436 0.000054 0.084436 0.133637 0.165430 0.000000 0.084436 0.084436 0.000007 0.018257 0.000135 0.084436 0.084436 0.364554
0.083999 0.083999 0.083999 0.083999 0.083999 0.083999 0.083999 0.083999 0.083999 0.083999 0.132960 0.164607 0.000000 0.083999 0.083999 0.000001 0.164607 0.000018 0.083999 0.083999 1.000000
0.084022 0.084022 0.084022 0.084022 0.084022 0.084022 0.084022 0.084022 0.084022 0.084022 0.164651 0.164651 0.000000 0.084022 0.084022 0.000001 0.164651 0.000022 0.084022 0.084022 1.000000
0.084466 0.084466 0.084466 0.084466 0.084466 0.084466 0.084466 0.084466 0.000132 0.084466 0.165486 0.165486 0.000000 0.084466 0.084466 0.000007 0.055581 0.000014 0.084466 0.084466 0.349466
0.083987 0.083987 0.083987 0.083987 0.083987 0.083987 0.083987 0.083987 0.083987 0.083987 0.132941 0.164584 0.000000 0.083987 0.083987 0.000001 0.164584 0.000018 0.083987 0.067360 1.000000
0.083976 0.083976 0.083976 0.083976 0.083976 0.083976 0.083976 0.083976 0.083976 0.083976 0.132924 0.132924 0.000000 0.083976 0.083976 0.000001 0.164564 0.000018 0.083976 0.083976 1.000000
0.084493 0.084493 0.084493 0.084493 0.084493 0.084493 0.084493 0.084493 0.084493 0.084493 0.000000 0.165537 0.000028 0.084493 0.084493 0.000005 0.165537 0.000000 0.084493 0.084493 1.000000
0.083999 0.083999 0.083999 0.083999 0.083999 0.083999 0.083999 0.083999 0.083999 0.083999 0.132960 0.164607 0.000000 0.083999 0.083999 0.000001 0.164607 0.000018 0.083999 0.083999 1.000000
0.083987 0.083987 0.083987 0.083987 0.083987 0.083987 0.083987 0.083987 0.083987 0.083987 0.132941 0.164584 0.000000 0.083987 0.067360 0.000001 0.164584 0.000018 0.083987 0.083987 1.000000
0.083988 0.083988 0.083988 0.083988 0.083988 0.083988 0.083988 0.083988 0.083988 0.000043 0.164587 0.164587 0.000000 0.083988 0.083988 0.000005 0.164587 0.000022 0.083988 0.083988 0.339306
0.083999 0.083999 0.083999 0.083999 0.083999 0.083999 0.083999 0.083999 0.083999 0.083999 0.132960 0.164607 0.000000 0.083999 0.083999 0.000001 0.164607 0.000018 0.083999 0.083999 1.000000
0.083976 0.083976 0.083976 0.083976 0.083976 0.083976 0.083976 0.083976 0.083976 0.000975 0.164564 0.164564 0.000000 0.083976 0.067351 0.000001 0.164564 0.000998 0.083976 0.083976 1.000000
0.083999 0.083999 0.083999 0.083999 0.083999 0.083999 0.083999 0.083999 0.083999 0.083999 0.132960 0.164607 0.000000 0.083999 0.083999 0.000001 0.164607 0.000018 0.083999 0.083999 1.000000
0.084022 0.084022 0.084022 0.084022 0.084022 0.084022 0.084022 0.084022 0.084022 0.084022 0.164651 0.164651 0.000000 0.084022 0.084022 0.000001 0.164651 0.000014 0.084022 0.084022 0.339126
0.084430 0.084430 0.084430 0.084430 0.084430 0.084430 0.084430 0.084430 0.084430 0.084430 0.133629 0.165419 0.000000 0.084430 0.084430 0.000002 0.055557 0.000018 0.000018 0.067717 0.352956
0.083999 0.083999 0.083999 0.083999 0.083999 0.083999 0.083999 0.083999 0.083999 0.083999 0.132960 0.164607 0.000000 0.083999 0.083999 0.000001 0.164607 0.000018 0.083999 0.083999 1.000000
0.084010 0.084010 0.084010 0.084010 0.084010 0.084010 0.084010 0.084010 0.084010 0.084010 0.164628 0.164628 0.000000 0.084010 0.067378 0.000001 0.164628 0.000014 0.084010 0.084010 1.000000
0.083999 0.083999 0.083999 0.083999 0.083999 0.083999 0.083999 0.083999 0.083999 0.083999 0.132960 0.164607 0.000000 0.083999 0.083999 0.000001 0.164607 0.000018 0.083999 0.083999 1.000000
0.083999 0.083999 0.083999 0.083999 0.083999 0.083999 0.083999 0.083999 0.083999 0.083999 0.132960 0.164607 0.000000 0.083999 0.083999 0.000001 0.164607 0.000018 0.083999 0.083999 1.000000
0.083999 0.083999 0.083999 0.083999 0.083999 0.083999 0.083999 0.083999 0.083999 0.083999 0.132960 0.164607 0.000000 0.083999 0.083999 0.000001 0.164607 0.000018 0.083999 0.083999 1.000000
0.083999 0.083999 0.083999 0.083999 0.083999 0.083999 0.083999 0.083999 0.083999 0.083999 0.132960 0.164607 0.000000 0.083999 0.083999 0.000001 0.164607 0.000018 0.083999 0.083999 1.000000
0.083999 0.083999 0.083999 0.083999 0.083999 0.083999 0.083999 0.083999 0.083999 0.083999 0.132960 0.164607 0.000000 0.083999 0.083999 0.000001 0.164607 0.000018 0.083999 0.083999 1.000000
0.083999 0.083999 0.083999 0.083999 0.083999 0.083999 0.083999 0.083999 0.083999 0.083999 0.132960 0.164607 0.000000 0.083999 0.083999 0.000001 0.164607 0.000018 0.083999 0.083999 1.000000
0.083976 0.083976 0.083976 0.083976 0.083976 0.083976 0.083976 0.083976 0.083976 0.083976 0.132924 0.132924 0.000000 0.083976 0.083976 0.000001 0.164564 0.000018 0.083976 0.083976 1.000000
0.083999 0.083999 0.083999 0.083999 0.083999 0.083999 0.083999 0.083999 0.083999 0.083999 0.132960 0.164607 0.000000 0.083999 0.083999 0.000001 0.164607 0.000014 0.083999 0.083999 1.000000
0.083999 0.083999 0.083999 0.083999 0.083999 0.083999 0.083999 0.083999 0.083999 0.083999 0.132960 0.164607 0.000000 0.083999 0.083999 0.000001 0.164607 0.000018 0.083999 0.083999 1.000000
0.083999 0.083999 0.083999 0.083999 0.083999 0.083999 0.083999 0.083999 0.083999 0.083999 0.132960 0.164607 0.000000 0.083999 0.083999 0.000001 0.164607 0.000018 0.083999 0.083999 1.000000
0.084424 0.084424 0.084424 0.084424 0.084424 0.084424 0.084424 0.084424 0.084424 0.084424 0.107579 0.165408 0.000000 0.084424 0.084424 0.000002 0.044492 0.000023 0.000018 0.084424 1.000000
0.083999 0.083999 0.083999 0.083999 0.083999 0.083999 0.083999 0.083999 0.083999 0.083999 0.132960 0.164607 0.000000 0.083999 0.083999 0.000001 0.164607 0.000018 0.083999 0.083999 1.000000
0.083999 0.083999 0.083999 0.083999 0.083999 0.083999 0.083999 0.083999 0.083999 0.083999 0.132960 0.164607 0.000000 0.083999 0.083999 0.000001 0.164607 0.000018 0.083999 0.083999 1.000000
0.083999 0.083999 0.083999 0.083999 0.083999 0.083999 0.083999 0.083999 0.083999 0.083999 0.132960 0.164607 0.000000 0.083999 0.083999 0.000001 0.164607 0.000018 0.083999 0.083999 1.000000
0.083999 0.083999 0.083999 0.083999 0.083999 0.083999 0.083999 0.083999 0.083999 0.083999 0.132960 0.164607 0.000000 0.083999 0.083999 0.000001 0.164607 0.000018 0.083999 0.083999 1.000000
0.083999 0.083999 0.083999 0.083999 0.083999 0.083999 0.083999 0.083999 0.083999 0.083999 0.132960 0.164607 0.000000 0.083999 0.083999 0.000001 0.164607 0.000018 0.083999 0.083999 1.000000
0.084022 0.084022 0.084022 0.084022 0.084022 0.084022 0.084022 0.084022 0.084022 0.084022 0.164651 0.164651 0.000000 0.084022 0.084022 0.000001 0.164651 0.000014 0.084022 0.084022 0.339116
0.083999 0.083999 0.083999 0.083999 0.083999 0.083999 0.083999 0.083999 0.083999 0.083999 0.132960 0.164607 0.000000 0.083999 0.083999 0.000001 0.164607 0.000018 0.083999 0.083999 1.000000
0.083999 0.083999 0.083999 0.083999 0.083999 0.083999 0.083999 0.083999 0.083999 0.083999 0.132960 0.164607 0.000000 0.083999 0.083999 0.000001 0.164607 0.000018 0.083999 0.083999 1.000000
0.083999 0.083999 0.083999 0.083999 0.083999 0.083999 0.083999 0.083999 0.083999 0.083999 0.132960 0.164607 0.000000 0.083999 0.083999 0.000001 0.164607 0.000018 0.083999 0.083999 1.000000
0.083967 0.083967 0.083967 0.083967 0.083967 0.083967 0.083967 0.083967 0.083967 0.083967 0.164548 0.164548 0.000000 0.083967 0.083967 0.000001 0.000028 0.068945 0.083967 0.083967 0.342616
0.083999 0.083999 0.083999 0.083999 0.083999 0.083999 0.083999 0.083999 0.083999 0.083999 0.132960 0.164607 0.000000 0.083999 0.083999 0.000001 0.164607 0.000018 0.083999 0.083999 1.000000
0.083999 0.083999 0.083999 0.083999 0.083999 0.083999 0.083999 0.083999 0.083999 0.083999 0.132960 0.164607 0.000000 0.083999 0.083999 0.000001 0.164607 0.000018 0.083999 0.083999 1.000000
0.083999 0.083999 0.083999 0.083999 0.083999 0.083999 0.083999 0.083999 0.083999 0.083999 0.132960 0.164607 0.000000 0.083999 0.083999 0.000001 0.164607 0.000022 0.083999 0.083999 1.000000
0.083999 0.083999 0.083999 0.083999 0.083999 0.083999 0.083999 0.083999 0.083999 0.083999 0.132960 0.164607 0.000000 0.083999 0.083999 0.000001 0.164607 0.000022 0.083999 0.083999 1.000000
0.083965 0.083965 0.083965 0.083965 0.083965 0.083965 0.083965 0.083965 0.083965 0.083965 0.164543 0.132908 0.000000 0.083965 0.083965 0.000001 0.164543 0.000018 0.000105 0.083965 0.817133
0.083999 0.083999 0.083999 0.083999 0.083999 0.083999 0.083999 0.083999 0.083999 0.083999 0.132960 0.164607 0.000000 0.083999 0.083999 0.000001 0.164607 0.000022 0.083999 0.083999 1.000000
0.083999 0.083999 0.083999 0.083999 0.083999 0.083999 0.083999 0.083999 0.083999 0.083999 0.132960 0.164607 0.000000 0.083999 0.083999 0.000001 0.164607 0.000022 0.083999 0.083999 1.000000
0.084440 0.084440 0.084440 0.084440 0.084440 0.084440 0.084440 0.084440 0.084440 0.084440 0.133644 0.165437 0.000000 0.084440 0.084440 0.000002 0.044500 0.000018 0.000034 0.084440 0.356303
0.083965 0.083965 0.083965 0.083965 0.083965 0.083965 0.083965 0.083965 0.083965 0.083965 0.132908 0.164543 0.000000 0.083965 0.083965 0.000001 0.164543 0.000018 0.000014 0.083965 1.000000
0.083965 0.083965 0.083965 0.083965 0.083965 0.083965 0.083965 0.083965 0.083965 0.083965 0.132908 0.164543 0.000000 0.083965 0.083965 0.000001 0.164543 0.000018 0.000014 0.083965 0.339379
0.083965 0.083965 0.083965 0.083965 0.083965 0.083965 0.083965 0.083965 0.083965 0.083965 0.132908 0.164543 0.000000 0.083965 0.083965 0.000001 0.164543 0.000018 0.000014 0.083965 0.340165
0.083965 0.083965 0.083965 0.083965 0.083965 0.083965 0.083965 0.083965 0.083965 0.083965 0.132908 0.164543 0.000000 0.083965 0.083965 0.000001 0.164543 0.000018 0.000014 0.083965 0.339379
0.083965 0.083965 0.083965 0.083965 0.083965 0.083965 0.083965 0.083965 0.083965 0.083965 0.132908 0.164543 0.000000 0.083965 0.083965 0.000001 0.164543 0.000022 0.000399 0.083965 1.000000
0.083965 0.083965 0.083965 0.083965 0.083965 0.083965 0.083965 0.083965 0.083965 0.083965 0.132908 0.164543 0.000000 0.083965 0.083965 0.000001 0.164543 0.000022 0.000399 0.083965 1.000000
0.083965 0.083965 0.083965 0.083965 0.083965 0.083965 0.083965 0.083965 0.083965 0.083965 0.132908 0.164543 0.000000 0.083965 0.083965 0.000001 0.164543 0.000022 0.000399 0.083965 1.000000
0.083965 0.083965 0.083965 0.083965 0.083965 0.083965 0.083965 0.083965 0.083965 0.083965 0.132908 0.164543 0.000000 0.083965 0.083965 0.000001 0.164543 0.000022 0.000399 0.083965 1.000000
0.083965 0.083965 0.083965 0.083965 0.083965 0.083965 0.083965 0.083965 0.083965 0.083965 0.132908 0.164543 0.000000 0.083965 0.083965 0.000001 0.164543 0.000022 0.000399 0.083965 1.000000
0.083965 0.083965 0.083965 0.083965 0.083965 0.083965 0.083965 0.083965 0.083965 0.083965 0.132908 0.164543 0.000000 0.083965 0.083965 0.000001 0.164543 0.000022 0.000399 0.083965 1.000000
0.083965 0.083965 0.083965 0.083965 0.083965 0.083965 0.083965 0.083965 0.083965 0.083965 0.132908 0.164543 0.000000 0.083965 0.083965 0.000001 0.164543 0.000022 0.000399 0.083965 1.000000
0.083965 0.083965 0.083965 0.083965 0.083965 0.083965 0.083965 0.083965 0.083965 0.083965 0.132908 0.164543 0.000000 0.083965 0.083965 0.000001 0.164543 0.000022 0.000399 0.083965 1.000000
0.083965 0.083965 0.083965 0.083965 0.083965 0.083965 0.083965 0.083965 0.083965 0.083965 0.132908 0.164543 0.000000 0.083965 0.083965 0.000001 0.164543 0.000022 0.000399 0.083965 1.000000
0.083965 0.083965 0.083965 0.083965 0.083965 0.083965 0.083965 0.083965 0.083965 0.083965 0.132908 0.164543 0.000000 0.083965 0.083965 0.000001 0.164543 0.000022 0.000399 0.083965 1.000000
0.083965 0.083965 0.083965 0.083965 0.083965 0.083965 0.083965 0.083965 0.083965 0.083965 0.132908 0.164543 0.000000 0.083965 0.083965 0.000001 0.164543 0.000022 0.000399 0.083965 1.000000
0.083965 0.083965 0.083965 0.083965 0.083965 0.083965 0.083965 0.083965 0.083965 0.083965 0.132908 0.164543 0.000000 0.083965 0.083965 0.000001 0.164543 0.000022 0.000399 0.083965 1.000000
0.083965 0.083965 0.083965 0.083965 0.083965 0.083965 0.083965 0.083965 0.083965 0.083965 0.132908 0.164543 0.000000 0.083965 0.083965 0.000001 0.164543 0.000022 0.000399 0.083965 1.000000
0.083965 0.083965 0.083965 0.083965 0.083965 0.083965 0.083965 0.083965 0.083965 0.083965 0.132908 0.164543 0.000000 0.083965 0.083965 0.000001 0.164543 0.000022 0.000399 0.083965 1.000000
0.083965 0.083965 0.083965 0.083965 0.083965 0.083965 0.083965 0.083965 0.083965 0.083965 0.132908 0.164543 0.000000 0.083965 0.083965 0.000001 0.164543 0.000022 0.000399 0.083965 1.000000
0.083965 0.083965 0.083965 0.083965 0.083965 0.083965 0.083965 0.083965 0.083965 0.083965 0.132908 0.164543 0.000000 0.083965 0.083965 0.000001 0.164543 0.000022 0.000399 0.083965 1.000000
0.083965 0.083965 0.083965 0.083965 0.083965 0.083965 0.083965 0.083965 0.083965 0.083965 0.132908 0.164543 0.000000 0.083965 0.083965 0.000001 0.164543 0.000022 0.000399 0.083965 1.000000
0.083965 0.083965 0.083965 0.083965 0.083965 0.083965 0.083965 0.083965 0.083965 0.083965 0.132908 0.164543 0.000000 0.083965 0.083965 0.000001 0.164543 0.000022 0.000399 0.083965 1.000000
0.084490 0.084490 0.084490 0.084490 0.084490 0.084490 0.084490 0.084490 0.084490 0.084490 0.133721 0.165531 0.000000 0.084490 0.084490 0.000001 0.165531 0.000023 0.000165 0.067765 1.000000
0.083965 0.083965 0.083965 0.083965 0.083965 0.083965 0.083965 0.083965 0.083965 0.083965 0.132908 0.164543 0.000000 0.083965 0.083965 0.000001 0.164543 0.000022 0.000399 0.083965 1.000000
0.083965 0.083965 0.083965 0.083965 0.083965 0.083965 0.083965 0.083965 0.083965 0.083965 0.132908 0.164543 0.000000 0.083965 0.083965 0.000001 0.164543 0.000022 0.000399 0.083965 1.000000
0.083965 0.083965 0.083965 0.083965 0.083965 0.083965 0.083965 0.083965 0.083965 0.083965 0.132908 0.164543 0.000000 0.083965 0.083965 0.000001 0.164543 0.000022 0.000399 0.083965 1.000000
0.083965 0.083965 0.083965 0.083965 0.083965 0.083965 0.083965 0.083965 0.083965 0.083965 0.132908 0.164543 0.000000 0.083965 0.083965 0.000001 0.164543 0.000022 0.000399 0.083965 1.000000
0.083965 0.083965 0.083965 0.083965 0.083965 0.083965 0.083965 0.083965 0.083965 0.083965 0.132908 0.164543 0.000000 0.083965 0.083965 0.000001 0.164543 0.000022 0.000399 0.083965 1.000000
0.083965 0.083965 0.083965 0.083965 0.083965 0.083965 0.083965 0.083965 0.083965 0.083965 0.132908 0.164543 0.000000 0.083965 0.083965 0.000001 0.164543 0.000022 0.000399 0.083965 1.000000
0.083965 0.083965 0.083965 0.083965 0.083965 0.083965 0.083965 0.083965 0.083965 0.083965 0.132908 0.164543 0.000000 0.083965 0.083965 0.000001 0.164543 0.000022 0.000399 0.083965 1.000000
0.083965 0.083965 0.083965 0.083965 0.083965 0.083965 0.083965 0.083965 0.083965 0.083965 0.132908 0.164543 0.000000 0.083965 0.083965 0.000001 0.164543 0.000022 0.000399 0.083965 1.000000
0.083965 0.083965 0.083965 0.083965 0.083965 0.083965 0.083965 0.083965 0.083965 0.083965 0.132908 0.164543 0.000000 0.083965 0.083965 0.000001 0.164543 0.000022 0.000399 0.083965 1.000000
0.083965 0.083965 0.083965 0.083965 0.083965 0.083965 0.083965 0.083965 0.083965 0.083965 0.132908 0.164543 0.000000 0.083965 0.083965 0.000001 0.164543 0.000022 0.000399 0.083965 1.000000
0.083965 0.083965 0.083965 0.083965 0.083965 0.083965 0.083965 0.083965 0.083965 0.083965 0.132908 0.164543 0.000000 0.083965 0.083965 0.000001 0.164543 0.000022 0.000399 0.083965 1.000000
0.083965 0.083965 0.083965 0.083965 0.083965 0.083965 0.083965 0.083965 0.083965 0.083965 0.132908 0.164543 0.000000 0.083965 0.083965 0.000001 0.164543 0.000022 0.000399 0.083965 1.000000
0.083965 0.083965 0.083965 0.083965 0.083965 0.083965 0.083965 0.083965 0.083965 0.083965 0.132908 0.164543 0.000000 0.083965 0.083965 0.000001 0.164543 0.000022 0.000399 0.083965 1.000000
0.083965 0.083965 0.083965 0.083965 0.083965 0.083965 0.083965 0.083965 0.083965 0.083965 0.132908 0.164543 0.000000 0.083965 0.083965 0.000001 0.164543 0.000022 0.000399 0.083965 1.000000
0.083965 0.083965 0.083965 0.083965 0.083965 0.083965 0.083965 0.083965 0.083965 0.083965 0.132908 0.164543 0.000000 0.083965 0.083965 0.000001 0.164543 0.000022 0.000399 0.083965 1.000000
0.083965 0.083965 0.083965 0.083965 0.083965 0.083965 0.083965 0.083965 0.083965 0.083965 0.132908 0.164543 0.000000 0.083965 0.083965 0.000001 0.164543 0.000022 0.000399 0.083965 1.000000
0.084487 0.084487 0.084487 0.084487 0.084487 0.084487 0.084487 0.084487 0.084487 0.084487 0.107658 0.165525 0.000000 0.084487 0.084487 0.000001 0.165525 0.000023 0.001226 0.084487 1.000000
0.083965 0.083965 0.083965 0.083965 0.083965 0.083965 0.083965 0.083965 0.083965 0.083965 0.132908 0.164543 0.000000 0.083965 0.083965 0.000001 0.164543 0.000022 0.000399 0.083965 1.000000
0.083965 0.083965 0.083965 0.083965 0.083965 0.083965 0.083965 0.083965 0.083965 0.083965 0.132908 0.164543 0.000000 0.083965 0.083965 0.000001 0.164543 0.000022 0.000399 0.083965 1.000000
0.083965 0.083965 0.083965 0.083965 0.083965 0.083965 0.083965 0.083965 0.083965 0.083965 0.132908 0.164543 0.000000 0.083965 0.083965 0.000001 0.164543 0.000022 0.000399 0.083965 1.000000
0.083965 0.083965 0.083965 0.083965 0.083965 0.083965 0.083965 0.083965 0.083965 0.083965 0.132908 0.164543 0.000000 0.083965 0.083965 0.000001 0.164543 0.000022 0.000399 0.083965 1.000000
0.083965 0.083965 0.083965 0.083965 0.083965 0.083965 0.083965 0.083965 0.083965 0.083965 0.132908 0.164543 0.000000 0.083965 0.083965 0.000001 0.164543 0.000022 0.000399 0.083965 1.000000
0.083965 0.083965 0.083965 0.083965 0.083965 0.083965 0.083965 0.083965 0.083965 0.083965 0.132908 0.164543 0.000000 0.083965 0.083965 0.000001 0.164543 0.000022 0.000399 0.083965 1.000000
0.083965 0.083965 0.083965 0.083965 0.083965 0.083965 0.083965 0.083965 0.083965 0.083965 0.132908 0.164543 0.000000 0.083965 0.083965 0.000001 0.164543 0.000022 0.000399 0.083965 1.000000
0.083965 0.083965 0.083965 0.083965 0.083965 0.083965 0.083965 0.083965 0.083965 0.083965 0.132908 0.164543 0.000000 0.083965 0.083965 0.000001 0.164543 0.000022 0.000399 0.083965 1.000000
0.083965 0.083965 0.083965 0.083965 0.083965 0.083965 0.083965 0.083965 0.083965 0.083965 0.132908 0.164543 0.000000 0.083965 0.083965 0.000001 0.164543 0.000022 0.000399 0.083965 1.000000
0.083965 0.083965 0.083965 0.083965 0.083965 0.083965 0.083965 0.083965 0.083965 0.083965 0.132908 0.164543 0.000000 0.083965 0.083965 0.000001 0.164543 0.000022 0.000399 0.083965 1.000000
0.083965 0.083965 0.083965 0.083965 0.083965 0.083965 0.083965 0.083965 0.083965 0.083965 0.132908 0.164543 0.000000 0.083965 0.083965 0.000001 0.164543 0.000022 0.000399 0.083965 1.000000
0.083965 0.083965 0.083965 0.083965 0.083965 0.083965 0.083965 0.083965 0.083965 0.083965 0.132908 0.164543 0.000000 0.083965 0.083965 0.000001 0.164543 0.000022 0.000399 0.083965 1.000000
0.083965 0.083965 0.083965 0.083965 0.083965 0.083965 0.083965 0.083965 0.083965 0.083965 0.132908 0.164543 0.000000 0.083965 0.083965 0.000001 0.164543 0.000022 0.000399 0.083965 1.000000
0.083965 0.083965 0.083965 0.083965 0.083965 0.083965 0.083965 0.083965 0.083965 0.083965 0.132908 0.164543 0.000000 0.083965 0.083965 0.000001 0.164543 0.000022 0.000399 0.083965 1.000000
0.083965 0.083965 0.083965 0.083965 0.083965 0.083965 0.083965 0.083965 0.083965 0.083965 0.132908 0.164543 0.000000 0.083965 0.083965 0.000001 0.164543 0.000022 0.000399 0.083965 1.000000
0.083965 0.083965 0.083965 0.083965 0.083965 0.083965 0.083965 0.083965 0.083965 0.083965 0.132908 0.164543 0.000000 0.083965 0.083965 0.000001 0.164543 0.000022 0.000399 0.083965 1.000000
0.083965 0.083965 0.083965 0.083965 0.083965 0.083965 0.083965 0.083965 0.083965 0.083965 0.132908 0.164543 0.000000 0.083965 0.083965 0.000001 0.164543 0.000022 0.000399 0.083965 1.000000
0.083965 0.083965 0.083965 0.083965 0.083965 0.083965 0.083965 0.083965 0.083965 0.083965 0.132908 0.164543 0.000000 0.083965 0.083965 0.000001 0.164543 0.000022 0.000399 0.083965 1.000000
0.083965 0.083965 0.083965 0.083965 0.083965 0.083965 0.083965 0.083965 0.083965 0.083965 0.132908 0.164543 0.000000 0.083965 0.083965 0.000001 0.164543 0.000022 0.000399 0.083965 1.000000
0.083965 0.083965 0.083965 0.083965 0.083965 0.083965 0.083965 0.083965 0.083965 0.083965 0.132908 0.164543 0.000000 0.083965 0.083965 0.000001 0.164543 0.000022 0.000399 0.083965 1.000000
0.083965 0.083965 0.083965 0.083965 0.083965 0.083965 0.083965 0.083965 0.083965 0.083965 0.132908 0.164543 0.000000 0.083965 0.083965 0.000001 0.164543 0.000022 0.000399 0.083965 1.000000
0.083965 0.083965 0.083965 0.083965 0.083965 0.083965 0.083965 0.083965 0.083965 0.083965 0.132908 0.164543 0.000000 0.083965 0.083965 0.000001 0.164543 0.000022 0.000399 0.083965 1.000000
0.083965 0.083965 0.083965 0.083965 0.083965 0.083965 0.083965 0.083965 0.083965 0.083965 0.132908 0.164543 0.000000 0.083965 0.083965 0.000001 0.164543 0.000022 0.000399 0.083965 1.000000
0.083965 0.083965 0.083965 0.083965 0.083965 0.083965 0.083965 0.083965 0.083965 0.083965 0.132908 0.164543 0.000000 0.083965 0.083965 0.000001 0.164543 0.000022 0.000399 0.083965 1.000000
0.083965 0.083965 0.083965 0.083965 0.083965 0.083965 0.083965 0.083965 0.083965 0.083965 0.132908 0.164543 0.000000 0.083965 0.083965 0.000001 0.164543 0.000022 0.000399 0.083965 1.000000
0.083965 0.083965 0.083965 0.083965 0.083965 0.083965 0.083965 0.083965 0.083965 0.083965 0.132908 0.164543 0.000000 0.083965 0.083965 0.000001 0.164543 0.000022 0.000399 0.083965 1.000000
0.083965 0.083965 0.083965 0.083965 0.083965 0.083965 0.083965 0.083965 0.083965 0.083965 0.132908 0.164543 0.000000 0.083965 0.083965 0.000001 0.164543 0.000022 0.000399 0.083965 1.000000
0.083965 0.083965 0.083965 0.083965 0.083965 0.083965 0.083965 0.083965 0.083965 0.083965 0.132908 0.164543 0.000000 0.083965 0.083965 0.000001 0.164543 0.000022 0.000399 0.083965 1.000000
0.083965 0.083965 0.083965 0.083965 0.083965 0.083965 0.083965 0.083965 0.083965 0.083965 0.132908 0.164543 0.000000 0.083965 0.083965 0.000001 0.164543 0.000022 0.000399 0.083965 1.000000
0.083965 0.083965 0.083965 0.083965 0.083965 0.083965 0.083965 0.083965 0.083965 0.083965 0.132908 0.164543 0.000000 0.083965 0.083965 0.000001 0.164543 0.000022 0.000399 0.083965 1.000000
0.083965 0.083965 0.083965 0.083965 0.083965 0.083965 0.083965 0.083965 0.083965 0.083965 0.132908 0.164543 0.000000 0.083965 0.083965 0.000001 0.164543 0.000022 0.000399 0.083965 1.000000
0.083965 0.083965 0.083965 0.083965 0.083965 0.083965 0.083965 0.083965 0.083965 0.083965 0.132908 0.164543 0.000000 0.083965 0.083965 0.000001 0.164543 0.000022 0.000399 0.083965 1.000000
0.083965 0.083965 0.083965 0.083965 0.083965 0.083965 0.083965 0.083965 0.083965 0.083965 0.132908 0.164543 0.000000 0.083965 0.083965 0.000001 0.164543 0.000022 0.000399 0.083965 1.000000
0.083965 0.083965 0.083965 0.083965 0.083965 0.083965 0.083965 0.083965 0.083965 0.083965 0.132908 0.164543 0.000000 0.083965 0.083965 0.000001 0.164543 0.000022 0.000399 0.083965 1.000000
0.083965 0.083965 0.083965 0.083965 0.083965 0.083965 0.083965 0.083965 0.083965 0.083965 0.132908 0.164543 0.000000 0.083965 0.083965 0.000001 0.164543 0.000022 0.000499 0.083965 1.000000
0.083965 0.083965 0.083965 0.083965 0.083965 0.083965 0.083965 0.083965 0.083965 0.083965 0.132908 0.164543 0.000000 0.083965 0.083965 0.000001 0.164543 0.000022 0.000499 0.083965 1.000000
0.083965 0.083965 0.083965 0.083965 0.083965 0.083965 0.083965 0.083965 0.083965 0.083965 0.132908 0.164543 0.000000 0.083965 0.083965 0.000001 0.164543 0.000022 0.000499 0.083965 1.000000
0.083965 0.083965 0.083965 0.083965 0.083965 0.083965 0.083965 0.083965 0.083965 0.083965 0.132908 0.164543 0.000000 0.083965 0.083965 0.000001 0.164543 0.000022 0.000499 0.083965 1.000000
0.083965 0.083965 0.083965 0.083965 0.083965 0.083965 0.083965 0.083965 0.083965 0.083965 0.132908 0.164543 0.000000 0.083965 0.083965 0.000001 0.164543 0.000022 0.000499 0.083965 1.000000
0.083965 0.083965 0.083965 0.083965 0.083965 0.083965 0.083965 0.083965 0.083965 0.083965 0.132908 0.164543 0.000000 0.083965 0.083965 0.000001 0.164543 0.000022 0.000499 0.083965 1.000000
0.083965 0.083965 0.083965 0.083965 0.083965 0.083965 0.083965 0.083965 0.083965 0.083965 0.132908 0.164543 0.000000 0.083965 0.083965 0.000001 0.164543 0.000022 0.000499 0.083965 1.000000
0.083965 0.083965 0.083965 0.083965 0.083965 0.083965 0.083965 0.083965 0.083965 0.083965 0.132908 0.164543 0.000000 0.083965 0.083965 0.000001 0.164543 0.000022 0.000499 0.083965 1.000000
0.083965 0.083965 0.083965 0.083965 0.083965 0.083965 0.083965 0.083965 0.083965 0.083965 0.132908 0.164543 0.000000 0.083965 0.083965 0.000001 0.164543 0.000022 0.000499 0.083965 1.000000
0.083965 0.083965 0.083965 0.083965 0.083965 0.083965 0.083965 0.083965 0.083965 0.083965 0.132908 0.164543 0.000000 0.083965 0.083965 0.000001 0.164543 0.000022 0.000499 0.083965 1.000000
0.083965 0.083965 0.083965 0.083965 0.083965 0.083965 0.083965 0.083965 0.083965 0.083965 0.132908 0.164543 0.000000 0.083965 0.083965 0.000001 0.164543 0.000022 0.000499 0.083965 1.000000
0.084010 0.084010 0.084010 0.084010 0.084010 0.084010 0.084010 0.084010 0.084010 0.084010 0.164628 0.164628 0.000000 0.084010 0.067378 0.000001 0.164628 0.000018 0.084010 0.084010 1.000000
0.083965 0.083965 0.083965 0.083965 0.083965 0.083965 0.083965 0.083965 0.083965 0.083965 0.132908 0.164543 0.000000 0.083965 0.083965 0.000001 0.164543 0.000022 0.000499 0.083965 1.000000
0.083965 0.083965 0.083965 0.083965 0.083965 0.083965 0.083965 0.083965 0.083965 0.083965 0.132908 0.164543 0.000000 0.083965 0.083965 0.000001 0.164543 0.000022 0.000499 0.083965 1.000000
0.083965 0.083965 0.083965 0.083965 0.083965 0.083965 0.083965 0.083965 0.083965 0.083965 0.132908 0.164543 0.000000 0.083965 0.083965 0.000001 0.164543 0.000022 0.000499 0.083965 1.000000
0.083965 0.083965 0.083965 0.083965 0.083965 0.083965 0.083965 0.083965 0.083965 0.083965 0.132908 0.164543 0.000000 0.083965 0.083965 0.000001 0.164543 0.000022 0.000499 0.083965 1.000000
0.083965 0.083965 0.083965 0.083965 0.083965 0.083965 0.083965 0.083965 0.083965 0.083965 0.132908 0.164543 0.000000 0.083965 0.083965 0.000001 0.164543 0.000022 0.000499 0.083965 1.000000
0.083965 0.083965 0.083965 0.083965 0.083965 0.083965 0.083965 0.083965 0.083965 0.083965 0.132908 0.164543 0.000000 0.083965 0.083965 0.000001 0.164543 0.000022 0.000499 0.083965 1.000000
0.083965 0.083965 0.083965 0.083965 0.083965 0.083965 0.083965 0.083965 0.083965 0.083965 0.132908 0.164543 0.000000 0.083965 0.083965 0.000001 0.164543 0.000022 0.000499 0.083965 1.000000
0.083965 0.083965 0.083965 0.083965 0.083965 0.083965 0.083965 0.083965 0.083965 0.083965 0.132908 0.164543 0.000000 0.083965 0.083965 0.000001 0.164543 0.000022 0.000499 0.083965 1.000000
0.083965 0.083965 0.083965 0.083965 0.083965 0.083965 0.083965 0.083965 0.083965 0.083965 0.132908 0.164543 0.000000 0.083965 0.083965 0.000001 0.164543 0.000022 0.000499 0.083965 1.000000
0.083965 0.083965 0.083965 0.083965 0.083965 0.083965 0.083965 0.083965 0.083965 0.083965 0.132908 0.164543 0.000000 0.083965 0.083965 0.000001 0.164543 0.000022 0.000499 0.083965 1.000000
0.083965 0.083965 0.083965 0.083965 0.083965 0.083965 0.083965 0.083965 0.083965 0.083965 0.132908 0.164543 0.000000 0.083965 0.083965 0.000001 0.164543 0.000022 0.000499 0.083965 1.000000
0.083965 0.083965 0.083965 0.083965 0.083965 0.083965 0.083965 0.083965 0.083965 0.083965 0.132908 0.164543 0.000000 0.083965 0.083965 0.000001 0.164543 0.000022 0.000624 0.083965 1.000000
0.083965 0.083965 0.083965 0.083965 0.083965 0.083965 0.083965 0.083965 0.083965 0.083965 0.132908 0.164543 0.000000 0.083965 0.083965 0.000001 0.164543 0.000022 0.000624 0.083965 1.000000
0.083965 0.083965 0.083965 0.083965 0.083965 0.083965 0.083965 0.083965 0.083965 0.083965 0.132908 0.164543 0.000000 0.083965 0.083965 0.000001 0.164543 0.000022 0.000624 0.083965 1.000000
0.083965 0.083965 0.083965 0.083965 0.083965 0.083965 0.083965 0.083965 0.083965 0.083965 0.132908 0.164543 0.000000 0.083965 0.083965 0.000001 0.164543 0.000022 0.000624 0.083965 1.000000
0.083965 0.083965 0.083965 0.083965 0.083965 0.083965 0.083965 0.083965 0.083965 0.083965 0.132908 0.164543 0.000000 0.083965 0.083965 0.000001 0.164543 0.000022 0.000624 0.083965 1.000000
0.083965 0.083965 0.083965 0.083965 0.083965 0.083965 0.083965 0.083965 0.083965 0.083965 0.132908 0.164543 0.000000 0.083965 0.083965 0.000001 0.164543 0.000022 0.000624 0.083965 1.000000
0.083965 0.083965 0.083965 0.083965 0.083965 0.083965 0.083965 0.083965 0.083965 0.083965 0.132908 0.164543 0.000000 0.083965 0.083965 0.000001 0.164543 0.000022 0.000624 0.083965 1.000000
0.083965 0.083965 0.083965 0.083965 0.083965 0.083965 0.083965 0.083965 0.083965 0.083965 0.132908 0.164543 0.000000 0.083965 0.083965 0.000001 0.164543 0.000022 0.000624 0.083965 1.000000
0.083965 0.083965 0.083965 0.083965 0.083965 0.083965 0.083965 0.083965 0.083965 0.083965 0.132908 0.164543 0.000000 0.083965 0.083965 0.000001 0.164543 0.000022 0.000624 0.083965 1.000000
0.083965 0.083965 0.083965 0.083965 0.083965 0.083965 0.083965 0.083965 0.083965 0.083965 0.132908 0.164543 0.000000 0.083965 0.083965 0.000001 0.164543 0.000022 0.000624 0.083965 1.000000
0.083965 0.083965 0.083965 0.083965 0.083965 0.083965 0.083965 0.083965 0.083965 0.083965 0.132908 0.164543 0.000000 0.083965 0.083965 0.000001 0.164543 0.000022 0.000624 0.083965 1.000000
0.083965 0.083965 0.083965 0.083965 0.083965 0.083965 0.083965 0.083965 0.083965 0.083965 0.132908 0.164543 0.000000 0.083965 0.083965 0.000001 0.164543 0.000022 0.000624 0.083965 1.000000
0.083965 0.083965 0.083965 0.083965 0.083965 0.083965 0.083965 0.083965 0.083965 0.083965 0.132908 0.164543 0.000000 0.083965 0.083965 0.000001 0.164543 0.000022 0.000624 0.083965 1.000000
0.083965 0.083965 0.083965 0.083965 0.083965 0.083965 0.083965 0.083965 0.083965 0.083965 0.132908 0.164543 0.000000 0.083965 0.083965 0.000001 0.164543 0.000022 0.000624 0.083965 1.000000
0.083965 0.083965 0.083965 0.083965 0.083965 0.083965 0.083965 0.083965 0.083965 0.083965 0.132908 0.164543 0.000000 0.083965 0.083965 0.000001 0.164543 0.000022 0.000624 0.083965 1.000000
0.083965 0.083965 0.083965 0.083965 0.083965 0.083965 0.083965 0.083965 0.083965 0.083965 0.132908 0.164543 0.000000 0.083965 0.083965 0.000001 0.164543 0.000022 0.000624 0.083965 1.000000
0.083965 0.083965 0.083965 0.083965 0.083965 0.083965 0.083965 0.083965 0.083965 0.083965 0.132908 0.164543 0.000000 0.083965 0.083965 0.000001 0.164543 0.000022 0.000624 0.083965 1.000000
0.083965 0.083965 0.083965 0.083965 0.083965 0.083965 0.083965 0.083965 0.083965 0.083965 0.132908 0.164543 0.000000 0.083965 0.083965 0.000001 0.164543 0.000022 0.000624 0.083965 1.000000
0.083965 0.083965 0.083965 0.083965 0.083965 0.083965 0.083965 0.083965 0.083965 0.083965 0.132908 0.164543 0.000000 0.083965 0.083965 0.000001 0.164543 0.000022 0.000624 0.083965 1.000000
0.083965 0.083965 0.083965 0.083965 0.083965 0.083965 0.083965 0.083965 0.083965 0.083965 0.132908 0.164543 0.000000 0.083965 0.083965 0.000001 0.164543 0.000022 0.000624 0.083965 1.000000
0.083965 0.083965 0.083965 0.083965 0.083965 0.083965 0.083965 0.083965 0.083965 0.083965 0.132908 0.164543 0.000000 0.083965 0.083965 0.000001 0.164543 0.000022 0.000624 0.083965 1.000000
0.083965 0.083965 0.083965 0.083965 0.083965 0.083965 0.083965 0.083965 0.083965 0.083965 0.132908 0.164543 0.000000 0.083965 0.083965 0.000001 0.164543 0.000022 0.000624 0.083965 1.000000
0.083965 0.083965 0.083965 0.083965 0.083965 0.083965 0.083965 0.083965 0.083965 0.083965 0.132908 0.164543 0.000000 0.083965 0.083965 0.000001 0.164543 0.000022 0.000624 0.083965 1.000000
0.083965 0.083965 0.083965 0.083965 0.083965 0.083965 0.083965 0.083965 0.083965 0.083965 0.132908 0.164543 0.000000 0.083965 0.083965 0.000001 0.164543 0.000022 0.000624 0.083965 1.000000
0.083965 0.083965 0.083965 0.083965 0.083965 0.083965 0.083965 0.083965 0.083965 0.083965 0.132908 0.164543 0.000000 0.083965 0.083965 0.000001 0.164543 0.000022 0.000624 0.083965 1.000000
0.083965 0.083965 0.083965 0.083965 0.083965 0.083965 0.083965 0.083965 0.083965 0.083965 0.132908 0.164543 0.000000 0.083965 0.083965 0.000001 0.164543 0.000022 0.000624 0.083965 1.000000
0.083965 0.083965 0.083965 0.083965 0.083965 0.083965 0.083965 0.083965 0.083965 0.083965 0.132908 0.164543 0.000000 0.083965 0.083965 0.000001 0.164543 0.000022 0.000624 0.083965 1.000000
0.083965 0.083965 0.083965 0.083965 0.083965 0.083965 0.083965 0.083965 0.083965 0.083965 0.132908 0.164543 0.000000 0.083965 0.083965 0.000001 0.164543 0.000022 0.000624 0.083965 1.000000
0.083965 0.083965 0.083965 0.083965 0.083965 0.083965 0.083965 0.083965 0.083965 0.083965 0.132908 0.164543 0.000000 0.083965 0.083965 0.000001 0.164543 0.000022 0.000624 0.083965 1.000000
0.083965 0.083965 0.083965 0.083965 0.083965 0.083965 0.083965 0.083965 0.083965 0.083965 0.132908 0.164543 0.000000 0.083965 0.083965 0.000001 0.164543 0.000022 0.000624 0.083965 1.000000
0.083965 0.083965 0.083965 0.083965 0.083965 0.083965 0.083965 0.083965 0.083965 0.083965 0.132908 0.164543 0.000000 0.083965 0.083965 0.000001 0.164543 0.000022 0.000624 0.083965 1.000000
0.083965 0.083965 0.083965 0.083965 0.083965 0.083965 0.083965 0.083965 0.083965 0.083965 0.132908 0.164543 0.000000 0.083965 0.083965 0.000001 0.164543 0.000022 0.000624 0.083965 1.000000
0.083965 0.083965 0.083965 0.083965 0.083965 0.083965 0.083965 0.083965 0.083965 0.083965 0.132908 0.164543 0.000000 0.083965 0.083965 0.000001 0.164543 0.000022 0.000624 0.083965 1.000000
0.083965 0.083965 0.083965 0.083965 0.083965 0.083965 0.083965 0.083965 0.083965 0.083965 0.132908 0.164543 0.000000 0.083965 0.083965 0.000001 0.164543 0.000022 0.000624 0.083965 1.000000
0.083965 0.083965 0.083965 0.083965 0.083965 0.083965 0.083965 0.083965 0.083965 0.083965 0.132908 0.164543 0.000000 0.083965 0.083965 0.000001 0.164543 0.000022 0.000624 0.083965 1.000000
0.083965 0.083965 0.083965 0.083965 0.083965 0.083965 0.083965 0.083965 0.083965 0.083965 0.132908 0.164543 0.000000 0.083965 0.083965 0.000001 0.164543 0.000022 0.000624 0.083965 1.000000
0.083965 0.083965 0.083965 0.083965 0.083965 0.083965 0.083965 0.083965 0.083965 0.083965 0.132908 0.164543 0.000000 0.083965 0.083965 0.000001 0.164543 0.000022 0.000780 0.083965 1.000000
0.083965 0.083965 0.083965 0.083965 0.083965 0.083965 0.083965 0.083965 0.083965 0.083965 0.132908 0.164543 0.000000 0.083965 0.083965 0.000001 0.164543 0.000022 0.000780 0.083965 1.000000
0.083965 0.083965 0.083965 0.083965 0.083965 0.083965 0.083965 0.083965 0.083965 0.083965 0.132908 0.164543 0.000000 0.083965 0.083965 0.000001 0.164543 0.000022 0.000780 0.083965 1.000000
0.083965 0.083965 0.083965 0.083965 0.083965 0.083965 0.083965 0.083965 0.083965 0.083965 0.132908 0.164543 0.000000 0.083965 0.083965 0.000001 0.164543 0.000022 0.000780 0.083965 1.000000
0.083965 0.083965 0.083965 0.083965 0.083965 0.083965 0.083965 0.083965 0.083965 0.083965 0.132908 0.164543 0.000000 0.083965 0.083965 0.000001 0.164543 0.000022 0.000780 0.083965 1.000000
0.083965 0.083965 0.083965 0.083965 0.083965 0.083965 0.083965 0.083965 0.083965 0.083965 0.132908 0.164543 0.000000 0.083965 0.083965 0.000001 0.164543 0.000022 0.000780 0.083965 1.000000
0.083965 0.083965 0.083965 0.083965 0.083965 0.083965 0.083965 0.083965 0.083965 0.083965 0.132908 0.164543 0.000000 0.083965 0.083965 0.000001 0.164543 0.000022 0.000780 0.083965 1.000000
0.083965 0.083965 0.083965 0.083965 0.083965 0.083965 0.083965 0.083965 0.083965 0.083965 0.132908 0.164543 0.000000 0.083965 0.083965 0.000001 0.164543 0.000022 0.000780 0.083965 1.000000
0.083965 0.083965 0.083965 0.083965 0.083965 0.083965 0.083965 0.083965 0.083965 0.083965 0.132908 0.164543 0.000000 0.083965 0.083965 0.000001 0.164543 0.000022 0.000780 0.083965 1.000000
0.083965 0.083965 0.083965 0.083965 0.083965 0.083965 0.083965 0.083965 0.083965 0.083965 0.132908 0.164543 0.000000 0.083965 0.083965 0.000001 0.164543 0.000022 0.000780 0.083965 1.000000
0.083965 0.083965 0.083965 0.083965 0.083965 0.083965 0.083965 0.083965 0.083965 0.083965 0.132908 0.164543 0.000000 0.083965 0.083965 0.000001 0.164543 0.000022 0.000780 0.083965 1.000000
0.083965 0.083965 0.083965 0.083965 0.083965 0.083965 0.083965 0.083965 0.083965 0.083965 0.132908 0.164543 0.000000 0.083965 0.083965 0.000001 0.164543 0.000022 0.000780 0.083965 1.000000
0.083965 0.083965 0.083965 0.083965 0.083965 0.083965 0.083965 0.083965 0.083965 0.083965 0.132908 0.164543 0.000000 0.083965 0.083965 0.000001 0.164543 0.000022 0.000780 0.083965 1.000000
0.083965 0.083965 0.083965 0.083965 0.083965 0.083965 0.083965 0.083965 0.083965 0.083965 0.132908 0.164543 0.000000 0.083965 0.083965 0.000001 0.164543 0.000022 0.000780 0.083965 1.000000
0.083965 0.083965 0.083965 0.083965 0.083965 0.083965 0.083965 0.083965 0.083965 0.083965 0.132908 0.164543 0.000000 0.083965 0.083965 0.000001 0.164543 0.000022 0.000780 0.083965 1.000000
0.083965 0.083965 0.083965 0.083965 0.083965 0.083965 0.083965 0.083965 0.083965 0.083965 0.132908 0.164543 0.000000 0.083965 0.083965 0.000001 0.164543 0.000022 0.000780 0.083965 1.000000
0.083965 0.083965 0.083965 0.083965 0.083965 0.083965 0.083965 0.083965 0.083965 0.083965 0.132908 0.164543 0.000000 0.083965 0.083965 0.000001 0.164543 0.000022 0.000780 0.083965 1.000000
0.083965 0.083965 0.083965 0.083965 0.083965 0.083965 0.083965 0.083965 0.083965 0.083965 0.132908 0.164543 0.000000 0.083965 0.083965 0.000001 0.164543 0.000022 0.000780 0.083965 1.000000
0.083965 0.083965 0.083965 0.083965 0.083965 0.083965 0.083965 0.083965 0.083965 0.083965 0.132908 0.164543 0.000000 0.083965 0.083965 0.000001 0.164543 0.000022 0.000780 0.083965 1.000000
0.083965 0.083965 0.083965 0.083965 0.083965 0.083965 0.083965 0.083965 0.083965 0.083965 0.132908 0.164543 0.000000 0.083965 0.083965 0.000001 0.164543 0.000022 0.000780 0.083965 1.000000
0.083965 0.083965 0.083965 0.083965 0.083965 0.083965 0.083965 0.083965 0.083965 0.083965 0.132908 0.164543 0.000000 0.083965 0.083965 0.000001 0.164543 0.000022 0.000780 0.083965 1.000000
0.083965 0.083965 0.083965 0.083965 0.083965 0.083965 0.083965 0.083965 0.083965 0.083965 0.132908 0.164543 0.000000 0.083965 0.083965 0.000001 0.164543 0.000022 0.000780 0.083965 1.000000
0.083965 0.083965 0.083965 0.083965 0.083965 0.083965 0.083965 0.083965 0.083965 0.083965 0.132908 0.164543 0.000000 0.083965 0.083965 0.000001 0.164543 0.000022 0.000780 0.083965 1.000000
0.083965 0.083965 0.083965 0.083965 0.083965 0.083965 0.083965 0.083965 0.083965 0.083965 0.132908 0.164543 0.000000 0.083965 0.083965 0.000001 0.164543 0.000022 0.000780 0.083965 1.000000
0.083965 0.083965 0.083965 0.083965 0.083965 0.083965 0.083965 0.083965 0.083965 0.083965 0.132908 0.164543 0.000000 0.083965 0.083965 0.000001 0.164543 0.000022 0.000780 0.083965 1.000000
0.083965 0.083965 0.083965 0.083965 0.083965 0.083965 0.083965 0.083965 0.083965 0.083965 0.132908 0.164543 0.000000 0.083965 0.083965 0.000001 0.164543 0.000022 0.000780 0.083965 1.000000
0.083965 0.083965 0.083965 0.083965 0.083965 0.083965 0.083965 0.083965 0.083965 0.083965 0.132908 0.164543 0.000000 0.083965 0.083965 0.000001 0.164543 0.000022 0.000780 0.083965 1.000000
