0.000000 0.000000 0.000000 0.000000 0.000000 0.000000 0.000000 0.000000 0.000000 0.000000 0.000000 0.000000 0.000000 0.000000 0.000000 0.000000 0.000000 0.000000 0.000000 0.000000 0.000000
0.084703 0.084703 0.084703 0.084703 0.084703 0.084703 0.084703 0.084703 0.004690 0.000258 0.044641 0.028604 0.009160 0.001537 0.005863 0.000001 0.028604 0.044641 0.005863 0.004690 1.000000
0.084168 0.084168 0.084168 0.084168 0.084168 0.084168 0.084168 0.084168 0.003728 0.002386 0.018198 0.035510 0.004660 0.009101 0.001527 0.000002 0.018198 0.055383 0.000625 0.011376 1.000000
0.084181 0.084181 0.084181 0.084181 0.084181 0.084181 0.084181 0.084181 0.002386 0.000105 0.022747 0.035515 0.034685 0.005826 0.002386 0.000001 0.069122 0.044363 0.007282 0.002983 1.000000
0.084183 0.084183 0.084183 0.084183 0.084183 0.084183 0.084183 0.084183 0.004661 0.000067 0.035516 0.044364 0.027761 0.001527 0.004661 0.000001 0.044364 0.069123 0.001909 0.014222 1.000000
0.084707 0.084707 0.084707 0.084707 0.084707 0.084707 0.084707 0.084707 0.002402 0.000206 0.035740 0.035740 0.022355 0.002402 0.004690 0.000001 0.028605 0.055741 0.005863 0.003752 1.000000
0.084705 0.084705 0.084705 0.084705 0.084705 0.084705 0.084705 0.084705 0.007328 0.000504 0.014654 0.028604 0.027935 0.001537 0.000258 0.000003 0.018316 0.035739 0.034903 0.003002 1.000000
0.084732 0.084732 0.084732 0.084732 0.084732 0.084732 0.084732 0.084732 0.001230 0.000258 0.044656 0.107967 0.022361 0.005865 0.022361 0.000002 0.035750 0.018321 0.014315 0.000106 1.000000
0.084167 0.084167 0.084167 0.084167 0.084167 0.084167 0.084167 0.084167 0.011376 0.000320 0.014560 0.028420 0.027755 0.003728 0.017771 0.000002 0.028420 0.022743 0.000067 0.011376 1.000000
0.084165 0.084165 0.084165 0.084165 0.084165 0.084165 0.084165 0.084165 0.009101 0.000131 0.018197 0.035508 0.007281 0.002386 0.011376 0.000004 0.044354 0.014560 0.005825 0.002386 1.000000
0.084170 0.084170 0.084170 0.084170 0.084170 0.084170 0.084170 0.084170 0.001909 0.000084 0.028421 0.044357 0.011376 0.009101 0.002983 0.000002 0.044357 0.022744 0.017772 0.002983 1.000000
0.084179 0.084179 0.084179 0.084179 0.084179 0.084179 0.084179 0.084179 0.001909 0.000084 0.028424 0.035514 0.022213 0.007282 0.002386 0.000001 0.044361 0.069120 0.005826 0.007282 1.000000
0.084207 0.084207 0.084207 0.084207 0.084207 0.084207 0.084207 0.084207 0.084207 0.000005 0.014567 0.055409 0.027768 0.003730 0.009105 0.000001 0.022754 0.044376 0.003730 0.002984 1.000000
0.084177 0.084177 0.084177 0.084177 0.084177 0.084177 0.084177 0.084177 0.002983 0.000011 0.028424 0.035514 0.027759 0.005826 0.034683 0.000001 0.044361 0.035514 0.002983 0.005826 1.000000
0.084176 0.084176 0.084176 0.084176 0.084176 0.084176 0.084176 0.084176 0.002983 0.000205 0.055389 0.028423 0.022213 0.005826 0.000500 0.000001 0.028423 0.044360 0.022213 0.002983 1.000000
0.084183 0.084183 0.084183 0.084183 0.084183 0.084183 0.084183 0.084183 0.001527 0.000164 0.055394 0.055394 0.017775 0.002386 0.009103 0.000001 0.035516 0.055394 0.000977 0.017775 1.000000
0.084173 0.084173 0.084173 0.084173 0.084173 0.084173 0.084173 0.084173 0.004660 0.000626 0.014561 0.018199 0.027757 0.001527 0.000626 0.000001 0.044358 0.055387 0.014220 0.005825 1.000000
0.084170 0.084170 0.084170 0.084170 0.084170 0.084170 0.084170 0.084170 0.002386 0.000084 0.044357 0.028421 0.027756 0.005825 0.002983 0.000002 0.035511 0.022744 0.014219 0.001909 1.000000
0.084167 0.084167 0.084167 0.084167 0.084167 0.084167 0.084167 0.084167 0.009101 0.000054 0.035509 0.044355 0.022210 0.001909 0.017771 0.000006 0.009320 0.011649 0.002982 0.003728 1.000000
0.084184 0.084184 0.084184 0.084184 0.084184 0.084184 0.084184 0.084184 0.001909 0.000105 0.055394 0.055394 0.027761 0.004661 0.002983 0.000001 0.055394 0.035516 0.002983 0.007283 1.000000
0.084178 0.084178 0.084178 0.084178 0.084178 0.084178 0.084178 0.084178 0.004661 0.000256 0.055390 0.018200 0.034684 0.001909 0.003729 0.000001 0.044361 0.044361 0.001527 0.005826 1.000000
0.084178 0.084178 0.084178 0.084178 0.084178 0.084178 0.084178 0.084178 0.001909 0.000500 0.035514 0.028424 0.011377 0.011377 0.001527 0.000002 0.028424 0.022746 0.054100 0.000320 1.000000
0.084708 0.084708 0.084708 0.084708 0.084708 0.084708 0.084708 0.084708 0.001921 0.000165 0.035740 0.044643 0.022355 0.007329 0.003002 0.000002 0.028605 0.035740 0.027936 0.000504 1.000000
0.084175 0.084175 0.084175 0.084175 0.084175 0.084175 0.084175 0.084175 0.017773 0.001222 0.086166 0.011650 0.002386 0.007282 0.003728 0.000006 0.003054 0.005965 0.000977 0.009102 1.000000
0.084721 0.084721 0.084721 0.084721 0.084721 0.084721 0.084721 0.084721 0.003753 0.000043 0.044650 0.069567 0.043608 0.003753 0.007330 0.000002 0.044650 0.022895 0.011452 0.000787 1.000000
0.084165 0.084165 0.084165 0.084165 0.084165 0.084165 0.084165 0.084165 0.005825 0.000105 0.044354 0.014560 0.007281 0.009101 0.001527 0.000002 0.018197 0.035509 0.011376 0.005825 1.000000
0.084250 0.084250 0.084250 0.084250 0.084250 0.084250 0.084250 0.084250 0.000401 0.000084 0.086243 0.069178 0.067572 0.004665 0.000501 0.000000 0.107359 0.055438 0.004665 0.043363 1.000000
0.084192 0.084192 0.084192 0.084192 0.084192 0.084192 0.084192 0.084192 0.003729 0.000256 0.069131 0.055400 0.005827 0.011379 0.000054 0.000005 0.055400 0.002444 0.017777 0.043333 1.000000
0.084292 0.084292 0.084292 0.084292 0.084292 0.084292 0.084292 0.084292 0.000626 0.003734 0.133414 0.055466 0.084292 0.001529 0.000084 0.000001 0.035562 0.107412 0.000626 0.067605 1.000000
0.084242 0.084242 0.084242 0.084242 0.084242 0.084242 0.084242 0.084242 0.000626 0.000626 0.055433 0.055433 0.043359 0.027780 0.000002 0.000000 0.107349 0.044395 0.067565 0.034710 1.000000
0.084280 0.084280 0.084280 0.084280 0.084280 0.084280 0.084280 0.084280 0.000401 0.000131 0.133395 0.107396 0.054165 0.003733 0.003733 0.000000 0.107396 0.069203 0.001223 0.014238 1.000000
0.084268 0.084268 0.084268 0.084268 0.084268 0.084268 0.084268 0.084268 0.000257 0.000043 0.069193 0.107381 0.034721 0.009112 0.007290 0.000000 0.107381 0.086261 0.067586 0.000626 1.000000
0.084212 0.084212 0.084212 0.084212 0.084212 0.084212 0.084212 0.084212 0.001222 0.000009 0.069147 0.028435 0.054121 0.009106 0.034698 0.000000 0.069147 0.069147 0.009106 0.001222 1.000000
0.084370 0.084370 0.084370 0.084370 0.084370 0.084370 0.084370 0.084370 0.000401 0.000001 0.069278 0.107511 0.054224 0.084370 0.002392 0.000000 0.165306 0.107511 0.002392 0.084370 1.000000
0.084220 0.084220 0.084220 0.084220 0.084220 0.084220 0.084220 0.084220 0.001528 0.001222 0.028439 0.069154 0.014228 0.001222 0.000782 0.000000 0.086212 0.107322 0.002388 0.034701 1.000000
0.084260 0.084260 0.084260 0.084260 0.084260 0.084260 0.084260 0.084260 0.000978 0.000205 0.055444 0.055444 0.001223 0.027786 0.022235 0.000000 0.165098 0.086253 0.011389 0.000978 1.000000
0.084260 0.084260 0.084260 0.084260 0.084260 0.084260 0.084260 0.084260 0.000131 0.084260 0.055444 0.086253 0.027786 0.034718 0.034718 0.000000 0.086253 0.069187 0.017791 0.000000 1.000000
0.084747 0.084747 0.084747 0.084747 0.084747 0.084747 0.084747 0.084747 0.000787 0.000504 0.028619 0.107987 0.034921 0.003754 0.000132 0.000001 0.028619 0.086751 0.014318 0.017896 1.000000
0.084291 0.084291 0.084291 0.084291 0.084291 0.084291 0.084291 0.084291 0.000164 0.000067 0.069212 0.107410 0.054173 0.084291 0.000022 0.000000 0.069212 0.107410 0.034731 0.027796 1.000000
0.084219 0.084219 0.084219 0.084219 0.084219 0.084219 0.084219 0.084219 0.001528 0.000001 0.055417 0.044383 0.017783 0.054126 0.043347 0.000000 0.069153 0.055417 0.000626 0.043347 1.000000
0.084238 0.084238 0.084238 0.084238 0.084238 0.084238 0.084238 0.084238 0.001528 0.000002 0.107344 0.044393 0.043357 0.043357 0.009109 0.000001 0.055430 0.069169 0.000401 0.054139 1.000000
0.084302 0.084302 0.084302 0.084302 0.084302 0.084302 0.084302 0.084302 0.000257 0.000000 0.086296 0.086296 0.009116 0.084302 0.002390 0.000000 0.086296 0.069221 0.084302 0.054180 1.000000
0.084783 0.084783 0.084783 0.084783 0.084783 0.084783 0.084783 0.084783 0.000630 0.000258 0.069618 0.055792 0.027961 0.007335 0.007335 0.000000 0.086788 0.134175 0.043640 0.000132 1.000000
0.084237 0.084237 0.084237 0.084237 0.084237 0.084237 0.084237 0.084237 0.000783 0.000028 0.028444 0.107343 0.005830 0.027779 0.001910 0.000000 0.107343 0.055429 0.004664 0.054138 1.000000
0.084285 0.084285 0.084285 0.084285 0.084285 0.084285 0.084285 0.084285 0.000783 0.000002 0.069207 0.086279 0.054169 0.017797 0.014239 0.000000 0.165146 0.044418 0.000979 0.054169 1.000000
0.084290 0.084290 0.084290 0.084290 0.084290 0.084290 0.084290 0.084290 0.000626 0.000205 0.133412 0.035562 0.054172 0.003734 0.084290 0.000000 0.107410 0.044421 0.000014 0.043384 1.000000
0.084249 0.084249 0.084249 0.084249 0.084249 0.084249 0.084249 0.084249 0.084249 0.000002 0.069178 0.055437 0.054146 0.003732 0.001911 0.000000 0.055437 0.069178 0.001223 0.043362 1.000000
0.084266 0.084266 0.084266 0.084266 0.084266 0.084266 0.084266 0.084266 0.000401 0.000626 0.133374 0.086258 0.054156 0.002986 0.000783 0.000000 0.086258 0.086258 0.009112 0.002986 1.000000
0.084260 0.084260 0.084260 0.084260 0.084260 0.084260 0.084260 0.084260 0.000978 0.002389 0.055444 0.069186 0.014235 0.054153 0.004665 0.000000 0.133365 0.107371 0.000014 0.011389 1.000000
0.084255 0.084255 0.084255 0.084255 0.084255 0.084255 0.084255 0.084255 0.000401 0.000321 0.086247 0.107365 0.067576 0.011388 0.000501 0.000001 0.055441 0.035547 0.000321 0.067576 1.000000
0.084253 0.084253 0.084253 0.084253 0.084253 0.084253 0.084253 0.084253 0.000007 0.084253 0.086246 0.086246 0.043364 0.003732 0.000978 0.000001 0.069181 0.044401 0.027784 0.000401 1.000000
0.084269 0.084269 0.084269 0.084269 0.084269 0.084269 0.084269 0.084269 0.000321 0.034722 0.107383 0.005972 0.014236 0.084269 0.003733 0.000002 0.069194 0.011663 0.000001 0.084269 1.000000
0.084338 0.084338 0.084338 0.084338 0.084338 0.084338 0.084338 0.084338 0.000257 0.001913 0.133486 0.086333 0.067643 0.034750 0.000003 0.000000 0.133486 0.133486 0.043409 0.005837 1.000000
0.084399 0.084399 0.084399 0.084399 0.084399 0.084399 0.084399 0.084399 0.000014 0.084399 0.133580 0.107547 0.054243 0.043440 0.000022 0.000000 0.165360 0.107547 0.000164 0.067692 1.000000
0.084293 0.084293 0.084293 0.084293 0.084293 0.084293 0.084293 0.084293 0.000401 0.005834 0.086286 0.107413 0.011393 0.067606 0.004667 0.000000 0.086286 0.086286 0.000001 0.084293 1.000000
0.084302 0.084302 0.084302 0.084302 0.084302 0.084302 0.084302 0.084302 0.004668 0.000257 0.133430 0.133430 0.054180 0.001530 0.000014 0.000006 0.000086 0.069221 0.054180 0.067614 1.000000
0.084315 0.084315 0.084315 0.084315 0.084315 0.084315 0.084315 0.084315 0.084315 0.000501 0.107442 0.086309 0.043397 0.000028 0.000257 0.000000 0.107442 0.133451 0.009117 0.014244 1.000000
0.084392 0.084392 0.084392 0.084392 0.084392 0.084392 0.084392 0.084392 0.084392 0.000000 0.165348 0.044475 0.067687 0.067687 0.027830 0.000000 0.133570 0.107539 0.000007 0.054238 1.000000
0.084358 0.084358 0.084358 0.084358 0.084358 0.084358 0.084358 0.084358 0.000164 0.000067 0.133517 0.165284 0.043419 0.005838 0.000401 0.000000 0.107496 0.133517 0.054216 0.009122 1.000000
0.084375 0.084375 0.084375 0.084375 0.084375 0.084375 0.084375 0.084375 0.000205 0.000001 0.086371 0.165316 0.017816 0.054227 0.043428 0.000000 0.069282 0.165316 0.001225 0.084375 1.000000
0.084376 0.084376 0.084376 0.084376 0.084376 0.084376 0.084376 0.084376 0.000164 0.000164 0.133545 0.165318 0.054228 0.011405 0.002990 0.000000 0.165318 0.107519 0.027825 0.000401 1.000000
0.084364 0.084364 0.084364 0.084364 0.084364 0.084364 0.084364 0.084364 0.084364 0.000001 0.107503 0.133526 0.054220 0.005839 0.027821 0.000000 0.133526 0.133526 0.007298 0.000321 1.000000
0.084370 0.084370 0.084370 0.084370 0.084370 0.084370 0.084370 0.084370 0.000001 0.084370 0.133535 0.107510 0.067668 0.054224 0.067668 0.000002 0.086365 0.007474 0.084370 0.000001 1.000000
0.084365 0.084365 0.084365 0.084365 0.084365 0.084365 0.084365 0.084365 0.000401 0.000002 0.107504 0.086360 0.009123 0.084365 0.054221 0.000000 0.165296 0.107504 0.000321 0.067664 1.000000
0.084337 0.084337 0.084337 0.084337 0.084337 0.084337 0.084337 0.084337 0.000401 0.000005 0.086332 0.086332 0.084337 0.084337 0.054203 0.000000 0.107469 0.107469 0.000034 0.043408 1.000000
0.084390 0.084390 0.084390 0.084390 0.084390 0.084390 0.084390 0.084390 0.034772 0.000014 0.107536 0.165343 0.067685 0.000105 0.027830 0.000000 0.133566 0.165343 0.011406 0.000980 1.000000
0.084295 0.084295 0.084295 0.084295 0.084295 0.084295 0.084295 0.084295 0.000401 0.000257 0.055468 0.133419 0.043386 0.001912 0.084295 0.000000 0.086289 0.107416 0.017799 0.000084 1.000000
0.084416 0.084416 0.084416 0.084416 0.084416 0.084416 0.084416 0.084416 0.000022 0.084416 0.133607 0.086412 0.067706 0.000004 0.001915 0.000000 0.133607 0.165392 0.084416 0.011410 1.000000
0.084402 0.084402 0.084402 0.084402 0.084402 0.084402 0.084402 0.084402 0.084402 0.000401 0.107551 0.133585 0.084402 0.000067 0.000054 0.000000 0.133585 0.133585 0.067694 0.002393 1.000000
0.084370 0.084370 0.084370 0.084370 0.084370 0.084370 0.084370 0.084370 0.000067 0.000007 0.133536 0.133536 0.067669 0.054224 0.084370 0.000000 0.055518 0.086365 0.084370 0.000054 1.000000
0.084359 0.084359 0.084359 0.084359 0.084359 0.084359 0.084359 0.084359 0.000401 0.000084 0.069268 0.107497 0.000980 0.084359 0.067660 0.000000 0.133519 0.165285 0.002392 0.002392 1.000000
0.084324 0.084324 0.084324 0.084324 0.084324 0.084324 0.084324 0.084324 0.004669 0.000054 0.086318 0.086318 0.067631 0.009118 0.084324 0.000006 0.000028 0.133464 0.084324 0.000009 1.000000
0.084348 0.084348 0.084348 0.084348 0.084348 0.084348 0.084348 0.084348 0.001913 0.027816 0.069259 0.133502 0.000627 0.034755 0.067651 0.000000 0.133502 0.133502 0.000000 0.067651 1.000000
0.084268 0.084268 0.084268 0.084268 0.084268 0.084268 0.084268 0.084268 0.000011 0.084268 0.069193 0.055450 0.043372 0.017793 0.000028 0.000000 0.086261 0.086261 0.054158 0.001223 1.000000
0.084317 0.084317 0.084317 0.084317 0.084317 0.084317 0.084317 0.084317 0.000401 0.001224 0.133453 0.107443 0.002988 0.067626 0.001912 0.000000 0.133453 0.044435 0.000054 0.067626 1.000000
0.084011 0.084011 0.084011 0.084011 0.084011 0.084011 0.084011 0.084011 0.084011 0.000000 0.164630 0.164630 0.084011 0.053991 0.084011 0.000000 0.132979 0.164630 0.000009 0.084011 1.000000
0.084425 0.084425 0.084425 0.084425 0.084425 0.084425 0.084425 0.084425 0.084425 0.000001 0.107581 0.165410 0.084425 0.003740 0.000980 0.000000 0.107581 0.165410 0.001532 0.054260 1.000000
0.083983 0.083983 0.083983 0.083983 0.083983 0.083983 0.083983 0.083983 0.000000 0.083983 0.164578 0.164578 0.001905 0.083983 0.067357 0.000000 0.132936 0.132936 0.067357 0.083983 1.000000
0.084420 0.084420 0.084420 0.084420 0.084420 0.084420 0.084420 0.084420 0.084420 0.084420 0.133613 0.165400 0.067709 0.000000 0.007303 0.000000 0.133613 0.055551 0.014262 0.054256 1.000000
0.084471 0.084471 0.084471 0.084471 0.084471 0.084471 0.084471 0.084471 0.084471 0.084471 0.133692 0.133692 0.067750 0.000035 0.084471 0.000000 0.107638 0.133692 0.084471 0.000000 1.000000
0.084462 0.084462 0.084462 0.084462 0.084462 0.084462 0.084462 0.084462 0.084462 0.000785 0.165479 0.133678 0.054284 0.034802 0.000000 0.000000 0.165479 0.133678 0.001916 0.084462 1.000000
0.083974 0.083974 0.083974 0.083974 0.083974 0.083974 0.083974 0.083974 0.000004 0.083974 0.132921 0.132921 0.083974 0.083974 0.000027 0.000000 0.164560 0.164560 0.000131 0.083974 1.000000
0.084442 0.084442 0.084442 0.084442 0.084442 0.084442 0.084442 0.084442 0.084442 0.084442 0.133648 0.133648 0.000067 0.043463 0.084442 0.000000 0.107602 0.107602 0.000000 0.084442 1.000000
0.083959 0.083959 0.083959 0.083959 0.083959 0.083959 0.083959 0.083959 0.000009 0.083959 0.164532 0.164532 0.067337 0.017727 0.083959 0.000000 0.164532 0.106991 0.067337 0.000000 1.000000
0.084474 0.084474 0.084474 0.084474 0.084474 0.084474 0.084474 0.084474 0.004677 0.000000 0.133696 0.165501 0.067752 0.084474 0.007308 0.000000 0.086471 0.165501 0.084474 0.084474 1.000000
0.084453 0.084453 0.084453 0.084453 0.084453 0.084453 0.084453 0.084453 0.002394 0.000502 0.165462 0.165462 0.084453 0.000165 0.000105 0.000000 0.133664 0.165462 0.004676 0.067736 1.000000
0.083994 0.083994 0.083994 0.083994 0.083994 0.083994 0.083994 0.083994 0.000000 0.000054 0.164599 0.132953 0.083994 0.083994 0.067366 0.000000 0.164599 0.164599 0.067366 0.067366 1.000000
0.084486 0.084486 0.084486 0.084486 0.084486 0.084486 0.084486 0.084486 0.084486 0.000035 0.133715 0.165523 0.067762 0.022296 0.084486 0.000000 0.165523 0.107657 0.000000 0.084486 1.000000
0.084564 0.084564 0.084564 0.084564 0.084564 0.084564 0.084564 0.084564 0.054350 0.000000 0.165670 0.165670 0.084564 0.067825 0.084564 0.000000 0.165670 0.165670 0.027888 0.084564 1.000000
0.083979 0.083979 0.083979 0.083979 0.083979 0.083979 0.083979 0.083979 0.000002 0.083979 0.132930 0.164570 0.053971 0.083979 0.000000 0.000000 0.164570 0.164570 0.022160 0.083979 1.000000
0.084456 0.084456 0.084456 0.084456 0.084456 0.084456 0.084456 0.084456 0.084456 0.084456 0.133669 0.107620 0.084456 0.014268 0.000000 0.000000 0.133669 0.107620 0.084456 0.067738 1.000000
0.084421 0.084421 0.084421 0.084421 0.084421 0.084421 0.084421 0.084421 0.000022 0.017826 0.165401 0.107575 0.084421 0.004674 0.000164 0.000000 0.165401 0.165401 0.027840 0.000980 1.000000
0.084461 0.084461 0.084461 0.084461 0.084461 0.084461 0.084461 0.084461 0.084461 0.000000 0.133677 0.107626 0.000321 0.084461 0.005846 0.000000 0.165478 0.165478 0.004677 0.084461 1.000000
0.084471 0.084471 0.084471 0.084471 0.084471 0.084471 0.084471 0.084471 0.000000 0.084471 0.133692 0.133692 0.000002 0.067750 0.084471 0.000000 0.107638 0.133692 0.084471 0.084471 1.000000
0.084522 0.084522 0.084522 0.084522 0.084522 0.084522 0.084522 0.084522 0.000000 0.001534 0.165592 0.165592 0.084522 0.084522 0.084522 0.000000 0.133771 0.165592 0.067791 0.002995 1.000000
0.084384 0.084384 0.084384 0.084384 0.084384 0.084384 0.084384 0.084384 0.084384 0.084384 0.107528 0.107528 0.000000 0.034769 0.054233 0.000000 0.107528 0.022802 0.084384 0.067680 1.000000
0.084384 0.084384 0.084384 0.084384 0.084384 0.084384 0.084384 0.084384 0.002392 0.000002 0.133556 0.165331 0.054233 0.011406 0.001531 0.000000 0.107528 0.133556 0.001531 0.084384 1.000000
0.084434 0.084434 0.084434 0.084434 0.084434 0.084434 0.084434 0.084434 0.000402 0.000000 0.133635 0.133635 0.017829 0.054266 0.084434 0.000000 0.133635 0.165427 0.000502 0.084434 1.000000
0.084493 0.084493 0.084493 0.084493 0.084493 0.084493 0.084493 0.084493 0.000005 0.000022 0.133727 0.165538 0.067768 0.034815 0.000322 0.000000 0.165538 0.165538 0.084493 0.084493 1.000000
0.084445 0.084445 0.084445 0.084445 0.084445 0.084445 0.084445 0.084445 0.000165 0.084445 0.133651 0.165446 0.000001 0.054272 0.014266 0.000000 0.133651 0.165446 0.000981 0.067729 1.000000
0.084474 0.084474 0.084474 0.084474 0.084474 0.084474 0.084474 0.084474 0.084474 0.000006 0.165501 0.107642 0.067752 0.005847 0.000006 0.000000 0.165501 0.165501 0.017837 0.084474 1.000000
0.084016 0.084016 0.084016 0.084016 0.084016 0.084016 0.084016 0.084016 0.084016 0.084016 0.164639 0.164639 0.084016 0.084016 0.084016 0.000000 0.107063 0.164639 0.000780 0.000000 1.000000
0.084011 0.084011 0.084011 0.084011 0.084011 0.084011 0.084011 0.084011 0.084011 0.084011 0.164630 0.132979 0.084011 0.084011 0.000000 0.000000 0.164630 0.164630 0.002381 0.053991 1.000000
0.084491 0.084491 0.084491 0.084491 0.084491 0.084491 0.084491 0.084491 0.000206 0.000004 0.165534 0.165534 0.011420 0.084491 0.067766 0.000000 0.165534 0.165534 0.000206 0.054303 1.000000
0.083984 0.083984 0.083984 0.083984 0.083984 0.083984 0.083984 0.083984 0.083984 0.000000 0.132938 0.132938 0.083984 0.083984 0.000975 0.000000 0.164580 0.132938 0.083984 0.083984 1.000000
0.084054 0.084054 0.084054 0.084054 0.084054 0.084054 0.084054 0.084054 0.084054 0.000034 0.164711 0.164711 0.084054 0.084054 0.084054 0.000000 0.164711 0.164711 0.000000 0.084054 1.000000
0.084003 0.084003 0.084003 0.084003 0.084003 0.084003 0.084003 0.084003 0.084003 0.084003 0.132967 0.164616 0.084003 0.084003 0.084003 0.000000 0.107048 0.132967 0.000000 0.084003 1.000000
0.083988 0.083988 0.083988 0.083988 0.083988 0.083988 0.083988 0.083988 0.083988 0.083988 0.164587 0.164587 0.083988 0.000027 0.083988 0.000000 0.164587 0.001248 0.083988 0.000000 1.000000
0.084558 0.084558 0.084558 0.084558 0.084558 0.084558 0.084558 0.084558 0.014286 0.084558 0.165659 0.165659 0.084558 0.067820 0.000000 0.000000 0.133826 0.165659 0.084558 0.084558 1.000000
0.083976 0.083976 0.083976 0.083976 0.083976 0.083976 0.083976 0.083976 0.000204 0.000000 0.164564 0.164564 0.083976 0.083976 0.083976 0.000004 0.164564 0.001560 0.083976 0.067351 1.000000
0.084065 0.084065 0.084065 0.084065 0.084065 0.084065 0.084065 0.084065 0.084065 0.084065 0.164732 0.164732 0.084065 0.084065 0.000000 0.000000 0.164732 0.133063 0.084065 0.084065 1.000000
0.084020 0.084020 0.084020 0.084020 0.084020 0.084020 0.084020 0.084020 0.009085 0.084020 0.164648 0.164648 0.084020 0.000000 0.005815 0.000000 0.164648 0.164648 0.084020 0.084020 1.000000
0.084054 0.084054 0.084054 0.084054 0.084054 0.084054 0.084054 0.084054 0.084054 0.000625 0.164711 0.164711 0.084054 0.000000 0.084054 0.000000 0.164711 0.164711 0.084054 0.084054 1.000000
0.084534 0.084534 0.084534 0.084534 0.084534 0.084534 0.084534 0.084534 0.017850 0.000322 0.165615 0.165615 0.084534 0.084534 0.043510 0.000000 0.165615 0.165615 0.084534 0.000000 1.000000
0.084003 0.084003 0.084003 0.084003 0.084003 0.084003 0.084003 0.084003 0.084003 0.084003 0.132966 0.164614 0.000034 0.084003 0.034610 0.000000 0.164614 0.164614 0.000000 0.084003 1.000000
0.084020 0.084020 0.084020 0.084020 0.084020 0.084020 0.084020 0.084020 0.000131 0.000001 0.164647 0.164647 0.084020 0.084020 0.084020 0.000000 0.164647 0.164647 0.000084 0.084020 1.000000
0.083995 0.083995 0.083995 0.083995 0.083995 0.083995 0.083995 0.083995 0.083995 0.083995 0.164601 0.164601 0.067367 0.000067 0.083995 0.000000 0.132955 0.132955 0.083995 0.000000 1.000000
0.084065 0.084065 0.084065 0.084065 0.084065 0.084065 0.084065 0.084065 0.084065 0.084065 0.164732 0.133063 0.084065 0.000000 0.084065 0.000000 0.164732 0.164732 0.084065 0.084065 1.000000
0.084031 0.084031 0.084031 0.084031 0.084031 0.084031 0.084031 0.084031 0.084031 0.084031 0.133011 0.164668 0.084031 0.000000 0.084031 0.000000 0.164668 0.164668 0.011357 0.084031 1.000000
0.084014 0.084014 0.084014 0.084014 0.084014 0.084014 0.084014 0.084014 0.000000 0.084014 0.107061 0.164636 0.084014 0.067382 0.084014 0.000000 0.164636 0.132984 0.084014 0.084014 1.000000
0.084533 0.084533 0.084533 0.084533 0.084533 0.084533 0.084533 0.084533 0.084533 0.000000 0.165613 0.165613 0.084533 0.084533 0.084533 0.000000 0.133788 0.133788 0.000022 0.067800 1.000000
0.083997 0.083997 0.083997 0.083997 0.083997 0.083997 0.083997 0.083997 0.011353 0.000014 0.164604 0.164604 0.083997 0.000000 0.083997 0.000000 0.132958 0.164604 0.083997 0.083997 1.000000
0.083984 0.083984 0.083984 0.083984 0.083984 0.083984 0.083984 0.083984 0.000000 0.083984 0.132937 0.164578 0.014187 0.083984 0.083984 0.000000 0.164578 0.085970 0.083984 0.083984 1.000000
0.083999 0.083999 0.083999 0.083999 0.083999 0.083999 0.083999 0.083999 0.083999 0.000000 0.164608 0.068972 0.083999 0.083999 0.004651 0.000000 0.164608 0.164608 0.083999 0.083999 1.000000
0.083980 0.083980 0.083980 0.083980 0.083980 0.083980 0.083980 0.083980 0.000320 0.000000 0.164572 0.164572 0.067354 0.083980 0.083980 0.000000 0.107018 0.132932 0.083980 0.083980 1.000000
0.084490 0.084490 0.084490 0.084490 0.084490 0.084490 0.084490 0.084490 0.000005 0.002395 0.165532 0.165532 0.000002 0.084490 0.084490 0.000000 0.107663 0.165532 0.084490 0.034814 1.000000
0.084054 0.084054 0.084054 0.084054 0.084054 0.084054 0.084054 0.084054 0.084054 0.084054 0.164711 0.164711 0.084054 0.005817 0.084054 0.000000 0.164711 0.164711 0.084054 0.000000 1.000000
0.084604 0.084604 0.084604 0.084604 0.084604 0.084604 0.084604 0.084604 0.084604 0.084604 0.165746 0.133898 0.084604 0.084604 0.000982 0.000000 0.165746 0.165746 0.084604 0.084604 1.000000
0.084479 0.084479 0.084479 0.084479 0.084479 0.084479 0.084479 0.084479 0.084479 0.000000 0.133704 0.165511 0.067756 0.084479 0.084479 0.000004 0.000044 0.165511 0.067756 0.017838 1.000000
0.084088 0.084088 0.084088 0.084088 0.084088 0.084088 0.084088 0.084088 0.084088 0.084088 0.164775 0.164775 0.084088 0.000000 0.084088 0.000000 0.164775 0.164775 0.084088 0.084088 1.000000
0.084053 0.084053 0.084053 0.084053 0.084053 0.084053 0.084053 0.084053 0.067413 0.084053 0.133044 0.164709 0.084053 0.084053 0.000000 0.000000 0.164709 0.164709 0.084053 0.084053 1.000000
0.084479 0.084479 0.084479 0.084479 0.084479 0.084479 0.084479 0.084479 0.084479 0.084479 0.133704 0.133704 0.084479 0.000502 0.084479 0.000000 0.165510 0.000000 0.000000 0.084479 1.000000
0.084025 0.084025 0.084025 0.084025 0.084025 0.084025 0.084025 0.084025 0.084025 0.067391 0.164657 0.133001 0.084025 0.084025 0.084025 0.000000 0.107075 0.133001 0.084025 0.084025 1.000000
0.084022 0.084022 0.084022 0.084022 0.084022 0.084022 0.084022 0.084022 0.084022 0.084022 0.132996 0.132996 0.084022 0.000000 0.084022 0.000000 0.164650 0.164650 0.053998 0.084022 1.000000
0.084524 0.084524 0.084524 0.084524 0.084524 0.084524 0.084524 0.084524 0.084524 0.084524 0.165596 0.165596 0.000000 0.067793 0.084524 0.000000 0.133774 0.000001 0.084524 0.084524 1.000000
0.084576 0.084576 0.084576 0.084576 0.084576 0.084576 0.084576 0.084576 0.067835 0.084576 0.165694 0.165694 0.084576 0.084576 0.084576 0.000000 0.165694 0.107771 0.084576 0.000000 1.000000
0.084110 0.084110 0.084110 0.084110 0.084110 0.084110 0.084110 0.084110 0.084110 0.067459 0.164817 0.164817 0.084110 0.084110 0.084110 0.000000 0.164817 0.164817 0.084110 0.084110 1.000000
0.084087 0.084087 0.084087 0.084087 0.084087 0.084087 0.084087 0.084087 0.084087 0.067440 0.164773 0.133097 0.084087 0.084087 0.084087 0.000000 0.164773 0.164773 0.084087 0.084087 1.000000
0.084628 0.084628 0.084628 0.084628 0.084628 0.084628 0.084628 0.084628 0.084628 0.084628 0.165791 0.165791 0.084628 0.084628 0.084628 0.000000 0.165791 0.165791 0.000000 0.084628 1.000000
0.084022 0.084022 0.084022 0.084022 0.084022 0.084022 0.084022 0.084022 0.084022 0.000000 0.164650 0.164650 0.067388 0.084022 0.000164 0.000000 0.164650 0.164650 0.084022 0.053998 1.000000
0.084537 0.084537 0.084537 0.084537 0.084537 0.084537 0.084537 0.084537 0.084537 0.084537 0.165619 0.165619 0.084537 0.084537 0.000165 0.000000 0.133794 0.000000 0.084537 0.084537 1.000000
0.084529 0.084529 0.084529 0.084529 0.084529 0.084529 0.084529 0.084529 0.084529 0.084529 0.165606 0.165606 0.084529 0.084529 0.027876 0.000000 0.165606 0.000000 0.000000 0.084529 1.000000
0.084088 0.084088 0.084088 0.084088 0.084088 0.084088 0.084088 0.084088 0.084088 0.084088 0.164775 0.164775 0.084088 0.084088 0.000000 0.000000 0.164775 0.164775 0.084088 0.084088 1.000000
0.084570 0.084570 0.084570 0.084570 0.084570 0.084570 0.084570 0.084570 0.084570 0.084570 0.133845 0.165681 0.084570 0.084570 0.007316 0.000000 0.165681 0.165681 0.000001 0.084570 1.000000
0.084028 0.084028 0.084028 0.084028 0.084028 0.084028 0.084028 0.084028 0.084028 0.084028 0.164661 0.164661 0.067393 0.000000 0.084028 0.000000 0.164661 0.086015 0.084028 0.084028 1.000000
0.084110 0.084110 0.084110 0.084110 0.084110 0.084110 0.084110 0.084110 0.084110 0.067459 0.164817 0.164817 0.084110 0.084110 0.084110 0.000000 0.164817 0.164817 0.084110 0.084110 1.000000
0.084628 0.084628 0.084628 0.084628 0.084628 0.084628 0.084628 0.084628 0.000000 0.084628 0.165791 0.165791 0.084628 0.084628 0.084628 0.000000 0.165791 0.165791 0.084628 0.084628 1.000000
0.084022 0.084022 0.084022 0.084022 0.084022 0.084022 0.084022 0.084022 0.000014 0.084022 0.164650 0.164650 0.067388 0.000000 0.084022 0.000000 0.164650 0.164650 0.084022 0.053998 1.000000
0.084008 0.084008 0.084008 0.084008 0.084008 0.084008 0.084008 0.084008 0.084008 0.084008 0.132974 0.164624 0.000084 0.084008 0.084008 0.000000 0.132974 0.164624 0.000000 0.084008 1.000000
0.083997 0.083997 0.083997 0.083997 0.083997 0.083997 0.083997 0.083997 0.000084 0.083997 0.132957 0.164604 0.083997 0.005813 0.083997 0.000000 0.164604 0.164604 0.083997 0.000000 1.000000
0.083982 0.083982 0.083982 0.083982 0.083982 0.083982 0.083982 0.083982 0.083982 0.067356 0.132935 0.107021 0.083982 0.083982 0.083982 0.000000 0.164576 0.000000 0.083982 0.083982 1.000000
0.084031 0.084031 0.084031 0.084031 0.084031 0.084031 0.084031 0.084031 0.007269 0.000000 0.164668 0.164668 0.084031 0.084031 0.084031 0.000000 0.133010 0.164668 0.084031 0.084031 1.000000
0.084031 0.084031 0.084031 0.084031 0.084031 0.084031 0.084031 0.084031 0.000000 0.084031 0.164668 0.133011 0.011357 0.084031 0.084031 0.000000 0.164668 0.164668 0.084031 0.084031 1.000000
0.084087 0.084087 0.084087 0.084087 0.084087 0.084087 0.084087 0.084087 0.084087 0.067440 0.164773 0.164773 0.084087 0.084087 0.084087 0.000000 0.133097 0.164773 0.084087 0.084087 1.000000
0.084074 0.084074 0.084074 0.084074 0.084074 0.084074 0.084074 0.084074 0.084074 0.084074 0.164749 0.133077 0.084074 0.084074 0.043271 0.000000 0.164749 0.164749 0.084074 0.084074 1.000000
0.084087 0.084087 0.084087 0.084087 0.084087 0.084087 0.084087 0.084087 0.084087 0.067440 0.164773 0.164773 0.084087 0.084087 0.084087 0.000000 0.133097 0.164773 0.084087 0.084087 1.000000
0.084604 0.084604 0.084604 0.084604 0.084604 0.084604 0.084604 0.084604 0.084604 0.084604 0.165746 0.165746 0.084604 0.000000 0.084604 0.000000 0.133898 0.165746 0.084604 0.084604 1.000000
0.084628 0.084628 0.084628 0.084628 0.084628 0.084628 0.084628 0.084628 0.084628 0.084628 0.165791 0.165791 0.084628 0.084628 0.000005 0.000000 0.165791 0.165791 0.084628 0.084628 1.000000
0.084042 0.084042 0.084042 0.084042 0.084042 0.084042 0.084042 0.084042 0.084042 0.084042 0.133027 0.164688 0.084042 0.084042 0.084042 0.000000 0.133027 0.164688 0.000000 0.084042 1.000000
0.084054 0.084054 0.084054 0.084054 0.084054 0.084054 0.084054 0.084054 0.084054 0.084054 0.164711 0.164711 0.000000 0.084054 0.004654 0.000000 0.164711 0.164711 0.084054 0.084054 1.000000
0.084087 0.084087 0.084087 0.084087 0.084087 0.084087 0.084087 0.084087 0.084087 0.067440 0.164773 0.164773 0.084087 0.084087 0.084087 0.000000 0.133097 0.164773 0.084087 0.084087 1.000000
0.084110 0.084110 0.084110 0.084110 0.084110 0.084110 0.084110 0.084110 0.084110 0.067459 0.164817 0.164817 0.084110 0.084110 0.084110 0.000000 0.164817 0.164817 0.084110 0.084110 1.000000
0.084088 0.084088 0.084088 0.084088 0.084088 0.084088 0.084088 0.084088 0.084088 0.084088 0.164775 0.164775 0.084088 0.084088 0.000000 0.000000 0.164775 0.164775 0.084088 0.084088 1.000000
0.084064 0.084064 0.084064 0.084064 0.084064 0.084064 0.084064 0.084064 0.084064 0.067422 0.133061 0.133061 0.084064 0.084064 0.084064 0.000000 0.164729 0.164729 0.084064 0.084064 1.000000
0.084087 0.084087 0.084087 0.084087 0.084087 0.084087 0.084087 0.084087 0.084087 0.067440 0.133097 0.164773 0.084087 0.084087 0.084087 0.000000 0.164773 0.164773 0.084087 0.084087 1.000000
0.084088 0.084088 0.084088 0.084088 0.084088 0.084088 0.084088 0.084088 0.084088 0.084088 0.164775 0.164775 0.000000 0.084088 0.084088 0.000000 0.164775 0.164775 0.084088 0.084088 1.000000
0.084022 0.084022 0.084022 0.084022 0.084022 0.084022 0.084022 0.084022 0.084022 0.084022 0.164651 0.164651 0.084022 0.084022 0.084022 0.000000 0.164651 0.000035 0.000000 0.084022 1.000000
0.084628 0.084628 0.084628 0.084628 0.084628 0.084628 0.084628 0.084628 0.084628 0.084628 0.165791 0.165791 0.084628 0.084628 0.084628 0.000000 0.165791 0.165791 0.000014 0.084628 1.000000
0.084031 0.084031 0.084031 0.084031 0.084031 0.084031 0.084031 0.084031 0.084031 0.000011 0.133010 0.164668 0.084031 0.084031 0.084031 0.000000 0.164668 0.164668 0.084031 0.005815 1.000000
0.084088 0.084088 0.084088 0.084088 0.084088 0.084088 0.084088 0.084088 0.084088 0.084088 0.164775 0.164775 0.084088 0.084088 0.084088 0.000000 0.164775 0.164775 0.000001 0.084088 1.000000
0.084110 0.084110 0.084110 0.084110 0.084110 0.084110 0.084110 0.084110 0.084110 0.067459 0.164817 0.164817 0.084110 0.084110 0.084110 0.000000 0.164817 0.164817 0.084110 0.084110 1.000000
0.084110 0.084110 0.084110 0.084110 0.084110 0.084110 0.084110 0.084110 0.084110 0.067459 0.164817 0.164817 0.084110 0.084110 0.084110 0.000000 0.164817 0.164817 0.084110 0.084110 1.000000
0.084087 0.084087 0.084087 0.084087 0.084087 0.084087 0.084087 0.084087 0.084087 0.067440 0.133097 0.164773 0.084087 0.084087 0.084087 0.000000 0.164773 0.164773 0.084087 0.084087 1.000000
0.084593 0.084593 0.084593 0.084593 0.084593 0.084593 0.084593 0.084593 0.000003 0.084593 0.165725 0.165725 0.084593 0.084593 0.084593 0.000000 0.165725 0.165725 0.084593 0.000000 1.000000
0.084569 0.084569 0.084569 0.084569 0.084569 0.084569 0.084569 0.084569 0.084569 0.000007 0.165681 0.133844 0.084569 0.084569 0.084569 0.000000 0.165681 0.165681 0.000165 0.084569 1.000000
0.084065 0.084065 0.084065 0.084065 0.084065 0.084065 0.084065 0.084065 0.084065 0.084065 0.164732 0.164732 0.084065 0.084065 0.084065 0.000000 0.133063 0.164732 0.001525 0.084065 1.000000
0.084088 0.084088 0.084088 0.084088 0.084088 0.084088 0.084088 0.084088 0.084088 0.084088 0.164775 0.164775 0.084088 0.000000 0.084088 0.000000 0.164775 0.164775 0.084088 0.084088 1.000000
0.084628 0.084628 0.084628 0.084628 0.084628 0.084628 0.084628 0.084628 0.084628 0.084628 0.165791 0.165791 0.084628 0.084628 0.000000 0.000000 0.165791 0.165791 0.084628 0.084628 1.000000
0.084053 0.084053 0.084053 0.084053 0.084053 0.084053 0.084053 0.084053 0.084053 0.084053 0.164709 0.164709 0.067413 0.000000 0.084053 0.000000 0.164709 0.133044 0.084053 0.084053 1.000000
0.084604 0.084604 0.084604 0.084604 0.084604 0.084604 0.084604 0.084604 0.084604 0.084604 0.165746 0.165746 0.084604 0.000084 0.084604 0.000000 0.133898 0.165746 0.084604 0.084604 1.000000
0.084087 0.084087 0.084087 0.084087 0.084087 0.084087 0.084087 0.084087 0.084087 0.067440 0.164773 0.164773 0.084087 0.084087 0.084087 0.000000 0.164773 0.133097 0.084087 0.084087 1.000000
0.084087 0.084087 0.084087 0.084087 0.084087 0.084087 0.084087 0.084087 0.084087 0.067440 0.164773 0.164773 0.084087 0.084087 0.084087 0.000000 0.133097 0.164773 0.084087 0.084087 1.000000
0.084110 0.084110 0.084110 0.084110 0.084110 0.084110 0.084110 0.084110 0.084110 0.067459 0.164817 0.164817 0.084110 0.084110 0.084110 0.000000 0.164817 0.164817 0.084110 0.084110 1.000000
0.084628 0.084628 0.084628 0.084628 0.084628 0.084628 0.084628 0.084628 0.084628 0.000000 0.165791 0.165791 0.084628 0.084628 0.084628 0.000000 0.165791 0.165791 0.084628 0.084628 1.000000
0.084110 0.084110 0.084110 0.084110 0.084110 0.084110 0.084110 0.084110 0.084110 0.067459 0.164817 0.164817 0.084110 0.084110 0.084110 0.000000 0.164817 0.164817 0.084110 0.084110 1.000000
0.084087 0.084087 0.084087 0.084087 0.084087 0.084087 0.084087 0.084087 0.084087 0.067440 0.164773 0.164773 0.084087 0.084087 0.084087 0.000000 0.164773 0.133097 0.084087 0.084087 1.000000
0.084087 0.084087 0.084087 0.084087 0.084087 0.084087 0.084087 0.084087 0.084087 0.067440 0.164773 0.133097 0.084087 0.084087 0.084087 0.000000 0.164773 0.164773 0.084087 0.084087 1.000000
0.084110 0.084110 0.084110 0.084110 0.084110 0.084110 0.084110 0.084110 0.084110 0.067459 0.164817 0.164817 0.084110 0.084110 0.084110 0.000000 0.164817 0.164817 0.084110 0.084110 1.000000
0.084088 0.084088 0.084088 0.084088 0.084088 0.084088 0.084088 0.084088 0.084088 0.084088 0.164775 0.164775 0.084088 0.084088 0.000105 0.000000 0.164775 0.164775 0.084088 0.084088 1.000000
0.084110 0.084110 0.084110 0.084110 0.084110 0.084110 0.084110 0.084110 0.084110 0.067459 0.164817 0.164817 0.084110 0.084110 0.084110 0.000000 0.164817 0.164817 0.084110 0.084110 1.000000
0.084088 0.084088 0.084088 0.084088 0.084088 0.084088 0.084088 0.084088 0.084088 0.084088 0.164775 0.164775 0.084088 0.084088 0.084088 0.000000 0.164775 0.164775 0.084088 0.000001 1.000000
0.084110 0.084110 0.084110 0.084110 0.084110 0.084110 0.084110 0.084110 0.084110 0.067459 0.164817 0.164817 0.084110 0.084110 0.084110 0.000000 0.164817 0.164817 0.084110 0.084110 1.000000
0.084088 0.084088 0.084088 0.084088 0.084088 0.084088 0.084088 0.084088 0.084088 0.084088 0.164775 0.164775 0.084088 0.084088 0.084088 0.000000 0.164775 0.164775 0.000000 0.084088 1.000000
0.084088 0.084088 0.084088 0.084088 0.084088 0.084088 0.084088 0.084088 0.084088 0.084088 0.164775 0.164775 0.084088 0.084088 0.084088 0.000000 0.164775 0.164775 0.084088 0.000018 1.000000
0.084110 0.084110 0.084110 0.084110 0.084110 0.084110 0.084110 0.084110 0.084110 0.067459 0.164817 0.164817 0.084110 0.084110 0.084110 0.000000 0.164817 0.164817 0.084110 0.084110 1.000000
0.084088 0.084088 0.084088 0.084088 0.084088 0.084088 0.084088 0.084088 0.084088 0.000400 0.164775 0.164775 0.084088 0.084088 0.084088 0.000000 0.164775 0.164775 0.084088 0.084088 1.000000
0.084020 0.084020 0.084020 0.084020 0.084020 0.084020 0.084020 0.084020 0.084020 0.000205 0.164647 0.164647 0.084020 0.002977 0.084020 0.000000 0.164647 0.164647 0.084020 0.000000 1.000000
0.084110 0.084110 0.084110 0.084110 0.084110 0.084110 0.084110 0.084110 0.084110 0.067459 0.164817 0.164817 0.084110 0.084110 0.084110 0.000000 0.164817 0.164817 0.084110 0.084110 1.000000
0.084110 0.084110 0.084110 0.084110 0.084110 0.084110 0.084110 0.084110 0.084110 0.067459 0.164817 0.164817 0.084110 0.084110 0.084110 0.000000 0.164817 0.164817 0.084110 0.084110 1.000000
0.084110 0.084110 0.084110 0.084110 0.084110 0.084110 0.084110 0.084110 0.084110 0.067459 0.164817 0.164817 0.084110 0.084110 0.084110 0.000000 0.164817 0.164817 0.084110 0.084110 1.000000
0.084628 0.084628 0.084628 0.084628 0.084628 0.084628 0.084628 0.084628 0.000132 0.084628 0.165791 0.165791 0.084628 0.084628 0.084628 0.000000 0.165791 0.165791 0.084628 0.084628 1.000000
0.084110 0.084110 0.084110 0.084110 0.084110 0.084110 0.084110 0.084110 0.084110 0.067459 0.164817 0.164817 0.084110 0.084110 0.084110 0.000000 0.164817 0.164817 0.084110 0.084110 1.000000
0.084088 0.084088 0.084088 0.084088 0.084088 0.084088 0.084088 0.084088 0.084088 0.084088 0.164775 0.164775 0.084088 0.000000 0.084088 0.000000 0.164775 0.164775 0.084088 0.084088 1.000000
0.084110 0.084110 0.084110 0.084110 0.084110 0.084110 0.084110 0.084110 0.084110 0.067459 0.164817 0.164817 0.084110 0.084110 0.084110 0.000000 0.164817 0.164817 0.084110 0.084110 1.000000
0.084088 0.084088 0.084088 0.084088 0.084088 0.084088 0.084088 0.084088 0.084088 0.084088 0.164775 0.164775 0.084088 0.003725 0.084088 0.000000 0.164775 0.164775 0.084088 0.084088 1.000000
0.084088 0.084088 0.084088 0.084088 0.084088 0.084088 0.084088 0.084088 0.084088 0.084088 0.164775 0.164775 0.084088 0.000000 0.084088 0.000000 0.164775 0.164775 0.084088 0.084088 1.000000
0.084110 0.084110 0.084110 0.084110 0.084110 0.084110 0.084110 0.084110 0.084110 0.067459 0.164817 0.164817 0.084110 0.084110 0.084110 0.000000 0.164817 0.164817 0.084110 0.084110 1.000000
0.084110 0.084110 0.084110 0.084110 0.084110 0.084110 0.084110 0.084110 0.084110 0.067459 0.164817 0.164817 0.084110 0.084110 0.084110 0.000000 0.164817 0.164817 0.084110 0.084110 1.000000
0.084628 0.084628 0.084628 0.084628 0.084628 0.084628 0.084628 0.084628 0.084628 0.084628 0.165791 0.165791 0.084628 0.000005 0.084628 0.000000 0.165791 0.165791 0.084628 0.084628 1.000000
0.084628 0.084628 0.084628 0.084628 0.084628 0.084628 0.084628 0.084628 0.000000 0.084628 0.165791 0.165791 0.084628 0.084628 0.084628 0.000000 0.165791 0.165791 0.084628 0.084628 1.000000
0.084110 0.084110 0.084110 0.084110 0.084110 0.084110 0.084110 0.084110 0.084110 0.067459 0.164817 0.164817 0.084110 0.084110 0.084110 0.000000 0.164817 0.164817 0.084110 0.084110 1.000000
0.084628 0.084628 0.084628 0.084628 0.084628 0.084628 0.084628 0.084628 0.084628 0.000002 0.165791 0.165791 0.084628 0.084628 0.084628 0.000000 0.165791 0.165791 0.084628 0.084628 1.000000
0.084110 0.084110 0.084110 0.084110 0.084110 0.084110 0.084110 0.084110 0.084110 0.067459 0.164817 0.164817 0.084110 0.084110 0.084110 0.000000 0.164817 0.164817 0.084110 0.084110 1.000000
0.084110 0.084110 0.084110 0.084110 0.084110 0.084110 0.084110 0.084110 0.084110 0.067459 0.164817 0.164817 0.084110 0.084110 0.084110 0.000000 0.164817 0.164817 0.084110 0.084110 1.000000
0.084088 0.084088 0.084088 0.084088 0.084088 0.084088 0.084088 0.084088 0.084088 0.084088 0.164775 0.164775 0.084088 0.084088 0.000000 0.000000 0.164775 0.164775 0.084088 0.084088 1.000000
0.084110 0.084110 0.084110 0.084110 0.084110 0.084110 0.084110 0.084110 0.084110 0.067459 0.164817 0.164817 0.084110 0.084110 0.084110 0.000000 0.164817 0.164817 0.084110 0.084110 1.000000
0.084110 0.084110 0.084110 0.084110 0.084110 0.084110 0.084110 0.084110 0.084110 0.067459 0.164817 0.164817 0.084110 0.084110 0.084110 0.000000 0.164817 0.164817 0.084110 0.084110 1.000000
0.084110 0.084110 0.084110 0.084110 0.084110 0.084110 0.084110 0.084110 0.084110 0.067459 0.164817 0.164817 0.084110 0.084110 0.084110 0.000000 0.164817 0.164817 0.084110 0.084110 1.000000
0.084054 0.084054 0.084054 0.084054 0.084054 0.084054 0.084054 0.084054 0.084054 0.000000 0.164711 0.164711 0.084054 0.084054 0.084054 0.000000 0.164711 0.164711 0.000002 0.084054 1.000000
0.084110 0.084110 0.084110 0.084110 0.084110 0.084110 0.084110 0.084110 0.084110 0.067459 0.164817 0.164817 0.084110 0.084110 0.084110 0.000000 0.164817 0.164817 0.084110 0.084110 1.000000
0.084110 0.084110 0.084110 0.084110 0.084110 0.084110 0.084110 0.084110 0.084110 0.067459 0.164817 0.164817 0.084110 0.084110 0.084110 0.000000 0.164817 0.164817 0.084110 0.084110 1.000000
0.084628 0.084628 0.084628 0.084628 0.084628 0.084628 0.084628 0.084628 0.084628 0.084628 0.165791 0.165791 0.000002 0.084628 0.084628 0.000000 0.165791 0.165791 0.084628 0.084628 1.000000
0.084088 0.084088 0.084088 0.084088 0.084088 0.084088 0.084088 0.084088 0.084088 0.000000 0.164775 0.164775 0.084088 0.084088 0.084088 0.000000 0.164775 0.164775 0.084088 0.084088 1.000000
0.084110 0.084110 0.084110 0.084110 0.084110 0.084110 0.084110 0.084110 0.084110 0.067459 0.164817 0.164817 0.084110 0.084110 0.084110 0.000000 0.164817 0.164817 0.084110 0.084110 1.000000
0.084110 0.084110 0.084110 0.084110 0.084110 0.084110 0.084110 0.084110 0.084110 0.067459 0.164817 0.164817 0.084110 0.084110 0.084110 0.000000 0.164817 0.164817 0.084110 0.084110 1.000000
0.084628 0.084628 0.084628 0.084628 0.084628 0.084628 0.084628 0.084628 0.084628 0.084628 0.165791 0.165791 0.084628 0.000000 0.084628 0.000000 0.165791 0.165791 0.084628 0.084628 1.000000
0.084110 0.084110 0.084110 0.084110 0.084110 0.084110 0.084110 0.084110 0.084110 0.067459 0.164817 0.164817 0.084110 0.084110 0.084110 0.000000 0.164817 0.164817 0.084110 0.084110 1.000000
0.084110 0.084110 0.084110 0.084110 0.084110 0.084110 0.084110 0.084110 0.084110 0.067459 0.164817 0.164817 0.084110 0.084110 0.084110 0.000000 0.164817 0.164817 0.084110 0.084110 1.000000
0.084110 0.084110 0.084110 0.084110 0.084110 0.084110 0.084110 0.084110 0.084110 0.067459 0.164817 0.164817 0.084110 0.084110 0.084110 0.000000 0.164817 0.164817 0.084110 0.084110 1.000000
0.084110 0.084110 0.084110 0.084110 0.084110 0.084110 0.084110 0.084110 0.084110 0.067459 0.164817 0.164817 0.084110 0.084110 0.084110 0.000000 0.164817 0.164817 0.084110 0.084110 1.000000
0.084110 0.084110 0.084110 0.084110 0.084110 0.084110 0.084110 0.084110 0.084110 0.067459 0.164817 0.164817 0.084110 0.084110 0.084110 0.000000 0.164817 0.164817 0.084110 0.084110 1.000000
0.084110 0.084110 0.084110 0.084110 0.084110 0.084110 0.084110 0.084110 0.084110 0.067459 0.164817 0.164817 0.084110 0.084110 0.084110 0.000000 0.164817 0.164817 0.084110 0.084110 1.000000
0.084110 0.084110 0.084110 0.084110 0.084110 0.084110 0.084110 0.084110 0.084110 0.067459 0.164817 0.164817 0.084110 0.084110 0.084110 0.000000 0.164817 0.164817 0.084110 0.084110 1.000000
0.084087 0.084087 0.084087 0.084087 0.084087 0.084087 0.084087 0.084087 0.084087 0.067440 0.133097 0.164773 0.084087 0.084087 0.084087 0.000000 0.164773 0.164773 0.084087 0.084087 1.000000
0.084088 0.084088 0.084088 0.084088 0.084088 0.084088 0.084088 0.084088 0.084088 0.084088 0.164775 0.164775 0.084088 0.084088 0.084088 0.000000 0.164775 0.164775 0.084088 0.000000 1.000000
0.084110 0.084110 0.084110 0.084110 0.084110 0.084110 0.084110 0.084110 0.084110 0.067459 0.164817 0.164817 0.084110 0.084110 0.084110 0.000000 0.164817 0.164817 0.084110 0.084110 1.000000
0.084088 0.084088 0.084088 0.084088 0.084088 0.084088 0.084088 0.084088 0.084088 0.084088 0.164775 0.164775 0.084088 0.000400 0.084088 0.000000 0.164775 0.164775 0.084088 0.084088 1.000000
0.084110 0.084110 0.084110 0.084110 0.084110 0.084110 0.084110 0.084110 0.084110 0.067459 0.164817 0.164817 0.084110 0.084110 0.084110 0.000000 0.164817 0.164817 0.084110 0.084110 1.000000
0.084110 0.084110 0.084110 0.084110 0.084110 0.084110 0.084110 0.084110 0.084110 0.067459 0.164817 0.164817 0.084110 0.084110 0.084110 0.000000 0.164817 0.164817 0.084110 0.084110 1.000000
0.084110 0.084110 0.084110 0.084110 0.084110 0.084110 0.084110 0.084110 0.084110 0.067459 0.164817 0.164817 0.084110 0.084110 0.084110 0.000000 0.164817 0.164817 0.084110 0.084110 1.000000
0.084110 0.084110 0.084110 0.084110 0.084110 0.084110 0.084110 0.084110 0.084110 0.067459 0.164817 0.164817 0.084110 0.084110 0.084110 0.000000 0.164817 0.164817 0.084110 0.084110 1.000000
0.084110 0.084110 0.084110 0.084110 0.084110 0.084110 0.084110 0.084110 0.084110 0.067459 0.164817 0.164817 0.084110 0.084110 0.084110 0.000000 0.164817 0.164817 0.084110 0.084110 1.000000
0.084110 0.084110 0.084110 0.084110 0.084110 0.084110 0.084110 0.084110 0.084110 0.067459 0.164817 0.164817 0.084110 0.084110 0.084110 0.000000 0.164817 0.164817 0.084110 0.084110 1.000000
0.084110 0.084110 0.084110 0.084110 0.084110 0.084110 0.084110 0.084110 0.084110 0.067459 0.164817 0.164817 0.084110 0.084110 0.084110 0.000000 0.164817 0.164817 0.084110 0.084110 1.000000
0.084110 0.084110 0.084110 0.084110 0.084110 0.084110 0.084110 0.084110 0.084110 0.067459 0.164817 0.164817 0.084110 0.084110 0.084110 0.000000 0.164817 0.164817 0.084110 0.084110 1.000000
0.084088 0.084088 0.084088 0.084088 0.084088 0.084088 0.084088 0.084088 0.084088 0.084088 0.164775 0.164775 0.084088 0.084088 0.084088 0.000000 0.164775 0.164775 0.000000 0.084088 1.000000
0.084110 0.084110 0.084110 0.084110 0.084110 0.084110 0.084110 0.084110 0.084110 0.067459 0.164817 0.164817 0.084110 0.084110 0.084110 0.000000 0.164817 0.164817 0.084110 0.084110 1.000000
0.084110 0.084110 0.084110 0.084110 0.084110 0.084110 0.084110 0.084110 0.084110 0.067459 0.164817 0.164817 0.084110 0.084110 0.084110 0.000000 0.164817 0.164817 0.084110 0.084110 1.000000
0.084087 0.084087 0.084087 0.084087 0.084087 0.084087 0.084087 0.084087 0.084087 0.067440 0.164773 0.133097 0.084087 0.084087 0.084087 0.000000 0.164773 0.164773 0.084087 0.084087 1.000000
0.084604 0.084604 0.084604 0.084604 0.084604 0.084604 0.084604 0.084604 0.084604 0.084604 0.165746 0.165746 0.005856 0.084604 0.084604 0.000000 0.165746 0.133898 0.084604 0.084604 1.000000
0.084110 0.084110 0.084110 0.084110 0.084110 0.084110 0.084110 0.084110 0.084110 0.067459 0.164817 0.164817 0.084110 0.084110 0.084110 0.000000 0.164817 0.164817 0.084110 0.084110 1.000000
0.084110 0.084110 0.084110 0.084110 0.084110 0.084110 0.084110 0.084110 0.084110 0.067459 0.164817 0.164817 0.084110 0.084110 0.084110 0.000000 0.164817 0.164817 0.084110 0.084110 1.000000
0.084110 0.084110 0.084110 0.084110 0.084110 0.084110 0.084110 0.084110 0.084110 0.067459 0.164817 0.164817 0.084110 0.084110 0.084110 0.000000 0.164817 0.164817 0.084110 0.084110 1.000000
0.084110 0.084110 0.084110 0.084110 0.084110 0.084110 0.084110 0.084110 0.084110 0.067459 0.164817 0.164817 0.084110 0.084110 0.084110 0.000000 0.164817 0.164817 0.084110 0.084110 1.000000
0.084088 0.084088 0.084088 0.084088 0.084088 0.084088 0.084088 0.084088 0.000027 0.084088 0.164775 0.164775 0.084088 0.084088 0.084088 0.000000 0.164775 0.164775 0.084088 0.084088 1.000000
0.084110 0.084110 0.084110 0.084110 0.084110 0.084110 0.084110 0.084110 0.084110 0.067459 0.164817 0.164817 0.084110 0.084110 0.084110 0.000000 0.164817 0.164817 0.084110 0.084110 1.000000
0.084110 0.084110 0.084110 0.084110 0.084110 0.084110 0.084110 0.084110 0.084110 0.067459 0.164817 0.164817 0.084110 0.084110 0.084110 0.000000 0.164817 0.164817 0.084110 0.084110 1.000000
0.084110 0.084110 0.084110 0.084110 0.084110 0.084110 0.084110 0.084110 0.084110 0.067459 0.164817 0.164817 0.084110 0.084110 0.084110 0.000000 0.164817 0.164817 0.084110 0.084110 1.000000
0.084110 0.084110 0.084110 0.084110 0.084110 0.084110 0.084110 0.084110 0.084110 0.067459 0.164817 0.164817 0.084110 0.084110 0.084110 0.000000 0.164817 0.164817 0.084110 0.084110 1.000000
0.084110 0.084110 0.084110 0.084110 0.084110 0.084110 0.084110 0.084110 0.084110 0.067459 0.164817 0.164817 0.084110 0.084110 0.084110 0.000000 0.164817 0.164817 0.084110 0.084110 1.000000
0.084110 0.084110 0.084110 0.084110 0.084110 0.084110 0.084110 0.084110 0.084110 0.067459 0.164817 0.164817 0.084110 0.084110 0.084110 0.000000 0.164817 0.164817 0.084110 0.084110 1.000000
0.084110 0.084110 0.084110 0.084110 0.084110 0.084110 0.084110 0.084110 0.084110 0.067459 0.164817 0.164817 0.084110 0.084110 0.084110 0.000000 0.164817 0.164817 0.084110 0.084110 1.000000
0.084110 0.084110 0.084110 0.084110 0.084110 0.084110 0.084110 0.084110 0.084110 0.067459 0.164817 0.164817 0.084110 0.084110 0.084110 0.000000 0.164817 0.164817 0.084110 0.084110 1.000000
0.084110 0.084110 0.084110 0.084110 0.084110 0.084110 0.084110 0.084110 0.084110 0.067459 0.164817 0.164817 0.084110 0.084110 0.084110 0.000000 0.164817 0.164817 0.084110 0.084110 1.000000
0.084110 0.084110 0.084110 0.084110 0.084110 0.084110 0.084110 0.084110 0.084110 0.067459 0.164817 0.164817 0.084110 0.084110 0.084110 0.000000 0.164817 0.164817 0.084110 0.084110 1.000000
0.084110 0.084110 0.084110 0.084110 0.084110 0.084110 0.084110 0.084110 0.084110 0.067459 0.164817 0.164817 0.084110 0.084110 0.084110 0.000000 0.164817 0.164817 0.084110 0.084110 1.000000
0.084110 0.084110 0.084110 0.084110 0.084110 0.084110 0.084110 0.084110 0.084110 0.067459 0.164817 0.164817 0.084110 0.084110 0.084110 0.000000 0.164817 0.164817 0.084110 0.084110 1.000000
0.084110 0.084110 0.084110 0.084110 0.084110 0.084110 0.084110 0.084110 0.084110 0.067459 0.164817 0.164817 0.084110 0.084110 0.084110 0.000000 0.164817 0.164817 0.084110 0.084110 1.000000
0.084110 0.084110 0.084110 0.084110 0.084110 0.084110 0.084110 0.084110 0.084110 0.067459 0.164817 0.164817 0.084110 0.084110 0.084110 0.000000 0.164817 0.164817 0.084110 0.084110 1.000000
0.084110 0.084110 0.084110 0.084110 0.084110 0.084110 0.084110 0.084110 0.084110 0.067459 0.164817 0.164817 0.084110 0.084110 0.084110 0.000000 0.164817 0.164817 0.084110 0.084110 1.000000
0.084110 0.084110 0.084110 0.084110 0.084110 0.084110 0.084110 0.084110 0.084110 0.067459 0.164817 0.164817 0.084110 0.084110 0.084110 0.000000 0.164817 0.164817 0.084110 0.084110 1.000000
0.084110 0.084110 0.084110 0.084110 0.084110 0.084110 0.084110 0.084110 0.084110 0.067459 0.164817 0.164817 0.084110 0.084110 0.084110 0.000000 0.164817 0.164817 0.084110 0.084110 1.000000
0.084110 0.084110 0.084110 0.084110 0.084110 0.084110 0.084110 0.084110 0.084110 0.067459 0.164817 0.164817 0.084110 0.084110 0.084110 0.000000 0.164817 0.164817 0.084110 0.084110 1.000000
0.084110 0.084110 0.084110 0.084110 0.084110 0.084110 0.084110 0.084110 0.084110 0.067459 0.164817 0.164817 0.084110 0.084110 0.084110 0.000000 0.164817 0.164817 0.084110 0.084110 1.000000
0.084110 0.084110 0.084110 0.084110 0.084110 0.084110 0.084110 0.084110 0.084110 0.067459 0.164817 0.164817 0.084110 0.084110 0.084110 0.000000 0.164817 0.164817 0.084110 0.084110 1.000000
0.084110 0.084110 0.084110 0.084110 0.084110 0.084110 0.084110 0.084110 0.084110 0.067459 0.164817 0.164817 0.084110 0.084110 0.084110 0.000000 0.164817 0.164817 0.084110 0.084110 1.000000
0.084110 0.084110 0.084110 0.084110 0.084110 0.084110 0.084110 0.084110 0.084110 0.067459 0.164817 0.164817 0.084110 0.084110 0.084110 0.000000 0.164817 0.164817 0.084110 0.084110 1.000000
0.084110 0.084110 0.084110 0.084110 0.084110 0.084110 0.084110 0.084110 0.084110 0.067459 0.164817 0.164817 0.084110 0.084110 0.084110 0.000000 0.164817 0.164817 0.084110 0.084110 1.000000
0.084110 0.084110 0.084110 0.084110 0.084110 0.084110 0.084110 0.084110 0.084110 0.067459 0.164817 0.164817 0.084110 0.084110 0.084110 0.000000 0.164817 0.164817 0.084110 0.084110 1.000000
0.084110 0.084110 0.084110 0.084110 0.084110 0.084110 0.084110 0.084110 0.084110 0.067459 0.164817 0.164817 0.084110 0.084110 0.084110 0.000000 0.164817 0.164817 0.084110 0.084110 1.000000
0.084110 0.084110 0.084110 0.084110 0.084110 0.084110 0.084110 0.084110 0.084110 0.067459 0.164817 0.164817 0.084110 0.084110 0.084110 0.000000 0.164817 0.164817 0.084110 0.084110 1.000000
0.084110 0.084110 0.084110 0.084110 0.084110 0.084110 0.084110 0.084110 0.084110 0.067459 0.164817 0.164817 0.084110 0.084110 0.084110 0.000000 0.164817 0.164817 0.084110 0.084110 1.000000
0.084110 0.084110 0.084110 0.084110 0.084110 0.084110 0.084110 0.084110 0.084110 0.067459 0.164817 0.164817 0.084110 0.084110 0.084110 0.000000 0.164817 0.164817 0.084110 0.084110 1.000000
0.084088 0.084088 0.084088 0.084088 0.084088 0.084088 0.084088 0.084088 0.084088 0.084088 0.164775 0.164775 0.000000 0.084088 0.084088 0.000000 0.164775 0.164775 0.084088 0.084088 1.000000
0.084628 0.084628 0.084628 0.084628 0.084628 0.084628 0.084628 0.084628 0.084628 0.084628 0.165791 0.165791 0.084628 0.084628 0.084628 0.000000 0.165791 0.165791 0.000054 0.084628 1.000000
0.084110 0.084110 0.084110 0.084110 0.084110 0.084110 0.084110 0.084110 0.084110 0.067459 0.164817 0.164817 0.084110 0.084110 0.084110 0.000000 0.164817 0.164817 0.084110 0.084110 1.000000
0.084110 0.084110 0.084110 0.084110 0.084110 0.084110 0.084110 0.084110 0.084110 0.067459 0.164817 0.164817 0.084110 0.084110 0.084110 0.000000 0.164817 0.164817 0.084110 0.084110 1.000000
0.084110 0.084110 0.084110 0.084110 0.084110 0.084110 0.084110 0.084110 0.084110 0.067459 0.164817 0.164817 0.084110 0.084110 0.084110 0.000000 0.164817 0.164817 0.084110 0.084110 1.000000
0.084110 0.084110 0.084110 0.084110 0.084110 0.084110 0.084110 0.084110 0.084110 0.067459 0.164817 0.164817 0.084110 0.084110 0.084110 0.000000 0.164817 0.164817 0.084110 0.084110 1.000000
0.084110 0.084110 0.084110 0.084110 0.084110 0.084110 0.084110 0.084110 0.084110 0.067459 0.164817 0.164817 0.084110 0.084110 0.084110 0.000000 0.164817 0.164817 0.084110 0.084110 1.000000
0.084110 0.084110 0.084110 0.084110 0.084110 0.084110 0.084110 0.084110 0.084110 0.067459 0.164817 0.164817 0.084110 0.084110 0.084110 0.000000 0.164817 0.164817 0.084110 0.084110 1.000000
0.084110 0.084110 0.084110 0.084110 0.084110 0.084110 0.084110 0.084110 0.084110 0.067459 0.164817 0.164817 0.084110 0.084110 0.084110 0.000000 0.164817 0.164817 0.084110 0.084110 1.000000
0.084110 0.084110 0.084110 0.084110 0.084110 0.084110 0.084110 0.084110 0.084110 0.067459 0.164817 0.164817 0.084110 0.084110 0.084110 0.000000 0.164817 0.164817 0.084110 0.084110 1.000000
0.084110 0.084110 0.084110 0.084110 0.084110 0.084110 0.084110 0.084110 0.084110 0.067459 0.164817 0.164817 0.084110 0.084110 0.084110 0.000000 0.164817 0.164817 0.084110 0.084110 1.000000
0.084110 0.084110 0.084110 0.084110 0.084110 0.084110 0.084110 0.084110 0.084110 0.067459 0.164817 0.164817 0.084110 0.084110 0.084110 0.000000 0.164817 0.164817 0.084110 0.084110 1.000000
0.084110 0.084110 0.084110 0.084110 0.084110 0.084110 0.084110 0.084110 0.084110 0.067459 0.164817 0.164817 0.084110 0.084110 0.084110 0.000000 0.164817 0.164817 0.084110 0.084110 1.000000
0.084110 0.084110 0.084110 0.084110 0.084110 0.084110 0.084110 0.084110 0.084110 0.067459 0.164817 0.164817 0.084110 0.084110 0.084110 0.000000 0.164817 0.164817 0.084110 0.084110 1.000000
0.084110 0.084110 0.084110 0.084110 0.084110 0.084110 0.084110 0.084110 0.084110 0.067459 0.164817 0.164817 0.084110 0.084110 0.084110 0.000000 0.164817 0.164817 0.084110 0.084110 1.000000
0.084110 0.084110 0.084110 0.084110 0.084110 0.084110 0.084110 0.084110 0.084110 0.067459 0.164817 0.164817 0.084110 0.084110 0.084110 0.000000 0.164817 0.164817 0.084110 0.084110 1.000000
0.084110 0.084110 0.084110 0.084110 0.084110 0.084110 0.084110 0.084110 0.084110 0.067459 0.164817 0.164817 0.084110 0.084110 0.084110 0.000000 0.164817 0.164817 0.084110 0.084110 1.000000
0.084088 0.084088 0.084088 0.084088 0.084088 0.084088 0.084088 0.084088 0.084088 0.084088 0.164775 0.164775 0.084088 0.084088 0.000000 0.000000 0.164775 0.164775 0.084088 0.084088 1.000000
0.084110 0.084110 0.084110 0.084110 0.084110 0.084110 0.084110 0.084110 0.084110 0.067459 0.164817 0.164817 0.084110 0.084110 0.084110 0.000000 0.164817 0.164817 0.084110 0.084110 1.000000
0.084110 0.084110 0.084110 0.084110 0.084110 0.084110 0.084110 0.084110 0.084110 0.067459 0.164817 0.164817 0.084110 0.084110 0.084110 0.000000 0.164817 0.164817 0.084110 0.084110 1.000000
0.084110 0.084110 0.084110 0.084110 0.084110 0.084110 0.084110 0.084110 0.084110 0.067459 0.164817 0.164817 0.084110 0.084110 0.084110 0.000000 0.164817 0.164817 0.084110 0.084110 1.000000
0.084110 0.084110 0.084110 0.084110 0.084110 0.084110 0.084110 0.084110 0.084110 0.067459 0.164817 0.164817 0.084110 0.084110 0.084110 0.000000 0.164817 0.164817 0.084110 0.084110 1.000000
0.084110 0.084110 0.084110 0.084110 0.084110 0.084110 0.084110 0.084110 0.084110 0.067459 0.164817 0.164817 0.084110 0.084110 0.084110 0.000000 0.164817 0.164817 0.084110 0.084110 1.000000
0.084110 0.084110 0.084110 0.084110 0.084110 0.084110 0.084110 0.084110 0.084110 0.067459 0.164817 0.164817 0.084110 0.084110 0.084110 0.000000 0.164817 0.164817 0.084110 0.084110 1.000000
0.084110 0.084110 0.084110 0.084110 0.084110 0.084110 0.084110 0.084110 0.084110 0.067459 0.164817 0.164817 0.084110 0.084110 0.084110 0.000000 0.164817 0.164817 0.084110 0.084110 1.000000
0.084110 0.084110 0.084110 0.084110 0.084110 0.084110 0.084110 0.084110 0.084110 0.067459 0.164817 0.164817 0.084110 0.084110 0.084110 0.000000 0.164817 0.164817 0.084110 0.084110 1.000000
0.084110 0.084110 0.084110 0.084110 0.084110 0.084110 0.084110 0.084110 0.084110 0.067459 0.164817 0.164817 0.084110 0.084110 0.084110 0.000000 0.164817 0.164817 0.084110 0.084110 1.000000
0.084110 0.084110 0.084110 0.084110 0.084110 0.084110 0.084110 0.084110 0.084110 0.067459 0.164817 0.164817 0.084110 0.084110 0.084110 0.000000 0.164817 0.164817 0.084110 0.084110 1.000000
0.084110 0.084110 0.084110 0.084110 0.084110 0.084110 0.084110 0.084110 0.084110 0.067459 0.164817 0.164817 0.084110 0.084110 0.084110 0.000000 0.164817 0.164817 0.084110 0.084110 1.000000
0.084110 0.084110 0.084110 0.084110 0.084110 0.084110 0.084110 0.084110 0.084110 0.067459 0.164817 0.164817 0.084110 0.084110 0.084110 0.000000 0.164817 0.164817 0.084110 0.084110 1.000000
0.084110 0.084110 0.084110 0.084110 0.084110 0.084110 0.084110 0.084110 0.084110 0.067459 0.164817 0.164817 0.084110 0.084110 0.084110 0.000000 0.164817 0.164817 0.084110 0.084110 1.000000
0.084110 0.084110 0.084110 0.084110 0.084110 0.084110 0.084110 0.084110 0.084110 0.067459 0.164817 0.164817 0.084110 0.084110 0.084110 0.000000 0.164817 0.164817 0.084110 0.084110 1.000000
0.084110 0.084110 0.084110 0.084110 0.084110 0.084110 0.084110 0.084110 0.084110 0.067459 0.164817 0.164817 0.084110 0.084110 0.084110 0.000000 0.164817 0.164817 0.084110 0.084110 1.000000
0.084110 0.084110 0.084110 0.084110 0.084110 0.084110 0.084110 0.084110 0.084110 0.067459 0.164817 0.164817 0.084110 0.084110 0.084110 0.000000 0.164817 0.164817 0.084110 0.084110 1.000000
0.084110 0.084110 0.084110 0.084110 0.084110 0.084110 0.084110 0.084110 0.084110 0.067459 0.164817 0.164817 0.084110 0.084110 0.084110 0.000000 0.164817 0.164817 0.084110 0.084110 1.000000
0.084110 0.084110 0.084110 0.084110 0.084110 0.084110 0.084110 0.084110 0.084110 0.067459 0.164817 0.164817 0.084110 0.084110 0.084110 0.000000 0.164817 0.164817 0.084110 0.084110 1.000000
0.084110 0.084110 0.084110 0.084110 0.084110 0.084110 0.084110 0.084110 0.084110 0.067459 0.164817 0.164817 0.084110 0.084110 0.084110 0.000000 0.164817 0.164817 0.084110 0.084110 1.000000
0.084110 0.084110 0.084110 0.084110 0.084110 0.084110 0.084110 0.084110 0.084110 0.067459 0.164817 0.164817 0.084110 0.084110 0.084110 0.000000 0.164817 0.164817 0.084110 0.084110 1.000000
0.084110 0.084110 0.084110 0.084110 0.084110 0.084110 0.084110 0.084110 0.084110 0.067459 0.164817 0.164817 0.084110 0.084110 0.084110 0.000000 0.164817 0.164817 0.084110 0.084110 1.000000
0.084110 0.084110 0.084110 0.084110 0.084110 0.084110 0.084110 0.084110 0.084110 0.067459 0.164817 0.164817 0.084110 0.084110 0.084110 0.000000 0.164817 0.164817 0.084110 0.084110 1.000000
0.084110 0.084110 0.084110 0.084110 0.084110 0.084110 0.084110 0.084110 0.084110 0.067459 0.164817 0.164817 0.084110 0.084110 0.084110 0.000000 0.164817 0.164817 0.084110 0.084110 1.000000
0.084110 0.084110 0.084110 0.084110 0.084110 0.084110 0.084110 0.084110 0.084110 0.067459 0.164817 0.164817 0.084110 0.084110 0.084110 0.000000 0.164817 0.164817 0.084110 0.084110 1.000000
0.084110 0.084110 0.084110 0.084110 0.084110 0.084110 0.084110 0.084110 0.084110 0.067459 0.164817 0.164817 0.084110 0.084110 0.084110 0.000000 0.164817 0.164817 0.084110 0.084110 1.000000
0.084110 0.084110 0.084110 0.084110 0.084110 0.084110 0.084110 0.084110 0.084110 0.067459 0.164817 0.164817 0.084110 0.084110 0.084110 0.000000 0.164817 0.164817 0.084110 0.084110 1.000000
0.084110 0.084110 0.084110 0.084110 0.084110 0.084110 0.084110 0.084110 0.084110 0.067459 0.164817 0.164817 0.084110 0.084110 0.084110 0.000000 0.164817 0.164817 0.084110 0.084110 1.000000
0.084110 0.084110 0.084110 0.084110 0.084110 0.084110 0.084110 0.084110 0.084110 0.067459 0.164817 0.164817 0.084110 0.084110 0.084110 0.000000 0.164817 0.164817 0.084110 0.084110 1.000000
0.084110 0.084110 0.084110 0.084110 0.084110 0.084110 0.084110 0.084110 0.084110 0.067459 0.164817 0.164817 0.084110 0.084110 0.084110 0.000000 0.164817 0.164817 0.084110 0.084110 1.000000
0.084110 0.084110 0.084110 0.084110 0.084110 0.084110 0.084110 0.084110 0.084110 0.067459 0.164817 0.164817 0.084110 0.084110 0.084110 0.000000 0.164817 0.164817 0.084110 0.084110 1.000000
0.084110 0.084110 0.084110 0.084110 0.084110 0.084110 0.084110 0.084110 0.084110 0.067459 0.164817 0.164817 0.084110 0.084110 0.084110 0.000000 0.164817 0.164817 0.084110 0.084110 1.000000
0.084110 0.084110 0.084110 0.084110 0.084110 0.084110 0.084110 0.084110 0.084110 0.067459 0.164817 0.164817 0.084110 0.084110 0.084110 0.000000 0.164817 0.164817 0.084110 0.084110 1.000000
0.084110 0.084110 0.084110 0.084110 0.084110 0.084110 0.084110 0.084110 0.084110 0.067459 0.164817 0.164817 0.084110 0.084110 0.084110 0.000000 0.164817 0.164817 0.084110 0.084110 1.000000
0.084110 0.084110 0.084110 0.084110 0.084110 0.084110 0.084110 0.084110 0.084110 0.067459 0.164817 0.164817 0.084110 0.084110 0.084110 0.000000 0.164817 0.164817 0.084110 0.084110 1.000000
0.084110 0.084110 0.084110 0.084110 0.084110 0.084110 0.084110 0.084110 0.084110 0.067459 0.164817 0.164817 0.084110 0.084110 0.084110 0.000000 0.164817 0.164817 0.084110 0.084110 1.000000
0.084110 0.084110 0.084110 0.084110 0.084110 0.084110 0.084110 0.084110 0.084110 0.067459 0.164817 0.164817 0.084110 0.084110 0.084110 0.000000 0.164817 0.164817 0.084110 0.084110 1.000000
0.084110 0.084110 0.084110 0.084110 0.084110 0.084110 0.084110 0.084110 0.084110 0.067459 0.164817 0.164817 0.084110 0.084110 0.084110 0.000000 0.164817 0.164817 0.084110 0.084110 1.000000
0.084110 0.084110 0.084110 0.084110 0.084110 0.084110 0.084110 0.084110 0.084110 0.067459 0.164817 0.164817 0.084110 0.084110 0.084110 0.000000 0.164817 0.164817 0.084110 0.084110 1.000000
0.084110 0.084110 0.084110 0.084110 0.084110 0.084110 0.084110 0.084110 0.084110 0.067459 0.164817 0.164817 0.084110 0.084110 0.084110 0.000000 0.164817 0.164817 0.084110 0.084110 1.000000
0.084110 0.084110 0.084110 0.084110 0.084110 0.084110 0.084110 0.084110 0.084110 0.067459 0.164817 0.164817 0.084110 0.084110 0.084110 0.000000 0.164817 0.164817 0.084110 0.084110 1.000000
0.084110 0.084110 0.084110 0.084110 0.084110 0.084110 0.084110 0.084110 0.084110 0.067459 0.164817 0.164817 0.084110 0.084110 0.084110 0.000000 0.164817 0.164817 0.084110 0.084110 1.000000
0.084110 0.084110 0.084110 0.084110 0.084110 0.084110 0.084110 0.084110 0.084110 0.067459 0.164817 0.164817 0.084110 0.084110 0.084110 0.000000 0.164817 0.164817 0.084110 0.084110 1.000000
0.084110 0.084110 0.084110 0.084110 0.084110 0.084110 0.084110 0.084110 0.084110 0.067459 0.164817 0.164817 0.084110 0.084110 0.084110 0.000000 0.164817 0.164817 0.084110 0.084110 1.000000
0.084110 0.084110 0.084110 0.084110 0.084110 0.084110 0.084110 0.084110 0.084110 0.067459 0.164817 0.164817 0.084110 0.084110 0.084110 0.000000 0.164817 0.164817 0.084110 0.084110 1.000000
0.084110 0.084110 0.084110 0.084110 0.084110 0.084110 0.084110 0.084110 0.084110 0.067459 0.164817 0.164817 0.084110 0.084110 0.084110 0.000000 0.164817 0.164817 0.084110 0.084110 1.000000
0.084110 0.084110 0.084110 0.084110 0.084110 0.084110 0.084110 0.084110 0.084110 0.067459 0.164817 0.164817 0.084110 0.084110 0.084110 0.000000 0.164817 0.164817 0.084110 0.084110 1.000000
0.084110 0.084110 0.084110 0.084110 0.084110 0.084110 0.084110 0.084110 0.084110 0.067459 0.164817 0.164817 0.084110 0.084110 0.084110 0.000000 0.164817 0.164817 0.084110 0.084110 1.000000
0.084110 0.084110 0.084110 0.084110 0.084110 0.084110 0.084110 0.084110 0.084110 0.067459 0.164817 0.164817 0.084110 0.084110 0.084110 0.000000 0.164817 0.164817 0.084110 0.084110 1.000000
0.084110 0.084110 0.084110 0.084110 0.084110 0.084110 0.084110 0.084110 0.084110 0.067459 0.164817 0.164817 0.084110 0.084110 0.084110 0.000000 0.164817 0.164817 0.084110 0.084110 1.000000
0.084110 0.084110 0.084110 0.084110 0.084110 0.084110 0.084110 0.084110 0.084110 0.067459 0.164817 0.164817 0.084110 0.084110 0.084110 0.000000 0.164817 0.164817 0.084110 0.084110 1.000000
0.084110 0.084110 0.084110 0.084110 0.084110 0.084110 0.084110 0.084110 0.084110 0.067459 0.164817 0.164817 0.084110 0.084110 0.084110 0.000000 0.164817 0.164817 0.084110 0.084110 1.000000
0.084110 0.084110 0.084110 0.084110 0.084110 0.084110 0.084110 0.084110 0.084110 0.067459 0.164817 0.164817 0.084110 0.084110 0.084110 0.000000 0.164817 0.164817 0.084110 0.084110 1.000000
0.084110 0.084110 0.084110 0.084110 0.084110 0.084110 0.084110 0.084110 0.084110 0.067459 0.164817 0.164817 0.084110 0.084110 0.084110 0.000000 0.164817 0.164817 0.084110 0.084110 1.000000
0.084110 0.084110 0.084110 0.084110 0.084110 0.084110 0.084110 0.084110 0.084110 0.067459 0.164817 0.164817 0.084110 0.084110 0.084110 0.000000 0.164817 0.164817 0.084110 0.084110 1.000000
0.084110 0.084110 0.084110 0.084110 0.084110 0.084110 0.084110 0.084110 0.084110 0.067459 0.164817 0.164817 0.084110 0.084110 0.084110 0.000000 0.164817 0.164817 0.084110 0.084110 1.000000
0.084110 0.084110 0.084110 0.084110 0.084110 0.084110 0.084110 0.084110 0.084110 0.067459 0.164817 0.164817 0.084110 0.084110 0.084110 0.000000 0.164817 0.164817 0.084110 0.084110 1.000000
0.084110 0.084110 0.084110 0.084110 0.084110 0.084110 0.084110 0.084110 0.084110 0.067459 0.164817 0.164817 0.084110 0.084110 0.084110 0.000000 0.164817 0.164817 0.084110 0.084110 1.000000
0.084110 0.084110 0.084110 0.084110 0.084110 0.084110 0.084110 0.084110 0.084110 0.067459 0.164817 0.164817 0.084110 0.084110 0.084110 0.000000 0.164817 0.164817 0.084110 0.084110 1.000000
0.084110 0.084110 0.084110 0.084110 0.084110 0.084110 0.084110 0.084110 0.084110 0.067459 0.164817 0.164817 0.084110 0.084110 0.084110 0.000000 0.164817 0.164817 0.084110 0.084110 1.000000
0.084110 0.084110 0.084110 0.084110 0.084110 0.084110 0.084110 0.084110 0.084110 0.067459 0.164817 0.164817 0.084110 0.084110 0.084110 0.000000 0.164817 0.164817 0.084110 0.084110 1.000000
0.084110 0.084110 0.084110 0.084110 0.084110 0.084110 0.084110 0.084110 0.084110 0.067459 0.164817 0.164817 0.084110 0.084110 0.084110 0.000000 0.164817 0.164817 0.084110 0.084110 1.000000
0.084110 0.084110 0.084110 0.084110 0.084110 0.084110 0.084110 0.084110 0.084110 0.067459 0.164817 0.164817 0.084110 0.084110 0.084110 0.000000 0.164817 0.164817 0.084110 0.084110 1.000000
0.084110 0.084110 0.084110 0.084110 0.084110 0.084110 0.084110 0.084110 0.084110 0.067459 0.164817 0.164817 0.084110 0.084110 0.084110 0.000000 0.164817 0.164817 0.084110 0.084110 1.000000
0.084110 0.084110 0.084110 0.084110 0.084110 0.084110 0.084110 0.084110 0.084110 0.067459 0.164817 0.164817 0.084110 0.084110 0.084110 0.000000 0.164817 0.164817 0.084110 0.084110 1.000000
0.084110 0.084110 0.084110 0.084110 0.084110 0.084110 0.084110 0.084110 0.084110 0.067459 0.164817 0.164817 0.084110 0.084110 0.084110 0.000000 0.164817 0.164817 0.084110 0.084110 1.000000
0.084110 0.084110 0.084110 0.084110 0.084110 0.084110 0.084110 0.084110 0.084110 0.067459 0.164817 0.164817 0.084110 0.084110 0.084110 0.000000 0.164817 0.164817 0.084110 0.084110 1.000000
0.084110 0.084110 0.084110 0.084110 0.084110 0.084110 0.084110 0.084110 0.084110 0.067459 0.164817 0.164817 0.084110 0.084110 0.084110 0.000000 0.164817 0.164817 0.084110 0.084110 1.000000
0.084110 0.084110 0.084110 0.084110 0.084110 0.084110 0.084110 0.084110 0.084110 0.067459 0.164817 0.164817 0.084110 0.084110 0.084110 0.000000 0.164817 0.164817 0.084110 0.084110 1.000000
0.084110 0.084110 0.084110 0.084110 0.084110 0.084110 0.084110 0.084110 0.084110 0.067459 0.164817 0.164817 0.084110 0.084110 0.084110 0.000000 0.164817 0.164817 0.084110 0.084110 1.000000
0.084110 0.084110 0.084110 0.084110 0.084110 0.084110 0.084110 0.084110 0.084110 0.067459 0.164817 0.164817 0.084110 0.084110 0.084110 0.000000 0.164817 0.164817 0.084110 0.084110 1.000000
0.084110 0.084110 0.084110 0.084110 0.084110 0.084110 0.084110 0.084110 0.084110 0.067459 0.164817 0.164817 0.084110 0.084110 0.084110 0.000000 0.164817 0.164817 0.084110 0.084110 1.000000
0.084110 0.084110 0.084110 0.084110 0.084110 0.084110 0.084110 0.084110 0.084110 0.067459 0.164817 0.164817 0.084110 0.084110 0.084110 0.000000 0.164817 0.164817 0.084110 0.084110 1.000000
0.084110 0.084110 0.084110 0.084110 0.084110 0.084110 0.084110 0.084110 0.084110 0.067459 0.164817 0.164817 0.084110 0.084110 0.084110 0.000000 0.164817 0.164817 0.084110 0.084110 1.000000
0.084110 0.084110 0.084110 0.084110 0.084110 0.084110 0.084110 0.084110 0.084110 0.067459 0.164817 0.164817 0.084110 0.084110 0.084110 0.000000 0.164817 0.164817 0.084110 0.084110 1.000000
0.084110 0.084110 0.084110 0.084110 0.084110 0.084110 0.084110 0.084110 0.084110 0.067459 0.164817 0.164817 0.084110 0.084110 0.084110 0.000000 0.164817 0.164817 0.084110 0.084110 1.000000
0.084110 0.084110 0.084110 0.084110 0.084110 0.084110 0.084110 0.084110 0.084110 0.067459 0.164817 0.164817 0.084110 0.084110 0.084110 0.000000 0.164817 0.164817 0.084110 0.084110 1.000000
0.084110 0.084110 0.084110 0.084110 0.084110 0.084110 0.084110 0.084110 0.084110 0.067459 0.164817 0.164817 0.084110 0.084110 0.084110 0.000000 0.164817 0.164817 0.084110 0.084110 1.000000
0.084110 0.084110 0.084110 0.084110 0.084110 0.084110 0.084110 0.084110 0.084110 0.067459 0.164817 0.164817 0.084110 0.084110 0.084110 0.000000 0.164817 0.164817 0.084110 0.084110 1.000000
0.084110 0.084110 0.084110 0.084110 0.084110 0.084110 0.084110 0.084110 0.084110 0.067459 0.164817 0.164817 0.084110 0.084110 0.084110 0.000000 0.164817 0.164817 0.084110 0.084110 1.000000
0.084110 0.084110 0.084110 0.084110 0.084110 0.084110 0.084110 0.084110 0.084110 0.067459 0.164817 0.164817 0.084110 0.084110 0.084110 0.000000 0.164817 0.164817 0.084110 0.084110 1.000000
0.084110 0.084110 0.084110 0.084110 0.084110 0.084110 0.084110 0.084110 0.084110 0.067459 0.164817 0.164817 0.084110 0.084110 0.084110 0.000000 0.164817 0.164817 0.084110 0.084110 1.000000
0.084110 0.084110 0.084110 0.084110 0.084110 0.084110 0.084110 0.084110 0.084110 0.067459 0.164817 0.164817 0.084110 0.084110 0.084110 0.000000 0.164817 0.164817 0.084110 0.084110 1.000000
0.084110 0.084110 0.084110 0.084110 0.084110 0.084110 0.084110 0.084110 0.084110 0.067459 0.164817 0.164817 0.084110 0.084110 0.084110 0.000000 0.164817 0.164817 0.084110 0.084110 1.000000
0.084110 0.084110 0.084110 0.084110 0.084110 0.084110 0.084110 0.084110 0.084110 0.067459 0.164817 0.164817 0.084110 0.084110 0.084110 0.000000 0.164817 0.164817 0.084110 0.084110 1.000000
0.084110 0.084110 0.084110 0.084110 0.084110 0.084110 0.084110 0.084110 0.084110 0.067459 0.164817 0.164817 0.084110 0.084110 0.084110 0.000000 0.164817 0.164817 0.084110 0.084110 1.000000
0.084110 0.084110 0.084110 0.084110 0.084110 0.084110 0.084110 0.084110 0.084110 0.067459 0.164817 0.164817 0.084110 0.084110 0.084110 0.000000 0.164817 0.164817 0.084110 0.084110 1.000000
0.084110 0.084110 0.084110 0.084110 0.084110 0.084110 0.084110 0.084110 0.084110 0.067459 0.164817 0.164817 0.084110 0.084110 0.084110 0.000000 0.164817 0.164817 0.084110 0.084110 1.000000
0.084110 0.084110 0.084110 0.084110 0.084110 0.084110 0.084110 0.084110 0.084110 0.067459 0.164817 0.164817 0.084110 0.084110 0.084110 0.000000 0.164817 0.164817 0.084110 0.084110 1.000000
0.084110 0.084110 0.084110 0.084110 0.084110 0.084110 0.084110 0.084110 0.084110 0.067459 0.164817 0.164817 0.084110 0.084110 0.084110 0.000000 0.164817 0.164817 0.084110 0.084110 1.000000
0.084110 0.084110 0.084110 0.084110 0.084110 0.084110 0.084110 0.084110 0.084110 0.067459 0.164817 0.164817 0.084110 0.084110 0.084110 0.000000 0.164817 0.164817 0.084110 0.084110 1.000000
0.084110 0.084110 0.084110 0.084110 0.084110 0.084110 0.084110 0.084110 0.084110 0.067459 0.164817 0.164817 0.084110 0.084110 0.084110 0.000000 0.164817 0.164817 0.084110 0.084110 1.000000
0.084110 0.084110 0.084110 0.084110 0.084110 0.084110 0.084110 0.084110 0.084110 0.067459 0.164817 0.164817 0.084110 0.084110 0.084110 0.000000 0.164817 0.164817 0.084110 0.084110 1.000000
0.084110 0.084110 0.084110 0.084110 0.084110 0.084110 0.084110 0.084110 0.084110 0.067459 0.164817 0.164817 0.084110 0.084110 0.084110 0.000000 0.164817 0.164817 0.084110 0.084110 1.000000
0.084110 0.084110 0.084110 0.084110 0.084110 0.084110 0.084110 0.084110 0.084110 0.067459 0.164817 0.164817 0.084110 0.084110 0.084110 0.000000 0.164817 0.164817 0.084110 0.084110 1.000000
0.084110 0.084110 0.084110 0.084110 0.084110 0.084110 0.084110 0.084110 0.084110 0.067459 0.164817 0.164817 0.084110 0.084110 0.084110 0.000000 0.164817 0.164817 0.084110 0.084110 1.000000
0.084110 0.084110 0.084110 0.084110 0.084110 0.084110 0.084110 0.084110 0.084110 0.067459 0.164817 0.164817 0.084110 0.084110 0.084110 0.000000 0.164817 0.164817 0.084110 0.084110 1.000000
0.084110 0.084110 0.084110 0.084110 0.084110 0.084110 0.084110 0.084110 0.084110 0.067459 0.164817 0.164817 0.084110 0.084110 0.084110 0.000000 0.164817 0.164817 0.084110 0.084110 1.000000
0.084110 0.084110 0.084110 0.084110 0.084110 0.084110 0.084110 0.084110 0.084110 0.067459 0.164817 0.164817 0.084110 0.084110 0.084110 0.000000 0.164817 0.164817 0.084110 0.084110 1.000000
0.084110 0.084110 0.084110 0.084110 0.084110 0.084110 0.084110 0.084110 0.084110 0.067459 0.164817 0.164817 0.084110 0.084110 0.084110 0.000000 0.164817 0.164817 0.084110 0.084110 1.000000
0.084110 0.084110 0.084110 0.084110 0.084110 0.084110 0.084110 0.084110 0.084110 0.067459 0.164817 0.164817 0.084110 0.084110 0.084110 0.000000 0.164817 0.164817 0.084110 0.084110 1.000000
