0.000000 0.000000 0.000000 0.000000 0.000000 0.000000 0.000000 0.000000 0.000000 0.000000 0.000000 0.000000 0.000000 0.000000 0.000000 0.000000 0.000000 0.000000 0.000000 0.000000 0.000000
11.805777 11.805777 11.805777 11.805777 11.805777 11.805777 11.805777 11.805777 520.522116 35.797810 27.980954 27.980954 170.569920 813.314034 109.170157 134551.316755 1939.089348 22.400813 136.458574 3102.542453 1.000000
11.879363 11.879363 11.879363 11.879363 11.879363 11.879363 11.879363 11.879363 4878.373817 56.261593 43.963229 54.943804 214.557801 818.456500 23.080794 1008824.018159 22.541889 18.053413 137.321292 1598.546091 1.000000
11.802709 11.802709 11.802709 11.802709 11.802709 11.802709 11.802709 11.802709 2481.379819 69.858936 43.675784 34.950922 109.141383 3101.724593 44.722918 1565970.570015 9.262635 34.950922 109.141383 1016.373993 1.000000
11.879566 11.879566 11.879566 11.879566 11.879566 11.879566 11.879566 11.879566 6098.072713 45.018047 28.157910 54.944755 87.893865 7622.590818 36.024426 1008841.477325 18.053724 22.542278 70.320210 654.777081 1.000000
11.878091 11.878091 11.878091 11.878091 11.878091 11.878091 11.878091 11.878091 23259.372091 87.882802 43.958460 11.603663 70.311361 3121.820391 36.019897 516461.807726 43.958460 22.539451 36.019897 818.367623 1.000000
11.880900 11.880900 11.880900 11.880900 11.880900 11.880900 11.880900 11.880900 654.851678 56.268971 209.556820 85.844168 419.106483 171.670863 87.903876 1008956.412385 18.055768 28.161110 70.328219 4879.014036 1.000000
11.881698 11.881698 11.881698 11.881698 11.881698 11.881698 11.881698 11.881698 1998.580668 87.909861 43.971984 35.187813 109.882207 1023.274023 87.909861 413296.691754 43.971984 35.187813 109.882207 1279.092089 1.000000
11.804012 11.804012 11.804012 11.804012 11.804012 11.804012 11.804012 11.804012 6058.733788 69.866756 22.397430 14.375344 2481.657695 266.469675 35.792390 513194.699730 34.954830 22.397430 170.544054 416.355406 1.000000
11.880908 11.880908 11.880908 11.880908 11.880908 11.880908 11.880908 11.880908 3903.213978 36.028548 35.185445 22.544851 1598.756966 335.286488 335.286488 330615.062284 35.185445 68.680622 70.328266 171.670980 1.000000
11.878958 11.878958 11.878958 11.878958 11.878958 11.878958 11.878958 11.878958 4878.204944 36.022558 107.282178 14.467042 109.856508 2497.641227 137.316539 645625.021510 54.941904 18.052792 36.022558 1023.034660 1.000000
11.878106 11.878106 11.878106 11.878106 11.878106 11.878106 11.878106 11.878106 523.757040 268.166356 35.177039 35.177039 45.012439 7621.640387 28.828431 1576118.263777 28.154408 11.603677 70.311446 3121.824169 1.000000
11.874865 11.874865 11.874865 11.874865 11.874865 11.874865 11.874865 11.874865 9524.413910 70.291996 261.808913 11.600513 1997.414847 214.475395 18.477017 516319.506981 11.600513 85.799948 28.820472 1278.345964 1.000000
11.879259 11.879259 11.879259 11.879259 11.879259 11.879259 11.879259 11.879259 3902.664345 335.239276 22.541689 14.467410 214.555888 523.808616 70.318367 645641.614328 28.157173 28.157173 45.016867 1278.825751 1.000000
11.877865 11.877865 11.877865 11.877865 11.877865 11.877865 11.877865 11.877865 11908.568052 14.809617 35.176317 28.153830 109.846256 3902.199808 28.827839 211538.661573 85.821928 54.936779 56.254399 1997.926671 1.000000
11.874762 11.874762 11.874762 11.874762 11.874762 11.874762 11.874762 11.874762 1022.668180 137.267353 14.461909 9.318679 109.817161 6095.571697 70.291382 1260534.648629 14.461909 28.146391 44.999602 3120.932945 1.000000
11.877838 11.877838 11.877838 11.877838 11.877838 11.877838 11.877838 11.877838 4877.738374 171.625981 54.936652 14.465671 137.303407 1022.936813 36.019118 1970102.757017 14.465671 18.051076 87.880898 1022.936813 1.000000
11.806112 11.806112 11.806112 11.806112 11.806112 11.806112 11.806112 11.806112 6059.827360 136.462506 43.688546 22.401456 69.879361 1985.684679 44.735986 513287.328892 34.961129 43.688546 333.145525 170.574834 1.000000
11.881130 11.881130 11.881130 11.881130 11.881130 11.881130 11.881130 11.881130 2498.104366 28.835857 54.952085 54.952085 1598.787164 214.590157 56.270072 135422.487368 1951.644236 28.161659 109.876875 335.292821 1.000000
11.881286 11.881286 11.881286 11.881286 11.881286 11.881286 11.881286 11.881286 1279.047046 268.239171 28.162034 28.162034 109.878339 11912.046686 45.024650 211600.454540 85.846990 68.682833 56.270821 214.593015 1.000000
11.805685 11.805685 11.805685 11.805685 11.805685 11.805685 11.805685 11.805685 7574.505733 109.169290 133.259616 22.400636 87.339554 2482.014398 69.876794 410614.771433 133.259616 17.940535 55.907873 213.208069 1.000000
11.806409 11.806409 11.806409 11.806409 11.806409 11.806409 11.806409 11.806409 2482.168942 55.911352 27.982470 27.982470 1016.697217 333.154024 69.881143 262809.816704 106.617706 34.962019 266.524570 333.154024 1.000000
11.878106 11.878106 11.878106 11.878106 11.878106 11.878106 11.878106 11.878106 2497.459521 45.012440 209.506829 28.154408 419.006498 1022.960233 23.078325 2462684.828487 14.465999 18.051487 87.882910 1278.699852 1.000000
11.881364 11.881364 11.881364 11.881364 11.881364 11.881364 11.881364 11.881364 654.877614 87.907356 54.953185 35.186812 1998.523716 214.594456 45.024952 135425.200769 799.410537 43.970733 36.029948 1998.523716 1.000000
11.878325 11.878325 11.878325 11.878325 11.878325 11.878325 11.878325 11.878325 7621.782890 171.633116 14.466267 18.051822 335.212534 1278.723739 36.020613 516472.089079 35.177696 35.177696 28.828968 1022.979343 1.000000
11.879749 11.879749 11.879749 11.879749 11.879749 11.879749 11.879749 11.879749 9528.387492 70.321310 28.158349 18.054004 171.653993 1278.879289 87.895239 807085.805138 22.542629 28.158349 45.018750 818.483466 1.000000
11.865951 11.865951 11.865951 11.865951 11.865951 11.865951 11.865951 11.865951 110794.349384 28.798582 7.496935 14.451128 109.734522 4872.787222 35.982613 3843951.177329 14.451128 7.496935 56.197204 334.858360 1.000000
11.860723 11.860723 11.860723 11.860723 11.860723 11.860723 11.860723 11.860723 138431.048749 35.966559 14.444731 9.307759 267.768325 14863.920745 28.785743 9380452.736603 9.307759 6.053402 18.454829 87.752497 1.000000
11.872542 11.872542 11.872542 11.872542 11.872542 11.872542 11.872542 11.872542 29060.438497 23.067403 35.160356 9.316952 214.432852 1278.092382 28.814769 516217.086189 107.223421 9.316952 70.278058 1597.615126 1.000000
11.868485 11.868485 11.868485 11.868485 11.868485 11.868485 11.868485 11.868485 45391.196654 14.797863 54.892807 18.036748 654.157613 3899.074358 18.467007 3844783.906246 7.498503 14.454228 334.930901 35.990396 1.000000
11.873105 11.873105 11.873105 11.873105 11.873105 11.873105 11.873105 11.873105 36327.295345 23.068508 167.536049 11.598795 1022.523438 7618.386134 87.845394 1969306.625175 18.043826 14.459881 23.068508 18.474256 1.000000
11.803307 11.803307 11.803307 11.803307 11.803307 11.803307 11.803307 11.803307 6058.366489 35.790223 17.936892 68.225798 813.141393 109.146987 9466.197487 1957563.737127 17.936892 17.936892 35.790223 44.725212 1.000000
11.873854 11.873854 11.873854 11.873854 11.873854 11.873854 11.873854 11.873854 3900.863315 14.804591 134.040095 22.531327 23.069978 7618.873293 23.069978 1008349.467082 18.044973 28.144212 23.069978 36329.618301 1.000000
11.872383 11.872383 11.872383 11.872383 11.872383 11.872383 11.872383 11.872383 36325.054204 28.814378 18.042720 14.458998 137.239461 1996.991473 56.228083 3076851.769835 9.316828 14.458998 23.067090 1996.991473 1.000000
11.873586 11.873586 11.873586 11.873586 11.873586 11.873586 11.873586 11.873586 173229.150581 18.475010 14.460469 14.460469 171.563670 6094.959055 44.995083 1969387.433016 22.530813 11.599264 36.006060 137.253559 1.000000
11.870423 11.870423 11.870423 11.870423 11.870423 11.870423 11.870423 11.870423 3899.720222 56.218675 11.596177 18.039717 214.394037 11901.000955 14.800292 135298.715485 18159.486248 11.596177 14.800292 817.831775 1.000000
11.873456 11.873456 11.873456 11.873456 11.873456 11.873456 11.873456 11.873456 3120.584842 23.069197 998.588048 35.163097 137.252045 45410.481436 36.005663 330404.738008 261.777423 11.599138 11.873456 214.449598 1.000000
11.869976 11.869976 11.869976 11.869976 11.869976 11.869976 11.869976 11.869976 2495.725663 28.808465 14.456052 9.314955 28.808465 523.393433 18.469346 169116.921980 14527.033050 11.595740 23.062363 270587.075162 1.000000
11.870604 11.870604 11.870604 11.870604 11.870604 11.870604 11.870604 11.870604 11901.184866 28.810009 167.500256 11.596354 70.266427 3899.780486 44.983635 4806850.253016 7.499813 14.456821 28.810009 1996.687978 1.000000
11.877812 11.877812 11.877812 11.877812 11.877812 11.877812 11.877812 11.877812 3121.746020 9526.811933 22.538916 14.465640 36.019041 418.996002 45.011314 169230.173494 511.468771 22.538916 23.077749 654.679051 1.000000
11.871478 11.871478 11.871478 11.871478 11.871478 11.871478 11.871478 11.871478 9521.658598 28.812155 107.213671 14.457890 654.324918 335.016560 214.413352 3845767.238537 7.500353 14.457890 23.065313 1022.381274 1.000000
11.869846 11.869846 11.869846 11.869846 11.869846 11.869846 11.869846 11.869846 1996.558535 28.808146 511.120813 7.499344 44.980722 270584.069806 18.469142 169115.043632 11621.497392 11.595613 23.062108 87.820938 1.000000
11.867032 11.867032 11.867032 11.867032 11.867032 11.867032 11.867032 11.867032 70914.936077 18.464727 22.518249 14.452450 137.176725 7614.433411 23.056584 7508410.912206 7.497604 9.312666 44.969918 418.610285 1.000000
11.872824 11.872824 11.872824 11.872824 11.872824 11.872824 11.872824 11.872824 56760.035525 44.992159 54.913149 14.459537 654.400184 23248.910587 18.473815 2461574.152284 14.459537 14.459537 28.815461 18.473815 1.000000
11.864006 11.864006 11.864006 11.864006 11.864006 11.864006 11.864006 11.864006 528220.815340 23.050644 22.512449 11.589913 23.050644 23231.397183 11.864006 3074649.810661 18.029886 7.495733 23.050644 418.502035 1.000000
11.867375 11.867375 11.867375 11.867375 11.867375 11.867375 11.867375 11.867375 70917.013226 35.986986 18.035046 14.452870 334.899112 36309.510792 23.057257 412791.345803 327.050056 7.497816 56.204039 11.867375 1.000000
11.873908 11.873908 11.873908 11.873908 11.873908 11.873908 11.873908 11.873908 88695.766591 18.475516 18.045056 9.318014 1997.251607 2496.564284 36.007050 264333.983008 54.918229 68.639594 23.070084 87.851415 1.000000
11.871911 11.871911 11.871911 11.871911 11.871911 11.871911 11.871911 11.871911 6094.086931 56755.605792 43.935284 14.458419 28.813217 418.784842 28.813217 2461382.043251 7.500621 22.527602 28.813217 137.233921 1.000000
11.866079 11.866079 11.866079 11.866079 11.866079 11.866079 11.866079 11.866079 528314.421905 11.866079 11.591936 14.451285 70.239269 3118.618219 28.798897 2460155.738068 9.311925 18.033062 18.463232 1277.386674 1.000000
11.874687 11.874687 11.874687 11.874687 11.874687 11.874687 11.874687 11.874687 138596.360011 18.476738 68.644161 11.600339 268.088079 9524.269442 23.071614 1260526.551089 18.046249 22.532925 36.009443 70.290930 1.000000
11.873844 11.873844 11.873844 11.873844 11.873844 11.873844 11.873844 11.873844 14880.599288 14.804578 18.044958 11.599516 70.285871 11904.479461 23.069958 135338.261515 22705.992508 22.531308 44.996076 335.084290 1.000000
11.861001 11.861001 11.861001 11.861001 11.861001 11.861001 11.861001 11.861001 2518106.047163 11.861001 107.117721 9.307975 171.379252 9513.135783 35.967413 3842324.901066 11.586979 9.307975 14.788485 14.788485 1.000000
11.864207 11.864207 11.864207 11.864207 11.864207 11.864207 11.864207 11.864207 1277.182261 422583.902796 54.872751 11.590109 11.864207 1021.746161 23.051038 169033.561124 35448.907105 9.310468 23.051038 11.864207 1.000000
11.851726 11.851726 11.851726 11.851726 11.851726 11.851726 11.851726 11.851726 2491.833747 18.440713 35.097928 6.048992 14.776861 214.051526 11.851726 5998870.571065 11.577924 7.488138 14.776861 29291360.210278 1.000000
11.864498 11.864498 11.864498 11.864498 11.864498 11.864498 11.864498 11.864498 9515.980104 3897.745664 35.136230 7.496037 7612.784131 70.229778 11.864498 135230.209249 3045.113928 9.310695 14.792866 70.229778 1.000000
11.855713 11.855713 11.855713 11.855713 11.855713 11.855713 11.855713 11.855713 139719745.961420 18.446968 54.832928 14.438601 11.855713 4868.522790 14.781857 4800733.916078 14.438601 7.490604 14.781857 11.855713 1.000000
11.872075 11.872075 11.872075 11.872075 11.872075 11.872075 11.872075 11.872075 11.872075 171.541525 327.181431 14.458620 3900.270413 214.424283 23.066484 169147.255075 1560.108703 261.746520 14.802361 23247.421762 1.000000
11.859446 11.859446 11.859446 11.859446 11.859446 11.859446 11.859446 11.859446 1276.662359 18.452825 5944.918896 11.585460 1595.827596 214.192939 11.859446 168964.752660 6.052776 28347.581552 11.859446 4870.077627 1.000000
11.854886 11.854886 11.854886 11.854886 11.854886 11.854886 11.854886 11.854886 659761.181567 14.780821 35.107405 7.490093 70.172093 172952.435186 14.780821 7500616.238369 7.490093 7.490093 18.445671 23.032738 1.000000
11.867212 11.867212 11.867212 11.867212 11.867212 11.867212 11.867212 11.867212 6091.640751 28.801680 35.144371 6.056583 87.801182 173134.838721 14.796268 135261.592753 68.600353 4759.094419 18.465010 109.746353 1.000000
11.855595 11.855595 11.855595 11.855595 11.855595 11.855595 11.855595 11.855595 29018.364146 11.855595 9.303770 6.050888 70.176349 137.042647 270254.575760 4800685.640231 7.490531 14.438457 23.034131 70.176349 1.000000
11.852818 11.852818 11.852818 11.852818 11.852818 11.852818 11.852818 11.852818 11883.098004 11.852818 108076.145994 7.488814 2492.066658 1594.923031 11.852818 135095.182488 6.049527 28331.513248 14.778230 18.442426 1.000000
11.850950 11.850950 11.850950 11.850950 11.850950 11.850950 11.850950 11.850950 172894.193197 11.850950 14.432774 7.487659 23.025011 3893.231377 28.761744 9372612.993399 6.048612 7.487659 18.439496 11881.198571 1.000000
11.857314 11.857314 11.857314 11.857314 11.857314 11.857314 11.857314 11.857314 18574.484554 527918.601278 14.440561 11.583380 18.449481 3116.281706 11.857314 3072890.693302 11.583380 11.583380 11.857314 11.857314 1.000000
11.848284 11.848284 11.848284 11.848284 11.848284 11.848284 11.848284 11.848284 7676292.231157 28.755195 43.846688 11.574564 11.848284 56641.039307 23.019776 11713092.393733 7.486010 6.047305 11.848284 11.848284 1.000000
11.854135 11.854135 11.854135 11.854135 11.854135 11.854135 11.854135 11.854135 11.854135 1276.082515 14507.369739 9.302634 11.854135 11.854135 11.854135 135110.408723 35418.383011 11.580276 14.779880 7680137.555094 1.000000
11.858673 11.858673 11.858673 11.858673 11.858673 11.858673 11.858673 11.858673 23220.805195 23.040174 28.107808 11.584706 418.311228 3116.644031 14.785567 9378808.510578 7.492435 7.492435 4869.756002 11.858673 1.000000
11.847866 11.847866 11.847866 11.847866 11.847866 11.847866 11.847866 11.847866 270075.852284 14.772024 7.485751 18.005159 11.847866 45311.209123 14.772024 9370138.424917 7.485751 7.485751 11.847866 2491.010465 1.000000
11.786120 11.786120 11.786120 11.786120 11.786120 11.786120 11.786120 11.786120 23076.694049 18.337773 207.861192 9.249732 332.573217 3871.627057 18.337773 9320602.481989 11.513877 6.016837 1268.655458 18.337773 1.000000
11.862244 11.862244 11.862244 11.862244 11.862244 11.862244 11.862244 11.862244 653.808697 11.862244 510.788807 7.494643 28.789478 4871.243200 18.457215 135204.153296 44303.696972 9.308941 14.790042 56708.732113 1.000000
11.864393 11.864393 11.864393 11.864393 11.864393 11.864393 11.864393 11.864393 9515.894713 14.792734 86546.557299 7.495972 137.145786 45375.321449 18.460587 3843439.224089 11.590290 11.590290 18.460587 44.959784 1.000000
11.858918 11.858918 11.858918 11.858918 11.858918 11.858918 11.858918 11.858918 29026.612301 14.785873 28.108393 7.492586 11889.300469 214.183264 14.785873 135165.696351 6.052517 22677.040878 18.451996 418.319959 1.000000
11.861866 11.861866 11.861866 11.861866 11.861866 11.861866 11.861866 11.861866 18581.717179 11.861866 68.569020 9.308648 14.789568 334.741445 334.741445 412597.003790 326.896084 7.494409 14.789568 56706.900424 1.000000
11.862254 11.862254 11.862254 11.862254 11.862254 11.862254 11.862254 11.862254 267.803390 14.790055 510.789265 14.446605 11.862254 338010.686391 14.790055 135204.274563 44303.736709 7.494649 18.457232 3117.598634 1.000000
11.853929 11.853929 11.853929 11.853929 11.853929 11.853929 11.853929 11.853929 11.853929 11.853929 1947.112339 7.489501 1276.059990 70835.515589 18.444169 211106.287170 6.050072 18133.892042 18.444169 3115.379242 1.000000
11.860285 11.860285 11.860285 11.860285 11.860285 11.860285 11.860285 11.860285 70874.038552 11.860285 14.444195 14.444195 267.758282 1595.942094 109.681380 9380100.897965 6.053187 9.307417 23.043337 817.123255 1.000000
11.843044 11.843044 11.843044 11.843044 11.843044 11.843044 11.843044 11.843044 1274.871453 1019.897515 22.472261 6.044736 215971.491919 11.843044 11.843044 11707838.036438 7.482769 6.044736 11.843044 1991.985921 1.000000
11.847191 11.847191 11.847191 11.847191 11.847191 11.847191 11.847191 11.847191 824158.468640 14.771178 643873.803625 6.046769 11.847191 23197.998620 11.847191 1006052.818163 9.297233 54.792976 11.847191 11.847191 1.000000
11.850498 11.850498 11.850498 11.850498 11.850498 11.850498 11.850498 11.850498 9504.590973 11.850498 18.009192 6.048390 23430625.487386 11.850498 14.775322 135068.359961 11.576726 35407.360180 11.850498 18.438786 1.000000
11.847815 11.847815 11.847815 11.847815 11.847815 11.847815 11.847815 11.847815 11.847815 11.847815 18.005081 9.297718 11.847815 340882173.345498 11.847815 643908.220007 28319.383040 7.485720 11.847815 653.002045 1.000000
11.843369 11.843369 11.843369 11.843369 11.843369 11.843369 11.843369 11.843369 45293.764263 11.843369 637.454630 9.294260 11.843369 11.843369 11.843369 7493224.729871 9.294260 6.044896 14.766388 11989159.567794 1.000000
11.853495 11.853495 11.853495 11.853495 11.853495 11.853495 11.853495 11.853495 334.501838 11.853495 5941.893335 18.013783 18.443488 36266.437811 14.779078 11718318.055108 6.049859 7.489232 14.779078 56666.309055 1.000000
11.851202 11.851202 11.851202 11.851202 11.851202 11.851202 11.851202 11.851202 11.851202 44.909134 4752.582072 7.487815 11.851202 9505.163828 11.851202 135076.500721 55327.334710 7.487815 11.851202 659553.226143 1.000000
11.842262 11.842262 11.842262 11.842262 11.842262 11.842262 11.842262 11.842262 11.842262 11.842262 54.769868 6.044353 11.842262 417.724025 109.512351 649872022.897438 11.568685 6.044353 71454184.574204 11.842262 1.000000
11.777363 11.777363 11.777363 11.777363 11.777363 11.777363 11.777363 11.777363 332.322559 11.777363 54.465595 6.012546 45037.697296 14.683671 1584.623730 9313577.504655 9.242921 7.442154 14.683671 9445.089797 1.000000
11.855482 11.855482 11.855482 11.855482 11.855482 11.855482 11.855482 11.855482 56675.943866 14.781568 167.283839 9.303682 87.713176 11.855482 138369.003542 135125.980022 69184.501782 6.050833 14.781568 14.781568 1.000000
11.854947 11.854947 11.854947 11.854947 11.854947 11.854947 11.854947 11.854947 6085.254614 11.854947 133.823633 6.050571 522.721290 11.854947 18.445766 168899.740014 28336.674240 9.303266 14.780897 337799.480019 1.000000
11.862506 11.862506 11.862506 11.862506 11.862506 11.862506 11.862506 11.862506 171.401300 18.457626 14659192.106687 9.309145 653.823345 87.765873 14.790370 135207.182567 6.054276 22684.001110 18.457626 3117.665688 1.000000
11.851351 11.851351 11.851351 11.851351 11.851351 11.851351 11.851351 11.851351 267.553704 23.025797 408.251299 6.048808 11.851351 2012822.233128 18.440123 135078.213507 44262.429022 6.048808 11.851351 816.498925 1.000000
11.775344 11.775344 11.775344 11.775344 11.775344 11.775344 11.775344 11.775344 44.617827 11.775344 68.061895 6.011556 14.681140 3943767208.566836 11.775344 2441073.666553 405.595398 7.440905 14.681140 28.576060 1.000000
11.855372 11.855372 11.855372 11.855372 11.855372 11.855372 11.855372 11.855372 422264.724726 18.446434 326.714567 6.050779 87.712353 3894.704911 11.855372 263915.452956 6.050779 797.636767 18.446434 267.645802 1.000000
11.861829 11.861829 11.861829 11.861829 11.861829 11.861829 11.861829 11.861829 11.861829 137.115730 44302.125482 9.308619 14.789522 18581.658256 87.760794 211248.996067 798.077396 7.494386 14.789522 18581.658256 1.000000
11.856444 11.856444 11.856444 11.856444 11.856444 11.856444 11.856444 11.856444 70850.758070 11.856444 209.119310 6.051304 11.856444 522.788233 18.448115 412405.690041 85.664984 22.497950 11.856444 216219.354424 1.000000
11.858023 11.858023 11.858023 11.858023 11.858023 11.858023 11.858023 11.858023 70860.327847 11.858023 408.484427 7.492032 109.660165 11888.390343 14.784752 211180.233462 1947.794373 7.492032 11.858023 418.287937 1.000000
11.851705 11.851705 11.851705 11.851705 11.851705 11.851705 11.851705 11.851705 816.523692 11.851705 510.328502 7.488125 1993.463558 14.776835 14.776835 168852.888752 135082.311004 6.048982 11.851705 216131.697600 1.000000
11.859535 11.859535 11.859535 11.859535 11.859535 11.859535 11.859535 11.859535 653.657279 3934047.441925 167.341848 18.023037 18.452966 11.859535 14.786648 168966.051046 44293.436506 6.052820 14.786648 171.357769 1.000000
11.854510 11.854510 11.854510 11.854510 11.854510 11.854510 11.854510 11.854510 11.854510 44.921837 263895.988975 9.302926 11.854510 11.854510 272862057.259582 1258354.134424 9.302926 43.870037 11.854510 28.770486 1.000000
11.849965 11.849965 11.849965 11.849965 11.849965 11.849965 11.849965 11.849965 11.849965 11.849965 11601.754286 7.487049 653.122230 214.019263 14.774654 263793.349408 6.048129 2433.064613 11.849965 3930827.221342 1.000000
11.850859 11.850859 11.850859 11.850859 11.850859 11.850859 11.850859 11.850859 23205.284073 11.850859 28.089068 9.300086 11.850859 418.031626 11.850859 7498031.663386 6.048567 9.300086 216116.048678 214.035640 1.000000
11.846875 11.846875 11.846875 11.846875 11.846875 11.846875 11.846875 11.846875 11.846875 11.846875 326.477030 6.046614 14.770782 18738686.713399 14.770782 210978.856254 28317.102777 7.485138 11.846875 3891.873223 1.000000
11.844986 11.844986 11.844986 11.844986 11.844986 11.844986 11.844986 11.844986 11.844986 23.013300 14496.011575 6.045688 11.844986 11.844986 425999490.862554 168755.784471 44238.316385 7.483970 18.430137 11.844986 1.000000
11.835764 11.835764 11.835764 11.835764 11.835764 11.835764 11.835764 11.835764 6075.266698 14.756858 14768154863.802340 6.041168 11.835764 6075.266698 11.835764 136212186.606735 7.478267 6.041168 11.835764 11.835764 1.000000
11.908139 11.908139 11.908139 11.908139 11.908139 11.908139 11.908139 11.908139 11.908139 11.908139 68.840214 6.076646 11.908139 11.908139 11.908139 4869244834.774501 7.523027 7.523027 7790791735.639194 11.908139 1.000000
11.910019 11.910019 11.910019 11.910019 11.910019 11.910019 11.910019 11.910019 11.910019 11.910019 517869.837371 6.077568 11.910019 9553.012458 11.910019 14718746.040478 6.077568 6.077568 1294674.593424 23.140980 1.000000
11.906656 11.906656 11.906656 11.906656 11.906656 11.906656 11.906656 11.906656 15214467804.765430 11.906656 7461.153436 6.075919 11.906656 11.906656 14.845696 9417299.435969 7.522110 6.075919 11.906656 11.906656 1.000000
11.841862 11.841862 11.841862 11.841862 11.841862 11.841862 11.841862 11.841862 4862.753340 14.764500 1983184047.316306 6.044157 6078.441583 11.841862 11.841862 168710.640421 6.044157 69103.878329 11.841862 11.841862 1.000000
11.836643 11.836643 11.836643 11.836643 11.836643 11.836643 11.836643 11.836643 22.996921 14.757959 1982297473.576070 9.289029 7668641.913482 11.836643 11.836643 35709896.653339 6.041599 6.041599 11.836643 11.836643 1.000000
11.847302 11.847302 11.847302 11.847302 11.847302 11.847302 11.847302 11.847302 45750419.888670 11.847302 2432.509968 9.297319 11.847302 11.847302 14.771317 168789.257396 35397.672900 6.046823 11.847302 652.973344 1.000000
11.845150 11.845150 11.845150 11.845150 11.845150 11.845150 11.845150 11.845150 11.845150 1593.876318 1015676187.703890 7.484071 11.845150 11.845150 11.845150 168758.152924 6.045768 44238.937261 14.768620 28992.429943 1.000000
11.837322 11.837322 11.837322 11.837322 11.837322 11.837322 11.837322 11.837322 11.837322 11.837322 519677610.119093 7.479230 11.837322 11.837322 417.547256 22855663.000831 6.041931 7.479230 11.837322 1286659.442174 1.000000
11.841861 11.841861 11.841861 11.841861 11.841861 11.841861 11.841861 11.841861 11.841861 11.841861 109026690.368204 6.044157 1019.794174 11.841861 11.841861 168710.631703 55283.099813 6.044157 14.764499 138207.749493 1.000000
11.838581 11.838581 11.838581 11.838581 11.838581 11.838581 11.838581 11.838581 11.838581 11.838581 14488.061235 6.042549 11.838581 11.838581 11.838581 168663.230336 44214.053874 7.480009 1299334263.236643 11.838581 1.000000
11.907076 11.907076 11.907076 11.907076 11.907076 11.907076 11.907076 11.907076 11.907076 11.907076 262.529198 6.076125 11.907076 23773456751.726337 11.907076 137044647.639530 6.076125 9.343814 11.907076 11.907076 1.000000
11.829352 11.829352 11.829352 11.829352 11.829352 11.829352 11.829352 11.829352 11.829352 11.829352 649153366.648745 6.038025 14.748822 172574.565707 11.829352 819346739906.877075 6.038025 6.038025 14.748822 11.829352 1.000000
11.764113 11.764113 11.764113 11.764113 11.764113 11.764113 11.764113 11.764113 11.764113 331.943246 134069.592502 6.006053 11.764113 138624709.555367 14.667066 7442357.424473 6.006053 11.492394 11.764113 11.764113 1.000000
11.835763 11.835763 11.835763 11.835763 11.835763 11.835763 11.835763 11.835763 11.835763 11.835763 509.632201 7.478267 421556.253378 526945.316721 14.756857 108969737.466398 6.041168 6.041168 11.835763 11.835763 1.000000
11.840117 11.840117 11.840117 11.840117 11.840117 11.840117 11.840117 11.840117 11.840117 18727843.902157 107958.669858 6.043302 11.840117 11.840117 11.840117 168685.421644 107958.669858 6.043302 11.840117 213.838852 1.000000
11.849435 11.849435 11.849435 11.849435 11.849435 11.849435 11.849435 11.849435 1993.076220 11.849435 208.993921 6.047869 44.902346 11.849435 171.209741 168820.080005 69148.704782 6.047869 11.849435 1030395.996091 1.000000
11.844954 11.844954 11.844954 11.844954 11.844954 11.844954 11.844954 11.844954 2490.389527 70781.116115 804688.125992 6.045673 11.844954 11.844954 11.844954 168755.331286 6.045673 22649.957196 11.844954 213.927471 1.000000
11.847878 11.847878 11.847878 11.847878 11.847878 11.847878 11.847878 11.847878 11.847878 11.847878 54.796197 7.485759 11878.074073 18.434675 14.772039 329682.780777 44249.273819 6.047106 11.847878 7676025.404922 1.000000
11.840131 11.840131 11.840131 11.840131 11.840131 11.840131 11.840131 11.840131 11.840131 11.840131 55274.907743 6.043309 11.840131 1593.191372 11.840131 168685.631490 35375.940972 6.043309 11.840131 6136747.523995 1.000000
11.843314 11.843314 11.843314 11.843314 11.843314 11.843314 11.843314 11.843314 11.843314 87.621881 3069210.385348 7.482936 11.843314 11.843314 11.843314 1005718.859072 6.044869 133.690446 11.843314 89325778.691202 1.000000
11.845886 11.845886 11.845886 11.845886 11.845886 11.845886 11.845886 11.845886 23.015068 1992.470780 44241.727585 7.484527 11.845886 11.845886 11.845886 7494840.177782 6.046129 9.296218 18.431549 14989680.355564 1.000000
11.908307 11.908307 11.908307 11.908307 11.908307 11.908307 11.908307 11.908307 11.908307 90698052104.027969 68.841200 6.076728 14.847766 11.908307 14.847766 18395750.430272 6.076728 7.523131 11.908307 11.908307 1.000000
11.849975 11.849975 11.849975 11.849975 11.849975 11.849975 11.849975 11.849975 11.849975 6082.666045 1572332.277746 7.487056 11.849975 7603.332482 11.849975 168827.892790 35405.775329 6.048134 14.774667 334.401084 1.000000
11.849850 11.849850 11.849850 11.849850 11.849850 11.849850 11.849850 11.849850 14.774510 14.774510 14785982932.996256 209.001349 11.849850 11.849850 11.849850 263790.750323 1557.146389 6.048072 14.774510 527581.500640 1.000000
11.898548 11.898548 11.898548 11.898548 11.898548 11.898548 11.898548 11.898548 11.898548 11.898548 14847617305.193481 6.071944 11.898548 11.898548 11.898548 9782907538542804992.000000 6.071944 6.071944 11.898548 14.835536 1.000000
11.841724 11.841724 11.841724 11.841724 11.841724 11.841724 11.841724 11.841724 70.093099 11.841724 28580357.388317 6.044089 11.841724 11.841724 11.841724 168708.652255 55282.451187 6.044089 14.764327 3928054.409306 1.000000
11.852117 11.852117 11.852117 11.852117 11.852117 11.852117 11.852117 11.852117 11.852117 267.571244 261.300221 6.049183 653.242515 11.852117 11.852117 168858.836649 35412.264727 9.301064 6143048.690991 14.777350 1.000000
11.907321 11.907321 11.907321 11.907321 11.907321 11.907321 11.907321 11.907321 11.907321 11.907321 138382612870.162781 6.076245 18.527939 173728.347885 11.907321 1276354321.933557 6.076245 6.076245 11.907321 18.527939 1.000000
11.837020 11.837020 11.837020 11.837020 11.837020 11.837020 11.837020 11.837020 11.837020 11.837020 7562109377.980934 6.041784 11.837020 11.837020 14.758433 168640.674408 6.041784 87185185.220634 11.837020 36215.309094 1.000000
11.906418 11.906418 11.906418 11.906418 11.906418 11.906418 11.906418 11.906418 11.906418 11.906418 3857247.558510 6.075802 89808543.178020 11.906418 11.906418 11771385.371430 6.075802 6.075802 11.906418 110.114035 1.000000
11.841847 11.841847 11.841847 11.841847 11.841847 11.841847 11.841847 11.841847 213.870550 14.764481 86379.738883 6.044150 11.841847 11.841847 11.841847 168710.427490 35381.141070 6.044150 11.841847 29266593.919858 1.000000
11.909615 11.909615 11.909615 11.909615 11.909615 11.909615 11.909615 11.909615 57493120.625417 11.909615 18397798.600133 6.077369 11.909615 11.909615 11.909615 11774591.104085 7.523940 6.077369 11.909615 70.500545 1.000000
11.844966 11.844966 11.844966 11.844966 11.844966 11.844966 11.844966 11.844966 28991.973977 11.844966 326.423671 6.045678 11.844966 11.844966 11.844966 135004.399086 55297.801881 6.045678 18554.863377 2490.392000 1.000000
11.835762 11.835762 11.835762 11.835762 11.835762 11.835762 11.835762 11.835762 521.863228 11.835762 110031304933.758408 6.041167 11.835762 9492.602066 14.756855 1014859661.104668 6.041167 7.478266 11.835762 11.835762 1.000000
11.904920 11.904920 11.904920 11.904920 11.904920 11.904920 11.904920 11.904920 11.904920 90671883784.462326 167.991342 6.075068 11.904920 11.904920 11.904920 18390442.864512 6.075068 7.521036 11.904920 11.904920 1.000000
11.838581 11.838581 11.838581 11.838581 11.838581 11.838581 11.838581 11.838581 11.838581 11.838581 514719.330916 6.042549 11.838581 11.838581 217992115.936324 134930.584290 55267.567340 7.480009 11.838581 11.838581 1.000000
11.849961 11.849961 11.849961 11.849961 11.849961 11.849961 11.849961 11.849961 11.849961 2012582.779416 22659.667683 6.048127 11.849961 214.019182 11.849961 135062.144040 35405.730714 7.487047 14.774649 334.400662 1.000000
11.827616 11.827616 11.827616 11.827616 11.827616 11.827616 11.827616 11.827616 11.827616 11.827616 137443111882.650604 6.037175 14.746647 337009.529736 11.827616 1584611193.495928 6.037175 6.037175 11.827616 11.827616 1.000000
11.901941 11.901941 11.901941 11.901941 11.901941 11.901941 11.901941 11.901941 23306.739554 11.901941 6.073607 6.073607 11.901941 3158652.201405 11.901941 11766896.402110 6.073607 6.073607 11.901941 1281.302335 1.000000
11.838852 11.838852 11.838852 11.838852 11.838852 11.838852 11.838852 11.838852 11.838852 11.838852 11590.718286 6.042682 11.838852 11.838852 11.838852 168667.148681 44215.081045 6.042682 23.001259 831593247.405823 1.000000
11.839051 11.839051 11.839051 11.839051 11.839051 11.839051 11.839051 11.839051 11.839051 334.088385 44215.833453 7.480300 14.760977 218000889.905593 11.839051 9363066.926434 6.042779 7.480300 11.839051 11.839051 1.000000
11.843417 11.843417 11.843417 11.843417 11.843417 11.843417 11.843417 11.843417 11.843417 11.843417 7493255.579424 7.483000 2514319.347984 11.843417 11.843417 134986.492149 6.044919 22646.975401 11.843417 417.765352 1.000000
11.847984 11.847984 11.847984 11.847984 11.847984 11.847984 11.847984 11.847984 11.847984 56.110947 4844296878.665366 6.047157 11.847984 109.566013 11.847984 135039.287954 7.485824 1572064.216557 11.847984 9502.545213 1.000000
11.904932 11.904932 11.904932 11.904932 11.904932 11.904932 11.904932 11.904932 11.904932 11.904932 138354457095.582977 7.521043 11.904932 424055.177118 11.904932 1020875704.599694 6.075074 6.075074 11.904932 11.904932 1.000000
11.840108 11.840108 11.840108 11.840108 11.840108 11.840108 11.840108 11.840108 11.840108 340657249.267651 1555.847916 6.043297 11.840108 11.840108 11.840108 168685.299422 35375.871332 6.043297 11.840108 171.073062 1.000000
11.909752 11.909752 11.909752 11.909752 11.909752 11.909752 11.909752 11.909752 11.909752 11.909752 9328.901110 6.077437 11.909752 530286.627209 11.909752 18398013.224241 6.077437 7.524024 271506.753134 11.909752 1.000000
11.903346 11.903346 11.903346 11.903346 11.903346 11.903346 11.903346 11.903346 113324659496.122314 14.841549 107.505538 6.074296 11.903346 11.903346 11.903346 14710381.837406 6.074296 6.074296 11.903346 11.903346 1.000000
11.835974 11.835974 11.835974 11.835974 11.835974 11.835974 11.835974 11.835974 46151312179.962334 11.835974 17.986940 6.041271 11.835974 11.835974 11.835974 134900.436639 28290.672084 6.041271 14.757121 11.835974 1.000000
11.908211 11.908211 11.908211 11.908211 11.908211 11.908211 11.908211 11.908211 11.908211 11.908211 138393108746.641174 7.523072 11.908211 424173.644084 11.908211 816928722.756591 6.076681 7.523072 11.908211 11.908211 1.000000
11.909230 11.909230 11.909230 11.909230 11.909230 11.909230 11.909230 11.909230 36.115522 11.909230 138405113292.385773 6.077181 11.909230 139005.276301 11.909230 1021249481.358967 7.523701 6.077181 11.909230 11.909230 1.000000
11.901650 11.901650 11.901650 11.901650 11.901650 11.901650 11.901650 11.901650 11.901650 11.901650 138315775500.377716 6.073465 11.901650 423936.618374 11.901650 1275737856.006062 6.073465 6.073465 11.901650 11.901650 1.000000
11.903376 11.903376 11.903376 11.903376 11.903376 11.903376 11.903376 11.903376 11.903376 11.903376 138336113352.394409 6.074311 11.903376 339199.162968 11.903376 1275925439.581644 6.074311 6.074311 14.841585 11.903376 1.000000
11.837020 11.837020 11.837020 11.837020 11.837020 11.837020 11.837020 11.837020 11.837020 14.758433 643313.119543 6.041784 11.837020 11.837020 11.837020 134912.539535 804141.399428 6.041784 11.837020 45710146.390944 1.000000
11.906260 11.906260 11.906260 11.906260 11.906260 11.906260 11.906260 11.906260 11.906260 11.906260 11885901727.088896 6.075725 11.906260 1035408.069808 11.906260 109628093.622436 6.075725 6.075725 11.906260 56.390711 1.000000
11.901650 11.901650 11.901650 11.901650 11.901650 11.901650 11.901650 11.901650 11.901650 11.901650 7530627.115166 6.073465 11.901650 535083239.239940 11.901650 14708256.084309 6.073465 6.073465 11.901650 11.901650 1.000000
11.903376 11.903376 11.903376 11.903376 11.903376 11.903376 11.903376 11.903376 11.903376 11.903376 172920141690.443695 6.074311 14.841585 271359.330376 11.903376 1594906799.476606 6.074311 6.074311 11.903376 11.903376 1.000000
11.901650 11.901650 11.901650 11.901650 11.901650 11.901650 11.901650 11.901650 11.901650 11.901650 136981309.245424 6.073465 11.901650 11.901650 11.901650 18385320.105386 6.073465 6.073465 112215088.533852 11.901650 1.000000
11.906656 11.906656 11.906656 11.906656 11.906656 11.906656 11.906656 11.906656 11.906656 11.906656 138374778659.316162 6.075919 14.845696 339293.970025 11.906656 1021025651.273841 6.075919 7.522110 11.906656 11.906656 1.000000
11.903376 11.903376 11.903376 11.903376 11.903376 11.903376 11.903376 11.903376 11.903376 14.841585 138336113352.394409 6.074311 11.903376 339199.162968 11.903376 1275925439.581647 6.074311 6.074311 11.903376 11.903376 1.000000
11.838581 11.838581 11.838581 11.838581 11.838581 11.838581 11.838581 11.838581 11.838581 11.838581 7563120821.710738 7.480009 11.838581 11.838581 11.838581 134930.584288 6.042549 87196846.372901 11.838581 45275.191172 1.000000
11.901650 11.901650 11.901650 11.901650 11.901650 11.901650 11.901650 11.901650 11.901650 11.901650 138315775500.377716 6.073465 11.901650 423936.618374 11.901650 1275737856.006062 6.073465 6.073465 11.901650 11.901650 1.000000
11.906459 11.906459 11.906459 11.906459 11.906459 11.906459 11.906459 11.906459 11.906459 11.906459 1276260664.588076 6.075822 11.906459 11.906459 215.054147 28738835.267332 6.075822 6.075822 11.906459 1617852.597513 1.000000
11.840093 11.840093 11.840093 11.840093 11.840093 11.840093 11.840093 11.840093 11.840093 11.840093 407.857959 6.043290 11.840093 11.840093 665345341.327447 263570.444158 35375.826211 6.043290 11.840093 136.860906 1.000000
11.902333 11.902333 11.902333 11.902333 11.902333 11.902333 11.902333 11.902333 276647651538.456299 11.902333 18.088602 6.073800 11.902333 11.902333 11.902333 14709112.135723 6.073800 6.073800 14.840279 11.902333 1.000000
11.906211 11.906211 11.906211 11.906211 11.906211 11.906211 11.906211 11.906211 18.526198 11.906211 138369529458.816986 6.075700 11.906211 217139.903377 11.906211 1276233648.763205 6.075700 6.075700 14.845138 11.906211 1.000000
11.906656 11.906656 11.906656 11.906656 11.906656 11.906656 11.906656 11.906656 11.906656 14.845696 138374778659.315643 7.522110 11.906656 339293.970025 11.906656 1021025651.273841 6.075919 6.075919 11.906656 11.906656 1.000000
11.840131 11.840131 11.840131 11.840131 11.840131 11.840131 11.840131 11.840131 11.840131 11.840131 5992917.604921 6.043309 11.840131 11.840131 3111.701047 168685.634333 44219.926948 6.043309 11.840131 269897.014928 1.000000
11.901650 11.901650 11.901650 11.901650 11.901650 11.901650 11.901650 11.901650 11.901650 11.901650 138315775500.377716 6.073465 11.901650 423936.618374 11.901650 1275737856.006062 6.073465 6.073465 11.901650 11.901650 1.000000
11.901650 11.901650 11.901650 11.901650 11.901650 11.901650 11.901650 11.901650 11.901650 11.901650 138315775500.377716 6.073465 11.901650 423936.618374 11.901650 1275737856.006062 6.073465 6.073465 11.901650 11.901650 1.000000
11.903376 11.903376 11.903376 11.903376 11.903376 11.903376 11.903376 11.903376 11.903376 14.841585 138336113352.394409 6.074311 11.903376 339199.162968 11.903376 1275925439.581647 6.074311 6.074311 11.903376 11.903376 1.000000
11.840131 11.840131 11.840131 11.840131 11.840131 11.840131 11.840131 11.840131 18727866.726553 11.840131 796.596607 6.043309 11.840131 11.840131 11.840131 134948.501785 35375.940078 6.043309 4862.032384 11.840131 1.000000
11.837020 11.837020 11.837020 11.837020 11.837020 11.837020 11.837020 11.837020 11.837020 14.758433 18462181098.586266 6.041784 11.837020 11.837020 11.837020 168640.674408 35711051.866371 6.041784 11.837020 36215.309094 1.000000
11.901650 11.901650 11.901650 11.901650 11.901650 11.901650 11.901650 11.901650 11.901650 11.901650 138315775500.377716 6.073465 11.901650 423936.618374 11.901650 1275737856.006062 6.073465 6.073465 11.901650 11.901650 1.000000
11.840128 11.840128 11.840128 11.840128 11.840128 11.840128 11.840128 11.840128 417.647660 11.840128 35375.930031 6.043307 11.840128 11.840128 11.840128 134948.463456 44219.912526 6.043307 11.840128 29262283.449005 1.000000
11.901650 11.901650 11.901650 11.901650 11.901650 11.901650 11.901650 11.901650 11.901650 11.901650 138315775500.377716 6.073465 11.901650 423936.618374 11.901650 1275737856.006062 6.073465 6.073465 11.901650 11.901650 1.000000
11.901650 11.901650 11.901650 11.901650 11.901650 11.901650 11.901650 11.901650 11.901650 11.901650 138315775500.377716 6.073465 11.901650 423936.618374 11.901650 1275737856.006062 6.073465 6.073465 11.901650 11.901650 1.000000
11.903376 11.903376 11.903376 11.903376 11.903376 11.903376 11.903376 11.903376 11.903376 11.903376 138336113352.394409 6.074311 11.903376 339199.162968 11.903376 1275925439.581647 6.074311 6.074311 14.841585 11.903376 1.000000
11.901650 11.901650 11.901650 11.901650 11.901650 11.901650 11.901650 11.901650 11.901650 23533209.734894 1594672320.008095 6.073465 11.901650 11.901650 11.901650 35908828.330833 6.073465 6.073465 11.901650 11.901650 1.000000
11.901650 11.901650 11.901650 11.901650 11.901650 11.901650 11.901650 11.901650 11.901650 11.901650 172894719375.440643 6.073465 11.901650 339149.294700 11.901650 1594672320.007289 6.073465 6.073465 11.901650 11.901650 1.000000
11.901650 11.901650 11.901650 11.901650 11.901650 11.901650 11.901650 11.901650 11.901650 11.901650 138315775500.377716 6.073465 11.901650 423936.618374 11.901650 1275737856.006062 6.073465 6.073465 11.901650 11.901650 1.000000
11.901650 11.901650 11.901650 11.901650 11.901650 11.901650 11.901650 11.901650 11.901650 11.901650 172894719375.441254 6.073465 11.901650 339149.294700 11.901650 1594672320.007292 6.073465 6.073465 11.901650 11.901650 1.000000
11.903376 11.903376 11.903376 11.903376 11.903376 11.903376 11.903376 11.903376 11.903376 11.903376 138336113352.394409 6.074311 14.841585 339199.162968 11.903376 1275925439.581647 6.074311 6.074311 11.903376 11.903376 1.000000
11.906418 11.906418 11.906418 11.906418 11.906418 11.906418 11.906418 11.906418 110.114035 11.906418 138371970050.804108 6.075802 11.906418 45538.341487 11.906418 1276256159.251091 6.075802 6.075802 11.906418 11.906418 1.000000
11.901650 11.901650 11.901650 11.901650 11.901650 11.901650 11.901650 11.901650 11.901650 11.901650 138315775500.377716 6.073465 11.901650 423936.618374 11.901650 1275737856.006062 6.073465 6.073465 11.901650 11.901650 1.000000
11.901650 11.901650 11.901650 11.901650 11.901650 11.901650 11.901650 11.901650 11.901650 11.901650 138315775500.377716 6.073465 11.901650 423936.618374 11.901650 1275737856.006062 6.073465 6.073465 11.901650 11.901650 1.000000
11.901650 11.901650 11.901650 11.901650 11.901650 11.901650 11.901650 11.901650 11.901650 11.901650 138315775500.377716 6.073465 11.901650 423936.618374 11.901650 1275737856.006062 6.073465 6.073465 11.901650 11.901650 1.000000
11.905200 11.905200 11.905200 11.905200 11.905200 11.905200 11.905200 11.905200 11.905200 23.131518 110686093834.853439 6.075205 11.905200 271401.512384 11.905200 1020899022.745071 6.075205 6.075205 11.905200 11.905200 1.000000
11.835288 11.835288 11.835288 11.835288 11.835288 11.835288 11.835288 11.835288 11.835288 11.835288 7560986698.164673 6.040935 11.835288 11.835288 11.835288 168615.637811 6.040935 87172241.603604 11.835288 45262.415645 1.000000
11.837020 11.837020 11.837020 11.837020 11.837020 11.837020 11.837020 11.837020 11.837020 11.837020 519664199.475249 6.041784 14.758433 11.837020 11.837020 168640.674408 1268711424.500117 6.041784 11.837020 36215.309094 1.000000
11.903376 11.903376 11.903376 11.903376 11.903376 11.903376 11.903376 11.903376 11.903376 11.903376 138336113352.394409 6.074311 11.903376 339199.162968 11.903376 1275925439.581647 6.074311 6.074311 14.841585 11.903376 1.000000
11.901650 11.901650 11.901650 11.901650 11.901650 11.901650 11.901650 11.901650 11.901650 11.901650 138315775500.377716 6.073465 11.901650 423936.618374 11.901650 1275737856.006062 6.073465 6.073465 11.901650 11.901650 1.000000
11.901650 11.901650 11.901650 11.901650 11.901650 11.901650 11.901650 11.901650 11.901650 11.901650 138315775500.377716 6.073465 11.901650 423936.618374 11.901650 1275737856.006062 6.073465 6.073465 11.901650 11.901650 1.000000
11.901650 11.901650 11.901650 11.901650 11.901650 11.901650 11.901650 11.901650 11.901650 11.901650 138315775500.377716 6.073465 11.901650 423936.618374 11.901650 1275737856.006062 6.073465 6.073465 11.901650 11.901650 1.000000
11.903376 11.903376 11.903376 11.903376 11.903376 11.903376 11.903376 11.903376 11.903376 11.903376 138336113352.394409 6.074311 14.841585 339199.162968 11.903376 1275925439.581647 6.074311 6.074311 11.903376 11.903376 1.000000
11.906139 11.906139 11.906139 11.906139 11.906139 11.906139 11.906139 11.906139 11.906139 11.906139 138368688369.745422 6.075666 11.906139 111174.954747 11.906139 1276225891.085777 6.075666 6.075666 11.906139 45.120082 1.000000
11.903376 11.903376 11.903376 11.903376 11.903376 11.903376 11.903376 11.903376 11.903376 14.841585 138336113352.394409 6.074311 11.903376 339199.162968 11.903376 1275925439.581647 6.074311 6.074311 11.903376 11.903376 1.000000
11.904932 11.904932 11.904932 11.904932 11.904932 11.904932 11.904932 11.904932 11.904932 29711393198.679626 1955.609828 7.521043 11.904932 11.904932 11.904932 14712369.305439 6.075074 6.075074 11.904932 11.904932 1.000000
11.901650 11.901650 11.901650 11.901650 11.901650 11.901650 11.901650 11.901650 11.901650 11.901650 138315775500.377716 6.073465 11.901650 423936.618374 11.901650 1275737856.006062 6.073465 6.073465 11.901650 11.901650 1.000000
11.903376 11.903376 11.903376 11.903376 11.903376 11.903376 11.903376 11.903376 11.903376 11.903376 138336113352.394409 6.074311 11.903376 339199.162968 11.903376 1275925439.581644 6.074311 6.074311 14.841585 11.903376 1.000000
11.901650 11.901650 11.901650 11.901650 11.901650 11.901650 11.901650 11.901650 11.901650 11.901650 138315775500.377716 6.073465 11.901650 423936.618374 11.901650 1275737856.006062 6.073465 6.073465 11.901650 11.901650 1.000000
11.903376 11.903376 11.903376 11.903376 11.903376 11.903376 11.903376 11.903376 11.903376 11.903376 138336113352.394897 6.074311 11.903376 339199.162968 11.903376 1275925439.581647 6.074311 6.074311 14.841585 11.903376 1.000000
11.901650 11.901650 11.901650 11.901650 11.901650 11.901650 11.901650 11.901650 11.901650 11.901650 138315775500.377716 6.073465 11.901650 423936.618374 11.901650 1275737856.006062 6.073465 6.073465 11.901650 11.901650 1.000000
11.901650 11.901650 11.901650 11.901650 11.901650 11.901650 11.901650 11.901650 11.901650 11.901650 138315775500.377716 6.073465 11.901650 423936.618374 11.901650 1275737856.006062 6.073465 6.073465 11.901650 11.901650 1.000000
11.901650 11.901650 11.901650 11.901650 11.901650 11.901650 11.901650 11.901650 11.901650 11.901650 138315775500.377716 6.073465 11.901650 423936.618374 11.901650 1275737856.006064 6.073465 6.073465 11.901650 11.901650 1.000000
11.906418 11.906418 11.906418 11.906418 11.906418 11.906418 11.906418 11.906418 110.114035 11.906418 138371970050.803619 6.075802 11.906418 45538.341487 11.906418 1276256159.251088 6.075802 6.075802 11.906418 11.906418 1.000000
11.901650 11.901650 11.901650 11.901650 11.901650 11.901650 11.901650 11.901650 11.901650 11.901650 138315775500.377716 6.073465 11.901650 423936.618374 11.901650 1275737856.006062 6.073465 6.073465 11.901650 11.901650 1.000000
11.901650 11.901650 11.901650 11.901650 11.901650 11.901650 11.901650 11.901650 11.901650 11.901650 138315775500.377716 6.073465 11.901650 423936.618374 11.901650 1275737856.006062 6.073465 6.073465 11.901650 11.901650 1.000000
11.907983 11.907983 11.907983 11.907983 11.907983 11.907983 11.907983 11.907983 11.907983 11.907983 1994416163.679978 6.076569 11.907983 3160278.558743 14.847359 44910259.457854 6.076569 6.076569 11.907983 56.398984 1.000000
11.907907 11.907907 11.907907 11.907907 11.907907 11.907907 11.907907 11.907907 11.907907 11.907907 9510055532.895561 6.076532 11.907907 11.907907 11.907907 426445638844490.062500 6.076532 212081.325268 11.907907 14.847264 1.000000
11.838562 11.838562 11.838562 11.838562 11.838562 11.838562 11.838562 11.838562 11.838562 11.838562 133.636044 7.479998 11.838562 11.838562 11.838562 1570796.190895 55267.477674 6.042540 11.838562 3965247056.213120 1.000000
11.901650 11.901650 11.901650 11.901650 11.901650 11.901650 11.901650 11.901650 11.901650 11.901650 138315775500.377716 6.073465 11.901650 423936.618374 11.901650 1275737856.006062 6.073465 6.073465 11.901650 11.901650 1.000000
11.904932 11.904932 11.904932 11.904932 11.904932 11.904932 11.904932 11.904932 11.904932 11.904932 138354457095.582489 7.521043 11.904932 424055.177118 11.904932 1020875704.599694 6.075074 6.075074 11.904932 11.904932 1.000000
11.901650 11.901650 11.901650 11.901650 11.901650 11.901650 11.901650 11.901650 11.901650 11.901650 138315775500.377716 6.073465 11.901650 423936.618374 11.901650 1275737856.006062 6.073465 6.073465 11.901650 11.901650 1.000000
11.901650 11.901650 11.901650 11.901650 11.901650 11.901650 11.901650 11.901650 11.901650 11.901650 138315775500.377716 6.073465 11.901650 423936.618374 11.901650 1275737856.006062 6.073465 6.073465 11.901650 11.901650 1.000000
11.901650 11.901650 11.901650 11.901650 11.901650 11.901650 11.901650 11.901650 11.901650 11.901650 138315775500.377716 6.073465 11.901650 423936.618374 11.901650 1275737856.006062 6.073465 6.073465 11.901650 11.901650 1.000000
11.901650 11.901650 11.901650 11.901650 11.901650 11.901650 11.901650 11.901650 11.901650 11.901650 138315775500.377716 6.073465 11.901650 423936.618374 11.901650 1275737856.006062 6.073465 6.073465 11.901650 11.901650 1.000000
11.903376 11.903376 11.903376 11.903376 11.903376 11.903376 11.903376 11.903376 11.903376 11.903376 138336113352.394409 6.074311 11.903376 339199.162968 14.841585 1275925439.581647 6.074311 6.074311 11.903376 11.903376 1.000000
11.908110 11.908110 11.908110 11.908110 11.908110 11.908110 11.908110 11.908110 88.108007 14.847518 138391911197.556793 6.076631 11.908110 45544.904136 11.908110 1276440083.866430 6.076631 6.076631 11.908110 11.908110 1.000000
11.901650 11.901650 11.901650 11.901650 11.901650 11.901650 11.901650 11.901650 11.901650 11.901650 138315775500.377716 6.073465 11.901650 423936.618374 11.901650 1275737856.006062 6.073465 6.073465 11.901650 11.901650 1.000000
11.901650 11.901650 11.901650 11.901650 11.901650 11.901650 11.901650 11.901650 11.901650 11.901650 138315775500.377716 6.073465 11.901650 423936.618374 11.901650 1275737856.006062 6.073465 6.073465 11.901650 11.901650 1.000000
11.901650 11.901650 11.901650 11.901650 11.901650 11.901650 11.901650 11.901650 11.901650 11.901650 138315775500.377716 6.073465 11.901650 423936.618374 11.901650 1275737856.006062 6.073465 6.073465 11.901650 11.901650 1.000000
11.901650 11.901650 11.901650 11.901650 11.901650 11.901650 11.901650 11.901650 11.901650 11.901650 138315775500.377716 6.073465 11.901650 423936.618374 11.901650 1275737856.006062 6.073465 6.073465 11.901650 11.901650 1.000000
11.901650 11.901650 11.901650 11.901650 11.901650 11.901650 11.901650 11.901650 11.901650 11.901650 138315775500.377716 6.073465 11.901650 423936.618374 11.901650 1275737856.006062 6.073465 6.073465 11.901650 11.901650 1.000000
11.901650 11.901650 11.901650 11.901650 11.901650 11.901650 11.901650 11.901650 11.901650 11.901650 138315775500.377716 6.073465 11.901650 423936.618374 11.901650 1275737856.006062 6.073465 6.073465 11.901650 11.901650 1.000000
11.901650 11.901650 11.901650 11.901650 11.901650 11.901650 11.901650 11.901650 11.901650 11.901650 138315775500.377716 6.073465 11.901650 423936.618374 11.901650 1275737856.006062 6.073465 6.073465 11.901650 11.901650 1.000000
11.901650 11.901650 11.901650 11.901650 11.901650 11.901650 11.901650 11.901650 11.901650 11.901650 138315775500.377716 6.073465 11.901650 423936.618374 11.901650 1275737856.006062 6.073465 6.073465 11.901650 11.901650 1.000000
11.901650 11.901650 11.901650 11.901650 11.901650 11.901650 11.901650 11.901650 11.901650 11.901650 138315775500.377716 6.073465 11.901650 423936.618374 11.901650 1275737856.006062 6.073465 6.073465 11.901650 11.901650 1.000000
11.901650 11.901650 11.901650 11.901650 11.901650 11.901650 11.901650 11.901650 11.901650 11.901650 138315775500.377716 6.073465 11.901650 423936.618374 11.901650 1275737856.006062 6.073465 6.073465 11.901650 11.901650 1.000000
11.835288 11.835288 11.835288 11.835288 11.835288 11.835288 11.835288 11.835288 11.835288 11.835288 1256284.399394 6.040935 11.835288 11.835288 11.835288 168615.637814 55251.972215 6.040935 11.835288 139475586.568387 1.000000
11.901650 11.901650 11.901650 11.901650 11.901650 11.901650 11.901650 11.901650 11.901650 11.901650 138315775500.377716 6.073465 11.901650 423936.618374 11.901650 1275737856.006062 6.073465 6.073465 11.901650 11.901650 1.000000
11.901650 11.901650 11.901650 11.901650 11.901650 11.901650 11.901650 11.901650 11.901650 11.901650 138315775500.377716 6.073465 11.901650 423936.618374 11.901650 1275737856.006062 6.073465 6.073465 11.901650 11.901650 1.000000
11.901650 11.901650 11.901650 11.901650 11.901650 11.901650 11.901650 11.901650 11.901650 11.901650 138315775500.377716 6.073465 11.901650 423936.618374 11.901650 1275737856.006062 6.073465 6.073465 11.901650 11.901650 1.000000
11.901650 11.901650 11.901650 11.901650 11.901650 11.901650 11.901650 11.901650 11.901650 11.901650 138315775500.377716 6.073465 11.901650 423936.618374 11.901650 1275737856.006062 6.073465 6.073465 11.901650 11.901650 1.000000
11.901650 11.901650 11.901650 11.901650 11.901650 11.901650 11.901650 11.901650 11.901650 11.901650 138315775500.377716 6.073465 11.901650 423936.618374 11.901650 1275737856.006062 6.073465 6.073465 11.901650 11.901650 1.000000
11.901650 11.901650 11.901650 11.901650 11.901650 11.901650 11.901650 11.901650 11.901650 11.901650 138315775500.377716 6.073465 11.901650 423936.618374 11.901650 1275737856.006062 6.073465 6.073465 11.901650 11.901650 1.000000
11.904932 11.904932 11.904932 11.904932 11.904932 11.904932 11.904932 11.904932 11.904932 11.904932 138354457095.581970 6.075074 11.904932 424055.177118 11.904932 1020875704.599694 7.521043 6.075074 11.904932 11.904932 1.000000
11.901650 11.901650 11.901650 11.901650 11.901650 11.901650 11.901650 11.901650 11.901650 11.901650 138315775500.377716 6.073465 11.901650 423936.618374 11.901650 1275737856.006062 6.073465 6.073465 11.901650 11.901650 1.000000
11.901650 11.901650 11.901650 11.901650 11.901650 11.901650 11.901650 11.901650 11.901650 11.901650 138315775500.377716 6.073465 11.901650 423936.618374 11.901650 1275737856.006062 6.073465 6.073465 11.901650 11.901650 1.000000
11.901650 11.901650 11.901650 11.901650 11.901650 11.901650 11.901650 11.901650 11.901650 11.901650 138315775500.377716 6.073465 11.901650 423936.618374 11.901650 1275737856.006062 6.073465 6.073465 11.901650 11.901650 1.000000
11.903376 11.903376 11.903376 11.903376 11.903376 11.903376 11.903376 11.903376 11.903376 11.903376 138336113352.394409 6.074311 14.841585 339199.162968 11.903376 1275925439.581647 6.074311 6.074311 11.903376 11.903376 1.000000
11.901650 11.901650 11.901650 11.901650 11.901650 11.901650 11.901650 11.901650 11.901650 11.901650 138315775500.377716 6.073465 11.901650 423936.618374 11.901650 1275737856.006062 6.073465 6.073465 11.901650 11.901650 1.000000
11.906139 11.906139 11.906139 11.906139 11.906139 11.906139 11.906139 11.906139 11.906139 11.906139 138368688369.745422 6.075666 11.906139 111174.954747 11.906139 1276225891.085777 6.075666 6.075666 11.906139 45.120082 1.000000
11.901650 11.901650 11.901650 11.901650 11.901650 11.901650 11.901650 11.901650 11.901650 11.901650 138315775500.377716 6.073465 11.901650 423936.618374 11.901650 1275737856.006062 6.073465 6.073465 11.901650 11.901650 1.000000
11.901650 11.901650 11.901650 11.901650 11.901650 11.901650 11.901650 11.901650 11.901650 11.901650 138315775500.377716 6.073465 11.901650 423936.618374 11.901650 1275737856.006062 6.073465 6.073465 11.901650 11.901650 1.000000
11.901650 11.901650 11.901650 11.901650 11.901650 11.901650 11.901650 11.901650 11.901650 11.901650 138315775500.377716 6.073465 11.901650 423936.618374 11.901650 1275737856.006062 6.073465 6.073465 11.901650 11.901650 1.000000
11.901650 11.901650 11.901650 11.901650 11.901650 11.901650 11.901650 11.901650 11.901650 11.901650 138315775500.377716 6.073465 11.901650 423936.618374 11.901650 1275737856.006062 6.073465 6.073465 11.901650 11.901650 1.000000
11.901650 11.901650 11.901650 11.901650 11.901650 11.901650 11.901650 11.901650 11.901650 11.901650 138315775500.377716 6.073465 11.901650 423936.618374 11.901650 1275737856.006062 6.073465 6.073465 11.901650 11.901650 1.000000
11.901650 11.901650 11.901650 11.901650 11.901650 11.901650 11.901650 11.901650 11.901650 11.901650 138315775500.377716 6.073465 11.901650 423936.618374 11.901650 1275737856.006062 6.073465 6.073465 11.901650 11.901650 1.000000
11.901650 11.901650 11.901650 11.901650 11.901650 11.901650 11.901650 11.901650 11.901650 836067561.312403 3084544.866372 6.073465 11.901650 11.901650 11.901650 14708256.084309 6.073465 6.073465 11.901650 11.901650 1.000000
11.901650 11.901650 11.901650 11.901650 11.901650 11.901650 11.901650 11.901650 11.901650 11.901650 138315775500.377716 6.073465 11.901650 423936.618374 11.901650 1275737856.006062 6.073465 6.073465 11.901650 11.901650 1.000000
11.901650 11.901650 11.901650 11.901650 11.901650 11.901650 11.901650 11.901650 11.901650 11.901650 138315775500.377716 6.073465 11.901650 423936.618374 11.901650 1275737856.006062 6.073465 6.073465 11.901650 11.901650 1.000000
11.901650 11.901650 11.901650 11.901650 11.901650 11.901650 11.901650 11.901650 11.901650 11.901650 138315775500.377716 6.073465 11.901650 423936.618374 11.901650 1275737856.006062 6.073465 6.073465 11.901650 11.901650 1.000000
11.901650 11.901650 11.901650 11.901650 11.901650 11.901650 11.901650 11.901650 11.901650 11.901650 138315775500.377716 6.073465 11.901650 423936.618374 11.901650 1275737856.006062 6.073465 6.073465 11.901650 11.901650 1.000000
11.901650 11.901650 11.901650 11.901650 11.901650 11.901650 11.901650 11.901650 11.901650 11.901650 138315775500.377716 6.073465 11.901650 423936.618374 11.901650 1275737856.006062 6.073465 6.073465 11.901650 11.901650 1.000000
11.901650 11.901650 11.901650 11.901650 11.901650 11.901650 11.901650 11.901650 11.901650 11.901650 138315775500.377716 6.073465 11.901650 423936.618374 11.901650 1275737856.006062 6.073465 6.073465 11.901650 11.901650 1.000000
11.901650 11.901650 11.901650 11.901650 11.901650 11.901650 11.901650 11.901650 11.901650 11.901650 138315775500.377716 6.073465 11.901650 423936.618374 11.901650 1275737856.006062 6.073465 6.073465 11.901650 11.901650 1.000000
11.901650 11.901650 11.901650 11.901650 11.901650 11.901650 11.901650 11.901650 11.901650 11.901650 138315775500.377716 6.073465 11.901650 423936.618374 11.901650 1275737856.006062 6.073465 6.073465 11.901650 11.901650 1.000000
11.901650 11.901650 11.901650 11.901650 11.901650 11.901650 11.901650 11.901650 11.901650 11.901650 138315775500.377716 6.073465 11.901650 423936.618374 11.901650 1275737856.006062 6.073465 6.073465 11.901650 11.901650 1.000000
11.901650 11.901650 11.901650 11.901650 11.901650 11.901650 11.901650 11.901650 11.901650 11.901650 138315775500.377716 6.073465 11.901650 423936.618374 11.901650 1275737856.006062 6.073465 6.073465 11.901650 11.901650 1.000000
11.901650 11.901650 11.901650 11.901650 11.901650 11.901650 11.901650 11.901650 11.901650 11.901650 138315775500.377716 6.073465 11.901650 423936.618374 11.901650 1275737856.006062 6.073465 6.073465 11.901650 11.901650 1.000000
11.835288 11.835288 11.835288 11.835288 11.835288 11.835288 11.835288 11.835288 11.835288 11.835288 519587049.505733 6.040935 11.835288 11.835288 11.835288 168615.637811 1268523070.082354 6.040935 11.835288 45262.415645 1.000000
11.835288 11.835288 11.835288 11.835288 11.835288 11.835288 11.835288 11.835288 11.835288 11.835288 519587049.505735 6.040935 11.835288 11.835288 11.835288 168615.637811 1268523070.082350 6.040935 11.835288 45262.415645 1.000000
11.901650 11.901650 11.901650 11.901650 11.901650 11.901650 11.901650 11.901650 11.901650 11.901650 138315775500.377716 6.073465 11.901650 423936.618374 11.901650 1275737856.006062 6.073465 6.073465 11.901650 11.901650 1.000000
11.901650 11.901650 11.901650 11.901650 11.901650 11.901650 11.901650 11.901650 11.901650 11.901650 138315775500.377716 6.073465 11.901650 423936.618374 11.901650 1275737856.006062 6.073465 6.073465 11.901650 11.901650 1.000000
11.901650 11.901650 11.901650 11.901650 11.901650 11.901650 11.901650 11.901650 11.901650 11.901650 138315775500.377716 6.073465 11.901650 423936.618374 11.901650 1275737856.006062 6.073465 6.073465 11.901650 11.901650 1.000000
11.901650 11.901650 11.901650 11.901650 11.901650 11.901650 11.901650 11.901650 11.901650 11.901650 138315775500.377716 6.073465 11.901650 423936.618374 11.901650 1275737856.006062 6.073465 6.073465 11.901650 11.901650 1.000000
11.906438 11.906438 11.906438 11.906438 11.906438 11.906438 11.906438 11.906438 11.906438 137.638694 3115865130.192576 6.075812 11.906438 1294279.738170 11.906438 44904348.925670 6.075812 6.075812 11.906438 11.906438 1.000000
11.901650 11.901650 11.901650 11.901650 11.901650 11.901650 11.901650 11.901650 11.901650 11.901650 138315775500.377716 6.073465 11.901650 423936.618374 11.901650 1275737856.006062 6.073465 6.073465 11.901650 11.901650 1.000000
11.901650 11.901650 11.901650 11.901650 11.901650 11.901650 11.901650 11.901650 11.901650 11.901650 138315775500.377716 6.073465 11.901650 423936.618374 11.901650 1275737856.006062 6.073465 6.073465 11.901650 11.901650 1.000000
11.901650 11.901650 11.901650 11.901650 11.901650 11.901650 11.901650 11.901650 11.901650 11.901650 138315775500.377716 6.073465 11.901650 423936.618374 11.901650 1275737856.006062 6.073465 6.073465 11.901650 11.901650 1.000000
11.901650 11.901650 11.901650 11.901650 11.901650 11.901650 11.901650 11.901650 11.901650 11.901650 138315775500.377716 6.073465 11.901650 423936.618374 11.901650 1275737856.006062 6.073465 6.073465 11.901650 11.901650 1.000000
11.898548 11.898548 11.898548 11.898548 11.898548 11.898548 11.898548 11.898548 11.898548 11.898548 14847617305.193481 6.071944 11.898548 11.898548 11.898548 9782907538542735360.000000 6.071944 6.071944 11.898548 14.835536 1.000000
11.901650 11.901650 11.901650 11.901650 11.901650 11.901650 11.901650 11.901650 11.901650 11.901650 138315775500.377716 6.073465 11.901650 423936.618374 11.901650 1275737856.006062 6.073465 6.073465 11.901650 11.901650 1.000000
11.901650 11.901650 11.901650 11.901650 11.901650 11.901650 11.901650 11.901650 11.901650 11.901650 138315775500.377716 6.073465 11.901650 423936.618374 11.901650 1275737856.006062 6.073465 6.073465 11.901650 11.901650 1.000000
11.901650 11.901650 11.901650 11.901650 11.901650 11.901650 11.901650 11.901650 11.901650 11.901650 138315775500.377716 6.073465 11.901650 423936.618374 11.901650 1275737856.006062 6.073465 6.073465 11.901650 11.901650 1.000000
11.901650 11.901650 11.901650 11.901650 11.901650 11.901650 11.901650 11.901650 11.901650 11.901650 138315775500.377716 6.073465 11.901650 423936.618374 11.901650 1275737856.006062 6.073465 6.073465 11.901650 11.901650 1.000000
11.901650 11.901650 11.901650 11.901650 11.901650 11.901650 11.901650 11.901650 11.901650 11.901650 138315775500.377716 6.073465 11.901650 423936.618374 11.901650 1275737856.006062 6.073465 6.073465 11.901650 11.901650 1.000000
11.901650 11.901650 11.901650 11.901650 11.901650 11.901650 11.901650 11.901650 11.901650 11.901650 138315775500.377716 6.073465 11.901650 423936.618374 11.901650 1275737856.006062 6.073465 6.073465 11.901650 11.901650 1.000000
11.901650 11.901650 11.901650 11.901650 11.901650 11.901650 11.901650 11.901650 11.901650 11.901650 138315775500.377716 6.073465 11.901650 423936.618374 11.901650 1275737856.006062 6.073465 6.073465 11.901650 11.901650 1.000000
11.901650 11.901650 11.901650 11.901650 11.901650 11.901650 11.901650 11.901650 11.901650 11.901650 138315775500.377716 6.073465 11.901650 423936.618374 11.901650 1275737856.006062 6.073465 6.073465 11.901650 11.901650 1.000000
11.901650 11.901650 11.901650 11.901650 11.901650 11.901650 11.901650 11.901650 11.901650 11.901650 138315775500.377716 6.073465 11.901650 423936.618374 11.901650 1275737856.006062 6.073465 6.073465 11.901650 11.901650 1.000000
11.901650 11.901650 11.901650 11.901650 11.901650 11.901650 11.901650 11.901650 11.901650 11.901650 138315775500.377716 6.073465 11.901650 423936.618374 11.901650 1275737856.006062 6.073465 6.073465 11.901650 11.901650 1.000000
11.901650 11.901650 11.901650 11.901650 11.901650 11.901650 11.901650 11.901650 11.901650 11.901650 138315775500.377716 6.073465 11.901650 423936.618374 11.901650 1275737856.006062 6.073465 6.073465 11.901650 11.901650 1.000000
11.901650 11.901650 11.901650 11.901650 11.901650 11.901650 11.901650 11.901650 11.901650 11.901650 138315775500.377716 6.073465 11.901650 423936.618374 11.901650 1275737856.006062 6.073465 6.073465 11.901650 11.901650 1.000000
11.901650 11.901650 11.901650 11.901650 11.901650 11.901650 11.901650 11.901650 11.901650 11.901650 138315775500.377716 6.073465 11.901650 423936.618374 11.901650 1275737856.006062 6.073465 6.073465 11.901650 11.901650 1.000000
11.901650 11.901650 11.901650 11.901650 11.901650 11.901650 11.901650 11.901650 11.901650 11.901650 138315775500.377716 6.073465 11.901650 423936.618374 11.901650 1275737856.006062 6.073465 6.073465 11.901650 11.901650 1.000000
11.901650 11.901650 11.901650 11.901650 11.901650 11.901650 11.901650 11.901650 11.901650 11.901650 138315775500.377716 6.073465 11.901650 423936.618374 11.901650 1275737856.006062 6.073465 6.073465 11.901650 11.901650 1.000000
11.901650 11.901650 11.901650 11.901650 11.901650 11.901650 11.901650 11.901650 11.901650 11.901650 138315775500.377716 6.073465 11.901650 423936.618374 11.901650 1275737856.006062 6.073465 6.073465 11.901650 11.901650 1.000000
11.901650 11.901650 11.901650 11.901650 11.901650 11.901650 11.901650 11.901650 11.901650 11.901650 138315775500.377716 6.073465 11.901650 423936.618374 11.901650 1275737856.006062 6.073465 6.073465 11.901650 11.901650 1.000000
11.901650 11.901650 11.901650 11.901650 11.901650 11.901650 11.901650 11.901650 11.901650 11.901650 138315775500.377716 6.073465 11.901650 423936.618374 11.901650 1275737856.006062 6.073465 6.073465 11.901650 11.901650 1.000000
11.901650 11.901650 11.901650 11.901650 11.901650 11.901650 11.901650 11.901650 11.901650 11.901650 138315775500.377716 6.073465 11.901650 423936.618374 11.901650 1275737856.006062 6.073465 6.073465 11.901650 11.901650 1.000000
11.901650 11.901650 11.901650 11.901650 11.901650 11.901650 11.901650 11.901650 11.901650 11.901650 138315775500.377716 6.073465 11.901650 423936.618374 11.901650 1275737856.006062 6.073465 6.073465 11.901650 11.901650 1.000000
11.901650 11.901650 11.901650 11.901650 11.901650 11.901650 11.901650 11.901650 11.901650 11.901650 138315775500.377716 6.073465 11.901650 423936.618374 11.901650 1275737856.006062 6.073465 6.073465 11.901650 11.901650 1.000000
11.901650 11.901650 11.901650 11.901650 11.901650 11.901650 11.901650 11.901650 11.901650 11.901650 138315775500.377716 6.073465 11.901650 423936.618374 11.901650 1275737856.006062 6.073465 6.073465 11.901650 11.901650 1.000000
11.901650 11.901650 11.901650 11.901650 11.901650 11.901650 11.901650 11.901650 11.901650 11.901650 138315775500.377716 6.073465 11.901650 423936.618374 11.901650 1275737856.006062 6.073465 6.073465 11.901650 11.901650 1.000000
11.901650 11.901650 11.901650 11.901650 11.901650 11.901650 11.901650 11.901650 11.901650 11.901650 138315775500.377716 6.073465 11.901650 423936.618374 11.901650 1275737856.006062 6.073465 6.073465 11.901650 11.901650 1.000000
11.901650 11.901650 11.901650 11.901650 11.901650 11.901650 11.901650 11.901650 11.901650 11.901650 138315775500.377716 6.073465 11.901650 423936.618374 11.901650 1275737856.006062 6.073465 6.073465 11.901650 11.901650 1.000000
11.901650 11.901650 11.901650 11.901650 11.901650 11.901650 11.901650 11.901650 11.901650 11.901650 138315775500.377716 6.073465 11.901650 423936.618374 11.901650 1275737856.006062 6.073465 6.073465 11.901650 11.901650 1.000000
11.901650 11.901650 11.901650 11.901650 11.901650 11.901650 11.901650 11.901650 11.901650 11.901650 138315775500.377716 6.073465 11.901650 423936.618374 11.901650 1275737856.006062 6.073465 6.073465 11.901650 11.901650 1.000000
11.901650 11.901650 11.901650 11.901650 11.901650 11.901650 11.901650 11.901650 11.901650 11.901650 138315775500.377716 6.073465 11.901650 423936.618374 11.901650 1275737856.006062 6.073465 6.073465 11.901650 11.901650 1.000000
11.901650 11.901650 11.901650 11.901650 11.901650 11.901650 11.901650 11.901650 11.901650 11.901650 138315775500.377716 6.073465 11.901650 423936.618374 11.901650 1275737856.006062 6.073465 6.073465 11.901650 11.901650 1.000000
11.901650 11.901650 11.901650 11.901650 11.901650 11.901650 11.901650 11.901650 11.901650 11.901650 138315775500.377716 6.073465 11.901650 423936.618374 11.901650 1275737856.006062 6.073465 6.073465 11.901650 11.901650 1.000000
11.901650 11.901650 11.901650 11.901650 11.901650 11.901650 11.901650 11.901650 11.901650 11.901650 138315775500.377716 6.073465 11.901650 423936.618374 11.901650 1275737856.006062 6.073465 6.073465 11.901650 11.901650 1.000000
11.901650 11.901650 11.901650 11.901650 11.901650 11.901650 11.901650 11.901650 11.901650 11.901650 138315775500.377716 6.073465 11.901650 423936.618374 11.901650 1275737856.006062 6.073465 6.073465 11.901650 11.901650 1.000000
11.901650 11.901650 11.901650 11.901650 11.901650 11.901650 11.901650 11.901650 11.901650 11.901650 138315775500.377716 6.073465 11.901650 423936.618374 11.901650 1275737856.006062 6.073465 6.073465 11.901650 11.901650 1.000000
11.901650 11.901650 11.901650 11.901650 11.901650 11.901650 11.901650 11.901650 11.901650 11.901650 138315775500.377716 6.073465 11.901650 423936.618374 11.901650 1275737856.006062 6.073465 6.073465 11.901650 11.901650 1.000000
11.901650 11.901650 11.901650 11.901650 11.901650 11.901650 11.901650 11.901650 11.901650 11.901650 138315775500.377716 6.073465 11.901650 423936.618374 11.901650 1275737856.006062 6.073465 6.073465 11.901650 11.901650 1.000000
11.901650 11.901650 11.901650 11.901650 11.901650 11.901650 11.901650 11.901650 11.901650 11.901650 138315775500.377716 6.073465 11.901650 423936.618374 11.901650 1275737856.006062 6.073465 6.073465 11.901650 11.901650 1.000000
11.901650 11.901650 11.901650 11.901650 11.901650 11.901650 11.901650 11.901650 11.901650 11.901650 138315775500.377716 6.073465 11.901650 423936.618374 11.901650 1275737856.006062 6.073465 6.073465 11.901650 11.901650 1.000000
11.901650 11.901650 11.901650 11.901650 11.901650 11.901650 11.901650 11.901650 11.901650 11.901650 138315775500.377716 6.073465 11.901650 423936.618374 11.901650 1275737856.006062 6.073465 6.073465 11.901650 11.901650 1.000000
11.901650 11.901650 11.901650 11.901650 11.901650 11.901650 11.901650 11.901650 11.901650 11.901650 138315775500.377716 6.073465 11.901650 423936.618374 11.901650 1275737856.006062 6.073465 6.073465 11.901650 11.901650 1.000000
11.901650 11.901650 11.901650 11.901650 11.901650 11.901650 11.901650 11.901650 11.901650 11.901650 138315775500.377716 6.073465 11.901650 423936.618374 11.901650 1275737856.006062 6.073465 6.073465 11.901650 11.901650 1.000000
11.901650 11.901650 11.901650 11.901650 11.901650 11.901650 11.901650 11.901650 11.901650 11.901650 138315775500.377716 6.073465 11.901650 423936.618374 11.901650 1275737856.006062 6.073465 6.073465 11.901650 11.901650 1.000000
11.901650 11.901650 11.901650 11.901650 11.901650 11.901650 11.901650 11.901650 11.901650 11.901650 138315775500.377716 6.073465 11.901650 423936.618374 11.901650 1275737856.006062 6.073465 6.073465 11.901650 11.901650 1.000000
11.901650 11.901650 11.901650 11.901650 11.901650 11.901650 11.901650 11.901650 11.901650 11.901650 138315775500.377716 6.073465 11.901650 423936.618374 11.901650 1275737856.006062 6.073465 6.073465 11.901650 11.901650 1.000000
11.901650 11.901650 11.901650 11.901650 11.901650 11.901650 11.901650 11.901650 11.901650 11.901650 138315775500.377716 6.073465 11.901650 423936.618374 11.901650 1275737856.006062 6.073465 6.073465 11.901650 11.901650 1.000000
11.901650 11.901650 11.901650 11.901650 11.901650 11.901650 11.901650 11.901650 11.901650 11.901650 138315775500.377716 6.073465 11.901650 423936.618374 11.901650 1275737856.006062 6.073465 6.073465 11.901650 11.901650 1.000000
11.901650 11.901650 11.901650 11.901650 11.901650 11.901650 11.901650 11.901650 11.901650 11.901650 138315775500.377716 6.073465 11.901650 423936.618374 11.901650 1275737856.006062 6.073465 6.073465 11.901650 11.901650 1.000000
11.901650 11.901650 11.901650 11.901650 11.901650 11.901650 11.901650 11.901650 11.901650 11.901650 138315775500.377716 6.073465 11.901650 423936.618374 11.901650 1275737856.006062 6.073465 6.073465 11.901650 11.901650 1.000000
11.901650 11.901650 11.901650 11.901650 11.901650 11.901650 11.901650 11.901650 11.901650 11.901650 138315775500.377716 6.073465 11.901650 423936.618374 11.901650 1275737856.006062 6.073465 6.073465 11.901650 11.901650 1.000000
11.901650 11.901650 11.901650 11.901650 11.901650 11.901650 11.901650 11.901650 11.901650 11.901650 138315775500.377716 6.073465 11.901650 423936.618374 11.901650 1275737856.006062 6.073465 6.073465 11.901650 11.901650 1.000000
11.901650 11.901650 11.901650 11.901650 11.901650 11.901650 11.901650 11.901650 11.901650 11.901650 138315775500.377716 6.073465 11.901650 423936.618374 11.901650 1275737856.006062 6.073465 6.073465 11.901650 11.901650 1.000000
11.901650 11.901650 11.901650 11.901650 11.901650 11.901650 11.901650 11.901650 11.901650 11.901650 138315775500.377716 6.073465 11.901650 423936.618374 11.901650 1275737856.006062 6.073465 6.073465 11.901650 11.901650 1.000000
11.901650 11.901650 11.901650 11.901650 11.901650 11.901650 11.901650 11.901650 11.901650 11.901650 138315775500.377716 6.073465 11.901650 423936.618374 11.901650 1275737856.006062 6.073465 6.073465 11.901650 11.901650 1.000000
11.901650 11.901650 11.901650 11.901650 11.901650 11.901650 11.901650 11.901650 11.901650 11.901650 138315775500.377716 6.073465 11.901650 423936.618374 11.901650 1275737856.006062 6.073465 6.073465 11.901650 11.901650 1.000000
11.901650 11.901650 11.901650 11.901650 11.901650 11.901650 11.901650 11.901650 11.901650 11.901650 138315775500.377716 6.073465 11.901650 423936.618374 11.901650 1275737856.006062 6.073465 6.073465 11.901650 11.901650 1.000000
11.901650 11.901650 11.901650 11.901650 11.901650 11.901650 11.901650 11.901650 11.901650 11.901650 138315775500.377716 6.073465 11.901650 423936.618374 11.901650 1275737856.006062 6.073465 6.073465 11.901650 11.901650 1.000000
11.901650 11.901650 11.901650 11.901650 11.901650 11.901650 11.901650 11.901650 11.901650 11.901650 138315775500.377716 6.073465 11.901650 423936.618374 11.901650 1275737856.006062 6.073465 6.073465 11.901650 11.901650 1.000000
11.901650 11.901650 11.901650 11.901650 11.901650 11.901650 11.901650 11.901650 11.901650 11.901650 138315775500.377716 6.073465 11.901650 423936.618374 11.901650 1275737856.006062 6.073465 6.073465 11.901650 11.901650 1.000000
11.901650 11.901650 11.901650 11.901650 11.901650 11.901650 11.901650 11.901650 11.901650 11.901650 138315775500.377716 6.073465 11.901650 423936.618374 11.901650 1275737856.006062 6.073465 6.073465 11.901650 11.901650 1.000000
11.901650 11.901650 11.901650 11.901650 11.901650 11.901650 11.901650 11.901650 11.901650 11.901650 138315775500.377716 6.073465 11.901650 423936.618374 11.901650 1275737856.006062 6.073465 6.073465 11.901650 11.901650 1.000000
11.901650 11.901650 11.901650 11.901650 11.901650 11.901650 11.901650 11.901650 11.901650 11.901650 138315775500.377716 6.073465 11.901650 423936.618374 11.901650 1275737856.006062 6.073465 6.073465 11.901650 11.901650 1.000000
11.901650 11.901650 11.901650 11.901650 11.901650 11.901650 11.901650 11.901650 11.901650 11.901650 138315775500.377716 6.073465 11.901650 423936.618374 11.901650 1275737856.006062 6.073465 6.073465 11.901650 11.901650 1.000000
11.901650 11.901650 11.901650 11.901650 11.901650 11.901650 11.901650 11.901650 11.901650 11.901650 138315775500.377716 6.073465 11.901650 423936.618374 11.901650 1275737856.006062 6.073465 6.073465 11.901650 11.901650 1.000000
11.901650 11.901650 11.901650 11.901650 11.901650 11.901650 11.901650 11.901650 11.901650 11.901650 138315775500.377716 6.073465 11.901650 423936.618374 11.901650 1275737856.006062 6.073465 6.073465 11.901650 11.901650 1.000000
11.901650 11.901650 11.901650 11.901650 11.901650 11.901650 11.901650 11.901650 11.901650 11.901650 138315775500.377716 6.073465 11.901650 423936.618374 11.901650 1275737856.006062 6.073465 6.073465 11.901650 11.901650 1.000000
11.901650 11.901650 11.901650 11.901650 11.901650 11.901650 11.901650 11.901650 11.901650 11.901650 138315775500.377716 6.073465 11.901650 423936.618374 11.901650 1275737856.006062 6.073465 6.073465 11.901650 11.901650 1.000000
11.901650 11.901650 11.901650 11.901650 11.901650 11.901650 11.901650 11.901650 11.901650 11.901650 138315775500.377716 6.073465 11.901650 423936.618374 11.901650 1275737856.006062 6.073465 6.073465 11.901650 11.901650 1.000000
11.901650 11.901650 11.901650 11.901650 11.901650 11.901650 11.901650 11.901650 11.901650 11.901650 138315775500.377716 6.073465 11.901650 423936.618374 11.901650 1275737856.006062 6.073465 6.073465 11.901650 11.901650 1.000000
11.901650 11.901650 11.901650 11.901650 11.901650 11.901650 11.901650 11.901650 11.901650 11.901650 138315775500.377716 6.073465 11.901650 423936.618374 11.901650 1275737856.006062 6.073465 6.073465 11.901650 11.901650 1.000000
11.901650 11.901650 11.901650 11.901650 11.901650 11.901650 11.901650 11.901650 11.901650 11.901650 138315775500.377716 6.073465 11.901650 423936.618374 11.901650 1275737856.006062 6.073465 6.073465 11.901650 11.901650 1.000000
11.901650 11.901650 11.901650 11.901650 11.901650 11.901650 11.901650 11.901650 11.901650 11.901650 138315775500.377716 6.073465 11.901650 423936.618374 11.901650 1275737856.006062 6.073465 6.073465 11.901650 11.901650 1.000000
11.901650 11.901650 11.901650 11.901650 11.901650 11.901650 11.901650 11.901650 11.901650 11.901650 138315775500.377716 6.073465 11.901650 423936.618374 11.901650 1275737856.006062 6.073465 6.073465 11.901650 11.901650 1.000000
11.901650 11.901650 11.901650 11.901650 11.901650 11.901650 11.901650 11.901650 11.901650 11.901650 138315775500.377716 6.073465 11.901650 423936.618374 11.901650 1275737856.006062 6.073465 6.073465 11.901650 11.901650 1.000000
11.901650 11.901650 11.901650 11.901650 11.901650 11.901650 11.901650 11.901650 11.901650 11.901650 138315775500.377716 6.073465 11.901650 423936.618374 11.901650 1275737856.006062 6.073465 6.073465 11.901650 11.901650 1.000000
11.901650 11.901650 11.901650 11.901650 11.901650 11.901650 11.901650 11.901650 11.901650 11.901650 138315775500.377716 6.073465 11.901650 423936.618374 11.901650 1275737856.006062 6.073465 6.073465 11.901650 11.901650 1.000000
11.901650 11.901650 11.901650 11.901650 11.901650 11.901650 11.901650 11.901650 11.901650 11.901650 138315775500.377716 6.073465 11.901650 423936.618374 11.901650 1275737856.006062 6.073465 6.073465 11.901650 11.901650 1.000000
11.901650 11.901650 11.901650 11.901650 11.901650 11.901650 11.901650 11.901650 11.901650 11.901650 138315775500.377716 6.073465 11.901650 423936.618374 11.901650 1275737856.006062 6.073465 6.073465 11.901650 11.901650 1.000000
11.901650 11.901650 11.901650 11.901650 11.901650 11.901650 11.901650 11.901650 11.901650 11.901650 138315775500.377716 6.073465 11.901650 423936.618374 11.901650 1275737856.006062 6.073465 6.073465 11.901650 11.901650 1.000000
11.901650 11.901650 11.901650 11.901650 11.901650 11.901650 11.901650 11.901650 11.901650 11.901650 138315775500.377716 6.073465 11.901650 423936.618374 11.901650 1275737856.006062 6.073465 6.073465 11.901650 11.901650 1.000000
11.901650 11.901650 11.901650 11.901650 11.901650 11.901650 11.901650 11.901650 11.901650 11.901650 138315775500.377716 6.073465 11.901650 423936.618374 11.901650 1275737856.006062 6.073465 6.073465 11.901650 11.901650 1.000000
11.901650 11.901650 11.901650 11.901650 11.901650 11.901650 11.901650 11.901650 11.901650 11.901650 138315775500.377716 6.073465 11.901650 423936.618374 11.901650 1275737856.006062 6.073465 6.073465 11.901650 11.901650 1.000000
11.901650 11.901650 11.901650 11.901650 11.901650 11.901650 11.901650 11.901650 11.901650 11.901650 138315775500.377716 6.073465 11.901650 423936.618374 11.901650 1275737856.006062 6.073465 6.073465 11.901650 11.901650 1.000000
11.901650 11.901650 11.901650 11.901650 11.901650 11.901650 11.901650 11.901650 11.901650 11.901650 138315775500.377716 6.073465 11.901650 423936.618374 11.901650 1275737856.006062 6.073465 6.073465 11.901650 11.901650 1.000000
11.901650 11.901650 11.901650 11.901650 11.901650 11.901650 11.901650 11.901650 11.901650 11.901650 138315775500.377716 6.073465 11.901650 423936.618374 11.901650 1275737856.006062 6.073465 6.073465 11.901650 11.901650 1.000000
11.901650 11.901650 11.901650 11.901650 11.901650 11.901650 11.901650 11.901650 11.901650 11.901650 138315775500.377716 6.073465 11.901650 423936.618374 11.901650 1275737856.006062 6.073465 6.073465 11.901650 11.901650 1.000000
11.901650 11.901650 11.901650 11.901650 11.901650 11.901650 11.901650 11.901650 11.901650 11.901650 138315775500.377716 6.073465 11.901650 423936.618374 11.901650 1275737856.006062 6.073465 6.073465 11.901650 11.901650 1.000000
11.901650 11.901650 11.901650 11.901650 11.901650 11.901650 11.901650 11.901650 11.901650 11.901650 138315775500.377716 6.073465 11.901650 423936.618374 11.901650 1275737856.006062 6.073465 6.073465 11.901650 11.901650 1.000000
11.901650 11.901650 11.901650 11.901650 11.901650 11.901650 11.901650 11.901650 11.901650 11.901650 138315775500.377716 6.073465 11.901650 423936.618374 11.901650 1275737856.006062 6.073465 6.073465 11.901650 11.901650 1.000000
11.901650 11.901650 11.901650 11.901650 11.901650 11.901650 11.901650 11.901650 11.901650 11.901650 138315775500.377716 6.073465 11.901650 423936.618374 11.901650 1275737856.006062 6.073465 6.073465 11.901650 11.901650 1.000000
11.901650 11.901650 11.901650 11.901650 11.901650 11.901650 11.901650 11.901650 11.901650 11.901650 138315775500.377716 6.073465 11.901650 423936.618374 11.901650 1275737856.006062 6.073465 6.073465 11.901650 11.901650 1.000000
11.901650 11.901650 11.901650 11.901650 11.901650 11.901650 11.901650 11.901650 11.901650 11.901650 138315775500.377716 6.073465 11.901650 423936.618374 11.901650 1275737856.006062 6.073465 6.073465 11.901650 11.901650 1.000000
11.901650 11.901650 11.901650 11.901650 11.901650 11.901650 11.901650 11.901650 11.901650 11.901650 138315775500.377716 6.073465 11.901650 423936.618374 11.901650 1275737856.006062 6.073465 6.073465 11.901650 11.901650 1.000000
11.901650 11.901650 11.901650 11.901650 11.901650 11.901650 11.901650 11.901650 11.901650 11.901650 138315775500.377716 6.073465 11.901650 423936.618374 11.901650 1275737856.006062 6.073465 6.073465 11.901650 11.901650 1.000000
11.901650 11.901650 11.901650 11.901650 11.901650 11.901650 11.901650 11.901650 11.901650 11.901650 138315775500.377716 6.073465 11.901650 423936.618374 11.901650 1275737856.006062 6.073465 6.073465 11.901650 11.901650 1.000000
11.901650 11.901650 11.901650 11.901650 11.901650 11.901650 11.901650 11.901650 11.901650 11.901650 138315775500.377716 6.073465 11.901650 423936.618374 11.901650 1275737856.006062 6.073465 6.073465 11.901650 11.901650 1.000000
11.901650 11.901650 11.901650 11.901650 11.901650 11.901650 11.901650 11.901650 11.901650 11.901650 138315775500.377716 6.073465 11.901650 423936.618374 11.901650 1275737856.006062 6.073465 6.073465 11.901650 11.901650 1.000000
11.901650 11.901650 11.901650 11.901650 11.901650 11.901650 11.901650 11.901650 11.901650 11.901650 138315775500.377716 6.073465 11.901650 423936.618374 11.901650 1275737856.006062 6.073465 6.073465 11.901650 11.901650 1.000000
11.901650 11.901650 11.901650 11.901650 11.901650 11.901650 11.901650 11.901650 11.901650 11.901650 138315775500.377716 6.073465 11.901650 423936.618374 11.901650 1275737856.006062 6.073465 6.073465 11.901650 11.901650 1.000000
11.901650 11.901650 11.901650 11.901650 11.901650 11.901650 11.901650 11.901650 11.901650 11.901650 138315775500.377716 6.073465 11.901650 423936.618374 11.901650 1275737856.006062 6.073465 6.073465 11.901650 11.901650 1.000000
11.901650 11.901650 11.901650 11.901650 11.901650 11.901650 11.901650 11.901650 11.901650 11.901650 138315775500.377716 6.073465 11.901650 423936.618374 11.901650 1275737856.006062 6.073465 6.073465 11.901650 11.901650 1.000000
11.901650 11.901650 11.901650 11.901650 11.901650 11.901650 11.901650 11.901650 11.901650 11.901650 138315775500.377716 6.073465 11.901650 423936.618374 11.901650 1275737856.006062 6.073465 6.073465 11.901650 11.901650 1.000000
