0.000000 0.000000 0.000000 0.000000 0.000000 0.000000 0.000000 0.000000 0.000000 0.000000 0.000000 0.000000 0.000000 0.000000 0.000000 0.000000 0.000000 0.000000 0.000000 0.000000 0.000000
11.881148 11.881148 11.881148 11.881148 11.881148 11.881148 11.881148 11.881148 419.115359 214.590502 68.682029 22.545312 335.293361 70.329707 1279.032071 645745.779388 35.186165 28.161705 70.329707 1279.032071 1.000000
11.879898 11.879898 11.879898 11.879898 11.879898 11.879898 11.879898 11.879898 818.493841 214.567590 28.158705 28.158705 1023.116751 56.264158 654.795623 807096.035639 28.158705 22.542914 28.832832 1998.273497 1.000000
11.879249 11.879249 11.879249 11.879249 11.879249 11.879249 11.879249 11.879249 1023.060112 56.261045 22.541671 85.832071 1998.162873 45.016830 1998.162873 1261017.742152 14.467398 28.157150 45.016830 523.808186 1.000000
11.881915 11.881915 11.881915 11.881915 11.881915 11.881915 11.881915 11.881915 335.315294 137.351204 43.972797 54.955766 2498.271806 70.334306 1598.894325 330643.467530 43.972797 43.972797 70.334306 214.604539 1.000000
11.881260 11.881260 11.881260 11.881260 11.881260 11.881260 11.881260 11.881260 171.676130 137.343525 43.970341 68.682682 1998.505877 87.906572 654.871769 807189.893296 22.545525 28.161972 70.330375 1023.235730 1.000000
11.802475 11.802475 11.802475 11.802475 11.802475 11.802475 11.802475 11.802475 1270.441419 136.419854 9.262452 43.674904 266.434465 69.857527 813.083235 801760.757791 27.973034 22.394482 87.315468 2481.329763 1.000000
11.878009 11.878009 11.878009 11.878009 11.878009 11.878009 11.878009 11.878009 818.361885 109.847612 22.539294 18.051339 1278.689317 70.310868 1022.951806 1970131.631691 11.603583 28.154177 137.305419 419.003046 1.000000
11.804276 11.804276 11.804276 11.804276 11.804276 11.804276 11.804276 11.804276 520.454968 213.182259 22.397935 54.591775 813.209115 170.547918 813.209115 801884.885510 27.977353 27.977353 18.366261 1270.638108 1.000000
11.880360 11.880360 11.880360 11.880360 11.880360 11.880360 11.880360 11.880360 419.087144 268.217974 35.183800 22.543800 1278.945967 56.266377 1023.157126 413249.477289 35.183800 35.183800 28.833967 1598.682107 1.000000
11.875853 11.875853 11.875853 11.875853 11.875853 11.875853 11.875853 11.875853 1022.763477 268.114782 11.601478 11.601478 268.114782 109.827392 2496.979159 806817.351094 14.463243 43.950068 70.297929 654.569527 1.000000
11.879694 11.879694 11.879694 11.879694 11.879694 11.879694 11.879694 11.879694 419.063332 214.563865 43.964471 14.467943 1023.098988 56.263182 1023.098988 516532.494723 68.673507 18.053920 109.863415 654.784254 1.000000
11.875419 11.875419 11.875419 11.875419 11.875419 11.875419 11.875419 11.875419 268.104832 171.590533 11.601054 22.534327 818.180857 137.275049 3121.107934 1575756.657685 11.601054 14.462712 87.862751 654.545235 1.000000
11.880928 11.880928 11.880928 11.880928 11.880928 11.880928 11.880928 11.880928 654.853251 87.904087 43.969099 22.544890 1598.759718 87.904087 1998.449366 516586.924123 43.969099 28.161177 45.023279 419.107490 1.000000
11.876708 11.876708 11.876708 11.876708 11.876708 11.876708 11.876708 11.876708 418.956500 268.134362 68.656007 18.049346 1022.838169 70.303061 1598.183737 1575930.219861 28.151057 11.602313 18.479910 1278.547271 1.000000
11.880762 11.880762 11.880762 11.880762 11.880762 11.880762 11.880762 11.880762 335.282302 109.873429 35.185006 35.185006 2498.025994 87.902838 1023.192260 807155.601838 28.160778 22.544571 45.022640 818.554248 1.000000
11.881109 11.881109 11.881109 11.881109 11.881109 11.881109 11.881109 11.881109 654.863352 109.876684 28.161611 54.951989 523.891369 28.835807 4879.101011 330620.730871 54.951989 54.951989 70.329472 523.891369 1.000000
11.879876 11.879876 11.879876 11.879876 11.879876 11.879876 11.879876 11.879876 523.836226 109.865121 22.542873 54.946209 6098.234229 45.019238 268.206899 807094.558361 35.182349 18.054199 36.025378 1998.269839 1.000000
11.879392 11.879392 11.879392 11.879392 11.879392 11.879392 11.879392 11.879392 523.814556 45.017377 28.157492 22.541944 1278.840251 28.831589 3902.708596 264457.803806 18.053457 327.385959 56.261729 1278.840251 1.000000
11.804887 11.804887 11.804887 11.804887 11.804887 11.804887 11.804887 11.804887 87.333568 333.110446 17.939313 208.196956 170.556874 35.795076 3102.305144 513233.280598 43.683951 22.399107 35.795076 9467.483083 1.000000
11.878637 11.878637 11.878637 11.878637 11.878637 11.878637 11.878637 11.878637 654.725154 523.780811 43.960507 43.960507 3902.457176 36.021573 4878.071355 1260951.838170 14.466649 28.155682 28.829736 36.021573 1.000000
11.880149 11.880149 11.880149 11.880149 11.880149 11.880149 11.880149 11.880149 1278.922966 171.659855 43.966176 18.054617 1023.138725 56.265365 1023.138725 211579.927211 28.159308 85.838665 28.833449 1023.138725 1.000000
11.878972 11.878972 11.878972 11.878972 11.878972 11.878972 11.878972 11.878972 654.743855 109.856637 28.156485 18.052813 1023.035864 70.316643 1598.492636 807032.226894 28.156485 14.467059 56.259712 1278.794391 1.000000
11.879731 11.879731 11.879731 11.879731 11.879731 11.879731 11.879731 11.879731 654.786325 419.064657 18.053977 18.053977 818.482219 87.895105 268.203582 264465.473714 28.158306 107.289262 36.024933 2497.806178 1.000000
11.805459 11.805459 11.805459 11.805459 11.805459 11.805459 11.805459 11.805459 813.291829 87.337863 43.686097 43.686097 1016.614233 44.733478 520.507905 641573.158423 68.238415 14.377115 333.126831 416.407188 1.000000
11.878968 11.878968 11.878968 11.878968 11.878968 11.878968 11.878968 11.878968 654.743650 70.316621 14.467054 54.941951 654.743650 171.642545 1023.035544 1008789.967419 14.467054 35.179626 70.316621 1023.035544 1.000000
11.872221 11.872221 11.872221 11.872221 11.872221 11.872221 11.872221 11.872221 18598.169863 14.802544 11.597932 11.597932 70946.387529 36.001869 171.543669 330369.861405 14.458799 261.749791 44.989843 109.793325 1.000000
11.799741 11.799741 11.799741 11.799741 11.799741 11.799741 11.799741 11.799741 416.202564 416.202564 27.966477 9.260326 4845.207776 69.841118 87.294955 210127.382915 14.370117 406.447930 18.359145 4845.207776 1.000000
11.873767 11.873767 11.873767 11.873767 11.873767 11.873767 11.873767 11.873767 1278.226119 1278.226119 28.144004 28.144004 11904.401202 171.566329 418.851266 1969417.961712 11.599441 22.531161 14.804482 18.475295 1.000000
11.864574 11.864574 11.864574 11.864574 11.864574 11.864574 11.864574 11.864574 1596.527590 109.721611 11.590467 7.496084 3118.217046 35.978386 29040.656325 6005466.964782 9.310754 9.310754 23.051759 87.781390 1.000000
11.861121 11.861121 11.861121 11.861121 11.861121 11.861121 11.861121 11.861121 6088.469378 6088.469378 9.308068 9.308068 138435.762295 14.788635 56.174019 2459113.131568 22.506917 9.308068 11.861121 23.044980 1.000000
11.871094 11.871094 11.871094 11.871094 11.871094 11.871094 11.871094 11.871094 11.871094 11901.682550 35.156011 18.040744 654.303441 44.985514 817.878614 2461210.248217 9.315825 43.932220 23.064559 3899.943567 1.000000
11.864837 11.864837 11.864837 11.864837 11.864837 11.864837 11.864837 11.864837 1596.563446 653.953660 14.449765 14.449765 110783.800208 23.052275 817.441387 2459894.514727 6.055419 35.137248 18.461284 18.461284 1.000000
11.866777 11.866777 11.866777 11.866777 11.866777 11.866777 11.866777 11.866777 11.866777 18589.519708 7.497446 14.452138 654.062105 28.800610 1277.462846 3075378.050944 28.127241 28.127241 18.464327 4873.131245 1.000000
11.868661 11.868661 11.868661 11.868661 11.868661 11.868661 11.868661 11.868661 2495.445292 214.361749 18.037017 9.313933 418.668568 44.976173 1022.135206 3844841.632318 7.498611 14.454443 23.059782 3899.132899 1.000000
11.873533 11.873533 11.873533 11.873533 11.873533 11.873533 11.873533 11.873533 137.252941 268.061650 11.599213 7.501624 214.450999 44.994881 214.450999 169168.330455 43.941367 22705.389007 56.233603 14880.203778 1.000000
11.878361 11.878361 11.878361 11.878361 11.878361 11.878361 11.878361 11.878361 214.539440 70.312978 14.466311 18.051878 7621.806565 56.256781 36.020725 169238.099857 43.959471 7443.170480 28.829058 9527.258148 1.000000
11.862356 11.862356 11.862356 11.862356 11.862356 11.862356 11.862356 11.862356 4871.289907 171.399104 9.309029 6.054202 1021.584473 44.951963 418.442989 4803462.504814 11.588302 9.309029 35.971574 2494.100728 1.000000
11.870566 11.870566 11.870566 11.870566 11.870566 11.870566 11.870566 11.870566 1996.681530 267.993723 11.596317 11.596317 1996.681530 35.996788 334.990474 4806834.729138 9.315415 11.596317 44.983490 1597.345449 1.000000
11.796444 11.796444 11.796444 11.796444 11.796444 11.796444 11.796444 11.796444 28871.501292 18.353972 11.523956 9.257761 1984.034963 28.627881 812.661745 1252101.775443 17.926377 22.382919 35.769144 1269.782841 1.000000
11.873648 11.873648 11.873648 11.873648 11.873648 11.873648 11.873648 11.873648 3120.635796 70.284692 9.317812 18.044657 18600.436951 44.995321 3900.794600 169169.988094 18.044657 798.883933 18.475107 28.817483 1.000000
11.788823 11.788823 11.788823 11.788823 11.788823 11.788823 11.788823 11.788823 6050.824974 109.011143 7.449240 9.251835 519.763817 87.213042 266.121847 5966573.920431 7.449240 11.516517 44.669593 3872.528136 1.000000
11.879252 11.879252 11.879252 11.879252 11.879252 11.879252 11.879252 11.879252 1998.163431 70.318329 35.180479 18.053243 110920.324607 56.261061 56.261061 807051.580327 22.541677 35.180479 28.831247 268.192617 1.000000
11.870570 11.870570 11.870570 11.870570 11.870570 11.870570 11.870570 11.870570 2495.852520 418.736889 11.596321 14.456780 334.990586 35.996800 817.842045 3076375.253274 9.315418 22.525032 14.800476 4874.711376 1.000000
11.800761 11.800761 11.800761 11.800761 11.800761 11.800761 11.800761 11.800761 1984.771533 332.992326 11.528170 17.932991 9464.125878 35.782403 170.496398 328352.823131 11.528170 260.151752 35.782403 416.239056 1.000000
11.864765 11.864765 11.864765 11.864765 11.864765 11.864765 11.864765 11.864765 3118.267901 171.434406 7.496202 11.590653 23232.903976 14.793201 4872.293300 1967903.509131 28.122416 9.310902 18.461171 70.231382 1.000000
11.873546 11.873546 11.873546 11.873546 11.873546 11.873546 11.873546 11.873546 3120.608602 171.563083 11.599225 11.599225 214.451231 36.005937 818.049960 1575504.559476 11.599225 28.143473 28.817233 9523.340809 1.000000
11.869029 11.869029 11.869029 11.869029 11.869029 11.869029 11.869029 11.869029 4874.069449 1022.167385 6.057473 22.522078 523.351111 87.814813 171.496897 806347.116614 14.454894 43.924479 18.467861 1277.708791 1.000000
11.864384 11.864384 11.864384 11.864384 11.864384 11.864384 11.864384 11.864384 1596.501630 653.928340 9.310606 7.495966 9515.887624 35.977802 18.460573 3074749.088659 14.449211 9.310606 35.977802 6090.168176 1.000000
11.871548 11.871548 11.871548 11.871548 11.871548 11.871548 11.871548 11.871548 1996.849074 70.272094 14.457976 11.597275 56.224077 70.272094 87.833714 3845790.461493 9.316179 11.597275 56.224077 338279.306435 1.000000
11.875223 11.875223 11.875223 11.875223 11.875223 11.875223 11.875223 11.875223 1022.708450 23.072666 9.319037 18.047071 1022.708450 28.821353 818.167200 169192.758634 28.147496 11626.837926 56.241718 2496.844815 1.000000
11.779304 11.779304 11.779304 11.779304 11.779304 11.779304 11.779304 11.779304 11808.335672 18.327078 7.443354 6.013497 2000409.858916 11.779304 14.686103 134245.233174 54.474693 3778.667653 14.686103 212.724764 1.000000
11.783223 11.783223 11.783223 11.783223 11.783223 11.783223 11.783223 11.783223 22.892036 11.783223 6.015418 9.247479 45060.429854 55.800031 28.595411 22749703.338809 9.247479 634.170749 44.648086 110010.815029 1.000000
11.854444 11.854444 11.854444 11.854444 11.854444 11.854444 11.854444 11.854444 4867.994206 171.283151 6.050324 14.437049 1993.930844 28.770323 214.101311 7500332.331623 11.580577 6.050324 11.854444 9507.800887 1.000000
11.843073 11.843073 11.843073 11.843073 11.843073 11.843073 11.843073 11.843073 11873.187819 815.920474 9.294030 7.482787 2011396.240134 11.843073 23.009545 11707867.030834 6.044751 6.044751 18.427136 14.766018 1.000000
11.858625 11.858625 11.858625 11.858625 11.858625 11.858625 11.858625 11.858625 11.858625 1276.572740 7.492405 9.306126 527977.786688 14.785506 70.194532 9378769.524320 11.584659 22.502132 14.785506 4869.735759 1.000000
11.856610 11.856610 11.856610 11.856610 11.856610 11.856610 11.856610 11.856610 1595.440589 522.795680 6.051386 7.491159 3116.093997 14.782982 14.782982 135139.021340 28340.706922 9.304559 28.775643 11886.954110 1.000000
11.854564 11.854564 11.854564 11.854564 11.854564 11.854564 11.854564 11.854564 56671.490595 11.854564 18.015420 7.489893 14856.091293 11.854564 7606.318839 3072167.660122 7.489893 22.494346 87.706286 11.854564 1.000000
11.854164 11.854164 11.854164 11.854164 11.854164 11.854164 11.854164 11.854164 1276.085605 522.686256 6.050187 6.050187 3115.441779 18.444537 109.623974 135110.735899 18134.256055 7.489646 18.444537 3894.302080 1.000000
11.854188 11.854188 11.854188 11.854188 11.854188 11.854188 11.854188 11.854188 1020.870998 56.140735 7.489661 7.489661 45335.736017 18.444576 14.779947 168888.777482 6.050199 69176.843269 18.444576 9507.593047 1.000000
11.852813 11.852813 11.852813 11.852813 11.852813 11.852813 11.852813 11.852813 11.852813 1993.652601 6.049525 7.488811 4914731.873305 23.028668 109.611306 211086.126649 7.488811 22665.200309 18.442418 35.942266 1.000000
11.854207 11.854207 11.854207 11.854207 11.854207 11.854207 11.854207 11.854207 36268.646818 11.854207 9.302690 7.489673 29014.917466 11.854207 522.688199 4800115.434909 9.302690 9.302690 23.031405 816.698545 1.000000
11.856581 11.856581 11.856581 11.856581 11.856581 11.856581 11.856581 11.856581 1595.436581 87.721419 11.582664 7.491141 45345.017137 18.448330 11886.924251 135138.681880 18138.006901 7.491141 11.856581 11.856581 1.000000
11.854999 11.854999 11.854999 11.854999 11.854999 11.854999 11.854999 11.854999 172954.100117 11.854999 9.303306 14.437727 138363.280096 14.780962 1020.941786 4800440.603669 7.490162 14.437727 18.445847 11.854999 1.000000
11.860523 11.860523 11.860523 11.860523 11.860523 11.860523 11.860523 11.860523 653.712471 109.683614 6.053304 6.053304 70875.482309 18.454514 56.171145 168980.317826 22.505770 18144.123523 28.785251 1021.424325 1.000000
11.853047 11.853047 11.853047 11.853047 11.853047 11.853047 11.853047 11.853047 3893.929963 1993.692511 11.579214 7.488955 9506.664427 28.766892 1993.692511 11717868.472559 7.488955 6.049639 18.442785 14.778516 1.000000
11.860641 11.860641 11.860641 11.860641 11.860641 11.860641 11.860641 11.860641 18579.770063 35.966306 6.053362 11.586627 6088.219201 28.785541 267.766440 3073765.107424 7.493651 18.024730 18.454700 2493.734918 1.000000
11.778088 11.778088 11.778088 11.778088 11.778088 11.778088 11.778088 11.778088 14.684580 1267.778452 6.012902 9.243485 70375.797625 11.778088 108.910454 22739646.631501 14.343625 7.442602 28.582801 14758.874539 1.000000
11.855271 11.855271 11.855271 11.855271 11.855271 11.855271 11.855271 11.855271 3115.737057 214.116468 14.438061 9.303518 1020.965593 44.924758 418.189497 14650123.725310 6.050730 6.050730 14.781304 4868.338855 1.000000
11.865056 11.865056 11.865056 11.865056 11.865056 11.865056 11.865056 11.865056 817.456664 137.153556 7.496382 6.055526 56722.365752 28.796383 44.962329 169045.823027 1559.173158 133.939365 23.052704 1021.820279 1.000000
11.864822 11.864822 11.864822 11.864822 11.864822 11.864822 11.864822 11.864822 1021.799893 653.952834 7.496237 7.496237 338084.900820 18.461260 18.461260 169042.450415 326.978711 326.978711 18.461260 171.435244 1.000000
11.859059 11.859059 11.859059 11.859059 11.859059 11.859059 11.859059 11.859059 6087.395637 14.786050 14.442695 9.306464 138411.348254 14.786050 3116.746803 135167.332279 7.492673 18141.852292 23.040931 11.859059 1.000000
11.860195 11.860195 11.860195 11.860195 11.860195 11.860195 11.860195 11.860195 6087.987315 109.680544 9.307348 7.493376 70873.498352 35.964938 56.169574 6003218.817959 7.493376 9.307348 18.454001 817.117027 1.000000
11.776557 11.776557 11.776557 11.776557 11.776557 11.776557 11.776557 11.776557 137434.599675 18.322769 11.504542 7.441655 3906126.257449 69.701968 11.776557 639979.726022 132.926112 7.441655 11.776557 11.776557 1.000000
11.849842 11.849842 11.849842 11.849842 11.849842 11.849842 11.849842 11.849842 56648.595204 11.849842 9.299295 7.486973 337651.939311 28.759022 11.849842 4798322.653810 9.299295 9.299295 11.849842 1594.516828 1.000000
11.860401 11.860401 11.860401 11.860401 11.860401 11.860401 11.860401 11.860401 3896.380481 1994.947176 7.493503 11.586393 88593.429270 28.784952 87.750079 6003324.279416 6.053244 14.444337 23.043565 28.784952 1.000000
11.837472 11.837472 11.837472 11.837472 11.837472 11.837472 11.837472 11.837472 6076.155662 652.423761 6.042005 6.042005 6076.155662 70.067575 14.758998 14627812.273536 6.042005 6.042005 11.837472 6076.155662 1.000000
11.848692 11.848692 11.848692 11.848692 11.848692 11.848692 11.848692 11.848692 11.848692 18560.783885 7.486262 6.047505 9503.121427 87.662231 35.929609 69817908.929584 7.486262 7.486262 23.020577 3892.478750 1.000000
11.848437 11.848437 11.848437 11.848437 11.848437 11.848437 11.848437 11.848437 171.195125 3892.393928 6.047380 9.298202 110628.481915 11.848437 816.295342 9370596.907949 9.298202 6.047380 14.772740 136.958729 1.000000
11.763164 11.763164 11.763164 11.763164 11.763164 11.763164 11.763164 11.763164 1012.919260 14.665876 6.005588 7.433374 270729221.231102 11.763164 11.763164 14534664.390739 6.005588 9.231877 14.665876 169.945371 1.000000
11.848989 11.848989 11.848989 11.848989 11.848989 11.848989 11.848989 11.848989 7602.690849 11.848989 208.985956 6.047650 653.067691 23.021161 1275.520628 11713799.768863 6.047650 7.486446 14.773432 11879.204331 1.000000
11.862061 11.862061 11.862061 11.862061 11.862061 11.862061 11.862061 11.862061 1995.230409 171.394779 14.446368 14.446368 267.798959 56.178530 1021.558692 11726907.425708 7.494530 6.054058 18.456928 7611.198205 1.000000
11.901005 11.901005 11.901005 11.901005 11.901005 11.901005 11.901005 11.901005 11.901005 11.901005 6.073149 9.339091 23761163649.023666 11.901005 11.901005 4866286315.320025 6.073149 7.518615 11.901005 11.901005 1.000000
11.839185 11.839185 11.839185 11.839185 11.839185 11.839185 11.839185 11.839185 11.839185 45277.534034 7.480383 11.565681 23182.097457 18.421036 11.839185 55808869.479701 6.042845 6.042845 11.839185 18545.677985 1.000000
11.843666 11.843666 11.843666 11.843666 11.843666 11.843666 11.843666 11.843666 35.914174 11.843666 14.423862 6.045041 4958726315.480158 18.428066 11.843666 329563.892102 35386.653491 6.045041 18.428066 11.843666 1.000000
11.837274 11.837274 11.837274 11.837274 11.837274 11.837274 11.837274 11.837274 1299188746.719506 11.837274 9.289519 7.479201 11.837274 14.758750 11.837274 7489313.223181 6.041908 9.289519 11.837274 3888.674009 1.000000
11.858594 11.858594 11.858594 11.858594 11.858594 11.858594 11.858594 11.858594 11888.971591 11.858594 9.306103 6.052358 7608.941896 28.780515 56.161886 135161.957448 28.107618 7430.607327 11.858594 9511.177311 1.000000
11.904117 11.904117 11.904117 11.904117 11.904117 11.904117 11.904117 11.904117 530032.168286 11.904117 6.074674 6.074674 4936309.235955 14.842514 23.129392 11769078.340423 6.074674 6.074674 14.842514 11.904117 1.000000
11.848888 11.848888 11.848888 11.848888 11.848888 11.848888 11.848888 11.848888 4865.680165 1275.509591 9.298553 9.298553 1609918.451769 11.848888 14.773305 9370958.733886 6.047601 9.298553 11.848888 56.115291 1.000000
11.842803 11.842803 11.842803 11.842803 11.842803 11.842803 11.842803 11.842803 11.842803 1593.556005 7.482620 7.482620 7672690.049186 18.426712 11.842803 55826167.584643 9.293820 6.044618 14.765679 1274.845086 1.000000
11.902123 11.902123 11.902123 11.902123 11.902123 11.902123 11.902123 11.902123 1293804.071940 11.902123 6.073697 6.073697 4935470.855483 11.902123 11.902123 9413663.588490 7.519306 6.073697 14.840016 11.902123 1.000000
11.907965 11.907965 11.907965 11.907965 11.907965 11.907965 11.907965 11.907965 9551.341128 1281.960071 6.076561 6.076561 2022575.134206 11.907965 11.907965 11772936.758385 6.076561 6.076561 14.847336 36.111638 1.000000
11.842388 11.842388 11.842388 11.842388 11.842388 11.842388 11.842388 11.842388 3890.378158 35.910250 6.044415 6.044415 45289.959561 23.008201 70765.561794 9365744.118550 7.482364 7.482364 14.765159 11.842388 1.000000
11.842958 11.842958 11.842958 11.842958 11.842958 11.842958 11.842958 11.842958 11.842958 9498.456762 6.044694 7.482716 3928469.597690 18.426956 70.100505 87229547.977910 6.044694 7.482716 18.426956 56.086821 1.000000
11.841786 11.841786 11.841786 11.841786 11.841786 11.841786 11.841786 11.841786 11.841786 23187.264216 11.568221 7.481992 1287151.728126 11.841786 11.841786 35725637.118778 6.044120 9.293029 11.841786 1019.787644 1.000000
11.910336 11.910336 11.910336 11.910336 11.910336 11.910336 11.910336 11.910336 88971.759058 14.850308 7.524386 6.077723 3951139.817401 14.850308 110.150781 14719142.829631 6.077723 6.077723 11.910336 14.850308 1.000000
11.899952 11.899952 11.899952 11.899952 11.899952 11.899952 11.899952 11.899952 11.899952 11.899952 6.072632 6.072632 18642.230999 11.899952 9637807.508093 9503611943.974575 6.072632 6.072632 18.516378 11.899952 1.000000
11.837259 11.837259 11.837259 11.837259 11.837259 11.837259 11.837259 11.837259 7595.056347 11.837259 6.041901 6.041901 11982885.842980 14.758732 109.465431 168644.125685 28293.789272 6.041901 11.837259 11.837259 1.000000
11.852744 11.852744 11.852744 11.852744 11.852744 11.852744 11.852744 11.852744 11.852744 11883.022277 9.301552 11.578918 2492.050777 18.442309 4867.286096 44698961.467563 7.488768 7.488768 11.852744 1275.930576 1.000000
11.847220 11.847220 11.847220 11.847220 11.847220 11.847220 11.847220 11.847220 11.847220 14846.755967 9.297255 6.046783 3113.590704 14.771214 816.210262 55847288.600264 9.297255 6.046783 23.017687 3891.988235 1.000000
11.838471 11.838471 11.838471 11.838471 11.838471 11.838471 11.838471 11.838471 11868.507866 18.419915 6.042495 7.479941 269858.623638 11.838471 11868.507866 9362601.792251 6.042495 7.479941 18.419915 11.838471 1.000000
11.841686 11.841686 11.841686 11.841686 11.841686 11.841686 11.841686 11.841686 45287.234797 11.841686 6.044071 6.044071 18730361.301006 11.841686 11.841686 134966.477089 43.821946 4748.710960 14.764279 11.841686 1.000000
11.837173 11.837173 11.837173 11.837173 11.837173 11.837173 11.837173 11.837173 11.837173 652.407080 7.479139 6.041859 110521.798625 11.837173 3110.912391 69749060.882101 6.041859 6.041859 18.417879 1274.230368 1.000000
11.897112 11.897112 11.897112 11.897112 11.897112 11.897112 11.897112 11.897112 11.897112 11.897112 6.071240 6.071240 3946690.623174 11.897112 71097.257694 9501312065.503866 6.071240 6.071240 11.897112 11.897112 1.000000
11.904850 11.904850 11.904850 11.904850 11.904850 11.904850 11.904850 11.904850 530065.287913 11.904850 14.498721 6.075034 9641831.418969 11.904850 11.904850 11769813.743859 6.075034 6.075034 11.904850 11.904850 1.000000
11.903666 11.903666 11.903666 11.903666 11.903666 11.903666 11.903666 11.903666 217092.844740 11.903666 6.074453 6.074453 111151.536514 11.903666 3128.637935 11768626.694684 6.074453 6.074453 11.903666 14.841950 1.000000
11.898840 11.898840 11.898840 11.898840 11.898840 11.898840 11.898840 11.898840 11929.897092 11.898840 6.072087 6.072087 534955083.428612 11.898840 11.898840 11763786.691353 6.072087 6.072087 14.835901 11.898840 1.000000
11.904773 11.904773 11.904773 11.904773 11.904773 11.904773 11.904773 11.904773 419.960615 11.904773 6.074996 6.074996 3949268.254106 11.904773 18649.892089 44897981.912361 6.074996 6.074996 18.523943 11.904773 1.000000
11.839856 11.839856 11.839856 11.839856 11.839856 11.839856 11.839856 11.839856 11.839856 36224.110547 6.043174 6.043174 18727426.205568 11.839856 11.839856 263565.092757 35.062331 7418.697969 11.839856 11.839856 1.000000
11.897294 11.897294 11.897294 11.897294 11.897294 11.897294 11.897294 11.897294 11.897294 11.897294 7.516320 6.071329 19002919354.417431 11.897294 11.897294 7601167741.766945 6.071329 6.071329 14.833965 11.897294 1.000000
11.837279 11.837279 11.837279 11.837279 11.837279 11.837279 11.837279 11.837279 11.837279 1991.002358 6.041911 6.041911 29255142.927838 11.837279 11.837279 210805.521266 6.041911 35367.297670 14.758757 136.827914 1.000000
11.909976 11.909976 11.909976 11.909976 11.909976 11.909976 11.909976 11.909976 11.909976 11941.221823 6.077547 7.524163 1035735.884123 11.909976 110.147409 87730241.850493 6.077547 6.077547 11.909976 268.896128 1.000000
11.900666 11.900666 11.900666 11.900666 11.900666 11.900666 11.900666 11.900666 11.900666 11.900666 6.072982 6.072982 3158309.054152 23.122617 45516.030356 9504190595.342609 6.072982 6.072982 11.900666 11.900666 1.000000
11.908501 11.908501 11.908501 11.908501 11.908501 11.908501 11.908501 11.908501 11.908501 3129.926753 7.523251 6.076824 3160418.047275 11.908501 3129.926753 70175377.670515 6.076824 7.523251 11.908501 11.908501 1.000000
11.837591 11.837591 11.837591 11.837591 11.837591 11.837591 11.837591 11.837591 11.837591 334.046585 6.042063 7.479397 1299223981.613840 22.998781 11.837591 168648.914963 6.042063 35368.240958 11.837591 11.837591 1.000000
11.907495 11.907495 11.907495 11.907495 11.907495 11.907495 11.907495 11.907495 11.907495 88950.232647 11.632367 6.076330 15068755.541751 23.136023 11.907495 56135488.829578 6.076330 6.076330 11.907495 11.907495 1.000000
11.837316 11.837316 11.837316 11.837316 11.837316 11.837316 11.837316 11.837316 11.837316 11867.332782 6.041929 6.041929 172692.419404 11.837316 3888.687835 210806.176028 6.041929 35367.407521 14.758802 11.837316 1.000000
11.898840 11.898840 11.898840 11.898840 11.898840 11.898840 11.898840 11.898840 11.898840 217003.562526 6.072087 6.072087 9636894.061477 11.898840 11.898840 109558801.130756 6.072087 6.072087 14.835901 11.898840 1.000000
11.901124 11.901124 11.901124 11.901124 11.901124 11.901124 11.901124 11.901124 1034955.134964 11.901124 6.073207 6.073207 3158432.418711 28.884959 11.901124 11766077.647770 6.073207 6.073207 11.901124 11.901124 1.000000
11.902123 11.902123 11.902123 11.902123 11.902123 11.902123 11.902123 11.902123 11.902123 11.902123 6.073697 6.073697 111136.923537 11.902123 2021568.862397 7604296888.143517 7.519306 6.073697 14.840016 11.902123 1.000000
11.908400 11.908400 11.908400 11.908400 11.908400 11.908400 11.908400 11.908400 11.908400 56932.538025 6.076774 6.076774 11939.618678 88.110185 11.908400 109648079.758538 6.076774 6.076774 14.847882 4890.467981 1.000000
11.909118 11.909118 11.909118 11.909118 11.909118 11.909118 11.909118 11.909118 1602.607084 11.909118 6.077126 6.077126 2553099388.947031 14.848781 14.848781 6028335.490899 6.077126 11.633952 14.848781 11.909118 1.000000
11.903666 11.903666 11.903666 11.903666 11.903666 11.903666 11.903666 11.903666 11.903666 11.903666 6.074453 6.074453 111151.536072 11.903666 2502.910482 9506620898.013178 6.074453 6.074453 14.841950 9547.844351 1.000000
11.767072 11.767072 11.767072 11.767072 11.767072 11.767072 11.767072 11.767072 518.790915 11.767072 6.007503 7.435791 171652.876901 22.860325 268207.620153 7444256.881745 6.007503 43.542141 11.767072 11.767072 1.000000
11.908501 11.908501 11.908501 11.908501 11.908501 11.908501 11.908501 11.908501 11.908501 23319.768184 6.076823 7.523251 1294507.175987 11.908501 11.908501 70175374.625124 6.076823 7.523251 11.908501 1025.615224 1.000000
11.843876 11.843876 11.843876 11.843876 11.843876 11.843876 11.843876 11.843876 1593.702490 1019.970173 6.045144 9.294654 4910973.023789 11.843876 11.843876 134991.798591 22647.865675 6.045144 18.428396 11.843876 1.000000
11.904932 11.904932 11.904932 11.904932 11.904932 11.904932 11.904932 11.904932 11.904932 11.904932 6.075074 7.521043 23769114738.912647 11.904932 11.904932 1011026.327873 6.075074 44465.408162 11.904932 11.904932 1.000000
11.909095 11.909095 11.909095 11.909095 11.909095 11.909095 11.909095 11.909095 3912.605934 11.909095 6.077114 6.077114 3160577.697313 14.848752 6113.446537 7535404.437333 6.077114 9.345384 11.909095 11.909095 1.000000
11.904700 11.904700 11.904700 11.904700 11.904700 11.904700 11.904700 11.904700 11.904700 11.904700 6.074960 6.074960 3949243.545259 11.904700 23312.219231 7605966401.491345 6.074960 7.520900 11.904700 36.101612 1.000000
11.908060 11.908060 11.908060 11.908060 11.908060 11.908060 11.908060 11.908060 70.491216 11.908060 6.076607 6.076607 7790739266.340353 11.908060 11.908060 265105.119765 6.076607 35581.806884 14.847456 11.908060 1.000000
11.900397 11.900397 11.900397 11.900397 11.900397 11.900397 11.900397 11.900397 11.900397 2502.213340 6.072851 6.072851 1044972881.724952 11.900397 11.900397 87658678.754209 7.518239 6.072851 11.900397 11.900397 1.000000
11.897112 11.897112 11.897112 11.897112 11.897112 11.897112 11.897112 11.897112 11.897112 11.897112 6.071240 6.071240 3157352.498553 11.897112 88871.572111 9501312065.543158 6.071240 6.071240 11.897112 11.897112 1.000000
11.897112 11.897112 11.897112 11.897112 11.897112 11.897112 11.897112 11.897112 11.897112 11.897112 6.071240 6.071240 3157352.498553 11.897112 88871.572111 9501312065.543158 6.071240 6.071240 11.897112 11.897112 1.000000
11.903330 11.903330 11.903330 11.903330 11.903330 11.903330 11.903330 11.903330 11.903330 11.903330 86.008494 6.074288 19012696055.554268 11.903330 11.903330 653271262.139149 6.074288 6.074288 14.841528 11.903330 1.000000
11.901124 11.901124 11.901124 11.901124 11.901124 11.901124 11.901124 11.901124 11.901124 11.901124 6.073207 6.073207 3158432.418573 28.884959 36414.246590 9504561831.643665 6.073207 6.073207 11.901124 11.901124 1.000000
11.900397 11.900397 11.900397 11.900397 11.900397 11.900397 11.900397 11.900397 11.900397 11.900397 7.518239 6.072851 3158236.773054 11.900397 88896.462225 7603178465.861537 6.072851 6.072851 11.900397 11.900397 1.000000
11.904674 11.904674 11.904674 11.904674 11.904674 11.904674 11.904674 11.904674 11.904674 11.904674 6.074947 6.074947 3159388.000247 23.130487 18649.735052 9507437430.643852 6.074947 6.074947 11.904674 28.893677 1.000000
11.904953 11.904953 11.904953 11.904953 11.904953 11.904953 11.904953 11.904953 11.904953 11.904953 6.075084 6.075084 535233858.542553 18.524225 335.974715 4867923585.539325 7.521057 6.075084 14.843563 11.904953 1.000000
11.906610 11.906610 11.906610 11.906610 11.906610 11.906610 11.906610 11.906610 11.906610 11.906610 86.032527 7.522081 19018010235.299183 14.845639 11.906610 522763084.771861 6.075896 6.075896 11.906610 11.906610 1.000000
11.901124 11.901124 11.901124 11.901124 11.901124 11.901124 11.901124 11.901124 11.901124 11.901124 6.073207 6.073207 3158432.418573 28.884959 36414.246590 9504561831.643631 6.073207 6.073207 11.901124 11.901124 1.000000
11.909307 11.909307 11.909307 11.909307 11.909307 11.909307 11.909307 11.909307 11.909307 11.909307 6.077218 6.077218 23548564.335805 18.531055 7641.946170 1580317.401407 35585.584329 6.077218 11.909307 11.909307 1.000000
11.897961 11.897961 11.897961 11.897961 11.897961 11.897961 11.897961 11.897961 11.897961 11.897961 6.071656 6.071656 9730047501.744392 18.513254 11.897961 9501999513.422291 6.071656 6.071656 18.513254 11.897961 1.000000
11.831764 11.831764 11.831764 11.831764 11.831764 11.831764 11.831764 11.831764 11.831764 22.987342 7.475794 6.039208 2511810.005673 22.987342 45248.746444 3870056083.629347 6.039208 6.039208 11.831764 11.831764 1.000000
11.900397 11.900397 11.900397 11.900397 11.900397 11.900397 11.900397 11.900397 11.900397 11.900397 6.072851 6.072851 3158236.773054 11.900397 88896.462225 7603178465.861537 6.072851 7.518239 11.900397 11.900397 1.000000
11.904777 11.904777 11.904777 11.904777 11.904777 11.904777 11.904777 11.904777 111162.055410 11.904777 6.074998 6.074998 88929.644332 18.523949 11.904777 11769740.426116 6.074998 6.074998 11.904777 6111.198788 1.000000
11.897720 11.897720 11.897720 11.897720 11.897720 11.897720 11.897720 11.897720 11.897720 11.897720 6.071538 9.336536 23754511819.693150 11.897720 11.897720 6081155025.841446 6.071538 6.071538 11.897720 11.897720 1.000000
11.909934 11.909934 11.909934 11.909934 11.909934 11.909934 11.909934 11.909934 11.909934 11.909934 7.524137 7.524137 19023394774.071552 14.849804 11.909934 1011457.156344 35587.484969 6.077526 11.909934 11.909934 1.000000
11.903680 11.903680 11.903680 11.903680 11.903680 11.903680 11.903680 11.903680 11.903680 11.903680 7.520269 6.074460 3159120.361757 11.903680 88921.333036 6084244502.631451 6.074460 7.520269 11.903680 11.903680 1.000000
11.897112 11.897112 11.897112 11.897112 11.897112 11.897112 11.897112 11.897112 11.897112 11.897112 6.071240 6.071240 3157352.498553 11.897112 88871.572111 9501312065.543158 6.071240 6.071240 11.897112 11.897112 1.000000
11.901788 11.901788 11.901788 11.901788 11.901788 11.901788 11.901788 11.901788 11.901788 11.901788 6.073533 6.073533 4983409764.994502 11.901788 45.103377 7604079841.605392 7.519099 6.073533 14.839597 11.901788 1.000000
11.897112 11.897112 11.897112 11.897112 11.897112 11.897112 11.897112 11.897112 11.897112 11.897112 6.071240 6.071240 216971.611578 11.897112 1293251.583416 9501312065.601048 6.071240 6.071240 11.897112 11.897112 1.000000
11.901905 11.901905 11.901905 11.901905 11.901905 11.901905 11.901905 11.901905 529932.296150 11.901905 6.073590 6.073590 1293780.019893 11.901905 137.585558 11766860.733515 6.073590 6.073590 11.901905 11.901905 1.000000
11.897112 11.897112 11.897112 11.897112 11.897112 11.897112 11.897112 11.897112 11.897112 271214.514470 6.071240 6.071240 9635475.154337 11.897112 11.897112 109542670.024172 6.071240 6.071240 11.897112 11.897112 1.000000
11.905222 11.905222 11.905222 11.905222 11.905222 11.905222 11.905222 11.905222 23313.256159 11.905222 7.521223 6.075216 3159535.366121 11.905222 1025.328823 14712733.058822 6.075216 6.075216 11.905222 11.905222 1.000000
11.897112 11.897112 11.897112 11.897112 11.897112 11.897112 11.897112 11.897112 11.897112 11.897112 6.071240 6.071240 3157352.498553 11.897112 88871.572111 9501312065.543158 6.071240 6.071240 11.897112 11.897112 1.000000
11.903680 11.903680 11.903680 11.903680 11.903680 11.903680 11.903680 11.903680 11.903680 11.903680 7.520269 6.074460 3159120.361757 11.903680 88921.333036 6084244502.631440 7.520269 6.074460 11.903680 11.903680 1.000000
11.900396 11.900396 11.900396 11.900396 11.900396 11.900396 11.900396 11.900396 11.900396 819.926293 6.072850 7.518238 3189003909.780032 11.900396 11.900396 87658671.995657 6.072850 6.072850 11.900396 11.900396 1.000000
11.904850 11.904850 11.904850 11.904850 11.904850 11.904850 11.904850 11.904850 11.904850 111162.747876 14.498721 6.075034 18831701.990090 11.904850 11.904850 70153556.727208 6.075034 6.075034 11.904850 11.904850 1.000000
11.901937 11.901937 11.901937 11.901937 11.901937 11.901937 11.901937 11.901937 11.901937 23306.732703 6.073606 6.073606 3158651.272919 11.901937 419.859152 109587730.311121 6.073606 6.073606 11.901937 11.901937 1.000000
11.897112 11.897112 11.897112 11.897112 11.897112 11.897112 11.897112 11.897112 11.897112 11.897112 6.071240 6.071240 3157352.498553 11.897112 88871.572111 9501312065.543158 6.071240 6.071240 11.897112 11.897112 1.000000
11.894007 11.894007 11.894007 11.894007 11.894007 11.894007 11.894007 11.894007 11.894007 11.894007 6.069718 6.069718 18997593250.449780 11.894007 11.894007 9498796625.224878 6.069718 6.069718 14.829845 11.894007 1.000000
11.900666 11.900666 11.900666 11.900666 11.900666 11.900666 11.900666 11.900666 11.900666 11.900666 6.072982 6.072982 3158309.054152 23.122617 45516.030356 9504190595.342609 6.072982 6.072982 11.900666 11.900666 1.000000
11.906945 11.906945 11.906945 11.906945 11.906945 11.906945 11.906945 11.906945 11.906945 23316.678072 6.076061 7.522288 1617919.550338 11.906945 656.307664 87707594.569105 6.076061 6.076061 14.846058 11.906945 1.000000
11.897112 11.897112 11.897112 11.897112 11.897112 11.897112 11.897112 11.897112 11.897112 11.897112 6.071240 6.071240 3157352.498553 11.897112 88871.572111 9501312065.543158 6.071240 6.071240 11.897112 11.897112 1.000000
11.901124 11.901124 11.901124 11.901124 11.901124 11.901124 11.901124 11.901124 11.901124 11.901124 6.073207 6.073207 2526745.934898 28.884959 45517.808225 9504561831.793455 6.073207 6.073207 11.901124 11.901124 1.000000
11.892277 11.892277 11.892277 11.892277 11.892277 11.892277 11.892277 11.892277 11.892277 11.892277 6.068870 6.068870 23743489392.397438 11.892277 11.892277 9497395756.958973 6.068870 6.068870 11.892277 11.892277 1.000000
11.897112 11.897112 11.897112 11.897112 11.897112 11.897112 11.897112 11.897112 11.897112 11.897112 6.071240 6.071240 3157352.498553 11.897112 88871.572111 9501312065.543158 6.071240 6.071240 11.897112 11.897112 1.000000
11.900397 11.900397 11.900397 11.900397 11.900397 11.900397 11.900397 11.900397 11.900397 11.900397 6.072851 6.072851 3158236.773054 11.900397 88896.462225 7603178465.861537 7.518239 6.072851 11.900397 11.900397 1.000000
11.897112 11.897112 11.897112 11.897112 11.897112 11.897112 11.897112 11.897112 11.897112 11.897112 6.071240 6.071240 3157352.498553 11.897112 88871.572111 9501312065.543158 6.071240 6.071240 11.897112 11.897112 1.000000
11.897112 11.897112 11.897112 11.897112 11.897112 11.897112 11.897112 11.897112 11.897112 11.897112 6.071240 6.071240 3157352.498553 11.897112 88871.572111 9501312065.543158 6.071240 6.071240 11.897112 11.897112 1.000000
11.904406 11.904406 11.904406 11.904406 11.904406 11.904406 11.904406 11.904406 11.904406 11.904406 6.074816 7.520718 2527452.659264 28.893018 45530.539440 7605776186.713258 6.074816 6.074816 11.904406 11.904406 1.000000
11.898840 11.898840 11.898840 11.898840 11.898840 11.898840 11.898840 11.898840 11.898840 11.898840 6.072087 6.072087 3157817.446033 11.898840 71107.727380 9502711215.972317 6.072087 6.072087 14.835901 11.898840 1.000000
11.905673 11.905673 11.905673 11.905673 11.905673 11.905673 11.905673 11.905673 11.905673 11.905673 6.075437 6.075437 2527725.373348 23.132447 45535.452220 7606596855.809004 6.075437 7.521502 14.844464 11.905673 1.000000
11.898838 11.898838 11.898838 11.898838 11.898838 11.898838 11.898838 11.898838 11.898838 11.898838 6.072086 6.072086 342371207.303898 11.898838 655.854460 9502709932.937550 6.072086 6.072086 14.835899 11.898838 1.000000
11.898840 11.898840 11.898840 11.898840 11.898840 11.898840 11.898840 11.898840 11.898840 217003.562526 6.072087 6.072087 9636894.061477 11.898840 11.898840 109558801.130756 6.072087 6.072087 14.835901 11.898840 1.000000
11.903376 11.903376 11.903376 11.903376 11.903376 11.903376 11.903376 11.903376 11.903376 11.903376 6.074311 6.074311 19012770646.267189 11.903376 11.903376 1263615.351024 44459.512710 6.074311 14.841585 11.903376 1.000000
11.897112 11.897112 11.897112 11.897112 11.897112 11.897112 11.897112 11.897112 11.897112 11.897112 6.071240 6.071240 3157352.498553 11.897112 88871.572111 9501312065.543158 6.071240 6.071240 11.897112 11.897112 1.000000
11.897112 11.897112 11.897112 11.897112 11.897112 11.897112 11.897112 11.897112 11.897112 11.897112 6.071240 6.071240 3157352.498553 11.897112 88871.572111 9501312065.543158 6.071240 6.071240 11.897112 11.897112 1.000000
11.897112 11.897112 11.897112 11.897112 11.897112 11.897112 11.897112 11.897112 11.897112 11.897112 6.071240 6.071240 3157352.498553 11.897112 88871.572111 9501312065.543158 6.071240 6.071240 11.897112 11.897112 1.000000
11.900397 11.900397 11.900397 11.900397 11.900397 11.900397 11.900397 11.900397 11.900397 11.900397 6.072851 6.072851 3158236.773054 11.900397 88896.462225 7603178465.861550 7.518239 6.072851 11.900397 11.900397 1.000000
11.897112 11.897112 11.897112 11.897112 11.897112 11.897112 11.897112 11.897112 11.897112 11.897112 6.071240 6.071240 3157352.498553 11.897112 88871.572111 9501312065.543158 6.071240 6.071240 11.897112 11.897112 1.000000
11.903610 11.903610 11.903610 11.903610 11.903610 11.903610 11.903610 11.903610 11.903610 11.903610 6.074426 6.074426 3159101.560653 11.903610 110.087707 9506575457.846291 6.074426 6.074426 14.841880 7638.239018 1.000000
11.897112 11.897112 11.897112 11.897112 11.897112 11.897112 11.897112 11.897112 11.897112 11.897112 6.071240 6.071240 3157352.498553 11.897112 88871.572111 9501312065.543123 6.071240 6.071240 11.897112 11.897112 1.000000
11.897112 11.897112 11.897112 11.897112 11.897112 11.897112 11.897112 11.897112 11.897112 11.897112 6.071240 6.071240 3157352.498553 11.897112 88871.572111 9501312065.543158 6.071240 6.071240 11.897112 11.897112 1.000000
11.897112 11.897112 11.897112 11.897112 11.897112 11.897112 11.897112 11.897112 11.897112 11.897112 6.071240 6.071240 3157352.498553 11.897112 88871.572111 9501312065.543158 6.071240 6.071240 11.897112 11.897112 1.000000
11.905166 11.905166 11.905166 11.905166 11.905166 11.905166 11.905166 11.905166 11.905166 11.905166 6.075189 6.075189 3159520.416190 11.905166 110.102301 7606268724.302577 7.521189 6.075189 11.905166 9549.064627 1.000000
11.897112 11.897112 11.897112 11.897112 11.897112 11.897112 11.897112 11.897112 11.897112 11.897112 6.071240 6.071240 3157352.498553 11.897112 88871.572111 9501312065.543158 6.071240 6.071240 11.897112 11.897112 1.000000
11.897112 11.897112 11.897112 11.897112 11.897112 11.897112 11.897112 11.897112 11.897112 11.897112 6.071240 6.071240 3157352.498553 11.897112 88871.572111 9501312065.543158 6.071240 6.071240 11.897112 11.897112 1.000000
11.901937 11.901937 11.901937 11.901937 11.901937 11.901937 11.901937 11.901937 11.901937 23306.732703 6.073606 6.073606 3158651.272919 11.901937 419.859152 109587730.311121 6.073606 6.073606 11.901937 11.901937 1.000000
11.897112 11.897112 11.897112 11.897112 11.897112 11.897112 11.897112 11.897112 11.897112 11.897112 6.071240 6.071240 3157352.498553 11.897112 88871.572111 9501312065.543158 6.071240 6.071240 11.897112 11.897112 1.000000
11.892277 11.892277 11.892277 11.892277 11.892277 11.892277 11.892277 11.892277 11.892277 11.892277 6.068870 6.068870 23743489392.397438 11.892277 11.892277 9497395756.958973 6.068870 6.068870 11.892277 11.892277 1.000000
11.897112 11.897112 11.897112 11.897112 11.897112 11.897112 11.897112 11.897112 11.897112 11.897112 6.071240 6.071240 3157352.498553 11.897112 88871.572111 9501312065.543158 6.071240 6.071240 11.897112 11.897112 1.000000
11.897112 11.897112 11.897112 11.897112 11.897112 11.897112 11.897112 11.897112 11.897112 11.897112 6.071240 6.071240 3157352.498553 11.897112 88871.572111 9501312065.543123 6.071240 6.071240 11.897112 11.897112 1.000000
11.900397 11.900397 11.900397 11.900397 11.900397 11.900397 11.900397 11.900397 11.900397 11.900397 7.518239 6.072851 3158236.773054 11.900397 88896.462225 7603178465.861537 6.072851 6.072851 11.900397 11.900397 1.000000
11.897112 11.897112 11.897112 11.897112 11.897112 11.897112 11.897112 11.897112 11.897112 11.897112 6.071240 6.071240 3157352.498553 11.897112 88871.572111 9501312065.543158 6.071240 6.071240 11.897112 11.897112 1.000000
11.897112 11.897112 11.897112 11.897112 11.897112 11.897112 11.897112 11.897112 11.897112 11.897112 6.071240 6.071240 3157352.498553 11.897112 88871.572111 9501312065.543158 6.071240 6.071240 11.897112 11.897112 1.000000
11.897112 11.897112 11.897112 11.897112 11.897112 11.897112 11.897112 11.897112 11.897112 11.897112 6.071240 6.071240 3157352.498553 11.897112 88871.572111 9501312065.543158 6.071240 6.071240 11.897112 11.897112 1.000000
11.906472 11.906472 11.906472 11.906472 11.906472 11.906472 11.906472 11.906472 11.906472 11.906472 6.075829 6.075829 428242496.301268 11.906472 11.906472 1579935.946152 6.075829 35576.994720 11.906472 656.281240 1.000000
11.897112 11.897112 11.897112 11.897112 11.897112 11.897112 11.897112 11.897112 11.897112 11.897112 6.071240 6.071240 3157352.498553 11.897112 88871.572111 9501312065.543123 6.071240 6.071240 11.897112 11.897112 1.000000
11.897112 11.897112 11.897112 11.897112 11.897112 11.897112 11.897112 11.897112 11.897112 11.897112 6.071240 6.071240 3157352.498553 11.897112 88871.572111 9501312065.543123 6.071240 6.071240 11.897112 11.897112 1.000000
11.897112 11.897112 11.897112 11.897112 11.897112 11.897112 11.897112 11.897112 11.897112 11.897112 6.071240 6.071240 3157352.498553 11.897112 88871.572111 9501312065.543123 6.071240 6.071240 11.897112 11.897112 1.000000
11.897112 11.897112 11.897112 11.897112 11.897112 11.897112 11.897112 11.897112 11.897112 11.897112 6.071240 6.071240 3157352.498553 11.897112 88871.572111 9501312065.543158 6.071240 6.071240 11.897112 11.897112 1.000000
11.897112 11.897112 11.897112 11.897112 11.897112 11.897112 11.897112 11.897112 11.897112 11.897112 6.071240 6.071240 3157352.498553 11.897112 88871.572111 9501312065.543158 6.071240 6.071240 11.897112 11.897112 1.000000
11.897112 11.897112 11.897112 11.897112 11.897112 11.897112 11.897112 11.897112 11.897112 11.897112 6.071240 6.071240 3157352.498553 11.897112 88871.572111 9501312065.543158 6.071240 6.071240 11.897112 11.897112 1.000000
11.897112 11.897112 11.897112 11.897112 11.897112 11.897112 11.897112 11.897112 11.897112 11.897112 6.071240 6.071240 3157352.498553 11.897112 88871.572111 9501312065.543158 6.071240 6.071240 11.897112 11.897112 1.000000
11.897112 11.897112 11.897112 11.897112 11.897112 11.897112 11.897112 11.897112 11.897112 11.897112 6.071240 6.071240 3157352.498553 11.897112 88871.572111 9501312065.543158 6.071240 6.071240 11.897112 11.897112 1.000000
11.900666 11.900666 11.900666 11.900666 11.900666 11.900666 11.900666 11.900666 11.900666 11.900666 6.072982 6.072982 3158309.054152 23.122617 45516.030356 9504190595.342609 6.072982 6.072982 11.900666 11.900666 1.000000
11.897112 11.897112 11.897112 11.897112 11.897112 11.897112 11.897112 11.897112 11.897112 11.897112 6.071240 6.071240 3157352.498553 11.897112 88871.572111 9501312065.543158 6.071240 6.071240 11.897112 11.897112 1.000000
11.897112 11.897112 11.897112 11.897112 11.897112 11.897112 11.897112 11.897112 11.897112 11.897112 6.071240 6.071240 3157352.498553 11.897112 88871.572111 9501312065.543158 6.071240 6.071240 11.897112 11.897112 1.000000
11.897112 11.897112 11.897112 11.897112 11.897112 11.897112 11.897112 11.897112 11.897112 11.897112 6.071240 6.071240 3157352.498553 11.897112 88871.572111 9501312065.543158 6.071240 6.071240 11.897112 11.897112 1.000000
11.897112 11.897112 11.897112 11.897112 11.897112 11.897112 11.897112 11.897112 11.897112 11.897112 6.071240 6.071240 3157352.498553 11.897112 88871.572111 9501312065.543123 6.071240 6.071240 11.897112 11.897112 1.000000
11.897112 11.897112 11.897112 11.897112 11.897112 11.897112 11.897112 11.897112 11.897112 11.897112 6.071240 6.071240 3157352.498553 11.897112 88871.572111 9501312065.543158 6.071240 6.071240 11.897112 11.897112 1.000000
11.897112 11.897112 11.897112 11.897112 11.897112 11.897112 11.897112 11.897112 11.897112 11.897112 6.071240 6.071240 3157352.498553 11.897112 88871.572111 9501312065.543158 6.071240 6.071240 11.897112 11.897112 1.000000
11.897112 11.897112 11.897112 11.897112 11.897112 11.897112 11.897112 11.897112 11.897112 11.897112 6.071240 6.071240 3157352.498553 11.897112 88871.572111 9501312065.543158 6.071240 6.071240 11.897112 11.897112 1.000000
11.897112 11.897112 11.897112 11.897112 11.897112 11.897112 11.897112 11.897112 11.897112 11.897112 6.071240 6.071240 3157352.498553 11.897112 88871.572111 9501312065.543158 6.071240 6.071240 11.897112 11.897112 1.000000
11.900397 11.900397 11.900397 11.900397 11.900397 11.900397 11.900397 11.900397 11.900397 11.900397 6.072851 6.072851 3158236.773054 11.900397 88896.462225 7603178465.861537 7.518239 6.072851 11.900397 11.900397 1.000000
11.900397 11.900397 11.900397 11.900397 11.900397 11.900397 11.900397 11.900397 11.900397 11.900397 6.072851 6.072851 3158236.773054 11.900397 88896.462225 7603178465.861537 7.518239 6.072851 11.900397 11.900397 1.000000
11.901941 11.901941 11.901941 11.901941 11.901941 11.901941 11.901941 11.901941 7637.152768 11.901941 6.073607 6.073607 3158652.298295 11.901941 3910.222406 11766896.763053 6.073607 6.073607 11.901941 11.901941 1.000000
11.900397 11.900397 11.900397 11.900397 11.900397 11.900397 11.900397 11.900397 11.900397 11.900397 7.518239 6.072851 3158236.773054 11.900397 88896.462225 7603178465.861550 6.072851 6.072851 11.900397 11.900397 1.000000
11.897112 11.897112 11.897112 11.897112 11.897112 11.897112 11.897112 11.897112 11.897112 11.897112 6.071240 6.071240 3157352.498553 11.897112 88871.572111 9501312065.543158 6.071240 6.071240 11.897112 11.897112 1.000000
11.897112 11.897112 11.897112 11.897112 11.897112 11.897112 11.897112 11.897112 11.897112 11.897112 6.071240 6.071240 3157352.498553 11.897112 88871.572111 9501312065.543123 6.071240 6.071240 11.897112 11.897112 1.000000
11.904932 11.904932 11.904932 11.904932 11.904932 11.904932 11.904932 11.904932 11.904932 11.904932 6.075074 6.075074 23769114738.912647 11.904932 11.904932 1011026.327873 44465.408162 7.521043 11.904932 11.904932 1.000000
11.897112 11.897112 11.897112 11.897112 11.897112 11.897112 11.897112 11.897112 11.897112 11.897112 6.071240 6.071240 3157352.498553 11.897112 88871.572111 9501312065.543158 6.071240 6.071240 11.897112 11.897112 1.000000
11.897112 11.897112 11.897112 11.897112 11.897112 11.897112 11.897112 11.897112 11.897112 11.897112 6.071240 6.071240 3157352.498553 11.897112 88871.572111 9501312065.543158 6.071240 6.071240 11.897112 11.897112 1.000000
11.897112 11.897112 11.897112 11.897112 11.897112 11.897112 11.897112 11.897112 11.897112 11.897112 6.071240 6.071240 3157352.498553 11.897112 88871.572111 9501312065.543158 6.071240 6.071240 11.897112 11.897112 1.000000
11.897112 11.897112 11.897112 11.897112 11.897112 11.897112 11.897112 11.897112 11.897112 11.897112 6.071240 6.071240 3157352.498553 11.897112 88871.572111 9501312065.543158 6.071240 6.071240 11.897112 11.897112 1.000000
11.897112 11.897112 11.897112 11.897112 11.897112 11.897112 11.897112 11.897112 11.897112 11.897112 6.071240 6.071240 3157352.498553 11.897112 88871.572111 9501312065.543158 6.071240 6.071240 11.897112 11.897112 1.000000
11.897112 11.897112 11.897112 11.897112 11.897112 11.897112 11.897112 11.897112 11.897112 11.897112 6.071240 6.071240 3157352.498553 11.897112 88871.572111 9501312065.543158 6.071240 6.071240 11.897112 11.897112 1.000000
11.897112 11.897112 11.897112 11.897112 11.897112 11.897112 11.897112 11.897112 11.897112 11.897112 6.071240 6.071240 3157352.498553 11.897112 88871.572111 9501312065.543158 6.071240 6.071240 11.897112 11.897112 1.000000
11.897112 11.897112 11.897112 11.897112 11.897112 11.897112 11.897112 11.897112 11.897112 11.897112 6.071240 6.071240 3157352.498553 11.897112 88871.572111 9501312065.543158 6.071240 6.071240 11.897112 11.897112 1.000000
11.897112 11.897112 11.897112 11.897112 11.897112 11.897112 11.897112 11.897112 11.897112 11.897112 6.071240 6.071240 3157352.498553 11.897112 88871.572111 9501312065.543158 6.071240 6.071240 11.897112 11.897112 1.000000
11.897112 11.897112 11.897112 11.897112 11.897112 11.897112 11.897112 11.897112 11.897112 11.897112 6.071240 6.071240 3157352.498553 11.897112 88871.572111 9501312065.543158 6.071240 6.071240 11.897112 11.897112 1.000000
11.897112 11.897112 11.897112 11.897112 11.897112 11.897112 11.897112 11.897112 11.897112 11.897112 6.071240 6.071240 3157352.498553 11.897112 88871.572111 9501312065.543158 6.071240 6.071240 11.897112 11.897112 1.000000
11.897112 11.897112 11.897112 11.897112 11.897112 11.897112 11.897112 11.897112 11.897112 11.897112 6.071240 6.071240 3157352.498553 11.897112 88871.572111 9501312065.543158 6.071240 6.071240 11.897112 11.897112 1.000000
11.897112 11.897112 11.897112 11.897112 11.897112 11.897112 11.897112 11.897112 11.897112 11.897112 6.071240 6.071240 3157352.498553 11.897112 88871.572111 9501312065.543158 6.071240 6.071240 11.897112 11.897112 1.000000
11.897112 11.897112 11.897112 11.897112 11.897112 11.897112 11.897112 11.897112 11.897112 11.897112 6.071240 6.071240 3157352.498553 11.897112 88871.572111 9501312065.543158 6.071240 6.071240 11.897112 11.897112 1.000000
11.900397 11.900397 11.900397 11.900397 11.900397 11.900397 11.900397 11.900397 11.900397 11.900397 7.518239 6.072851 3158236.773054 11.900397 88896.462225 7603178465.861550 6.072851 6.072851 11.900397 11.900397 1.000000
11.897112 11.897112 11.897112 11.897112 11.897112 11.897112 11.897112 11.897112 11.897112 11.897112 6.071240 6.071240 3157352.498553 11.897112 88871.572111 9501312065.543158 6.071240 6.071240 11.897112 11.897112 1.000000
11.897112 11.897112 11.897112 11.897112 11.897112 11.897112 11.897112 11.897112 11.897112 11.897112 6.071240 6.071240 3157352.498553 11.897112 88871.572111 9501312065.543158 6.071240 6.071240 11.897112 11.897112 1.000000
11.901941 11.901941 11.901941 11.901941 11.901941 11.901941 11.901941 11.901941 14916.313663 11.901941 6.073607 6.073607 3158652.266860 11.901941 2002.034220 11766896.645947 6.073607 6.073607 11.901941 11.901941 1.000000
11.897112 11.897112 11.897112 11.897112 11.897112 11.897112 11.897112 11.897112 11.897112 11.897112 6.071240 6.071240 3157352.498553 11.897112 88871.572111 9501312065.543158 6.071240 6.071240 11.897112 11.897112 1.000000
11.897112 11.897112 11.897112 11.897112 11.897112 11.897112 11.897112 11.897112 11.897112 11.897112 6.071240 6.071240 3157352.498553 11.897112 88871.572111 9501312065.543158 6.071240 6.071240 11.897112 11.897112 1.000000
11.897112 11.897112 11.897112 11.897112 11.897112 11.897112 11.897112 11.897112 11.897112 11.897112 6.071240 6.071240 3157352.498553 11.897112 88871.572111 9501312065.543158 6.071240 6.071240 11.897112 11.897112 1.000000
11.897112 11.897112 11.897112 11.897112 11.897112 11.897112 11.897112 11.897112 11.897112 11.897112 6.071240 6.071240 3157352.498553 11.897112 88871.572111 9501312065.543158 6.071240 6.071240 11.897112 11.897112 1.000000
11.897112 11.897112 11.897112 11.897112 11.897112 11.897112 11.897112 11.897112 11.897112 11.897112 6.071240 6.071240 3157352.498553 11.897112 88871.572111 9501312065.543158 6.071240 6.071240 11.897112 11.897112 1.000000
11.897112 11.897112 11.897112 11.897112 11.897112 11.897112 11.897112 11.897112 11.897112 11.897112 6.071240 6.071240 3157352.498553 11.897112 88871.572111 9501312065.543158 6.071240 6.071240 11.897112 11.897112 1.000000
11.895566 11.895566 11.895566 11.895566 11.895566 11.895566 11.895566 11.895566 11.895566 11.895566 6.070482 6.070482 23750149838.392807 11.895566 11.895566 7600047948.285705 6.070482 7.515251 11.895566 11.895566 1.000000
11.897112 11.897112 11.897112 11.897112 11.897112 11.897112 11.897112 11.897112 11.897112 11.897112 6.071240 6.071240 3157352.498553 11.897112 88871.572111 9501312065.543158 6.071240 6.071240 11.897112 11.897112 1.000000
11.897112 11.897112 11.897112 11.897112 11.897112 11.897112 11.897112 11.897112 11.897112 11.897112 6.071240 6.071240 3157352.498553 11.897112 88871.572111 9501312065.543158 6.071240 6.071240 11.897112 11.897112 1.000000
11.897112 11.897112 11.897112 11.897112 11.897112 11.897112 11.897112 11.897112 11.897112 11.897112 6.071240 6.071240 3157352.498553 11.897112 88871.572111 9501312065.543158 6.071240 6.071240 11.897112 11.897112 1.000000
11.897112 11.897112 11.897112 11.897112 11.897112 11.897112 11.897112 11.897112 11.897112 11.897112 6.071240 6.071240 3157352.498553 11.897112 88871.572111 9501312065.543158 6.071240 6.071240 11.897112 11.897112 1.000000
11.897112 11.897112 11.897112 11.897112 11.897112 11.897112 11.897112 11.897112 11.897112 11.897112 6.071240 6.071240 3157352.498553 11.897112 88871.572111 9501312065.543158 6.071240 6.071240 11.897112 11.897112 1.000000
11.897112 11.897112 11.897112 11.897112 11.897112 11.897112 11.897112 11.897112 11.897112 11.897112 6.071240 6.071240 3157352.498553 11.897112 88871.572111 9501312065.543158 6.071240 6.071240 11.897112 11.897112 1.000000
11.897112 11.897112 11.897112 11.897112 11.897112 11.897112 11.897112 11.897112 11.897112 11.897112 6.071240 6.071240 3157352.498553 11.897112 88871.572111 9501312065.543158 6.071240 6.071240 11.897112 11.897112 1.000000
11.897112 11.897112 11.897112 11.897112 11.897112 11.897112 11.897112 11.897112 11.897112 11.897112 6.071240 6.071240 3157352.498553 11.897112 88871.572111 9501312065.543158 6.071240 6.071240 11.897112 11.897112 1.000000
11.897112 11.897112 11.897112 11.897112 11.897112 11.897112 11.897112 11.897112 11.897112 11.897112 6.071240 6.071240 3157352.498553 11.897112 88871.572111 9501312065.543158 6.071240 6.071240 11.897112 11.897112 1.000000
11.897112 11.897112 11.897112 11.897112 11.897112 11.897112 11.897112 11.897112 11.897112 11.897112 6.071240 6.071240 3157352.498553 11.897112 88871.572111 9501312065.543158 6.071240 6.071240 11.897112 11.897112 1.000000
11.897112 11.897112 11.897112 11.897112 11.897112 11.897112 11.897112 11.897112 11.897112 11.897112 6.071240 6.071240 3157352.498553 11.897112 88871.572111 9501312065.543158 6.071240 6.071240 11.897112 11.897112 1.000000
11.897112 11.897112 11.897112 11.897112 11.897112 11.897112 11.897112 11.897112 11.897112 11.897112 6.071240 6.071240 3157352.498553 11.897112 88871.572111 9501312065.543158 6.071240 6.071240 11.897112 11.897112 1.000000
11.897112 11.897112 11.897112 11.897112 11.897112 11.897112 11.897112 11.897112 11.897112 11.897112 6.071240 6.071240 3157352.498553 11.897112 88871.572111 9501312065.543158 6.071240 6.071240 11.897112 11.897112 1.000000
11.897112 11.897112 11.897112 11.897112 11.897112 11.897112 11.897112 11.897112 11.897112 11.897112 6.071240 6.071240 3157352.498553 11.897112 88871.572111 9501312065.543158 6.071240 6.071240 11.897112 11.897112 1.000000
11.897112 11.897112 11.897112 11.897112 11.897112 11.897112 11.897112 11.897112 11.897112 11.897112 6.071240 6.071240 3157352.498553 11.897112 88871.572111 9501312065.543158 6.071240 6.071240 11.897112 11.897112 1.000000
11.892277 11.892277 11.892277 11.892277 11.892277 11.892277 11.892277 11.892277 11.892277 11.892277 6.068870 6.068870 23743489392.397438 11.892277 11.892277 9497395756.958973 6.068870 6.068870 11.892277 11.892277 1.000000
11.897112 11.897112 11.897112 11.897112 11.897112 11.897112 11.897112 11.897112 11.897112 11.897112 6.071240 6.071240 3157352.498553 11.897112 88871.572111 9501312065.543158 6.071240 6.071240 11.897112 11.897112 1.000000
11.897112 11.897112 11.897112 11.897112 11.897112 11.897112 11.897112 11.897112 11.897112 11.897112 6.071240 6.071240 3157352.498553 11.897112 88871.572111 9501312065.543158 6.071240 6.071240 11.897112 11.897112 1.000000
11.897112 11.897112 11.897112 11.897112 11.897112 11.897112 11.897112 11.897112 11.897112 11.897112 6.071240 6.071240 3157352.498553 11.897112 88871.572111 9501312065.543158 6.071240 6.071240 11.897112 11.897112 1.000000
11.897112 11.897112 11.897112 11.897112 11.897112 11.897112 11.897112 11.897112 11.897112 11.897112 6.071240 6.071240 3157352.498553 11.897112 88871.572111 9501312065.543158 6.071240 6.071240 11.897112 11.897112 1.000000
11.897112 11.897112 11.897112 11.897112 11.897112 11.897112 11.897112 11.897112 11.897112 11.897112 6.071240 6.071240 3157352.498553 11.897112 88871.572111 9501312065.543158 6.071240 6.071240 11.897112 11.897112 1.000000
11.897112 11.897112 11.897112 11.897112 11.897112 11.897112 11.897112 11.897112 11.897112 11.897112 6.071240 6.071240 3157352.498553 11.897112 88871.572111 9501312065.543158 6.071240 6.071240 11.897112 11.897112 1.000000
11.897112 11.897112 11.897112 11.897112 11.897112 11.897112 11.897112 11.897112 11.897112 11.897112 6.071240 6.071240 3157352.498553 11.897112 88871.572111 9501312065.543158 6.071240 6.071240 11.897112 11.897112 1.000000
11.897112 11.897112 11.897112 11.897112 11.897112 11.897112 11.897112 11.897112 11.897112 11.897112 6.071240 6.071240 3157352.498553 11.897112 88871.572111 9501312065.543158 6.071240 6.071240 11.897112 11.897112 1.000000
11.897112 11.897112 11.897112 11.897112 11.897112 11.897112 11.897112 11.897112 11.897112 11.897112 6.071240 6.071240 3157352.498553 11.897112 88871.572111 9501312065.543158 6.071240 6.071240 11.897112 11.897112 1.000000
11.897112 11.897112 11.897112 11.897112 11.897112 11.897112 11.897112 11.897112 11.897112 11.897112 6.071240 6.071240 3157352.498553 11.897112 88871.572111 9501312065.543158 6.071240 6.071240 11.897112 11.897112 1.000000
11.897112 11.897112 11.897112 11.897112 11.897112 11.897112 11.897112 11.897112 11.897112 11.897112 6.071240 6.071240 3157352.498553 11.897112 88871.572111 9501312065.543158 6.071240 6.071240 11.897112 11.897112 1.000000
11.901941 11.901941 11.901941 11.901941 11.901941 11.901941 11.901941 11.901941 11.901941 1025.042199 6.073607 6.073607 3158652.136906 11.901941 9546.440413 109587760.286696 6.073607 6.073607 11.901941 11.901941 1.000000
11.897112 11.897112 11.897112 11.897112 11.897112 11.897112 11.897112 11.897112 11.897112 11.897112 6.071240 6.071240 3157352.498553 11.897112 88871.572111 9501312065.543158 6.071240 6.071240 11.897112 11.897112 1.000000
11.897112 11.897112 11.897112 11.897112 11.897112 11.897112 11.897112 11.897112 11.897112 11.897112 6.071240 6.071240 3157352.498553 11.897112 88871.572111 9501312065.543158 6.071240 6.071240 11.897112 11.897112 1.000000
11.897112 11.897112 11.897112 11.897112 11.897112 11.897112 11.897112 11.897112 11.897112 11.897112 6.071240 6.071240 3157352.498553 11.897112 88871.572111 9501312065.543158 6.071240 6.071240 11.897112 11.897112 1.000000
11.897112 11.897112 11.897112 11.897112 11.897112 11.897112 11.897112 11.897112 11.897112 11.897112 6.071240 6.071240 3157352.498553 11.897112 88871.572111 9501312065.543158 6.071240 6.071240 11.897112 11.897112 1.000000
11.897112 11.897112 11.897112 11.897112 11.897112 11.897112 11.897112 11.897112 11.897112 11.897112 6.071240 6.071240 3157352.498553 11.897112 88871.572111 9501312065.543158 6.071240 6.071240 11.897112 11.897112 1.000000
11.897112 11.897112 11.897112 11.897112 11.897112 11.897112 11.897112 11.897112 11.897112 11.897112 6.071240 6.071240 3157352.498553 11.897112 88871.572111 9501312065.543158 6.071240 6.071240 11.897112 11.897112 1.000000
11.897112 11.897112 11.897112 11.897112 11.897112 11.897112 11.897112 11.897112 11.897112 11.897112 6.071240 6.071240 3157352.498553 11.897112 88871.572111 9501312065.543158 6.071240 6.071240 11.897112 11.897112 1.000000
11.897112 11.897112 11.897112 11.897112 11.897112 11.897112 11.897112 11.897112 11.897112 11.897112 6.071240 6.071240 3157352.498553 11.897112 88871.572111 9501312065.543158 6.071240 6.071240 11.897112 11.897112 1.000000
11.897112 11.897112 11.897112 11.897112 11.897112 11.897112 11.897112 11.897112 11.897112 11.897112 6.071240 6.071240 3157352.498553 11.897112 88871.572111 9501312065.543158 6.071240 6.071240 11.897112 11.897112 1.000000
11.897112 11.897112 11.897112 11.897112 11.897112 11.897112 11.897112 11.897112 11.897112 11.897112 6.071240 6.071240 3157352.498553 11.897112 88871.572111 9501312065.543158 6.071240 6.071240 11.897112 11.897112 1.000000
11.897112 11.897112 11.897112 11.897112 11.897112 11.897112 11.897112 11.897112 11.897112 11.897112 6.071240 6.071240 3157352.498553 11.897112 88871.572111 9501312065.543158 6.071240 6.071240 11.897112 11.897112 1.000000
11.897112 11.897112 11.897112 11.897112 11.897112 11.897112 11.897112 11.897112 11.897112 11.897112 6.071240 6.071240 3157352.498553 11.897112 88871.572111 9501312065.543158 6.071240 6.071240 11.897112 11.897112 1.000000
11.897112 11.897112 11.897112 11.897112 11.897112 11.897112 11.897112 11.897112 11.897112 11.897112 6.071240 6.071240 3157352.498553 11.897112 88871.572111 9501312065.543158 6.071240 6.071240 11.897112 11.897112 1.000000
11.897112 11.897112 11.897112 11.897112 11.897112 11.897112 11.897112 11.897112 11.897112 11.897112 6.071240 6.071240 3157352.498553 11.897112 88871.572111 9501312065.543158 6.071240 6.071240 11.897112 11.897112 1.000000
11.897112 11.897112 11.897112 11.897112 11.897112 11.897112 11.897112 11.897112 11.897112 11.897112 6.071240 6.071240 3157352.498553 11.897112 88871.572111 9501312065.543158 6.071240 6.071240 11.897112 11.897112 1.000000
11.897112 11.897112 11.897112 11.897112 11.897112 11.897112 11.897112 11.897112 11.897112 11.897112 6.071240 6.071240 3157352.498553 11.897112 88871.572111 9501312065.543158 6.071240 6.071240 11.897112 11.897112 1.000000
11.897112 11.897112 11.897112 11.897112 11.897112 11.897112 11.897112 11.897112 11.897112 11.897112 6.071240 6.071240 3157352.498553 11.897112 88871.572111 9501312065.543158 6.071240 6.071240 11.897112 11.897112 1.000000
11.897112 11.897112 11.897112 11.897112 11.897112 11.897112 11.897112 11.897112 11.897112 11.897112 6.071240 6.071240 3157352.498553 11.897112 88871.572111 9501312065.543158 6.071240 6.071240 11.897112 11.897112 1.000000
11.897112 11.897112 11.897112 11.897112 11.897112 11.897112 11.897112 11.897112 11.897112 11.897112 6.071240 6.071240 3157352.498553 11.897112 88871.572111 9501312065.543158 6.071240 6.071240 11.897112 11.897112 1.000000
11.901885 11.901885 11.901885 11.901885 11.901885 11.901885 11.901885 11.901885 271324.867638 11.901885 6.073580 6.073580 3158637.178531 11.901885 110.071527 11766840.437543 6.073580 6.073580 11.901885 11.901885 1.000000
11.897112 11.897112 11.897112 11.897112 11.897112 11.897112 11.897112 11.897112 11.897112 11.897112 6.071240 6.071240 3157352.498553 11.897112 88871.572111 9501312065.543158 6.071240 6.071240 11.897112 11.897112 1.000000
11.897112 11.897112 11.897112 11.897112 11.897112 11.897112 11.897112 11.897112 11.897112 11.897112 6.071240 6.071240 3157352.498553 11.897112 88871.572111 9501312065.543158 6.071240 6.071240 11.897112 11.897112 1.000000
11.897112 11.897112 11.897112 11.897112 11.897112 11.897112 11.897112 11.897112 11.897112 11.897112 6.071240 6.071240 3157352.498553 11.897112 88871.572111 9501312065.543158 6.071240 6.071240 11.897112 11.897112 1.000000
11.897112 11.897112 11.897112 11.897112 11.897112 11.897112 11.897112 11.897112 11.897112 11.897112 6.071240 6.071240 3157352.498553 11.897112 88871.572111 9501312065.543158 6.071240 6.071240 11.897112 11.897112 1.000000
11.897112 11.897112 11.897112 11.897112 11.897112 11.897112 11.897112 11.897112 11.897112 11.897112 6.071240 6.071240 3157352.498553 11.897112 88871.572111 9501312065.543158 6.071240 6.071240 11.897112 11.897112 1.000000
11.897112 11.897112 11.897112 11.897112 11.897112 11.897112 11.897112 11.897112 11.897112 11.897112 6.071240 6.071240 3157352.498553 11.897112 88871.572111 9501312065.543158 6.071240 6.071240 11.897112 11.897112 1.000000
11.897112 11.897112 11.897112 11.897112 11.897112 11.897112 11.897112 11.897112 11.897112 11.897112 6.071240 6.071240 3157352.498553 11.897112 88871.572111 9501312065.543158 6.071240 6.071240 11.897112 11.897112 1.000000
11.897112 11.897112 11.897112 11.897112 11.897112 11.897112 11.897112 11.897112 11.897112 11.897112 6.071240 6.071240 3157352.498553 11.897112 88871.572111 9501312065.543158 6.071240 6.071240 11.897112 11.897112 1.000000
11.897112 11.897112 11.897112 11.897112 11.897112 11.897112 11.897112 11.897112 11.897112 11.897112 6.071240 6.071240 3157352.498553 11.897112 88871.572111 9501312065.543158 6.071240 6.071240 11.897112 11.897112 1.000000
11.897112 11.897112 11.897112 11.897112 11.897112 11.897112 11.897112 11.897112 11.897112 11.897112 6.071240 6.071240 3157352.498553 11.897112 88871.572111 9501312065.543158 6.071240 6.071240 11.897112 11.897112 1.000000
11.897112 11.897112 11.897112 11.897112 11.897112 11.897112 11.897112 11.897112 11.897112 11.897112 6.071240 6.071240 3157352.498553 11.897112 88871.572111 9501312065.543158 6.071240 6.071240 11.897112 11.897112 1.000000
11.897112 11.897112 11.897112 11.897112 11.897112 11.897112 11.897112 11.897112 11.897112 11.897112 6.071240 6.071240 3157352.498553 11.897112 88871.572111 9501312065.543158 6.071240 6.071240 11.897112 11.897112 1.000000
11.897112 11.897112 11.897112 11.897112 11.897112 11.897112 11.897112 11.897112 11.897112 11.897112 6.071240 6.071240 3157352.498553 11.897112 88871.572111 9501312065.543158 6.071240 6.071240 11.897112 11.897112 1.000000
11.897112 11.897112 11.897112 11.897112 11.897112 11.897112 11.897112 11.897112 11.897112 11.897112 6.071240 6.071240 3157352.498553 11.897112 88871.572111 9501312065.543158 6.071240 6.071240 11.897112 11.897112 1.000000
11.897112 11.897112 11.897112 11.897112 11.897112 11.897112 11.897112 11.897112 11.897112 11.897112 6.071240 6.071240 3157352.498553 11.897112 88871.572111 9501312065.543158 6.071240 6.071240 11.897112 11.897112 1.000000
11.897112 11.897112 11.897112 11.897112 11.897112 11.897112 11.897112 11.897112 11.897112 11.897112 6.071240 6.071240 3157352.498553 11.897112 88871.572111 9501312065.543158 6.071240 6.071240 11.897112 11.897112 1.000000
11.897112 11.897112 11.897112 11.897112 11.897112 11.897112 11.897112 11.897112 11.897112 11.897112 6.071240 6.071240 3157352.498553 11.897112 88871.572111 9501312065.543158 6.071240 6.071240 11.897112 11.897112 1.000000
11.897112 11.897112 11.897112 11.897112 11.897112 11.897112 11.897112 11.897112 11.897112 11.897112 6.071240 6.071240 3157352.498553 11.897112 88871.572111 9501312065.543158 6.071240 6.071240 11.897112 11.897112 1.000000
11.897112 11.897112 11.897112 11.897112 11.897112 11.897112 11.897112 11.897112 11.897112 11.897112 6.071240 6.071240 3157352.498553 11.897112 88871.572111 9501312065.543158 6.071240 6.071240 11.897112 11.897112 1.000000
11.826172 11.826172 11.826172 11.826172 11.826172 11.826172 11.826172 11.826172 417.148329 11.826172 6.036467 6.036467 3138257.188509 11.826172 28945.313631 87104134.696937 6.036467 6.036467 11.826172 11.826172 1.000000
11.897112 11.897112 11.897112 11.897112 11.897112 11.897112 11.897112 11.897112 11.897112 11.897112 6.071240 6.071240 3157352.498553 11.897112 88871.572111 9501312065.543158 6.071240 6.071240 11.897112 11.897112 1.000000
11.897112 11.897112 11.897112 11.897112 11.897112 11.897112 11.897112 11.897112 11.897112 11.897112 6.071240 6.071240 3157352.498553 11.897112 88871.572111 9501312065.543158 6.071240 6.071240 11.897112 11.897112 1.000000
11.897112 11.897112 11.897112 11.897112 11.897112 11.897112 11.897112 11.897112 11.897112 11.897112 6.071240 6.071240 3157352.498553 11.897112 88871.572111 9501312065.543158 6.071240 6.071240 11.897112 11.897112 1.000000
11.897112 11.897112 11.897112 11.897112 11.897112 11.897112 11.897112 11.897112 11.897112 11.897112 6.071240 6.071240 3157352.498553 11.897112 88871.572111 9501312065.543158 6.071240 6.071240 11.897112 11.897112 1.000000
11.897112 11.897112 11.897112 11.897112 11.897112 11.897112 11.897112 11.897112 11.897112 11.897112 6.071240 6.071240 3157352.498553 11.897112 88871.572111 9501312065.543158 6.071240 6.071240 11.897112 11.897112 1.000000
11.897112 11.897112 11.897112 11.897112 11.897112 11.897112 11.897112 11.897112 11.897112 11.897112 6.071240 6.071240 3157352.498553 11.897112 88871.572111 9501312065.543158 6.071240 6.071240 11.897112 11.897112 1.000000
11.897112 11.897112 11.897112 11.897112 11.897112 11.897112 11.897112 11.897112 11.897112 11.897112 6.071240 6.071240 3157352.498553 11.897112 88871.572111 9501312065.543158 6.071240 6.071240 11.897112 11.897112 1.000000
11.897112 11.897112 11.897112 11.897112 11.897112 11.897112 11.897112 11.897112 11.897112 11.897112 6.071240 6.071240 3157352.498553 11.897112 88871.572111 9501312065.543158 6.071240 6.071240 11.897112 11.897112 1.000000
11.897112 11.897112 11.897112 11.897112 11.897112 11.897112 11.897112 11.897112 11.897112 11.897112 6.071240 6.071240 3157352.498553 11.897112 88871.572111 9501312065.543158 6.071240 6.071240 11.897112 11.897112 1.000000
11.897112 11.897112 11.897112 11.897112 11.897112 11.897112 11.897112 11.897112 11.897112 11.897112 6.071240 6.071240 3157352.498553 11.897112 88871.572111 9501312065.543158 6.071240 6.071240 11.897112 11.897112 1.000000
11.897112 11.897112 11.897112 11.897112 11.897112 11.897112 11.897112 11.897112 11.897112 11.897112 6.071240 6.071240 3157352.498553 11.897112 88871.572111 9501312065.543158 6.071240 6.071240 11.897112 11.897112 1.000000
11.897112 11.897112 11.897112 11.897112 11.897112 11.897112 11.897112 11.897112 11.897112 11.897112 6.071240 6.071240 3157352.498553 11.897112 88871.572111 9501312065.543158 6.071240 6.071240 11.897112 11.897112 1.000000
11.897112 11.897112 11.897112 11.897112 11.897112 11.897112 11.897112 11.897112 11.897112 11.897112 6.071240 6.071240 3157352.498553 11.897112 88871.572111 9501312065.543158 6.071240 6.071240 11.897112 11.897112 1.000000
11.897112 11.897112 11.897112 11.897112 11.897112 11.897112 11.897112 11.897112 11.897112 11.897112 6.071240 6.071240 3157352.498553 11.897112 88871.572111 9501312065.543158 6.071240 6.071240 11.897112 11.897112 1.000000
11.897112 11.897112 11.897112 11.897112 11.897112 11.897112 11.897112 11.897112 11.897112 11.897112 6.071240 6.071240 3157352.498553 11.897112 88871.572111 9501312065.543158 6.071240 6.071240 11.897112 11.897112 1.000000
11.897112 11.897112 11.897112 11.897112 11.897112 11.897112 11.897112 11.897112 11.897112 11.897112 6.071240 6.071240 3157352.498553 11.897112 88871.572111 9501312065.543158 6.071240 6.071240 11.897112 11.897112 1.000000
11.897112 11.897112 11.897112 11.897112 11.897112 11.897112 11.897112 11.897112 11.897112 11.897112 6.071240 6.071240 3157352.498553 11.897112 88871.572111 9501312065.543158 6.071240 6.071240 11.897112 11.897112 1.000000
11.897112 11.897112 11.897112 11.897112 11.897112 11.897112 11.897112 11.897112 11.897112 11.897112 6.071240 6.071240 3157352.498553 11.897112 88871.572111 9501312065.543158 6.071240 6.071240 11.897112 11.897112 1.000000
11.897112 11.897112 11.897112 11.897112 11.897112 11.897112 11.897112 11.897112 11.897112 11.897112 6.071240 6.071240 3157352.498553 11.897112 88871.572111 9501312065.543158 6.071240 6.071240 11.897112 11.897112 1.000000
11.897112 11.897112 11.897112 11.897112 11.897112 11.897112 11.897112 11.897112 11.897112 11.897112 6.071240 6.071240 3157352.498553 11.897112 88871.572111 9501312065.543158 6.071240 6.071240 11.897112 11.897112 1.000000
11.897112 11.897112 11.897112 11.897112 11.897112 11.897112 11.897112 11.897112 11.897112 11.897112 6.071240 6.071240 3157352.498553 11.897112 88871.572111 9501312065.543158 6.071240 6.071240 11.897112 11.897112 1.000000
11.897112 11.897112 11.897112 11.897112 11.897112 11.897112 11.897112 11.897112 11.897112 11.897112 6.071240 6.071240 3157352.498553 11.897112 88871.572111 9501312065.543158 6.071240 6.071240 11.897112 11.897112 1.000000
11.897112 11.897112 11.897112 11.897112 11.897112 11.897112 11.897112 11.897112 11.897112 11.897112 6.071240 6.071240 3157352.498553 11.897112 88871.572111 9501312065.543158 6.071240 6.071240 11.897112 11.897112 1.000000
11.897112 11.897112 11.897112 11.897112 11.897112 11.897112 11.897112 11.897112 11.897112 11.897112 6.071240 6.071240 3157352.498553 11.897112 88871.572111 9501312065.543158 6.071240 6.071240 11.897112 11.897112 1.000000
11.897112 11.897112 11.897112 11.897112 11.897112 11.897112 11.897112 11.897112 11.897112 11.897112 6.071240 6.071240 3157352.498553 11.897112 88871.572111 9501312065.543158 6.071240 6.071240 11.897112 11.897112 1.000000
11.897112 11.897112 11.897112 11.897112 11.897112 11.897112 11.897112 11.897112 11.897112 11.897112 6.071240 6.071240 3157352.498553 11.897112 88871.572111 9501312065.543158 6.071240 6.071240 11.897112 11.897112 1.000000
11.897112 11.897112 11.897112 11.897112 11.897112 11.897112 11.897112 11.897112 11.897112 11.897112 6.071240 6.071240 3157352.498553 11.897112 88871.572111 9501312065.543158 6.071240 6.071240 11.897112 11.897112 1.000000
11.897112 11.897112 11.897112 11.897112 11.897112 11.897112 11.897112 11.897112 11.897112 11.897112 6.071240 6.071240 3157352.498553 11.897112 88871.572111 9501312065.543158 6.071240 6.071240 11.897112 11.897112 1.000000
11.897112 11.897112 11.897112 11.897112 11.897112 11.897112 11.897112 11.897112 11.897112 11.897112 6.071240 6.071240 3157352.498553 11.897112 88871.572111 9501312065.543158 6.071240 6.071240 11.897112 11.897112 1.000000
11.897112 11.897112 11.897112 11.897112 11.897112 11.897112 11.897112 11.897112 11.897112 11.897112 6.071240 6.071240 3157352.498553 11.897112 88871.572111 9501312065.543158 6.071240 6.071240 11.897112 11.897112 1.000000
11.897112 11.897112 11.897112 11.897112 11.897112 11.897112 11.897112 11.897112 11.897112 11.897112 6.071240 6.071240 3157352.498553 11.897112 88871.572111 9501312065.543158 6.071240 6.071240 11.897112 11.897112 1.000000
11.897112 11.897112 11.897112 11.897112 11.897112 11.897112 11.897112 11.897112 11.897112 11.897112 6.071240 6.071240 3157352.498553 11.897112 88871.572111 9501312065.543158 6.071240 6.071240 11.897112 11.897112 1.000000
11.897112 11.897112 11.897112 11.897112 11.897112 11.897112 11.897112 11.897112 11.897112 11.897112 6.071240 6.071240 3157352.498553 11.897112 88871.572111 9501312065.543158 6.071240 6.071240 11.897112 11.897112 1.000000
11.897112 11.897112 11.897112 11.897112 11.897112 11.897112 11.897112 11.897112 11.897112 11.897112 6.071240 6.071240 3157352.498553 11.897112 88871.572111 9501312065.543158 6.071240 6.071240 11.897112 11.897112 1.000000
11.897112 11.897112 11.897112 11.897112 11.897112 11.897112 11.897112 11.897112 11.897112 11.897112 6.071240 6.071240 3157352.498553 11.897112 88871.572111 9501312065.543158 6.071240 6.071240 11.897112 11.897112 1.000000
11.897112 11.897112 11.897112 11.897112 11.897112 11.897112 11.897112 11.897112 11.897112 11.897112 6.071240 6.071240 3157352.498553 11.897112 88871.572111 9501312065.543158 6.071240 6.071240 11.897112 11.897112 1.000000
11.897112 11.897112 11.897112 11.897112 11.897112 11.897112 11.897112 11.897112 11.897112 11.897112 6.071240 6.071240 3157352.498553 11.897112 88871.572111 9501312065.543158 6.071240 6.071240 11.897112 11.897112 1.000000
11.897112 11.897112 11.897112 11.897112 11.897112 11.897112 11.897112 11.897112 11.897112 11.897112 6.071240 6.071240 3157352.498553 11.897112 88871.572111 9501312065.543158 6.071240 6.071240 11.897112 11.897112 1.000000
11.897112 11.897112 11.897112 11.897112 11.897112 11.897112 11.897112 11.897112 11.897112 11.897112 6.071240 6.071240 3157352.498553 11.897112 88871.572111 9501312065.543158 6.071240 6.071240 11.897112 11.897112 1.000000
11.897112 11.897112 11.897112 11.897112 11.897112 11.897112 11.897112 11.897112 11.897112 11.897112 6.071240 6.071240 3157352.498553 11.897112 88871.572111 9501312065.543158 6.071240 6.071240 11.897112 11.897112 1.000000
11.897112 11.897112 11.897112 11.897112 11.897112 11.897112 11.897112 11.897112 11.897112 11.897112 6.071240 6.071240 3157352.498553 11.897112 88871.572111 9501312065.543158 6.071240 6.071240 11.897112 11.897112 1.000000
11.897112 11.897112 11.897112 11.897112 11.897112 11.897112 11.897112 11.897112 11.897112 11.897112 6.071240 6.071240 3157352.498553 11.897112 88871.572111 9501312065.543158 6.071240 6.071240 11.897112 11.897112 1.000000
11.897112 11.897112 11.897112 11.897112 11.897112 11.897112 11.897112 11.897112 11.897112 11.897112 6.071240 6.071240 3157352.498553 11.897112 88871.572111 9501312065.543158 6.071240 6.071240 11.897112 11.897112 1.000000
11.897112 11.897112 11.897112 11.897112 11.897112 11.897112 11.897112 11.897112 11.897112 11.897112 6.071240 6.071240 3157352.498553 11.897112 88871.572111 9501312065.543158 6.071240 6.071240 11.897112 11.897112 1.000000
11.897112 11.897112 11.897112 11.897112 11.897112 11.897112 11.897112 11.897112 11.897112 11.897112 6.071240 6.071240 3157352.498553 11.897112 88871.572111 9501312065.543158 6.071240 6.071240 11.897112 11.897112 1.000000
11.897112 11.897112 11.897112 11.897112 11.897112 11.897112 11.897112 11.897112 11.897112 11.897112 6.071240 6.071240 3157352.498553 11.897112 88871.572111 9501312065.543158 6.071240 6.071240 11.897112 11.897112 1.000000
11.897112 11.897112 11.897112 11.897112 11.897112 11.897112 11.897112 11.897112 11.897112 11.897112 6.071240 6.071240 3157352.498553 11.897112 88871.572111 9501312065.543158 6.071240 6.071240 11.897112 11.897112 1.000000
11.897112 11.897112 11.897112 11.897112 11.897112 11.897112 11.897112 11.897112 11.897112 11.897112 6.071240 6.071240 3157352.498553 11.897112 88871.572111 9501312065.543158 6.071240 6.071240 11.897112 11.897112 1.000000
11.897112 11.897112 11.897112 11.897112 11.897112 11.897112 11.897112 11.897112 11.897112 11.897112 6.071240 6.071240 3157352.498553 11.897112 88871.572111 9501312065.543158 6.071240 6.071240 11.897112 11.897112 1.000000
11.897112 11.897112 11.897112 11.897112 11.897112 11.897112 11.897112 11.897112 11.897112 11.897112 6.071240 6.071240 3157352.498553 11.897112 88871.572111 9501312065.543158 6.071240 6.071240 11.897112 11.897112 1.000000
11.897112 11.897112 11.897112 11.897112 11.897112 11.897112 11.897112 11.897112 11.897112 11.897112 6.071240 6.071240 3157352.498553 11.897112 88871.572111 9501312065.543158 6.071240 6.071240 11.897112 11.897112 1.000000
11.897112 11.897112 11.897112 11.897112 11.897112 11.897112 11.897112 11.897112 11.897112 11.897112 6.071240 6.071240 3157352.498553 11.897112 88871.572111 9501312065.543158 6.071240 6.071240 11.897112 11.897112 1.000000
11.897112 11.897112 11.897112 11.897112 11.897112 11.897112 11.897112 11.897112 11.897112 11.897112 6.071240 6.071240 3157352.498553 11.897112 88871.572111 9501312065.543158 6.071240 6.071240 11.897112 11.897112 1.000000
11.897112 11.897112 11.897112 11.897112 11.897112 11.897112 11.897112 11.897112 11.897112 11.897112 6.071240 6.071240 3157352.498553 11.897112 88871.572111 9501312065.543158 6.071240 6.071240 11.897112 11.897112 1.000000
11.897112 11.897112 11.897112 11.897112 11.897112 11.897112 11.897112 11.897112 11.897112 11.897112 6.071240 6.071240 3157352.498553 11.897112 88871.572111 9501312065.543158 6.071240 6.071240 11.897112 11.897112 1.000000
11.897112 11.897112 11.897112 11.897112 11.897112 11.897112 11.897112 11.897112 11.897112 11.897112 6.071240 6.071240 3157352.498553 11.897112 88871.572111 9501312065.543158 6.071240 6.071240 11.897112 11.897112 1.000000
11.897112 11.897112 11.897112 11.897112 11.897112 11.897112 11.897112 11.897112 11.897112 11.897112 6.071240 6.071240 3157352.498553 11.897112 88871.572111 9501312065.543158 6.071240 6.071240 11.897112 11.897112 1.000000
11.897112 11.897112 11.897112 11.897112 11.897112 11.897112 11.897112 11.897112 11.897112 11.897112 6.071240 6.071240 3157352.498553 11.897112 88871.572111 9501312065.543158 6.071240 6.071240 11.897112 11.897112 1.000000
11.897112 11.897112 11.897112 11.897112 11.897112 11.897112 11.897112 11.897112 11.897112 11.897112 6.071240 6.071240 3157352.498553 11.897112 88871.572111 9501312065.543158 6.071240 6.071240 11.897112 11.897112 1.000000
11.897112 11.897112 11.897112 11.897112 11.897112 11.897112 11.897112 11.897112 11.897112 11.897112 6.071240 6.071240 3157352.498553 11.897112 88871.572111 9501312065.543158 6.071240 6.071240 11.897112 11.897112 1.000000
11.897112 11.897112 11.897112 11.897112 11.897112 11.897112 11.897112 11.897112 11.897112 11.897112 6.071240 6.071240 3157352.498553 11.897112 88871.572111 9501312065.543158 6.071240 6.071240 11.897112 11.897112 1.000000
11.897112 11.897112 11.897112 11.897112 11.897112 11.897112 11.897112 11.897112 11.897112 11.897112 6.071240 6.071240 3157352.498553 11.897112 88871.572111 9501312065.543158 6.071240 6.071240 11.897112 11.897112 1.000000
11.897112 11.897112 11.897112 11.897112 11.897112 11.897112 11.897112 11.897112 11.897112 11.897112 6.071240 6.071240 3157352.498553 11.897112 88871.572111 9501312065.543158 6.071240 6.071240 11.897112 11.897112 1.000000
11.897112 11.897112 11.897112 11.897112 11.897112 11.897112 11.897112 11.897112 11.897112 11.897112 6.071240 6.071240 3157352.498553 11.897112 88871.572111 9501312065.543158 6.071240 6.071240 11.897112 11.897112 1.000000
11.897112 11.897112 11.897112 11.897112 11.897112 11.897112 11.897112 11.897112 11.897112 11.897112 6.071240 6.071240 3157352.498553 11.897112 88871.572111 9501312065.543158 6.071240 6.071240 11.897112 11.897112 1.000000
11.897112 11.897112 11.897112 11.897112 11.897112 11.897112 11.897112 11.897112 11.897112 11.897112 6.071240 6.071240 3157352.498553 11.897112 88871.572111 9501312065.543158 6.071240 6.071240 11.897112 11.897112 1.000000
11.897112 11.897112 11.897112 11.897112 11.897112 11.897112 11.897112 11.897112 11.897112 11.897112 6.071240 6.071240 3157352.498553 11.897112 88871.572111 9501312065.543158 6.071240 6.071240 11.897112 11.897112 1.000000
11.897112 11.897112 11.897112 11.897112 11.897112 11.897112 11.897112 11.897112 11.897112 11.897112 6.071240 6.071240 3157352.498553 11.897112 88871.572111 9501312065.543158 6.071240 6.071240 11.897112 11.897112 1.000000
11.897112 11.897112 11.897112 11.897112 11.897112 11.897112 11.897112 11.897112 11.897112 11.897112 6.071240 6.071240 3157352.498553 11.897112 88871.572111 9501312065.543158 6.071240 6.071240 11.897112 11.897112 1.000000
11.897112 11.897112 11.897112 11.897112 11.897112 11.897112 11.897112 11.897112 11.897112 11.897112 6.071240 6.071240 3157352.498553 11.897112 88871.572111 9501312065.543158 6.071240 6.071240 11.897112 11.897112 1.000000
11.897112 11.897112 11.897112 11.897112 11.897112 11.897112 11.897112 11.897112 11.897112 11.897112 6.071240 6.071240 3157352.498553 11.897112 88871.572111 9501312065.543158 6.071240 6.071240 11.897112 11.897112 1.000000
11.897112 11.897112 11.897112 11.897112 11.897112 11.897112 11.897112 11.897112 11.897112 11.897112 6.071240 6.071240 3157352.498553 11.897112 88871.572111 9501312065.543158 6.071240 6.071240 11.897112 11.897112 1.000000
11.897112 11.897112 11.897112 11.897112 11.897112 11.897112 11.897112 11.897112 11.897112 11.897112 6.071240 6.071240 3157352.498553 11.897112 88871.572111 9501312065.543158 6.071240 6.071240 11.897112 11.897112 1.000000
11.897112 11.897112 11.897112 11.897112 11.897112 11.897112 11.897112 11.897112 11.897112 11.897112 6.071240 6.071240 3157352.498553 11.897112 88871.572111 9501312065.543158 6.071240 6.071240 11.897112 11.897112 1.000000
11.897112 11.897112 11.897112 11.897112 11.897112 11.897112 11.897112 11.897112 11.897112 11.897112 6.071240 6.071240 3157352.498553 11.897112 88871.572111 9501312065.543158 6.071240 6.071240 11.897112 11.897112 1.000000
11.897112 11.897112 11.897112 11.897112 11.897112 11.897112 11.897112 11.897112 11.897112 11.897112 6.071240 6.071240 3157352.498553 11.897112 88871.572111 9501312065.543158 6.071240 6.071240 11.897112 11.897112 1.000000
11.897112 11.897112 11.897112 11.897112 11.897112 11.897112 11.897112 11.897112 11.897112 11.897112 6.071240 6.071240 3157352.498553 11.897112 88871.572111 9501312065.543158 6.071240 6.071240 11.897112 11.897112 1.000000
11.897112 11.897112 11.897112 11.897112 11.897112 11.897112 11.897112 11.897112 11.897112 11.897112 6.071240 6.071240 3157352.498553 11.897112 88871.572111 9501312065.543158 6.071240 6.071240 11.897112 11.897112 1.000000
11.897112 11.897112 11.897112 11.897112 11.897112 11.897112 11.897112 11.897112 11.897112 11.897112 6.071240 6.071240 3157352.498553 11.897112 88871.572111 9501312065.543158 6.071240 6.071240 11.897112 11.897112 1.000000
11.897112 11.897112 11.897112 11.897112 11.897112 11.897112 11.897112 11.897112 11.897112 11.897112 6.071240 6.071240 3157352.498553 11.897112 88871.572111 9501312065.543158 6.071240 6.071240 11.897112 11.897112 1.000000
11.897112 11.897112 11.897112 11.897112 11.897112 11.897112 11.897112 11.897112 11.897112 11.897112 6.071240 6.071240 3157352.498553 11.897112 88871.572111 9501312065.543158 6.071240 6.071240 11.897112 11.897112 1.000000
11.897112 11.897112 11.897112 11.897112 11.897112 11.897112 11.897112 11.897112 11.897112 11.897112 6.071240 6.071240 3157352.498553 11.897112 88871.572111 9501312065.543158 6.071240 6.071240 11.897112 11.897112 1.000000
11.897112 11.897112 11.897112 11.897112 11.897112 11.897112 11.897112 11.897112 11.897112 11.897112 6.071240 6.071240 3157352.498553 11.897112 88871.572111 9501312065.543158 6.071240 6.071240 11.897112 11.897112 1.000000
11.897112 11.897112 11.897112 11.897112 11.897112 11.897112 11.897112 11.897112 11.897112 11.897112 6.071240 6.071240 3157352.498553 11.897112 88871.572111 9501312065.543158 6.071240 6.071240 11.897112 11.897112 1.000000
11.897112 11.897112 11.897112 11.897112 11.897112 11.897112 11.897112 11.897112 11.897112 11.897112 6.071240 6.071240 3157352.498553 11.897112 88871.572111 9501312065.543158 6.071240 6.071240 11.897112 11.897112 1.000000
11.897112 11.897112 11.897112 11.897112 11.897112 11.897112 11.897112 11.897112 11.897112 11.897112 6.071240 6.071240 3157352.498553 11.897112 88871.572111 9501312065.543158 6.071240 6.071240 11.897112 11.897112 1.000000
11.897112 11.897112 11.897112 11.897112 11.897112 11.897112 11.897112 11.897112 11.897112 11.897112 6.071240 6.071240 3157352.498553 11.897112 88871.572111 9501312065.543158 6.071240 6.071240 11.897112 11.897112 1.000000
11.897112 11.897112 11.897112 11.897112 11.897112 11.897112 11.897112 11.897112 11.897112 11.897112 6.071240 6.071240 3157352.498553 11.897112 88871.572111 9501312065.543158 6.071240 6.071240 11.897112 11.897112 1.000000
11.897112 11.897112 11.897112 11.897112 11.897112 11.897112 11.897112 11.897112 11.897112 11.897112 6.071240 6.071240 3157352.498553 11.897112 88871.572111 9501312065.543158 6.071240 6.071240 11.897112 11.897112 1.000000
11.897112 11.897112 11.897112 11.897112 11.897112 11.897112 11.897112 11.897112 11.897112 11.897112 6.071240 6.071240 3157352.498553 11.897112 88871.572111 9501312065.543158 6.071240 6.071240 11.897112 11.897112 1.000000
11.897112 11.897112 11.897112 11.897112 11.897112 11.897112 11.897112 11.897112 11.897112 11.897112 6.071240 6.071240 3157352.498553 11.897112 88871.572111 9501312065.543158 6.071240 6.071240 11.897112 11.897112 1.000000
11.897112 11.897112 11.897112 11.897112 11.897112 11.897112 11.897112 11.897112 11.897112 11.897112 6.071240 6.071240 3157352.498553 11.897112 88871.572111 9501312065.543158 6.071240 6.071240 11.897112 11.897112 1.000000
11.897112 11.897112 11.897112 11.897112 11.897112 11.897112 11.897112 11.897112 11.897112 11.897112 6.071240 6.071240 3157352.498553 11.897112 88871.572111 9501312065.543158 6.071240 6.071240 11.897112 11.897112 1.000000
11.897112 11.897112 11.897112 11.897112 11.897112 11.897112 11.897112 11.897112 11.897112 11.897112 6.071240 6.071240 3157352.498553 11.897112 88871.572111 9501312065.543158 6.071240 6.071240 11.897112 11.897112 1.000000
11.897112 11.897112 11.897112 11.897112 11.897112 11.897112 11.897112 11.897112 11.897112 11.897112 6.071240 6.071240 3157352.498553 11.897112 88871.572111 9501312065.543158 6.071240 6.071240 11.897112 11.897112 1.000000
11.897112 11.897112 11.897112 11.897112 11.897112 11.897112 11.897112 11.897112 11.897112 11.897112 6.071240 6.071240 3157352.498553 11.897112 88871.572111 9501312065.543158 6.071240 6.071240 11.897112 11.897112 1.000000
11.897112 11.897112 11.897112 11.897112 11.897112 11.897112 11.897112 11.897112 11.897112 11.897112 6.071240 6.071240 3157352.498553 11.897112 88871.572111 9501312065.543158 6.071240 6.071240 11.897112 11.897112 1.000000
11.897112 11.897112 11.897112 11.897112 11.897112 11.897112 11.897112 11.897112 11.897112 11.897112 6.071240 6.071240 3157352.498553 11.897112 88871.572111 9501312065.543158 6.071240 6.071240 11.897112 11.897112 1.000000
11.897112 11.897112 11.897112 11.897112 11.897112 11.897112 11.897112 11.897112 11.897112 11.897112 6.071240 6.071240 3157352.498553 11.897112 88871.572111 9501312065.543158 6.071240 6.071240 11.897112 11.897112 1.000000
11.897112 11.897112 11.897112 11.897112 11.897112 11.897112 11.897112 11.897112 11.897112 11.897112 6.071240 6.071240 3157352.498553 11.897112 88871.572111 9501312065.543158 6.071240 6.071240 11.897112 11.897112 1.000000
