0.000000 0.000000 0.000000 0.000000 0.000000 0.000000 0.000000 0.000000 0.000000 0.000000 0.000000 0.000000 0.000000 0.000000 0.000000 0.000000 0.000000 0.000000 0.000000 0.000000 0.000000
0.084171 0.084171 0.084171 0.084171 0.084171 0.084171 0.084171 0.084171 0.000084 0.009102 0.014561 0.028422 0.014219 0.000205 0.022211 0.000001 0.044357 0.035511 0.022211 0.004660 1.000000
0.084177 0.084177 0.084177 0.084177 0.084177 0.084177 0.084177 0.084177 0.000018 0.000977 0.044361 0.018200 0.034683 0.001222 0.034683 0.000002 0.028424 0.028424 0.009102 0.017774 1.000000
0.084181 0.084181 0.084181 0.084181 0.084181 0.084181 0.084181 0.084181 0.000105 0.001222 0.028425 0.035515 0.043327 0.000131 0.011378 0.000004 0.004773 0.055392 0.022214 0.022214 1.000000
0.084193 0.084193 0.084193 0.084193 0.084193 0.084193 0.084193 0.084193 0.000105 0.009104 0.035520 0.022750 0.027764 0.000164 0.009104 0.000001 0.107287 0.018203 0.005827 0.014223 1.000000
0.084712 0.084712 0.084712 0.084712 0.084712 0.084712 0.084712 0.084712 0.000258 0.014312 0.035742 0.069560 0.017888 0.000054 0.022356 0.000006 0.003843 0.001007 0.027937 0.007329 1.000000
0.084198 0.084198 0.084198 0.084198 0.084198 0.084198 0.084198 0.084198 0.000054 0.009105 0.018205 0.107294 0.027766 0.000131 0.022219 0.000002 0.018205 0.055404 0.011380 0.004662 1.000000
0.084171 0.084171 0.084171 0.084171 0.084171 0.084171 0.084171 0.084171 0.000131 0.007281 0.011649 0.028421 0.034680 0.000256 0.034680 0.000004 0.022744 0.009320 0.009101 0.002983 1.000000
0.084172 0.084172 0.084172 0.084172 0.084172 0.084172 0.084172 0.084172 0.000067 0.005825 0.018199 0.055386 0.017773 0.000067 0.027757 0.000007 0.007456 0.011650 0.022212 0.017773 1.000000
0.084182 0.084182 0.084182 0.084182 0.084182 0.084182 0.084182 0.084182 0.000067 0.004661 0.022747 0.044363 0.034685 0.000084 0.017775 0.000001 0.069122 0.018201 0.014221 0.014221 1.000000
0.084174 0.084174 0.084174 0.084174 0.084174 0.084174 0.084174 0.084174 0.000084 0.011377 0.044359 0.018199 0.027758 0.000164 0.011377 0.000001 0.018199 0.055388 0.011377 0.007282 1.000000
0.084183 0.084183 0.084183 0.084183 0.084183 0.084183 0.084183 0.084183 0.000105 0.009103 0.069123 0.035516 0.043328 0.000164 0.001909 0.000002 0.022747 0.018201 0.009103 0.022215 1.000000
0.084187 0.084187 0.084187 0.084187 0.084187 0.084187 0.084187 0.084187 0.000501 0.005826 0.022748 0.044366 0.009103 0.000034 0.009103 0.000001 0.069127 0.069127 0.022216 0.011379 1.000000
0.084209 0.084209 0.084209 0.084209 0.084209 0.084209 0.084209 0.084209 0.000205 0.022222 0.028435 0.035527 0.014226 0.000014 0.017780 0.000003 0.003819 0.133287 0.011382 0.017780 1.000000
0.084167 0.084167 0.084167 0.084167 0.084167 0.084167 0.084167 0.084167 0.000164 0.011376 0.022743 0.044355 0.011376 0.000320 0.007281 0.000004 0.035509 0.028420 0.007281 0.005825 1.000000
0.084165 0.084165 0.084165 0.084165 0.084165 0.084165 0.084165 0.084165 0.000500 0.002982 0.014559 0.028419 0.011375 0.000625 0.034678 0.000012 0.014559 0.000640 0.005825 0.009101 1.000000
0.084175 0.084175 0.084175 0.084175 0.084175 0.084175 0.084175 0.084175 0.000067 0.017773 0.035513 0.055388 0.009102 0.000256 0.011377 0.000002 0.014561 0.035513 0.027758 0.002983 1.000000
0.084174 0.084174 0.084174 0.084174 0.084174 0.084174 0.084174 0.084174 0.000164 0.001527 0.022745 0.055387 0.027757 0.000131 0.009102 0.000005 0.018199 0.035512 0.014220 0.017773 1.000000
0.084177 0.084177 0.084177 0.084177 0.084177 0.084177 0.084177 0.084177 0.000131 0.017774 0.055389 0.055389 0.009102 0.000164 0.009102 0.000002 0.018200 0.028424 0.002983 0.022213 1.000000
0.084175 0.084175 0.084175 0.084175 0.084175 0.084175 0.084175 0.084175 0.000067 0.005826 0.055388 0.028423 0.027758 0.000084 0.011377 0.000002 0.022745 0.035513 0.014220 0.017773 1.000000
0.084213 0.084213 0.084213 0.084213 0.084213 0.084213 0.084213 0.084213 0.000034 0.002984 0.086205 0.069148 0.067542 0.000054 0.022223 0.000002 0.022755 0.028436 0.014227 0.011382 1.000000
0.084179 0.084179 0.084179 0.084179 0.084179 0.084179 0.084179 0.084179 0.000054 0.009102 0.069120 0.035514 0.027759 0.000084 0.009102 0.000002 0.028424 0.022746 0.014221 0.014221 1.000000
0.084181 0.084181 0.084181 0.084181 0.084181 0.084181 0.084181 0.084181 0.000164 0.017774 0.035515 0.022747 0.002386 0.000400 0.009103 0.000001 0.055392 0.069121 0.011378 0.011378 1.000000
0.084168 0.084168 0.084168 0.084168 0.084168 0.084168 0.084168 0.084168 0.000067 0.011376 0.028421 0.028421 0.017772 0.000105 0.011376 0.000002 0.035510 0.028421 0.014219 0.014219 1.000000
0.084166 0.084166 0.084166 0.084166 0.084166 0.084166 0.084166 0.084166 0.000320 0.009101 0.028420 0.009319 0.002982 0.000084 0.022210 0.000005 0.007456 0.028420 0.022210 0.022210 1.000000
0.084186 0.084186 0.084186 0.084186 0.084186 0.084186 0.084186 0.084186 0.000164 0.002983 0.018202 0.014563 0.017776 0.000084 0.027762 0.000001 0.044366 0.069126 0.005826 0.043330 1.000000
0.084270 0.084270 0.084270 0.084270 0.084270 0.084270 0.084270 0.084270 0.000022 0.001529 0.055451 0.107384 0.034722 0.000034 0.034722 0.000000 0.086263 0.133381 0.034722 0.022238 1.000000
0.084291 0.084291 0.084291 0.084291 0.084291 0.084291 0.084291 0.084291 0.000034 0.002390 0.086285 0.107411 0.054173 0.000009 0.084291 0.000001 0.035562 0.086285 0.004667 0.067605 1.000000
0.084201 0.084201 0.084201 0.084201 0.084201 0.084201 0.084201 0.084201 0.000043 0.001222 0.055406 0.028432 0.034693 0.000043 0.054115 0.000006 0.022752 0.003055 0.054115 0.022220 1.000000
0.084196 0.084196 0.084196 0.084196 0.084196 0.084196 0.084196 0.084196 0.000034 0.004662 0.044371 0.055402 0.022218 0.000054 0.027765 0.000000 0.055402 0.069134 0.014224 0.027765 1.000000
0.084212 0.084212 0.084212 0.084212 0.084212 0.084212 0.084212 0.084212 0.000034 0.004663 0.069147 0.069147 0.034698 0.000054 0.022222 0.000001 0.086204 0.044379 0.007285 0.027770 1.000000
0.084266 0.084266 0.084266 0.084266 0.084266 0.084266 0.084266 0.084266 0.000783 0.000131 0.086259 0.028454 0.043371 0.000003 0.027788 0.000000 0.107379 0.055448 0.067585 0.067585 1.000000
0.084229 0.084229 0.084229 0.084229 0.084229 0.084229 0.084229 0.084229 0.000022 0.001223 0.055424 0.107333 0.034705 0.000028 0.034705 0.000001 0.055424 0.035536 0.054133 0.027776 1.000000
0.084351 0.084351 0.084351 0.084351 0.084351 0.084351 0.084351 0.084351 0.084351 0.000007 0.133506 0.107486 0.034756 0.000001 0.043415 0.000000 0.107486 0.086346 0.043415 0.067653 1.000000
0.084278 0.084278 0.084278 0.084278 0.084278 0.084278 0.084278 0.084278 0.000054 0.000979 0.069202 0.133393 0.034725 0.000028 0.017795 0.000000 0.107395 0.069202 0.014238 0.067595 1.000000
0.084262 0.084262 0.084262 0.084262 0.084262 0.084262 0.084262 0.084262 0.084262 0.000626 0.107374 0.055446 0.043369 0.000164 0.034719 0.000000 0.035550 0.069188 0.000004 0.043369 1.000000
0.084274 0.084274 0.084274 0.084274 0.084274 0.084274 0.084274 0.084274 0.000018 0.000401 0.069198 0.044412 0.084274 0.000018 0.067591 0.000002 0.011664 0.055454 0.084274 0.034724 1.000000
0.084236 0.084236 0.084236 0.084236 0.084236 0.084236 0.084236 0.084236 0.000028 0.004664 0.107342 0.069167 0.027778 0.000043 0.022229 0.000001 0.069167 0.035539 0.004664 0.067561 1.000000
0.084276 0.084276 0.084276 0.084276 0.084276 0.084276 0.084276 0.084276 0.000028 0.002389 0.069200 0.044413 0.022239 0.000028 0.084276 0.000000 0.069200 0.133390 0.009113 0.054163 1.000000
0.084238 0.084238 0.084238 0.084238 0.084238 0.084238 0.084238 0.084238 0.000164 0.054138 0.035539 0.107344 0.034709 0.000002 0.034709 0.000005 0.086230 0.002445 0.001910 0.043356 1.000000
0.084247 0.084247 0.084247 0.084247 0.084247 0.084247 0.084247 0.084247 0.000001 0.001911 0.086239 0.069176 0.009110 0.009110 0.022232 0.000000 0.107355 0.086239 0.005831 0.054144 1.000000
0.084289 0.084289 0.084289 0.084289 0.084289 0.084289 0.084289 0.084289 0.000018 0.001912 0.133411 0.107409 0.017798 0.000034 0.034730 0.000000 0.107409 0.086283 0.043383 0.022243 1.000000
0.084244 0.084244 0.084244 0.084244 0.084244 0.084244 0.084244 0.084244 0.000256 0.000783 0.055434 0.055434 0.067567 0.000028 0.011386 0.000000 0.086236 0.107351 0.034711 0.011386 1.000000
0.084240 0.084240 0.084240 0.084240 0.084240 0.084240 0.084240 0.084240 0.000022 0.001223 0.055431 0.044394 0.054140 0.000028 0.034710 0.000005 0.000641 0.086232 0.054140 0.067564 1.000000
0.084216 0.084216 0.084216 0.084216 0.084216 0.084216 0.084216 0.084216 0.000022 0.001910 0.055415 0.069150 0.034699 0.000028 0.067545 0.000003 0.044381 0.011656 0.014227 0.043345 1.000000
0.084240 0.084240 0.084240 0.084240 0.084240 0.084240 0.084240 0.084240 0.000043 0.002388 0.133333 0.069170 0.054139 0.000043 0.034709 0.000006 0.011659 0.000641 0.017787 0.043357 1.000000
0.084248 0.084248 0.084248 0.084248 0.084248 0.084248 0.084248 0.084248 0.000022 0.001911 0.069177 0.086241 0.054145 0.000018 0.043362 0.000000 0.069177 0.055437 0.011387 0.067570 1.000000
0.084316 0.084316 0.084316 0.084316 0.084316 0.084316 0.084316 0.084316 0.084316 0.000007 0.086310 0.133451 0.027805 0.000001 0.084316 0.000001 0.069232 0.011670 0.022250 0.054189 1.000000
0.084249 0.084249 0.084249 0.084249 0.084249 0.084249 0.084249 0.084249 0.000018 0.001911 0.107358 0.086242 0.034713 0.000028 0.034713 0.000000 0.069178 0.086242 0.022232 0.034713 1.000000
0.084221 0.084221 0.084221 0.084221 0.084221 0.084221 0.084221 0.084221 0.000034 0.009107 0.069154 0.055418 0.014228 0.000034 0.022225 0.000000 0.069154 0.086213 0.007286 0.054127 1.000000
0.084240 0.084240 0.084240 0.084240 0.084240 0.084240 0.084240 0.084240 0.000028 0.001528 0.107347 0.107347 0.043358 0.000022 0.027780 0.000005 0.035541 0.003057 0.043358 0.034710 1.000000
0.084425 0.084425 0.084425 0.084425 0.084425 0.084425 0.084425 0.084425 0.000003 0.000784 0.165410 0.165410 0.054260 0.000022 0.054260 0.000000 0.165410 0.055554 0.054260 0.067713 1.000000
0.084381 0.084381 0.084381 0.084381 0.084381 0.084381 0.084381 0.084381 0.000018 0.001531 0.165326 0.086377 0.054231 0.000018 0.067678 0.000000 0.165326 0.086377 0.005840 0.067678 1.000000
0.084302 0.084302 0.084302 0.084302 0.084302 0.084302 0.084302 0.084302 0.000067 0.001530 0.107425 0.133430 0.067614 0.000004 0.084302 0.000006 0.018227 0.000642 0.054180 0.034735 1.000000
0.084403 0.084403 0.084403 0.084403 0.084403 0.084403 0.084403 0.084403 0.084403 0.000007 0.133586 0.133586 0.067695 0.000000 0.067695 0.000002 0.000642 0.165368 0.027834 0.054245 1.000000
0.084369 0.084369 0.084369 0.084369 0.084369 0.084369 0.084369 0.084369 0.000067 0.003737 0.133533 0.133533 0.054223 0.000000 0.067667 0.000000 0.086364 0.086364 0.084369 0.067667 1.000000
0.084396 0.084396 0.084396 0.084396 0.084396 0.084396 0.084396 0.084396 0.000009 0.000502 0.133575 0.165354 0.054241 0.000011 0.084396 0.000000 0.107543 0.107543 0.067689 0.034774 1.000000
0.084359 0.084359 0.084359 0.084359 0.084359 0.084359 0.084359 0.084359 0.084359 0.000401 0.133519 0.107497 0.054217 0.000001 0.034759 0.000000 0.107497 0.086354 0.000502 0.084359 1.000000
0.084346 0.084346 0.084346 0.084346 0.084346 0.084346 0.084346 0.084346 0.000014 0.084346 0.086340 0.107480 0.043413 0.000004 0.054208 0.000007 0.165260 0.000055 0.007297 0.067649 1.000000
0.084381 0.084381 0.084381 0.084381 0.084381 0.084381 0.084381 0.084381 0.084381 0.000009 0.133553 0.107525 0.034768 0.000001 0.043431 0.000000 0.107525 0.165327 0.027827 0.043431 1.000000
0.084337 0.084337 0.084337 0.084337 0.084337 0.084337 0.084337 0.084337 0.000011 0.000783 0.133484 0.133484 0.043408 0.000014 0.067642 0.000000 0.086331 0.107469 0.054203 0.034750 1.000000
0.083965 0.083965 0.083965 0.083965 0.083965 0.083965 0.083965 0.083965 0.000009 0.000319 0.164543 0.164543 0.083965 0.000007 0.053961 0.000000 0.132907 0.164543 0.083965 0.067342 1.000000
0.084406 0.084406 0.084406 0.084406 0.084406 0.084406 0.084406 0.084406 0.000009 0.000627 0.133591 0.165373 0.084406 0.000007 0.043444 0.000000 0.107556 0.107556 0.043444 0.084406 1.000000
0.084391 0.084391 0.084391 0.084391 0.084391 0.084391 0.084391 0.084391 0.000009 0.000401 0.107537 0.133568 0.067685 0.000007 0.054237 0.000000 0.086386 0.133568 0.084391 0.084391 1.000000
0.084422 0.084422 0.084422 0.084422 0.084422 0.084422 0.084422 0.084422 0.084422 0.084422 0.055552 0.165403 0.084422 0.000000 0.054257 0.000000 0.133615 0.069320 0.000502 0.067710 1.000000
0.084404 0.084404 0.084404 0.084404 0.084404 0.084404 0.084404 0.084404 0.000011 0.000401 0.107553 0.107553 0.084404 0.000009 0.067696 0.000000 0.165369 0.107553 0.084404 0.043443 1.000000
0.084366 0.084366 0.084366 0.084366 0.084366 0.084366 0.084366 0.084366 0.084366 0.000006 0.165298 0.069274 0.054221 0.000000 0.054221 0.000000 0.107505 0.011677 0.084366 0.043423 1.000000
0.084254 0.084254 0.084254 0.084254 0.084254 0.084254 0.084254 0.084254 0.000164 0.001529 0.086246 0.133356 0.043365 0.000009 0.043365 0.000007 0.018217 0.000168 0.034715 0.054149 1.000000
0.084317 0.084317 0.084317 0.084317 0.084317 0.084317 0.084317 0.084317 0.084317 0.000011 0.133453 0.055482 0.084317 0.000001 0.034741 0.000000 0.069233 0.069233 0.014244 0.054190 1.000000
0.084851 0.084851 0.084851 0.084851 0.084851 0.084851 0.084851 0.084851 0.000011 0.000505 0.069674 0.134280 0.068056 0.000007 0.068056 0.000002 0.044719 0.011745 0.068056 0.084851 1.000000
0.084366 0.084366 0.084366 0.084366 0.084366 0.084366 0.084366 0.084366 0.034762 0.000784 0.133530 0.107506 0.054222 0.000000 0.067666 0.000001 0.009342 0.133530 0.084366 0.067666 1.000000
0.084403 0.084403 0.084403 0.084403 0.084403 0.084403 0.084403 0.084403 0.000018 0.002393 0.069304 0.165367 0.043442 0.000004 0.054245 0.000000 0.133586 0.165367 0.027834 0.084403 1.000000
0.084315 0.084315 0.084315 0.084315 0.084315 0.084315 0.084315 0.084315 0.000028 0.001224 0.107441 0.055481 0.054188 0.000022 0.067624 0.000007 0.000055 0.165202 0.054188 0.043396 1.000000
0.084365 0.084365 0.084365 0.084365 0.084365 0.084365 0.084365 0.084365 0.000028 0.001225 0.069274 0.165297 0.067665 0.000014 0.067665 0.000007 0.165297 0.000044 0.054221 0.043423 1.000000
0.084304 0.084304 0.084304 0.084304 0.084304 0.084304 0.084304 0.084304 0.000205 0.000783 0.133433 0.133433 0.054181 0.000005 0.034736 0.000007 0.014584 0.000328 0.043391 0.084304 1.000000
0.084377 0.084377 0.084377 0.084377 0.084377 0.084377 0.084377 0.084377 0.000005 0.084377 0.165318 0.086372 0.067674 0.000002 0.054228 0.000000 0.086372 0.107519 0.004672 0.067674 1.000000
0.084480 0.084480 0.084480 0.084480 0.084480 0.084480 0.084480 0.084480 0.000002 0.084480 0.165513 0.133706 0.067757 0.000000 0.043482 0.000000 0.165513 0.107650 0.084480 0.067757 1.000000
0.084019 0.084019 0.084019 0.084019 0.084019 0.084019 0.084019 0.084019 0.084019 0.000003 0.164644 0.164644 0.084019 0.000000 0.084019 0.000000 0.132991 0.164644 0.067385 0.084019 1.000000
0.083983 0.083983 0.083983 0.083983 0.083983 0.083983 0.083983 0.083983 0.000009 0.000399 0.164578 0.164578 0.067357 0.000006 0.083983 0.000000 0.164578 0.164578 0.067357 0.067357 1.000000
0.084326 0.084326 0.084326 0.084326 0.084326 0.084326 0.084326 0.084326 0.000043 0.001912 0.133467 0.133467 0.054195 0.000002 0.067633 0.000006 0.022786 0.000642 0.084326 0.054195 1.000000
0.084401 0.084401 0.084401 0.084401 0.084401 0.084401 0.084401 0.084401 0.000014 0.000206 0.107549 0.133583 0.054244 0.000009 0.084401 0.000000 0.107549 0.133583 0.067693 0.084401 1.000000
0.083960 0.083960 0.083960 0.083960 0.083960 0.083960 0.083960 0.083960 0.083960 0.000164 0.164534 0.132900 0.067338 0.000000 0.083960 0.000000 0.132900 0.132900 0.083960 0.067338 1.000000
0.084011 0.084011 0.084011 0.084011 0.084011 0.084011 0.084011 0.084011 0.084011 0.000034 0.164630 0.164630 0.084011 0.000000 0.084011 0.000000 0.164630 0.132979 0.053991 0.084011 1.000000
0.084435 0.084435 0.084435 0.084435 0.084435 0.084435 0.084435 0.084435 0.084435 0.000004 0.133636 0.133636 0.067721 0.000000 0.067721 0.000000 0.044498 0.133636 0.084435 0.084435 1.000000
0.084382 0.084382 0.084382 0.084382 0.084382 0.084382 0.084382 0.084382 0.000022 0.000980 0.133554 0.133554 0.067678 0.000011 0.067678 0.000007 0.165328 0.000069 0.043431 0.067678 1.000000
0.084475 0.084475 0.084475 0.084475 0.084475 0.084475 0.084475 0.084475 0.084475 0.002395 0.133698 0.133698 0.084475 0.000000 0.067753 0.000000 0.165504 0.133698 0.000981 0.084475 1.000000
0.084019 0.084019 0.084019 0.084019 0.084019 0.084019 0.084019 0.084019 0.000022 0.084019 0.164644 0.164644 0.084019 0.000000 0.084019 0.000000 0.132991 0.164644 0.084019 0.067385 1.000000
0.084434 0.084434 0.084434 0.084434 0.084434 0.084434 0.084434 0.084434 0.084434 0.000054 0.133634 0.133634 0.067720 0.000000 0.054265 0.000006 0.165425 0.000023 0.067720 0.084434 1.000000
0.083963 0.083963 0.083963 0.083963 0.083963 0.083963 0.083963 0.083963 0.083963 0.000499 0.132904 0.085949 0.053960 0.000000 0.083963 0.000000 0.164539 0.164539 0.083963 0.083963 1.000000
0.084391 0.084391 0.084391 0.084391 0.084391 0.084391 0.084391 0.084391 0.000000 0.014257 0.086386 0.107537 0.054237 0.084391 0.043436 0.000000 0.165345 0.133568 0.014257 0.067685 1.000000
0.083974 0.083974 0.083974 0.083974 0.083974 0.083974 0.083974 0.083974 0.000022 0.000975 0.164560 0.132921 0.083974 0.000001 0.083974 0.000000 0.132921 0.164560 0.083974 0.083974 1.000000
0.084429 0.084429 0.084429 0.084429 0.084429 0.084429 0.084429 0.084429 0.084429 0.000502 0.107585 0.133627 0.043456 0.000000 0.054262 0.000000 0.165416 0.133627 0.022280 0.084429 1.000000
0.083975 0.083975 0.083975 0.083975 0.083975 0.083975 0.083975 0.083975 0.083975 0.000004 0.164563 0.132924 0.053968 0.000000 0.083975 0.000000 0.132924 0.164563 0.083975 0.067351 1.000000
0.084475 0.084475 0.084475 0.084475 0.084475 0.084475 0.084475 0.084475 0.000009 0.000402 0.133698 0.133698 0.084475 0.000005 0.084475 0.000000 0.165504 0.133698 0.067753 0.084475 1.000000
0.084485 0.084485 0.084485 0.084485 0.084485 0.084485 0.084485 0.084485 0.084485 0.000005 0.165522 0.165522 0.067761 0.000000 0.067761 0.000000 0.107656 0.133714 0.054299 0.084485 1.000000
0.084435 0.084435 0.084435 0.084435 0.084435 0.084435 0.084435 0.084435 0.000105 0.084435 0.133636 0.165427 0.067721 0.000000 0.084435 0.000000 0.133636 0.069331 0.027845 0.067721 1.000000
0.084486 0.084486 0.084486 0.084486 0.084486 0.084486 0.084486 0.084486 0.000007 0.000502 0.165525 0.165525 0.067762 0.000005 0.084486 0.000000 0.133716 0.133716 0.084486 0.067762 1.000000
0.084433 0.084433 0.084433 0.084433 0.084433 0.084433 0.084433 0.084433 0.084433 0.000006 0.133633 0.133633 0.067720 0.000000 0.067720 0.000000 0.133633 0.133633 0.054265 0.054265 1.000000
0.084011 0.084011 0.084011 0.084011 0.084011 0.084011 0.084011 0.084011 0.084011 0.000018 0.164630 0.132979 0.084011 0.000000 0.084011 0.000000 0.164630 0.164630 0.084011 0.053991 1.000000
0.084951 0.084951 0.084951 0.084951 0.084951 0.084951 0.084951 0.084951 0.000018 0.084951 0.166399 0.134436 0.084951 0.000000 0.068137 0.000006 0.028689 0.001263 0.084951 0.068137 1.000000
0.083964 0.083964 0.083964 0.083964 0.083964 0.083964 0.083964 0.083964 0.083964 0.000004 0.164542 0.164542 0.067341 0.000000 0.067341 0.000000 0.014524 0.164542 0.083964 0.083964 1.000000
0.084006 0.084006 0.084006 0.084006 0.084006 0.084006 0.084006 0.084006 0.084006 0.084006 0.164622 0.107052 0.084006 0.000000 0.084006 0.000000 0.132972 0.164622 0.053988 0.084006 1.000000
0.083998 0.083998 0.083998 0.083998 0.083998 0.083998 0.083998 0.083998 0.083998 0.083998 0.164605 0.164605 0.067368 0.000000 0.083998 0.000001 0.000035 0.164605 0.067368 0.083998 1.000000
0.084019 0.084019 0.084019 0.084019 0.084019 0.084019 0.084019 0.084019 0.084019 0.000003 0.164644 0.164644 0.084019 0.000000 0.084019 0.000000 0.132991 0.164644 0.084019 0.067385 1.000000
0.083971 0.083971 0.083971 0.083971 0.083971 0.083971 0.083971 0.083971 0.083971 0.000000 0.132917 0.164555 0.083971 0.000002 0.067347 0.000000 0.164555 0.132917 0.067347 0.067347 1.000000
0.083961 0.083961 0.083961 0.083961 0.083961 0.083961 0.083961 0.083961 0.000131 0.000000 0.132902 0.164537 0.083961 0.000319 0.083961 0.000000 0.132902 0.164537 0.067339 0.083961 1.000000
0.083959 0.083959 0.083959 0.083959 0.083959 0.083959 0.083959 0.083959 0.083959 0.083959 0.164533 0.106992 0.067338 0.000000 0.083959 0.000000 0.164533 0.003808 0.083959 0.067338 1.000000
0.084044 0.084044 0.084044 0.084044 0.084044 0.084044 0.084044 0.084044 0.084044 0.084044 0.164692 0.164692 0.067406 0.000000 0.067406 0.000000 0.164692 0.164692 0.084044 0.054013 1.000000
0.084007 0.084007 0.084007 0.084007 0.084007 0.084007 0.084007 0.084007 0.084007 0.084007 0.164622 0.132972 0.067376 0.000000 0.067376 0.000000 0.164622 0.164622 0.004651 0.084007 1.000000
0.083984 0.083984 0.083984 0.083984 0.083984 0.083984 0.083984 0.083984 0.083984 0.083984 0.164578 0.132937 0.067357 0.000000 0.083984 0.000000 0.164578 0.132937 0.007265 0.067357 1.000000
0.084006 0.084006 0.084006 0.084006 0.084006 0.084006 0.084006 0.084006 0.084006 0.000624 0.164621 0.132972 0.084006 0.000000 0.084006 0.000000 0.164621 0.164621 0.067376 0.067376 1.000000
0.083995 0.083995 0.083995 0.083995 0.083995 0.083995 0.083995 0.083995 0.083995 0.000624 0.164601 0.132955 0.083995 0.000000 0.067367 0.000000 0.164601 0.132955 0.083995 0.083995 1.000000
0.084056 0.084056 0.084056 0.084056 0.084056 0.084056 0.084056 0.084056 0.084056 0.084056 0.164715 0.164715 0.084056 0.000000 0.067415 0.000000 0.164715 0.164715 0.054020 0.084056 1.000000
0.083980 0.083980 0.083980 0.083980 0.083980 0.083980 0.083980 0.083980 0.083980 0.000027 0.132932 0.164572 0.083980 0.000000 0.083980 0.000000 0.107018 0.164572 0.067354 0.083980 1.000000
0.084011 0.084011 0.084011 0.084011 0.084011 0.084011 0.084011 0.084011 0.000000 0.084011 0.164630 0.164630 0.053991 0.000000 0.084011 0.000000 0.132979 0.164630 0.084011 0.084011 1.000000
0.083984 0.083984 0.083984 0.083984 0.083984 0.083984 0.083984 0.083984 0.000054 0.004650 0.164578 0.164578 0.067357 0.000000 0.083984 0.000000 0.164578 0.164578 0.067357 0.067357 1.000000
0.084031 0.084031 0.084031 0.084031 0.084031 0.084031 0.084031 0.084031 0.084031 0.000400 0.164667 0.164667 0.084031 0.000000 0.084031 0.000000 0.164667 0.133010 0.084031 0.084031 1.000000
0.084042 0.084042 0.084042 0.084042 0.084042 0.084042 0.084042 0.084042 0.084042 0.000004 0.164688 0.164688 0.084042 0.000000 0.084042 0.000000 0.164688 0.164688 0.084042 0.067404 1.000000
0.083997 0.083997 0.083997 0.083997 0.083997 0.083997 0.083997 0.083997 0.000007 0.000399 0.164603 0.164603 0.083997 0.000004 0.083997 0.000000 0.164603 0.132957 0.083997 0.083997 1.000000
0.084492 0.084492 0.084492 0.084492 0.084492 0.084492 0.084492 0.084492 0.011420 0.000022 0.165535 0.165535 0.084492 0.000000 0.084492 0.000007 0.165535 0.000044 0.084492 0.084492 1.000000
0.084006 0.084006 0.084006 0.084006 0.084006 0.084006 0.084006 0.084006 0.084006 0.000624 0.164621 0.164621 0.084006 0.000000 0.067376 0.000000 0.164621 0.132972 0.084006 0.067376 1.000000
0.084446 0.084446 0.084446 0.084446 0.084446 0.084446 0.084446 0.084446 0.084446 0.000206 0.133653 0.165449 0.054273 0.000000 0.067730 0.000004 0.000055 0.133653 0.084446 0.084446 1.000000
0.084042 0.084042 0.084042 0.084042 0.084042 0.084042 0.084042 0.084042 0.000000 0.084042 0.164688 0.164688 0.067404 0.000000 0.084042 0.000000 0.164688 0.164688 0.084042 0.084042 1.000000
0.084041 0.084041 0.084041 0.084041 0.084041 0.084041 0.084041 0.084041 0.084041 0.084041 0.164686 0.164686 0.067403 0.000000 0.084041 0.000000 0.164686 0.133025 0.084041 0.067403 1.000000
0.083986 0.083986 0.083986 0.083986 0.083986 0.083986 0.083986 0.083986 0.000003 0.083986 0.132941 0.164583 0.067359 0.000000 0.083986 0.000000 0.164583 0.164583 0.017733 0.083986 1.000000
0.084475 0.084475 0.084475 0.084475 0.084475 0.084475 0.084475 0.084475 0.000002 0.005847 0.133699 0.165504 0.084475 0.000002 0.084475 0.000000 0.107644 0.165504 0.084475 0.054292 1.000000
0.084054 0.084054 0.084054 0.084054 0.084054 0.084054 0.084054 0.084054 0.084054 0.000011 0.164711 0.164711 0.084054 0.000000 0.084054 0.000000 0.164711 0.164711 0.084054 0.084054 1.000000
0.084019 0.084019 0.084019 0.084019 0.084019 0.084019 0.084019 0.084019 0.084019 0.000499 0.164644 0.132991 0.084019 0.000000 0.084019 0.000000 0.164644 0.164644 0.084019 0.067385 1.000000
0.084065 0.084065 0.084065 0.084065 0.084065 0.084065 0.084065 0.084065 0.084065 0.084065 0.164732 0.133063 0.084065 0.000000 0.084065 0.000000 0.164732 0.164732 0.084065 0.084065 1.000000
0.084581 0.084581 0.084581 0.084581 0.084581 0.084581 0.084581 0.084581 0.005854 0.084581 0.165702 0.165702 0.084581 0.000000 0.067838 0.000000 0.165702 0.165702 0.084581 0.084581 1.000000
0.083964 0.083964 0.083964 0.083964 0.083964 0.083964 0.083964 0.083964 0.083964 0.083964 0.132906 0.132906 0.083964 0.000000 0.083964 0.000000 0.132906 0.132906 0.022156 0.083964 1.000000
0.083965 0.083965 0.083965 0.083965 0.083965 0.083965 0.083965 0.083965 0.083965 0.000780 0.164543 0.132908 0.083965 0.000000 0.083965 0.000005 0.000044 0.164543 0.083965 0.083965 1.000000
0.084065 0.084065 0.084065 0.084065 0.084065 0.084065 0.084065 0.084065 0.084065 0.084065 0.164732 0.133063 0.084065 0.000000 0.084065 0.000000 0.164732 0.164732 0.084065 0.084065 1.000000
0.084458 0.084458 0.084458 0.084458 0.084458 0.084458 0.084458 0.084458 0.000067 0.001226 0.165472 0.165472 0.067740 0.000002 0.054281 0.000006 0.000055 0.165472 0.084458 0.084458 1.000000
0.084017 0.084017 0.084017 0.084017 0.084017 0.084017 0.084017 0.084017 0.084017 0.084017 0.164642 0.107065 0.084017 0.000000 0.067384 0.000000 0.164642 0.164642 0.084017 0.053996 1.000000
0.083987 0.083987 0.083987 0.083987 0.083987 0.083987 0.083987 0.083987 0.083987 0.083987 0.164584 0.164584 0.083987 0.000000 0.083987 0.000001 0.000035 0.132941 0.067360 0.083987 1.000000
0.084042 0.084042 0.084042 0.084042 0.084042 0.084042 0.084042 0.084042 0.084042 0.000000 0.164688 0.164688 0.084042 0.000001 0.067404 0.000000 0.164688 0.164688 0.084042 0.084042 1.000000
0.084008 0.084008 0.084008 0.084008 0.084008 0.084008 0.084008 0.084008 0.000256 0.084008 0.132974 0.164624 0.084008 0.000000 0.084008 0.000000 0.132974 0.164624 0.084008 0.084008 1.000000
0.084042 0.084042 0.084042 0.084042 0.084042 0.084042 0.084042 0.084042 0.084042 0.000004 0.164688 0.164688 0.084042 0.000000 0.067404 0.000000 0.164688 0.164688 0.084042 0.084042 1.000000
0.084054 0.084054 0.084054 0.084054 0.084054 0.084054 0.084054 0.084054 0.000000 0.084054 0.164711 0.164711 0.084054 0.000000 0.084054 0.000000 0.164711 0.164711 0.084054 0.084054 1.000000
0.084042 0.084042 0.084042 0.084042 0.084042 0.084042 0.084042 0.084042 0.000000 0.084042 0.164688 0.164688 0.067404 0.000000 0.084042 0.000000 0.164688 0.164688 0.084042 0.084042 1.000000
0.084076 0.084076 0.084076 0.084076 0.084076 0.084076 0.084076 0.084076 0.084076 0.084076 0.164752 0.164752 0.084076 0.000000 0.084076 0.000000 0.164752 0.164752 0.084076 0.067432 1.000000
0.084459 0.084459 0.084459 0.084459 0.084459 0.084459 0.084459 0.084459 0.084459 0.084459 0.133674 0.165474 0.067741 0.000000 0.084459 0.000001 0.028520 0.000211 0.084459 0.084459 1.000000
0.083964 0.083964 0.083964 0.083964 0.083964 0.083964 0.083964 0.083964 0.083964 0.000011 0.164541 0.164541 0.067341 0.000000 0.067341 0.000004 0.164541 0.000044 0.083964 0.083964 1.000000
0.084477 0.084477 0.084477 0.084477 0.084477 0.084477 0.084477 0.084477 0.000028 0.084477 0.133702 0.165508 0.084477 0.000000 0.067755 0.000007 0.165508 0.000035 0.067755 0.084477 1.000000
0.084022 0.084022 0.084022 0.084022 0.084022 0.084022 0.084022 0.084022 0.084022 0.084022 0.164651 0.164651 0.084022 0.000000 0.084022 0.000000 0.164651 0.000044 0.084022 0.084022 1.000000
0.083999 0.083999 0.083999 0.083999 0.083999 0.083999 0.083999 0.083999 0.083999 0.083999 0.132960 0.164607 0.083999 0.000000 0.083999 0.000001 0.000044 0.164607 0.083999 0.083999 1.000000
0.084016 0.084016 0.084016 0.084016 0.084016 0.084016 0.084016 0.084016 0.084016 0.000004 0.164639 0.164639 0.084016 0.000000 0.084016 0.000000 0.107063 0.164639 0.084016 0.084016 1.000000
0.084065 0.084065 0.084065 0.084065 0.084065 0.084065 0.084065 0.084065 0.084065 0.084065 0.164732 0.133063 0.084065 0.000000 0.084065 0.000000 0.164732 0.164732 0.084065 0.084065 1.000000
0.084479 0.084479 0.084479 0.084479 0.084479 0.084479 0.084479 0.084479 0.000035 0.084479 0.133704 0.165510 0.084479 0.000000 0.084479 0.000006 0.000035 0.133704 0.084479 0.084479 1.000000
0.083967 0.083967 0.083967 0.083967 0.083967 0.083967 0.083967 0.083967 0.083967 0.083967 0.132910 0.164547 0.083967 0.000000 0.067343 0.000001 0.164547 0.000044 0.083967 0.053963 1.000000
0.084076 0.084076 0.084076 0.084076 0.084076 0.084076 0.084076 0.084076 0.084076 0.084076 0.164752 0.164752 0.084076 0.000000 0.084076 0.000000 0.164752 0.164752 0.084076 0.067432 1.000000
0.084065 0.084065 0.084065 0.084065 0.084065 0.084065 0.084065 0.084065 0.084065 0.084065 0.133063 0.164732 0.084065 0.000000 0.084065 0.000000 0.164732 0.164732 0.084065 0.084065 1.000000
0.084042 0.084042 0.084042 0.084042 0.084042 0.084042 0.084042 0.084042 0.084042 0.084042 0.133027 0.133027 0.084042 0.000000 0.084042 0.000000 0.164688 0.164688 0.084042 0.084042 1.000000
0.084076 0.084076 0.084076 0.084076 0.084076 0.084076 0.084076 0.084076 0.084076 0.084076 0.164752 0.164752 0.067432 0.000000 0.084076 0.000000 0.164752 0.164752 0.084076 0.084076 1.000000
0.084022 0.084022 0.084022 0.084022 0.084022 0.084022 0.084022 0.084022 0.084022 0.084022 0.164651 0.164651 0.084022 0.000000 0.084022 0.000001 0.000035 0.164651 0.084022 0.084022 1.000000
0.084019 0.084019 0.084019 0.084019 0.084019 0.084019 0.084019 0.084019 0.000002 0.084019 0.164644 0.132991 0.084019 0.000000 0.067385 0.000000 0.164644 0.164644 0.084019 0.084019 1.000000
0.084065 0.084065 0.084065 0.084065 0.084065 0.084065 0.084065 0.084065 0.084065 0.084065 0.164732 0.133063 0.084065 0.000000 0.084065 0.000000 0.164732 0.164732 0.084065 0.084065 1.000000
0.084054 0.084054 0.084054 0.084054 0.084054 0.084054 0.084054 0.084054 0.000001 0.084054 0.164711 0.164711 0.084054 0.000000 0.084054 0.000000 0.164711 0.164711 0.084054 0.084054 1.000000
0.084065 0.084065 0.084065 0.084065 0.084065 0.084065 0.084065 0.084065 0.084065 0.084065 0.164732 0.133063 0.084065 0.000000 0.084065 0.000000 0.164732 0.164732 0.084065 0.084065 1.000000
0.084076 0.084076 0.084076 0.084076 0.084076 0.084076 0.084076 0.084076 0.067432 0.084076 0.164752 0.164752 0.084076 0.000000 0.084076 0.000000 0.164752 0.164752 0.084076 0.084076 1.000000
0.084088 0.084088 0.084088 0.084088 0.084088 0.084088 0.084088 0.084088 0.084088 0.084088 0.164775 0.164775 0.084088 0.000000 0.084088 0.000000 0.164775 0.164775 0.084088 0.084088 1.000000
0.084088 0.084088 0.084088 0.084088 0.084088 0.084088 0.084088 0.084088 0.084088 0.084088 0.164775 0.164775 0.084088 0.000000 0.084088 0.000000 0.164775 0.164775 0.084088 0.084088 1.000000
0.084054 0.084054 0.084054 0.084054 0.084054 0.084054 0.084054 0.084054 0.084054 0.000004 0.164711 0.164711 0.084054 0.000000 0.084054 0.000000 0.164711 0.164711 0.084054 0.084054 1.000000
0.084088 0.084088 0.084088 0.084088 0.084088 0.084088 0.084088 0.084088 0.084088 0.084088 0.164775 0.164775 0.084088 0.000000 0.084088 0.000000 0.164775 0.164775 0.084088 0.084088 1.000000
0.084030 0.084030 0.084030 0.084030 0.084030 0.084030 0.084030 0.084030 0.084030 0.084030 0.133008 0.164665 0.067394 0.000000 0.084030 0.000000 0.133008 0.164665 0.084030 0.084030 1.000000
0.084088 0.084088 0.084088 0.084088 0.084088 0.084088 0.084088 0.084088 0.084088 0.084088 0.164775 0.164775 0.084088 0.000000 0.084088 0.000000 0.164775 0.164775 0.084088 0.084088 1.000000
0.084054 0.084054 0.084054 0.084054 0.084054 0.084054 0.084054 0.084054 0.000000 0.084054 0.164711 0.164711 0.084054 0.000000 0.084054 0.000000 0.164711 0.164711 0.084054 0.084054 1.000000
0.084569 0.084569 0.084569 0.084569 0.084569 0.084569 0.084569 0.084569 0.005853 0.084569 0.165681 0.165681 0.084569 0.000000 0.084569 0.000000 0.133844 0.165681 0.084569 0.084569 1.000000
0.084088 0.084088 0.084088 0.084088 0.084088 0.084088 0.084088 0.084088 0.084088 0.084088 0.164775 0.164775 0.084088 0.000000 0.084088 0.000000 0.164775 0.164775 0.084088 0.084088 1.000000
0.084088 0.084088 0.084088 0.084088 0.084088 0.084088 0.084088 0.084088 0.084088 0.084088 0.164775 0.164775 0.084088 0.000000 0.084088 0.000000 0.164775 0.164775 0.084088 0.084088 1.000000
0.084045 0.084045 0.084045 0.084045 0.084045 0.084045 0.084045 0.084045 0.084045 0.084045 0.164694 0.164694 0.084045 0.000000 0.084045 0.000000 0.133032 0.164694 0.054013 0.084045 1.000000
0.084042 0.084042 0.084042 0.084042 0.084042 0.084042 0.084042 0.084042 0.084042 0.084042 0.164688 0.164688 0.084042 0.000000 0.084042 0.000000 0.133027 0.133027 0.084042 0.084042 1.000000
0.084054 0.084054 0.084054 0.084054 0.084054 0.084054 0.084054 0.084054 0.000000 0.084054 0.164711 0.164711 0.084054 0.000000 0.084054 0.000000 0.164711 0.164711 0.084054 0.084054 1.000000
0.084088 0.084088 0.084088 0.084088 0.084088 0.084088 0.084088 0.084088 0.084088 0.084088 0.164775 0.164775 0.084088 0.000000 0.084088 0.000000 0.164775 0.164775 0.084088 0.084088 1.000000
0.084042 0.084042 0.084042 0.084042 0.084042 0.084042 0.084042 0.084042 0.084042 0.084042 0.164688 0.164688 0.084042 0.000011 0.067404 0.000000 0.164688 0.164688 0.000000 0.084042 1.000000
0.084076 0.084076 0.084076 0.084076 0.084076 0.084076 0.084076 0.084076 0.084076 0.084076 0.164752 0.164752 0.084076 0.000000 0.084076 0.000000 0.164752 0.164752 0.084076 0.067432 1.000000
0.084586 0.084586 0.084586 0.084586 0.084586 0.084586 0.084586 0.084586 0.084586 0.034854 0.165713 0.165713 0.084586 0.000000 0.084586 0.000000 0.165713 0.165713 0.084586 0.067843 1.000000
0.084088 0.084088 0.084088 0.084088 0.084088 0.084088 0.084088 0.084088 0.084088 0.084088 0.164775 0.164775 0.084088 0.000000 0.084088 0.000000 0.164775 0.164775 0.084088 0.084088 1.000000
0.084088 0.084088 0.084088 0.084088 0.084088 0.084088 0.084088 0.084088 0.084088 0.084088 0.164775 0.164775 0.084088 0.000000 0.084088 0.000000 0.164775 0.164775 0.084088 0.084088 1.000000
0.084088 0.084088 0.084088 0.084088 0.084088 0.084088 0.084088 0.084088 0.084088 0.084088 0.164775 0.164775 0.084088 0.000000 0.084088 0.000000 0.164775 0.164775 0.084088 0.084088 1.000000
0.084065 0.084065 0.084065 0.084065 0.084065 0.084065 0.084065 0.084065 0.084065 0.084065 0.164732 0.164732 0.084065 0.000000 0.084065 0.000000 0.164732 0.133063 0.084065 0.084065 1.000000
0.084065 0.084065 0.084065 0.084065 0.084065 0.084065 0.084065 0.084065 0.084065 0.084065 0.164732 0.133063 0.084065 0.000000 0.084065 0.000000 0.164732 0.164732 0.084065 0.084065 1.000000
0.084088 0.084088 0.084088 0.084088 0.084088 0.084088 0.084088 0.084088 0.084088 0.084088 0.164775 0.164775 0.084088 0.000000 0.084088 0.000000 0.164775 0.164775 0.084088 0.084088 1.000000
0.084088 0.084088 0.084088 0.084088 0.084088 0.084088 0.084088 0.084088 0.084088 0.084088 0.164775 0.164775 0.084088 0.000000 0.084088 0.000000 0.164775 0.164775 0.084088 0.084088 1.000000
0.084088 0.084088 0.084088 0.084088 0.084088 0.084088 0.084088 0.084088 0.084088 0.084088 0.164775 0.164775 0.084088 0.000000 0.084088 0.000000 0.164775 0.164775 0.084088 0.084088 1.000000
0.084088 0.084088 0.084088 0.084088 0.084088 0.084088 0.084088 0.084088 0.084088 0.084088 0.164775 0.164775 0.084088 0.000000 0.084088 0.000000 0.164775 0.164775 0.084088 0.084088 1.000000
0.084088 0.084088 0.084088 0.084088 0.084088 0.084088 0.084088 0.084088 0.084088 0.084088 0.164775 0.164775 0.084088 0.000000 0.084088 0.000000 0.164775 0.164775 0.084088 0.084088 1.000000
0.084022 0.084022 0.084022 0.084022 0.084022 0.084022 0.084022 0.084022 0.084022 0.084022 0.164651 0.164651 0.084022 0.000000 0.084022 0.000001 0.000035 0.164651 0.084022 0.084022 1.000000
0.084065 0.084065 0.084065 0.084065 0.084065 0.084065 0.084065 0.084065 0.084065 0.084065 0.164732 0.164732 0.084065 0.000000 0.084065 0.000000 0.133063 0.164732 0.084065 0.084065 1.000000
0.084088 0.084088 0.084088 0.084088 0.084088 0.084088 0.084088 0.084088 0.084088 0.084088 0.164775 0.164775 0.084088 0.000000 0.084088 0.000000 0.164775 0.164775 0.084088 0.084088 1.000000
0.084042 0.084042 0.084042 0.084042 0.084042 0.084042 0.084042 0.084042 0.084042 0.084042 0.164688 0.133027 0.084042 0.000000 0.084042 0.000000 0.133027 0.164688 0.084042 0.084042 1.000000
0.084031 0.084031 0.084031 0.084031 0.084031 0.084031 0.084031 0.084031 0.000054 0.084031 0.133010 0.164667 0.084031 0.000000 0.084031 0.000000 0.164667 0.164667 0.084031 0.084031 1.000000
0.084056 0.084056 0.084056 0.084056 0.084056 0.084056 0.084056 0.084056 0.084056 0.084056 0.164715 0.164715 0.067415 0.000000 0.084056 0.000000 0.164715 0.164715 0.054020 0.084056 1.000000
0.084065 0.084065 0.084065 0.084065 0.084065 0.084065 0.084065 0.084065 0.084065 0.084065 0.164732 0.164732 0.084065 0.000000 0.084065 0.000000 0.164732 0.133063 0.084065 0.084065 1.000000
0.084076 0.084076 0.084076 0.084076 0.084076 0.084076 0.084076 0.084076 0.084076 0.084076 0.164752 0.164752 0.084076 0.000000 0.067432 0.000000 0.164752 0.164752 0.084076 0.084076 1.000000
0.084063 0.084063 0.084063 0.084063 0.084063 0.084063 0.084063 0.084063 0.084063 0.084063 0.164728 0.164728 0.084063 0.000000 0.084063 0.000000 0.164728 0.164728 0.043265 0.084063 1.000000
0.084076 0.084076 0.084076 0.084076 0.084076 0.084076 0.084076 0.084076 0.084076 0.084076 0.164752 0.164752 0.084076 0.000000 0.084076 0.000000 0.164752 0.164752 0.084076 0.067432 1.000000
0.084065 0.084065 0.084065 0.084065 0.084065 0.084065 0.084065 0.084065 0.084065 0.084065 0.164732 0.164732 0.084065 0.000000 0.084065 0.000000 0.164732 0.133063 0.084065 0.084065 1.000000
0.084076 0.084076 0.084076 0.084076 0.084076 0.084076 0.084076 0.084076 0.084076 0.084076 0.164752 0.164752 0.084076 0.000000 0.067432 0.000000 0.164752 0.164752 0.084076 0.084076 1.000000
0.084065 0.084065 0.084065 0.084065 0.084065 0.084065 0.084065 0.084065 0.084065 0.084065 0.164732 0.164732 0.084065 0.000000 0.084065 0.000000 0.164732 0.133063 0.084065 0.084065 1.000000
0.084088 0.084088 0.084088 0.084088 0.084088 0.084088 0.084088 0.084088 0.084088 0.084088 0.164775 0.164775 0.084088 0.000000 0.084088 0.000000 0.164775 0.164775 0.084088 0.084088 1.000000
0.084088 0.084088 0.084088 0.084088 0.084088 0.084088 0.084088 0.084088 0.084088 0.084088 0.164775 0.164775 0.084088 0.000000 0.084088 0.000000 0.164775 0.164775 0.084088 0.084088 1.000000
0.084054 0.084054 0.084054 0.084054 0.084054 0.084054 0.084054 0.084054 0.000256 0.084054 0.164711 0.164711 0.084054 0.000000 0.084054 0.000000 0.164711 0.164711 0.084054 0.084054 1.000000
0.084088 0.084088 0.084088 0.084088 0.084088 0.084088 0.084088 0.084088 0.084088 0.084088 0.164775 0.164775 0.084088 0.000000 0.084088 0.000000 0.164775 0.164775 0.084088 0.084088 1.000000
0.084088 0.084088 0.084088 0.084088 0.084088 0.084088 0.084088 0.084088 0.084088 0.084088 0.164775 0.164775 0.084088 0.000000 0.084088 0.000000 0.164775 0.164775 0.084088 0.084088 1.000000
0.084076 0.084076 0.084076 0.084076 0.084076 0.084076 0.084076 0.084076 0.084076 0.084076 0.164752 0.164752 0.084076 0.000000 0.067432 0.000000 0.164752 0.164752 0.084076 0.084076 1.000000
0.084088 0.084088 0.084088 0.084088 0.084088 0.084088 0.084088 0.084088 0.084088 0.084088 0.164775 0.164775 0.084088 0.000000 0.084088 0.000000 0.164775 0.164775 0.084088 0.084088 1.000000
0.084088 0.084088 0.084088 0.084088 0.084088 0.084088 0.084088 0.084088 0.084088 0.084088 0.164775 0.164775 0.084088 0.000000 0.084088 0.000000 0.164775 0.164775 0.084088 0.084088 1.000000
0.084088 0.084088 0.084088 0.084088 0.084088 0.084088 0.084088 0.084088 0.084088 0.084088 0.164775 0.164775 0.084088 0.000000 0.084088 0.000000 0.164775 0.164775 0.084088 0.084088 1.000000
0.084088 0.084088 0.084088 0.084088 0.084088 0.084088 0.084088 0.084088 0.084088 0.084088 0.164775 0.164775 0.084088 0.000000 0.084088 0.000000 0.164775 0.164775 0.084088 0.084088 1.000000
0.084088 0.084088 0.084088 0.084088 0.084088 0.084088 0.084088 0.084088 0.084088 0.084088 0.164775 0.164775 0.084088 0.000000 0.084088 0.000000 0.164775 0.164775 0.084088 0.084088 1.000000
0.084088 0.084088 0.084088 0.084088 0.084088 0.084088 0.084088 0.084088 0.084088 0.084088 0.164775 0.164775 0.084088 0.000000 0.084088 0.000000 0.164775 0.164775 0.084088 0.084088 1.000000
0.084088 0.084088 0.084088 0.084088 0.084088 0.084088 0.084088 0.084088 0.084088 0.084088 0.164775 0.164775 0.084088 0.000000 0.084088 0.000000 0.164775 0.164775 0.084088 0.084088 1.000000
0.084076 0.084076 0.084076 0.084076 0.084076 0.084076 0.084076 0.084076 0.084076 0.084076 0.164752 0.164752 0.084076 0.000000 0.084076 0.000000 0.164752 0.164752 0.084076 0.067432 1.000000
0.084088 0.084088 0.084088 0.084088 0.084088 0.084088 0.084088 0.084088 0.084088 0.084088 0.164775 0.164775 0.084088 0.000000 0.084088 0.000000 0.164775 0.164775 0.084088 0.084088 1.000000
0.084088 0.084088 0.084088 0.084088 0.084088 0.084088 0.084088 0.084088 0.084088 0.084088 0.164775 0.164775 0.084088 0.000000 0.084088 0.000000 0.164775 0.164775 0.084088 0.084088 1.000000
0.084076 0.084076 0.084076 0.084076 0.084076 0.084076 0.084076 0.084076 0.084076 0.084076 0.164752 0.164752 0.067432 0.000000 0.084076 0.000000 0.164752 0.164752 0.084076 0.084076 1.000000
0.084088 0.084088 0.084088 0.084088 0.084088 0.084088 0.084088 0.084088 0.084088 0.084088 0.164775 0.164775 0.084088 0.000000 0.084088 0.000000 0.164775 0.164775 0.084088 0.084088 1.000000
0.084088 0.084088 0.084088 0.084088 0.084088 0.084088 0.084088 0.084088 0.084088 0.084088 0.164775 0.164775 0.084088 0.000000 0.084088 0.000000 0.164775 0.164775 0.084088 0.084088 1.000000
0.084088 0.084088 0.084088 0.084088 0.084088 0.084088 0.084088 0.084088 0.084088 0.084088 0.164775 0.164775 0.084088 0.000000 0.084088 0.000000 0.164775 0.164775 0.084088 0.084088 1.000000
0.084088 0.084088 0.084088 0.084088 0.084088 0.084088 0.084088 0.084088 0.084088 0.084088 0.164775 0.164775 0.084088 0.000000 0.084088 0.000000 0.164775 0.164775 0.084088 0.084088 1.000000
0.084088 0.084088 0.084088 0.084088 0.084088 0.084088 0.084088 0.084088 0.084088 0.084088 0.164775 0.164775 0.084088 0.000000 0.084088 0.000000 0.164775 0.164775 0.084088 0.084088 1.000000
0.084088 0.084088 0.084088 0.084088 0.084088 0.084088 0.084088 0.084088 0.084088 0.084088 0.164775 0.164775 0.084088 0.000000 0.084088 0.000000 0.164775 0.164775 0.084088 0.084088 1.000000
0.084068 0.084068 0.084068 0.084068 0.084068 0.084068 0.084068 0.084068 0.084068 0.084068 0.164737 0.164737 0.084068 0.000000 0.084068 0.000000 0.164737 0.164737 0.054028 0.084068 1.000000
0.084053 0.084053 0.084053 0.084053 0.084053 0.084053 0.084053 0.084053 0.084053 0.084053 0.164709 0.133044 0.084053 0.000000 0.084053 0.000000 0.164709 0.164709 0.084053 0.067413 1.000000
0.084088 0.084088 0.084088 0.084088 0.084088 0.084088 0.084088 0.084088 0.084088 0.084088 0.164775 0.164775 0.084088 0.000000 0.084088 0.000000 0.164775 0.164775 0.084088 0.084088 1.000000
0.084088 0.084088 0.084088 0.084088 0.084088 0.084088 0.084088 0.084088 0.084088 0.084088 0.164775 0.164775 0.084088 0.000000 0.084088 0.000000 0.164775 0.164775 0.084088 0.084088 1.000000
0.084088 0.084088 0.084088 0.084088 0.084088 0.084088 0.084088 0.084088 0.084088 0.084088 0.164775 0.164775 0.084088 0.000000 0.084088 0.000000 0.164775 0.164775 0.084088 0.084088 1.000000
0.084088 0.084088 0.084088 0.084088 0.084088 0.084088 0.084088 0.084088 0.084088 0.084088 0.164775 0.164775 0.084088 0.000000 0.084088 0.000000 0.164775 0.164775 0.084088 0.084088 1.000000
0.084088 0.084088 0.084088 0.084088 0.084088 0.084088 0.084088 0.084088 0.084088 0.084088 0.164775 0.164775 0.084088 0.000000 0.084088 0.000000 0.164775 0.164775 0.084088 0.084088 1.000000
0.084088 0.084088 0.084088 0.084088 0.084088 0.084088 0.084088 0.084088 0.084088 0.084088 0.164775 0.164775 0.084088 0.000000 0.084088 0.000000 0.164775 0.164775 0.084088 0.084088 1.000000
0.084088 0.084088 0.084088 0.084088 0.084088 0.084088 0.084088 0.084088 0.084088 0.084088 0.164775 0.164775 0.084088 0.000000 0.084088 0.000000 0.164775 0.164775 0.084088 0.084088 1.000000
0.084088 0.084088 0.084088 0.084088 0.084088 0.084088 0.084088 0.084088 0.084088 0.084088 0.164775 0.164775 0.084088 0.000000 0.084088 0.000000 0.164775 0.164775 0.084088 0.084088 1.000000
0.084088 0.084088 0.084088 0.084088 0.084088 0.084088 0.084088 0.084088 0.084088 0.084088 0.164775 0.164775 0.084088 0.000000 0.084088 0.000000 0.164775 0.164775 0.084088 0.084088 1.000000
0.084088 0.084088 0.084088 0.084088 0.084088 0.084088 0.084088 0.084088 0.084088 0.084088 0.164775 0.164775 0.084088 0.000000 0.084088 0.000000 0.164775 0.164775 0.084088 0.084088 1.000000
0.084065 0.084065 0.084065 0.084065 0.084065 0.084065 0.084065 0.084065 0.084065 0.084065 0.164732 0.133063 0.084065 0.000000 0.084065 0.000000 0.164732 0.164732 0.084065 0.084065 1.000000
0.084088 0.084088 0.084088 0.084088 0.084088 0.084088 0.084088 0.084088 0.084088 0.084088 0.164775 0.164775 0.084088 0.000000 0.084088 0.000000 0.164775 0.164775 0.084088 0.084088 1.000000
0.084088 0.084088 0.084088 0.084088 0.084088 0.084088 0.084088 0.084088 0.084088 0.084088 0.164775 0.164775 0.084088 0.000000 0.084088 0.000000 0.164775 0.164775 0.084088 0.084088 1.000000
0.084045 0.084045 0.084045 0.084045 0.084045 0.084045 0.084045 0.084045 0.084045 0.084045 0.133032 0.164694 0.084045 0.000000 0.084045 0.000000 0.164694 0.164694 0.054013 0.084045 1.000000
0.084088 0.084088 0.084088 0.084088 0.084088 0.084088 0.084088 0.084088 0.084088 0.084088 0.164775 0.164775 0.084088 0.000000 0.084088 0.000000 0.164775 0.164775 0.084088 0.084088 1.000000
0.084088 0.084088 0.084088 0.084088 0.084088 0.084088 0.084088 0.084088 0.084088 0.084088 0.164775 0.164775 0.084088 0.000000 0.084088 0.000000 0.164775 0.164775 0.084088 0.084088 1.000000
0.084088 0.084088 0.084088 0.084088 0.084088 0.084088 0.084088 0.084088 0.084088 0.084088 0.164775 0.164775 0.084088 0.000000 0.084088 0.000000 0.164775 0.164775 0.084088 0.084088 1.000000
0.084088 0.084088 0.084088 0.084088 0.084088 0.084088 0.084088 0.084088 0.084088 0.084088 0.164775 0.164775 0.084088 0.000000 0.084088 0.000000 0.164775 0.164775 0.084088 0.084088 1.000000
0.084065 0.084065 0.084065 0.084065 0.084065 0.084065 0.084065 0.084065 0.084065 0.084065 0.133063 0.164732 0.084065 0.000000 0.084065 0.000000 0.164732 0.164732 0.084065 0.084065 1.000000
0.084088 0.084088 0.084088 0.084088 0.084088 0.084088 0.084088 0.084088 0.084088 0.084088 0.164775 0.164775 0.084088 0.000000 0.084088 0.000000 0.164775 0.164775 0.084088 0.084088 1.000000
0.084088 0.084088 0.084088 0.084088 0.084088 0.084088 0.084088 0.084088 0.084088 0.084088 0.164775 0.164775 0.084088 0.000000 0.084088 0.000000 0.164775 0.164775 0.084088 0.084088 1.000000
0.084088 0.084088 0.084088 0.084088 0.084088 0.084088 0.084088 0.084088 0.084088 0.084088 0.164775 0.164775 0.084088 0.000000 0.084088 0.000000 0.164775 0.164775 0.084088 0.084088 1.000000
0.084088 0.084088 0.084088 0.084088 0.084088 0.084088 0.084088 0.084088 0.084088 0.084088 0.164775 0.164775 0.084088 0.000000 0.084088 0.000000 0.164775 0.164775 0.084088 0.084088 1.000000
0.084088 0.084088 0.084088 0.084088 0.084088 0.084088 0.084088 0.084088 0.084088 0.084088 0.164775 0.164775 0.084088 0.000000 0.084088 0.000000 0.164775 0.164775 0.084088 0.084088 1.000000
0.084054 0.084054 0.084054 0.084054 0.084054 0.084054 0.084054 0.084054 0.084054 0.000034 0.164711 0.164711 0.084054 0.000000 0.084054 0.000000 0.164711 0.164711 0.084054 0.084054 1.000000
0.084088 0.084088 0.084088 0.084088 0.084088 0.084088 0.084088 0.084088 0.084088 0.084088 0.164775 0.164775 0.084088 0.000000 0.084088 0.000000 0.164775 0.164775 0.084088 0.084088 1.000000
0.084088 0.084088 0.084088 0.084088 0.084088 0.084088 0.084088 0.084088 0.084088 0.084088 0.164775 0.164775 0.084088 0.000000 0.084088 0.000000 0.164775 0.164775 0.084088 0.084088 1.000000
0.084054 0.084054 0.084054 0.084054 0.084054 0.084054 0.084054 0.084054 0.084054 0.000018 0.164711 0.164711 0.084054 0.000000 0.084054 0.000000 0.164711 0.164711 0.084054 0.084054 1.000000
0.084088 0.084088 0.084088 0.084088 0.084088 0.084088 0.084088 0.084088 0.084088 0.084088 0.164775 0.164775 0.084088 0.000000 0.084088 0.000000 0.164775 0.164775 0.084088 0.084088 1.000000
0.084088 0.084088 0.084088 0.084088 0.084088 0.084088 0.084088 0.084088 0.084088 0.084088 0.164775 0.164775 0.084088 0.000000 0.084088 0.000000 0.164775 0.164775 0.084088 0.084088 1.000000
0.084088 0.084088 0.084088 0.084088 0.084088 0.084088 0.084088 0.084088 0.084088 0.084088 0.164775 0.164775 0.084088 0.000000 0.084088 0.000000 0.164775 0.164775 0.084088 0.084088 1.000000
0.084088 0.084088 0.084088 0.084088 0.084088 0.084088 0.084088 0.084088 0.084088 0.084088 0.164775 0.164775 0.084088 0.000000 0.084088 0.000000 0.164775 0.164775 0.084088 0.084088 1.000000
0.084088 0.084088 0.084088 0.084088 0.084088 0.084088 0.084088 0.084088 0.084088 0.084088 0.164775 0.164775 0.084088 0.000000 0.084088 0.000000 0.164775 0.164775 0.084088 0.084088 1.000000
0.084088 0.084088 0.084088 0.084088 0.084088 0.084088 0.084088 0.084088 0.084088 0.084088 0.164775 0.164775 0.084088 0.000000 0.084088 0.000000 0.164775 0.164775 0.084088 0.084088 1.000000
0.084088 0.084088 0.084088 0.084088 0.084088 0.084088 0.084088 0.084088 0.084088 0.084088 0.164775 0.164775 0.084088 0.000000 0.084088 0.000000 0.164775 0.164775 0.084088 0.084088 1.000000
0.084088 0.084088 0.084088 0.084088 0.084088 0.084088 0.084088 0.084088 0.084088 0.084088 0.164775 0.164775 0.084088 0.000000 0.084088 0.000000 0.164775 0.164775 0.084088 0.084088 1.000000
0.084088 0.084088 0.084088 0.084088 0.084088 0.084088 0.084088 0.084088 0.084088 0.084088 0.164775 0.164775 0.084088 0.000000 0.084088 0.000000 0.164775 0.164775 0.084088 0.084088 1.000000
0.084088 0.084088 0.084088 0.084088 0.084088 0.084088 0.084088 0.084088 0.084088 0.084088 0.164775 0.164775 0.084088 0.000000 0.084088 0.000000 0.164775 0.164775 0.084088 0.084088 1.000000
0.084088 0.084088 0.084088 0.084088 0.084088 0.084088 0.084088 0.084088 0.084088 0.084088 0.164775 0.164775 0.084088 0.000000 0.084088 0.000000 0.164775 0.164775 0.084088 0.084088 1.000000
0.084076 0.084076 0.084076 0.084076 0.084076 0.084076 0.084076 0.084076 0.084076 0.084076 0.164752 0.164752 0.067432 0.000000 0.084076 0.000000 0.164752 0.164752 0.084076 0.084076 1.000000
0.084088 0.084088 0.084088 0.084088 0.084088 0.084088 0.084088 0.084088 0.084088 0.084088 0.164775 0.164775 0.084088 0.000000 0.084088 0.000000 0.164775 0.164775 0.084088 0.084088 1.000000
0.084088 0.084088 0.084088 0.084088 0.084088 0.084088 0.084088 0.084088 0.084088 0.084088 0.164775 0.164775 0.084088 0.000000 0.084088 0.000000 0.164775 0.164775 0.084088 0.084088 1.000000
0.084088 0.084088 0.084088 0.084088 0.084088 0.084088 0.084088 0.084088 0.084088 0.084088 0.164775 0.164775 0.084088 0.000000 0.084088 0.000000 0.164775 0.164775 0.084088 0.084088 1.000000
0.084088 0.084088 0.084088 0.084088 0.084088 0.084088 0.084088 0.084088 0.084088 0.084088 0.164775 0.164775 0.084088 0.000000 0.084088 0.000000 0.164775 0.164775 0.084088 0.084088 1.000000
0.084088 0.084088 0.084088 0.084088 0.084088 0.084088 0.084088 0.084088 0.084088 0.084088 0.164775 0.164775 0.084088 0.000000 0.084088 0.000000 0.164775 0.164775 0.084088 0.084088 1.000000
0.084088 0.084088 0.084088 0.084088 0.084088 0.084088 0.084088 0.084088 0.084088 0.084088 0.164775 0.164775 0.084088 0.000000 0.084088 0.000000 0.164775 0.164775 0.084088 0.084088 1.000000
0.084088 0.084088 0.084088 0.084088 0.084088 0.084088 0.084088 0.084088 0.084088 0.084088 0.164775 0.164775 0.084088 0.000000 0.084088 0.000000 0.164775 0.164775 0.084088 0.084088 1.000000
0.084065 0.084065 0.084065 0.084065 0.084065 0.084065 0.084065 0.084065 0.084065 0.084065 0.164732 0.133063 0.084065 0.000000 0.084065 0.000000 0.164732 0.164732 0.084065 0.084065 1.000000
0.084088 0.084088 0.084088 0.084088 0.084088 0.084088 0.084088 0.084088 0.084088 0.084088 0.164775 0.164775 0.084088 0.000000 0.084088 0.000000 0.164775 0.164775 0.084088 0.084088 1.000000
0.084088 0.084088 0.084088 0.084088 0.084088 0.084088 0.084088 0.084088 0.084088 0.084088 0.164775 0.164775 0.084088 0.000000 0.084088 0.000000 0.164775 0.164775 0.084088 0.084088 1.000000
0.084088 0.084088 0.084088 0.084088 0.084088 0.084088 0.084088 0.084088 0.084088 0.084088 0.164775 0.164775 0.084088 0.000000 0.084088 0.000000 0.164775 0.164775 0.084088 0.084088 1.000000
0.084088 0.084088 0.084088 0.084088 0.084088 0.084088 0.084088 0.084088 0.084088 0.084088 0.164775 0.164775 0.084088 0.000000 0.084088 0.000000 0.164775 0.164775 0.084088 0.084088 1.000000
0.084088 0.084088 0.084088 0.084088 0.084088 0.084088 0.084088 0.084088 0.084088 0.084088 0.164775 0.164775 0.084088 0.000000 0.084088 0.000000 0.164775 0.164775 0.084088 0.084088 1.000000
0.084088 0.084088 0.084088 0.084088 0.084088 0.084088 0.084088 0.084088 0.084088 0.084088 0.164775 0.164775 0.084088 0.000000 0.084088 0.000000 0.164775 0.164775 0.084088 0.084088 1.000000
0.084088 0.084088 0.084088 0.084088 0.084088 0.084088 0.084088 0.084088 0.084088 0.084088 0.164775 0.164775 0.084088 0.000000 0.084088 0.000000 0.164775 0.164775 0.084088 0.084088 1.000000
0.084088 0.084088 0.084088 0.084088 0.084088 0.084088 0.084088 0.084088 0.084088 0.084088 0.164775 0.164775 0.084088 0.000000 0.084088 0.000000 0.164775 0.164775 0.084088 0.084088 1.000000
0.084088 0.084088 0.084088 0.084088 0.084088 0.084088 0.084088 0.084088 0.084088 0.084088 0.164775 0.164775 0.084088 0.000000 0.084088 0.000000 0.164775 0.164775 0.084088 0.084088 1.000000
0.084088 0.084088 0.084088 0.084088 0.084088 0.084088 0.084088 0.084088 0.084088 0.084088 0.164775 0.164775 0.084088 0.000000 0.084088 0.000000 0.164775 0.164775 0.084088 0.084088 1.000000
0.084088 0.084088 0.084088 0.084088 0.084088 0.084088 0.084088 0.084088 0.084088 0.084088 0.164775 0.164775 0.084088 0.000000 0.084088 0.000000 0.164775 0.164775 0.084088 0.084088 1.000000
0.084088 0.084088 0.084088 0.084088 0.084088 0.084088 0.084088 0.084088 0.084088 0.084088 0.164775 0.164775 0.084088 0.000000 0.084088 0.000000 0.164775 0.164775 0.084088 0.084088 1.000000
0.084088 0.084088 0.084088 0.084088 0.084088 0.084088 0.084088 0.084088 0.084088 0.084088 0.164775 0.164775 0.084088 0.000000 0.084088 0.000000 0.164775 0.164775 0.084088 0.084088 1.000000
0.084088 0.084088 0.084088 0.084088 0.084088 0.084088 0.084088 0.084088 0.084088 0.084088 0.164775 0.164775 0.084088 0.000000 0.084088 0.000000 0.164775 0.164775 0.084088 0.084088 1.000000
0.084088 0.084088 0.084088 0.084088 0.084088 0.084088 0.084088 0.084088 0.084088 0.084088 0.164775 0.164775 0.084088 0.000000 0.084088 0.000000 0.164775 0.164775 0.084088 0.084088 1.000000
0.084088 0.084088 0.084088 0.084088 0.084088 0.084088 0.084088 0.084088 0.084088 0.084088 0.164775 0.164775 0.084088 0.000000 0.084088 0.000000 0.164775 0.164775 0.084088 0.084088 1.000000
0.084088 0.084088 0.084088 0.084088 0.084088 0.084088 0.084088 0.084088 0.084088 0.084088 0.164775 0.164775 0.084088 0.000000 0.084088 0.000000 0.164775 0.164775 0.084088 0.084088 1.000000
0.084088 0.084088 0.084088 0.084088 0.084088 0.084088 0.084088 0.084088 0.084088 0.084088 0.164775 0.164775 0.084088 0.000000 0.084088 0.000000 0.164775 0.164775 0.084088 0.084088 1.000000
0.084088 0.084088 0.084088 0.084088 0.084088 0.084088 0.084088 0.084088 0.084088 0.084088 0.164775 0.164775 0.084088 0.000000 0.084088 0.000000 0.164775 0.164775 0.084088 0.084088 1.000000
0.084088 0.084088 0.084088 0.084088 0.084088 0.084088 0.084088 0.084088 0.084088 0.084088 0.164775 0.164775 0.084088 0.000000 0.084088 0.000000 0.164775 0.164775 0.084088 0.084088 1.000000
0.084088 0.084088 0.084088 0.084088 0.084088 0.084088 0.084088 0.084088 0.084088 0.084088 0.164775 0.164775 0.084088 0.000000 0.084088 0.000000 0.164775 0.164775 0.084088 0.084088 1.000000
0.084088 0.084088 0.084088 0.084088 0.084088 0.084088 0.084088 0.084088 0.084088 0.084088 0.164775 0.164775 0.084088 0.000000 0.084088 0.000000 0.164775 0.164775 0.084088 0.084088 1.000000
0.084088 0.084088 0.084088 0.084088 0.084088 0.084088 0.084088 0.084088 0.084088 0.084088 0.164775 0.164775 0.084088 0.000000 0.084088 0.000000 0.164775 0.164775 0.084088 0.084088 1.000000
0.084088 0.084088 0.084088 0.084088 0.084088 0.084088 0.084088 0.084088 0.084088 0.084088 0.164775 0.164775 0.084088 0.000000 0.084088 0.000000 0.164775 0.164775 0.084088 0.084088 1.000000
0.084088 0.084088 0.084088 0.084088 0.084088 0.084088 0.084088 0.084088 0.084088 0.084088 0.164775 0.164775 0.084088 0.000000 0.084088 0.000000 0.164775 0.164775 0.084088 0.084088 1.000000
0.084088 0.084088 0.084088 0.084088 0.084088 0.084088 0.084088 0.084088 0.084088 0.084088 0.164775 0.164775 0.084088 0.000000 0.084088 0.000000 0.164775 0.164775 0.084088 0.084088 1.000000
0.084088 0.084088 0.084088 0.084088 0.084088 0.084088 0.084088 0.084088 0.084088 0.084088 0.164775 0.164775 0.084088 0.000000 0.084088 0.000000 0.164775 0.164775 0.084088 0.084088 1.000000
0.084088 0.084088 0.084088 0.084088 0.084088 0.084088 0.084088 0.084088 0.084088 0.084088 0.164775 0.164775 0.084088 0.000000 0.084088 0.000000 0.164775 0.164775 0.084088 0.084088 1.000000
0.084088 0.084088 0.084088 0.084088 0.084088 0.084088 0.084088 0.084088 0.084088 0.084088 0.164775 0.164775 0.084088 0.000000 0.084088 0.000000 0.164775 0.164775 0.084088 0.084088 1.000000
0.084088 0.084088 0.084088 0.084088 0.084088 0.084088 0.084088 0.084088 0.084088 0.084088 0.164775 0.164775 0.084088 0.000000 0.084088 0.000000 0.164775 0.164775 0.084088 0.084088 1.000000
0.084088 0.084088 0.084088 0.084088 0.084088 0.084088 0.084088 0.084088 0.084088 0.084088 0.164775 0.164775 0.084088 0.000000 0.084088 0.000000 0.164775 0.164775 0.084088 0.084088 1.000000
0.084088 0.084088 0.084088 0.084088 0.084088 0.084088 0.084088 0.084088 0.084088 0.084088 0.164775 0.164775 0.084088 0.000000 0.084088 0.000000 0.164775 0.164775 0.084088 0.084088 1.000000
0.084088 0.084088 0.084088 0.084088 0.084088 0.084088 0.084088 0.084088 0.084088 0.084088 0.164775 0.164775 0.084088 0.000000 0.084088 0.000000 0.164775 0.164775 0.084088 0.084088 1.000000
0.084088 0.084088 0.084088 0.084088 0.084088 0.084088 0.084088 0.084088 0.084088 0.084088 0.164775 0.164775 0.084088 0.000000 0.084088 0.000000 0.164775 0.164775 0.084088 0.084088 1.000000
0.084088 0.084088 0.084088 0.084088 0.084088 0.084088 0.084088 0.084088 0.084088 0.084088 0.164775 0.164775 0.084088 0.000000 0.084088 0.000000 0.164775 0.164775 0.084088 0.084088 1.000000
0.084088 0.084088 0.084088 0.084088 0.084088 0.084088 0.084088 0.084088 0.084088 0.084088 0.164775 0.164775 0.084088 0.000000 0.084088 0.000000 0.164775 0.164775 0.084088 0.084088 1.000000
0.084088 0.084088 0.084088 0.084088 0.084088 0.084088 0.084088 0.084088 0.084088 0.084088 0.164775 0.164775 0.084088 0.000000 0.084088 0.000000 0.164775 0.164775 0.084088 0.084088 1.000000
0.084088 0.084088 0.084088 0.084088 0.084088 0.084088 0.084088 0.084088 0.084088 0.084088 0.164775 0.164775 0.084088 0.000000 0.084088 0.000000 0.164775 0.164775 0.084088 0.084088 1.000000
0.084088 0.084088 0.084088 0.084088 0.084088 0.084088 0.084088 0.084088 0.084088 0.084088 0.164775 0.164775 0.084088 0.000000 0.084088 0.000000 0.164775 0.164775 0.084088 0.084088 1.000000
0.084088 0.084088 0.084088 0.084088 0.084088 0.084088 0.084088 0.084088 0.084088 0.084088 0.164775 0.164775 0.084088 0.000000 0.084088 0.000000 0.164775 0.164775 0.084088 0.084088 1.000000
0.084088 0.084088 0.084088 0.084088 0.084088 0.084088 0.084088 0.084088 0.084088 0.084088 0.164775 0.164775 0.084088 0.000000 0.084088 0.000000 0.164775 0.164775 0.084088 0.084088 1.000000
0.084088 0.084088 0.084088 0.084088 0.084088 0.084088 0.084088 0.084088 0.084088 0.084088 0.164775 0.164775 0.084088 0.000000 0.084088 0.000000 0.164775 0.164775 0.084088 0.084088 1.000000
0.084088 0.084088 0.084088 0.084088 0.084088 0.084088 0.084088 0.084088 0.084088 0.084088 0.164775 0.164775 0.084088 0.000000 0.084088 0.000000 0.164775 0.164775 0.084088 0.084088 1.000000
0.084088 0.084088 0.084088 0.084088 0.084088 0.084088 0.084088 0.084088 0.084088 0.084088 0.164775 0.164775 0.084088 0.000000 0.084088 0.000000 0.164775 0.164775 0.084088 0.084088 1.000000
0.084088 0.084088 0.084088 0.084088 0.084088 0.084088 0.084088 0.084088 0.084088 0.084088 0.164775 0.164775 0.084088 0.000000 0.084088 0.000000 0.164775 0.164775 0.084088 0.084088 1.000000
0.084088 0.084088 0.084088 0.084088 0.084088 0.084088 0.084088 0.084088 0.084088 0.084088 0.164775 0.164775 0.084088 0.000000 0.084088 0.000000 0.164775 0.164775 0.084088 0.084088 1.000000
0.084088 0.084088 0.084088 0.084088 0.084088 0.084088 0.084088 0.084088 0.084088 0.084088 0.164775 0.164775 0.084088 0.000000 0.084088 0.000000 0.164775 0.164775 0.084088 0.084088 1.000000
0.084088 0.084088 0.084088 0.084088 0.084088 0.084088 0.084088 0.084088 0.084088 0.084088 0.164775 0.164775 0.084088 0.000000 0.084088 0.000000 0.164775 0.164775 0.084088 0.084088 1.000000
0.084088 0.084088 0.084088 0.084088 0.084088 0.084088 0.084088 0.084088 0.084088 0.084088 0.164775 0.164775 0.084088 0.000000 0.084088 0.000000 0.164775 0.164775 0.084088 0.084088 1.000000
0.084088 0.084088 0.084088 0.084088 0.084088 0.084088 0.084088 0.084088 0.084088 0.084088 0.164775 0.164775 0.084088 0.000000 0.084088 0.000000 0.164775 0.164775 0.084088 0.084088 1.000000
0.084088 0.084088 0.084088 0.084088 0.084088 0.084088 0.084088 0.084088 0.084088 0.084088 0.164775 0.164775 0.084088 0.000000 0.084088 0.000000 0.164775 0.164775 0.084088 0.084088 1.000000
0.084088 0.084088 0.084088 0.084088 0.084088 0.084088 0.084088 0.084088 0.084088 0.084088 0.164775 0.164775 0.084088 0.000000 0.084088 0.000000 0.164775 0.164775 0.084088 0.084088 1.000000
0.084088 0.084088 0.084088 0.084088 0.084088 0.084088 0.084088 0.084088 0.084088 0.084088 0.164775 0.164775 0.084088 0.000000 0.084088 0.000000 0.164775 0.164775 0.084088 0.084088 1.000000
0.084088 0.084088 0.084088 0.084088 0.084088 0.084088 0.084088 0.084088 0.084088 0.084088 0.164775 0.164775 0.084088 0.000000 0.084088 0.000000 0.164775 0.164775 0.084088 0.084088 1.000000
0.084088 0.084088 0.084088 0.084088 0.084088 0.084088 0.084088 0.084088 0.084088 0.084088 0.164775 0.164775 0.084088 0.000000 0.084088 0.000000 0.164775 0.164775 0.084088 0.084088 1.000000
0.084088 0.084088 0.084088 0.084088 0.084088 0.084088 0.084088 0.084088 0.084088 0.084088 0.164775 0.164775 0.084088 0.000000 0.084088 0.000000 0.164775 0.164775 0.084088 0.084088 1.000000
0.084088 0.084088 0.084088 0.084088 0.084088 0.084088 0.084088 0.084088 0.084088 0.084088 0.164775 0.164775 0.084088 0.000000 0.084088 0.000000 0.164775 0.164775 0.084088 0.084088 1.000000
0.084088 0.084088 0.084088 0.084088 0.084088 0.084088 0.084088 0.084088 0.084088 0.084088 0.164775 0.164775 0.084088 0.000000 0.084088 0.000000 0.164775 0.164775 0.084088 0.084088 1.000000
0.084088 0.084088 0.084088 0.084088 0.084088 0.084088 0.084088 0.084088 0.084088 0.084088 0.164775 0.164775 0.084088 0.000000 0.084088 0.000000 0.164775 0.164775 0.084088 0.084088 1.000000
0.084088 0.084088 0.084088 0.084088 0.084088 0.084088 0.084088 0.084088 0.084088 0.084088 0.164775 0.164775 0.084088 0.000000 0.084088 0.000000 0.164775 0.164775 0.084088 0.084088 1.000000
0.084088 0.084088 0.084088 0.084088 0.084088 0.084088 0.084088 0.084088 0.084088 0.084088 0.164775 0.164775 0.084088 0.000000 0.084088 0.000000 0.164775 0.164775 0.084088 0.084088 1.000000
0.084088 0.084088 0.084088 0.084088 0.084088 0.084088 0.084088 0.084088 0.084088 0.084088 0.164775 0.164775 0.084088 0.000000 0.084088 0.000000 0.164775 0.164775 0.084088 0.084088 1.000000
0.084088 0.084088 0.084088 0.084088 0.084088 0.084088 0.084088 0.084088 0.084088 0.084088 0.164775 0.164775 0.084088 0.000000 0.084088 0.000000 0.164775 0.164775 0.084088 0.084088 1.000000
0.084088 0.084088 0.084088 0.084088 0.084088 0.084088 0.084088 0.084088 0.084088 0.084088 0.164775 0.164775 0.084088 0.000000 0.084088 0.000000 0.164775 0.164775 0.084088 0.084088 1.000000
0.084088 0.084088 0.084088 0.084088 0.084088 0.084088 0.084088 0.084088 0.084088 0.084088 0.164775 0.164775 0.084088 0.000000 0.084088 0.000000 0.164775 0.164775 0.084088 0.084088 1.000000
0.084088 0.084088 0.084088 0.084088 0.084088 0.084088 0.084088 0.084088 0.084088 0.084088 0.164775 0.164775 0.084088 0.000000 0.084088 0.000000 0.164775 0.164775 0.084088 0.084088 1.000000
0.084088 0.084088 0.084088 0.084088 0.084088 0.084088 0.084088 0.084088 0.084088 0.084088 0.164775 0.164775 0.084088 0.000000 0.084088 0.000000 0.164775 0.164775 0.084088 0.084088 1.000000
0.084088 0.084088 0.084088 0.084088 0.084088 0.084088 0.084088 0.084088 0.084088 0.084088 0.164775 0.164775 0.084088 0.000000 0.084088 0.000000 0.164775 0.164775 0.084088 0.084088 1.000000
0.084088 0.084088 0.084088 0.084088 0.084088 0.084088 0.084088 0.084088 0.084088 0.084088 0.164775 0.164775 0.084088 0.000000 0.084088 0.000000 0.164775 0.164775 0.084088 0.084088 1.000000
0.084088 0.084088 0.084088 0.084088 0.084088 0.084088 0.084088 0.084088 0.084088 0.084088 0.164775 0.164775 0.084088 0.000000 0.084088 0.000000 0.164775 0.164775 0.084088 0.084088 1.000000
0.084088 0.084088 0.084088 0.084088 0.084088 0.084088 0.084088 0.084088 0.084088 0.084088 0.164775 0.164775 0.084088 0.000000 0.084088 0.000000 0.164775 0.164775 0.084088 0.084088 1.000000
0.084088 0.084088 0.084088 0.084088 0.084088 0.084088 0.084088 0.084088 0.084088 0.084088 0.164775 0.164775 0.084088 0.000000 0.084088 0.000000 0.164775 0.164775 0.084088 0.084088 1.000000
0.084088 0.084088 0.084088 0.084088 0.084088 0.084088 0.084088 0.084088 0.084088 0.084088 0.164775 0.164775 0.084088 0.000000 0.084088 0.000000 0.164775 0.164775 0.084088 0.084088 1.000000
0.084088 0.084088 0.084088 0.084088 0.084088 0.084088 0.084088 0.084088 0.084088 0.084088 0.164775 0.164775 0.084088 0.000000 0.084088 0.000000 0.164775 0.164775 0.084088 0.084088 1.000000
0.084088 0.084088 0.084088 0.084088 0.084088 0.084088 0.084088 0.084088 0.084088 0.084088 0.164775 0.164775 0.084088 0.000000 0.084088 0.000000 0.164775 0.164775 0.084088 0.084088 1.000000
0.084088 0.084088 0.084088 0.084088 0.084088 0.084088 0.084088 0.084088 0.084088 0.084088 0.164775 0.164775 0.084088 0.000000 0.084088 0.000000 0.164775 0.164775 0.084088 0.084088 1.000000
0.084088 0.084088 0.084088 0.084088 0.084088 0.084088 0.084088 0.084088 0.084088 0.084088 0.164775 0.164775 0.084088 0.000000 0.084088 0.000000 0.164775 0.164775 0.084088 0.084088 1.000000
0.084088 0.084088 0.084088 0.084088 0.084088 0.084088 0.084088 0.084088 0.084088 0.084088 0.164775 0.164775 0.084088 0.000000 0.084088 0.000000 0.164775 0.164775 0.084088 0.084088 1.000000
0.084088 0.084088 0.084088 0.084088 0.084088 0.084088 0.084088 0.084088 0.084088 0.084088 0.164775 0.164775 0.084088 0.000000 0.084088 0.000000 0.164775 0.164775 0.084088 0.084088 1.000000
