0.000000 0.000000 0.000000 0.000000 0.000000 0.000000 0.000000 0.000000 0.000000 0.000000 0.000000 0.000000 0.000000 0.000000 0.000000 0.000000 0.000000 0.000000 0.000000 0.000000 0.000000
0.084178 0.084178 0.084178 0.084178 0.084178 0.084178 0.084178 0.084178 0.000105 0.002983 0.055390 0.028424 0.000977 0.027759 0.017774 0.000002 0.044361 0.035514 0.011377 0.001222 1.000000
0.084175 0.084175 0.084175 0.084175 0.084175 0.084175 0.084175 0.084175 0.000105 0.007282 0.022745 0.035513 0.001527 0.022212 0.017773 0.000002 0.069117 0.014561 0.003728 0.001909 1.000000
0.084208 0.084208 0.084208 0.084208 0.084208 0.084208 0.084208 0.084208 0.000131 0.003730 0.014567 0.107306 0.001528 0.005828 0.034696 0.000002 0.086199 0.007459 0.014226 0.001222 1.000000
0.084752 0.084752 0.084752 0.084752 0.084752 0.084752 0.084752 0.084752 0.000206 0.007332 0.022903 0.055771 0.003004 0.014319 0.022367 0.000000 0.134128 0.055771 0.000403 0.003754 1.000000
0.084170 0.084170 0.084170 0.084170 0.084170 0.084170 0.084170 0.084170 0.000034 0.004660 0.035510 0.018198 0.001527 0.017772 0.027756 0.000002 0.022744 0.035510 0.017772 0.001909 1.000000
0.084174 0.084174 0.084174 0.084174 0.084174 0.084174 0.084174 0.084174 0.000131 0.007282 0.028423 0.005965 0.001222 0.017773 0.022212 0.000001 0.055387 0.044359 0.014220 0.001222 1.000000
0.084176 0.084176 0.084176 0.084176 0.084176 0.084176 0.084176 0.084176 0.000782 0.003728 0.069117 0.018200 0.000626 0.017773 0.005826 0.000002 0.044360 0.018200 0.017773 0.000977 1.000000
0.084170 0.084170 0.084170 0.084170 0.084170 0.084170 0.084170 0.084170 0.000131 0.002386 0.011649 0.044357 0.002386 0.034680 0.009101 0.000003 0.028421 0.022744 0.011376 0.001527 1.000000
0.084176 0.084176 0.084176 0.084176 0.084176 0.084176 0.084176 0.084176 0.000084 0.004661 0.007457 0.011650 0.000977 0.017773 0.043324 0.000002 0.035513 0.022745 0.034683 0.000977 1.000000
0.084167 0.084167 0.084167 0.084167 0.084167 0.084167 0.084167 0.084167 0.000084 0.011376 0.022743 0.011649 0.001909 0.011376 0.011376 0.000001 0.028420 0.044355 0.022210 0.001222 1.000000
0.084173 0.084173 0.084173 0.084173 0.084173 0.084173 0.084173 0.084173 0.000131 0.003728 0.055387 0.044358 0.001222 0.014220 0.007282 0.000002 0.028422 0.022744 0.017773 0.001909 1.000000
0.084163 0.084163 0.084163 0.084163 0.084163 0.084163 0.084163 0.084163 0.000164 0.007281 0.014559 0.014559 0.001527 0.009101 0.027754 0.000004 0.022742 0.014559 0.014218 0.001222 1.000000
0.084168 0.084168 0.084168 0.084168 0.084168 0.084168 0.084168 0.084168 0.000105 0.011376 0.014560 0.007456 0.000977 0.011376 0.034679 0.000002 0.035510 0.022743 0.017772 0.001222 1.000000
0.084168 0.084168 0.084168 0.084168 0.084168 0.084168 0.084168 0.084168 0.000084 0.004660 0.044356 0.035510 0.001527 0.014219 0.011376 0.000003 0.018198 0.028421 0.014219 0.001909 1.000000
0.084169 0.084169 0.084169 0.084169 0.084169 0.084169 0.084169 0.084169 0.000164 0.009101 0.011649 0.055384 0.001222 0.007281 0.009101 0.000002 0.022743 0.028421 0.022211 0.001527 1.000000
0.084192 0.084192 0.084192 0.084192 0.084192 0.084192 0.084192 0.084192 0.000014 0.003729 0.028429 0.028429 0.001909 0.003729 0.043333 0.000006 0.000410 0.014564 0.022217 0.067525 1.000000
0.084176 0.084176 0.084176 0.084176 0.084176 0.084176 0.084176 0.084176 0.000084 0.004661 0.044360 0.009321 0.001222 0.014220 0.034683 0.000002 0.055389 0.028423 0.011377 0.001527 1.000000
0.084164 0.084164 0.084164 0.084164 0.084164 0.084164 0.084164 0.084164 0.000084 0.007281 0.028419 0.035508 0.002982 0.002982 0.022210 0.000004 0.011648 0.022742 0.009101 0.003728 1.000000
0.084171 0.084171 0.084171 0.084171 0.084171 0.084171 0.084171 0.084171 0.000105 0.017772 0.044357 0.022744 0.000782 0.022211 0.014219 0.000002 0.014561 0.044357 0.009102 0.000782 1.000000
0.084173 0.084173 0.084173 0.084173 0.084173 0.084173 0.084173 0.084173 0.000105 0.007282 0.018199 0.055387 0.001527 0.002983 0.027757 0.000002 0.035512 0.028422 0.014220 0.001909 1.000000
0.084716 0.084716 0.084716 0.084716 0.084716 0.084716 0.084716 0.084716 0.000043 0.054448 0.014656 0.011726 0.001537 0.017889 0.022357 0.000002 0.055747 0.014656 0.007329 0.000787 1.000000
0.084705 0.084705 0.084705 0.084705 0.084705 0.084705 0.084705 0.084705 0.000106 0.009160 0.055740 0.018316 0.002401 0.003752 0.017887 0.000001 0.035739 0.028604 0.011450 0.001921 1.000000
0.084181 0.084181 0.084181 0.084181 0.084181 0.084181 0.084181 0.084181 0.000084 0.005826 0.055392 0.055392 0.000977 0.014221 0.014221 0.000002 0.022747 0.055392 0.014221 0.001222 1.000000
0.084723 0.084723 0.084723 0.084723 0.084723 0.084723 0.084723 0.084723 0.000068 0.005864 0.069569 0.055752 0.000787 0.007330 0.043609 0.000002 0.022895 0.035747 0.017891 0.000787 1.000000
0.084187 0.084187 0.084187 0.084187 0.084187 0.084187 0.084187 0.084187 0.000205 0.007283 0.022748 0.018202 0.002983 0.005826 0.067521 0.000002 0.011652 0.055396 0.000400 0.007283 1.000000
0.084218 0.084218 0.084218 0.084218 0.084218 0.084218 0.084218 0.084218 0.000054 0.017782 0.069152 0.035531 0.001528 0.027772 0.043346 0.000000 0.107319 0.055417 0.000626 0.001528 1.000000
0.084244 0.084244 0.084244 0.084244 0.084244 0.084244 0.084244 0.084244 0.000164 0.017788 0.086236 0.009328 0.005830 0.043359 0.027781 0.000000 0.044396 0.133340 0.043359 0.000004 1.000000
0.084248 0.084248 0.084248 0.084248 0.084248 0.084248 0.084248 0.084248 0.000205 0.000131 0.107356 0.002446 0.000626 0.043362 0.027782 0.000001 0.069177 0.055437 0.084248 0.002985 1.000000
0.084737 0.084737 0.084737 0.084737 0.084737 0.084737 0.084737 0.084737 0.000165 0.003754 0.055761 0.028615 0.001922 0.054462 0.001922 0.000006 0.000413 0.086740 0.034917 0.001538 1.000000
0.084209 0.084209 0.084209 0.084209 0.084209 0.084209 0.084209 0.084209 0.000028 0.004662 0.086201 0.044378 0.000401 0.027769 0.054120 0.000002 0.018207 0.044378 0.043342 0.000501 1.000000
0.084263 0.084263 0.084263 0.084263 0.084263 0.084263 0.084263 0.084263 0.000022 0.043369 0.133370 0.028453 0.001223 0.017792 0.043369 0.000000 0.107376 0.055447 0.043369 0.000034 1.000000
0.084310 0.084310 0.084310 0.084310 0.084310 0.084310 0.084310 0.084310 0.000000 0.043394 0.086304 0.022782 0.000011 0.084310 0.084310 0.000001 0.044431 0.086304 0.022249 0.084310 1.000000
0.084224 0.084224 0.084224 0.084224 0.084224 0.084224 0.084224 0.084224 0.000054 0.005829 0.107326 0.007461 0.000501 0.022225 0.027774 0.000001 0.069157 0.086216 0.034703 0.000782 1.000000
0.084218 0.084218 0.084218 0.084218 0.084218 0.084218 0.084218 0.084218 0.000022 0.043346 0.044382 0.011656 0.000501 0.043346 0.027772 0.000006 0.000801 0.107319 0.043346 0.000320 1.000000
0.084261 0.084261 0.084261 0.084261 0.084261 0.084261 0.084261 0.084261 0.000043 0.001223 0.133366 0.086253 0.000626 0.067581 0.014235 0.000001 0.055445 0.069187 0.027787 0.000783 1.000000
0.084230 0.084230 0.084230 0.084230 0.084230 0.084230 0.084230 0.084230 0.000084 0.043352 0.044389 0.086222 0.007287 0.067556 0.067556 0.000006 0.007462 0.005969 0.000009 0.003731 1.000000
0.084247 0.084247 0.084247 0.084247 0.084247 0.084247 0.084247 0.084247 0.000028 0.054144 0.107355 0.007463 0.000783 0.027782 0.084247 0.000006 0.000210 0.069176 0.014232 0.000401 1.000000
0.084252 0.084252 0.084252 0.084252 0.084252 0.084252 0.084252 0.084252 0.000006 0.067574 0.044401 0.069180 0.000205 0.043364 0.054148 0.000001 0.086245 0.044401 0.054148 0.000164 1.000000
0.084247 0.084247 0.084247 0.084247 0.084247 0.084247 0.084247 0.084247 0.000007 0.022232 0.005970 0.000328 0.084247 0.043361 0.000401 0.000001 0.044398 0.107355 0.054144 0.004665 1.000000
0.084220 0.084220 0.084220 0.084220 0.084220 0.084220 0.084220 0.084220 0.000014 0.067548 0.055418 0.014569 0.000626 0.034701 0.014228 0.000000 0.086212 0.055418 0.027773 0.000401 1.000000
0.084239 0.084239 0.084239 0.084239 0.084239 0.084239 0.084239 0.084239 0.084239 0.000401 0.086231 0.007462 0.000105 0.034709 0.034709 0.000006 0.000108 0.069169 0.043357 0.000131 1.000000
0.084275 0.084275 0.084275 0.084275 0.084275 0.084275 0.084275 0.084275 0.000002 0.043376 0.069199 0.044413 0.000979 0.043376 0.054163 0.000000 0.044413 0.165127 0.017795 0.000501 1.000000
0.084262 0.084262 0.084262 0.084262 0.084262 0.084262 0.084262 0.084262 0.000001 0.043369 0.022769 0.001002 0.000067 0.084262 0.027787 0.000001 0.044406 0.069188 0.043369 0.084262 1.000000
0.084208 0.084208 0.084208 0.084208 0.084208 0.084208 0.084208 0.084208 0.000043 0.054119 0.035527 0.044377 0.003730 0.043341 0.017780 0.000001 0.055410 0.044377 0.043341 0.000009 1.000000
0.084252 0.084252 0.084252 0.084252 0.084252 0.084252 0.084252 0.084252 0.000018 0.005831 0.107362 0.044401 0.000401 0.027784 0.043364 0.000001 0.107362 0.035546 0.067574 0.000401 1.000000
0.084237 0.084237 0.084237 0.084237 0.084237 0.084237 0.084237 0.084237 0.000256 0.027779 0.028444 0.011659 0.001223 0.034708 0.043356 0.000003 0.003821 0.107343 0.084237 0.000006 1.000000
0.084276 0.084276 0.084276 0.084276 0.084276 0.084276 0.084276 0.084276 0.000006 0.067593 0.107392 0.003823 0.001529 0.043376 0.054163 0.000006 0.000086 0.133390 0.034724 0.000501 1.000000
0.084220 0.084220 0.084220 0.084220 0.084220 0.084220 0.084220 0.084220 0.000320 0.034701 0.044384 0.022757 0.000006 0.027773 0.022225 0.000006 0.000055 0.133304 0.027773 0.017783 1.000000
0.084241 0.084241 0.084241 0.084241 0.084241 0.084241 0.084241 0.084241 0.000014 0.043358 0.055432 0.003821 0.000626 0.084241 0.034710 0.000002 0.011659 0.107348 0.022230 0.000256 1.000000
0.084305 0.084305 0.084305 0.084305 0.084305 0.084305 0.084305 0.084305 0.000028 0.000054 0.107429 0.035568 0.084305 0.034737 0.043391 0.000000 0.133435 0.107429 0.007293 0.000979 1.000000
0.084323 0.084323 0.084323 0.084323 0.084323 0.084323 0.084323 0.084323 0.017805 0.000084 0.165217 0.044438 0.000034 0.067631 0.084323 0.000006 0.000642 0.086317 0.067631 0.000131 1.000000
0.084280 0.084280 0.084280 0.084280 0.084280 0.084280 0.084280 0.084280 0.000003 0.000626 0.069203 0.022774 0.084280 0.043379 0.067596 0.000000 0.069203 0.107398 0.043379 0.000105 1.000000
0.084317 0.084317 0.084317 0.084317 0.084317 0.084317 0.084317 0.084317 0.000002 0.067626 0.055482 0.055482 0.000205 0.067626 0.084317 0.000000 0.044435 0.133453 0.067626 0.000164 1.000000
0.084306 0.084306 0.084306 0.084306 0.084306 0.084306 0.084306 0.084306 0.000043 0.067617 0.069225 0.004780 0.000783 0.043392 0.043392 0.000007 0.000168 0.165186 0.084306 0.000043 1.000000
0.084327 0.084327 0.084327 0.084327 0.084327 0.084327 0.084327 0.084327 0.000018 0.084327 0.044440 0.000069 0.001912 0.084327 0.067634 0.000007 0.000069 0.133468 0.084327 0.000205 1.000000
0.084310 0.084310 0.084310 0.084310 0.084310 0.084310 0.084310 0.084310 0.000000 0.067620 0.107435 0.003059 0.027803 0.084310 0.054185 0.000000 0.055478 0.133443 0.027803 0.000043 1.000000
0.084394 0.084394 0.084394 0.084394 0.084394 0.084394 0.084394 0.084394 0.000000 0.043437 0.165350 0.000514 0.000028 0.034774 0.084394 0.000000 0.107541 0.107541 0.084394 0.084394 1.000000
0.084409 0.084409 0.084409 0.084409 0.084409 0.084409 0.084409 0.084409 0.000006 0.054249 0.044484 0.001568 0.000206 0.084409 0.084409 0.000000 0.165378 0.165378 0.084409 0.000257 1.000000
0.084285 0.084285 0.084285 0.084285 0.084285 0.084285 0.084285 0.084285 0.000105 0.067600 0.107403 0.000001 0.084285 0.000105 0.054169 0.000007 0.000108 0.086278 0.054169 0.009114 1.000000
0.084271 0.084271 0.084271 0.084271 0.084271 0.084271 0.084271 0.084271 0.084271 0.002986 0.107386 0.000108 0.004666 0.067589 0.009112 0.000002 0.011663 0.086264 0.054160 0.000001 1.000000
0.084264 0.084264 0.084264 0.084264 0.084264 0.084264 0.084264 0.084264 0.000084 0.067584 0.133372 0.000210 0.004666 0.043370 0.084264 0.000006 0.000410 0.028454 0.000783 0.001223 1.000000
0.084251 0.084251 0.084251 0.084251 0.084251 0.084251 0.084251 0.084251 0.000105 0.067573 0.107360 0.001957 0.000084 0.054147 0.014233 0.000006 0.000108 0.086244 0.054147 0.001529 1.000000
0.084226 0.084226 0.084226 0.084226 0.084226 0.084226 0.084226 0.084226 0.000256 0.054131 0.086218 0.001956 0.000007 0.043350 0.067553 0.000007 0.035535 0.000168 0.034704 0.004663 1.000000
0.084892 0.084892 0.084892 0.084892 0.084892 0.084892 0.084892 0.084892 0.000000 0.054562 0.166288 0.004814 0.084892 0.084892 0.043697 0.000002 0.009401 0.108170 0.054562 0.000014 1.000000
0.084306 0.084306 0.084306 0.084306 0.084306 0.084306 0.084306 0.084306 0.000009 0.067617 0.133436 0.005975 0.001912 0.043392 0.009116 0.000007 0.000055 0.133436 0.084306 0.000501 1.000000
0.084268 0.084268 0.084268 0.084268 0.084268 0.084268 0.084268 0.084268 0.000003 0.054158 0.107382 0.009331 0.001911 0.084268 0.067587 0.000007 0.028455 0.000134 0.054158 0.000257 1.000000
0.084278 0.084278 0.084278 0.084278 0.084278 0.084278 0.084278 0.084278 0.000002 0.084278 0.044414 0.000513 0.002986 0.067594 0.054164 0.000007 0.000086 0.133393 0.034725 0.001911 1.000000
0.084396 0.084396 0.084396 0.084396 0.084396 0.084396 0.084396 0.084396 0.084396 0.000067 0.133576 0.086392 0.000784 0.054241 0.054241 0.000000 0.165355 0.086392 0.084396 0.000002 1.000000
0.084260 0.084260 0.084260 0.084260 0.084260 0.084260 0.084260 0.084260 0.000002 0.054153 0.086253 0.000513 0.084260 0.067580 0.054153 0.000006 0.004777 0.009330 0.027786 0.000043 1.000000
0.084454 0.084454 0.084454 0.084454 0.084454 0.084454 0.084454 0.084454 0.084454 0.000002 0.133666 0.011689 0.084454 0.067736 0.067736 0.000000 0.165464 0.133666 0.000001 0.084454 1.000000
0.084361 0.084361 0.084361 0.084361 0.084361 0.084361 0.084361 0.084361 0.000054 0.054218 0.165288 0.000035 0.000980 0.084361 0.054218 0.000000 0.107499 0.107499 0.067661 0.000043 1.000000
0.084290 0.084290 0.084290 0.084290 0.084290 0.084290 0.084290 0.084290 0.000018 0.043383 0.133411 0.003059 0.084290 0.067604 0.009115 0.000007 0.000108 0.086283 0.043383 0.000014 1.000000
0.084838 0.084838 0.084838 0.084838 0.084838 0.084838 0.084838 0.084838 0.034959 0.000035 0.166186 0.044713 0.000035 0.043669 0.068046 0.000000 0.086844 0.055828 0.054527 0.000207 1.000000
0.084283 0.084283 0.084283 0.084283 0.084283 0.084283 0.084283 0.084283 0.000001 0.043380 0.133401 0.003058 0.000105 0.043380 0.017796 0.000006 0.000802 0.086276 0.054168 0.084283 1.000000
0.084380 0.084380 0.084380 0.084380 0.084380 0.084380 0.084380 0.084380 0.000043 0.000084 0.069286 0.000069 0.000980 0.027826 0.067677 0.000000 0.165325 0.165325 0.067677 0.084380 1.000000
0.084415 0.084415 0.084415 0.084415 0.084415 0.084415 0.084415 0.084415 0.000000 0.043449 0.165391 0.086412 0.084415 0.054253 0.084415 0.000000 0.044487 0.165391 0.054253 0.000009 1.000000
0.084391 0.084391 0.084391 0.084391 0.084391 0.084391 0.084391 0.084391 0.000000 0.084391 0.133569 0.003828 0.084391 0.084391 0.054238 0.000006 0.000069 0.133569 0.084391 0.000043 1.000000
0.084301 0.084301 0.084301 0.084301 0.084301 0.084301 0.084301 0.084301 0.000084 0.084301 0.165175 0.001958 0.000321 0.001529 0.067613 0.000006 0.028466 0.000086 0.067613 0.003734 1.000000
0.084406 0.084406 0.084406 0.084406 0.084406 0.084406 0.084406 0.084406 0.084406 0.084406 0.133592 0.003063 0.084406 0.000000 0.067698 0.000000 0.007477 0.107556 0.067698 0.084406 1.000000
0.084042 0.084042 0.084042 0.084042 0.084042 0.084042 0.084042 0.084042 0.084042 0.000000 0.164689 0.164689 0.084042 0.084042 0.067404 0.000000 0.164689 0.164689 0.007270 0.084042 1.000000
0.084313 0.084313 0.084313 0.084313 0.084313 0.084313 0.084313 0.084313 0.000205 0.054187 0.133447 0.003059 0.084313 0.067622 0.000000 0.000007 0.028470 0.000135 0.084313 0.043395 1.000000
0.084889 0.084889 0.084889 0.084889 0.084889 0.084889 0.084889 0.084889 0.000043 0.000035 0.166281 0.000331 0.084889 0.068087 0.043695 0.000007 0.000108 0.134339 0.068087 0.001925 1.000000
0.084317 0.084317 0.084317 0.084317 0.084317 0.084317 0.084317 0.084317 0.084317 0.009118 0.107444 0.000000 0.084317 0.054190 0.043398 0.000001 0.009336 0.133454 0.000205 0.000018 1.000000
0.084392 0.084392 0.084392 0.084392 0.084392 0.084392 0.084392 0.084392 0.084392 0.000000 0.004785 0.000210 0.084392 0.084392 0.002392 0.000003 0.165347 0.002450 0.084392 0.084392 1.000000
0.084385 0.084385 0.084385 0.084385 0.084385 0.084385 0.084385 0.084385 0.000000 0.084385 0.086381 0.003828 0.000784 0.067681 0.067681 0.000006 0.000086 0.165334 0.084385 0.084385 1.000000
0.084318 0.084318 0.084318 0.084318 0.084318 0.084318 0.084318 0.084318 0.000004 0.002988 0.069234 0.001003 0.000131 0.084318 0.084318 0.000007 0.000086 0.107445 0.067627 0.084318 1.000000
0.084455 0.084455 0.084455 0.084455 0.084455 0.084455 0.084455 0.084455 0.084455 0.084455 0.165466 0.003065 0.000000 0.043470 0.067737 0.000000 0.005986 0.165466 0.084455 0.084455 1.000000
0.084395 0.084395 0.084395 0.084395 0.084395 0.084395 0.084395 0.084395 0.000003 0.084395 0.107542 0.000000 0.002393 0.067689 0.084395 0.000007 0.000086 0.165353 0.067689 0.084395 1.000000
0.084384 0.084384 0.084384 0.084384 0.084384 0.084384 0.084384 0.084384 0.000034 0.000034 0.133556 0.069289 0.001225 0.043432 0.084384 0.000000 0.165331 0.133556 0.067680 0.002392 1.000000
0.084313 0.084313 0.084313 0.084313 0.084313 0.084313 0.084313 0.084313 0.000007 0.000627 0.133446 0.000513 0.084313 0.084313 0.067622 0.000006 0.000329 0.035571 0.067622 0.000401 1.000000
0.084343 0.084343 0.084343 0.084343 0.084343 0.084343 0.084343 0.084343 0.084343 0.000054 0.107476 0.044449 0.084343 0.000001 0.084343 0.000000 0.022791 0.133493 0.043411 0.001913 1.000000
0.084387 0.084387 0.084387 0.084387 0.084387 0.084387 0.084387 0.084387 0.000003 0.084387 0.107532 0.000329 0.000011 0.054235 0.067682 0.000007 0.000069 0.165338 0.084387 0.084387 1.000000
0.084387 0.084387 0.084387 0.084387 0.084387 0.084387 0.084387 0.084387 0.000006 0.067682 0.165337 0.000263 0.000321 0.084387 0.067682 0.000000 0.055529 0.165337 0.054235 0.000321 1.000000
0.084446 0.084446 0.084446 0.084446 0.084446 0.084446 0.084446 0.084446 0.000000 0.084446 0.165449 0.000069 0.000043 0.054273 0.067730 0.000000 0.133653 0.133653 0.084446 0.084446 1.000000
0.084328 0.084328 0.084328 0.084328 0.084328 0.084328 0.084328 0.084328 0.000043 0.067635 0.107458 0.000035 0.009119 0.043403 0.084328 0.000007 0.000069 0.165227 0.054197 0.000043 1.000000
0.084486 0.084486 0.084486 0.084486 0.084486 0.084486 0.084486 0.084486 0.000000 0.084486 0.133716 0.107658 0.000005 0.084486 0.054299 0.000000 0.165525 0.133716 0.084486 0.084486 1.000000
0.084402 0.084402 0.084402 0.084402 0.084402 0.084402 0.084402 0.084402 0.000004 0.084402 0.133584 0.007477 0.000321 0.084402 0.084402 0.000001 0.165365 0.018249 0.084402 0.000054 1.000000
0.084303 0.084303 0.084303 0.084303 0.084303 0.084303 0.084303 0.084303 0.000205 0.084303 0.133431 0.002447 0.000164 0.067615 0.054181 0.000007 0.022780 0.000135 0.084303 0.000054 1.000000
0.084368 0.084368 0.084368 0.084368 0.084368 0.084368 0.084368 0.084368 0.084368 0.011403 0.107509 0.000003 0.084368 0.034763 0.000000 0.000002 0.003061 0.133533 0.084368 0.084368 1.000000
0.084393 0.084393 0.084393 0.084393 0.084393 0.084393 0.084393 0.084393 0.000002 0.067687 0.133571 0.000009 0.084393 0.084393 0.001914 0.000000 0.044476 0.165349 0.084393 0.000502 1.000000
0.084386 0.084386 0.084386 0.084386 0.084386 0.084386 0.084386 0.084386 0.000003 0.084386 0.133561 0.000001 0.084386 0.084386 0.084386 0.000007 0.000135 0.086382 0.084386 0.000084 1.000000
0.084355 0.084355 0.084355 0.084355 0.084355 0.084355 0.084355 0.084355 0.000000 0.084355 0.022794 0.000263 0.007298 0.084355 0.084355 0.000006 0.000086 0.107491 0.084355 0.084355 1.000000
0.084392 0.084392 0.084392 0.084392 0.084392 0.084392 0.084392 0.084392 0.084392 0.084392 0.000023 0.000001 0.009126 0.084392 0.084392 0.000006 0.000028 0.165347 0.000004 0.084392 1.000000
0.084446 0.084446 0.084446 0.084446 0.084446 0.084446 0.084446 0.084446 0.084446 0.084446 0.165449 0.000012 0.000003 0.084446 0.084446 0.000005 0.165449 0.000803 0.067730 0.000011 1.000000
0.084491 0.084491 0.084491 0.084491 0.084491 0.084491 0.084491 0.084491 0.084491 0.084491 0.165533 0.002453 0.084491 0.084491 0.001533 0.000000 0.165533 0.165533 0.000084 0.000002 1.000000
0.084905 0.084905 0.084905 0.084905 0.084905 0.084905 0.084905 0.084905 0.000000 0.084905 0.011752 0.000517 0.007346 0.084905 0.084905 0.000006 0.000069 0.166312 0.043703 0.084905 1.000000
0.083976 0.083976 0.083976 0.083976 0.083976 0.083976 0.083976 0.083976 0.083976 0.083976 0.164564 0.000014 0.083976 0.000000 0.083976 0.000000 0.132924 0.132924 0.083976 0.083976 1.000000
0.084403 0.084403 0.084403 0.084403 0.084403 0.084403 0.084403 0.084403 0.000034 0.084403 0.133586 0.001960 0.000000 0.084403 0.067695 0.000006 0.000108 0.165367 0.054245 0.084403 1.000000
0.084373 0.084373 0.084373 0.084373 0.084373 0.084373 0.084373 0.084373 0.000005 0.067671 0.086368 0.000002 0.000084 0.067671 0.084373 0.000007 0.000086 0.165311 0.067671 0.084373 1.000000
0.084404 0.084404 0.084404 0.084404 0.084404 0.084404 0.084404 0.084404 0.000004 0.054246 0.165369 0.002450 0.084404 0.084404 0.000627 0.000006 0.000069 0.165369 0.084404 0.000321 1.000000
0.084446 0.084446 0.084446 0.084446 0.084446 0.084446 0.084446 0.084446 0.084446 0.000035 0.165449 0.003830 0.000000 0.084446 0.067730 0.000005 0.000135 0.165449 0.084446 0.084446 1.000000
0.084403 0.084403 0.084403 0.084403 0.084403 0.084403 0.084403 0.084403 0.000005 0.001914 0.133586 0.000000 0.084403 0.054245 0.084403 0.000007 0.000069 0.165367 0.067695 0.084403 1.000000
0.084457 0.084457 0.084457 0.084457 0.084457 0.084457 0.084457 0.084457 0.000018 0.084457 0.133671 0.000000 0.084457 0.084457 0.067739 0.000006 0.000000 0.165470 0.084457 0.084457 1.000000
0.084370 0.084370 0.084370 0.084370 0.084370 0.084370 0.084370 0.084370 0.000067 0.000784 0.165306 0.000000 0.084370 0.084370 0.067669 0.000006 0.035596 0.000108 0.067669 0.084370 1.000000
0.084402 0.084402 0.084402 0.084402 0.084402 0.084402 0.084402 0.084402 0.000009 0.084402 0.165367 0.000000 0.000627 0.054245 0.084402 0.000005 0.000012 0.133586 0.067695 0.084402 1.000000
0.084394 0.084394 0.084394 0.084394 0.084394 0.084394 0.084394 0.084394 0.000084 0.067688 0.165351 0.001568 0.034774 0.084394 0.000000 0.000007 0.000069 0.133573 0.084394 0.084394 1.000000
0.084432 0.084432 0.084432 0.084432 0.084432 0.084432 0.084432 0.084432 0.000002 0.084432 0.086429 0.000000 0.084432 0.084432 0.067718 0.000007 0.000069 0.165422 0.084432 0.084432 1.000000
0.084434 0.084434 0.084434 0.084434 0.084434 0.084434 0.084434 0.084434 0.000043 0.067720 0.165426 0.001961 0.000000 0.084434 0.067720 0.000007 0.000108 0.165426 0.084434 0.084434 1.000000
0.084325 0.084325 0.084325 0.084325 0.084325 0.084325 0.084325 0.084325 0.000131 0.067632 0.133465 0.004781 0.084325 0.084325 0.084325 0.000006 0.035577 0.000135 0.000401 0.000014 1.000000
0.084389 0.084389 0.084389 0.084389 0.084389 0.084389 0.084389 0.084389 0.000043 0.000043 0.133564 0.000003 0.084389 0.084389 0.084389 0.000006 0.000086 0.165341 0.067684 0.009125 1.000000
0.084389 0.084389 0.084389 0.084389 0.084389 0.084389 0.084389 0.084389 0.000054 0.084389 0.165341 0.003062 0.007301 0.084389 0.067684 0.000007 0.000086 0.133564 0.084389 0.000001 1.000000
0.084474 0.084474 0.084474 0.084474 0.084474 0.084474 0.084474 0.084474 0.084474 0.084474 0.165502 0.001004 0.000000 0.067753 0.084474 0.000000 0.165502 0.107642 0.084474 0.000043 1.000000
0.084425 0.084425 0.084425 0.084425 0.084425 0.084425 0.084425 0.084425 0.000000 0.084425 0.069323 0.000000 0.084425 0.067713 0.084425 0.000006 0.000009 0.165410 0.084425 0.084425 1.000000
0.084353 0.084353 0.084353 0.084353 0.084353 0.084353 0.084353 0.084353 0.000034 0.001224 0.000086 0.000000 0.084353 0.084353 0.084353 0.000007 0.000035 0.107489 0.084353 0.084353 1.000000
0.084330 0.084330 0.084330 0.084330 0.084330 0.084330 0.084330 0.084330 0.000043 0.000321 0.107459 0.000135 0.084330 0.000321 0.084330 0.000007 0.000086 0.133473 0.067636 0.054198 1.000000
0.084446 0.084446 0.084446 0.084446 0.084446 0.084446 0.084446 0.084446 0.000022 0.000402 0.165449 0.000000 0.084446 0.067730 0.084446 0.000007 0.000004 0.165449 0.084446 0.084446 1.000000
0.084412 0.084412 0.084412 0.084412 0.084412 0.084412 0.084412 0.084412 0.000054 0.084412 0.165384 0.003063 0.000005 0.067702 0.084412 0.000006 0.000086 0.165384 0.084412 0.001914 1.000000
0.084409 0.084409 0.084409 0.084409 0.084409 0.084409 0.084409 0.084409 0.000004 0.084409 0.055543 0.000000 0.067700 0.084409 0.084409 0.000006 0.000086 0.165379 0.067700 0.084409 1.000000
0.084015 0.084015 0.084015 0.084015 0.084015 0.084015 0.084015 0.084015 0.000000 0.067383 0.164638 0.086003 0.084015 0.084015 0.067383 0.000000 0.164638 0.164638 0.084015 0.084015 1.000000
0.084407 0.084407 0.084407 0.084407 0.084407 0.084407 0.084407 0.084407 0.000003 0.067699 0.107558 0.001568 0.084407 0.084407 0.084407 0.000006 0.000069 0.165376 0.000004 0.084407 1.000000
0.084438 0.084438 0.084438 0.084438 0.084438 0.084438 0.084438 0.084438 0.000002 0.084438 0.069333 0.000000 0.084438 0.084438 0.084438 0.000007 0.000086 0.165433 0.084438 0.084438 1.000000
0.084432 0.084432 0.084432 0.084432 0.084432 0.084432 0.084432 0.084432 0.000002 0.067718 0.086429 0.000000 0.084432 0.084432 0.084432 0.000007 0.000086 0.165422 0.084432 0.084432 1.000000
0.084438 0.084438 0.084438 0.084438 0.084438 0.084438 0.084438 0.084438 0.000002 0.084438 0.069333 0.000000 0.084438 0.084438 0.084438 0.000007 0.000086 0.165433 0.084438 0.084438 1.000000
0.084414 0.084414 0.084414 0.084414 0.084414 0.084414 0.084414 0.084414 0.000002 0.084414 0.069314 0.000000 0.084414 0.084414 0.084414 0.000007 0.000108 0.133604 0.084414 0.084414 1.000000
0.084477 0.084477 0.084477 0.084477 0.084477 0.084477 0.084477 0.084477 0.000011 0.084477 0.133702 0.000000 0.084477 0.067755 0.067755 0.000000 0.165508 0.165508 0.084477 0.003742 1.000000
0.084442 0.084442 0.084442 0.084442 0.084442 0.084442 0.084442 0.084442 0.000002 0.084442 0.107601 0.000000 0.084442 0.084442 0.067727 0.000007 0.000069 0.165441 0.084442 0.084442 1.000000
0.084425 0.084425 0.084425 0.084425 0.084425 0.084425 0.084425 0.084425 0.000002 0.067713 0.069323 0.000000 0.084425 0.084425 0.084425 0.000007 0.000086 0.165410 0.084425 0.084425 1.000000
0.084044 0.084044 0.084044 0.084044 0.084044 0.084044 0.084044 0.084044 0.067406 0.084044 0.164692 0.000000 0.084044 0.084044 0.084044 0.000000 0.164692 0.164692 0.084044 0.084044 1.000000
0.084435 0.084435 0.084435 0.084435 0.084435 0.084435 0.084435 0.084435 0.000002 0.084435 0.133636 0.000001 0.084435 0.084435 0.084435 0.000006 0.000069 0.165428 0.084435 0.000164 1.000000
0.084334 0.084334 0.084334 0.084334 0.084334 0.084334 0.084334 0.084334 0.000004 0.084334 0.086329 0.000000 0.084334 0.067640 0.009119 0.000007 0.035581 0.000135 0.084334 0.084334 1.000000
0.084459 0.084459 0.084459 0.084459 0.084459 0.084459 0.084459 0.084459 0.000022 0.084459 0.165472 0.002452 0.084459 0.084459 0.084459 0.000007 0.000086 0.165472 0.084459 0.000000 1.000000
0.084459 0.084459 0.084459 0.084459 0.084459 0.084459 0.084459 0.084459 0.000018 0.084459 0.165472 0.000055 0.084459 0.084459 0.084459 0.000006 0.000086 0.165472 0.000002 0.084459 1.000000
0.084434 0.084434 0.084434 0.084434 0.084434 0.084434 0.084434 0.084434 0.000002 0.084434 0.107591 0.000000 0.084434 0.084434 0.054265 0.000007 0.000086 0.165426 0.084434 0.084434 1.000000
0.084438 0.084438 0.084438 0.084438 0.084438 0.084438 0.084438 0.084438 0.000002 0.084438 0.069333 0.000000 0.084438 0.084438 0.084438 0.000007 0.000086 0.165433 0.084438 0.084438 1.000000
0.084438 0.084438 0.084438 0.084438 0.084438 0.084438 0.084438 0.084438 0.000002 0.084438 0.069333 0.000000 0.084438 0.084438 0.084438 0.000006 0.000069 0.165433 0.084438 0.084438 1.000000
0.084347 0.084347 0.084347 0.084347 0.084347 0.084347 0.084347 0.084347 0.000005 0.084347 0.133500 0.000000 0.067650 0.067650 0.084347 0.000007 0.035586 0.000135 0.000257 0.084347 1.000000
0.083988 0.083988 0.083988 0.083988 0.083988 0.083988 0.083988 0.083988 0.000001 0.083988 0.164587 0.000000 0.000131 0.083988 0.083988 0.000000 0.164587 0.164587 0.083988 0.083988 1.000000
0.084401 0.084401 0.084401 0.084401 0.084401 0.084401 0.084401 0.084401 0.000043 0.000132 0.133583 0.000002 0.084401 0.084401 0.084401 0.000007 0.000086 0.165363 0.084401 0.002991 1.000000
0.083988 0.083988 0.083988 0.083988 0.083988 0.083988 0.083988 0.083988 0.083988 0.083988 0.164587 0.000004 0.083988 0.083988 0.000001 0.000000 0.164587 0.164587 0.083988 0.000034 1.000000
0.084369 0.084369 0.084369 0.084369 0.084369 0.084369 0.084369 0.084369 0.000007 0.084369 0.069277 0.000001 0.084369 0.084369 0.001225 0.000006 0.000069 0.165304 0.084369 0.005839 1.000000
0.084490 0.084490 0.084490 0.084490 0.084490 0.084490 0.084490 0.084490 0.000001 0.067765 0.133721 0.000004 0.000054 0.084490 0.084490 0.000000 0.165531 0.165531 0.084490 0.084490 1.000000
0.084407 0.084407 0.084407 0.084407 0.084407 0.084407 0.084407 0.084407 0.000002 0.084407 0.107558 0.000069 0.084407 0.084407 0.084407 0.000006 0.000069 0.165376 0.067699 0.000022 1.000000
0.084438 0.084438 0.084438 0.084438 0.084438 0.084438 0.084438 0.084438 0.000002 0.084438 0.069333 0.000000 0.084438 0.084438 0.084438 0.000007 0.000086 0.165433 0.084438 0.084438 1.000000
0.084493 0.084493 0.084493 0.084493 0.084493 0.084493 0.084493 0.084493 0.000000 0.084493 0.000003 0.000000 0.084493 0.084493 0.084493 0.000000 0.165537 0.165537 0.084493 0.084493 1.000000
0.084438 0.084438 0.084438 0.084438 0.084438 0.084438 0.084438 0.084438 0.000002 0.084438 0.069333 0.000000 0.084438 0.084438 0.084438 0.000007 0.000086 0.165433 0.084438 0.084438 1.000000
0.084444 0.084444 0.084444 0.084444 0.084444 0.084444 0.084444 0.084444 0.000002 0.084444 0.086441 0.000000 0.084444 0.084444 0.084444 0.000007 0.000086 0.165445 0.084444 0.084444 1.000000
0.084386 0.084386 0.084386 0.084386 0.084386 0.084386 0.084386 0.084386 0.000022 0.084386 0.165336 0.000001 0.000084 0.011406 0.084386 0.000006 0.000108 0.107531 0.084386 0.084386 1.000000
0.084454 0.084454 0.084454 0.084454 0.084454 0.084454 0.084454 0.084454 0.000002 0.084454 0.107617 0.000000 0.084454 0.084454 0.084454 0.000007 0.000086 0.165464 0.084454 0.084454 1.000000
0.084438 0.084438 0.084438 0.084438 0.084438 0.084438 0.084438 0.084438 0.000002 0.084438 0.069333 0.000000 0.084438 0.084438 0.084438 0.000007 0.000086 0.165433 0.084438 0.084438 1.000000
0.084438 0.084438 0.084438 0.084438 0.084438 0.084438 0.084438 0.084438 0.000002 0.084438 0.069333 0.000000 0.084438 0.084438 0.084438 0.000007 0.000086 0.165433 0.084438 0.084438 1.000000
0.084481 0.084481 0.084481 0.084481 0.084481 0.084481 0.084481 0.084481 0.000014 0.084481 0.165514 0.000000 0.084481 0.084481 0.067758 0.000007 0.000000 0.165514 0.084481 0.084481 1.000000
0.084420 0.084420 0.084420 0.084420 0.084420 0.084420 0.084420 0.084420 0.000001 0.000007 0.107573 0.002451 0.084420 0.084420 0.084420 0.000006 0.000108 0.165399 0.084420 0.084420 1.000000
0.084435 0.084435 0.084435 0.084435 0.084435 0.084435 0.084435 0.084435 0.000002 0.000084 0.133636 0.000004 0.084435 0.084435 0.084435 0.000007 0.000086 0.165428 0.084435 0.084435 1.000000
0.084424 0.084424 0.084424 0.084424 0.084424 0.084424 0.084424 0.084424 0.000067 0.084424 0.165408 0.004787 0.005843 0.084424 0.084424 0.000006 0.000086 0.165408 0.084424 0.000001 1.000000
0.084414 0.084414 0.084414 0.084414 0.084414 0.084414 0.084414 0.084414 0.000002 0.084414 0.069314 0.000000 0.084414 0.084414 0.084414 0.000006 0.000086 0.133604 0.084414 0.084414 1.000000
0.084493 0.084493 0.084493 0.084493 0.084493 0.084493 0.084493 0.084493 0.000014 0.084493 0.165537 0.000000 0.084493 0.084493 0.084493 0.000006 0.000000 0.165537 0.084493 0.084493 1.000000
0.084410 0.084410 0.084410 0.084410 0.084410 0.084410 0.084410 0.084410 0.000002 0.084410 0.086406 0.000000 0.084410 0.000257 0.084410 0.000006 0.000086 0.165380 0.084410 0.084410 1.000000
0.084442 0.084442 0.084442 0.084442 0.084442 0.084442 0.084442 0.084442 0.000002 0.084442 0.107601 0.000000 0.084442 0.084442 0.067727 0.000007 0.000086 0.165441 0.084442 0.084442 1.000000
0.084420 0.084420 0.084420 0.084420 0.084420 0.084420 0.084420 0.084420 0.000002 0.084420 0.107573 0.000044 0.084420 0.084420 0.000022 0.000006 0.000069 0.165399 0.084420 0.084420 1.000000
0.084425 0.084425 0.084425 0.084425 0.084425 0.084425 0.084425 0.084425 0.000002 0.084425 0.069323 0.000000 0.084425 0.084425 0.084425 0.000007 0.000086 0.165410 0.067713 0.084425 1.000000
0.084435 0.084435 0.084435 0.084435 0.084435 0.084435 0.084435 0.084435 0.000002 0.084435 0.133636 0.000002 0.084435 0.084435 0.084435 0.000006 0.000069 0.165428 0.000132 0.084435 1.000000
0.084420 0.084420 0.084420 0.084420 0.084420 0.084420 0.084420 0.084420 0.000002 0.084420 0.107573 0.000000 0.084420 0.084420 0.084420 0.000007 0.000086 0.165399 0.001915 0.084420 1.000000
0.084438 0.084438 0.084438 0.084438 0.084438 0.084438 0.084438 0.084438 0.000002 0.084438 0.069333 0.000000 0.084438 0.084438 0.084438 0.000007 0.000086 0.165433 0.084438 0.084438 1.000000
0.084444 0.084444 0.084444 0.084444 0.084444 0.084444 0.084444 0.084444 0.000002 0.084444 0.086441 0.000000 0.084444 0.084444 0.084444 0.000007 0.000086 0.165445 0.084444 0.084444 1.000000
0.084493 0.084493 0.084493 0.084493 0.084493 0.084493 0.084493 0.084493 0.000000 0.084493 0.000003 0.000000 0.084493 0.084493 0.084493 0.000000 0.165537 0.165537 0.084493 0.084493 1.000000
0.084410 0.084410 0.084410 0.084410 0.084410 0.084410 0.084410 0.084410 0.000002 0.084410 0.086406 0.000028 0.084410 0.000028 0.084410 0.000007 0.000069 0.165380 0.084410 0.084410 1.000000
0.084470 0.084470 0.084470 0.084470 0.084470 0.084470 0.084470 0.084470 0.000011 0.084470 0.133690 0.000000 0.084470 0.084470 0.084470 0.000006 0.000000 0.165493 0.084470 0.084470 1.000000
0.084470 0.084470 0.084470 0.084470 0.084470 0.084470 0.084470 0.084470 0.000009 0.084470 0.165493 0.000000 0.084470 0.084470 0.084470 0.000007 0.000000 0.133690 0.084470 0.084470 1.000000
0.084435 0.084435 0.084435 0.084435 0.084435 0.084435 0.084435 0.084435 0.000002 0.084435 0.133636 0.000000 0.084435 0.084435 0.084435 0.000007 0.000086 0.165428 0.000784 0.084435 1.000000
0.084435 0.084435 0.084435 0.084435 0.084435 0.084435 0.084435 0.084435 0.000034 0.084435 0.133636 0.000000 0.084435 0.084435 0.084435 0.000007 0.000086 0.165428 0.084435 0.002992 1.000000
0.084454 0.084454 0.084454 0.084454 0.084454 0.084454 0.084454 0.084454 0.000002 0.084454 0.107617 0.000000 0.084454 0.084454 0.084454 0.000006 0.000086 0.165464 0.084454 0.084454 1.000000
0.084457 0.084457 0.084457 0.084457 0.084457 0.084457 0.084457 0.084457 0.000002 0.084457 0.133671 0.000000 0.084457 0.084457 0.067739 0.000007 0.000086 0.165470 0.084457 0.084457 1.000000
0.084022 0.084022 0.084022 0.084022 0.084022 0.084022 0.084022 0.084022 0.084022 0.084022 0.164651 0.000055 0.000000 0.084022 0.084022 0.000000 0.164651 0.164651 0.084022 0.084022 1.000000
0.084446 0.084446 0.084446 0.084446 0.084446 0.084446 0.084446 0.084446 0.000014 0.084446 0.133653 0.000000 0.084446 0.084446 0.084446 0.000006 0.133653 0.000028 0.084446 0.084446 1.000000
0.084459 0.084459 0.084459 0.084459 0.084459 0.084459 0.084459 0.084459 0.000022 0.084459 0.165472 0.002452 0.084459 0.000000 0.084459 0.000007 0.000086 0.165472 0.084459 0.084459 1.000000
0.084470 0.084470 0.084470 0.084470 0.084470 0.084470 0.084470 0.084470 0.000001 0.084470 0.133690 0.000000 0.084470 0.084470 0.084470 0.000007 0.000086 0.165493 0.084470 0.084470 1.000000
0.084470 0.084470 0.084470 0.084470 0.084470 0.084470 0.084470 0.084470 0.000001 0.084470 0.133690 0.000000 0.084470 0.084470 0.084470 0.000007 0.000086 0.165493 0.084470 0.084470 1.000000
0.084457 0.084457 0.084457 0.084457 0.084457 0.084457 0.084457 0.084457 0.000002 0.067739 0.133671 0.000000 0.084457 0.084457 0.084457 0.000007 0.000086 0.165470 0.084457 0.084457 1.000000
0.084470 0.084470 0.084470 0.084470 0.084470 0.084470 0.084470 0.084470 0.000001 0.084470 0.133690 0.000000 0.084470 0.084470 0.084470 0.000007 0.000086 0.165493 0.084470 0.084470 1.000000
0.084470 0.084470 0.084470 0.084470 0.084470 0.084470 0.084470 0.084470 0.000001 0.084470 0.133690 0.000000 0.084470 0.084470 0.084470 0.000007 0.000086 0.165493 0.084470 0.084470 1.000000
0.084428 0.084428 0.084428 0.084428 0.084428 0.084428 0.084428 0.084428 0.000000 0.000005 0.133625 0.001004 0.084428 0.084428 0.067715 0.000000 0.044494 0.165414 0.084428 0.084428 1.000000
0.084470 0.084470 0.084470 0.084470 0.084470 0.084470 0.084470 0.084470 0.000001 0.084470 0.133690 0.000000 0.084470 0.084470 0.084470 0.000007 0.000086 0.165493 0.084470 0.084470 1.000000
0.084470 0.084470 0.084470 0.084470 0.084470 0.084470 0.084470 0.084470 0.000001 0.084470 0.133690 0.000000 0.084470 0.084470 0.084470 0.000007 0.000086 0.165493 0.084470 0.084470 1.000000
0.084457 0.084457 0.084457 0.084457 0.084457 0.084457 0.084457 0.084457 0.000002 0.084457 0.133671 0.000000 0.084457 0.084457 0.084457 0.000007 0.000086 0.165470 0.067739 0.084457 1.000000
0.084470 0.084470 0.084470 0.084470 0.084470 0.084470 0.084470 0.084470 0.000002 0.084470 0.133690 0.000000 0.084470 0.084470 0.084470 0.000006 0.000086 0.165493 0.084470 0.084470 1.000000
0.084470 0.084470 0.084470 0.084470 0.084470 0.084470 0.084470 0.084470 0.000001 0.084470 0.133690 0.000000 0.084470 0.084470 0.084470 0.000007 0.000086 0.165493 0.084470 0.084470 1.000000
0.084470 0.084470 0.084470 0.084470 0.084470 0.084470 0.084470 0.084470 0.000001 0.084470 0.133690 0.000000 0.084470 0.084470 0.084470 0.000007 0.000086 0.165493 0.084470 0.084470 1.000000
0.084419 0.084419 0.084419 0.084419 0.084419 0.084419 0.084419 0.084419 0.000002 0.043450 0.086415 0.000000 0.084419 0.084419 0.084419 0.000007 0.000108 0.165398 0.084419 0.084419 1.000000
0.084467 0.084467 0.084467 0.084467 0.084467 0.084467 0.084467 0.084467 0.000018 0.084467 0.133686 0.000001 0.000165 0.084467 0.084467 0.000000 0.165489 0.165489 0.084467 0.001916 1.000000
0.084470 0.084470 0.084470 0.084470 0.084470 0.084470 0.084470 0.084470 0.000001 0.084470 0.133690 0.000000 0.084470 0.084470 0.084470 0.000007 0.000086 0.165493 0.084470 0.084470 1.000000
0.084470 0.084470 0.084470 0.084470 0.084470 0.084470 0.084470 0.084470 0.000001 0.084470 0.133690 0.000000 0.084470 0.084470 0.084470 0.000007 0.000086 0.165493 0.084470 0.084470 1.000000
0.084470 0.084470 0.084470 0.084470 0.084470 0.084470 0.084470 0.084470 0.000001 0.084470 0.133690 0.000000 0.084470 0.084470 0.084470 0.000007 0.000086 0.165493 0.084470 0.084470 1.000000
0.084421 0.084421 0.084421 0.084421 0.084421 0.084421 0.084421 0.084421 0.000002 0.084421 0.107575 0.000000 0.084421 0.084421 0.084421 0.000007 0.000086 0.165401 0.014262 0.084421 1.000000
0.084470 0.084470 0.084470 0.084470 0.084470 0.084470 0.084470 0.084470 0.000001 0.084470 0.133690 0.000000 0.084470 0.084470 0.084470 0.000007 0.000086 0.165493 0.084470 0.084470 1.000000
0.084470 0.084470 0.084470 0.084470 0.084470 0.084470 0.084470 0.084470 0.000001 0.084470 0.133690 0.000000 0.084470 0.084470 0.084470 0.000007 0.000086 0.165493 0.084470 0.084470 1.000000
0.084435 0.084435 0.084435 0.084435 0.084435 0.084435 0.084435 0.084435 0.000002 0.084435 0.133636 0.000000 0.084435 0.000321 0.084435 0.000007 0.000086 0.165428 0.084435 0.084435 1.000000
0.084457 0.084457 0.084457 0.084457 0.084457 0.084457 0.084457 0.084457 0.000002 0.067739 0.133671 0.000000 0.084457 0.084457 0.084457 0.000007 0.000086 0.165470 0.084457 0.084457 1.000000
0.084406 0.084406 0.084406 0.084406 0.084406 0.084406 0.084406 0.084406 0.000022 0.084406 0.133591 0.000000 0.084406 0.084406 0.084406 0.000007 0.035611 0.000028 0.084406 0.084406 1.000000
0.084470 0.084470 0.084470 0.084470 0.084470 0.084470 0.084470 0.084470 0.000001 0.084470 0.133690 0.000000 0.084470 0.084470 0.084470 0.000007 0.000086 0.165493 0.084470 0.084470 1.000000
0.084470 0.084470 0.084470 0.084470 0.084470 0.084470 0.084470 0.084470 0.000001 0.084470 0.133690 0.000000 0.084470 0.084470 0.084470 0.000007 0.000086 0.165493 0.084470 0.084470 1.000000
0.084435 0.084435 0.084435 0.084435 0.084435 0.084435 0.084435 0.084435 0.000034 0.084435 0.133636 0.000000 0.002992 0.084435 0.084435 0.000007 0.000086 0.165428 0.084435 0.084435 1.000000
0.084470 0.084470 0.084470 0.084470 0.084470 0.084470 0.084470 0.084470 0.000001 0.084470 0.133690 0.000000 0.084470 0.084470 0.084470 0.000007 0.000086 0.165493 0.084470 0.084470 1.000000
0.084470 0.084470 0.084470 0.084470 0.084470 0.084470 0.084470 0.084470 0.000001 0.084470 0.133690 0.000000 0.084470 0.084470 0.084470 0.000007 0.000086 0.165493 0.084470 0.084470 1.000000
0.084435 0.084435 0.084435 0.084435 0.084435 0.084435 0.084435 0.084435 0.000014 0.084435 0.133637 0.000000 0.084435 0.084435 0.084435 0.000007 0.000086 0.165429 0.084435 0.007305 1.000000
0.084023 0.084023 0.084023 0.084023 0.084023 0.084023 0.084023 0.084023 0.084023 0.000000 0.164652 0.018166 0.084023 0.084023 0.084023 0.000000 0.164652 0.164652 0.084023 0.084023 1.000000
0.084470 0.084470 0.084470 0.084470 0.084470 0.084470 0.084470 0.084470 0.000001 0.084470 0.133690 0.000000 0.084470 0.084470 0.084470 0.000007 0.000086 0.165493 0.084470 0.084470 1.000000
0.084470 0.084470 0.084470 0.084470 0.084470 0.084470 0.084470 0.084470 0.000001 0.084470 0.133690 0.000000 0.084470 0.084470 0.084470 0.000007 0.000086 0.165493 0.084470 0.084470 1.000000
0.084470 0.084470 0.084470 0.084470 0.084470 0.084470 0.084470 0.084470 0.000001 0.084470 0.133690 0.000000 0.084470 0.084470 0.084470 0.000007 0.000086 0.165493 0.084470 0.084470 1.000000
0.084470 0.084470 0.084470 0.084470 0.084470 0.084470 0.084470 0.084470 0.000001 0.084470 0.133690 0.000000 0.084470 0.084470 0.084470 0.000007 0.000086 0.165493 0.084470 0.084470 1.000000
0.084434 0.084434 0.084434 0.084434 0.084434 0.084434 0.084434 0.084434 0.000002 0.084434 0.133634 0.000000 0.084434 0.067720 0.084434 0.000006 0.000086 0.133634 0.084434 0.084434 1.000000
0.084470 0.084470 0.084470 0.084470 0.084470 0.084470 0.084470 0.084470 0.000001 0.084470 0.133690 0.000000 0.084470 0.084470 0.084470 0.000007 0.000086 0.165493 0.084470 0.084470 1.000000
0.084435 0.084435 0.084435 0.084435 0.084435 0.084435 0.084435 0.084435 0.000034 0.084435 0.133636 0.000000 0.084435 0.084435 0.084435 0.000007 0.000086 0.165428 0.084435 0.002992 1.000000
0.084470 0.084470 0.084470 0.084470 0.084470 0.084470 0.084470 0.084470 0.000001 0.084470 0.133690 0.000000 0.084470 0.084470 0.084470 0.000007 0.000086 0.165493 0.084470 0.084470 1.000000
0.084560 0.084560 0.084560 0.084560 0.084560 0.084560 0.084560 0.084560 0.084560 0.000000 0.165664 0.000000 0.084560 0.084560 0.084560 0.000000 0.165664 0.165664 0.084560 0.084560 1.000000
0.084470 0.084470 0.084470 0.084470 0.084470 0.084470 0.084470 0.084470 0.000001 0.084470 0.133690 0.000000 0.084470 0.084470 0.084470 0.000007 0.000086 0.165493 0.084470 0.084470 1.000000
0.084022 0.084022 0.084022 0.084022 0.084022 0.084022 0.084022 0.084022 0.000000 0.084022 0.164651 0.000000 0.084022 0.084022 0.084022 0.000000 0.164651 0.164651 0.084022 0.084022 1.000000
0.084470 0.084470 0.084470 0.084470 0.084470 0.084470 0.084470 0.084470 0.000001 0.084470 0.133690 0.000000 0.084470 0.084470 0.084470 0.000007 0.000086 0.165493 0.084470 0.084470 1.000000
0.084470 0.084470 0.084470 0.084470 0.084470 0.084470 0.084470 0.084470 0.000001 0.084470 0.133690 0.000000 0.084470 0.084470 0.084470 0.000007 0.000086 0.165493 0.084470 0.084470 1.000000
0.084470 0.084470 0.084470 0.084470 0.084470 0.084470 0.084470 0.084470 0.000001 0.084470 0.133690 0.000000 0.084470 0.084470 0.084470 0.000007 0.000086 0.165493 0.084470 0.084470 1.000000
0.084435 0.084435 0.084435 0.084435 0.084435 0.084435 0.084435 0.084435 0.000034 0.084435 0.133636 0.000000 0.002992 0.084435 0.084435 0.000007 0.000086 0.165428 0.084435 0.084435 1.000000
0.084470 0.084470 0.084470 0.084470 0.084470 0.084470 0.084470 0.084470 0.000001 0.084470 0.133690 0.000000 0.084470 0.084470 0.084470 0.000007 0.000086 0.165493 0.084470 0.084470 1.000000
0.084470 0.084470 0.084470 0.084470 0.084470 0.084470 0.084470 0.084470 0.000001 0.084470 0.133690 0.000000 0.084470 0.084470 0.084470 0.000007 0.000086 0.165493 0.084470 0.084470 1.000000
0.084457 0.084457 0.084457 0.084457 0.084457 0.084457 0.084457 0.084457 0.000002 0.084457 0.133671 0.000000 0.084457 0.067739 0.084457 0.000007 0.000086 0.165470 0.084457 0.084457 1.000000
0.084470 0.084470 0.084470 0.084470 0.084470 0.084470 0.084470 0.084470 0.000001 0.084470 0.133690 0.000000 0.084470 0.084470 0.084470 0.000007 0.000086 0.165493 0.084470 0.084470 1.000000
0.084470 0.084470 0.084470 0.084470 0.084470 0.084470 0.084470 0.084470 0.000001 0.084470 0.133690 0.000000 0.084470 0.084470 0.084470 0.000007 0.000086 0.165493 0.084470 0.084470 1.000000
0.084470 0.084470 0.084470 0.084470 0.084470 0.084470 0.084470 0.084470 0.000001 0.084470 0.133690 0.000000 0.084470 0.084470 0.084470 0.000007 0.000086 0.165493 0.084470 0.084470 1.000000
0.084470 0.084470 0.084470 0.084470 0.084470 0.084470 0.084470 0.084470 0.000001 0.084470 0.133690 0.000000 0.084470 0.084470 0.084470 0.000007 0.000086 0.165493 0.084470 0.084470 1.000000
0.084470 0.084470 0.084470 0.084470 0.084470 0.084470 0.084470 0.084470 0.000001 0.084470 0.133690 0.000000 0.084470 0.084470 0.084470 0.000007 0.000086 0.165493 0.084470 0.084470 1.000000
0.084470 0.084470 0.084470 0.084470 0.084470 0.084470 0.084470 0.084470 0.000001 0.084470 0.133690 0.000000 0.084470 0.084470 0.084470 0.000007 0.000086 0.165493 0.084470 0.084470 1.000000
0.084389 0.084389 0.084389 0.084389 0.084389 0.084389 0.084389 0.084389 0.000002 0.084389 0.107535 0.000000 0.084389 0.084389 0.084389 0.000007 0.028496 0.000168 0.084389 0.084389 1.000000
0.084493 0.084493 0.084493 0.084493 0.084493 0.084493 0.084493 0.084493 0.000000 0.084493 0.000003 0.000000 0.084493 0.084493 0.084493 0.000000 0.165537 0.165537 0.084493 0.084493 1.000000
0.084470 0.084470 0.084470 0.084470 0.084470 0.084470 0.084470 0.084470 0.000001 0.084470 0.133690 0.000000 0.084470 0.084470 0.084470 0.000007 0.000086 0.165493 0.084470 0.084470 1.000000
0.084470 0.084470 0.084470 0.084470 0.084470 0.084470 0.084470 0.084470 0.000001 0.084470 0.133690 0.000000 0.084470 0.084470 0.084470 0.000007 0.000086 0.165493 0.084470 0.084470 1.000000
0.084457 0.084457 0.084457 0.084457 0.084457 0.084457 0.084457 0.084457 0.000002 0.084457 0.133671 0.000000 0.084457 0.084457 0.084457 0.000007 0.000086 0.165470 0.067739 0.084457 1.000000
0.084470 0.084470 0.084470 0.084470 0.084470 0.084470 0.084470 0.084470 0.000001 0.084470 0.133690 0.000000 0.084470 0.084470 0.084470 0.000007 0.000086 0.165493 0.084470 0.084470 1.000000
0.084470 0.084470 0.084470 0.084470 0.084470 0.084470 0.084470 0.084470 0.000001 0.084470 0.133690 0.000000 0.084470 0.084470 0.084470 0.000007 0.000086 0.165493 0.084470 0.084470 1.000000
0.084470 0.084470 0.084470 0.084470 0.084470 0.084470 0.084470 0.084470 0.000001 0.084470 0.133690 0.000000 0.084470 0.084470 0.084470 0.000007 0.000086 0.165493 0.084470 0.084470 1.000000
0.084470 0.084470 0.084470 0.084470 0.084470 0.084470 0.084470 0.084470 0.000001 0.084470 0.133690 0.000000 0.084470 0.084470 0.084470 0.000007 0.000086 0.165493 0.084470 0.084470 1.000000
0.084493 0.084493 0.084493 0.084493 0.084493 0.084493 0.084493 0.084493 0.000000 0.084493 0.165537 0.000000 0.084493 0.084493 0.084493 0.000002 0.003833 0.165537 0.084493 0.084493 1.000000
0.084470 0.084470 0.084470 0.084470 0.084470 0.084470 0.084470 0.084470 0.000001 0.084470 0.133690 0.000000 0.084470 0.084470 0.084470 0.000007 0.000086 0.165493 0.084470 0.084470 1.000000
0.084470 0.084470 0.084470 0.084470 0.084470 0.084470 0.084470 0.084470 0.000001 0.084470 0.133690 0.000000 0.084470 0.084470 0.084470 0.000007 0.000086 0.165493 0.084470 0.084470 1.000000
0.084444 0.084444 0.084444 0.084444 0.084444 0.084444 0.084444 0.084444 0.000002 0.084444 0.086441 0.000000 0.084444 0.084444 0.084444 0.000007 0.000086 0.165445 0.084444 0.084444 1.000000
0.084470 0.084470 0.084470 0.084470 0.084470 0.084470 0.084470 0.084470 0.000001 0.084470 0.133690 0.000000 0.084470 0.084470 0.084470 0.000007 0.000086 0.165493 0.084470 0.084470 1.000000
0.084470 0.084470 0.084470 0.084470 0.084470 0.084470 0.084470 0.084470 0.000001 0.084470 0.133690 0.000000 0.084470 0.084470 0.084470 0.000007 0.000086 0.165493 0.084470 0.084470 1.000000
0.084389 0.084389 0.084389 0.084389 0.084389 0.084389 0.084389 0.084389 0.000002 0.084389 0.107535 0.000000 0.084389 0.084389 0.084389 0.000007 0.028496 0.000168 0.084389 0.084389 1.000000
0.084470 0.084470 0.084470 0.084470 0.084470 0.084470 0.084470 0.084470 0.000001 0.084470 0.133690 0.000000 0.084470 0.084470 0.084470 0.000007 0.000086 0.165493 0.084470 0.084470 1.000000
0.084470 0.084470 0.084470 0.084470 0.084470 0.084470 0.084470 0.084470 0.000001 0.084470 0.133690 0.000000 0.084470 0.084470 0.084470 0.000007 0.000086 0.165493 0.084470 0.084470 1.000000
0.084470 0.084470 0.084470 0.084470 0.084470 0.084470 0.084470 0.084470 0.000001 0.084470 0.133690 0.000000 0.084470 0.084470 0.084470 0.000007 0.000086 0.165493 0.084470 0.084470 1.000000
0.084470 0.084470 0.084470 0.084470 0.084470 0.084470 0.084470 0.084470 0.000001 0.084470 0.133690 0.000000 0.084470 0.084470 0.084470 0.000007 0.000086 0.165493 0.084470 0.084470 1.000000
0.084470 0.084470 0.084470 0.084470 0.084470 0.084470 0.084470 0.084470 0.000001 0.084470 0.133690 0.000000 0.084470 0.084470 0.084470 0.000007 0.000086 0.165493 0.084470 0.084470 1.000000
0.084470 0.084470 0.084470 0.084470 0.084470 0.084470 0.084470 0.084470 0.000001 0.084470 0.133690 0.000000 0.084470 0.084470 0.084470 0.000007 0.000086 0.165493 0.084470 0.084470 1.000000
0.084470 0.084470 0.084470 0.084470 0.084470 0.084470 0.084470 0.084470 0.000001 0.084470 0.133690 0.000000 0.084470 0.084470 0.084470 0.000007 0.000086 0.165493 0.084470 0.084470 1.000000
0.084470 0.084470 0.084470 0.084470 0.084470 0.084470 0.084470 0.084470 0.000001 0.084470 0.133690 0.000000 0.084470 0.084470 0.084470 0.000007 0.000086 0.165493 0.084470 0.084470 1.000000
0.084470 0.084470 0.084470 0.084470 0.084470 0.084470 0.084470 0.084470 0.000001 0.084470 0.133690 0.000000 0.084470 0.084470 0.084470 0.000007 0.000086 0.165493 0.084470 0.084470 1.000000
0.084470 0.084470 0.084470 0.084470 0.084470 0.084470 0.084470 0.084470 0.000001 0.084470 0.133690 0.000000 0.084470 0.084470 0.084470 0.000007 0.000086 0.165493 0.084470 0.084470 1.000000
0.084470 0.084470 0.084470 0.084470 0.084470 0.084470 0.084470 0.084470 0.000001 0.084470 0.133690 0.000000 0.084470 0.084470 0.084470 0.000007 0.000086 0.165493 0.084470 0.084470 1.000000
0.084470 0.084470 0.084470 0.084470 0.084470 0.084470 0.084470 0.084470 0.000001 0.084470 0.133690 0.000000 0.084470 0.084470 0.084470 0.000006 0.000108 0.165493 0.084470 0.084470 1.000000
0.084470 0.084470 0.084470 0.084470 0.084470 0.084470 0.084470 0.084470 0.000001 0.084470 0.133690 0.000000 0.084470 0.084470 0.084470 0.000006 0.000108 0.165493 0.084470 0.084470 1.000000
0.084470 0.084470 0.084470 0.084470 0.084470 0.084470 0.084470 0.084470 0.000001 0.084470 0.133690 0.000000 0.084470 0.084470 0.084470 0.000006 0.000108 0.165493 0.084470 0.084470 1.000000
0.084470 0.084470 0.084470 0.084470 0.084470 0.084470 0.084470 0.084470 0.000001 0.084470 0.133690 0.000000 0.084470 0.084470 0.084470 0.000006 0.000108 0.165493 0.084470 0.084470 1.000000
0.084470 0.084470 0.084470 0.084470 0.084470 0.084470 0.084470 0.084470 0.000001 0.084470 0.133690 0.000000 0.084470 0.084470 0.084470 0.000006 0.000108 0.165493 0.084470 0.084470 1.000000
0.084470 0.084470 0.084470 0.084470 0.084470 0.084470 0.084470 0.084470 0.000001 0.084470 0.133690 0.000000 0.084470 0.084470 0.084470 0.000006 0.000108 0.165493 0.084470 0.084470 1.000000
0.084470 0.084470 0.084470 0.084470 0.084470 0.084470 0.084470 0.084470 0.000001 0.084470 0.133690 0.000000 0.084470 0.084470 0.084470 0.000006 0.000108 0.165493 0.084470 0.084470 1.000000
0.084470 0.084470 0.084470 0.084470 0.084470 0.084470 0.084470 0.084470 0.000001 0.084470 0.133690 0.000000 0.084470 0.084470 0.084470 0.000006 0.000108 0.165493 0.084470 0.084470 1.000000
0.084470 0.084470 0.084470 0.084470 0.084470 0.084470 0.084470 0.084470 0.000001 0.084470 0.133690 0.000000 0.084470 0.084470 0.084470 0.000006 0.000108 0.165493 0.084470 0.084470 1.000000
0.084470 0.084470 0.084470 0.084470 0.084470 0.084470 0.084470 0.084470 0.000001 0.084470 0.133690 0.000000 0.084470 0.084470 0.084470 0.000006 0.000108 0.165493 0.084470 0.084470 1.000000
0.084470 0.084470 0.084470 0.084470 0.084470 0.084470 0.084470 0.084470 0.000001 0.084470 0.133690 0.000000 0.084470 0.084470 0.084470 0.000006 0.000108 0.165493 0.084470 0.084470 1.000000
0.084470 0.084470 0.084470 0.084470 0.084470 0.084470 0.084470 0.084470 0.000001 0.084470 0.133690 0.000000 0.084470 0.084470 0.084470 0.000006 0.000108 0.165493 0.084470 0.084470 1.000000
0.084470 0.084470 0.084470 0.084470 0.084470 0.084470 0.084470 0.084470 0.000001 0.084470 0.133690 0.000000 0.084470 0.084470 0.084470 0.000006 0.000108 0.165493 0.084470 0.084470 1.000000
0.084470 0.084470 0.084470 0.084470 0.084470 0.084470 0.084470 0.084470 0.000001 0.084470 0.133690 0.000000 0.084470 0.084470 0.084470 0.000006 0.000108 0.165493 0.084470 0.084470 1.000000
0.084470 0.084470 0.084470 0.084470 0.084470 0.084470 0.084470 0.084470 0.000001 0.084470 0.133690 0.000000 0.084470 0.084470 0.084470 0.000006 0.000108 0.165493 0.084470 0.084470 1.000000
0.084470 0.084470 0.084470 0.084470 0.084470 0.084470 0.084470 0.084470 0.000001 0.084470 0.133690 0.000000 0.084470 0.084470 0.084470 0.000006 0.000108 0.165493 0.084470 0.084470 1.000000
0.084470 0.084470 0.084470 0.084470 0.084470 0.084470 0.084470 0.084470 0.000001 0.084470 0.133690 0.000000 0.084470 0.084470 0.084470 0.000006 0.000108 0.165493 0.084470 0.084470 1.000000
0.084470 0.084470 0.084470 0.084470 0.084470 0.084470 0.084470 0.084470 0.000001 0.084470 0.133690 0.000000 0.084470 0.084470 0.084470 0.000006 0.000108 0.165493 0.084470 0.084470 1.000000
0.084470 0.084470 0.084470 0.084470 0.084470 0.084470 0.084470 0.084470 0.000001 0.084470 0.133690 0.000000 0.084470 0.084470 0.084470 0.000006 0.000108 0.165493 0.084470 0.084470 1.000000
0.084470 0.084470 0.084470 0.084470 0.084470 0.084470 0.084470 0.084470 0.000001 0.084470 0.133690 0.000000 0.084470 0.084470 0.084470 0.000006 0.000108 0.165493 0.084470 0.084470 1.000000
0.084470 0.084470 0.084470 0.084470 0.084470 0.084470 0.084470 0.084470 0.000001 0.084470 0.133690 0.000000 0.084470 0.084470 0.084470 0.000006 0.000108 0.165493 0.084470 0.084470 1.000000
0.084470 0.084470 0.084470 0.084470 0.084470 0.084470 0.084470 0.084470 0.000001 0.084470 0.133690 0.000000 0.084470 0.084470 0.084470 0.000006 0.000108 0.165493 0.084470 0.084470 1.000000
0.084470 0.084470 0.084470 0.084470 0.084470 0.084470 0.084470 0.084470 0.000001 0.084470 0.133690 0.000000 0.084470 0.084470 0.084470 0.000006 0.000108 0.165493 0.084470 0.084470 1.000000
0.084470 0.084470 0.084470 0.084470 0.084470 0.084470 0.084470 0.084470 0.000001 0.084470 0.133690 0.000000 0.084470 0.084470 0.084470 0.000006 0.000108 0.165493 0.084470 0.084470 1.000000
0.084470 0.084470 0.084470 0.084470 0.084470 0.084470 0.084470 0.084470 0.000001 0.084470 0.133690 0.000000 0.084470 0.084470 0.084470 0.000006 0.000108 0.165493 0.084470 0.084470 1.000000
0.084470 0.084470 0.084470 0.084470 0.084470 0.084470 0.084470 0.084470 0.000001 0.084470 0.133690 0.000000 0.084470 0.084470 0.084470 0.000006 0.000108 0.165493 0.084470 0.084470 1.000000
0.083988 0.083988 0.083988 0.083988 0.083988 0.083988 0.083988 0.083988 0.000009 0.083988 0.164587 0.000000 0.000399 0.083988 0.083988 0.000000 0.164587 0.164587 0.083988 0.083988 1.000000
0.084470 0.084470 0.084470 0.084470 0.084470 0.084470 0.084470 0.084470 0.000001 0.084470 0.133690 0.000000 0.084470 0.084470 0.084470 0.000006 0.000108 0.165493 0.084470 0.084470 1.000000
0.084470 0.084470 0.084470 0.084470 0.084470 0.084470 0.084470 0.084470 0.000001 0.084470 0.133690 0.000000 0.084470 0.084470 0.084470 0.000006 0.000108 0.165493 0.084470 0.084470 1.000000
0.084470 0.084470 0.084470 0.084470 0.084470 0.084470 0.084470 0.084470 0.000001 0.084470 0.133690 0.000000 0.084470 0.084470 0.084470 0.000006 0.000108 0.165493 0.084470 0.084470 1.000000
0.084470 0.084470 0.084470 0.084470 0.084470 0.084470 0.084470 0.084470 0.000001 0.084470 0.133690 0.000000 0.084470 0.084470 0.084470 0.000006 0.000108 0.165493 0.084470 0.084470 1.000000
0.084470 0.084470 0.084470 0.084470 0.084470 0.084470 0.084470 0.084470 0.000001 0.084470 0.133690 0.000000 0.084470 0.084470 0.084470 0.000006 0.000108 0.165493 0.084470 0.084470 1.000000
0.084470 0.084470 0.084470 0.084470 0.084470 0.084470 0.084470 0.084470 0.000001 0.084470 0.133690 0.000000 0.084470 0.084470 0.084470 0.000006 0.000108 0.165493 0.084470 0.084470 1.000000
0.084470 0.084470 0.084470 0.084470 0.084470 0.084470 0.084470 0.084470 0.000001 0.084470 0.133690 0.000000 0.084470 0.084470 0.084470 0.000006 0.000108 0.165493 0.084470 0.084470 1.000000
0.084470 0.084470 0.084470 0.084470 0.084470 0.084470 0.084470 0.084470 0.000001 0.084470 0.133690 0.000000 0.084470 0.084470 0.084470 0.000006 0.000108 0.165493 0.084470 0.084470 1.000000
0.084470 0.084470 0.084470 0.084470 0.084470 0.084470 0.084470 0.084470 0.000001 0.084470 0.133690 0.000000 0.084470 0.084470 0.084470 0.000006 0.000108 0.165493 0.084470 0.084470 1.000000
0.084470 0.084470 0.084470 0.084470 0.084470 0.084470 0.084470 0.084470 0.000001 0.084470 0.133690 0.000000 0.084470 0.084470 0.084470 0.000006 0.000108 0.165493 0.084470 0.084470 1.000000
0.084470 0.084470 0.084470 0.084470 0.084470 0.084470 0.084470 0.084470 0.000001 0.084470 0.133690 0.000000 0.084470 0.084470 0.084470 0.000006 0.000108 0.165493 0.084470 0.084470 1.000000
0.084470 0.084470 0.084470 0.084470 0.084470 0.084470 0.084470 0.084470 0.000001 0.084470 0.133690 0.000000 0.084470 0.084470 0.084470 0.000006 0.000108 0.165493 0.084470 0.084470 1.000000
0.084470 0.084470 0.084470 0.084470 0.084470 0.084470 0.084470 0.084470 0.000001 0.084470 0.133690 0.000000 0.084470 0.084470 0.084470 0.000006 0.000108 0.165493 0.084470 0.084470 1.000000
0.084470 0.084470 0.084470 0.084470 0.084470 0.084470 0.084470 0.084470 0.000001 0.084470 0.133690 0.000000 0.084470 0.084470 0.084470 0.000006 0.000108 0.165493 0.084470 0.084470 1.000000
0.084470 0.084470 0.084470 0.084470 0.084470 0.084470 0.084470 0.084470 0.000001 0.084470 0.133690 0.000000 0.084470 0.084470 0.084470 0.000006 0.000108 0.165493 0.084470 0.084470 1.000000
0.084470 0.084470 0.084470 0.084470 0.084470 0.084470 0.084470 0.084470 0.000001 0.084470 0.133690 0.000000 0.084470 0.084470 0.084470 0.000006 0.000108 0.165493 0.084470 0.084470 1.000000
0.084470 0.084470 0.084470 0.084470 0.084470 0.084470 0.084470 0.084470 0.000001 0.084470 0.133690 0.000000 0.084470 0.084470 0.084470 0.000006 0.000108 0.165493 0.084470 0.084470 1.000000
0.084470 0.084470 0.084470 0.084470 0.084470 0.084470 0.084470 0.084470 0.000001 0.084470 0.133690 0.000000 0.084470 0.084470 0.084470 0.000006 0.000108 0.165493 0.084470 0.084470 1.000000
0.084470 0.084470 0.084470 0.084470 0.084470 0.084470 0.084470 0.084470 0.000001 0.084470 0.133690 0.000000 0.084470 0.084470 0.084470 0.000006 0.000108 0.165493 0.084470 0.084470 1.000000
0.084470 0.084470 0.084470 0.084470 0.084470 0.084470 0.084470 0.084470 0.000001 0.084470 0.133690 0.000000 0.084470 0.084470 0.084470 0.000006 0.000108 0.165493 0.084470 0.084470 1.000000
0.084470 0.084470 0.084470 0.084470 0.084470 0.084470 0.084470 0.084470 0.000001 0.084470 0.133690 0.000000 0.084470 0.084470 0.084470 0.000006 0.000108 0.165493 0.084470 0.084470 1.000000
0.084470 0.084470 0.084470 0.084470 0.084470 0.084470 0.084470 0.084470 0.000001 0.084470 0.133690 0.000000 0.084470 0.084470 0.084470 0.000006 0.000108 0.165493 0.084470 0.084470 1.000000
0.084470 0.084470 0.084470 0.084470 0.084470 0.084470 0.084470 0.084470 0.000001 0.084470 0.133690 0.000000 0.084470 0.084470 0.084470 0.000006 0.000108 0.165493 0.084470 0.084470 1.000000
0.084470 0.084470 0.084470 0.084470 0.084470 0.084470 0.084470 0.084470 0.000001 0.084470 0.133690 0.000000 0.084470 0.084470 0.084470 0.000006 0.000108 0.165493 0.084470 0.084470 1.000000
0.084470 0.084470 0.084470 0.084470 0.084470 0.084470 0.084470 0.084470 0.000001 0.084470 0.133690 0.000000 0.084470 0.084470 0.084470 0.000006 0.000108 0.165493 0.084470 0.084470 1.000000
0.084470 0.084470 0.084470 0.084470 0.084470 0.084470 0.084470 0.084470 0.000001 0.084470 0.133690 0.000000 0.084470 0.084470 0.084470 0.000006 0.000108 0.165493 0.084470 0.084470 1.000000
0.084470 0.084470 0.084470 0.084470 0.084470 0.084470 0.084470 0.084470 0.000001 0.084470 0.133690 0.000000 0.084470 0.084470 0.084470 0.000006 0.000108 0.165493 0.084470 0.084470 1.000000
0.084470 0.084470 0.084470 0.084470 0.084470 0.084470 0.084470 0.084470 0.000001 0.084470 0.133690 0.000000 0.084470 0.084470 0.084470 0.000006 0.000108 0.165493 0.084470 0.084470 1.000000
0.084470 0.084470 0.084470 0.084470 0.084470 0.084470 0.084470 0.084470 0.000001 0.084470 0.133690 0.000000 0.084470 0.084470 0.084470 0.000006 0.000108 0.165493 0.084470 0.084470 1.000000
0.084470 0.084470 0.084470 0.084470 0.084470 0.084470 0.084470 0.084470 0.000001 0.084470 0.133690 0.000000 0.084470 0.084470 0.084470 0.000006 0.000108 0.165493 0.084470 0.084470 1.000000
0.084470 0.084470 0.084470 0.084470 0.084470 0.084470 0.084470 0.084470 0.000001 0.084470 0.133690 0.000000 0.084470 0.084470 0.084470 0.000006 0.000108 0.165493 0.084470 0.084470 1.000000
0.084470 0.084470 0.084470 0.084470 0.084470 0.084470 0.084470 0.084470 0.000001 0.084470 0.133690 0.000000 0.084470 0.084470 0.084470 0.000006 0.000108 0.165493 0.084470 0.084470 1.000000
0.084470 0.084470 0.084470 0.084470 0.084470 0.084470 0.084470 0.084470 0.000001 0.084470 0.133690 0.000000 0.084470 0.084470 0.084470 0.000006 0.000108 0.165493 0.084470 0.084470 1.000000
0.084470 0.084470 0.084470 0.084470 0.084470 0.084470 0.084470 0.084470 0.000001 0.084470 0.133690 0.000000 0.084470 0.084470 0.084470 0.000006 0.000108 0.165493 0.084470 0.084470 1.000000
0.084470 0.084470 0.084470 0.084470 0.084470 0.084470 0.084470 0.084470 0.000001 0.084470 0.133690 0.000000 0.084470 0.084470 0.084470 0.000006 0.000108 0.165493 0.084470 0.084470 1.000000
0.084470 0.084470 0.084470 0.084470 0.084470 0.084470 0.084470 0.084470 0.000001 0.084470 0.133690 0.000000 0.084470 0.084470 0.084470 0.000006 0.000108 0.165493 0.084470 0.084470 1.000000
0.084470 0.084470 0.084470 0.084470 0.084470 0.084470 0.084470 0.084470 0.000001 0.084470 0.133690 0.000000 0.084470 0.084470 0.084470 0.000006 0.000108 0.165493 0.084470 0.084470 1.000000
0.084470 0.084470 0.084470 0.084470 0.084470 0.084470 0.084470 0.084470 0.000001 0.084470 0.133690 0.000000 0.084470 0.084470 0.084470 0.000006 0.000108 0.165493 0.084470 0.084470 1.000000
0.084470 0.084470 0.084470 0.084470 0.084470 0.084470 0.084470 0.084470 0.000001 0.084470 0.133690 0.000000 0.084470 0.084470 0.084470 0.000006 0.000108 0.165493 0.084470 0.084470 1.000000
0.084470 0.084470 0.084470 0.084470 0.084470 0.084470 0.084470 0.084470 0.000001 0.084470 0.133690 0.000000 0.084470 0.084470 0.084470 0.000006 0.000108 0.165493 0.084470 0.084470 1.000000
0.084470 0.084470 0.084470 0.084470 0.084470 0.084470 0.084470 0.084470 0.000001 0.084470 0.133690 0.000000 0.084470 0.084470 0.084470 0.000006 0.000108 0.165493 0.084470 0.084470 1.000000
0.084470 0.084470 0.084470 0.084470 0.084470 0.084470 0.084470 0.084470 0.000001 0.084470 0.133690 0.000000 0.084470 0.084470 0.084470 0.000006 0.000108 0.165493 0.084470 0.084470 1.000000
0.084470 0.084470 0.084470 0.084470 0.084470 0.084470 0.084470 0.084470 0.000001 0.084470 0.133690 0.000000 0.084470 0.084470 0.084470 0.000006 0.000108 0.165493 0.084470 0.084470 1.000000
0.084470 0.084470 0.084470 0.084470 0.084470 0.084470 0.084470 0.084470 0.000001 0.084470 0.133690 0.000000 0.084470 0.084470 0.084470 0.000006 0.000108 0.165493 0.084470 0.084470 1.000000
0.084470 0.084470 0.084470 0.084470 0.084470 0.084470 0.084470 0.084470 0.000001 0.084470 0.133690 0.000000 0.084470 0.084470 0.084470 0.000006 0.000108 0.165493 0.084470 0.084470 1.000000
0.084470 0.084470 0.084470 0.084470 0.084470 0.084470 0.084470 0.084470 0.000001 0.084470 0.133690 0.000000 0.084470 0.084470 0.084470 0.000006 0.000108 0.165493 0.084470 0.084470 1.000000
0.084470 0.084470 0.084470 0.084470 0.084470 0.084470 0.084470 0.084470 0.000001 0.084470 0.133690 0.000000 0.084470 0.084470 0.084470 0.000006 0.000108 0.165493 0.084470 0.084470 1.000000
0.084470 0.084470 0.084470 0.084470 0.084470 0.084470 0.084470 0.084470 0.000001 0.084470 0.133690 0.000000 0.084470 0.084470 0.084470 0.000006 0.000108 0.165493 0.084470 0.084470 1.000000
0.084470 0.084470 0.084470 0.084470 0.084470 0.084470 0.084470 0.084470 0.000001 0.084470 0.133690 0.000000 0.084470 0.084470 0.084470 0.000006 0.000108 0.165493 0.084470 0.084470 1.000000
0.084470 0.084470 0.084470 0.084470 0.084470 0.084470 0.084470 0.084470 0.000001 0.084470 0.133690 0.000000 0.084470 0.084470 0.084470 0.000006 0.000108 0.165493 0.084470 0.084470 1.000000
0.084470 0.084470 0.084470 0.084470 0.084470 0.084470 0.084470 0.084470 0.000001 0.084470 0.133690 0.000000 0.084470 0.084470 0.084470 0.000006 0.000108 0.165493 0.084470 0.084470 1.000000
0.084470 0.084470 0.084470 0.084470 0.084470 0.084470 0.084470 0.084470 0.000001 0.084470 0.133690 0.000000 0.084470 0.084470 0.084470 0.000006 0.000108 0.165493 0.084470 0.084470 1.000000
0.084470 0.084470 0.084470 0.084470 0.084470 0.084470 0.084470 0.084470 0.000001 0.084470 0.133690 0.000000 0.084470 0.084470 0.084470 0.000006 0.000108 0.165493 0.084470 0.084470 1.000000
0.084470 0.084470 0.084470 0.084470 0.084470 0.084470 0.084470 0.084470 0.000001 0.084470 0.133690 0.000000 0.084470 0.084470 0.084470 0.000007 0.000108 0.165493 0.084470 0.084470 1.000000
0.084470 0.084470 0.084470 0.084470 0.084470 0.084470 0.084470 0.084470 0.000001 0.084470 0.133690 0.000000 0.084470 0.084470 0.084470 0.000006 0.000108 0.165493 0.084470 0.084470 1.000000
0.084470 0.084470 0.084470 0.084470 0.084470 0.084470 0.084470 0.084470 0.000001 0.084470 0.133690 0.000000 0.084470 0.084470 0.084470 0.000006 0.000108 0.165493 0.084470 0.084470 1.000000
0.084470 0.084470 0.084470 0.084470 0.084470 0.084470 0.084470 0.084470 0.000001 0.084470 0.133690 0.000000 0.084470 0.084470 0.084470 0.000006 0.000108 0.165493 0.084470 0.084470 1.000000
0.084470 0.084470 0.084470 0.084470 0.084470 0.084470 0.084470 0.084470 0.000001 0.084470 0.133690 0.000000 0.084470 0.084470 0.084470 0.000006 0.000108 0.165493 0.084470 0.084470 1.000000
0.084470 0.084470 0.084470 0.084470 0.084470 0.084470 0.084470 0.084470 0.000001 0.084470 0.133690 0.000000 0.084470 0.084470 0.084470 0.000006 0.000108 0.165493 0.084470 0.084470 1.000000
0.084470 0.084470 0.084470 0.084470 0.084470 0.084470 0.084470 0.084470 0.000001 0.084470 0.133690 0.000000 0.084470 0.084470 0.084470 0.000006 0.000108 0.165493 0.084470 0.084470 1.000000
0.084470 0.084470 0.084470 0.084470 0.084470 0.084470 0.084470 0.084470 0.000001 0.084470 0.133690 0.000000 0.084470 0.084470 0.084470 0.000006 0.000108 0.165493 0.084470 0.084470 1.000000
0.084470 0.084470 0.084470 0.084470 0.084470 0.084470 0.084470 0.084470 0.000001 0.084470 0.133690 0.000000 0.084470 0.084470 0.084470 0.000006 0.000108 0.165493 0.084470 0.084470 1.000000
0.084470 0.084470 0.084470 0.084470 0.084470 0.084470 0.084470 0.084470 0.000001 0.084470 0.133690 0.000000 0.084470 0.084470 0.084470 0.000006 0.000108 0.165493 0.084470 0.084470 1.000000
0.084470 0.084470 0.084470 0.084470 0.084470 0.084470 0.084470 0.084470 0.000001 0.084470 0.133690 0.000000 0.084470 0.084470 0.084470 0.000006 0.000108 0.165493 0.084470 0.084470 1.000000
0.084470 0.084470 0.084470 0.084470 0.084470 0.084470 0.084470 0.084470 0.000001 0.084470 0.133690 0.000000 0.084470 0.084470 0.084470 0.000006 0.000108 0.165493 0.084470 0.084470 1.000000
0.084470 0.084470 0.084470 0.084470 0.084470 0.084470 0.084470 0.084470 0.000001 0.084470 0.133690 0.000000 0.084470 0.084470 0.084470 0.000006 0.000108 0.165493 0.084470 0.084470 1.000000
0.084470 0.084470 0.084470 0.084470 0.084470 0.084470 0.084470 0.084470 0.000001 0.084470 0.133690 0.000000 0.084470 0.084470 0.084470 0.000006 0.000108 0.165493 0.084470 0.084470 1.000000
0.084470 0.084470 0.084470 0.084470 0.084470 0.084470 0.084470 0.084470 0.000001 0.084470 0.133690 0.000000 0.084470 0.084470 0.084470 0.000006 0.000108 0.165493 0.084470 0.084470 1.000000
0.084470 0.084470 0.084470 0.084470 0.084470 0.084470 0.084470 0.084470 0.000001 0.084470 0.133690 0.000000 0.084470 0.084470 0.084470 0.000006 0.000108 0.165493 0.084470 0.084470 1.000000
0.084470 0.084470 0.084470 0.084470 0.084470 0.084470 0.084470 0.084470 0.000001 0.084470 0.133690 0.000000 0.084470 0.084470 0.084470 0.000006 0.000108 0.165493 0.084470 0.084470 1.000000
0.084470 0.084470 0.084470 0.084470 0.084470 0.084470 0.084470 0.084470 0.000001 0.084470 0.133690 0.000000 0.084470 0.084470 0.084470 0.000006 0.000108 0.165493 0.084470 0.084470 1.000000
0.084470 0.084470 0.084470 0.084470 0.084470 0.084470 0.084470 0.084470 0.000001 0.084470 0.133690 0.000000 0.084470 0.084470 0.084470 0.000006 0.000108 0.165493 0.084470 0.084470 1.000000
0.084470 0.084470 0.084470 0.084470 0.084470 0.084470 0.084470 0.084470 0.000001 0.084470 0.133690 0.000000 0.084470 0.084470 0.084470 0.000006 0.000108 0.165493 0.084470 0.084470 1.000000
0.084470 0.084470 0.084470 0.084470 0.084470 0.084470 0.084470 0.084470 0.000001 0.084470 0.133690 0.000000 0.084470 0.084470 0.084470 0.000006 0.000108 0.165493 0.084470 0.084470 1.000000
0.084470 0.084470 0.084470 0.084470 0.084470 0.084470 0.084470 0.084470 0.000001 0.084470 0.133690 0.000000 0.084470 0.084470 0.084470 0.000006 0.000108 0.165493 0.084470 0.084470 1.000000
0.084470 0.084470 0.084470 0.084470 0.084470 0.084470 0.084470 0.084470 0.000001 0.084470 0.133690 0.000000 0.084470 0.084470 0.084470 0.000006 0.000108 0.165493 0.084470 0.084470 1.000000
0.084470 0.084470 0.084470 0.084470 0.084470 0.084470 0.084470 0.084470 0.000001 0.084470 0.133690 0.000000 0.084470 0.084470 0.084470 0.000006 0.000108 0.165493 0.084470 0.084470 1.000000
0.084470 0.084470 0.084470 0.084470 0.084470 0.084470 0.084470 0.084470 0.000001 0.084470 0.133690 0.000000 0.084470 0.084470 0.084470 0.000006 0.000108 0.165493 0.084470 0.084470 1.000000
0.084470 0.084470 0.084470 0.084470 0.084470 0.084470 0.084470 0.084470 0.000001 0.084470 0.133690 0.000000 0.084470 0.084470 0.084470 0.000006 0.000108 0.165493 0.084470 0.084470 1.000000
0.084470 0.084470 0.084470 0.084470 0.084470 0.084470 0.084470 0.084470 0.000001 0.084470 0.133690 0.000000 0.084470 0.084470 0.084470 0.000006 0.000108 0.165493 0.084470 0.084470 1.000000
0.084470 0.084470 0.084470 0.084470 0.084470 0.084470 0.084470 0.084470 0.000001 0.084470 0.133690 0.000000 0.084470 0.084470 0.084470 0.000006 0.000108 0.165493 0.084470 0.084470 1.000000
0.084470 0.084470 0.084470 0.084470 0.084470 0.084470 0.084470 0.084470 0.000001 0.084470 0.133690 0.000000 0.084470 0.084470 0.084470 0.000006 0.000108 0.165493 0.084470 0.084470 1.000000
0.084470 0.084470 0.084470 0.084470 0.084470 0.084470 0.084470 0.084470 0.000001 0.084470 0.133690 0.000000 0.084470 0.084470 0.084470 0.000006 0.000108 0.165493 0.084470 0.084470 1.000000
0.084470 0.084470 0.084470 0.084470 0.084470 0.084470 0.084470 0.084470 0.000001 0.084470 0.133690 0.000000 0.084470 0.084470 0.084470 0.000006 0.000108 0.165493 0.084470 0.084470 1.000000
0.084470 0.084470 0.084470 0.084470 0.084470 0.084470 0.084470 0.084470 0.000001 0.084470 0.133690 0.000000 0.084470 0.084470 0.084470 0.000006 0.000108 0.165493 0.084470 0.084470 1.000000
0.084470 0.084470 0.084470 0.084470 0.084470 0.084470 0.084470 0.084470 0.000001 0.084470 0.133690 0.000000 0.084470 0.084470 0.084470 0.000006 0.000108 0.165493 0.084470 0.084470 1.000000
0.084470 0.084470 0.084470 0.084470 0.084470 0.084470 0.084470 0.084470 0.000001 0.084470 0.133690 0.000000 0.084470 0.084470 0.084470 0.000006 0.000108 0.165493 0.084470 0.084470 1.000000
0.084470 0.084470 0.084470 0.084470 0.084470 0.084470 0.084470 0.084470 0.000001 0.084470 0.133690 0.000000 0.084470 0.084470 0.084470 0.000006 0.000108 0.165493 0.084470 0.084470 1.000000
0.084470 0.084470 0.084470 0.084470 0.084470 0.084470 0.084470 0.084470 0.000001 0.084470 0.133690 0.000000 0.084470 0.084470 0.084470 0.000006 0.000108 0.165493 0.084470 0.084470 1.000000
0.084470 0.084470 0.084470 0.084470 0.084470 0.084470 0.084470 0.084470 0.000001 0.084470 0.133690 0.000000 0.084470 0.084470 0.084470 0.000006 0.000108 0.165493 0.084470 0.084470 1.000000
0.084470 0.084470 0.084470 0.084470 0.084470 0.084470 0.084470 0.084470 0.000001 0.084470 0.133690 0.000000 0.084470 0.084470 0.084470 0.000006 0.000108 0.165493 0.084470 0.084470 1.000000
0.084470 0.084470 0.084470 0.084470 0.084470 0.084470 0.084470 0.084470 0.000001 0.084470 0.133690 0.000000 0.084470 0.084470 0.084470 0.000006 0.000108 0.165493 0.084470 0.084470 1.000000
0.084470 0.084470 0.084470 0.084470 0.084470 0.084470 0.084470 0.084470 0.000001 0.084470 0.133690 0.000000 0.084470 0.084470 0.084470 0.000006 0.000108 0.165493 0.084470 0.084470 1.000000
0.084470 0.084470 0.084470 0.084470 0.084470 0.084470 0.084470 0.084470 0.000001 0.084470 0.133690 0.000000 0.084470 0.084470 0.084470 0.000006 0.000108 0.165493 0.084470 0.084470 1.000000
0.084470 0.084470 0.084470 0.084470 0.084470 0.084470 0.084470 0.084470 0.000001 0.084470 0.133690 0.000000 0.084470 0.084470 0.084470 0.000006 0.000108 0.165493 0.084470 0.084470 1.000000
0.084470 0.084470 0.084470 0.084470 0.084470 0.084470 0.084470 0.084470 0.000001 0.084470 0.133690 0.000000 0.084470 0.084470 0.084470 0.000006 0.000108 0.165493 0.084470 0.084470 1.000000
0.084470 0.084470 0.084470 0.084470 0.084470 0.084470 0.084470 0.084470 0.000001 0.084470 0.133690 0.000000 0.084470 0.084470 0.084470 0.000006 0.000108 0.165493 0.084470 0.084470 1.000000
0.084470 0.084470 0.084470 0.084470 0.084470 0.084470 0.084470 0.084470 0.000001 0.084470 0.133690 0.000000 0.084470 0.084470 0.084470 0.000006 0.000108 0.165493 0.084470 0.084470 1.000000
0.084470 0.084470 0.084470 0.084470 0.084470 0.084470 0.084470 0.084470 0.000001 0.084470 0.133690 0.000000 0.084470 0.084470 0.084470 0.000006 0.000108 0.165493 0.084470 0.084470 1.000000
0.084470 0.084470 0.084470 0.084470 0.084470 0.084470 0.084470 0.084470 0.000001 0.084470 0.133690 0.000000 0.084470 0.084470 0.084470 0.000006 0.000108 0.165493 0.084470 0.084470 1.000000
