0.000000 0.000000 0.000000 0.000000 0.000000 0.000000 0.000000 0.000000 0.000000 0.000000 0.000000 0.000000 0.000000 0.000000 0.000000 0.000000 0.000000 0.000000 0.000000 0.000000 0.000000
11.803589 11.803589 11.803589 11.803589 11.803589 11.803589 11.803589 11.803589 2481.567428 44.726296 27.975706 43.679083 35.791090 1588.203526 87.323829 1566088.967845 11.530931 34.953560 1016.450837 520.424246 1.000000
11.881185 11.881185 11.881185 11.881185 11.881185 11.881185 11.881185 11.881185 1279.036107 137.342653 54.952346 35.186275 56.270340 1598.794782 36.029399 516598.253711 28.161793 54.952346 654.867613 523.894778 1.000000
11.805009 11.805009 11.805009 11.805009 11.805009 11.805009 11.805009 11.805009 1270.718155 44.731748 106.604879 34.957819 55.904628 3877.921913 44.731748 641548.322078 54.595212 14.376563 266.492499 1270.718155 1.000000
11.879741 11.879741 11.879741 11.879741 11.879741 11.879741 11.879741 11.879741 1998.246782 45.018719 18.053992 28.158330 137.325721 3902.825025 87.895178 645668.196519 18.053992 43.964646 335.253078 335.253078 1.000000
11.880827 11.880827 11.880827 11.880827 11.880827 11.880827 11.880827 11.880827 3122.549684 56.268621 35.185201 28.160934 36.028299 2498.039891 45.022890 264490.219074 43.968719 54.950667 654.847591 654.847591 1.000000
11.873256 11.873256 11.873256 11.873256 11.873256 11.873256 11.873256 11.873256 3120.531478 87.846527 11.598943 28.142779 87.846527 1597.712579 87.846527 4807939.519624 9.317507 11.598943 418.832990 418.832990 1.000000
11.880637 11.880637 11.880637 11.880637 11.880637 11.880637 11.880637 11.880637 2497.999341 45.022160 28.160479 35.184631 70.326639 4878.904386 45.022160 413259.258799 68.679033 22.544331 419.097064 419.097064 1.000000
11.879318 11.879318 11.879318 11.879318 11.879318 11.879318 11.879318 11.879318 3122.147479 56.261377 54.943594 18.053344 45.017096 2497.718127 23.080706 516515.919867 43.963061 28.157316 654.763243 1023.066158 1.000000
11.879140 11.879140 11.879140 11.879140 11.879140 11.879140 11.879140 11.879140 1023.050533 523.803282 11.604686 28.156887 45.016409 1998.144164 56.260519 264452.111935 43.962391 68.670256 523.803282 335.235861 1.000000
11.880904 11.880904 11.880904 11.880904 11.880904 11.880904 11.880904 11.880904 1598.756451 45.023187 43.969009 22.544844 70.328244 3903.212720 109.874765 516585.868319 43.969009 28.161120 268.230446 523.882218 1.000000
11.881419 11.881419 11.881419 11.881419 11.881419 11.881419 11.881419 11.881419 1023.249679 45.025164 54.953444 28.162355 56.271463 3903.384282 171.678470 264503.590074 35.186977 68.683618 419.125054 335.301117 1.000000
11.880756 11.880756 11.880756 11.880756 11.880756 11.880756 11.880756 11.880756 1598.736124 109.873368 35.184987 43.968450 36.028079 3122.530591 28.834939 413263.440326 43.968450 54.950332 654.843587 523.875557 1.000000
11.879215 11.879215 11.879215 11.879215 11.879215 11.879215 11.879215 11.879215 4878.311869 45.016697 14.467356 22.541604 36.023346 3122.119785 56.260879 264453.805225 35.180365 85.831817 654.757435 523.806636 1.000000
11.877330 11.877330 11.877330 11.877330 11.877330 11.877330 11.877330 11.877330 3121.617314 45.009460 18.050298 9.320676 137.297451 4877.526757 70.306789 169223.196292 134.079887 68.659648 268.148587 268.148587 1.000000
11.878484 11.878484 11.878484 11.878484 11.878484 11.878484 11.878484 11.878484 1998.032384 36.021104 28.155316 14.466462 137.310988 3902.406278 45.013894 1260935.391921 28.155316 18.052067 818.395081 335.217108 1.000000
11.880050 11.880050 11.880050 11.880050 11.880050 11.880050 11.880050 11.880050 1278.912147 70.323116 85.837939 54.947024 87.897497 1598.639832 28.833206 413238.549524 14.468378 134.111033 523.844004 654.804146 1.000000
11.879757 11.879757 11.879757 11.879757 11.879757 11.879757 11.879757 11.879757 3122.264507 87.895301 18.054017 28.158369 36.025014 1998.249580 56.263485 516535.280561 43.964707 22.542645 654.787786 654.787786 1.000000
11.881639 11.881639 11.881639 11.881639 11.881639 11.881639 11.881639 11.881639 1023.268836 109.881650 28.162880 35.187635 70.332650 3122.766003 70.332650 211606.833612 107.306731 43.971762 419.132901 335.307394 1.000000
11.804640 11.804640 11.804640 11.804640 11.804640 11.804640 11.804640 11.804640 1985.433472 69.870524 17.938935 34.956713 87.331716 1588.347004 333.103380 641527.991617 54.593483 14.376112 266.484055 266.484055 1.000000
11.804178 11.804178 11.804178 11.804178 11.804178 11.804178 11.804178 11.804178 6058.820099 35.792899 27.977119 14.375547 35.792899 2481.693048 55.900639 513202.010549 34.955327 43.681292 650.562374 650.562374 1.000000
11.877138 11.877138 11.877138 11.877138 11.877138 11.877138 11.877138 11.877138 1278.594183 70.305639 167.593761 9.320526 56.250910 1598.242377 335.178572 806905.877971 28.152088 18.050004 335.178572 335.178572 1.000000
11.880295 11.880295 11.880295 11.880295 11.880295 11.880295 11.880295 11.880295 3122.407786 45.020846 22.543675 35.183605 109.869048 2497.926373 36.026664 330597.749802 22.543675 68.677027 523.854954 523.854954 1.000000
11.881675 11.881675 11.881675 11.881675 11.881675 11.881675 11.881675 11.881675 654.895006 171.682221 43.971899 54.954644 137.348398 654.895006 70.332870 330636.711939 22.546322 85.849846 268.248097 1023.272038 1.000000
11.873132 11.873132 11.873132 11.873132 11.873132 11.873132 11.873132 11.873132 3120.498445 70.281599 18.043867 9.317411 70.281599 1997.119301 36.004668 1260359.155464 54.914594 9.317411 1022.525804 654.417416 1.000000
11.880091 11.880091 11.880091 11.880091 11.880091 11.880091 11.880091 11.880091 2497.882965 56.265088 22.543285 85.838241 56.265088 1598.645467 28.833307 516550.007455 22.543285 43.965960 523.845851 1278.916655 1.000000
11.868974 11.868974 11.868974 11.868974 11.868974 11.868974 11.868974 11.868974 18593.010887 18.467774 9.314176 9.314176 18.467774 6092.557954 28.806006 1007929.136934 22.521972 22.521972 1022.162559 1022.162559 1.000000
11.866681 11.866681 11.866681 11.866681 11.866681 11.866681 11.866681 11.866681 4873.091418 137.172614 9.312393 14.452021 23.055895 3898.473226 28.800375 6006548.664146 11.592524 7.497387 654.056760 817.570262 1.000000
11.869414 11.869414 11.869414 11.869414 11.869414 11.869414 11.869414 11.869414 6092.786848 137.204648 35.150973 18.038170 18.468464 36315.838625 23.061260 1574948.444126 9.314518 43.925921 2495.605826 11.869414 1.000000
11.863827 11.863827 11.863827 11.863827 11.863827 11.863827 11.863827 11.863827 23231.040470 14.792025 9.310173 14.448529 23.050291 4871.902495 14.792025 805988.623984 7.495622 85.719077 817.370794 1995.531679 1.000000
11.869109 11.869109 11.869109 11.869109 11.869109 11.869109 11.869109 11.869109 7615.785547 70.257456 11.594894 18.037704 23.060663 6092.628496 1277.717552 1007940.807195 54.895734 9.314282 654.192514 11.869109 1.000000
11.870894 11.870894 11.870894 11.870894 11.870894 11.870894 11.870894 11.870894 7616.947170 18.470787 134.006212 11.596637 23.064167 4874.846310 23.064167 2461168.326907 18.040439 9.315670 817.864683 1022.330304 1.000000
11.873729 11.873729 11.873729 11.873729 11.873729 11.873729 11.873729 11.873729 6095.033655 36.006500 28.143912 9.317875 36.006500 2496.526119 23.069732 211463.953684 409.033218 11.599404 654.450766 1597.777085 1.000000
11.864747 11.864747 11.864747 11.864747 11.864747 11.864747 11.864747 11.864747 4872.285615 70.231271 22.513868 9.310888 28.795624 3897.828584 35.978915 6005555.435330 7.496191 7.496191 653.948607 1021.793288 1.000000
11.873603 11.873603 11.873603 11.873603 11.873603 11.873603 11.873603 11.873603 9523.387151 23.069484 22.530845 11.599281 18.475037 14880.292327 28.817373 1575512.226071 14.460490 28.143609 418.845379 818.053941 1.000000
11.866437 11.866437 11.866437 11.866437 11.866437 11.866437 11.866437 11.866437 11.866437 7614.046543 14.451723 11.592286 14.795297 11896.947602 35.984108 515947.853809 9.312203 510.971962 817.553231 817.553231 1.000000
11.861255 11.861255 11.861255 11.861255 11.861255 11.861255 11.861255 11.861255 23225.933113 35.968193 11.587227 7.494032 14.788803 23225.933113 35.968193 4803010.385904 14.445383 7.494032 23.045243 4870.831404 1.000000
11.870059 11.870059 11.870059 11.870059 11.870059 11.870059 11.870059 11.870059 7616.403650 28.808671 9.315020 35.152909 44.981542 7616.403650 18.469477 3845301.103670 14.456154 9.315020 654.245609 654.245609 1.000000
11.873802 11.873802 11.873802 11.873802 11.873802 11.873802 11.873802 11.873802 56.234894 3900.845960 11.599475 35.164133 23.069875 45411.820826 23.069875 1260431.226166 14.460733 22.531227 4876.057335 23.069875 1.000000
11.793194 11.793194 11.793194 11.793194 11.793194 11.793194 11.793194 11.793194 14778.077985 35.759165 7.451943 14.362108 22.911614 6053.100880 18.348874 2444827.908779 14.362108 14.362108 812.434656 1015.542766 1.000000
11.863421 11.863421 11.863421 11.863421 11.863421 11.863421 11.863421 11.863421 23230.235284 14.791517 18.028990 7.495371 28.792370 4871.733635 28.792370 4803900.053993 14.448033 7.495371 653.874522 1021.677529 1.000000
11.864682 11.864682 11.864682 11.864682 11.864682 11.864682 11.864682 11.864682 1021.787673 214.288868 35.136784 11.590572 23.051971 418.526219 9516.130255 644838.061421 6.055343 167.415505 1995.677639 11.864682 1.000000
11.874677 11.874677 11.874677 11.874677 11.874677 11.874677 11.874677 11.874677 7619.409175 56.239097 14.461804 11.600330 23.071594 6095.527399 36.009412 1969571.075082 18.046234 18.046234 523.603712 654.503781 1.000000
11.864538 11.864538 11.864538 11.864538 11.864538 11.864538 11.864538 11.864538 1596.522690 23.051689 35.136352 7.496062 28.795113 23232.453777 14.792917 135230.678920 7.496062 55390.486101 28.795113 6090.248516 1.000000
11.864590 11.864590 11.864590 11.864590 11.864590 11.864590 11.864590 11.864590 56720.108694 18.460896 11.590482 14.449463 18.460896 56720.108694 23.051790 2459842.602022 14.449463 11.590482 3118.221272 11.864590 1.000000
11.867799 11.867799 11.867799 11.867799 11.867799 11.867799 11.867799 11.867799 14872.914995 18.465931 18.035696 14.453389 28.803120 6091.946118 18.465931 3844558.400031 14.453389 7.498078 817.648368 1022.059910 1.000000
11.873774 11.873774 11.873774 11.873774 11.873774 11.873774 11.873774 11.873774 9523.526815 28.817794 28.144021 18.044851 28.817794 4876.045881 14.804491 1575535.331517 28.144021 11.599448 818.065938 1022.581872 1.000000
11.853813 11.853813 11.853813 11.853813 11.853813 11.853813 11.853813 11.853813 11.853813 11.853813 6.050015 9.302383 23.030631 36267.422761 28.768773 1588171368.177775 11.579961 14.436276 3894.185121 4867.731285 1.000000
11.874669 11.874669 11.874669 11.874669 11.874669 11.874669 11.874669 11.874669 4876.418688 36.009388 9.318606 14.461795 44.999244 6095.523267 70.290823 1260524.633570 18.046222 22.532891 654.503337 418.883545 1.000000
11.871444 11.871444 11.871444 11.871444 11.871444 11.871444 11.871444 11.871444 18596.935371 14.801571 9.316097 14.457848 28.812071 3120.048328 28.812071 645210.805524 43.933534 18.041281 654.323020 1996.831226 1.000000
11.796660 11.796660 11.796660 11.796660 11.796660 11.796660 11.796660 11.796660 6054.905606 69.822629 14.366348 11.524167 14.707854 3875.139740 18.354312 641088.050130 14.366348 34.932780 3100.111908 812.676882 1.000000
11.851170 11.851170 11.851170 11.851170 11.851170 11.851170 11.851170 11.851170 3114.643758 418.042758 9.300328 11.577381 18.439840 1288186.333024 14.776164 9372789.158249 7.487795 6.048719 214.041339 11.851170 1.000000
11.851903 11.851903 11.851903 11.851903 11.851903 11.851903 11.851903 11.851903 29009.197185 23.026881 7.488248 7.488248 23.026881 9505.733827 14.777083 9373377.136103 9.300898 6.049079 653.230578 1020.671366 1.000000
11.870261 11.870261 11.870261 11.870261 11.870261 11.870261 11.870261 11.870261 1022.274964 171.514945 14.456401 11.596018 14.800088 23243.819398 23.062923 169121.044427 9.315177 22699.042383 1277.843265 56.217895 1.000000
11.843091 11.843091 11.843091 11.843091 11.843091 11.843091 11.843091 11.843091 88462.275912 14.766040 11.569494 7.482798 14.766040 110577.844885 11.843091 11707884.730741 6.044759 7.482798 3890.612296 11.843091 1.000000
11.875664 11.875664 11.875664 11.875664 11.875664 11.875664 11.875664 11.875664 1598.041207 56773.806341 35.169718 14.463012 18.478271 523.647847 23.073532 169199.127929 14.463012 11627.275621 45.003064 70.296793 1.000000
11.860002 11.860002 11.860002 11.860002 11.860002 11.860002 11.860002 11.860002 1595.903464 87.747083 9.307197 7.493256 11.860002 6087.886353 18.453697 168972.785451 7.493256 28348.929231 653.683332 1276.723053 1.000000
11.858164 11.858164 11.858164 11.858164 11.858164 11.858164 11.858164 11.858164 4869.543574 11.858164 9.305768 7.492119 28.779457 11888.533698 14.784928 135156.979180 7.492119 35430.591176 522.865150 1021.218241 1.000000
11.860423 11.860423 11.860423 11.860423 11.860423 11.860423 11.860423 11.860423 522.966199 1595.960974 9.307525 9.307525 23.043609 6088.105738 23.043609 9380211.863305 7.493517 7.493517 653.706888 653.706888 1.000000
11.848995 11.848995 11.848995 11.848995 11.848995 11.848995 11.848995 11.848995 7602.694517 14.773439 6.047653 6.047653 11.848995 9503.368088 11.848995 135050.981709 11.575258 28322.243673 653.068006 1993.001219 1.000000
11.849477 11.849477 11.849477 11.849477 11.849477 11.849477 11.849477 11.849477 36253.966247 18.437183 7.486747 6.047889 28.758124 7603.007908 18.437183 7497144.496237 6.047889 9.299011 653.094926 1020.459410 1.000000
11.852055 11.852055 11.852055 11.852055 11.852055 11.852055 11.852055 11.852055 2491.903941 1020.684670 7.488342 7.488342 35.939939 270172.723153 11.852055 5999039.557319 11.578246 7.488342 11.852055 418.074431 1.000000
11.858031 11.858031 11.858031 11.858031 11.858031 11.858031 11.858031 11.858031 2493.178321 35.958290 7.492037 7.492037 14.784762 23219.528840 14.784762 135155.445885 7.492037 28344.151399 418.288236 1021.206655 1.000000
11.866708 11.866708 11.866708 11.866708 11.866708 11.866708 11.866708 11.866708 18589.411072 23.055949 14.452054 9.312414 23.055949 6091.378367 14.795636 3844200.098289 11.592550 11.592550 817.572166 1277.455381 1.000000
11.845763 11.845763 11.845763 11.845763 11.845763 11.845763 11.845763 11.845763 11.845763 28.749005 14.426428 7.484451 1992.449811 11.845763 11.845763 109063131.136426 6.046069 85.586730 11.845763 89344517.026960 1.000000
11.858155 11.858155 11.858155 11.858155 11.858155 11.858155 11.858155 11.858155 1276.521455 267.709523 6.052143 9.305761 14.784918 110720.518825 18.450800 168946.104157 14.441590 28344.452852 11.858155 1021.217516 1.000000
11.856369 11.856369 11.856369 11.856369 11.856369 11.856369 11.856369 11.856369 9509.367435 18.447998 18.018187 9.304372 11.856369 56680.246194 11.856369 9376960.150283 7.491010 9.304372 1994.259373 267.668631 1.000000
11.862425 11.862425 11.862425 11.862425 11.862425 11.862425 11.862425 11.862425 2494.115365 35.971784 9.309082 9.309082 23.047539 9514.293637 11.862425 135206.243107 7.494755 28354.804348 523.055730 1276.987644 1.000000
11.773082 11.773082 11.773082 11.773082 11.773082 11.773082 11.773082 11.773082 11.773082 1267.231751 9.239591 22.338129 22.872125 1999337.927271 35.697394 28412300.811029 6.010448 6.010448 1980.048883 11.773082 1.000000
11.867633 11.867633 11.867633 11.867633 11.867633 11.867633 11.867633 11.867633 11.867633 3898.790534 18.035443 14.453186 44.972227 1612501.865117 14.796795 9385996.178705 14.453186 11.593453 137.183777 56.205281 1.000000
11.861408 11.861408 11.861408 11.861408 11.861408 11.861408 11.861408 11.861408 1596.095464 70.211236 14.445570 7.494126 14.788994 6088.618775 23.045543 168993.114258 6.053738 35440.424782 523.010268 1021.501675 1.000000
11.852241 11.852241 11.852241 11.852241 11.852241 11.852241 11.852241 11.852241 110664.509166 11.852241 7.488457 9.301161 18.441521 88531.607337 18.441521 3071557.151883 18.011862 7.488457 3114.929335 11.852241 1.000000
11.848078 11.848078 11.848078 11.848078 11.848078 11.848078 11.848078 11.848078 9502.621715 334.346765 7.485882 9.297923 23.019371 14847.846333 87.657622 11712885.445958 6.047204 6.047204 11.848078 1275.421067 1.000000
11.779788 11.779788 11.779788 11.779788 11.779788 11.779788 11.779788 11.779788 14761.035453 69.721362 6.013735 7.443653 14.686710 6046.120259 28.586976 5961934.712793 11.507696 7.443653 811.497734 811.497734 1.000000
11.856092 11.856092 11.856092 11.856092 11.856092 11.856092 11.856092 11.856092 1994.212121 14.782333 7.490839 11.582187 11.856092 1610911.317795 28.774371 168916.294603 6.051132 44280.393153 70.179333 109.642064 1.000000
11.858507 11.858507 11.858507 11.858507 11.858507 11.858507 11.858507 11.858507 1595.699478 11.858507 11.584544 9.306035 23.039847 3146961.100929 18.451352 168951.187634 6.052316 55361.925180 35.959753 109.664709 1.000000
11.775990 11.775990 11.775990 11.775990 11.775990 11.775990 11.775990 11.775990 136.109333 11.775990 7.441305 11.503988 11.775990 7703099445.096522 14.681950 3814390.091873 11.503988 132.919619 14.681950 11.775990 1.000000
11.844211 11.844211 11.844211 11.844211 11.844211 11.844211 11.844211 11.844211 45297.032568 87.628615 6.045309 6.045309 11.844211 2514490.423991 11.844211 134995.676722 14495.050484 22.474499 11.844211 11.844211 1.000000
11.849244 11.849244 11.849244 11.849244 11.849244 11.849244 11.849244 11.849244 6082.285121 11.849244 7.486603 7.486603 23.021660 3144467.622459 23.021660 135053.856025 6.047775 35403.558060 136.968182 11.849244 1.000000
11.858368 11.858368 11.858368 11.858368 11.858368 11.858368 11.858368 11.858368 1994.600335 171.340657 7.492246 7.492246 14.785184 173003.957850 18.451134 135159.342073 11.584408 28344.968488 816.989316 11.858368 1.000000
11.853426 11.853426 11.853426 11.853426 11.853426 11.853426 11.853426 11.853426 653.315746 109.617060 7.489190 7.489190 11.853426 659678.775590 14.778992 135102.213248 6.049825 55337.866561 137.017220 137.017220 1.000000
11.842433 11.842433 11.842433 11.842433 11.842433 11.842433 11.842433 11.842433 11.842433 3890.393193 6.044437 6.044437 11.842433 3928292.983073 11.842433 168718.898920 22645.067327 11.568852 652.701158 11.842433 1.000000
11.859057 11.859057 11.859057 11.859057 11.859057 11.859057 11.859057 11.859057 334.661042 214.185823 6.052585 7.492672 18.452215 23221.567342 11.859057 135167.311529 14.442693 44291.624662 137.083234 2493.397204 1.000000
11.849131 11.849131 11.849131 11.849131 11.849131 11.849131 11.849131 11.849131 11.849131 7602.783091 6.047720 9.298742 11.849131 527549.043334 11.849131 1965273.333087 7.486534 208.988492 267.502883 334.376921 1.000000
11.843896 11.843896 11.843896 11.843896 11.843896 11.843896 11.843896 11.843896 11.843896 11.843896 6.045154 7.483296 14.767049 138231.836771 11.843896 1005768.985223 7.483296 69115.918396 1992.131217 7599.375724 1.000000
11.830314 11.830314 11.830314 11.830314 11.830314 11.830314 11.830314 11.830314 11.830314 213.659269 6.038497 7.474897 18.407116 4953055723.212602 18.407116 108918847.213894 6.038497 6.038497 11.830314 11.830314 1.000000
11.841491 11.841491 11.841491 11.841491 11.841491 11.841491 11.841491 11.841491 522.119488 2489.650996 9.292800 6.043975 11.841491 2513904.667936 14.764035 11706280.838397 7.481809 6.043975 213.864034 11.841491 1.000000
11.849758 11.849758 11.849758 11.849758 11.849758 11.849758 11.849758 11.849758 816.387659 109.582658 6.048027 6.048027 14.774395 29003.872545 18.437625 135059.806108 6.048027 35405.117839 1594.505381 214.015478 1.000000
11.850852 11.850852 11.850852 11.850852 11.850852 11.850852 11.850852 11.850852 3114.558985 14.775766 6.048563 7.487598 18.439341 2012736.362097 18.439341 168840.563496 6.048563 35408.432569 56.124718 109.592916 1.000000
11.861334 11.861334 11.861334 11.861334 11.861334 11.861334 11.861334 11.861334 817.196565 70.210788 7.494080 7.494080 18.455787 29032.610705 11.861334 168992.035743 11.587303 35440.198601 1596.085277 214.227523 1.000000
11.847486 11.847486 11.847486 11.847486 11.847486 11.847486 11.847486 11.847486 23198.583977 213.973844 6.046913 7.485516 18.434059 1609725.126353 14.771547 5996693.396392 9.297462 7.485516 70.127677 11.847486 1.000000
11.856083 11.856083 11.856083 11.856083 11.856083 11.856083 11.856083 11.856083 3115.953438 18.447548 7.490833 7.490833 18.447548 4916107.192775 18.447548 168916.156939 9.304149 28339.428543 137.048364 11.856083 1.000000
11.842059 11.842059 11.842059 11.842059 11.842059 11.842059 11.842059 11.842059 1991.817833 11.842059 6.044254 7.482160 18.425545 215953.267759 14.764747 9365480.082186 6.044254 7.482160 70.095108 18550.244503 1.000000
11.840424 11.840424 11.840424 11.840424 11.840424 11.840424 11.840424 11.840424 9496.394901 11.840424 6.043452 6.043452 11.840424 11870.493579 11.840424 168689.858453 6.043452 44221.034275 522.071740 1991.538836 1.000000
11.853067 11.853067 11.853067 11.853067 11.853067 11.853067 11.853067 11.853067 4867.420892 137.013011 7.488968 7.488968 14.778542 110672.333146 11.853067 3071774.310954 6.049649 28.094364 171.262980 653.295676 1.000000
11.848805 11.848805 11.848805 11.848805 11.848805 11.848805 11.848805 11.848805 1992.968853 23.020800 6.047560 6.047560 11.848805 3144349.636011 14.773201 168810.985679 7.486332 35402.229651 70.135598 109.573720 1.000000
11.835979 11.835979 11.835979 11.835979 11.835979 11.835979 11.835979 11.835979 11.835979 11.835979 6.041273 6.041273 11.835979 111587076.142187 18.416005 3097163529.591401 6.041273 14.414456 28.724976 815.424699 1.000000
11.846190 11.846190 11.846190 11.846190 11.846190 11.846190 11.846190 11.846190 45304.706456 44.889885 7.484715 9.296454 14.769923 110607.193451 14.769923 9368793.704868 6.046278 7.484715 2490.652977 11.846190 1.000000
11.857499 11.857499 11.857499 11.857499 11.857499 11.857499 11.857499 11.857499 418.269222 11.857499 2434.633798 7.491709 14.784096 1276.449853 18.449771 168936.627662 6.051822 28342.862960 70.187777 88571.446652 1.000000
11.848643 11.848643 11.848643 11.848643 11.848643 11.848643 11.848643 11.848643 417.952340 2491.176214 14.429951 7.486232 11.848643 9503.081667 14.772998 11713452.380611 6.047481 6.047481 816.309715 816.309715 1.000000
11.858888 11.858888 11.858888 11.858888 11.858888 11.858888 11.858888 11.858888 522.897538 137.081246 7.492567 7.492567 11.858888 29026.538186 14.785836 135165.351224 9.306331 35432.785858 109.668279 3895.876259 1.000000
11.838428 11.838428 11.838428 11.838428 11.838428 11.838428 11.838428 11.838428 4861.323189 18.419848 6.042474 6.042474 11.838428 3141556.346124 11.838428 134928.817659 6.042474 35370.780003 11.838428 521.982496 1.000000
11.902123 11.902123 11.902123 11.902123 11.902123 11.902123 11.902123 11.902123 11.902123 3128.226597 6.073697 6.073697 11.902123 668881024.001198 14.840016 87671573.577885 6.073697 7.519306 11.902123 11.902123 1.000000
11.840604 11.840604 11.840604 11.840604 11.840604 11.840604 11.840604 11.840604 11.840604 11.840604 6.043540 6.043540 14.762924 3927677.550848 11.840604 1571071.020340 7.481260 35377.374337 522.079811 1274.605023 1.000000
11.835914 11.835914 11.835914 11.835914 11.835914 11.835914 11.835914 11.835914 11.835914 11.835914 7.478360 7.478360 14.757046 4955433992.481319 11.835914 4839291008.282540 7.478360 7.478360 44.850426 11.835914 1.000000
11.842746 11.842746 11.842746 11.842746 11.842746 11.842746 11.842746 11.842746 11.842746 11.842746 6.044590 6.044590 11.842746 23415077.793603 14.765607 1005669.933569 9.293775 44229.831449 213.887016 522.175599 1.000000
11.902731 11.902731 11.902731 11.902731 11.902731 11.902731 11.902731 11.902731 11.902731 11.902731 6.073995 9.340434 11.902731 19011726661.830193 14.840778 4867002025.428533 7.519682 6.073995 11.902731 11.902731 1.000000
11.843707 11.843707 11.843707 11.843707 11.843707 11.843707 11.843707 11.843707 11.843707 2490.123465 7.483179 6.045061 11.843707 215983.746843 11.843707 263652.034718 6.045061 35386.777110 334.221652 522.218571 1.000000
11.907758 11.907758 11.907758 11.907758 11.907758 11.907758 11.907758 11.907758 11.907758 11.907758 6.076459 7.522791 18.528626 15215896224.509232 11.907758 214144701.771274 6.076459 210.037273 11.907758 11.907758 1.000000
11.904288 11.904288 11.904288 11.904288 11.904288 11.904288 11.904288 11.904288 11.904288 11.904288 9.341645 7.520645 11.904288 23767810320.243496 11.904288 3894118042.868691 7.520645 6.074758 11.904288 11.904288 1.000000
11.846048 11.846048 11.846048 11.846048 11.846048 11.846048 11.846048 11.846048 11.846048 11.846048 9.296344 6.046209 14.769745 3143607.297580 11.846048 804763.468182 7.484627 44242.339566 522.323268 1593.998898 1.000000
11.837315 11.837315 11.837315 11.837315 11.837315 11.837315 11.837315 11.837315 28972.979712 14.758802 6.041928 6.041928 11.837315 215865.520223 11.837315 134915.950144 6.041928 35367.406861 1592.807030 11.837315 1.000000
11.843873 11.843873 11.843873 11.843873 11.843873 11.843873 11.843873 11.843873 11.843873 1992.127342 6.045143 6.045143 11.843873 2011534.057824 23.011116 263655.792031 6.045143 44234.101747 109.527461 109.527461 1.000000
11.842154 11.842154 11.842154 11.842154 11.842154 11.842154 11.842154 11.842154 9497.802428 14.764866 6.044300 6.044300 11.842154 11872.252988 11.842154 134971.888935 6.044300 35382.070879 522.149120 1991.834016 1.000000
11.856622 11.856622 11.856622 11.856622 11.856622 11.856622 11.856622 11.856622 7607.658558 11.856622 7.491166 9.304569 14.782997 422309.877439 18.448395 168923.950981 22672.588949 14.439714 1021.083609 11.856622 1.000000
11.844589 11.844589 11.844589 11.844589 11.844589 11.844589 11.844589 11.844589 28.746121 1020.032459 6.045494 7.483725 14.767917 18735019.388458 11.844589 168750.052679 6.045494 55296.017278 11.844589 136.913611 1.000000
11.839326 11.839326 11.839326 11.839326 11.839326 11.839326 11.839326 11.839326 11.839326 11.839326 6.042914 6.042914 14.761321 45719175.978227 11.839326 1570898.925013 22639.039447 11.565818 4861.696898 11.839326 1.000000
11.843448 11.843448 11.843448 11.843448 11.843448 11.843448 11.843448 11.843448 11.843448 11.843448 7.483019 6.044934 18.427724 2514326.056535 14.766488 1257163.028268 6.044934 44232.491785 522.207006 1274.915558 1.000000
11.847169 11.847169 11.847169 11.847169 11.847169 11.847169 11.847169 11.847169 6081.205024 14.771151 6.046758 7.485320 14.771151 11877.353325 11.847169 168787.341316 6.046758 55308.236019 522.373434 1594.151994 1.000000
11.855966 11.855966 11.855966 11.855966 11.855966 11.855966 11.855966 11.855966 1276.282386 214.129191 9.304058 7.490760 11.855966 824777.654793 11.855966 135131.570968 14509.642017 11.582063 522.766857 11.855966 1.000000
11.839654 11.839654 11.839654 11.839654 11.839654 11.839654 11.839654 11.839654 138181.620449 14.761733 6.043075 6.043075 14.761733 3927357.864817 11.839654 134942.988720 9.291371 35374.494861 11.839654 11.839654 1.000000
11.843178 11.843178 11.843178 11.843178 11.843178 11.843178 11.843178 11.843178 11.843178 1992.008710 6.044802 6.044802 18.427300 2011414.269936 11.843178 263640.091193 6.044802 44231.467584 109.520940 136.897066 1.000000
11.899952 11.899952 11.899952 11.899952 11.899952 11.899952 11.899952 11.899952 1034851.701484 11.899952 6.072632 6.072632 18.516378 4934557.444968 11.899952 11764901.745242 6.072632 6.072632 11.899952 11.899952 1.000000
11.846738 11.846738 11.846738 11.846738 11.846738 11.846738 11.846738 11.846738 23197.098234 11.846738 6.046547 7.485053 18.432886 45306.832427 14.770610 135024.882577 7.485053 35395.962844 11.846738 4864.784292 1.000000
11.838409 11.838409 11.838409 11.838409 11.838409 11.838409 11.838409 11.838409 11.838409 11.838409 7.479903 7.479903 11.838409 3926938.751846 14.760172 3872260573.161124 7.479903 9.290402 56593.151696 11.838409 1.000000
11.852595 11.852595 11.852595 11.852595 11.852595 11.852595 11.852595 11.852595 11.852595 11.852595 9.301436 7.488676 11.852595 2013036.643397 18.442076 1006518.321699 9.301436 35413.715173 522.616105 1594.892570 1.000000
11.843883 11.843883 11.843883 11.843883 11.843883 11.843883 11.843883 11.843883 4863.595224 14.767032 6.045148 6.045148 11.843883 28989.285376 14.767032 134991.879312 6.045148 35387.311237 1274.963037 522.226454 1.000000
11.842152 11.842152 11.842152 11.842152 11.842152 11.842152 11.842152 11.842152 6078.592911 11.842152 6.044299 6.044299 14.764864 56611.306480 11.842152 134971.872486 6.044299 35382.066567 522.149056 652.685458 1.000000
11.899122 11.899122 11.899122 11.899122 11.899122 11.899122 11.899122 11.899122 11.899122 11.899122 6.072225 7.517450 11.899122 12163762796.156157 11.899122 7602351747.597629 6.072225 6.072225 11.899122 23.119585 1.000000
11.848712 11.848712 11.848712 11.848712 11.848712 11.848712 11.848712 11.848712 4865.606615 11.848712 7.486274 7.486274 14.773084 172861.064478 11.848712 168809.633280 6.047514 28321.556839 213.996306 522.442424 1.000000
11.838874 11.838874 11.838874 11.838874 11.838874 11.838874 11.838874 11.838874 11.838874 11.838874 6.042692 6.042692 11.838874 3141676.196936 11.838874 1256670.478775 7.480190 44215.161741 522.002410 1991.274361 1.000000
11.838819 11.838819 11.838819 11.838819 11.838819 11.838819 11.838819 11.838819 11.838819 11.838819 7.480157 6.042666 11.838819 23407203.042351 11.838819 1005331.715578 6.042666 55268.695571 109.480064 1274.410137 1.000000
11.839326 11.839326 11.839326 11.839326 11.839326 11.839326 11.839326 11.839326 11.839326 11.839326 6.042914 6.042914 14.761321 29260272.668411 11.839326 1570898.927286 22639.039480 11.565818 7596.401224 11.839326 1.000000
11.835764 11.835764 11.835764 11.835764 11.835764 11.835764 11.835764 11.835764 11.835764 11.835764 6.041168 7.478267 11.835764 18720860.428285 14.756858 1005068.541157 6.041168 55254.227404 11.835764 11865.755064 1.000000
11.838874 11.838874 11.838874 11.838874 11.838874 11.838874 11.838874 11.838874 11.838874 11.838874 7.480190 6.042692 11.838874 3927095.213891 11.838874 1256670.468446 6.042692 44215.161377 522.002406 1593.019701 1.000000
11.840159 11.840159 11.840159 11.840159 11.840159 11.840159 11.840159 11.840159 18.422564 11.840159 6.043322 6.043322 14.762366 2513617.785162 11.840159 1005447.114066 6.043322 44220.031744 522.059905 1593.195175 1.000000
11.894007 11.894007 11.894007 11.894007 11.894007 11.894007 11.894007 11.894007 11.894007 11.894007 6.069718 6.069718 14.829845 18997593250.449764 11.894007 9498796625.224878 6.069718 6.069718 11.894007 11.894007 1.000000
11.840424 11.840424 11.840424 11.840424 11.840424 11.840424 11.840424 11.840424 6077.693167 11.840424 6.043452 6.043452 11.840424 28980.698632 11.840424 134951.894169 6.043452 35376.829371 1274.585388 652.588849 1.000000
11.908197 11.908197 11.908197 11.908197 11.908197 11.908197 11.908197 11.908197 23319.165158 11.908197 6.076674 6.076674 14.847628 29432924.322781 11.908197 169669.256982 6.076674 35582.222189 11.908197 11.908197 1.000000
11.838876 11.838876 11.838876 11.838876 11.838876 11.838876 11.838876 11.838876 23181.483979 11.838876 6.042694 7.480192 11.838876 70744.274720 11.838876 168667.494555 6.042694 35372.137381 11.838876 6076.887089 1.000000
11.843711 11.843711 11.843711 11.843711 11.843711 11.843711 11.843711 11.843711 7599.255628 11.843711 6.045063 7.483182 11.843711 18552.869918 11.843711 134989.894757 6.045063 44233.488734 417.775883 1992.099735 1.000000
11.840414 11.840414 11.840414 11.840414 11.840414 11.840414 11.840414 11.840414 11.840414 3111.776475 6.043447 6.043447 11.840414 269903.557323 11.840414 210862.154161 6.043447 35376.799093 267.303277 522.071322 1.000000
11.835581 11.835581 11.835581 11.835581 11.835581 11.835581 11.835581 11.835581 11.835581 11.835581 6.041078 6.041078 11.835581 3140789.822600 11.835581 1570394.911301 6.041078 44202.687131 521.855136 1990.712554 1.000000
11.902123 11.902123 11.902123 11.902123 11.902123 11.902123 11.902123 11.902123 11.902123 11.902123 6.073697 7.519306 11.902123 3948376.684315 14.840016 7604296888.042991 6.073697 6.073697 56902.104863 11.902123 1.000000
11.903644 11.903644 11.903644 11.903644 11.903644 11.903644 11.903644 11.903644 56909.475410 14.841921 6.074442 6.074442 11.903644 7712672.106988 11.903644 11768603.678875 6.074442 6.074442 172.004149 11.903644 1.000000
11.837313 11.837313 11.837313 11.837313 11.837313 11.837313 11.837313 11.837313 11.837313 11.837313 6.041927 6.041927 11.837313 3141256.082910 14.758799 1570628.041456 6.041927 44209.249162 521.932607 1592.806691 1.000000
11.837313 11.837313 11.837313 11.837313 11.837313 11.837313 11.837313 11.837313 11.837313 11.837313 6.041927 6.041927 14.758799 3141256.082910 11.837313 1570628.041456 6.041927 44209.249162 521.932607 1592.806691 1.000000
11.841214 11.841214 11.841214 11.841214 11.841214 11.841214 11.841214 11.841214 11.841214 11.841214 9.292584 7.481638 11.841214 18729604.270980 14.763688 804430.378110 6.043839 44224.027746 11.841214 11871.297132 1.000000
11.838874 11.838874 11.838874 11.838874 11.838874 11.838874 11.838874 11.838874 11.838874 11.838874 6.042692 7.480190 11.838874 3141676.196936 11.838874 1256670.478775 6.042692 44215.161741 522.002410 1991.274361 1.000000
11.835574 11.835574 11.835574 11.835574 11.835574 11.835574 11.835574 11.835574 18539.939948 11.835574 6.041075 6.041075 11.835574 3140787.986064 11.835574 134895.816846 6.041075 22631.762610 267.192435 11.835574 1.000000
11.908414 11.908414 11.908414 11.908414 11.908414 11.908414 11.908414 11.908414 11.908414 88.110289 7.523197 6.076781 11.908414 1618121.971830 11.908414 418274726.201138 6.076781 7.523197 11.908414 88957.196171 1.000000
11.839138 11.839138 11.839138 11.839138 11.839138 11.839138 11.839138 11.839138 7596.279072 23.001819 6.042822 6.042822 11.839138 3141747.333469 11.839138 134937.020503 6.042822 35372.930329 267.274046 11.839138 1.000000
11.837313 11.837313 11.837313 11.837313 11.837313 11.837313 11.837313 11.837313 11.837313 11.837313 6.041927 6.041927 11.837313 3141256.082910 14.758799 1570628.041456 6.041927 44209.249162 521.932607 1592.806691 1.000000
11.900397 11.900397 11.900397 11.900397 11.900397 11.900397 11.900397 11.900397 11.900397 11.900397 7.518239 6.072851 11.900397 29413372.008728 11.900397 7603178461.071663 6.072851 6.072851 11.900397 9545.185047 1.000000
11.837313 11.837313 11.837313 11.837313 11.837313 11.837313 11.837313 11.837313 11.837313 11.837313 6.041927 6.041927 11.837313 2513004.886994 14.758799 1570628.054372 6.041927 44209.249525 521.932611 1991.008098 1.000000
11.840401 11.840401 11.840401 11.840401 11.840401 11.840401 11.840401 11.840401 267.302961 11.840401 6.043441 6.043441 11.840401 3142087.227977 11.840401 168689.523573 6.043441 44220.946488 213.844052 652.587518 1.000000
11.835581 11.835581 11.835581 11.835581 11.835581 11.835581 11.835581 11.835581 7593.964056 11.835581 6.041078 6.041078 11.835581 3140789.865356 11.835581 134895.897561 6.041078 35362.150196 11.835581 521.855143 1.000000
11.835581 11.835581 11.835581 11.835581 11.835581 11.835581 11.835581 11.835581 11.835581 11.835581 6.041078 6.041078 11.835581 3140789.822600 11.835581 1570394.911301 6.041078 44202.687131 521.855136 1990.712554 1.000000
11.835581 11.835581 11.835581 11.835581 11.835581 11.835581 11.835581 11.835581 11.835581 11.835581 6.041078 6.041078 11.835581 3140789.822600 11.835581 1570394.911301 6.041078 44202.687131 521.855136 1990.712554 1.000000
11.835581 11.835581 11.835581 11.835581 11.835581 11.835581 11.835581 11.835581 11.835581 11.835581 6.041078 6.041078 11.835581 3140789.822600 11.835581 1570394.911301 6.041078 44202.687131 521.855136 1990.712554 1.000000
11.840232 11.840232 11.840232 11.840232 11.840232 11.840232 11.840232 11.840232 11.840232 11.840232 6.043358 6.043358 11.840232 36578182.122036 14.762458 1256816.767691 22640.798151 14.419660 6077.593128 11.840232 1.000000
11.837313 11.837313 11.837313 11.837313 11.837313 11.837313 11.837313 11.837313 11.837313 11.837313 6.041927 6.041927 11.837313 3141256.082910 14.758799 1570628.041456 6.041927 44209.249162 521.932607 1592.806691 1.000000
11.837313 11.837313 11.837313 11.837313 11.837313 11.837313 11.837313 11.837313 11.837313 11.837313 6.041927 6.041927 14.758799 2513004.886994 11.837313 1570628.054372 6.041927 44209.249525 521.932611 1991.008098 1.000000
11.840420 11.840420 11.840420 11.840420 11.840420 11.840420 11.840420 11.840420 9496.391917 11.840420 6.043450 6.043450 11.840420 28980.687936 11.840420 168689.805448 6.043450 28301.453064 334.127576 1593.230794 1.000000
11.835581 11.835581 11.835581 11.835581 11.835581 11.835581 11.835581 11.835581 11.835581 11.835581 6.041078 6.041078 11.835581 3140789.822600 11.835581 1570394.911301 6.041078 44202.687131 521.855136 1990.712554 1.000000
11.835581 11.835581 11.835581 11.835581 11.835581 11.835581 11.835581 11.835581 11.835581 11.835581 6.041078 6.041078 11.835581 3140789.822600 11.835581 1570394.911301 6.041078 44202.687131 521.855136 1990.712554 1.000000
11.842126 11.842126 11.842126 11.842126 11.842126 11.842126 11.842126 11.842126 11.842126 417.719149 6.044286 6.044286 14.764830 3142551.592422 11.842126 168714.453949 6.044286 44227.481837 171.102627 417.719149 1.000000
11.837313 11.837313 11.837313 11.837313 11.837313 11.837313 11.837313 11.837313 11.837313 11.837313 6.041927 6.041927 11.837313 3141256.082910 14.758799 1570628.041456 6.041927 44209.249162 521.932607 1592.806691 1.000000
11.838874 11.838874 11.838874 11.838874 11.838874 11.838874 11.838874 11.838874 11.838874 11.838874 7.480190 6.042692 11.838874 3141676.196936 11.838874 1256670.478775 6.042692 44215.161741 522.002410 1991.274361 1.000000
11.835581 11.835581 11.835581 11.835581 11.835581 11.835581 11.835581 11.835581 11.835581 11.835581 6.041078 6.041078 11.835581 3140789.822600 11.835581 1570394.911301 6.041078 44202.687131 521.855136 1990.712554 1.000000
11.837313 11.837313 11.837313 11.837313 11.837313 11.837313 11.837313 11.837313 11.837313 11.837313 6.041927 6.041927 14.758799 3141256.082910 11.837313 1570628.041456 6.041927 44209.249162 521.932607 1592.806691 1.000000
11.851732 11.851732 11.851732 11.851732 11.851732 11.851732 11.851732 11.851732 1020.656431 136.997355 7.488142 7.488142 11.851732 270165.248362 11.851732 168853.280230 6.048995 28328.879582 109.601169 334.451368 1.000000
11.838872 11.838872 11.838872 11.838872 11.838872 11.838872 11.838872 11.838872 7596.106269 11.838872 6.042692 6.042692 11.838872 3141675.863917 11.838872 134933.950909 7.480190 44215.157054 11.838872 417.602746 1.000000
11.835581 11.835581 11.835581 11.835581 11.835581 11.835581 11.835581 11.835581 11.835581 11.835581 6.041078 6.041078 11.835581 3140789.822600 11.835581 1570394.911301 6.041078 44202.687131 521.855136 1990.712554 1.000000
11.835581 11.835581 11.835581 11.835581 11.835581 11.835581 11.835581 11.835581 11.835581 11.835581 6.041078 6.041078 11.835581 3140789.822600 11.835581 1570394.911301 6.041078 44202.687131 521.855136 1990.712554 1.000000
11.909752 11.909752 11.909752 11.909752 11.909752 11.909752 11.909752 11.909752 11.909752 11.909752 6.077437 7.524024 11.909752 9645857.554855 11.909752 6028660.971784 6.077437 7463.120934 29152.815660 11.909752 1.000000
11.840396 11.840396 11.840396 11.840396 11.840396 11.840396 11.840396 11.840396 334.126877 11.840396 6.043438 6.043438 11.840396 3142085.906331 11.840396 168689.452617 6.043438 44220.927888 171.077274 652.587244 1.000000
11.840604 11.840604 11.840604 11.840604 11.840604 11.840604 11.840604 11.840604 11.840604 11.840604 6.043541 7.481261 14.762924 3142142.081035 11.840604 1256856.832415 6.043541 44221.718477 522.079818 1593.255946 1.000000
11.835581 11.835581 11.835581 11.835581 11.835581 11.835581 11.835581 11.835581 11.835581 11.835581 6.041078 6.041078 11.835581 3140789.822600 11.835581 1570394.911301 6.041078 44202.687131 521.855136 1990.712554 1.000000
11.837325 11.837325 11.837325 11.837325 11.837325 11.837325 11.837325 11.837325 11.837325 11.837325 7.479233 7.479233 11.837325 23404206.677930 11.837325 1005203.022706 6.041933 69077.025748 11.837325 9493.874231 1.000000
11.835581 11.835581 11.835581 11.835581 11.835581 11.835581 11.835581 11.835581 11.835581 11.835581 6.041078 6.041078 11.835581 3140789.822600 11.835581 1570394.911301 6.041078 44202.687131 521.855136 1990.712554 1.000000
11.835581 11.835581 11.835581 11.835581 11.835581 11.835581 11.835581 11.835581 11.835581 11.835581 6.041078 6.041078 11.835581 3140789.822600 11.835581 1570394.911301 6.041078 44202.687131 521.855136 1990.712554 1.000000
11.835581 11.835581 11.835581 11.835581 11.835581 11.835581 11.835581 11.835581 11.835581 11.835581 6.041078 6.041078 11.835581 3140789.822600 11.835581 1570394.911301 6.041078 44202.687131 521.855136 1990.712554 1.000000
11.835581 11.835581 11.835581 11.835581 11.835581 11.835581 11.835581 11.835581 11.835581 11.835581 6.041078 6.041078 11.835581 3140789.822600 11.835581 1570394.911301 6.041078 44202.687131 521.855136 1990.712554 1.000000
11.835581 11.835581 11.835581 11.835581 11.835581 11.835581 11.835581 11.835581 11.835581 11.835581 6.041078 6.041078 11.835581 3140789.822600 11.835581 1570394.911301 6.041078 44202.687131 521.855136 1990.712554 1.000000
11.835581 11.835581 11.835581 11.835581 11.835581 11.835581 11.835581 11.835581 11.835581 11.835581 6.041078 6.041078 11.835581 3140789.822600 11.835581 1570394.911301 6.041078 44202.687131 521.855136 1990.712554 1.000000
11.838874 11.838874 11.838874 11.838874 11.838874 11.838874 11.838874 11.838874 11.838874 11.838874 7.480190 6.042692 11.838874 3141676.196936 11.838874 1256670.478775 6.042692 44215.161741 522.002410 1991.274361 1.000000
11.837313 11.837313 11.837313 11.837313 11.837313 11.837313 11.837313 11.837313 11.837313 11.837313 6.041927 6.041927 14.758799 3141256.082910 11.837313 1570628.041456 6.041927 44209.249162 521.932607 1592.806691 1.000000
11.837313 11.837313 11.837313 11.837313 11.837313 11.837313 11.837313 11.837313 11.837313 11.837313 6.041927 6.041927 11.837313 2513004.886994 14.758799 1570628.054372 6.041927 44209.249525 521.932611 1991.008098 1.000000
11.840414 11.840414 11.840414 11.840414 11.840414 11.840414 11.840414 11.840414 11.840414 3111.776475 6.043447 6.043447 11.840414 269903.557323 11.840414 210862.154161 6.043447 35376.799093 267.303277 522.071322 1.000000
11.838874 11.838874 11.838874 11.838874 11.838874 11.838874 11.838874 11.838874 11.838874 11.838874 7.480190 6.042692 11.838874 3141676.196936 11.838874 1256670.478775 6.042692 44215.161741 522.002410 1991.274361 1.000000
11.835581 11.835581 11.835581 11.835581 11.835581 11.835581 11.835581 11.835581 11.835581 11.835581 6.041078 6.041078 11.835581 3140789.822617 11.835581 1256315.929047 6.041078 55253.358904 521.855136 1990.712554 1.000000
11.835581 11.835581 11.835581 11.835581 11.835581 11.835581 11.835581 11.835581 11.835581 11.835581 6.041078 6.041078 11.835581 3140789.822600 11.835581 1570394.911301 6.041078 44202.687131 521.855136 1990.712554 1.000000
11.835581 11.835581 11.835581 11.835581 11.835581 11.835581 11.835581 11.835581 11.835581 11.835581 6.041078 6.041078 11.835581 3140789.822600 11.835581 1570394.911301 6.041078 44202.687131 521.855136 1990.712554 1.000000
11.835581 11.835581 11.835581 11.835581 11.835581 11.835581 11.835581 11.835581 11.835581 11.835581 6.041078 6.041078 11.835581 3140789.822600 11.835581 1570394.911301 6.041078 44202.687131 521.855136 1990.712554 1.000000
11.837313 11.837313 11.837313 11.837313 11.837313 11.837313 11.837313 11.837313 11.837313 11.837313 6.041927 6.041927 14.758799 3141256.082910 11.837313 1570628.041456 6.041927 44209.249162 521.932607 1592.806691 1.000000
11.837313 11.837313 11.837313 11.837313 11.837313 11.837313 11.837313 11.837313 11.837313 11.837313 6.041927 6.041927 14.758799 3141256.082910 11.837313 1570628.041456 6.041927 44209.249162 521.932607 1592.806691 1.000000
11.835581 11.835581 11.835581 11.835581 11.835581 11.835581 11.835581 11.835581 11.835581 11.835581 6.041078 6.041078 11.835581 3140789.822600 11.835581 1570394.911301 6.041078 44202.687131 521.855136 1990.712554 1.000000
11.835581 11.835581 11.835581 11.835581 11.835581 11.835581 11.835581 11.835581 11.835581 11.835581 6.041078 6.041078 11.835581 3140789.822600 11.835581 1570394.911301 6.041078 44202.687131 521.855136 1990.712554 1.000000
11.837313 11.837313 11.837313 11.837313 11.837313 11.837313 11.837313 11.837313 11.837313 11.837313 6.041927 6.041927 14.758799 2513004.886994 11.837313 1570628.054372 6.041927 44209.249525 521.932611 1991.008098 1.000000
11.840188 11.840188 11.840188 11.840188 11.840188 11.840188 11.840188 11.840188 4862.056231 11.840188 6.043337 6.043337 11.840188 3142030.063726 11.840188 134949.163675 6.043337 35376.113589 56.073523 171.074234 1.000000
11.835581 11.835581 11.835581 11.835581 11.835581 11.835581 11.835581 11.835581 11.835581 11.835581 6.041078 6.041078 11.835581 3140789.822600 11.835581 1570394.911301 6.041078 44202.687131 521.855136 1990.712554 1.000000
11.835581 11.835581 11.835581 11.835581 11.835581 11.835581 11.835581 11.835581 11.835581 11.835581 6.041078 6.041078 11.835581 3140789.822600 11.835581 1570394.911301 6.041078 44202.687131 521.855136 1990.712554 1.000000
11.840424 11.840424 11.840424 11.840424 11.840424 11.840424 11.840424 11.840424 6077.693167 11.840424 6.043452 6.043452 11.840424 28980.698632 11.840424 134951.894169 6.043452 35376.829371 1274.585388 652.588849 1.000000
11.835581 11.835581 11.835581 11.835581 11.835581 11.835581 11.835581 11.835581 11.835581 11.835581 6.041078 6.041078 11.835581 3140789.822600 11.835581 1570394.911301 6.041078 44202.687131 521.855136 1990.712554 1.000000
11.835581 11.835581 11.835581 11.835581 11.835581 11.835581 11.835581 11.835581 11.835581 11.835581 6.041078 6.041078 11.835581 3140789.822600 11.835581 1570394.911301 6.041078 44202.687131 521.855136 1990.712554 1.000000
11.835581 11.835581 11.835581 11.835581 11.835581 11.835581 11.835581 11.835581 11.835581 11.835581 6.041078 6.041078 11.835581 3140789.822600 11.835581 1570394.911301 6.041078 44202.687131 521.855136 1990.712554 1.000000
11.906473 11.906473 11.906473 11.906473 11.906473 11.906473 11.906473 11.906473 11.906473 11.906473 6.075829 6.075829 11.906473 9643164.596374 11.906473 70163256.869810 6.075829 801.124020 29144.676693 11.906473 1.000000
11.837313 11.837313 11.837313 11.837313 11.837313 11.837313 11.837313 11.837313 11.837313 11.837313 6.041927 6.041927 14.758799 3141256.082910 11.837313 1570628.041456 6.041927 44209.249162 521.932607 1592.806691 1.000000
11.835581 11.835581 11.835581 11.835581 11.835581 11.835581 11.835581 11.835581 11.835581 11.835581 6.041078 6.041078 11.835581 3140789.822600 11.835581 1570394.911301 6.041078 44202.687131 521.855136 1990.712554 1.000000
11.840086 11.840086 11.840086 11.840086 11.840086 11.840086 11.840086 11.840086 44.866448 11.840086 6.043287 6.043287 11.840086 3142002.593449 11.840086 411828.563931 6.043287 44219.755363 417.646175 1274.548456 1.000000
11.835581 11.835581 11.835581 11.835581 11.835581 11.835581 11.835581 11.835581 11.835581 11.835581 6.041078 6.041078 11.835581 3140789.822600 11.835581 1570394.911301 6.041078 44202.687131 521.855136 1990.712554 1.000000
11.835581 11.835581 11.835581 11.835581 11.835581 11.835581 11.835581 11.835581 11.835581 11.835581 6.041078 6.041078 11.835581 3140789.822600 11.835581 1570394.911301 6.041078 44202.687131 521.855136 1990.712554 1.000000
11.835581 11.835581 11.835581 11.835581 11.835581 11.835581 11.835581 11.835581 11.835581 11.835581 6.041078 6.041078 11.835581 3140789.822600 11.835581 1570394.911301 6.041078 44202.687131 521.855136 1990.712554 1.000000
11.835581 11.835581 11.835581 11.835581 11.835581 11.835581 11.835581 11.835581 11.835581 11.835581 6.041078 6.041078 11.835581 3140789.822600 11.835581 1570394.911301 6.041078 44202.687131 521.855136 1990.712554 1.000000
11.835581 11.835581 11.835581 11.835581 11.835581 11.835581 11.835581 11.835581 11.835581 11.835581 6.041078 6.041078 11.835581 3140789.822600 11.835581 1570394.911301 6.041078 44202.687131 521.855136 1990.712554 1.000000
11.835581 11.835581 11.835581 11.835581 11.835581 11.835581 11.835581 11.835581 11.835581 11.835581 6.041078 6.041078 11.835581 3140789.822600 11.835581 1570394.911301 6.041078 44202.687131 521.855136 1990.712554 1.000000
11.840416 11.840416 11.840416 11.840416 11.840416 11.840416 11.840416 11.840416 9496.388834 11.840416 6.043448 6.043448 11.840416 56602.887698 11.840416 168689.750678 6.043448 28301.443875 267.303321 1019.667956 1.000000
11.835581 11.835581 11.835581 11.835581 11.835581 11.835581 11.835581 11.835581 11.835581 11.835581 6.041078 6.041078 11.835581 3140789.822600 11.835581 1570394.911301 6.041078 44202.687131 521.855136 1990.712554 1.000000
11.840334 11.840334 11.840334 11.840334 11.840334 11.840334 11.840334 11.840334 11.840334 1991.523481 6.043408 6.043408 11.840334 3142069.239092 11.840334 263575.871560 6.043408 44220.693317 109.494266 136.863724 1.000000
11.835581 11.835581 11.835581 11.835581 11.835581 11.835581 11.835581 11.835581 11.835581 11.835581 6.041078 6.041078 11.835581 3140789.822600 11.835581 1570394.911301 6.041078 44202.687131 521.855136 1990.712554 1.000000
11.835581 11.835581 11.835581 11.835581 11.835581 11.835581 11.835581 11.835581 11.835581 11.835581 6.041078 6.041078 11.835581 3140789.822600 11.835581 1570394.911301 6.041078 44202.687131 521.855136 1990.712554 1.000000
11.837313 11.837313 11.837313 11.837313 11.837313 11.837313 11.837313 11.837313 11.837313 11.837313 6.041927 6.041927 11.837313 3141256.082910 14.758799 1570628.041456 6.041927 44209.249162 521.932607 1592.806691 1.000000
11.906472 11.906472 11.906472 11.906472 11.906472 11.906472 11.906472 11.906472 11.906472 11.906472 6.075829 6.075829 11.906472 7714530.695988 11.906472 137037593.645806 6.075829 410.177245 36430.841217 11.906472 1.000000
11.837313 11.837313 11.837313 11.837313 11.837313 11.837313 11.837313 11.837313 11.837313 11.837313 6.041927 6.041927 14.758799 3141256.082910 11.837313 1570628.041456 6.041927 44209.249162 521.932607 1592.806691 1.000000
11.835581 11.835581 11.835581 11.835581 11.835581 11.835581 11.835581 11.835581 11.835581 11.835581 6.041078 6.041078 11.835581 3140789.822600 11.835581 1570394.911301 6.041078 44202.687131 521.855136 1990.712554 1.000000
11.835581 11.835581 11.835581 11.835581 11.835581 11.835581 11.835581 11.835581 11.835581 11.835581 6.041078 6.041078 11.835581 3140789.822600 11.835581 1570394.911301 6.041078 44202.687131 521.855136 1990.712554 1.000000
11.835581 11.835581 11.835581 11.835581 11.835581 11.835581 11.835581 11.835581 11.835581 11.835581 6.041078 6.041078 11.835581 3140789.822600 11.835581 1570394.911301 6.041078 44202.687131 521.855136 1990.712554 1.000000
11.835581 11.835581 11.835581 11.835581 11.835581 11.835581 11.835581 11.835581 11.835581 11.835581 6.041078 6.041078 11.835581 3140789.822600 11.835581 1570394.911301 6.041078 44202.687131 521.855136 1990.712554 1.000000
11.835581 11.835581 11.835581 11.835581 11.835581 11.835581 11.835581 11.835581 11.835581 11.835581 6.041078 6.041078 11.835581 3140789.822600 11.835581 1570394.911301 6.041078 44202.687131 521.855136 1990.712554 1.000000
11.835581 11.835581 11.835581 11.835581 11.835581 11.835581 11.835581 11.835581 11.835581 11.835581 6.041078 6.041078 11.835581 3140789.822600 11.835581 1570394.911301 6.041078 44202.687131 521.855136 1990.712554 1.000000
11.835581 11.835581 11.835581 11.835581 11.835581 11.835581 11.835581 11.835581 11.835581 11.835581 6.041078 6.041078 11.835581 3140789.822600 11.835581 1570394.911301 6.041078 44202.687131 521.855136 1990.712554 1.000000
11.835581 11.835581 11.835581 11.835581 11.835581 11.835581 11.835581 11.835581 11.835581 11.835581 6.041078 6.041078 11.835581 3140789.822600 11.835581 1570394.911301 6.041078 44202.687131 521.855136 1990.712554 1.000000
11.835581 11.835581 11.835581 11.835581 11.835581 11.835581 11.835581 11.835581 11.835581 11.835581 6.041078 6.041078 11.835581 3140789.822600 11.835581 1570394.911301 6.041078 44202.687131 521.855136 1990.712554 1.000000
11.835581 11.835581 11.835581 11.835581 11.835581 11.835581 11.835581 11.835581 11.835581 11.835581 6.041078 6.041078 11.835581 3140789.822600 11.835581 1570394.911301 6.041078 44202.687131 521.855136 1990.712554 1.000000
11.835581 11.835581 11.835581 11.835581 11.835581 11.835581 11.835581 11.835581 11.835581 11.835581 6.041078 6.041078 11.835581 3140789.822600 11.835581 1570394.911301 6.041078 44202.687131 521.855136 1990.712554 1.000000
11.835581 11.835581 11.835581 11.835581 11.835581 11.835581 11.835581 11.835581 11.835581 11.835581 6.041078 6.041078 11.835581 3140789.822600 11.835581 1570394.911301 6.041078 44202.687131 521.855136 1990.712554 1.000000
11.835581 11.835581 11.835581 11.835581 11.835581 11.835581 11.835581 11.835581 11.835581 11.835581 6.041078 6.041078 11.835581 3140789.822600 11.835581 1570394.911301 6.041078 44202.687131 521.855136 1990.712554 1.000000
11.835581 11.835581 11.835581 11.835581 11.835581 11.835581 11.835581 11.835581 11.835581 11.835581 6.041078 6.041078 11.835581 3140789.822600 11.835581 1570394.911301 6.041078 44202.687131 521.855136 1990.712554 1.000000
11.835581 11.835581 11.835581 11.835581 11.835581 11.835581 11.835581 11.835581 11.835581 11.835581 6.041078 6.041078 11.835581 3140789.822600 11.835581 1570394.911301 6.041078 44202.687131 521.855136 1990.712554 1.000000
11.835581 11.835581 11.835581 11.835581 11.835581 11.835581 11.835581 11.835581 11.835581 11.835581 6.041078 6.041078 11.835581 3140789.822600 11.835581 1570394.911301 6.041078 44202.687131 521.855136 1990.712554 1.000000
11.835581 11.835581 11.835581 11.835581 11.835581 11.835581 11.835581 11.835581 11.835581 11.835581 6.041078 6.041078 11.835581 3140789.822600 11.835581 1570394.911301 6.041078 44202.687131 521.855136 1990.712554 1.000000
11.835581 11.835581 11.835581 11.835581 11.835581 11.835581 11.835581 11.835581 11.835581 11.835581 6.041078 6.041078 11.835581 3140789.822600 11.835581 1570394.911301 6.041078 44202.687131 521.855136 1990.712554 1.000000
11.835581 11.835581 11.835581 11.835581 11.835581 11.835581 11.835581 11.835581 11.835581 11.835581 6.041078 6.041078 11.835581 3140789.822600 11.835581 1570394.911301 6.041078 44202.687131 521.855136 1990.712554 1.000000
11.906473 11.906473 11.906473 11.906473 11.906473 11.906473 11.906473 11.906473 11.906473 11.906473 6.075829 6.075829 11.906473 9643164.596374 11.906473 70163256.869811 6.075829 801.124020 29144.676693 11.906473 1.000000
11.835581 11.835581 11.835581 11.835581 11.835581 11.835581 11.835581 11.835581 11.835581 11.835581 6.041078 6.041078 11.835581 3140789.822600 11.835581 1570394.911301 6.041078 44202.687131 521.855136 1990.712554 1.000000
11.835581 11.835581 11.835581 11.835581 11.835581 11.835581 11.835581 11.835581 11.835581 11.835581 6.041078 6.041078 11.835581 3140789.822600 11.835581 1570394.911301 6.041078 44202.687131 521.855136 1990.712554 1.000000
11.835581 11.835581 11.835581 11.835581 11.835581 11.835581 11.835581 11.835581 11.835581 11.835581 6.041078 6.041078 11.835581 3140789.822600 11.835581 1570394.911301 6.041078 44202.687131 521.855136 1990.712554 1.000000
11.835581 11.835581 11.835581 11.835581 11.835581 11.835581 11.835581 11.835581 11.835581 11.835581 6.041078 6.041078 11.835581 3140789.822600 11.835581 1570394.911301 6.041078 44202.687131 521.855136 1990.712554 1.000000
11.835581 11.835581 11.835581 11.835581 11.835581 11.835581 11.835581 11.835581 11.835581 11.835581 6.041078 6.041078 11.835581 3140789.822600 11.835581 1570394.911301 6.041078 44202.687131 521.855136 1990.712554 1.000000
11.835581 11.835581 11.835581 11.835581 11.835581 11.835581 11.835581 11.835581 11.835581 11.835581 6.041078 6.041078 11.835581 3140789.822600 11.835581 1570394.911301 6.041078 44202.687131 521.855136 1990.712554 1.000000
11.835581 11.835581 11.835581 11.835581 11.835581 11.835581 11.835581 11.835581 11.835581 11.835581 6.041078 6.041078 11.835581 3140789.822600 11.835581 1570394.911301 6.041078 44202.687131 521.855136 1990.712554 1.000000
11.835581 11.835581 11.835581 11.835581 11.835581 11.835581 11.835581 11.835581 11.835581 11.835581 6.041078 6.041078 11.835581 3140789.822600 11.835581 1570394.911301 6.041078 44202.687131 521.855136 1990.712554 1.000000
11.835581 11.835581 11.835581 11.835581 11.835581 11.835581 11.835581 11.835581 11.835581 11.835581 6.041078 6.041078 11.835581 3140789.822600 11.835581 1570394.911301 6.041078 44202.687131 521.855136 1990.712554 1.000000
11.835581 11.835581 11.835581 11.835581 11.835581 11.835581 11.835581 11.835581 11.835581 11.835581 6.041078 6.041078 11.835581 3140789.822600 11.835581 1570394.911301 6.041078 44202.687131 521.855136 1990.712554 1.000000
11.835581 11.835581 11.835581 11.835581 11.835581 11.835581 11.835581 11.835581 11.835581 11.835581 6.041078 6.041078 11.835581 3140789.822600 11.835581 1570394.911301 6.041078 44202.687131 521.855136 1990.712554 1.000000
11.835581 11.835581 11.835581 11.835581 11.835581 11.835581 11.835581 11.835581 11.835581 11.835581 6.041078 6.041078 11.835581 3140789.822600 11.835581 1570394.911301 6.041078 44202.687131 521.855136 1990.712554 1.000000
11.835581 11.835581 11.835581 11.835581 11.835581 11.835581 11.835581 11.835581 11.835581 11.835581 6.041078 6.041078 11.835581 3140789.822600 11.835581 1570394.911301 6.041078 44202.687131 521.855136 1990.712554 1.000000
11.835581 11.835581 11.835581 11.835581 11.835581 11.835581 11.835581 11.835581 11.835581 11.835581 6.041078 6.041078 11.835581 3140789.822600 11.835581 1570394.911301 6.041078 44202.687131 521.855136 1990.712554 1.000000
11.835581 11.835581 11.835581 11.835581 11.835581 11.835581 11.835581 11.835581 11.835581 11.835581 6.041078 6.041078 11.835581 3140789.822600 11.835581 1570394.911301 6.041078 44202.687131 521.855136 1990.712554 1.000000
11.835581 11.835581 11.835581 11.835581 11.835581 11.835581 11.835581 11.835581 11.835581 11.835581 6.041078 6.041078 11.835581 3140789.822600 11.835581 1570394.911301 6.041078 44202.687131 521.855136 1990.712554 1.000000
11.835581 11.835581 11.835581 11.835581 11.835581 11.835581 11.835581 11.835581 11.835581 11.835581 6.041078 6.041078 11.835581 3140789.822600 11.835581 1570394.911301 6.041078 44202.687131 521.855136 1990.712554 1.000000
11.835581 11.835581 11.835581 11.835581 11.835581 11.835581 11.835581 11.835581 11.835581 11.835581 6.041078 6.041078 11.835581 3140789.822600 11.835581 1570394.911301 6.041078 44202.687131 521.855136 1990.712554 1.000000
11.835581 11.835581 11.835581 11.835581 11.835581 11.835581 11.835581 11.835581 11.835581 11.835581 6.041078 6.041078 11.835581 3140789.822600 11.835581 1570394.911301 6.041078 44202.687131 521.855136 1990.712554 1.000000
11.835581 11.835581 11.835581 11.835581 11.835581 11.835581 11.835581 11.835581 11.835581 11.835581 6.041078 6.041078 11.835581 3140789.822600 11.835581 1570394.911301 6.041078 44202.687131 521.855136 1990.712554 1.000000
11.835581 11.835581 11.835581 11.835581 11.835581 11.835581 11.835581 11.835581 11.835581 11.835581 6.041078 6.041078 11.835581 3140789.822600 11.835581 1570394.911301 6.041078 44202.687131 521.855136 1990.712554 1.000000
11.835581 11.835581 11.835581 11.835581 11.835581 11.835581 11.835581 11.835581 11.835581 11.835581 6.041078 6.041078 11.835581 3140789.822600 11.835581 1570394.911301 6.041078 44202.687131 521.855136 1990.712554 1.000000
11.835581 11.835581 11.835581 11.835581 11.835581 11.835581 11.835581 11.835581 11.835581 11.835581 6.041078 6.041078 11.835581 3140789.822600 11.835581 1570394.911301 6.041078 44202.687131 521.855136 1990.712554 1.000000
11.835581 11.835581 11.835581 11.835581 11.835581 11.835581 11.835581 11.835581 11.835581 11.835581 6.041078 6.041078 11.835581 3140789.822600 11.835581 1570394.911301 6.041078 44202.687131 521.855136 1990.712554 1.000000
11.835581 11.835581 11.835581 11.835581 11.835581 11.835581 11.835581 11.835581 11.835581 11.835581 6.041078 6.041078 11.835581 3140789.822600 11.835581 1570394.911301 6.041078 44202.687131 521.855136 1990.712554 1.000000
11.835581 11.835581 11.835581 11.835581 11.835581 11.835581 11.835581 11.835581 11.835581 11.835581 6.041078 6.041078 11.835581 3140789.822600 11.835581 1570394.911301 6.041078 44202.687131 521.855136 1990.712554 1.000000
11.835581 11.835581 11.835581 11.835581 11.835581 11.835581 11.835581 11.835581 11.835581 11.835581 6.041078 6.041078 11.835581 3140789.822600 11.835581 1570394.911301 6.041078 44202.687131 521.855136 1990.712554 1.000000
11.835581 11.835581 11.835581 11.835581 11.835581 11.835581 11.835581 11.835581 11.835581 11.835581 6.041078 6.041078 11.835581 3140789.822600 11.835581 1570394.911301 6.041078 44202.687131 521.855136 1990.712554 1.000000
11.835581 11.835581 11.835581 11.835581 11.835581 11.835581 11.835581 11.835581 11.835581 11.835581 6.041078 6.041078 11.835581 3140789.822600 11.835581 1570394.911301 6.041078 44202.687131 521.855136 1990.712554 1.000000
11.835581 11.835581 11.835581 11.835581 11.835581 11.835581 11.835581 11.835581 11.835581 11.835581 6.041078 6.041078 11.835581 3140789.822600 11.835581 1570394.911301 6.041078 44202.687131 521.855136 1990.712554 1.000000
11.835581 11.835581 11.835581 11.835581 11.835581 11.835581 11.835581 11.835581 11.835581 11.835581 6.041078 6.041078 11.835581 3140789.822600 11.835581 1570394.911301 6.041078 44202.687131 521.855136 1990.712554 1.000000
11.835581 11.835581 11.835581 11.835581 11.835581 11.835581 11.835581 11.835581 11.835581 11.835581 6.041078 6.041078 11.835581 3140789.822600 11.835581 1570394.911301 6.041078 44202.687131 521.855136 1990.712554 1.000000
11.835581 11.835581 11.835581 11.835581 11.835581 11.835581 11.835581 11.835581 11.835581 11.835581 6.041078 6.041078 11.835581 3140789.822600 11.835581 1570394.911301 6.041078 44202.687131 521.855136 1990.712554 1.000000
11.835581 11.835581 11.835581 11.835581 11.835581 11.835581 11.835581 11.835581 11.835581 11.835581 6.041078 6.041078 11.835581 3140789.822600 11.835581 1570394.911301 6.041078 44202.687131 521.855136 1990.712554 1.000000
11.835581 11.835581 11.835581 11.835581 11.835581 11.835581 11.835581 11.835581 11.835581 11.835581 6.041078 6.041078 11.835581 3140789.822600 11.835581 1570394.911301 6.041078 44202.687131 521.855136 1990.712554 1.000000
11.835581 11.835581 11.835581 11.835581 11.835581 11.835581 11.835581 11.835581 11.835581 11.835581 6.041078 6.041078 11.835581 3140789.822600 11.835581 1570394.911301 6.041078 44202.687131 521.855136 1990.712554 1.000000
11.835581 11.835581 11.835581 11.835581 11.835581 11.835581 11.835581 11.835581 11.835581 11.835581 6.041078 6.041078 11.835581 3140789.822600 11.835581 1570394.911301 6.041078 44202.687131 521.855136 1990.712554 1.000000
11.835581 11.835581 11.835581 11.835581 11.835581 11.835581 11.835581 11.835581 11.835581 11.835581 6.041078 6.041078 11.835581 3140789.822600 11.835581 1570394.911301 6.041078 44202.687131 521.855136 1990.712554 1.000000
11.835581 11.835581 11.835581 11.835581 11.835581 11.835581 11.835581 11.835581 11.835581 11.835581 6.041078 6.041078 11.835581 3140789.822600 11.835581 1570394.911301 6.041078 44202.687131 521.855136 1990.712554 1.000000
11.835581 11.835581 11.835581 11.835581 11.835581 11.835581 11.835581 11.835581 11.835581 11.835581 6.041078 6.041078 11.835581 3140789.822600 11.835581 1570394.911301 6.041078 44202.687131 521.855136 1990.712554 1.000000
11.835581 11.835581 11.835581 11.835581 11.835581 11.835581 11.835581 11.835581 11.835581 11.835581 6.041078 6.041078 11.835581 3140789.822600 11.835581 1570394.911301 6.041078 44202.687131 521.855136 1990.712554 1.000000
11.835581 11.835581 11.835581 11.835581 11.835581 11.835581 11.835581 11.835581 11.835581 11.835581 6.041078 6.041078 11.835581 3140789.822600 11.835581 1570394.911301 6.041078 44202.687131 521.855136 1990.712554 1.000000
11.835581 11.835581 11.835581 11.835581 11.835581 11.835581 11.835581 11.835581 11.835581 11.835581 6.041078 6.041078 11.835581 3140789.822600 11.835581 1570394.911301 6.041078 44202.687131 521.855136 1990.712554 1.000000
11.835581 11.835581 11.835581 11.835581 11.835581 11.835581 11.835581 11.835581 11.835581 11.835581 6.041078 6.041078 11.835581 3140789.822600 11.835581 1570394.911301 6.041078 44202.687131 521.855136 1990.712554 1.000000
11.835581 11.835581 11.835581 11.835581 11.835581 11.835581 11.835581 11.835581 11.835581 11.835581 6.041078 6.041078 11.835581 3140789.822600 11.835581 1570394.911301 6.041078 44202.687131 521.855136 1990.712554 1.000000
11.835581 11.835581 11.835581 11.835581 11.835581 11.835581 11.835581 11.835581 11.835581 11.835581 6.041078 6.041078 11.835581 3140789.822600 11.835581 1570394.911301 6.041078 44202.687131 521.855136 1990.712554 1.000000
11.835581 11.835581 11.835581 11.835581 11.835581 11.835581 11.835581 11.835581 11.835581 11.835581 6.041078 6.041078 11.835581 3140789.822600 11.835581 1570394.911301 6.041078 44202.687131 521.855136 1990.712554 1.000000
11.835581 11.835581 11.835581 11.835581 11.835581 11.835581 11.835581 11.835581 11.835581 11.835581 6.041078 6.041078 11.835581 3140789.822600 11.835581 1570394.911301 6.041078 44202.687131 521.855136 1990.712554 1.000000
11.835581 11.835581 11.835581 11.835581 11.835581 11.835581 11.835581 11.835581 11.835581 11.835581 6.041078 6.041078 11.835581 3140789.822600 11.835581 1570394.911301 6.041078 44202.687131 521.855136 1990.712554 1.000000
11.835581 11.835581 11.835581 11.835581 11.835581 11.835581 11.835581 11.835581 11.835581 11.835581 6.041078 6.041078 11.835581 3140789.822600 11.835581 1570394.911301 6.041078 44202.687131 521.855136 1990.712554 1.000000
11.835581 11.835581 11.835581 11.835581 11.835581 11.835581 11.835581 11.835581 11.835581 11.835581 6.041078 6.041078 11.835581 3140789.822600 11.835581 1570394.911301 6.041078 44202.687131 521.855136 1990.712554 1.000000
11.835581 11.835581 11.835581 11.835581 11.835581 11.835581 11.835581 11.835581 11.835581 11.835581 6.041078 6.041078 11.835581 3140789.822600 11.835581 1570394.911301 6.041078 44202.687131 521.855136 1990.712554 1.000000
11.835581 11.835581 11.835581 11.835581 11.835581 11.835581 11.835581 11.835581 11.835581 11.835581 6.041078 6.041078 11.835581 3140789.822600 11.835581 1570394.911301 6.041078 44202.687131 521.855136 1990.712554 1.000000
11.835581 11.835581 11.835581 11.835581 11.835581 11.835581 11.835581 11.835581 11.835581 11.835581 6.041078 6.041078 11.835581 3140789.822600 11.835581 1570394.911301 6.041078 44202.687131 521.855136 1990.712554 1.000000
11.835581 11.835581 11.835581 11.835581 11.835581 11.835581 11.835581 11.835581 11.835581 11.835581 6.041078 6.041078 11.835581 3140789.822600 11.835581 1570394.911301 6.041078 44202.687131 521.855136 1990.712554 1.000000
11.835581 11.835581 11.835581 11.835581 11.835581 11.835581 11.835581 11.835581 11.835581 11.835581 6.041078 6.041078 11.835581 3140789.822600 11.835581 1570394.911301 6.041078 44202.687131 521.855136 1990.712554 1.000000
11.835581 11.835581 11.835581 11.835581 11.835581 11.835581 11.835581 11.835581 11.835581 11.835581 6.041078 6.041078 11.835581 3140789.822600 11.835581 1570394.911301 6.041078 44202.687131 521.855136 1990.712554 1.000000
11.835581 11.835581 11.835581 11.835581 11.835581 11.835581 11.835581 11.835581 11.835581 11.835581 6.041078 6.041078 11.835581 3140789.822600 11.835581 1570394.911301 6.041078 44202.687131 521.855136 1990.712554 1.000000
11.835581 11.835581 11.835581 11.835581 11.835581 11.835581 11.835581 11.835581 11.835581 11.835581 6.041078 6.041078 11.835581 3140789.822600 11.835581 1570394.911301 6.041078 44202.687131 521.855136 1990.712554 1.000000
11.835581 11.835581 11.835581 11.835581 11.835581 11.835581 11.835581 11.835581 11.835581 11.835581 6.041078 6.041078 11.835581 3140789.822600 11.835581 1570394.911301 6.041078 44202.687131 521.855136 1990.712554 1.000000
11.835581 11.835581 11.835581 11.835581 11.835581 11.835581 11.835581 11.835581 11.835581 11.835581 6.041078 6.041078 11.835581 3140789.822600 11.835581 1570394.911301 6.041078 44202.687131 521.855136 1990.712554 1.000000
11.835581 11.835581 11.835581 11.835581 11.835581 11.835581 11.835581 11.835581 11.835581 11.835581 6.041078 6.041078 11.835581 3140789.822600 11.835581 1570394.911301 6.041078 44202.687131 521.855136 1990.712554 1.000000
11.835581 11.835581 11.835581 11.835581 11.835581 11.835581 11.835581 11.835581 11.835581 11.835581 6.041078 6.041078 11.835581 3140789.822600 11.835581 1570394.911301 6.041078 44202.687131 521.855136 1990.712554 1.000000
11.835581 11.835581 11.835581 11.835581 11.835581 11.835581 11.835581 11.835581 11.835581 11.835581 6.041078 6.041078 11.835581 3140789.822600 11.835581 1570394.911301 6.041078 44202.687131 521.855136 1990.712554 1.000000
11.835581 11.835581 11.835581 11.835581 11.835581 11.835581 11.835581 11.835581 11.835581 11.835581 6.041078 6.041078 11.835581 3140789.822600 11.835581 1570394.911301 6.041078 44202.687131 521.855136 1990.712554 1.000000
11.835581 11.835581 11.835581 11.835581 11.835581 11.835581 11.835581 11.835581 11.835581 11.835581 6.041078 6.041078 11.835581 3140789.822600 11.835581 1570394.911301 6.041078 44202.687131 521.855136 1990.712554 1.000000
11.835581 11.835581 11.835581 11.835581 11.835581 11.835581 11.835581 11.835581 11.835581 11.835581 6.041078 6.041078 11.835581 3140789.822600 11.835581 1570394.911301 6.041078 44202.687131 521.855136 1990.712554 1.000000
11.835581 11.835581 11.835581 11.835581 11.835581 11.835581 11.835581 11.835581 11.835581 11.835581 6.041078 6.041078 11.835581 3140789.822600 11.835581 1570394.911301 6.041078 44202.687131 521.855136 1990.712554 1.000000
11.835581 11.835581 11.835581 11.835581 11.835581 11.835581 11.835581 11.835581 11.835581 11.835581 6.041078 6.041078 11.835581 3140789.822600 11.835581 1570394.911301 6.041078 44202.687131 521.855136 1990.712554 1.000000
11.835581 11.835581 11.835581 11.835581 11.835581 11.835581 11.835581 11.835581 11.835581 11.835581 6.041078 6.041078 11.835581 3140789.822600 11.835581 1570394.911301 6.041078 44202.687131 521.855136 1990.712554 1.000000
11.835581 11.835581 11.835581 11.835581 11.835581 11.835581 11.835581 11.835581 11.835581 11.835581 6.041078 6.041078 11.835581 3140789.822600 11.835581 1570394.911301 6.041078 44202.687131 521.855136 1990.712554 1.000000
11.835581 11.835581 11.835581 11.835581 11.835581 11.835581 11.835581 11.835581 11.835581 11.835581 6.041078 6.041078 11.835581 3140789.822600 11.835581 1570394.911301 6.041078 44202.687131 521.855136 1990.712554 1.000000
11.835581 11.835581 11.835581 11.835581 11.835581 11.835581 11.835581 11.835581 11.835581 11.835581 6.041078 6.041078 11.835581 3140789.822600 11.835581 1570394.911301 6.041078 44202.687131 521.855136 1990.712554 1.000000
11.835581 11.835581 11.835581 11.835581 11.835581 11.835581 11.835581 11.835581 11.835581 11.835581 6.041078 6.041078 11.835581 3140789.822600 11.835581 1570394.911301 6.041078 44202.687131 521.855136 1990.712554 1.000000
11.835581 11.835581 11.835581 11.835581 11.835581 11.835581 11.835581 11.835581 11.835581 11.835581 6.041078 6.041078 11.835581 3140789.822600 11.835581 1570394.911301 6.041078 44202.687131 521.855136 1990.712554 1.000000
11.835581 11.835581 11.835581 11.835581 11.835581 11.835581 11.835581 11.835581 11.835581 11.835581 6.041078 6.041078 11.835581 3140789.822600 11.835581 1570394.911301 6.041078 44202.687131 521.855136 1990.712554 1.000000
11.835581 11.835581 11.835581 11.835581 11.835581 11.835581 11.835581 11.835581 11.835581 11.835581 6.041078 6.041078 11.835581 3140789.822600 11.835581 1570394.911301 6.041078 44202.687131 521.855136 1990.712554 1.000000
11.835581 11.835581 11.835581 11.835581 11.835581 11.835581 11.835581 11.835581 11.835581 11.835581 6.041078 6.041078 11.835581 3140789.822600 11.835581 1570394.911301 6.041078 44202.687131 521.855136 1990.712554 1.000000
11.835581 11.835581 11.835581 11.835581 11.835581 11.835581 11.835581 11.835581 11.835581 11.835581 6.041078 6.041078 11.835581 3140789.822600 11.835581 1570394.911301 6.041078 44202.687131 521.855136 1990.712554 1.000000
11.835581 11.835581 11.835581 11.835581 11.835581 11.835581 11.835581 11.835581 11.835581 11.835581 6.041078 6.041078 11.835581 3140789.822600 11.835581 1570394.911301 6.041078 44202.687131 521.855136 1990.712554 1.000000
11.835581 11.835581 11.835581 11.835581 11.835581 11.835581 11.835581 11.835581 11.835581 11.835581 6.041078 6.041078 11.835581 3140789.822600 11.835581 1570394.911301 6.041078 44202.687131 521.855136 1990.712554 1.000000
11.835581 11.835581 11.835581 11.835581 11.835581 11.835581 11.835581 11.835581 11.835581 11.835581 6.041078 6.041078 11.835581 3140789.822600 11.835581 1570394.911301 6.041078 44202.687131 521.855136 1990.712554 1.000000
11.835581 11.835581 11.835581 11.835581 11.835581 11.835581 11.835581 11.835581 11.835581 11.835581 6.041078 6.041078 11.835581 3140789.822600 11.835581 1570394.911301 6.041078 44202.687131 521.855136 1990.712554 1.000000
11.835581 11.835581 11.835581 11.835581 11.835581 11.835581 11.835581 11.835581 11.835581 11.835581 6.041078 6.041078 11.835581 3140789.822600 11.835581 1570394.911301 6.041078 44202.687131 521.855136 1990.712554 1.000000
11.835581 11.835581 11.835581 11.835581 11.835581 11.835581 11.835581 11.835581 11.835581 11.835581 6.041078 6.041078 11.835581 3140789.822600 11.835581 1570394.911301 6.041078 44202.687131 521.855136 1990.712554 1.000000
11.835581 11.835581 11.835581 11.835581 11.835581 11.835581 11.835581 11.835581 11.835581 11.835581 6.041078 6.041078 11.835581 3140789.822600 11.835581 1570394.911301 6.041078 44202.687131 521.855136 1990.712554 1.000000
11.835581 11.835581 11.835581 11.835581 11.835581 11.835581 11.835581 11.835581 11.835581 11.835581 6.041078 6.041078 11.835581 3140789.822600 11.835581 1570394.911301 6.041078 44202.687131 521.855136 1990.712554 1.000000
11.835581 11.835581 11.835581 11.835581 11.835581 11.835581 11.835581 11.835581 11.835581 11.835581 6.041078 6.041078 11.835581 3140789.822600 11.835581 1570394.911301 6.041078 44202.687131 521.855136 1990.712554 1.000000
11.835581 11.835581 11.835581 11.835581 11.835581 11.835581 11.835581 11.835581 11.835581 11.835581 6.041078 6.041078 11.835581 3140789.822600 11.835581 1570394.911301 6.041078 44202.687131 521.855136 1990.712554 1.000000
11.835581 11.835581 11.835581 11.835581 11.835581 11.835581 11.835581 11.835581 11.835581 11.835581 6.041078 6.041078 11.835581 3140789.822600 11.835581 1570394.911301 6.041078 44202.687131 521.855136 1990.712554 1.000000
11.835581 11.835581 11.835581 11.835581 11.835581 11.835581 11.835581 11.835581 11.835581 11.835581 6.041078 6.041078 11.835581 3140789.822600 11.835581 1570394.911301 6.041078 44202.687131 521.855136 1990.712554 1.000000
11.835581 11.835581 11.835581 11.835581 11.835581 11.835581 11.835581 11.835581 11.835581 11.835581 6.041078 6.041078 11.835581 3140789.822600 11.835581 1570394.911301 6.041078 44202.687131 521.855136 1990.712554 1.000000
11.835581 11.835581 11.835581 11.835581 11.835581 11.835581 11.835581 11.835581 11.835581 11.835581 6.041078 6.041078 11.835581 3140789.822600 11.835581 1570394.911301 6.041078 44202.687131 521.855136 1990.712554 1.000000
11.835581 11.835581 11.835581 11.835581 11.835581 11.835581 11.835581 11.835581 11.835581 11.835581 6.041078 6.041078 11.835581 3140789.822600 11.835581 1570394.911301 6.041078 44202.687131 521.855136 1990.712554 1.000000
11.835581 11.835581 11.835581 11.835581 11.835581 11.835581 11.835581 11.835581 11.835581 11.835581 6.041078 6.041078 11.835581 3140789.822600 11.835581 1570394.911301 6.041078 44202.687131 521.855136 1990.712554 1.000000
11.835581 11.835581 11.835581 11.835581 11.835581 11.835581 11.835581 11.835581 11.835581 11.835581 6.041078 6.041078 11.835581 3140789.822600 11.835581 1570394.911301 6.041078 44202.687131 521.855136 1990.712554 1.000000
11.835581 11.835581 11.835581 11.835581 11.835581 11.835581 11.835581 11.835581 11.835581 11.835581 6.041078 6.041078 11.835581 3140789.822600 11.835581 1570394.911301 6.041078 44202.687131 521.855136 1990.712554 1.000000
11.835581 11.835581 11.835581 11.835581 11.835581 11.835581 11.835581 11.835581 11.835581 11.835581 6.041078 6.041078 11.835581 3140789.822600 11.835581 1570394.911301 6.041078 44202.687131 521.855136 1990.712554 1.000000
11.835581 11.835581 11.835581 11.835581 11.835581 11.835581 11.835581 11.835581 11.835581 11.835581 6.041078 6.041078 11.835581 3140789.822600 11.835581 1570394.911301 6.041078 44202.687131 521.855136 1990.712554 1.000000
11.835581 11.835581 11.835581 11.835581 11.835581 11.835581 11.835581 11.835581 11.835581 11.835581 6.041078 6.041078 11.835581 3140789.822600 11.835581 1570394.911301 6.041078 44202.687131 521.855136 1990.712554 1.000000
11.835581 11.835581 11.835581 11.835581 11.835581 11.835581 11.835581 11.835581 11.835581 11.835581 6.041078 6.041078 11.835581 3140789.822600 11.835581 1570394.911301 6.041078 44202.687131 521.855136 1990.712554 1.000000
11.835581 11.835581 11.835581 11.835581 11.835581 11.835581 11.835581 11.835581 11.835581 11.835581 6.041078 6.041078 11.835581 3140789.822600 11.835581 1570394.911301 6.041078 44202.687131 521.855136 1990.712554 1.000000
11.835581 11.835581 11.835581 11.835581 11.835581 11.835581 11.835581 11.835581 11.835581 11.835581 6.041078 6.041078 11.835581 3140789.822600 11.835581 1570394.911301 6.041078 44202.687131 521.855136 1990.712554 1.000000
11.835581 11.835581 11.835581 11.835581 11.835581 11.835581 11.835581 11.835581 11.835581 11.835581 6.041078 6.041078 11.835581 3140789.822600 11.835581 1570394.911301 6.041078 44202.687131 521.855136 1990.712554 1.000000
11.835581 11.835581 11.835581 11.835581 11.835581 11.835581 11.835581 11.835581 11.835581 11.835581 6.041078 6.041078 11.835581 3140789.822600 11.835581 1570394.911301 6.041078 44202.687131 521.855136 1990.712554 1.000000
11.835581 11.835581 11.835581 11.835581 11.835581 11.835581 11.835581 11.835581 11.835581 11.835581 6.041078 6.041078 11.835581 3140789.822600 11.835581 1570394.911301 6.041078 44202.687131 521.855136 1990.712554 1.000000
11.835581 11.835581 11.835581 11.835581 11.835581 11.835581 11.835581 11.835581 11.835581 11.835581 6.041078 6.041078 11.835581 3140789.822600 11.835581 1570394.911301 6.041078 44202.687131 521.855136 1990.712554 1.000000
11.835581 11.835581 11.835581 11.835581 11.835581 11.835581 11.835581 11.835581 11.835581 11.835581 6.041078 6.041078 11.835581 3140789.822600 11.835581 1570394.911301 6.041078 44202.687131 521.855136 1990.712554 1.000000
