0.000000 0.000000 0.000000 0.000000 0.000000 0.000000 0.000000 0.000000 0.000000 0.000000 0.000000 0.000000 0.000000 0.000000 0.000000 0.000000 0.000000 0.000000 0.000000 0.000000 0.000000
0.084173 0.084173 0.084173 0.084173 0.084173 0.084173 0.084173 0.084173 0.001909 0.000256 0.022744 0.011650 0.027757 0.014220 0.000043 0.000003 0.035512 0.014561 0.022212 0.034681 1.000000
0.084717 0.084717 0.084717 0.084717 0.084717 0.084717 0.084717 0.084717 0.000787 0.000165 0.028608 0.055748 0.011451 0.022357 0.000322 0.000001 0.028608 0.069563 0.014313 0.014313 1.000000
0.084167 0.084167 0.084167 0.084167 0.084167 0.084167 0.084167 0.084167 0.001222 0.000205 0.028420 0.011649 0.009101 0.014219 0.000782 0.000002 0.028420 0.044355 0.011376 0.014219 1.000000
0.084708 0.084708 0.084708 0.084708 0.084708 0.084708 0.084708 0.084708 0.001230 0.000403 0.035740 0.022891 0.003002 0.034905 0.000258 0.000003 0.044643 0.007504 0.011450 0.027936 1.000000
0.084178 0.084178 0.084178 0.084178 0.084178 0.084178 0.084178 0.084178 0.001222 0.000131 0.069119 0.014562 0.011377 0.017774 0.000626 0.000003 0.014562 0.035514 0.034684 0.004661 1.000000
0.084172 0.084172 0.084172 0.084172 0.084172 0.084172 0.084172 0.084172 0.001222 0.000256 0.018199 0.009320 0.017773 0.022212 0.000256 0.000001 0.055386 0.035512 0.014220 0.017773 1.000000
0.084186 0.084186 0.084186 0.084186 0.084186 0.084186 0.084186 0.084186 0.001909 0.000626 0.086177 0.028427 0.009103 0.017776 0.000022 0.000004 0.044365 0.009322 0.017776 0.027762 1.000000
0.084172 0.084172 0.084172 0.084172 0.084172 0.084172 0.084172 0.084172 0.002386 0.000256 0.028422 0.055386 0.027757 0.027757 0.000500 0.000006 0.007456 0.003818 0.007282 0.004660 1.000000
0.084184 0.084184 0.084184 0.084184 0.084184 0.084184 0.084184 0.084184 0.000500 0.000782 0.086175 0.018201 0.034686 0.009103 0.000084 0.000004 0.022747 0.011651 0.017775 0.017775 1.000000
0.084175 0.084175 0.084175 0.084175 0.084175 0.084175 0.084175 0.084175 0.000626 0.000105 0.044360 0.035513 0.027758 0.017773 0.000400 0.000002 0.044360 0.018199 0.011377 0.017773 1.000000
0.084177 0.084177 0.084177 0.084177 0.084177 0.084177 0.084177 0.084177 0.004661 0.000067 0.018200 0.009321 0.034683 0.027759 0.000105 0.000004 0.004772 0.055389 0.011377 0.027759 1.000000
0.084171 0.084171 0.084171 0.084171 0.084171 0.084171 0.084171 0.084171 0.001909 0.000131 0.018198 0.028422 0.011376 0.009101 0.000626 0.000003 0.028422 0.022744 0.043321 0.005825 1.000000
0.084740 0.084740 0.084740 0.084740 0.084740 0.084740 0.084740 0.084740 0.000322 0.000085 0.086743 0.028616 0.027946 0.043617 0.000403 0.000001 0.069582 0.044660 0.014317 0.009164 1.000000
0.084175 0.084175 0.084175 0.084175 0.084175 0.084175 0.084175 0.084175 0.000626 0.000400 0.035512 0.044359 0.002386 0.017773 0.000400 0.000004 0.011650 0.035512 0.034682 0.017773 1.000000
0.084171 0.084171 0.084171 0.084171 0.084171 0.084171 0.084171 0.084171 0.000782 0.000131 0.011649 0.035511 0.017772 0.007281 0.000782 0.000001 0.028422 0.044357 0.022211 0.022211 1.000000
0.084173 0.084173 0.084173 0.084173 0.084173 0.084173 0.084173 0.084173 0.000500 0.000320 0.018199 0.044359 0.011377 0.027757 0.000320 0.000004 0.007456 0.044359 0.009102 0.027757 1.000000
0.084191 0.084191 0.084191 0.084191 0.084191 0.084191 0.084191 0.084191 0.001222 0.007283 0.107285 0.035520 0.003729 0.017777 0.000043 0.000004 0.035520 0.007458 0.007283 0.011379 1.000000
0.084199 0.084199 0.084199 0.084199 0.084199 0.084199 0.084199 0.084199 0.000501 0.000205 0.044372 0.069137 0.034692 0.017778 0.000626 0.000001 0.035523 0.086191 0.007284 0.005827 1.000000
0.084699 0.084699 0.084699 0.084699 0.084699 0.084699 0.084699 0.084699 0.001921 0.000206 0.035736 0.018314 0.027933 0.011449 0.000504 0.000006 0.018314 0.004802 0.007328 0.014310 1.000000
0.084181 0.084181 0.084181 0.084181 0.084181 0.084181 0.084181 0.084181 0.001222 0.000164 0.022747 0.028425 0.027760 0.054102 0.000131 0.000005 0.014562 0.022747 0.003729 0.027760 1.000000
0.084707 0.084707 0.084707 0.084707 0.084707 0.084707 0.084707 0.084707 0.003002 0.000322 0.018316 0.022891 0.005863 0.022355 0.000504 0.000001 0.022891 0.069555 0.011450 0.005863 1.000000
0.084195 0.084195 0.084195 0.084195 0.084195 0.084195 0.084195 0.084195 0.000626 0.000501 0.069133 0.086187 0.001528 0.022218 0.000256 0.000002 0.035521 0.018204 0.027765 0.017777 1.000000
0.084717 0.084717 0.084717 0.084717 0.084717 0.084717 0.084717 0.084717 0.001921 0.000403 0.069563 0.028608 0.011451 0.011451 0.000322 0.000001 0.035744 0.055747 0.022357 0.002402 1.000000
0.084169 0.084169 0.084169 0.084169 0.084169 0.084169 0.084169 0.084169 0.000977 0.007281 0.022743 0.014560 0.007281 0.009101 0.000014 0.000002 0.035510 0.022743 0.027756 0.027756 1.000000
0.084187 0.084187 0.084187 0.084187 0.084187 0.084187 0.084187 0.084187 0.000978 0.000084 0.069126 0.055396 0.022216 0.011379 0.000400 0.000002 0.011652 0.055396 0.022216 0.009103 1.000000
0.084200 0.084200 0.084200 0.084200 0.084200 0.084200 0.084200 0.084200 0.001910 0.000105 0.069137 0.086192 0.034693 0.043337 0.000256 0.000006 0.005967 0.001955 0.017779 0.004662 1.000000
0.084279 0.084279 0.084279 0.084279 0.084279 0.084279 0.084279 0.084279 0.000257 0.000321 0.086272 0.107396 0.003733 0.017795 0.000034 0.000000 0.086272 0.069202 0.054165 0.084279 1.000000
0.084301 0.084301 0.084301 0.084301 0.084301 0.084301 0.084301 0.084301 0.000105 0.000018 0.086295 0.133429 0.067613 0.043389 0.000084 0.000000 0.086295 0.069221 0.027800 0.067613 1.000000
0.084235 0.084235 0.084235 0.084235 0.084235 0.084235 0.084235 0.084235 0.001910 0.000054 0.107340 0.055428 0.067560 0.054136 0.000131 0.000007 0.003057 0.001252 0.043355 0.004664 1.000000
0.084211 0.084211 0.084211 0.084211 0.084211 0.084211 0.084211 0.084211 0.000320 0.000164 0.044379 0.086203 0.034697 0.043342 0.000043 0.000001 0.035528 0.069146 0.027770 0.014226 1.000000
0.084249 0.084249 0.084249 0.084249 0.084249 0.084249 0.084249 0.084249 0.000401 0.000131 0.044399 0.069178 0.034713 0.034713 0.000067 0.000000 0.086242 0.133349 0.034713 0.011387 1.000000
0.084243 0.084243 0.084243 0.084243 0.084243 0.084243 0.084243 0.084243 0.000321 0.000205 0.069173 0.069173 0.034711 0.007288 0.000205 0.000000 0.055433 0.133339 0.043359 0.009109 1.000000
0.084229 0.084229 0.084229 0.084229 0.084229 0.084229 0.084229 0.084229 0.000205 0.000164 0.086221 0.069161 0.022227 0.003731 0.000978 0.000000 0.107333 0.069161 0.017785 0.022227 1.000000
0.084239 0.084239 0.084239 0.084239 0.084239 0.084239 0.084239 0.084239 0.000783 0.000131 0.069169 0.133332 0.043357 0.034709 0.000067 0.000007 0.002445 0.001565 0.054139 0.014231 1.000000
0.084288 0.084288 0.084288 0.084288 0.084288 0.084288 0.084288 0.084288 0.000321 0.000084 0.133409 0.069210 0.043383 0.027796 0.000401 0.000000 0.133409 0.086282 0.034730 0.001912 1.000000
0.084214 0.084214 0.084214 0.084214 0.084214 0.084214 0.084214 0.084214 0.001528 0.000626 0.086205 0.044380 0.054123 0.034698 0.000005 0.000007 0.011655 0.000513 0.054123 0.022223 1.000000
0.084228 0.084228 0.084228 0.084228 0.084228 0.084228 0.084228 0.084228 0.000256 0.000105 0.086220 0.044387 0.067554 0.007286 0.000256 0.000000 0.069160 0.055423 0.043351 0.011384 1.000000
0.084726 0.084726 0.084726 0.084726 0.084726 0.084726 0.084726 0.084726 0.000403 0.000258 0.044653 0.069571 0.022360 0.022360 0.000106 0.000006 0.018320 0.003843 0.054455 0.011452 1.000000
0.084310 0.084310 0.084310 0.084310 0.084310 0.084310 0.084310 0.084310 0.000501 0.000321 0.035570 0.133442 0.017802 0.027803 0.000005 0.000000 0.165192 0.028469 0.054185 0.067620 1.000000
0.084238 0.084238 0.084238 0.084238 0.084238 0.084238 0.084238 0.084238 0.000164 0.000084 0.107344 0.044393 0.027779 0.054139 0.000401 0.000002 0.069169 0.009327 0.067562 0.002985 1.000000
0.084270 0.084270 0.084270 0.084270 0.084270 0.084270 0.084270 0.084270 0.000501 0.000164 0.055451 0.069195 0.034722 0.034722 0.000018 0.000000 0.165117 0.069195 0.027790 0.027790 1.000000
0.084355 0.084355 0.084355 0.084355 0.084355 0.084355 0.084355 0.084355 0.000105 0.000022 0.086350 0.107492 0.054214 0.027818 0.000067 0.000000 0.165278 0.107492 0.043417 0.084355 1.000000
0.084234 0.084234 0.084234 0.084234 0.084234 0.084234 0.084234 0.084234 0.000205 0.000067 0.107339 0.069166 0.017786 0.054136 0.000164 0.000002 0.086227 0.005970 0.034707 0.017786 1.000000
0.084761 0.084761 0.084761 0.084761 0.084761 0.084761 0.084761 0.084761 0.000132 0.000035 0.044671 0.055777 0.034927 0.034927 0.000206 0.000000 0.069600 0.069600 0.022369 0.067984 1.000000
0.084249 0.084249 0.084249 0.084249 0.084249 0.084249 0.084249 0.084249 0.000321 0.000067 0.055437 0.044399 0.054146 0.034713 0.000205 0.000000 0.086242 0.133348 0.011387 0.017789 1.000000
0.084205 0.084205 0.084205 0.084205 0.084205 0.084205 0.084205 0.084205 0.000782 0.000501 0.044375 0.069141 0.067535 0.034695 0.000022 0.000009 0.004774 0.000801 0.022220 0.027768 1.000000
0.084267 0.084267 0.084267 0.084267 0.084267 0.084267 0.084267 0.084267 0.000205 0.000321 0.107381 0.107381 0.043372 0.007290 0.000043 0.000000 0.044409 0.107381 0.054157 0.017793 1.000000
0.084259 0.084259 0.084259 0.084259 0.084259 0.084259 0.084259 0.084259 0.000164 0.000043 0.107370 0.069186 0.043367 0.022235 0.000256 0.000000 0.133363 0.044404 0.022235 0.027786 1.000000
0.084283 0.084283 0.084283 0.084283 0.084283 0.084283 0.084283 0.084283 0.000164 0.000084 0.107401 0.086277 0.034728 0.054168 0.000164 0.000000 0.069206 0.133401 0.043380 0.004667 1.000000
0.084806 0.084806 0.084806 0.084806 0.084806 0.084806 0.084806 0.084806 0.000132 0.000106 0.108061 0.108061 0.022381 0.027969 0.000258 0.000001 0.022918 0.086811 0.084806 0.004696 1.000000
0.084390 0.084390 0.084390 0.084390 0.084390 0.084390 0.084390 0.084390 0.084390 0.000002 0.165344 0.069294 0.067685 0.067685 0.000002 0.000000 0.028497 0.133567 0.084390 0.011406 1.000000
0.084341 0.084341 0.084341 0.084341 0.084341 0.084341 0.084341 0.084341 0.000321 0.001913 0.107474 0.133491 0.001530 0.054205 0.000005 0.000000 0.133491 0.107474 0.043410 0.067645 1.000000
0.084298 0.084298 0.084298 0.084298 0.084298 0.084298 0.084298 0.084298 0.000501 0.000084 0.133424 0.165170 0.043388 0.054177 0.000043 0.000007 0.002447 0.002447 0.043388 0.022245 1.000000
0.084463 0.084463 0.084463 0.084463 0.084463 0.084463 0.084463 0.084463 0.000002 0.084463 0.165480 0.165480 0.034802 0.084463 0.000002 0.000000 0.133679 0.133679 0.054284 0.011416 1.000000
0.084352 0.084352 0.084352 0.084352 0.084352 0.084352 0.084352 0.084352 0.084352 0.000164 0.165271 0.069262 0.084352 0.084352 0.000000 0.000005 0.055505 0.000035 0.043416 0.011401 1.000000
0.084326 0.084326 0.084326 0.084326 0.084326 0.084326 0.084326 0.084326 0.000401 0.002988 0.107455 0.107455 0.000005 0.017805 0.002391 0.000002 0.165223 0.004781 0.054196 0.084326 1.000000
0.084310 0.084310 0.084310 0.084310 0.084310 0.084310 0.084310 0.084310 0.000979 0.000067 0.165192 0.086303 0.067620 0.043394 0.000067 0.000006 0.000055 0.086303 0.067620 0.007294 1.000000
0.084341 0.084341 0.084341 0.084341 0.084341 0.084341 0.084341 0.084341 0.000105 0.000084 0.133490 0.107474 0.084341 0.084341 0.000011 0.000000 0.086335 0.086335 0.043410 0.022257 1.000000
0.084374 0.084374 0.084374 0.084374 0.084374 0.084374 0.084374 0.084374 0.000009 0.084374 0.133541 0.107515 0.011404 0.084374 0.000000 0.000001 0.133541 0.011678 0.054226 0.067672 1.000000
0.084427 0.084427 0.084427 0.084427 0.084427 0.084427 0.084427 0.084427 0.084427 0.000005 0.165413 0.086424 0.084427 0.084427 0.000000 0.000000 0.133624 0.107583 0.034787 0.043455 1.000000
0.084379 0.084379 0.084379 0.084379 0.084379 0.084379 0.084379 0.084379 0.000067 0.000054 0.069285 0.165323 0.043430 0.054230 0.000257 0.000000 0.165323 0.133549 0.054230 0.007300 1.000000
0.084416 0.084416 0.084416 0.084416 0.084416 0.084416 0.084416 0.084416 0.000402 0.000980 0.165392 0.086412 0.067706 0.084416 0.000000 0.000000 0.165392 0.133607 0.034783 0.034783 1.000000
0.084306 0.084306 0.084306 0.084306 0.084306 0.084306 0.084306 0.084306 0.000501 0.001530 0.069224 0.133436 0.027802 0.067617 0.000001 0.000007 0.133436 0.000069 0.054182 0.054182 1.000000
0.084285 0.084285 0.084285 0.084285 0.084285 0.084285 0.084285 0.084285 0.001529 0.002389 0.165146 0.133404 0.017797 0.007291 0.000005 0.000007 0.005973 0.001002 0.054169 0.034728 1.000000
0.084293 0.084293 0.084293 0.084293 0.084293 0.084293 0.084293 0.084293 0.000084 0.009115 0.165161 0.133416 0.034731 0.054174 0.000007 0.000007 0.000411 0.035563 0.034731 0.007292 1.000000
0.084367 0.084367 0.084367 0.084367 0.084367 0.084367 0.084367 0.084367 0.084367 0.000001 0.086362 0.107507 0.054222 0.084367 0.000003 0.000000 0.086362 0.133531 0.067666 0.017814 1.000000
0.084309 0.084309 0.084309 0.084309 0.084309 0.084309 0.084309 0.084309 0.000205 0.000205 0.107433 0.055477 0.084309 0.017802 0.000006 0.000000 0.107433 0.107433 0.054184 0.054184 1.000000
0.084306 0.084306 0.084306 0.084306 0.084306 0.084306 0.084306 0.084306 0.000205 0.000028 0.107430 0.069225 0.054183 0.054183 0.000067 0.000004 0.165185 0.000802 0.043392 0.043392 1.000000
0.084348 0.084348 0.084348 0.084348 0.084348 0.084348 0.084348 0.084348 0.000043 0.000131 0.107483 0.107483 0.084348 0.054210 0.000007 0.000000 0.133502 0.035587 0.067651 0.067651 1.000000
0.084386 0.084386 0.084386 0.084386 0.084386 0.084386 0.084386 0.084386 0.000321 0.000627 0.069290 0.107530 0.067681 0.054234 0.000001 0.000000 0.165335 0.165335 0.054234 0.043433 1.000000
0.084323 0.084323 0.084323 0.084323 0.084323 0.084323 0.084323 0.084323 0.000131 0.000084 0.133463 0.107452 0.054194 0.067631 0.000018 0.000000 0.107452 0.069239 0.067631 0.014246 1.000000
0.084307 0.084307 0.084307 0.084307 0.084307 0.084307 0.084307 0.084307 0.000321 0.014243 0.086301 0.133438 0.001912 0.043392 0.000001 0.000000 0.107431 0.086301 0.067618 0.054183 1.000000
0.084464 0.084464 0.084464 0.084464 0.084464 0.084464 0.084464 0.084464 0.000321 0.067744 0.133681 0.165483 0.001532 0.054285 0.000000 0.000000 0.165483 0.165483 0.043474 0.067744 1.000000
0.084326 0.084326 0.084326 0.084326 0.084326 0.084326 0.084326 0.084326 0.084326 0.084326 0.086320 0.107455 0.000627 0.054195 0.000000 0.000000 0.055488 0.003825 0.067633 0.054195 1.000000
0.084477 0.084477 0.084477 0.084477 0.084477 0.084477 0.084477 0.084477 0.084477 0.000001 0.133701 0.165506 0.084477 0.067755 0.000002 0.000000 0.133701 0.133701 0.084477 0.017838 1.000000
0.084389 0.084389 0.084389 0.084389 0.084389 0.084389 0.084389 0.084389 0.000054 0.000014 0.069293 0.107535 0.084389 0.067684 0.000034 0.000000 0.107535 0.133565 0.084389 0.084389 1.000000
0.084394 0.084394 0.084394 0.084394 0.084394 0.084394 0.084394 0.084394 0.084394 0.000003 0.165350 0.055533 0.054239 0.005841 0.000009 0.000000 0.133572 0.133572 0.043437 0.067688 1.000000
0.084373 0.084373 0.084373 0.084373 0.084373 0.084373 0.084373 0.084373 0.084373 0.000105 0.107514 0.165311 0.084373 0.084373 0.000000 0.000005 0.055519 0.000035 0.054226 0.007299 1.000000
0.084443 0.084443 0.084443 0.084443 0.084443 0.084443 0.084443 0.084443 0.084443 0.000004 0.165444 0.133649 0.084443 0.043463 0.000000 0.000000 0.107603 0.133649 0.067728 0.043463 1.000000
0.084381 0.084381 0.084381 0.084381 0.084381 0.084381 0.084381 0.084381 0.084381 0.000067 0.107524 0.165326 0.034768 0.014255 0.000000 0.000005 0.133552 0.000035 0.084381 0.054231 1.000000
0.084389 0.084389 0.084389 0.084389 0.084389 0.084389 0.084389 0.084389 0.000784 0.000014 0.107534 0.165341 0.067684 0.067684 0.000018 0.000007 0.000028 0.107534 0.084389 0.084389 1.000000
0.084377 0.084377 0.084377 0.084377 0.084377 0.084377 0.084377 0.084377 0.027825 0.000001 0.107520 0.133546 0.067674 0.067674 0.000001 0.000000 0.086372 0.086372 0.084377 0.084377 1.000000
0.084473 0.084473 0.084473 0.084473 0.084473 0.084473 0.084473 0.084473 0.084473 0.000001 0.133695 0.165500 0.067752 0.067752 0.000002 0.000000 0.107641 0.165500 0.084473 0.022292 1.000000
0.084489 0.084489 0.084489 0.084489 0.084489 0.084489 0.084489 0.084489 0.084489 0.000067 0.069375 0.165530 0.084489 0.067765 0.000000 0.000000 0.133720 0.165530 0.067765 0.084489 1.000000
0.084421 0.084421 0.084421 0.084421 0.084421 0.084421 0.084421 0.084421 0.000105 0.000105 0.165402 0.133614 0.067710 0.084421 0.000014 0.000000 0.133614 0.133614 0.054257 0.011411 1.000000
0.084430 0.084430 0.084430 0.084430 0.084430 0.084430 0.084430 0.084430 0.084430 0.084430 0.107586 0.086427 0.000627 0.084430 0.000000 0.000000 0.133628 0.107586 0.067717 0.084430 1.000000
0.084395 0.084395 0.084395 0.084395 0.084395 0.084395 0.084395 0.084395 0.000009 0.084395 0.107542 0.086391 0.054240 0.014258 0.000000 0.000000 0.165353 0.133574 0.067689 0.054240 1.000000
0.084411 0.084411 0.084411 0.084411 0.084411 0.084411 0.084411 0.084411 0.000014 0.001532 0.133598 0.086407 0.054250 0.004674 0.000034 0.000000 0.165382 0.165382 0.084411 0.054250 1.000000
0.084454 0.084454 0.084454 0.084454 0.084454 0.084454 0.084454 0.084454 0.000002 0.084454 0.133665 0.133665 0.067736 0.084454 0.000000 0.000002 0.003831 0.165464 0.084454 0.067736 1.000000
0.084366 0.084366 0.084366 0.084366 0.084366 0.084366 0.084366 0.084366 0.000980 0.000321 0.133530 0.165299 0.054222 0.017814 0.000004 0.000007 0.133530 0.000028 0.067666 0.067666 1.000000
0.084281 0.084281 0.084281 0.084281 0.084281 0.084281 0.084281 0.084281 0.007291 0.000501 0.086274 0.086274 0.007291 0.084281 0.000001 0.000006 0.011665 0.000328 0.067597 0.084281 1.000000
0.084345 0.084345 0.084345 0.084345 0.084345 0.084345 0.084345 0.084345 0.000067 0.084345 0.165259 0.086340 0.009121 0.054208 0.000000 0.000006 0.000168 0.028481 0.067649 0.084345 1.000000
0.083977 0.083977 0.083977 0.083977 0.083977 0.083977 0.083977 0.083977 0.083977 0.083977 0.085963 0.107014 0.083977 0.083977 0.000000 0.000000 0.164566 0.164566 0.067352 0.067352 1.000000
0.084383 0.084383 0.084383 0.084383 0.084383 0.084383 0.084383 0.084383 0.084383 0.000014 0.133556 0.133556 0.084383 0.007300 0.000003 0.000005 0.133556 0.000035 0.067679 0.043432 1.000000
0.084469 0.084469 0.084469 0.084469 0.084469 0.084469 0.084469 0.084469 0.084469 0.000001 0.069359 0.165491 0.054288 0.067748 0.000001 0.000000 0.165491 0.133688 0.067748 0.084469 1.000000
0.084362 0.084362 0.084362 0.084362 0.084362 0.084362 0.084362 0.084362 0.084362 0.000105 0.165290 0.107500 0.067662 0.017813 0.000000 0.000006 0.055512 0.000044 0.084362 0.054219 1.000000
0.084356 0.084356 0.084356 0.084356 0.084356 0.084356 0.084356 0.084356 0.000784 0.000205 0.133513 0.165278 0.084356 0.084356 0.000004 0.000007 0.003061 0.001254 0.067657 0.017812 1.000000
0.084485 0.084485 0.084485 0.084485 0.084485 0.084485 0.084485 0.084485 0.000001 0.084485 0.133713 0.165521 0.054298 0.054298 0.000000 0.000000 0.133713 0.165521 0.084485 0.054298 1.000000
0.083961 0.083961 0.083961 0.083961 0.083961 0.083961 0.083961 0.083961 0.000000 0.083961 0.132901 0.164535 0.083961 0.053959 0.000004 0.000000 0.164535 0.164535 0.043212 0.043212 1.000000
0.084432 0.084432 0.084432 0.084432 0.084432 0.084432 0.084432 0.084432 0.084432 0.000067 0.165422 0.165422 0.084432 0.067718 0.000000 0.000005 0.000035 0.086428 0.067718 0.054264 1.000000
0.083986 0.083986 0.083986 0.083986 0.083986 0.083986 0.083986 0.083986 0.083986 0.000002 0.164584 0.164584 0.067359 0.067359 0.000000 0.000000 0.164584 0.132941 0.083986 0.053975 1.000000
0.084460 0.084460 0.084460 0.084460 0.084460 0.084460 0.084460 0.084460 0.000005 0.000981 0.133674 0.107624 0.084460 0.084460 0.000004 0.000000 0.133674 0.165475 0.067741 0.084460 1.000000
0.084486 0.084486 0.084486 0.084486 0.084486 0.084486 0.084486 0.084486 0.001226 0.000028 0.086483 0.165523 0.084486 0.084486 0.000000 0.000000 0.165523 0.133714 0.084486 0.084486 1.000000
0.083992 0.083992 0.083992 0.083992 0.083992 0.083992 0.083992 0.083992 0.083992 0.083992 0.085979 0.132950 0.067364 0.083992 0.000000 0.000000 0.164595 0.164595 0.083992 0.067364 1.000000
0.084054 0.084054 0.084054 0.084054 0.084054 0.084054 0.084054 0.084054 0.084054 0.000001 0.164711 0.164711 0.084054 0.084054 0.000000 0.000000 0.164711 0.164711 0.084054 0.084054 1.000000
0.084468 0.084468 0.084468 0.084468 0.084468 0.084468 0.084468 0.084468 0.000043 0.000014 0.165490 0.165490 0.084468 0.084468 0.000018 0.000001 0.133687 0.011691 0.084468 0.084468 1.000000
0.084486 0.084486 0.084486 0.084486 0.084486 0.084486 0.084486 0.084486 0.007309 0.000002 0.086484 0.133715 0.084486 0.084486 0.000001 0.000000 0.165524 0.165524 0.084486 0.084486 1.000000
0.083985 0.083985 0.083985 0.083985 0.083985 0.083985 0.083985 0.083985 0.000067 0.002381 0.164580 0.164580 0.083985 0.083985 0.000000 0.000000 0.164580 0.132938 0.067358 0.083985 1.000000
0.083977 0.083977 0.083977 0.083977 0.083977 0.083977 0.083977 0.083977 0.000399 0.000131 0.164566 0.164566 0.053969 0.083977 0.000000 0.000000 0.132926 0.164566 0.083977 0.083977 1.000000
0.084054 0.084054 0.084054 0.084054 0.084054 0.084054 0.084054 0.084054 0.084054 0.000002 0.164711 0.164711 0.084054 0.084054 0.000000 0.000000 0.164711 0.164711 0.084054 0.084054 1.000000
0.084535 0.084535 0.084535 0.084535 0.084535 0.084535 0.084535 0.084535 0.017850 0.000004 0.165616 0.165616 0.067802 0.084535 0.000000 0.000000 0.165616 0.165616 0.084535 0.067802 1.000000
0.083975 0.083975 0.083975 0.083975 0.083975 0.083975 0.083975 0.083975 0.083975 0.000007 0.132924 0.164563 0.083975 0.083975 0.000000 0.000000 0.164563 0.132924 0.053968 0.067351 1.000000
0.083981 0.083981 0.083981 0.083981 0.083981 0.083981 0.083981 0.083981 0.000001 0.043223 0.164574 0.164574 0.083981 0.067355 0.000000 0.000000 0.164574 0.132933 0.067355 0.083981 1.000000
0.083988 0.083988 0.083988 0.083988 0.083988 0.083988 0.083988 0.083988 0.083988 0.000001 0.164586 0.164586 0.053976 0.083988 0.000001 0.000000 0.132943 0.132943 0.083988 0.083988 1.000000
0.084019 0.084019 0.084019 0.084019 0.084019 0.084019 0.084019 0.084019 0.084019 0.000001 0.164644 0.164644 0.067385 0.084019 0.000000 0.000000 0.132991 0.164644 0.084019 0.084019 1.000000
0.083999 0.083999 0.083999 0.083999 0.083999 0.083999 0.083999 0.083999 0.083999 0.000003 0.164607 0.164607 0.067369 0.083999 0.000000 0.000000 0.164607 0.132960 0.083999 0.053983 1.000000
0.084448 0.084448 0.084448 0.084448 0.084448 0.084448 0.084448 0.084448 0.084448 0.014267 0.107609 0.133656 0.001532 0.084448 0.000000 0.000000 0.165452 0.133656 0.043466 0.084448 1.000000
0.084488 0.084488 0.084488 0.084488 0.084488 0.084488 0.084488 0.084488 0.000007 0.002395 0.165527 0.165527 0.067763 0.002395 0.000028 0.000000 0.133718 0.165527 0.084488 0.084488 1.000000
0.084019 0.084019 0.084019 0.084019 0.084019 0.084019 0.084019 0.084019 0.084019 0.000001 0.164644 0.164644 0.067385 0.084019 0.000000 0.000000 0.132991 0.164644 0.084019 0.084019 1.000000
0.083995 0.083995 0.083995 0.083995 0.083995 0.083995 0.083995 0.083995 0.083995 0.000002 0.164601 0.132955 0.067367 0.083995 0.000000 0.000000 0.164601 0.132955 0.083995 0.083995 1.000000
0.083995 0.083995 0.083995 0.083995 0.083995 0.083995 0.083995 0.083995 0.000000 0.083995 0.132955 0.132955 0.067367 0.083995 0.000001 0.000000 0.164601 0.164601 0.083995 0.083995 1.000000
0.084443 0.084443 0.084443 0.084443 0.084443 0.084443 0.084443 0.084443 0.014266 0.000007 0.133649 0.165444 0.067728 0.067728 0.000000 0.000000 0.133649 0.133649 0.054272 0.084443 1.000000
0.084042 0.084042 0.084042 0.084042 0.084042 0.084042 0.084042 0.084042 0.000400 0.084042 0.164688 0.164688 0.084042 0.067404 0.000000 0.000000 0.164688 0.164688 0.084042 0.084042 1.000000
0.084019 0.084019 0.084019 0.084019 0.084019 0.084019 0.084019 0.084019 0.084019 0.000001 0.164644 0.164644 0.084019 0.067385 0.000000 0.000000 0.132991 0.164644 0.084019 0.084019 1.000000
0.084006 0.084006 0.084006 0.084006 0.084006 0.084006 0.084006 0.084006 0.084006 0.000001 0.132972 0.164621 0.067376 0.067376 0.000001 0.000000 0.164621 0.164621 0.084006 0.084006 1.000000
0.084007 0.084007 0.084007 0.084007 0.084007 0.084007 0.084007 0.084007 0.084007 0.084007 0.085994 0.164622 0.084007 0.014191 0.000000 0.000000 0.164622 0.164622 0.084007 0.084007 1.000000
0.084076 0.084076 0.084076 0.084076 0.084076 0.084076 0.084076 0.084076 0.084076 0.084076 0.164752 0.164752 0.084076 0.084076 0.000000 0.000000 0.164752 0.164752 0.067432 0.084076 1.000000
0.084042 0.084042 0.084042 0.084042 0.084042 0.084042 0.084042 0.084042 0.084042 0.000002 0.164688 0.164688 0.084042 0.067404 0.000000 0.000000 0.164688 0.164688 0.084042 0.084042 1.000000
0.084019 0.084019 0.084019 0.084019 0.084019 0.084019 0.084019 0.084019 0.084019 0.084019 0.164644 0.164644 0.000000 0.084019 0.000014 0.000000 0.132991 0.164644 0.084019 0.067385 1.000000
0.084054 0.084054 0.084054 0.084054 0.084054 0.084054 0.084054 0.084054 0.084054 0.000001 0.164711 0.164711 0.084054 0.084054 0.000000 0.000000 0.164711 0.164711 0.084054 0.084054 1.000000
0.083965 0.083965 0.083965 0.083965 0.083965 0.083965 0.083965 0.083965 0.083965 0.000034 0.164543 0.132908 0.083965 0.083965 0.000000 0.000005 0.164543 0.000028 0.083965 0.083965 1.000000
0.084486 0.084486 0.084486 0.084486 0.084486 0.084486 0.084486 0.084486 0.000035 0.000009 0.133716 0.165525 0.067762 0.084486 0.000054 0.000000 0.165525 0.133716 0.067762 0.084486 1.000000
0.084019 0.084019 0.084019 0.084019 0.084019 0.084019 0.084019 0.084019 0.084019 0.000002 0.132991 0.164644 0.067385 0.084019 0.000000 0.000000 0.164644 0.164644 0.084019 0.084019 1.000000
0.084022 0.084022 0.084022 0.084022 0.084022 0.084022 0.084022 0.084022 0.084022 0.084022 0.164650 0.132996 0.053998 0.084022 0.000000 0.000000 0.164650 0.132996 0.084022 0.084022 1.000000
0.084447 0.084447 0.084447 0.084447 0.084447 0.084447 0.084447 0.084447 0.084447 0.000001 0.069341 0.133654 0.084447 0.084447 0.000002 0.000006 0.165450 0.000044 0.084447 0.084447 1.000000
0.084022 0.084022 0.084022 0.084022 0.084022 0.084022 0.084022 0.084022 0.084022 0.084022 0.164651 0.164651 0.084022 0.000000 0.084022 0.000000 0.164651 0.000639 0.084022 0.084022 1.000000
0.084042 0.084042 0.084042 0.084042 0.084042 0.084042 0.084042 0.084042 0.084042 0.000002 0.164688 0.164688 0.084042 0.067404 0.000000 0.000000 0.164688 0.164688 0.084042 0.084042 1.000000
0.083996 0.083996 0.083996 0.083996 0.083996 0.083996 0.083996 0.083996 0.000084 0.000131 0.164601 0.164601 0.083996 0.083996 0.000002 0.000000 0.164601 0.164601 0.067367 0.067367 1.000000
0.084054 0.084054 0.084054 0.084054 0.084054 0.084054 0.084054 0.084054 0.084054 0.000001 0.164711 0.164711 0.084054 0.084054 0.000000 0.000000 0.164711 0.164711 0.084054 0.084054 1.000000
0.084003 0.084003 0.084003 0.084003 0.084003 0.084003 0.084003 0.084003 0.084003 0.000002 0.164616 0.107048 0.067373 0.084003 0.000000 0.000000 0.164616 0.164616 0.084003 0.084003 1.000000
0.084015 0.084015 0.084015 0.084015 0.084015 0.084015 0.084015 0.084015 0.084015 0.084015 0.086003 0.164638 0.067383 0.084015 0.000000 0.000000 0.164638 0.164638 0.084015 0.067383 1.000000
0.083976 0.083976 0.083976 0.083976 0.083976 0.083976 0.083976 0.083976 0.083976 0.000043 0.164564 0.164564 0.083976 0.083976 0.000000 0.000004 0.164564 0.000028 0.067351 0.083976 1.000000
0.083965 0.083965 0.083965 0.083965 0.083965 0.083965 0.083965 0.083965 0.083965 0.000034 0.164543 0.164543 0.083965 0.083965 0.000000 0.000006 0.000035 0.132908 0.083965 0.083965 1.000000
0.084031 0.084031 0.084031 0.084031 0.084031 0.084031 0.084031 0.084031 0.084031 0.000001 0.164667 0.133010 0.084031 0.084031 0.000000 0.000000 0.164667 0.164667 0.084031 0.084031 1.000000
0.084054 0.084054 0.084054 0.084054 0.084054 0.084054 0.084054 0.084054 0.084054 0.000002 0.164711 0.164711 0.084054 0.084054 0.000000 0.000000 0.164711 0.164711 0.084054 0.084054 1.000000
0.084000 0.084000 0.084000 0.084000 0.084000 0.084000 0.084000 0.084000 0.000131 0.000320 0.164609 0.164609 0.084000 0.084000 0.000000 0.000000 0.164609 0.164609 0.084000 0.053984 1.000000
0.084020 0.084020 0.084020 0.084020 0.084020 0.084020 0.084020 0.084020 0.000027 0.000011 0.164647 0.164647 0.084020 0.084020 0.000034 0.000000 0.164647 0.164647 0.084020 0.084020 1.000000
0.084042 0.084042 0.084042 0.084042 0.084042 0.084042 0.084042 0.084042 0.084042 0.000002 0.164688 0.164688 0.084042 0.067404 0.000000 0.000000 0.164688 0.164688 0.084042 0.084042 1.000000
0.083992 0.083992 0.083992 0.083992 0.083992 0.083992 0.083992 0.083992 0.000003 0.083992 0.107034 0.164595 0.083992 0.083992 0.000000 0.000000 0.132950 0.164595 0.083992 0.083992 1.000000
0.084040 0.084040 0.084040 0.084040 0.084040 0.084040 0.084040 0.084040 0.084040 0.084040 0.086027 0.164684 0.084040 0.084040 0.000000 0.000000 0.164684 0.164684 0.084040 0.084040 1.000000
0.084031 0.084031 0.084031 0.084031 0.084031 0.084031 0.084031 0.084031 0.084031 0.000002 0.164667 0.164667 0.084031 0.084031 0.000000 0.000000 0.133010 0.164667 0.084031 0.084031 1.000000
0.084088 0.084088 0.084088 0.084088 0.084088 0.084088 0.084088 0.084088 0.084088 0.084088 0.164775 0.164775 0.084088 0.084088 0.000000 0.000000 0.164775 0.164775 0.084088 0.084088 1.000000
0.083974 0.083974 0.083974 0.083974 0.083974 0.083974 0.083974 0.083974 0.000105 0.000399 0.164560 0.132921 0.083974 0.083974 0.000000 0.000000 0.132921 0.164560 0.083974 0.083974 1.000000
0.084054 0.084054 0.084054 0.084054 0.084054 0.084054 0.084054 0.084054 0.084054 0.000001 0.164711 0.164711 0.084054 0.084054 0.000000 0.000000 0.164711 0.164711 0.084054 0.084054 1.000000
0.084054 0.084054 0.084054 0.084054 0.084054 0.084054 0.084054 0.084054 0.084054 0.000001 0.164711 0.164711 0.084054 0.084054 0.000000 0.000000 0.164711 0.164711 0.084054 0.084054 1.000000
0.084031 0.084031 0.084031 0.084031 0.084031 0.084031 0.084031 0.084031 0.084031 0.000001 0.164667 0.133010 0.084031 0.084031 0.000000 0.000000 0.164667 0.164667 0.084031 0.084031 1.000000
0.084006 0.084006 0.084006 0.084006 0.084006 0.084006 0.084006 0.084006 0.084006 0.084006 0.107052 0.132972 0.084006 0.053988 0.000000 0.000000 0.164622 0.164622 0.084006 0.084006 1.000000
0.084054 0.084054 0.084054 0.084054 0.084054 0.084054 0.084054 0.084054 0.084054 0.000001 0.164711 0.164711 0.084054 0.084054 0.000000 0.000000 0.164711 0.164711 0.084054 0.084054 1.000000
0.084054 0.084054 0.084054 0.084054 0.084054 0.084054 0.084054 0.084054 0.084054 0.084054 0.164711 0.164711 0.000976 0.084054 0.000000 0.000000 0.164711 0.164711 0.084054 0.084054 1.000000
0.084054 0.084054 0.084054 0.084054 0.084054 0.084054 0.084054 0.084054 0.084054 0.000001 0.164711 0.164711 0.084054 0.084054 0.000000 0.000000 0.164711 0.164711 0.084054 0.084054 1.000000
0.084022 0.084022 0.084022 0.084022 0.084022 0.084022 0.084022 0.084022 0.084022 0.000002 0.164650 0.164650 0.067388 0.084022 0.000000 0.000000 0.164650 0.164650 0.084022 0.053998 1.000000
0.084490 0.084490 0.084490 0.084490 0.084490 0.084490 0.084490 0.084490 0.084490 0.000043 0.165531 0.165531 0.084490 0.084490 0.000000 0.000005 0.000035 0.133721 0.067765 0.084490 1.000000
0.084008 0.084008 0.084008 0.084008 0.084008 0.084008 0.084008 0.084008 0.000131 0.000320 0.164624 0.164624 0.067377 0.084008 0.000000 0.000000 0.164624 0.164624 0.084008 0.084008 1.000000
0.084031 0.084031 0.084031 0.084031 0.084031 0.084031 0.084031 0.084031 0.084031 0.000001 0.164667 0.133010 0.084031 0.084031 0.000000 0.000000 0.164667 0.164667 0.084031 0.084031 1.000000
0.084022 0.084022 0.084022 0.084022 0.084022 0.084022 0.084022 0.084022 0.084022 0.000002 0.164650 0.164650 0.067388 0.084022 0.000000 0.000000 0.164650 0.164650 0.084022 0.053998 1.000000
0.083965 0.083965 0.083965 0.083965 0.083965 0.083965 0.083965 0.083965 0.083965 0.000034 0.164543 0.164543 0.083965 0.083965 0.000000 0.000006 0.000035 0.132908 0.083965 0.083965 1.000000
0.084006 0.084006 0.084006 0.084006 0.084006 0.084006 0.084006 0.084006 0.084006 0.000002 0.132972 0.164621 0.084006 0.067376 0.000000 0.000000 0.164621 0.164621 0.067376 0.084006 1.000000
0.084042 0.084042 0.084042 0.084042 0.084042 0.084042 0.084042 0.084042 0.084042 0.000002 0.164688 0.164688 0.067404 0.084042 0.000000 0.000000 0.164688 0.164688 0.084042 0.084042 1.000000
0.084031 0.084031 0.084031 0.084031 0.084031 0.084031 0.084031 0.084031 0.084031 0.000001 0.164667 0.133010 0.084031 0.084031 0.000000 0.000000 0.164667 0.164667 0.084031 0.084031 1.000000
0.084054 0.084054 0.084054 0.084054 0.084054 0.084054 0.084054 0.084054 0.084054 0.000001 0.164711 0.164711 0.084054 0.084054 0.000000 0.000000 0.164711 0.164711 0.084054 0.084054 1.000000
0.084054 0.084054 0.084054 0.084054 0.084054 0.084054 0.084054 0.084054 0.084054 0.000001 0.164711 0.164711 0.084054 0.084054 0.000000 0.000000 0.164711 0.164711 0.084054 0.084054 1.000000
0.084042 0.084042 0.084042 0.084042 0.084042 0.084042 0.084042 0.084042 0.084042 0.000001 0.164688 0.164688 0.084042 0.084042 0.000000 0.000000 0.164688 0.164688 0.067404 0.084042 1.000000
0.084054 0.084054 0.084054 0.084054 0.084054 0.084054 0.084054 0.084054 0.084054 0.000001 0.164711 0.164711 0.084054 0.084054 0.000000 0.000000 0.164711 0.164711 0.084054 0.084054 1.000000
0.084019 0.084019 0.084019 0.084019 0.084019 0.084019 0.084019 0.084019 0.084019 0.000002 0.164644 0.164644 0.067385 0.084019 0.000000 0.000000 0.164644 0.132991 0.084019 0.084019 1.000000
0.084054 0.084054 0.084054 0.084054 0.084054 0.084054 0.084054 0.084054 0.084054 0.000001 0.164711 0.164711 0.084054 0.084054 0.000000 0.000000 0.164711 0.164711 0.084054 0.084054 1.000000
0.084054 0.084054 0.084054 0.084054 0.084054 0.084054 0.084054 0.084054 0.084054 0.000001 0.164711 0.164711 0.084054 0.084054 0.000000 0.000000 0.164711 0.164711 0.084054 0.084054 1.000000
0.084054 0.084054 0.084054 0.084054 0.084054 0.084054 0.084054 0.084054 0.084054 0.000001 0.164711 0.164711 0.084054 0.084054 0.000000 0.000000 0.164711 0.164711 0.084054 0.084054 1.000000
0.084054 0.084054 0.084054 0.084054 0.084054 0.084054 0.084054 0.084054 0.084054 0.000001 0.164711 0.164711 0.084054 0.084054 0.000000 0.000000 0.164711 0.164711 0.084054 0.084054 1.000000
0.084034 0.084034 0.084034 0.084034 0.084034 0.084034 0.084034 0.084034 0.084034 0.000002 0.164673 0.164673 0.084034 0.084034 0.000000 0.000000 0.164673 0.164673 0.084034 0.054006 1.000000
0.084054 0.084054 0.084054 0.084054 0.084054 0.084054 0.084054 0.084054 0.084054 0.000001 0.164711 0.164711 0.084054 0.084054 0.000000 0.000000 0.164711 0.164711 0.084054 0.084054 1.000000
0.084054 0.084054 0.084054 0.084054 0.084054 0.084054 0.084054 0.084054 0.084054 0.000001 0.164711 0.164711 0.084054 0.084054 0.000000 0.000000 0.164711 0.164711 0.084054 0.084054 1.000000
0.084065 0.084065 0.084065 0.084065 0.084065 0.084065 0.084065 0.084065 0.084065 0.084065 0.164732 0.133063 0.084065 0.084065 0.000000 0.000000 0.164732 0.164732 0.084065 0.084065 1.000000
0.084054 0.084054 0.084054 0.084054 0.084054 0.084054 0.084054 0.084054 0.084054 0.000001 0.164711 0.164711 0.084054 0.084054 0.000000 0.000000 0.164711 0.164711 0.084054 0.084054 1.000000
0.084054 0.084054 0.084054 0.084054 0.084054 0.084054 0.084054 0.084054 0.084054 0.000001 0.164711 0.164711 0.084054 0.084054 0.000000 0.000000 0.164711 0.164711 0.084054 0.084054 1.000000
0.084054 0.084054 0.084054 0.084054 0.084054 0.084054 0.084054 0.084054 0.084054 0.000001 0.164711 0.164711 0.084054 0.084054 0.000000 0.000000 0.164711 0.164711 0.084054 0.084054 1.000000
0.084011 0.084011 0.084011 0.084011 0.084011 0.084011 0.084011 0.084011 0.027703 0.000003 0.164631 0.164631 0.067380 0.084011 0.000000 0.000000 0.164631 0.164631 0.084011 0.084011 1.000000
0.084054 0.084054 0.084054 0.084054 0.084054 0.084054 0.084054 0.084054 0.084054 0.000001 0.164711 0.164711 0.084054 0.084054 0.000000 0.000000 0.164711 0.164711 0.084054 0.084054 1.000000
0.084054 0.084054 0.084054 0.084054 0.084054 0.084054 0.084054 0.084054 0.084054 0.000001 0.164711 0.164711 0.084054 0.084054 0.000000 0.000000 0.164711 0.164711 0.084054 0.084054 1.000000
0.084054 0.084054 0.084054 0.084054 0.084054 0.084054 0.084054 0.084054 0.084054 0.000001 0.164711 0.164711 0.084054 0.084054 0.000000 0.000000 0.164711 0.164711 0.084054 0.084054 1.000000
0.084054 0.084054 0.084054 0.084054 0.084054 0.084054 0.084054 0.084054 0.084054 0.000001 0.164711 0.164711 0.084054 0.084054 0.000000 0.000000 0.164711 0.164711 0.084054 0.084054 1.000000
0.084054 0.084054 0.084054 0.084054 0.084054 0.084054 0.084054 0.084054 0.084054 0.000001 0.164711 0.164711 0.084054 0.084054 0.000000 0.000000 0.164711 0.164711 0.084054 0.084054 1.000000
0.084031 0.084031 0.084031 0.084031 0.084031 0.084031 0.084031 0.084031 0.084031 0.000001 0.164667 0.164667 0.084031 0.084031 0.000000 0.000000 0.164667 0.133010 0.084031 0.084031 1.000000
0.084034 0.084034 0.084034 0.084034 0.084034 0.084034 0.084034 0.084034 0.084034 0.000002 0.164673 0.164673 0.084034 0.084034 0.000000 0.000000 0.164673 0.164673 0.084034 0.054006 1.000000
0.084054 0.084054 0.084054 0.084054 0.084054 0.084054 0.084054 0.084054 0.084054 0.000001 0.164711 0.164711 0.084054 0.084054 0.000000 0.000000 0.164711 0.164711 0.084054 0.084054 1.000000
0.084054 0.084054 0.084054 0.084054 0.084054 0.084054 0.084054 0.084054 0.084054 0.000001 0.164711 0.164711 0.084054 0.084054 0.000000 0.000000 0.164711 0.164711 0.084054 0.084054 1.000000
0.084042 0.084042 0.084042 0.084042 0.084042 0.084042 0.084042 0.084042 0.084042 0.000002 0.164688 0.164688 0.084042 0.067404 0.000000 0.000000 0.164688 0.164688 0.084042 0.084042 1.000000
0.084042 0.084042 0.084042 0.084042 0.084042 0.084042 0.084042 0.084042 0.084042 0.000002 0.164688 0.164688 0.084042 0.084042 0.000000 0.000000 0.164688 0.164688 0.067404 0.084042 1.000000
0.084060 0.084060 0.084060 0.084060 0.084060 0.084060 0.084060 0.084060 0.084060 0.084060 0.164722 0.164722 0.034634 0.084060 0.000000 0.000000 0.164722 0.164722 0.084060 0.084060 1.000000
0.084031 0.084031 0.084031 0.084031 0.084031 0.084031 0.084031 0.084031 0.084031 0.000001 0.133010 0.164667 0.084031 0.084031 0.000000 0.000000 0.164667 0.164667 0.084031 0.084031 1.000000
0.084054 0.084054 0.084054 0.084054 0.084054 0.084054 0.084054 0.084054 0.084054 0.000001 0.164711 0.164711 0.084054 0.084054 0.000000 0.000000 0.164711 0.164711 0.084054 0.084054 1.000000
0.084054 0.084054 0.084054 0.084054 0.084054 0.084054 0.084054 0.084054 0.084054 0.000001 0.164711 0.164711 0.084054 0.084054 0.000000 0.000000 0.164711 0.164711 0.084054 0.084054 1.000000
0.084054 0.084054 0.084054 0.084054 0.084054 0.084054 0.084054 0.084054 0.084054 0.000001 0.164711 0.164711 0.084054 0.084054 0.000000 0.000000 0.164711 0.164711 0.084054 0.084054 1.000000
0.084054 0.084054 0.084054 0.084054 0.084054 0.084054 0.084054 0.084054 0.084054 0.000001 0.164711 0.164711 0.084054 0.084054 0.000000 0.000000 0.164711 0.164711 0.084054 0.084054 1.000000
0.084042 0.084042 0.084042 0.084042 0.084042 0.084042 0.084042 0.084042 0.084042 0.084042 0.133027 0.164688 0.084042 0.084042 0.000000 0.000000 0.164688 0.133027 0.084042 0.084042 1.000000
0.084088 0.084088 0.084088 0.084088 0.084088 0.084088 0.084088 0.084088 0.084088 0.084088 0.164775 0.164775 0.084088 0.084088 0.000000 0.000000 0.164775 0.164775 0.084088 0.084088 1.000000
0.084060 0.084060 0.084060 0.084060 0.084060 0.084060 0.084060 0.084060 0.084060 0.084060 0.164722 0.164722 0.034634 0.084060 0.000000 0.000000 0.164722 0.164722 0.084060 0.084060 1.000000
0.084088 0.084088 0.084088 0.084088 0.084088 0.084088 0.084088 0.084088 0.084088 0.084088 0.164775 0.164775 0.084088 0.084088 0.000000 0.000000 0.164775 0.164775 0.084088 0.084088 1.000000
0.084088 0.084088 0.084088 0.084088 0.084088 0.084088 0.084088 0.084088 0.084088 0.084088 0.164775 0.164775 0.084088 0.084088 0.000000 0.000000 0.164775 0.164775 0.084088 0.084088 1.000000
0.084088 0.084088 0.084088 0.084088 0.084088 0.084088 0.084088 0.084088 0.084088 0.084088 0.164775 0.164775 0.084088 0.084088 0.000000 0.000000 0.164775 0.164775 0.084088 0.084088 1.000000
0.084088 0.084088 0.084088 0.084088 0.084088 0.084088 0.084088 0.084088 0.084088 0.084088 0.164775 0.164775 0.084088 0.084088 0.000000 0.000000 0.164775 0.164775 0.084088 0.084088 1.000000
0.084088 0.084088 0.084088 0.084088 0.084088 0.084088 0.084088 0.084088 0.084088 0.084088 0.164775 0.164775 0.084088 0.084088 0.000000 0.000000 0.164775 0.164775 0.084088 0.084088 1.000000
0.084088 0.084088 0.084088 0.084088 0.084088 0.084088 0.084088 0.084088 0.084088 0.084088 0.164775 0.164775 0.084088 0.084088 0.000000 0.000000 0.164775 0.164775 0.084088 0.084088 1.000000
0.084088 0.084088 0.084088 0.084088 0.084088 0.084088 0.084088 0.084088 0.084088 0.084088 0.164775 0.164775 0.084088 0.084088 0.000000 0.000000 0.164775 0.164775 0.084088 0.084088 1.000000
0.084031 0.084031 0.084031 0.084031 0.084031 0.084031 0.084031 0.084031 0.000320 0.084031 0.164667 0.164667 0.084031 0.084031 0.000000 0.000000 0.164667 0.133010 0.084031 0.084031 1.000000
0.084088 0.084088 0.084088 0.084088 0.084088 0.084088 0.084088 0.084088 0.084088 0.084088 0.164775 0.164775 0.084088 0.084088 0.000000 0.000000 0.164775 0.164775 0.084088 0.084088 1.000000
0.084088 0.084088 0.084088 0.084088 0.084088 0.084088 0.084088 0.084088 0.084088 0.084088 0.164775 0.164775 0.084088 0.084088 0.000000 0.000000 0.164775 0.164775 0.084088 0.084088 1.000000
0.084088 0.084088 0.084088 0.084088 0.084088 0.084088 0.084088 0.084088 0.084088 0.084088 0.164775 0.164775 0.084088 0.084088 0.000000 0.000000 0.164775 0.164775 0.084088 0.084088 1.000000
0.084088 0.084088 0.084088 0.084088 0.084088 0.084088 0.084088 0.084088 0.084088 0.084088 0.164775 0.164775 0.084088 0.084088 0.000000 0.000000 0.164775 0.164775 0.084088 0.084088 1.000000
0.084054 0.084054 0.084054 0.084054 0.084054 0.084054 0.084054 0.084054 0.084054 0.000320 0.164711 0.164711 0.084054 0.084054 0.000000 0.000000 0.164711 0.164711 0.084054 0.084054 1.000000
0.084088 0.084088 0.084088 0.084088 0.084088 0.084088 0.084088 0.084088 0.084088 0.084088 0.164775 0.164775 0.084088 0.084088 0.000000 0.000000 0.164775 0.164775 0.084088 0.084088 1.000000
0.084076 0.084076 0.084076 0.084076 0.084076 0.084076 0.084076 0.084076 0.084076 0.084076 0.164752 0.164752 0.084076 0.084076 0.000000 0.000000 0.164752 0.164752 0.084076 0.067432 1.000000
0.084088 0.084088 0.084088 0.084088 0.084088 0.084088 0.084088 0.084088 0.084088 0.084088 0.164775 0.164775 0.084088 0.084088 0.000000 0.000000 0.164775 0.164775 0.084088 0.084088 1.000000
0.084088 0.084088 0.084088 0.084088 0.084088 0.084088 0.084088 0.084088 0.084088 0.084088 0.164775 0.164775 0.084088 0.084088 0.000000 0.000000 0.164775 0.164775 0.084088 0.084088 1.000000
0.084054 0.084054 0.084054 0.084054 0.084054 0.084054 0.084054 0.084054 0.084054 0.000000 0.164711 0.164711 0.084054 0.084054 0.000001 0.000000 0.164711 0.164711 0.084054 0.084054 1.000000
0.084088 0.084088 0.084088 0.084088 0.084088 0.084088 0.084088 0.084088 0.084088 0.084088 0.164775 0.164775 0.084088 0.084088 0.000000 0.000000 0.164775 0.164775 0.084088 0.084088 1.000000
0.084088 0.084088 0.084088 0.084088 0.084088 0.084088 0.084088 0.084088 0.084088 0.084088 0.164775 0.164775 0.084088 0.084088 0.000000 0.000000 0.164775 0.164775 0.084088 0.084088 1.000000
0.084088 0.084088 0.084088 0.084088 0.084088 0.084088 0.084088 0.084088 0.084088 0.084088 0.164775 0.164775 0.084088 0.084088 0.000000 0.000000 0.164775 0.164775 0.084088 0.084088 1.000000
0.084088 0.084088 0.084088 0.084088 0.084088 0.084088 0.084088 0.084088 0.084088 0.084088 0.164775 0.164775 0.084088 0.084088 0.000000 0.000000 0.164775 0.164775 0.084088 0.084088 1.000000
0.084088 0.084088 0.084088 0.084088 0.084088 0.084088 0.084088 0.084088 0.084088 0.084088 0.164775 0.164775 0.084088 0.084088 0.000000 0.000000 0.164775 0.164775 0.084088 0.084088 1.000000
0.084088 0.084088 0.084088 0.084088 0.084088 0.084088 0.084088 0.084088 0.084088 0.084088 0.164775 0.164775 0.084088 0.084088 0.000000 0.000000 0.164775 0.164775 0.084088 0.084088 1.000000
0.084065 0.084065 0.084065 0.084065 0.084065 0.084065 0.084065 0.084065 0.084065 0.084065 0.164732 0.164732 0.084065 0.084065 0.000000 0.000000 0.133063 0.164732 0.084065 0.084065 1.000000
0.084088 0.084088 0.084088 0.084088 0.084088 0.084088 0.084088 0.084088 0.084088 0.084088 0.164775 0.164775 0.084088 0.084088 0.000000 0.000000 0.164775 0.164775 0.084088 0.084088 1.000000
0.084088 0.084088 0.084088 0.084088 0.084088 0.084088 0.084088 0.084088 0.084088 0.084088 0.164775 0.164775 0.084088 0.084088 0.000000 0.000000 0.164775 0.164775 0.084088 0.084088 1.000000
0.084088 0.084088 0.084088 0.084088 0.084088 0.084088 0.084088 0.084088 0.084088 0.084088 0.164775 0.164775 0.084088 0.084088 0.000000 0.000000 0.164775 0.164775 0.084088 0.084088 1.000000
0.084088 0.084088 0.084088 0.084088 0.084088 0.084088 0.084088 0.084088 0.084088 0.084088 0.164775 0.164775 0.084088 0.084088 0.000000 0.000000 0.164775 0.164775 0.084088 0.084088 1.000000
0.084088 0.084088 0.084088 0.084088 0.084088 0.084088 0.084088 0.084088 0.084088 0.084088 0.164775 0.164775 0.084088 0.084088 0.000000 0.000000 0.164775 0.164775 0.084088 0.084088 1.000000
0.084054 0.084054 0.084054 0.084054 0.084054 0.084054 0.084054 0.084054 0.084054 0.000001 0.164711 0.164711 0.084054 0.084054 0.000000 0.000000 0.164711 0.164711 0.084054 0.084054 1.000000
0.084088 0.084088 0.084088 0.084088 0.084088 0.084088 0.084088 0.084088 0.084088 0.084088 0.164775 0.164775 0.084088 0.084088 0.000000 0.000000 0.164775 0.164775 0.084088 0.084088 1.000000
0.084088 0.084088 0.084088 0.084088 0.084088 0.084088 0.084088 0.084088 0.084088 0.084088 0.164775 0.164775 0.084088 0.084088 0.000000 0.000000 0.164775 0.164775 0.084088 0.084088 1.000000
0.084088 0.084088 0.084088 0.084088 0.084088 0.084088 0.084088 0.084088 0.084088 0.084088 0.164775 0.164775 0.084088 0.084088 0.000000 0.000000 0.164775 0.164775 0.084088 0.084088 1.000000
0.084088 0.084088 0.084088 0.084088 0.084088 0.084088 0.084088 0.084088 0.084088 0.084088 0.164775 0.164775 0.084088 0.084088 0.000000 0.000000 0.164775 0.164775 0.084088 0.084088 1.000000
0.084088 0.084088 0.084088 0.084088 0.084088 0.084088 0.084088 0.084088 0.084088 0.084088 0.164775 0.164775 0.084088 0.084088 0.000000 0.000000 0.164775 0.164775 0.084088 0.084088 1.000000
0.084088 0.084088 0.084088 0.084088 0.084088 0.084088 0.084088 0.084088 0.084088 0.084088 0.164775 0.164775 0.084088 0.084088 0.000000 0.000000 0.164775 0.164775 0.084088 0.084088 1.000000
0.084088 0.084088 0.084088 0.084088 0.084088 0.084088 0.084088 0.084088 0.084088 0.084088 0.164775 0.164775 0.084088 0.084088 0.000000 0.000000 0.164775 0.164775 0.084088 0.084088 1.000000
0.084088 0.084088 0.084088 0.084088 0.084088 0.084088 0.084088 0.084088 0.084088 0.084088 0.164775 0.164775 0.084088 0.084088 0.000000 0.000000 0.164775 0.164775 0.084088 0.084088 1.000000
0.084088 0.084088 0.084088 0.084088 0.084088 0.084088 0.084088 0.084088 0.084088 0.084088 0.164775 0.164775 0.084088 0.084088 0.000000 0.000000 0.164775 0.164775 0.084088 0.084088 1.000000
0.084088 0.084088 0.084088 0.084088 0.084088 0.084088 0.084088 0.084088 0.084088 0.084088 0.164775 0.164775 0.084088 0.084088 0.000000 0.000000 0.164775 0.164775 0.084088 0.084088 1.000000
0.084065 0.084065 0.084065 0.084065 0.084065 0.084065 0.084065 0.084065 0.084065 0.084065 0.164732 0.164732 0.084065 0.084065 0.000000 0.000000 0.133063 0.164732 0.084065 0.084065 1.000000
0.084088 0.084088 0.084088 0.084088 0.084088 0.084088 0.084088 0.084088 0.084088 0.084088 0.164775 0.164775 0.084088 0.084088 0.000000 0.000000 0.164775 0.164775 0.084088 0.084088 1.000000
0.084054 0.084054 0.084054 0.084054 0.084054 0.084054 0.084054 0.084054 0.084054 0.000002 0.164711 0.164711 0.084054 0.084054 0.000000 0.000000 0.164711 0.164711 0.084054 0.084054 1.000000
0.084088 0.084088 0.084088 0.084088 0.084088 0.084088 0.084088 0.084088 0.084088 0.084088 0.164775 0.164775 0.084088 0.084088 0.000000 0.000000 0.164775 0.164775 0.084088 0.084088 1.000000
0.084088 0.084088 0.084088 0.084088 0.084088 0.084088 0.084088 0.084088 0.084088 0.084088 0.164775 0.164775 0.084088 0.084088 0.000000 0.000000 0.164775 0.164775 0.084088 0.084088 1.000000
0.084088 0.084088 0.084088 0.084088 0.084088 0.084088 0.084088 0.084088 0.084088 0.084088 0.164775 0.164775 0.084088 0.084088 0.000000 0.000000 0.164775 0.164775 0.084088 0.084088 1.000000
0.084054 0.084054 0.084054 0.084054 0.084054 0.084054 0.084054 0.084054 0.084054 0.000000 0.164711 0.164711 0.084054 0.084054 0.000001 0.000000 0.164711 0.164711 0.084054 0.084054 1.000000
0.084088 0.084088 0.084088 0.084088 0.084088 0.084088 0.084088 0.084088 0.084088 0.084088 0.164775 0.164775 0.084088 0.084088 0.000000 0.000000 0.164775 0.164775 0.084088 0.084088 1.000000
0.084088 0.084088 0.084088 0.084088 0.084088 0.084088 0.084088 0.084088 0.084088 0.084088 0.164775 0.164775 0.084088 0.084088 0.000000 0.000000 0.164775 0.164775 0.084088 0.084088 1.000000
0.084088 0.084088 0.084088 0.084088 0.084088 0.084088 0.084088 0.084088 0.084088 0.084088 0.164775 0.164775 0.084088 0.084088 0.000000 0.000000 0.164775 0.164775 0.084088 0.084088 1.000000
0.084088 0.084088 0.084088 0.084088 0.084088 0.084088 0.084088 0.084088 0.084088 0.084088 0.164775 0.164775 0.084088 0.084088 0.000000 0.000000 0.164775 0.164775 0.084088 0.084088 1.000000
0.084088 0.084088 0.084088 0.084088 0.084088 0.084088 0.084088 0.084088 0.084088 0.084088 0.164775 0.164775 0.084088 0.084088 0.000000 0.000000 0.164775 0.164775 0.084088 0.084088 1.000000
0.084088 0.084088 0.084088 0.084088 0.084088 0.084088 0.084088 0.084088 0.084088 0.084088 0.164775 0.164775 0.084088 0.084088 0.000000 0.000000 0.164775 0.164775 0.084088 0.084088 1.000000
0.084088 0.084088 0.084088 0.084088 0.084088 0.084088 0.084088 0.084088 0.084088 0.084088 0.164775 0.164775 0.084088 0.084088 0.000000 0.000000 0.164775 0.164775 0.084088 0.084088 1.000000
0.084088 0.084088 0.084088 0.084088 0.084088 0.084088 0.084088 0.084088 0.084088 0.084088 0.164775 0.164775 0.084088 0.084088 0.000000 0.000000 0.164775 0.164775 0.084088 0.084088 1.000000
0.084088 0.084088 0.084088 0.084088 0.084088 0.084088 0.084088 0.084088 0.084088 0.084088 0.164775 0.164775 0.084088 0.084088 0.000000 0.000000 0.164775 0.164775 0.084088 0.084088 1.000000
0.084088 0.084088 0.084088 0.084088 0.084088 0.084088 0.084088 0.084088 0.084088 0.084088 0.164775 0.164775 0.084088 0.084088 0.000000 0.000000 0.164775 0.164775 0.084088 0.084088 1.000000
0.084088 0.084088 0.084088 0.084088 0.084088 0.084088 0.084088 0.084088 0.084088 0.084088 0.164775 0.164775 0.084088 0.084088 0.000000 0.000000 0.164775 0.164775 0.084088 0.084088 1.000000
0.084088 0.084088 0.084088 0.084088 0.084088 0.084088 0.084088 0.084088 0.084088 0.084088 0.164775 0.164775 0.084088 0.084088 0.000000 0.000000 0.164775 0.164775 0.084088 0.084088 1.000000
0.084088 0.084088 0.084088 0.084088 0.084088 0.084088 0.084088 0.084088 0.084088 0.084088 0.164775 0.164775 0.084088 0.084088 0.000000 0.000000 0.164775 0.164775 0.084088 0.084088 1.000000
0.084088 0.084088 0.084088 0.084088 0.084088 0.084088 0.084088 0.084088 0.084088 0.084088 0.164775 0.164775 0.084088 0.084088 0.000000 0.000000 0.164775 0.164775 0.084088 0.084088 1.000000
0.084088 0.084088 0.084088 0.084088 0.084088 0.084088 0.084088 0.084088 0.084088 0.084088 0.164775 0.164775 0.084088 0.084088 0.000000 0.000000 0.164775 0.164775 0.084088 0.084088 1.000000
0.084088 0.084088 0.084088 0.084088 0.084088 0.084088 0.084088 0.084088 0.084088 0.084088 0.164775 0.164775 0.084088 0.084088 0.000000 0.000000 0.164775 0.164775 0.084088 0.084088 1.000000
0.084088 0.084088 0.084088 0.084088 0.084088 0.084088 0.084088 0.084088 0.084088 0.084088 0.164775 0.164775 0.084088 0.084088 0.000000 0.000000 0.164775 0.164775 0.084088 0.084088 1.000000
0.084088 0.084088 0.084088 0.084088 0.084088 0.084088 0.084088 0.084088 0.084088 0.084088 0.164775 0.164775 0.084088 0.084088 0.000000 0.000000 0.164775 0.164775 0.084088 0.084088 1.000000
0.084088 0.084088 0.084088 0.084088 0.084088 0.084088 0.084088 0.084088 0.084088 0.084088 0.164775 0.164775 0.084088 0.084088 0.000000 0.000000 0.164775 0.164775 0.084088 0.084088 1.000000
0.084088 0.084088 0.084088 0.084088 0.084088 0.084088 0.084088 0.084088 0.084088 0.084088 0.164775 0.164775 0.084088 0.084088 0.000000 0.000000 0.164775 0.164775 0.084088 0.084088 1.000000
0.084088 0.084088 0.084088 0.084088 0.084088 0.084088 0.084088 0.084088 0.084088 0.084088 0.164775 0.164775 0.084088 0.084088 0.000000 0.000000 0.164775 0.164775 0.084088 0.084088 1.000000
0.084088 0.084088 0.084088 0.084088 0.084088 0.084088 0.084088 0.084088 0.084088 0.084088 0.164775 0.164775 0.084088 0.084088 0.000000 0.000000 0.164775 0.164775 0.084088 0.084088 1.000000
0.084065 0.084065 0.084065 0.084065 0.084065 0.084065 0.084065 0.084065 0.084065 0.084065 0.164732 0.164732 0.084065 0.084065 0.000000 0.000000 0.164732 0.133063 0.084065 0.084065 1.000000
0.084088 0.084088 0.084088 0.084088 0.084088 0.084088 0.084088 0.084088 0.084088 0.084088 0.164775 0.164775 0.084088 0.084088 0.000000 0.000000 0.164775 0.164775 0.084088 0.084088 1.000000
0.084088 0.084088 0.084088 0.084088 0.084088 0.084088 0.084088 0.084088 0.084088 0.084088 0.164775 0.164775 0.084088 0.084088 0.000000 0.000000 0.164775 0.164775 0.084088 0.084088 1.000000
0.084088 0.084088 0.084088 0.084088 0.084088 0.084088 0.084088 0.084088 0.084088 0.084088 0.164775 0.164775 0.084088 0.084088 0.000000 0.000000 0.164775 0.164775 0.084088 0.084088 1.000000
0.084088 0.084088 0.084088 0.084088 0.084088 0.084088 0.084088 0.084088 0.084088 0.084088 0.164775 0.164775 0.084088 0.084088 0.000000 0.000000 0.164775 0.164775 0.084088 0.084088 1.000000
0.084088 0.084088 0.084088 0.084088 0.084088 0.084088 0.084088 0.084088 0.084088 0.084088 0.164775 0.164775 0.084088 0.084088 0.000000 0.000000 0.164775 0.164775 0.084088 0.084088 1.000000
0.084088 0.084088 0.084088 0.084088 0.084088 0.084088 0.084088 0.084088 0.084088 0.084088 0.164775 0.164775 0.084088 0.084088 0.000000 0.000000 0.164775 0.164775 0.084088 0.084088 1.000000
0.084088 0.084088 0.084088 0.084088 0.084088 0.084088 0.084088 0.084088 0.084088 0.084088 0.164775 0.164775 0.084088 0.084088 0.000000 0.000000 0.164775 0.164775 0.084088 0.084088 1.000000
0.084088 0.084088 0.084088 0.084088 0.084088 0.084088 0.084088 0.084088 0.084088 0.084088 0.164775 0.164775 0.084088 0.084088 0.000000 0.000000 0.164775 0.164775 0.084088 0.084088 1.000000
0.084088 0.084088 0.084088 0.084088 0.084088 0.084088 0.084088 0.084088 0.084088 0.084088 0.164775 0.164775 0.084088 0.084088 0.000000 0.000000 0.164775 0.164775 0.084088 0.084088 1.000000
0.084065 0.084065 0.084065 0.084065 0.084065 0.084065 0.084065 0.084065 0.084065 0.084065 0.164732 0.164732 0.084065 0.084065 0.000000 0.000000 0.164732 0.133063 0.084065 0.084065 1.000000
0.084088 0.084088 0.084088 0.084088 0.084088 0.084088 0.084088 0.084088 0.084088 0.084088 0.164775 0.164775 0.084088 0.084088 0.000000 0.000000 0.164775 0.164775 0.084088 0.084088 1.000000
0.084088 0.084088 0.084088 0.084088 0.084088 0.084088 0.084088 0.084088 0.084088 0.084088 0.164775 0.164775 0.084088 0.084088 0.000000 0.000000 0.164775 0.164775 0.084088 0.084088 1.000000
0.084088 0.084088 0.084088 0.084088 0.084088 0.084088 0.084088 0.084088 0.084088 0.084088 0.164775 0.164775 0.084088 0.084088 0.000000 0.000000 0.164775 0.164775 0.084088 0.084088 1.000000
0.084088 0.084088 0.084088 0.084088 0.084088 0.084088 0.084088 0.084088 0.084088 0.084088 0.164775 0.164775 0.084088 0.084088 0.000000 0.000000 0.164775 0.164775 0.084088 0.084088 1.000000
0.084088 0.084088 0.084088 0.084088 0.084088 0.084088 0.084088 0.084088 0.084088 0.084088 0.164775 0.164775 0.084088 0.084088 0.000000 0.000000 0.164775 0.164775 0.084088 0.084088 1.000000
0.084088 0.084088 0.084088 0.084088 0.084088 0.084088 0.084088 0.084088 0.084088 0.084088 0.164775 0.164775 0.084088 0.084088 0.000000 0.000000 0.164775 0.164775 0.084088 0.084088 1.000000
0.084088 0.084088 0.084088 0.084088 0.084088 0.084088 0.084088 0.084088 0.084088 0.084088 0.164775 0.164775 0.084088 0.084088 0.000000 0.000000 0.164775 0.164775 0.084088 0.084088 1.000000
0.084088 0.084088 0.084088 0.084088 0.084088 0.084088 0.084088 0.084088 0.084088 0.084088 0.164775 0.164775 0.084088 0.084088 0.000000 0.000000 0.164775 0.164775 0.084088 0.084088 1.000000
0.084088 0.084088 0.084088 0.084088 0.084088 0.084088 0.084088 0.084088 0.084088 0.084088 0.164775 0.164775 0.084088 0.084088 0.000000 0.000000 0.164775 0.164775 0.084088 0.084088 1.000000
0.084088 0.084088 0.084088 0.084088 0.084088 0.084088 0.084088 0.084088 0.084088 0.084088 0.164775 0.164775 0.084088 0.084088 0.000000 0.000000 0.164775 0.164775 0.084088 0.084088 1.000000
0.084088 0.084088 0.084088 0.084088 0.084088 0.084088 0.084088 0.084088 0.084088 0.084088 0.164775 0.164775 0.084088 0.084088 0.000000 0.000000 0.164775 0.164775 0.084088 0.084088 1.000000
0.084088 0.084088 0.084088 0.084088 0.084088 0.084088 0.084088 0.084088 0.084088 0.084088 0.164775 0.164775 0.084088 0.084088 0.000000 0.000000 0.164775 0.164775 0.084088 0.084088 1.000000
0.084088 0.084088 0.084088 0.084088 0.084088 0.084088 0.084088 0.084088 0.084088 0.084088 0.164775 0.164775 0.084088 0.084088 0.000000 0.000000 0.164775 0.164775 0.084088 0.084088 1.000000
0.084088 0.084088 0.084088 0.084088 0.084088 0.084088 0.084088 0.084088 0.084088 0.084088 0.164775 0.164775 0.084088 0.084088 0.000000 0.000000 0.164775 0.164775 0.084088 0.084088 1.000000
0.084088 0.084088 0.084088 0.084088 0.084088 0.084088 0.084088 0.084088 0.084088 0.084088 0.164775 0.164775 0.084088 0.084088 0.000000 0.000000 0.164775 0.164775 0.084088 0.084088 1.000000
0.084088 0.084088 0.084088 0.084088 0.084088 0.084088 0.084088 0.084088 0.084088 0.084088 0.164775 0.164775 0.084088 0.084088 0.000000 0.000000 0.164775 0.164775 0.084088 0.084088 1.000000
0.084088 0.084088 0.084088 0.084088 0.084088 0.084088 0.084088 0.084088 0.084088 0.084088 0.164775 0.164775 0.084088 0.084088 0.000000 0.000000 0.164775 0.164775 0.084088 0.084088 1.000000
0.084088 0.084088 0.084088 0.084088 0.084088 0.084088 0.084088 0.084088 0.084088 0.084088 0.164775 0.164775 0.084088 0.084088 0.000000 0.000000 0.164775 0.164775 0.084088 0.084088 1.000000
0.084088 0.084088 0.084088 0.084088 0.084088 0.084088 0.084088 0.084088 0.084088 0.084088 0.164775 0.164775 0.084088 0.084088 0.000000 0.000000 0.164775 0.164775 0.084088 0.084088 1.000000
0.084088 0.084088 0.084088 0.084088 0.084088 0.084088 0.084088 0.084088 0.084088 0.084088 0.164775 0.164775 0.084088 0.084088 0.000000 0.000000 0.164775 0.164775 0.084088 0.084088 1.000000
0.084088 0.084088 0.084088 0.084088 0.084088 0.084088 0.084088 0.084088 0.084088 0.084088 0.164775 0.164775 0.084088 0.084088 0.000000 0.000000 0.164775 0.164775 0.084088 0.084088 1.000000
0.084088 0.084088 0.084088 0.084088 0.084088 0.084088 0.084088 0.084088 0.084088 0.084088 0.164775 0.164775 0.084088 0.084088 0.000000 0.000000 0.164775 0.164775 0.084088 0.084088 1.000000
0.084088 0.084088 0.084088 0.084088 0.084088 0.084088 0.084088 0.084088 0.084088 0.084088 0.164775 0.164775 0.084088 0.084088 0.000000 0.000000 0.164775 0.164775 0.084088 0.084088 1.000000
0.084088 0.084088 0.084088 0.084088 0.084088 0.084088 0.084088 0.084088 0.084088 0.084088 0.164775 0.164775 0.084088 0.084088 0.000000 0.000000 0.164775 0.164775 0.084088 0.084088 1.000000
0.084088 0.084088 0.084088 0.084088 0.084088 0.084088 0.084088 0.084088 0.084088 0.084088 0.164775 0.164775 0.084088 0.084088 0.000000 0.000000 0.164775 0.164775 0.084088 0.084088 1.000000
0.084088 0.084088 0.084088 0.084088 0.084088 0.084088 0.084088 0.084088 0.084088 0.084088 0.164775 0.164775 0.084088 0.084088 0.000000 0.000000 0.164775 0.164775 0.084088 0.084088 1.000000
0.084088 0.084088 0.084088 0.084088 0.084088 0.084088 0.084088 0.084088 0.084088 0.084088 0.164775 0.164775 0.084088 0.084088 0.000000 0.000000 0.164775 0.164775 0.084088 0.084088 1.000000
0.084088 0.084088 0.084088 0.084088 0.084088 0.084088 0.084088 0.084088 0.084088 0.084088 0.164775 0.164775 0.084088 0.084088 0.000000 0.000000 0.164775 0.164775 0.084088 0.084088 1.000000
0.084088 0.084088 0.084088 0.084088 0.084088 0.084088 0.084088 0.084088 0.084088 0.084088 0.164775 0.164775 0.084088 0.084088 0.000000 0.000000 0.164775 0.164775 0.084088 0.084088 1.000000
0.084088 0.084088 0.084088 0.084088 0.084088 0.084088 0.084088 0.084088 0.084088 0.084088 0.164775 0.164775 0.084088 0.084088 0.000000 0.000000 0.164775 0.164775 0.084088 0.084088 1.000000
0.084088 0.084088 0.084088 0.084088 0.084088 0.084088 0.084088 0.084088 0.084088 0.084088 0.164775 0.164775 0.084088 0.084088 0.000000 0.000000 0.164775 0.164775 0.084088 0.084088 1.000000
0.084088 0.084088 0.084088 0.084088 0.084088 0.084088 0.084088 0.084088 0.084088 0.084088 0.164775 0.164775 0.084088 0.084088 0.000000 0.000000 0.164775 0.164775 0.084088 0.084088 1.000000
0.084088 0.084088 0.084088 0.084088 0.084088 0.084088 0.084088 0.084088 0.084088 0.084088 0.164775 0.164775 0.084088 0.084088 0.000000 0.000000 0.164775 0.164775 0.084088 0.084088 1.000000
0.084088 0.084088 0.084088 0.084088 0.084088 0.084088 0.084088 0.084088 0.084088 0.084088 0.164775 0.164775 0.084088 0.084088 0.000000 0.000000 0.164775 0.164775 0.084088 0.084088 1.000000
0.084088 0.084088 0.084088 0.084088 0.084088 0.084088 0.084088 0.084088 0.084088 0.084088 0.164775 0.164775 0.084088 0.084088 0.000000 0.000000 0.164775 0.164775 0.084088 0.084088 1.000000
0.084088 0.084088 0.084088 0.084088 0.084088 0.084088 0.084088 0.084088 0.084088 0.084088 0.164775 0.164775 0.084088 0.084088 0.000000 0.000000 0.164775 0.164775 0.084088 0.084088 1.000000
0.084088 0.084088 0.084088 0.084088 0.084088 0.084088 0.084088 0.084088 0.084088 0.084088 0.164775 0.164775 0.084088 0.084088 0.000000 0.000000 0.164775 0.164775 0.084088 0.084088 1.000000
0.084088 0.084088 0.084088 0.084088 0.084088 0.084088 0.084088 0.084088 0.084088 0.084088 0.164775 0.164775 0.084088 0.084088 0.000000 0.000000 0.164775 0.164775 0.084088 0.084088 1.000000
0.084088 0.084088 0.084088 0.084088 0.084088 0.084088 0.084088 0.084088 0.084088 0.084088 0.164775 0.164775 0.084088 0.084088 0.000000 0.000000 0.164775 0.164775 0.084088 0.084088 1.000000
0.084088 0.084088 0.084088 0.084088 0.084088 0.084088 0.084088 0.084088 0.084088 0.084088 0.164775 0.164775 0.084088 0.084088 0.000000 0.000000 0.164775 0.164775 0.084088 0.084088 1.000000
0.084088 0.084088 0.084088 0.084088 0.084088 0.084088 0.084088 0.084088 0.084088 0.084088 0.164775 0.164775 0.084088 0.084088 0.000000 0.000000 0.164775 0.164775 0.084088 0.084088 1.000000
0.084088 0.084088 0.084088 0.084088 0.084088 0.084088 0.084088 0.084088 0.084088 0.084088 0.164775 0.164775 0.084088 0.084088 0.000000 0.000000 0.164775 0.164775 0.084088 0.084088 1.000000
0.084088 0.084088 0.084088 0.084088 0.084088 0.084088 0.084088 0.084088 0.084088 0.084088 0.164775 0.164775 0.084088 0.084088 0.000000 0.000000 0.164775 0.164775 0.084088 0.084088 1.000000
0.084088 0.084088 0.084088 0.084088 0.084088 0.084088 0.084088 0.084088 0.084088 0.084088 0.164775 0.164775 0.084088 0.084088 0.000000 0.000000 0.164775 0.164775 0.084088 0.084088 1.000000
0.084088 0.084088 0.084088 0.084088 0.084088 0.084088 0.084088 0.084088 0.084088 0.084088 0.164775 0.164775 0.084088 0.084088 0.000000 0.000000 0.164775 0.164775 0.084088 0.084088 1.000000
0.084088 0.084088 0.084088 0.084088 0.084088 0.084088 0.084088 0.084088 0.084088 0.084088 0.164775 0.164775 0.084088 0.084088 0.000000 0.000000 0.164775 0.164775 0.084088 0.084088 1.000000
0.084088 0.084088 0.084088 0.084088 0.084088 0.084088 0.084088 0.084088 0.084088 0.084088 0.164775 0.164775 0.084088 0.084088 0.000000 0.000000 0.164775 0.164775 0.084088 0.084088 1.000000
0.084088 0.084088 0.084088 0.084088 0.084088 0.084088 0.084088 0.084088 0.084088 0.084088 0.164775 0.164775 0.084088 0.084088 0.000000 0.000000 0.164775 0.164775 0.084088 0.084088 1.000000
0.084088 0.084088 0.084088 0.084088 0.084088 0.084088 0.084088 0.084088 0.084088 0.084088 0.164775 0.164775 0.084088 0.084088 0.000000 0.000000 0.164775 0.164775 0.084088 0.084088 1.000000
0.084088 0.084088 0.084088 0.084088 0.084088 0.084088 0.084088 0.084088 0.084088 0.084088 0.164775 0.164775 0.084088 0.084088 0.000000 0.000000 0.164775 0.164775 0.084088 0.084088 1.000000
0.084088 0.084088 0.084088 0.084088 0.084088 0.084088 0.084088 0.084088 0.084088 0.084088 0.164775 0.164775 0.084088 0.084088 0.000000 0.000000 0.164775 0.164775 0.084088 0.084088 1.000000
0.084088 0.084088 0.084088 0.084088 0.084088 0.084088 0.084088 0.084088 0.084088 0.084088 0.164775 0.164775 0.084088 0.084088 0.000000 0.000000 0.164775 0.164775 0.084088 0.084088 1.000000
0.084088 0.084088 0.084088 0.084088 0.084088 0.084088 0.084088 0.084088 0.084088 0.084088 0.164775 0.164775 0.084088 0.084088 0.000000 0.000000 0.164775 0.164775 0.084088 0.084088 1.000000
0.084088 0.084088 0.084088 0.084088 0.084088 0.084088 0.084088 0.084088 0.084088 0.084088 0.164775 0.164775 0.084088 0.084088 0.000000 0.000000 0.164775 0.164775 0.084088 0.084088 1.000000
0.084088 0.084088 0.084088 0.084088 0.084088 0.084088 0.084088 0.084088 0.084088 0.084088 0.164775 0.164775 0.084088 0.084088 0.000000 0.000000 0.164775 0.164775 0.084088 0.084088 1.000000
0.084088 0.084088 0.084088 0.084088 0.084088 0.084088 0.084088 0.084088 0.084088 0.084088 0.164775 0.164775 0.084088 0.084088 0.000000 0.000000 0.164775 0.164775 0.084088 0.084088 1.000000
0.084088 0.084088 0.084088 0.084088 0.084088 0.084088 0.084088 0.084088 0.084088 0.084088 0.164775 0.164775 0.084088 0.084088 0.000000 0.000000 0.164775 0.164775 0.084088 0.084088 1.000000
0.084088 0.084088 0.084088 0.084088 0.084088 0.084088 0.084088 0.084088 0.084088 0.084088 0.164775 0.164775 0.084088 0.084088 0.000000 0.000000 0.164775 0.164775 0.084088 0.084088 1.000000
0.084088 0.084088 0.084088 0.084088 0.084088 0.084088 0.084088 0.084088 0.084088 0.084088 0.164775 0.164775 0.084088 0.084088 0.000000 0.000000 0.164775 0.164775 0.084088 0.084088 1.000000
0.084088 0.084088 0.084088 0.084088 0.084088 0.084088 0.084088 0.084088 0.084088 0.084088 0.164775 0.164775 0.084088 0.084088 0.000000 0.000000 0.164775 0.164775 0.084088 0.084088 1.000000
0.084088 0.084088 0.084088 0.084088 0.084088 0.084088 0.084088 0.084088 0.084088 0.084088 0.164775 0.164775 0.084088 0.084088 0.000000 0.000000 0.164775 0.164775 0.084088 0.084088 1.000000
0.084088 0.084088 0.084088 0.084088 0.084088 0.084088 0.084088 0.084088 0.084088 0.084088 0.164775 0.164775 0.084088 0.084088 0.000000 0.000000 0.164775 0.164775 0.084088 0.084088 1.000000
0.084088 0.084088 0.084088 0.084088 0.084088 0.084088 0.084088 0.084088 0.084088 0.084088 0.164775 0.164775 0.084088 0.084088 0.000000 0.000000 0.164775 0.164775 0.084088 0.084088 1.000000
0.084088 0.084088 0.084088 0.084088 0.084088 0.084088 0.084088 0.084088 0.084088 0.084088 0.164775 0.164775 0.084088 0.084088 0.000000 0.000000 0.164775 0.164775 0.084088 0.084088 1.000000
0.084088 0.084088 0.084088 0.084088 0.084088 0.084088 0.084088 0.084088 0.084088 0.084088 0.164775 0.164775 0.084088 0.084088 0.000000 0.000000 0.164775 0.164775 0.084088 0.084088 1.000000
0.084088 0.084088 0.084088 0.084088 0.084088 0.084088 0.084088 0.084088 0.084088 0.084088 0.164775 0.164775 0.084088 0.084088 0.000000 0.000000 0.164775 0.164775 0.084088 0.084088 1.000000
0.084088 0.084088 0.084088 0.084088 0.084088 0.084088 0.084088 0.084088 0.084088 0.084088 0.164775 0.164775 0.084088 0.084088 0.000000 0.000000 0.164775 0.164775 0.084088 0.084088 1.000000
