0.000000 0.000000 0.000000 0.000000 0.000000 0.000000 0.000000 0.000000 0.000000 0.000000 0.000000 0.000000 0.000000 0.000000 0.000000 0.000000 0.000000 0.000000 0.000000 0.000000 0.000000
11.880510 11.880510 11.880510 11.880510 11.880510 11.880510 11.880510 11.880510 1998.377976 818.536636 35.184250 18.055170 214.578808 137.334736 56.267098 330603.820855 22.544088 85.841308 1598.702606 87.900947 1.000000
11.876046 11.876046 11.876046 11.876046 11.876046 11.876046 11.876046 11.876046 1598.093371 1022.780334 54.928254 107.255512 56.245669 171.599729 109.829202 516371.615457 107.255512 7.503179 1997.616432 45.004532 1.000000
11.880237 11.880237 11.880237 11.880237 11.880237 11.880237 11.880237 11.880237 7623.027831 1598.665404 54.947903 18.054752 56.265789 70.324240 45.020625 516556.449579 43.966507 28.159520 2497.914117 56.265789 1.000000
11.878870 11.878870 11.878870 11.878870 11.878870 11.878870 11.878870 11.878870 1278.783288 214.548764 28.156241 28.156241 36.022288 87.888643 1278.783288 645620.176120 54.941492 14.466934 11909.590242 28.830308 1.000000
11.804168 11.804168 11.804168 11.804168 11.804168 11.804168 11.804168 11.804168 4847.052035 650.561821 54.591270 54.591270 35.792868 266.473245 44.728519 1002346.825175 14.375535 17.938212 1016.501427 213.180285 1.000000
11.806352 11.806352 11.806352 11.806352 11.806352 11.806352 11.806352 11.806352 3878.369646 650.683946 68.243649 34.961848 44.736908 87.344564 109.175553 134557.968524 4734.337843 27.982334 813.354241 44.736908 1.000000
11.879537 11.879537 11.879537 11.879537 11.879537 11.879537 11.879537 11.879537 14887.835156 3122.205633 43.963879 18.053679 45.017934 36.024335 45.017934 645656.925858 35.181331 22.542221 335.247226 335.247226 1.000000
11.878245 11.878245 11.878245 11.878245 11.878245 11.878245 11.878245 11.878245 3121.861352 654.703238 35.177458 22.539746 1278.715061 56.256225 45.012975 1576137.036606 28.154742 11.603813 1022.972401 56.256225 1.000000
11.880981 11.880981 11.880981 11.880981 11.880981 11.880981 11.880981 11.880981 1598.766958 335.288584 54.951391 35.185664 109.875487 56.269361 109.875487 516589.263284 54.951391 18.055892 4879.047850 137.340263 1.000000
11.880488 11.880488 11.880488 11.880488 11.880488 11.880488 11.880488 11.880488 7623.190853 3122.459240 107.296192 43.967447 87.900782 70.325744 70.325744 135415.069783 11632.066007 28.160121 23.083002 70.325744 1.000000
11.879345 11.879345 11.879345 11.879345 11.879345 11.879345 11.879345 11.879345 3122.154700 818.455259 18.053386 54.943721 18.484047 109.860144 171.648078 211565.410060 327.384670 35.180758 1598.543668 109.860144 1.000000
11.880733 11.880733 11.880733 11.880733 11.880733 11.880733 11.880733 11.880733 2498.019859 1023.189748 68.679596 28.160709 45.022529 171.668415 28.834884 108334.324981 2439.472538 28.160709 1023.189748 109.873159 1.000000
11.878231 11.878231 11.878231 11.878231 11.878231 11.878231 11.878231 11.878231 7621.722217 1997.989215 28.154709 134.090211 70.312201 28.828740 87.883852 1008726.518975 14.466153 18.051679 2497.486293 36.020327 1.000000
11.878571 11.878571 11.878571 11.878571 11.878571 11.878571 11.878571 11.878571 4878.043779 2497.558710 28.155524 14.466568 87.886399 109.852879 45.014226 807004.614258 18.052199 28.155524 2497.558710 45.014226 1.000000
11.879098 11.879098 11.879098 11.879098 11.879098 11.879098 11.879098 11.879098 3902.610722 654.750915 68.670012 14.467213 109.857822 28.830868 70.317401 645632.743078 28.156787 22.541381 1023.046895 654.750915 1.000000
11.803721 11.803721 11.803721 11.803721 11.803721 11.803721 11.803721 11.803721 4846.865686 1016.462347 22.396871 14.374987 35.791494 416.344976 136.434464 641477.305090 43.679577 22.396871 1588.221510 35.791494 1.000000
11.878172 11.878172 11.878172 11.878172 11.878172 11.878172 11.878172 11.878172 9527.104275 3121.841815 28.154567 43.958762 36.020144 28.828593 18.482206 169235.366524 511.484466 22.539605 3902.302124 70.311843 1.000000
11.879896 11.879896 11.879896 11.879896 11.879896 11.879896 11.879896 11.879896 4878.595748 818.493734 14.468190 35.182409 56.264150 56.264150 70.322192 516541.395129 35.182409 43.965227 4878.595748 87.896341 1.000000
11.806301 11.806301 11.806301 11.806301 11.806301 11.806301 11.806301 11.806301 3878.352450 813.350635 34.961694 68.243347 44.736709 44.736709 44.736709 210245.893632 166.579961 34.961694 1270.859233 416.437297 1.000000
11.880835 11.880835 11.880835 11.880835 11.880835 11.880835 11.880835 11.880835 4878.986803 1278.997845 43.968748 22.544711 137.338545 87.903385 45.022919 413266.239751 54.950704 28.160953 1598.746954 56.268658 1.000000
11.879214 11.879214 11.879214 11.879214 11.879214 11.879214 11.879214 11.879214 7622.362064 1998.156947 43.962672 43.962672 45.016697 70.318101 70.318101 516511.335441 22.541604 68.670695 3122.119768 18.483842 1.000000
11.875057 11.875057 11.875057 11.875057 11.875057 11.875057 11.875057 11.875057 11905.712610 1997.447607 14.462269 28.147097 14.806098 87.860035 109.819922 1008453.077019 28.147097 14.462269 4876.580056 36.010578 1.000000
11.879773 11.879773 11.879773 11.879773 11.879773 11.879773 11.879773 11.879773 4878.544602 1598.602054 18.054041 22.542675 70.321455 70.321455 36.025062 330583.027105 28.158407 43.964767 1998.252285 214.565312 1.000000
11.877052 11.877052 11.877052 11.877052 11.877052 11.877052 11.877052 11.877052 3901.928955 654.636534 134.076708 11.602648 56.250496 45.008393 335.176107 413132.770744 134.076708 11.602648 1997.787994 56.250496 1.000000
11.879704 11.879704 11.879704 11.879704 11.879704 11.879704 11.879704 11.879704 3122.250360 818.480336 85.835406 54.945403 87.894903 109.863509 28.832357 1261066.748316 14.467955 28.158242 1278.874398 171.653337 1.000000
11.798125 11.798125 11.798125 11.798125 11.798125 11.798125 11.798125 11.798125 18480.432008 4844.534561 22.386142 11.525597 28.632009 18.356610 35.774307 1565353.474472 27.962601 11.525597 9461.981266 44.705311 1.000000
11.873677 11.873677 11.873677 11.873677 11.873677 11.873677 11.873677 11.873677 18600.483415 3900.804344 22.530988 14.460580 87.849682 28.817555 18.475153 1575522.224155 18.044702 18.044702 9523.447586 18.475153 1.000000
11.871315 11.871315 11.871315 11.871315 11.871315 11.871315 11.871315 11.871315 2016261.614481 817.894101 28.138124 11.597048 14.801409 28.811755 28.811755 1969005.482892 18.041084 14.457691 1277.958405 23.064994 1.000000
11.863608 11.863608 11.863608 11.863608 11.863608 11.863608 11.863608 11.863608 9515.256163 45372.276606 68.579227 7.495486 14.791751 44.956770 44.956770 1967708.833708 35.133561 7.495486 2494.367685 14.791751 1.000000
11.875535 11.875535 11.875535 11.875535 11.875535 11.875535 11.875535 11.875535 11906.198511 2496.911185 43.948873 22.534549 28.822117 171.592230 36.012045 1575772.241259 22.534549 11.601167 3901.423357 18.478068 1.000000
11.865425 11.865425 11.865425 11.865425 11.865425 11.865425 11.865425 11.865425 29042.768534 7613.387637 18.032060 6.055707 18.462206 23.053429 23.053429 1968014.543875 18.032060 18.032060 11895.918061 35.980998 1.000000
11.876029 11.876029 11.876029 11.876029 11.876029 11.876029 11.876029 11.876029 14883.376685 3121.270624 18.048305 28.149428 45.004466 23.074248 45.004466 1575838.795167 28.149428 11.601650 6096.231227 36.013564 1.000000
11.872000 11.872000 11.872000 11.872000 11.872000 11.872000 11.872000 11.872000 2496.157429 268.026551 9.316530 28.139767 28.813437 138564.550283 18.472522 1260237.243291 28.139767 11.597716 523.483981 28.813437 1.000000
11.875304 11.875304 11.875304 11.875304 11.875304 11.875304 11.875304 11.875304 826142.186710 523.631729 327.271693 14.462571 23.072824 28.821550 18.477706 806779.479209 28.147689 22.534107 1022.715469 28.821550 1.000000
11.872706 11.872706 11.872706 11.872706 11.872706 11.872706 11.872706 11.872706 9522.658132 2496.308066 3047.250897 11.598406 28.815172 11.872706 87.842402 645280.407527 28.141460 35.160848 3120.384903 23.067725 1.000000
11.866939 11.866939 11.866939 11.866939 11.866939 11.866939 11.866939 11.866939 36308.159015 7614.372955 9.312593 14.452337 18.464582 44.969561 23.056402 1259692.315299 28.127630 14.452337 14871.821988 11.866939 1.000000
11.869326 11.869326 11.869326 11.869326 11.869326 11.869326 11.869326 11.869326 9519.908345 2495.587226 798.589036 9.314450 35.992980 35.992980 18.468327 4806325.396574 9.314450 11.595106 3899.354672 56.213409 1.000000
11.796224 11.796224 11.796224 11.796224 11.796224 11.796224 11.796224 11.796224 18477.411574 2479.996597 11.523741 43.651463 87.268568 109.080554 18.353627 1001662.485564 27.958043 14.365814 6054.678372 11.796224 1.000000
11.872216 11.872216 11.872216 11.872216 11.872216 11.872216 11.872216 11.872216 6094.246197 1278.056808 167.523329 22.528188 137.237507 11.872216 28.813969 1575325.677049 28.140285 9.316698 2496.203576 214.426884 1.000000
11.876194 11.876194 11.876194 11.876194 11.876194 11.876194 11.876194 11.876194 268.122592 216584.691982 11.601811 85.809690 214.499752 56.246380 18.479103 135365.432493 7441.793485 14.463661 87.868569 56.246380 1.000000
11.865083 11.865083 11.865083 11.865083 11.865083 11.865083 11.865083 11.865083 29041.918800 3118.352603 7.496399 9.311150 23.052757 87.785205 18.461669 1967956.963684 35.137985 9.311150 7613.164884 44.962433 1.000000
11.792485 11.792485 11.792485 11.792485 11.792485 11.792485 11.792485 11.792485 36077.090787 9457.392986 27.949076 9.254683 28.618159 18.347761 18.347761 1955743.008929 22.375330 11.520091 14777.176443 14.702622 1.000000
11.794181 11.794181 11.794181 11.794181 11.794181 11.794181 11.794181 11.794181 88091.684416 1269.535754 85.208785 7.452553 18.350422 28.622324 69.807748 1956028.326076 27.953143 9.256002 2479.560885 44.690167 1.000000
11.875724 11.875724 11.875724 11.875724 11.875724 11.875724 11.875724 11.875724 11906.390892 3121.189232 68.650237 18.047837 23.073649 23.073649 23.073649 135359.991970 35.169896 9301.867926 3901.486396 18.478365 1.000000
11.868016 11.868016 11.868016 11.868016 11.868016 11.868016 11.868016 11.868016 23239.361511 4873.647543 43.920681 7.498213 23.058517 23.058517 14.797275 1574760.386918 11.593827 28.130213 7615.074097 87.807214 1.000000
11.872645 11.872645 11.872645 11.872645 11.872645 11.872645 11.872645 11.872645 14879.075303 3900.460555 511.243088 14.459318 23.067605 14.803076 28.815021 1575383.368644 28.141313 11.598346 6094.469381 36.003172 1.000000
11.799618 11.799618 11.799618 11.799618 11.799618 11.799618 11.799618 11.799618 23103.506579 7570.557154 54.569938 14.369967 35.778894 332.959622 35.778894 168100.134299 9241.402722 9.260231 44.711047 22.924227 1.000000
11.875349 11.875349 11.875349 11.875349 11.875349 11.875349 11.875349 11.875349 18603.140566 3901.361589 107.249128 28.147798 28.821662 45.001855 28.821662 1260597.834886 28.147798 14.462627 4876.701871 14.806464 1.000000
11.871290 11.871290 11.871290 11.871290 11.871290 11.871290 11.871290 11.871290 29057.329066 6093.763733 14.457660 11.597023 35.999010 35.999010 14.801378 1969001.203936 18.041045 18.041045 9521.505682 23.064944 1.000000
11.870835 11.870835 11.870835 11.870835 11.870835 11.870835 11.870835 11.870835 1996.727431 422823.374166 18.040349 14.457104 35.997614 35.997614 109.780333 1575139.813735 35.155237 7.499956 334.998175 18.470695 1.000000
11.860565 11.860565 11.860565 11.860565 11.860565 11.860565 11.860565 11.860565 825102.208279 216295.593291 326.859719 9.307636 14.787938 14.787938 18.454581 1573757.568889 35.124437 9.307636 11.860565 23.043888 1.000000
11.859476 11.859476 11.859476 11.859476 11.859476 11.859476 11.859476 11.859476 29027.999682 6087.612916 54.850572 6.052791 56.166122 23.041750 14.786573 1967013.767544 35.121171 7.492931 11889.868740 14.786573 1.000000
11.860178 11.860178 11.860178 11.860178 11.860178 11.860178 11.860178 11.860178 36287.176582 9512.465716 261.480488 11.586175 14.787452 14.787452 11.860178 1007171.472734 68.559124 7.493365 14863.227584 14.787452 1.000000
11.869256 11.869256 11.869256 11.869256 11.869256 11.869256 11.869256 11.869256 1022.187185 270570.436152 28.133186 22.522512 28.806698 28.806698 23.060950 169106.522599 9296.729504 6.057585 418.689859 44.978458 1.000000
11.859219 11.859219 11.859219 11.859219 11.859219 11.859219 11.859219 11.859219 11.859219 45355.249715 54.849364 18.022552 11.859219 18.452468 11.859219 1966970.410029 68.553503 7.492772 14862.008287 11889.606660 1.000000
11.861181 11.861181 11.861181 11.861181 11.861181 11.861181 11.861181 11.861181 36290.288411 9513.281463 209.204049 11.587154 18.455547 14.788709 11.861181 1967300.475273 43.895048 7.493985 11891.601782 14.788709 1.000000
11.853347 11.853347 11.853347 11.853347 11.853347 11.853347 11.853347 11.853347 11.853347 824592.883921 68.519091 7.489141 18.443256 824592.883921 14.778893 515370.552452 261.327743 9.302021 11.853347 11.853347 1.000000
11.859602 11.859602 11.859602 11.859602 11.859602 11.859602 11.859602 11.859602 11.859602 11.859602 43.889130 28.110035 660027.403505 14.786731 23.041997 3841865.129675 326.832800 9.306887 173022.223670 11.859602 1.000000
11.874310 11.874310 11.874310 11.874310 11.874310 11.874310 11.874310 11.874310 9523.962754 2496.650065 167.553291 35.165657 23.070873 18.476147 28.819110 1969509.314500 35.165657 9.318327 3901.015357 109.812920 1.000000
11.864348 11.864348 11.864348 11.864348 11.864348 11.864348 11.864348 11.864348 1021.758486 214.282747 133.931267 18.030410 14.792679 14.792679 173092.454565 135228.480132 7434.264450 6.055179 418.514264 18.460517 1.000000
11.792851 11.792851 11.792851 11.792851 11.792851 11.792851 11.792851 11.792851 170.380479 3099.096412 34.921356 17.920873 14.703080 820323.904542 14.703080 1564643.677790 43.638815 7.451731 212.972957 22.910940 1.000000
11.868836 11.868836 11.868836 11.868836 11.868836 11.868836 11.868836 11.868836 7615.607560 3899.191260 54.894452 7.498720 56.211055 28.805667 23.060126 169100.454282 11.594627 7437.116764 6092.486107 14.798302 1.000000
11.861913 11.861913 11.861913 11.861913 11.861913 11.861913 11.861913 11.861913 36292.562562 6088.881773 28.115578 9.308684 18.456696 28.788666 14.789627 2459279.696568 43.897796 6.053985 14865.433681 23.046535 1.000000
11.864876 11.864876 11.864876 11.864876 11.864876 11.864876 11.864876 11.864876 270469.172237 110784.172956 35.137366 22.514116 18.461345 56.192045 14.793340 135234.586124 9293.250102 9.310989 11.864876 14.793340 1.000000
11.870788 11.870788 11.870788 11.870788 11.870788 11.870788 11.870788 11.870788 11901.371870 3899.841763 167.502887 14.457046 14.800749 14.800749 23.063959 135302.932292 9297.946815 11.596533 4874.802088 35.997469 1.000000
11.864079 11.864079 11.864079 11.864079 11.864079 11.864079 11.864079 11.864079 70897.039987 14868.186985 54.872152 11.589984 18.460095 14.792342 14.792342 264112.055206 510.868970 7.495778 3897.606248 18.460095 1.000000
11.860890 11.860890 11.860890 11.860890 11.860890 11.860890 11.860890 11.860890 138433.019588 29031.508422 7432.066282 1948.272061 18.455090 23.044525 11.860890 1967251.529048 28.113123 9.307888 11.860890 11.860890 1.000000
11.863174 11.863174 11.863174 11.863174 11.863174 11.863174 11.863174 11.863174 1995.420322 11.863174 22.510853 14.447730 15011870.254228 14.791207 11.863174 135214.906574 5946.814649 14.447730 137.131498 14.791207 1.000000
11.865113 11.865113 11.865113 11.865113 11.865113 11.865113 11.865113 11.865113 56722.642498 11.865113 997.876282 18.031581 18.461716 14.793637 14.793637 135237.318238 4758.240335 11.590993 338093.295581 23.052816 1.000000
11.859646 11.859646 11.859646 11.859646 11.859646 11.859646 11.859646 11.859646 173022.873170 418.346028 209.176599 6.052874 23.042084 14.786786 14.786786 644560.430813 85.688447 14.443414 56696.135096 11.859646 1.000000
11.846770 11.846770 11.846770 11.846770 11.846770 11.846770 11.846770 11.846770 11.846770 36955211774.097633 9.296905 7.485073 11.846770 23.016803 23.016803 3070118.880019 167.159153 7.485073 11.846770 14.770650 1.000000
11.862785 11.862785 11.862785 11.862785 11.862785 11.862785 11.862785 11.862785 11.862785 70889.195151 28355.678090 11.588720 18.458064 35.972891 18.458064 2459463.019933 35.131094 7.494978 88611.493932 18.458064 1.000000
11.859433 11.859433 11.859433 11.859433 11.859433 11.859433 11.859433 11.859433 528014.303211 660017.879013 209.172796 7.492905 18.452805 18.452805 14.786520 412511.174384 68.554762 22.503682 11.859433 11.859433 1.000000
11.869353 11.869353 11.869353 11.869353 11.869353 11.869353 11.869353 11.869353 1277.744139 528462.265911 68.612899 22.522698 18.468369 18.468369 28.806936 135286.340080 14526.260224 7.499039 418.693331 18.468369 1.000000
11.867882 11.867882 11.867882 11.867882 11.867882 11.867882 11.867882 11.867882 88650.107967 29048.867410 85.748786 43.920176 14.797106 1022.067137 18.466060 1968427.819770 28.129890 11.593696 11.867882 18.466060 1.000000
11.860422 11.860422 11.860422 11.860422 11.860422 11.860422 11.860422 11.860422 1021.415538 18.454357 108146.472993 43.892204 11.860422 138427.485427 14.787759 135183.091238 7431.769169 6.053254 214.210827 14.787759 1.000000
11.863507 11.863507 11.863507 11.863507 11.863507 11.863507 11.863507 11.863507 660247.815961 334.788403 68.578635 107.140667 18.459196 87.773381 14.791624 169023.440892 11615.202500 6.054766 418.484160 11.863507 1.000000
11.864133 11.864133 11.864133 11.864133 11.864133 11.864133 11.864133 11.864133 1277.174198 267.846412 4757.841944 22.512692 18.460179 18.460179 11.864133 135225.995285 9292.659744 6.055074 418.506574 14868.255486 1.000000
11.860882 11.860882 11.860882 11.860882 11.860882 11.860882 11.860882 11.860882 23225.191689 4870.675916 3044.172648 35.125387 23.044510 11.860882 1995.029273 135188.408007 7432.061461 7.493801 11.860882 11.860882 1.000000
11.859044 11.859044 11.859044 11.859044 11.859044 11.859044 11.859044 11.859044 216267.457798 11.859044 43.887037 54.848547 11.859044 11.859044 14.786032 168958.951407 11610.770816 7.492664 14861.786602 522.904540 1.000000
11.854193 11.854193 11.854193 11.854193 11.854193 11.854193 11.854193 11.854193 6084.861877 816.697539 35.105325 6.050201 23.031377 11.854193 44.920616 2457656.073663 35.105325 6.050201 824652.536032 14.779952 1.000000
11.857855 11.857855 11.857855 11.857855 11.857855 11.857855 11.857855 11.857855 1611154.164774 70859.309546 3043.384499 7.491928 14.784541 11.857855 18.450328 805577.082388 43.882576 18.020462 11.857855 14.784541 1.000000
11.770193 11.770193 11.770193 11.770193 11.770193 11.770193 11.770193 11.770193 529088597.826475 11.770193 14403.161700 9.237344 44.598049 14.674686 14.674686 14543476.635848 6.009033 6.009033 35.688521 14.674686 1.000000
11.847990 11.847990 11.847990 11.847990 11.847990 11.847990 11.847990 11.847990 337598.410242 11.847990 996.415639 7.485828 18.434851 11.847990 14.772179 168799.205126 4751.275443 6.047161 270078.728195 11.847990 1.000000
11.856157 11.856157 11.856157 11.856157 11.856157 11.856157 11.856157 11.856157 4868.707973 1276.303313 1573164.325554 14.439145 14.782414 11.856157 3115.973292 135133.786597 9286.323211 6.051164 11.856157 14.782414 1.000000
11.853691 11.853691 11.853691 11.853691 11.853691 11.853691 11.853691 11.853691 15145824640.990335 11.853691 43.866963 14.436127 11.853691 11.853691 11.853691 168881.588076 35.103820 5941.992802 11.853691 14.779323 1.000000
11.837494 11.837494 11.837494 11.837494 11.837494 11.837494 11.837494 11.837494 11.837494 11.837494 509.707815 6.042016 14.759026 815.530591 14.759026 108985905.302703 6.042016 7.479337 11.837494 217971810.605405 1.000000
11.853397 11.853397 11.853397 11.853397 11.853397 11.853397 11.853397 11.853397 527741.675675 11.853397 261.328847 22.492108 14.778955 11.853397 11.853397 168877.336221 9284.129850 6.049811 138344.313835 18.443334 1.000000
11.865339 11.865339 11.865339 11.865339 11.865339 11.865339 11.865339 11.865339 1596.631959 418.549713 167.424902 14.450379 14.793920 36303.193478 11.865339 169049.917962 7434.894153 7.496557 653.981723 18.462071 1.000000
11.863773 11.863773 11.863773 11.863773 11.863773 11.863773 11.863773 11.863773 173083.947670 11.863773 3806.156524 35.134058 18.459615 14.791958 18.459615 169027.292647 5947.119326 9.310131 45372.918399 14.791958 1.000000
11.838593 11.838593 11.838593 11.838593 11.838593 11.838593 11.838593 11.838593 11.838593 823551.739952 133.636393 6.042555 11.838593 18.420106 11.838593 18286522.073266 6.042555 7.480017 823551.739952 14.760403 1.000000
11.865872 11.865872 11.865872 11.865872 11.865872 11.865872 11.865872 11.865872 654.011529 109.733783 510.947270 18.032745 14.794588 11.865872 338115.245487 108196.878564 11617.551459 7.496887 334.856107 18.462908 1.000000
11.843448 11.843448 11.843448 11.843448 11.843448 11.843448 11.843448 11.843448 172783.168713 45294.071000 407.975173 6.044934 14.766487 815.946670 11.843448 9366594.344082 6.044934 7.483019 11.843448 18.427724 1.000000
11.858408 11.858408 11.858408 11.858408 11.858408 11.858408 11.858408 11.858408 14860.977312 11.858408 85.679373 28.107170 270319.601350 18.451196 14.785234 135159.800681 18140.841418 6.052267 11.858408 267.715302 1.000000
11.846469 11.846469 11.846469 11.846469 11.846469 11.846469 11.846469 11.846469 11.846469 3929651.013857 43.839883 6.046415 11.846469 14.770274 11876.641516 3070039.854576 85.591904 6.046415 334.300728 11.846469 1.000000
11.844668 11.844668 11.844668 11.844668 11.844668 11.844668 11.844668 11.844668 7673915.856404 70779.380937 261.133655 7.483774 11.844668 14.768016 14.768016 9367573.066899 6.045532 9.295271 11.844668 14.768016 1.000000
11.863215 11.863215 11.863215 11.863215 11.863215 11.863215 11.863215 11.863215 4871.647793 1021.659527 326.933794 22.510932 18.458739 14.791259 11.863215 169019.228744 1558.927869 7.495244 270430.765984 14.791259 1.000000
11.861103 11.861103 11.861103 11.861103 11.861103 11.861103 11.861103 11.861103 2493.833411 522.996601 88216216479.012985 54.858197 11.861103 14.788611 14.788611 264044.840602 9290.252027 9.308054 11.861103 18.455424 1.000000
11.852243 11.852243 11.852243 11.852243 11.852243 11.852243 11.852243 11.852243 6202961297.536164 11.852243 209.044166 35.099479 18.441524 11.852243 11.852243 135088.534551 7426.570860 7.488458 11.852243 14.777509 1.000000
11.862673 11.862673 11.862673 11.862673 11.862673 11.862673 11.862673 11.862673 3897.137720 23228.749458 107.133033 68.573750 14.790580 14.790580 11.862673 1967551.607793 28.117400 9.309275 45368.651223 11.862673 1.000000
11.909567 11.909567 11.909567 11.909567 11.909567 11.909567 11.909567 11.909567 11.909567 268.886755 44.076484 7.523910 11.909567 11.909567 6233391311.554385 28746443.558882 6.077346 6.077346 11.909567 11.909567 1.000000
11.854050 11.854050 11.854050 11.854050 11.854050 11.854050 11.854050 11.854050 1595.091082 11.854050 28334.498430 35.104896 11.854050 337773.542348 11.854050 168886.771178 7427.718882 6.050131 267.615508 11.854050 1.000000
11.851058 11.851058 11.851058 11.851058 11.851058 11.851058 11.851058 11.851058 23205.678624 11.851058 2433.292173 43.857089 11.851058 11.851058 14.776023 135074.827018 9282.271540 6.048664 11.851058 1288173.933128 1.000000
11.854321 11.854321 11.854321 11.854321 11.854321 11.854321 11.854321 11.854321 4867.942939 1020.882564 54.826402 14.436898 11.854321 14.780113 11.854321 135112.552643 9284.864025 6.050264 11.854321 824661.576146 1.000000
11.904932 11.904932 11.904932 11.904932 11.904932 11.904932 11.904932 11.904932 11.904932 11.904932 35918870.647096 6.075074 11.904932 11.904932 219231388.226904 14712369.417051 6.075074 7.521043 11.904932 11.904932 1.000000
11.854058 11.854058 11.854058 11.854058 11.854058 11.854058 11.854058 11.854058 270219.026227 11.854058 54.825170 14.436576 14.779783 18.444371 14.779783 168886.891396 7427.724169 6.050135 659714.419493 11.854058 1.000000
11.906386 11.906386 11.906386 11.906386 11.906386 11.906386 11.906386 11.906386 11.906386 11.906386 517709.610615 6.075787 88.095077 11.906386 11.906386 14714192.122168 6.075787 6.075787 11.906386 274073185.812081 1.000000
11.903376 11.903376 11.903376 11.903376 11.903376 11.903376 11.903376 11.903376 11.903376 11.903376 7459.068606 6.074311 11.903376 11.903376 11.903376 171251813.508814 6.074311 6.074311 14.841585 3987266996.614922 1.000000
11.851663 11.851663 11.851663 11.851663 11.851663 11.851663 11.851663 11.851663 36260.752731 11.851663 266401937.243671 43.859360 11.851663 11.851663 14.776783 168852.287830 213121549.794937 9.300712 11.851663 11.851663 1.000000
11.853472 11.853472 11.853472 11.853472 11.853472 11.853472 11.853472 11.853472 29013.091617 11.853472 211098.024618 18.013747 11.853472 14.779049 45332.955620 135102.735760 108082.188611 7.489218 11.853472 11.853472 1.000000
11.848274 11.848274 11.848274 11.848274 11.848274 11.848274 11.848274 11.848274 172854.589917 11.848274 11.574554 6.047300 11.848274 11.848274 14.772535 135042.648376 28.082870 2432.712495 6141028.660216 11.848274 1.000000
11.851164 11.851164 11.851164 11.851164 11.851164 11.851164 11.851164 11.851164 172897.350167 11.851164 412219.405561 14.433035 11.851164 11.851164 11.851164 135076.054821 7425.884780 7.487791 29007.361929 11.851164 1.000000
11.859560 11.859560 11.859560 11.859560 11.859560 11.859560 11.859560 11.859560 23222.566364 11.859560 43.888972 11.585572 11.859560 14.786679 14.786679 135173.126602 85.687818 1558.440687 9604628.317178 11.859560 1.000000
11.838739 11.838739 11.838739 11.838739 11.838739 11.838739 11.838739 11.838739 11.838739 11.838739 167.044213 6.042626 14.760586 14.760586 15126445738.966070 4793762.005080 509.762175 6.042626 11.838739 11.838739 1.000000
11.909380 11.909380 11.909380 11.909380 11.909380 11.909380 11.909380 11.909380 11.909380 11.909380 29026027561.610523 14.504263 11.909380 2022818.889929 11.909380 109657231.750240 6.077254 6.077254 11.909380 11.909380 1.000000
11.858534 11.858534 11.858534 11.858534 11.858534 11.858534 11.858534 11.858534 11888.910348 11.858534 14654213.301783 14.442053 11.858534 29025.659859 14.785392 135161.261197 28.107473 7430.569050 11.858534 11.858534 1.000000
11.836745 11.836745 11.836745 11.836745 11.836745 11.836745 11.836745 11.836745 11.836745 2029890382.933078 411710.681974 6.041649 11.836745 11.836745 11.836745 2453986.894916 35.053000 6.041649 11.836745 14.758087 1.000000
11.846917 11.846917 11.846917 11.846917 11.846917 11.846917 11.846917 11.846917 426069934.525675 11.846917 263724.515746 18.003705 11.846917 11.846917 11.846917 168783.690081 7423.185327 7.485164 11.846917 11.846917 1.000000
11.855698 11.855698 11.855698 11.855698 11.855698 11.855698 11.855698 11.855698 9508.821085 11.855698 54.832858 7.490595 11.855698 14.781838 18752842.813438 168910.591819 28.100672 7428.766525 11.855698 14.781838 1.000000
11.852889 11.852889 11.852889 11.852889 11.852889 11.852889 11.852889 11.852889 270192.007525 11.852889 11717710.461731 14.435147 11.852889 14.778319 2492.081808 135096.003768 9283.726795 7.488858 11.852889 11.852889 1.000000
11.847029 11.847029 11.847029 11.847029 11.847029 11.847029 11.847029 11.847029 1609662.173710 14846.513149 210981.640437 9.297107 11.847029 11.847029 14.770975 3070186.946315 6.046690 35.083841 11.847029 11.847029 1.000000
11.852789 11.852789 11.852789 11.852789 11.852789 11.852789 11.852789 11.852789 7605.163435 11.852789 2457360.796885 644182.388740 11.852789 11.852789 11.852789 135094.838498 7426.917423 7.488795 1275.935458 11.852789 1.000000
11.850801 11.850801 11.850801 11.850801 11.850801 11.850801 11.850801 11.850801 7603.869717 11.850801 88138499480.811188 28.088928 11.850801 11.850801 11.850801 3838973.084185 326.586774 6.048538 816.460505 14.775702 1.000000
11.836948 11.836948 11.836948 11.836948 11.836948 11.836948 11.836948 11.836948 11.836948 11.836948 9271.061832 6.041748 11.836948 11.836948 9679440078.159794 2454029.604991 68.422976 6.041748 11.836948 14.758342 1.000000
11.854196 11.854196 11.854196 11.854196 11.854196 11.854196 11.854196 11.854196 7606.079140 1020.871623 412326.369238 135111.104679 70.167948 11.854196 11.854196 135111.104679 11605.955604 6.050202 11.854196 11.854196 1.000000
11.844562 11.844562 11.844562 11.844562 11.844562 11.844562 11.844562 11.844562 2539062744.079428 11.844562 3039.924027 54.780652 11.844562 11.844562 11.844562 134999.731307 9277.111002 6.045480 11.844562 11.844562 1.000000
11.836745 11.836745 11.836745 11.836745 11.836745 11.836745 11.836745 11.836745 526989.672926 11.836745 88032462523.336060 35.053000 11.836745 11.836745 14.758087 170279547.053949 6.041649 6.041649 11.836745 11.836745 1.000000
11.844246 11.844246 11.844246 11.844246 11.844246 11.844246 11.844246 11.844246 45297.165555 11.844246 519985958.913103 28.073209 11.844246 11.844246 11.844246 134996.073055 332791013.704386 6.045325 11.844246 11.844246 1.000000
11.846291 11.846291 11.846291 11.846291 11.846291 11.846291 11.846291 11.846291 270039.429499 11.846291 88104474791.163040 54.788755 14.770050 11.846291 11.846291 263710.380371 9278.484254 6.046328 11.846291 11.846291 1.000000
11.849575 11.849575 11.849575 11.849575 11.849575 11.849575 11.849575 11.849575 216092.300349 11.849575 88129253308.538864 54.804154 11.849575 11.849575 11.849575 329730.682901 9281.093737 7.486808 11.849575 14.774166 1.000000
11.857171 11.857171 11.857171 11.857171 11.857171 11.857171 11.857171 11.857171 3895.304233 11.857171 56439396355.895966 43.880013 11.857171 14.783684 18.449256 329945.080739 7429.702848 7.491506 653.525092 11.857171 1.000000
11.850805 11.850805 11.850805 11.850805 11.850805 11.850805 11.850805 11.850805 23205.176776 11.850805 412206.743993 28.088939 11.850805 23205.176776 11.850805 168839.882345 211049.852928 6.048540 11.850805 14.775707 1.000000
11.857111 11.857111 11.857111 11.857111 11.857111 11.857111 11.857111 11.857111 3895.284133 11.857111 408.452567 22.499229 14.783609 11.857111 216231.692344 168931.009646 9287.080577 6.051631 1021.126276 14.783609 1.000000
11.844005 11.844005 11.844005 11.844005 11.844005 11.844005 11.844005 11.844005 45296.231897 11.844005 14778585211.995485 6.045207 11.844005 11.844005 11.844005 168741.613168 22.474103 11708801.509069 11.844005 11.844005 1.000000
11.853423 11.853423 11.853423 11.853423 11.853423 11.853423 11.853423 11.853423 216163.480662 11.853423 36109632669.551315 35.103018 11.853423 28.767816 14.778988 211097.149085 9284.150908 7.489188 11.853423 11.853423 1.000000
11.844499 11.844499 11.844499 11.844499 11.844499 11.844499 11.844499 11.844499 272628308.860298 11.844499 263669.921395 43.832494 11.844499 11.844499 11.844499 168748.749696 9277.060731 6.045449 11.844499 11.844499 1.000000
11.845734 11.845734 11.845734 11.845734 11.845734 11.845734 11.845734 11.845734 36242.350443 11.845734 14780773193.652168 6.046055 11.845734 14.769352 11.845734 168766.595502 22.477417 11710535.006732 11.845734 11.845734 1.000000
11.850546 11.850546 11.850546 11.850546 11.850546 11.850546 11.850546 11.850546 29005.827545 11.850546 133.773245 22.486643 11.850546 11.850546 14.775382 135068.909788 14502.913824 6.048413 11.850546 4913778.312788 1.000000
11.778641 11.778641 11.778641 11.778641 11.778641 11.778641 11.778641 11.778641 1584.798105 265.888656 135545304.329466 27.915874 11.778641 11.778641 11.778641 167796.959373 55519356.653350 6.013172 11.778641 69.714474 1.000000
11.852980 11.852980 11.852980 11.852980 11.852980 11.852980 11.852980 11.852980 172924.224721 172924.224721 1946.954199 9.301736 14.778432 18.442680 18.442680 135097.050566 9283.798731 6.049606 11.852980 11.852980 1.000000
11.844005 11.844005 11.844005 11.844005 11.844005 11.844005 11.844005 11.844005 45296.231897 11.844005 14778585211.995485 6.045207 11.844005 11.844005 11.844005 168741.613168 22.474103 11708801.509069 11.844005 11.844005 1.000000
11.852673 11.852673 11.852673 11.852673 11.852673 11.852673 11.852673 11.852673 824545.274182 110668.593343 167.243629 35.100767 14.778047 11.852673 11.852673 168866.872158 9283.554582 6.049456 11.852673 14.778047 1.000000
11.849683 11.849683 11.849683 11.849683 11.849683 11.849683 11.849683 11.849683 216094.300376 11.849683 56403244149.004364 35.091802 14.774301 11.849683 23.022523 263786.987762 9281.179637 6.047991 11.849683 11.849683 1.000000
11.847291 11.847291 11.847291 11.847291 11.847291 11.847291 11.847291 11.847291 45308.980657 11.847291 14782744688.753664 7.485396 11.847291 11.847291 11.847291 135031.284800 22.480404 11712096.986075 11.847291 11.847291 1.000000
11.846227 11.846227 11.846227 11.846227 11.846227 11.846227 11.846227 11.846227 270037.966207 11.846227 88103997369.694550 43.838976 11.846227 11.846227 11.846227 329636.189216 9278.433976 6.046297 11.846227 14.769970 1.000000
11.847834 11.847834 11.847834 11.847834 11.847834 11.847834 11.847834 11.847834 270075.127289 11.847834 85.601906 14.428962 11.847834 11.847834 1287818.561960 135037.563650 9279.710821 6.047084 11.847834 11.847834 1.000000
11.851050 11.851050 11.851050 11.851050 11.851050 11.851050 11.851050 11.851050 824430.775354 138316.531959 209.022818 6.048660 14.776014 11.851050 11.851050 168843.422798 43.857060 5940.649981 11.851050 11.851050 1.000000
11.854681 11.854681 11.854681 11.854681 11.854681 11.854681 11.854681 11.854681 23212.875243 3894.474469 44706371.443621 18.015600 44.922491 11.854681 14.780564 135116.716856 9285.150188 6.050440 11.854681 11.854681 1.000000
11.850959 11.850959 11.850959 11.850959 11.850959 11.850959 11.850959 11.850959 527631.578845 88521.889678 1245.835644 35.095627 14.775900 11.850959 11.850959 135073.684191 9282.193006 6.048616 11.850959 11.850959 1.000000
11.853287 11.853287 11.853287 11.853287 11.853287 11.853287 11.853287 11.853287 9506.859714 1594.986998 28608664.996379 18.013464 11.853287 11.853287 11.853287 135100.600706 9284.042694 6.049757 418.118499 11.853287 1.000000
11.844562 11.844562 11.844562 11.844562 11.844562 11.844562 11.844562 11.844562 337499.329309 11.844562 88091435258.619629 54.780652 11.844562 11.844562 11.844562 263671.351024 9277.111031 6.045480 11.844562 11.844562 1.000000
11.844499 11.844499 11.844499 11.844499 11.844499 11.844499 11.844499 11.844499 337497.499425 11.844499 88090957636.630569 43.832494 11.844499 11.844499 11.844499 263669.921427 11596.325866 6.045449 11.844499 11.844499 1.000000
11.844400 11.844400 11.844400 11.844400 11.844400 11.844400 11.844400 11.844400 11990218.315818 11.844400 170391250.489644 35.075957 11.844400 11.844400 11.844400 168747.321066 9276.982191 6.045401 11.844400 11.844400 1.000000
11.901650 11.901650 11.901650 11.901650 11.901650 11.901650 11.901650 11.901650 11.901650 173644.438890 1993340400.006285 6.073465 11.901650 11.901650 11.901650 527632810593.246399 6.073465 6.073465 11.901650 11.901650 1.000000
11.844562 11.844562 11.844562 11.844562 11.844562 11.844562 11.844562 11.844562 337499.329309 11.844562 88091435258.619308 54.780652 11.844562 11.844562 11.844562 263671.351024 9277.111031 6.045480 11.844562 11.844562 1.000000
11.846227 11.846227 11.846227 11.846227 11.846227 11.846227 11.846227 11.846227 270037.966239 11.846227 88103997380.342163 43.838976 11.846227 11.846227 14.769970 263708.951406 11598.042423 6.046297 11.846227 11.846227 1.000000
11.844499 11.844499 11.844499 11.844499 11.844499 11.844499 11.844499 11.844499 337497.499425 11.844499 88090957636.630569 43.832494 11.844499 11.844499 11.844499 263669.921427 11596.325866 6.045449 11.844499 11.844499 1.000000
11.844499 11.844499 11.844499 11.844499 11.844499 11.844499 11.844499 11.844499 337497.499425 11.844499 88090957636.630569 43.832494 11.844499 11.844499 11.844499 263669.921427 11596.325866 6.045449 11.844499 11.844499 1.000000
11.848701 11.848701 11.848701 11.848701 11.848701 11.848701 11.848701 11.848701 422023.682405 11.848701 4844594282.985000 22.483106 11.848701 11.848701 70.134970 211011.841206 9280.399028 6.047509 11.848701 11.848701 1.000000
11.847881 11.847881 11.847881 11.847881 11.847881 11.847881 11.847881 11.847881 527492.565272 11.847881 263746.282639 14.429018 11.847881 11.847881 11878.076686 135038.096717 9279.747453 6.047107 11.847881 11.847881 1.000000
11.908211 11.908211 11.908211 11.908211 11.908211 11.908211 11.908211 11.908211 11.908211 11.908211 1011308.775144 7.523072 11.908211 11.908211 11.908211 11773183.652467 6.076681 7.523072 11.908211 1307085956.410932 1.000000
11.848701 11.848701 11.848701 11.848701 11.848701 11.848701 11.848701 11.848701 422023.682405 11.848701 4844594282.985000 22.483106 11.848701 11.848701 11.848701 211011.841206 9280.399028 6.047509 11.848701 70.134970 1.000000
11.844400 11.844400 11.844400 11.844400 11.844400 11.844400 11.844400 11.844400 11990218.315811 11.844400 212989063.111933 35.075957 11.844400 11.844400 11.844400 134997.856855 9276.982191 6.045401 11.844400 11.844400 1.000000
11.844246 11.844246 11.844246 11.844246 11.844246 11.844246 11.844246 11.844246 45297.165555 11.844246 519985958.913102 28.073209 11.844246 11.844246 11.844246 134996.073055 332791013.704386 6.045325 11.844246 11.844246 1.000000
11.846227 11.846227 11.846227 11.846227 11.846227 11.846227 11.846227 11.846227 270037.966239 11.846227 88103997380.341858 43.838976 14.769970 11.846227 11.846227 263708.951406 11598.042423 6.046297 11.846227 11.846227 1.000000
11.857921 11.857921 11.857921 11.857921 11.857921 11.857921 11.857921 11.857921 4869.442599 88574.641155 43.882826 18.020564 11.857921 214.165011 11.857921 135154.176558 9287.724399 6.052028 653.567025 11.857921 1.000000
11.846227 11.846227 11.846227 11.846227 11.846227 11.846227 11.846227 11.846227 270037.966239 11.846227 88103997380.342163 43.838976 11.846227 14.769970 11.846227 263708.951406 11598.042423 6.046297 11.846227 11.846227 1.000000
11.848463 11.848463 11.848463 11.848463 11.848463 11.848463 11.848463 11.848463 56641.909434 11.848463 69816543.649833 18.006074 11.848463 11.848463 11.848463 168806.044515 7424.168486 6.047393 6081.878878 11.848463 1.000000
11.853336 11.853336 11.853336 11.853336 11.853336 11.853336 11.853336 11.853336 824592.109157 88539.903545 85.642217 28.095009 35.943873 11.853336 11.853336 168876.463961 9284.081897 6.049781 11.853336 11.853336 1.000000
11.900375 11.900375 11.900375 11.900375 11.900375 11.900375 11.900375 11.900375 11.900375 11.900375 45318387191.830376 6.072839 11.900375 11.900375 11.900375 1313244066493535744.000000 6.072839 6.072839 23.122045 11.900375 1.000000
11.844499 11.844499 11.844499 11.844499 11.844499 11.844499 11.844499 11.844499 337497.499425 11.844499 88090957636.630569 43.832494 11.844499 11.844499 11.844499 263669.921427 11596.325866 6.045449 11.844499 11.844499 1.000000
11.846227 11.846227 11.846227 11.846227 11.846227 11.846227 11.846227 11.846227 216030.372993 11.846227 110129996725.394730 43.838976 14.769970 11.846227 11.846227 329636.189255 11598.042423 6.046297 11.846227 11.846227 1.000000
11.847340 11.847340 11.847340 11.847340 11.847340 11.847340 11.847340 11.847340 216050.957536 11.847340 88112392405.896317 43.843149 11.847340 11.847340 18.433831 329667.598775 9279.318076 6.046842 11.847340 11.847340 1.000000
11.846181 11.846181 11.846181 11.846181 11.846181 11.846181 11.846181 11.846181 12108873362.758928 11.846181 85.589793 43.838803 11.846181 14.769912 11.846181 168773.062196 9278.397324 6.046274 11.846181 11.846181 1.000000
11.843303 11.843303 11.843303 11.843303 11.843303 11.843303 11.843303 11.843303 6079.191739 11.843303 68.460219 7.482929 11.843303 340750472.681397 11.843303 1005717.882009 85.568702 6.044863 11.843303 11.843303 1.000000
11.849330 11.849330 11.849330 11.849330 11.849330 11.849330 11.849330 11.849330 6082.329901 11.849330 88127401838.875046 43.850609 11.849330 11.849330 11.849330 263779.004586 11601.123394 6.047817 653.086714 11.849330 1.000000
11.847881 11.847881 11.847881 11.847881 11.847881 11.847881 11.847881 11.847881 421994.052270 11.847881 263746.282671 14.429018 11.847881 11.847881 11.847881 168797.620913 11599.684269 6.047107 11.847881 11878.076688 1.000000
11.844499 11.844499 11.844499 11.844499 11.844499 11.844499 11.844499 11.844499 337497.499425 11.844499 88090957636.630569 43.832494 11.844499 11.844499 11.844499 263669.921427 11596.325866 6.045449 11.844499 11.844499 1.000000
11.848966 11.848966 11.848966 11.848966 11.848966 11.848966 11.848966 11.848966 36252.381484 11.848966 54.801298 28.084528 11.848966 7676740.377605 11.848966 168813.306178 9280.609761 6.047639 11.848966 11.848966 1.000000
11.844499 11.844499 11.844499 11.844499 11.844499 11.844499 11.844499 11.844499 337497.499425 11.844499 88090957636.630569 43.832494 11.844499 11.844499 11.844499 263669.921427 11596.325866 6.045449 11.844499 11.844499 1.000000
11.846227 11.846227 11.846227 11.846227 11.846227 11.846227 11.846227 11.846227 270037.966239 11.846227 88103997380.341858 43.838976 11.846227 14.769970 11.846227 263708.951406 11598.042423 6.046297 11.846227 11.846227 1.000000
11.851055 11.851055 11.851055 11.851055 11.851055 11.851055 11.851055 11.851055 4866.582712 522.547231 110175523475.336807 43.857080 11.851055 14.776020 11.851055 412215.572362 9282.269598 6.048663 11.851055 11.851055 1.000000
11.847824 11.847824 11.847824 11.847824 11.847824 11.847824 11.847824 11.847824 421992.018528 11.847824 3100307711.682178 14.428949 109.564519 11.847824 11.847824 210996.009268 9279.702732 6.047079 11.847824 11.847824 1.000000
11.847785 11.847785 11.847785 11.847785 11.847785 11.847785 11.847785 11.847785 270073.978796 11.847785 88115747025.059586 43.844816 11.847785 11.847785 11.847785 329680.149896 11599.589150 7.485701 11.847785 11.847785 1.000000
11.844499 11.844499 11.844499 11.844499 11.844499 11.844499 11.844499 11.844499 269997.999541 11.844499 110113697045.773224 43.832494 11.844499 11.844499 11.844499 329587.401782 11596.325866 6.045449 11.844499 11.844499 1.000000
11.844499 11.844499 11.844499 11.844499 11.844499 11.844499 11.844499 11.844499 337497.499425 11.844499 88090957636.630569 43.832494 11.844499 11.844499 11.844499 263669.921427 11596.325866 6.045449 11.844499 11.844499 1.000000
11.844499 11.844499 11.844499 11.844499 11.844499 11.844499 11.844499 11.844499 337497.499425 11.844499 88090957636.630569 43.832494 11.844499 11.844499 11.844499 263669.921427 11596.325866 6.045449 11.844499 11.844499 1.000000
11.844499 11.844499 11.844499 11.844499 11.844499 11.844499 11.844499 11.844499 337497.499425 11.844499 88090957636.630569 43.832494 11.844499 11.844499 11.844499 263669.921427 11596.325866 6.045449 11.844499 11.844499 1.000000
11.844499 11.844499 11.844499 11.844499 11.844499 11.844499 11.844499 11.844499 337497.499425 11.844499 88090957636.630569 43.832494 11.844499 11.844499 11.844499 263669.921427 11596.325866 6.045449 11.844499 11.844499 1.000000
11.844562 11.844562 11.844562 11.844562 11.844562 11.844562 11.844562 11.844562 269999.463481 11.844562 88091435269.272598 54.780652 11.844562 11.844562 11.844562 329589.188818 11596.388742 6.045480 11.844562 11.844562 1.000000
11.844499 11.844499 11.844499 11.844499 11.844499 11.844499 11.844499 11.844499 337497.499425 11.844499 88090957636.630569 43.832494 11.844499 11.844499 11.844499 263669.921427 11596.325866 6.045449 11.844499 11.844499 1.000000
11.847768 11.847768 11.847768 11.847768 11.847768 11.847768 11.847768 11.847768 421989.986158 11.847768 54.795682 14.428881 11.847768 11.847768 1030248.989638 135036.795577 9279.658039 6.047052 11.847768 11.847768 1.000000
11.844499 11.844499 11.844499 11.844499 11.844499 11.844499 11.844499 11.844499 337497.499425 11.844499 88090957636.630569 43.832494 11.844499 11.844499 11.844499 263669.921427 11596.325866 6.045449 11.844499 11.844499 1.000000
11.846227 11.846227 11.846227 11.846227 11.846227 11.846227 11.846227 11.846227 270037.966239 11.846227 88103997380.341537 43.838976 14.769970 11.846227 11.846227 263708.951406 11598.042423 6.046297 11.846227 11.846227 1.000000
11.900833 11.900833 11.900833 11.900833 11.900833 11.900833 11.900833 11.900833 11.900833 11.900833 36256126079.498688 6.073064 11.900833 11.900833 11.900833 1050636295735743872.000000 6.073064 6.073064 11.900833 28.884243 1.000000
11.844499 11.844499 11.844499 11.844499 11.844499 11.844499 11.844499 11.844499 337497.499425 11.844499 88090957636.630569 43.832494 11.844499 11.844499 11.844499 263669.921427 11596.325866 6.045449 11.844499 11.844499 1.000000
11.846227 11.846227 11.846227 11.846227 11.846227 11.846227 11.846227 11.846227 270037.966207 11.846227 88103997369.694244 43.838976 11.846227 14.769970 11.846227 329636.189216 9278.433976 6.046297 11.846227 11.846227 1.000000
11.844499 11.844499 11.844499 11.844499 11.844499 11.844499 11.844499 11.844499 337497.499425 11.844499 88090957636.630569 43.832494 11.844499 11.844499 11.844499 263669.921427 11596.325866 6.045449 11.844499 11.844499 1.000000
11.847785 11.847785 11.847785 11.847785 11.847785 11.847785 11.847785 11.847785 270073.978796 11.847785 88115747025.059586 43.844816 11.847785 11.847785 11.847785 329680.149896 11599.589150 7.485701 11.847785 11.847785 1.000000
11.849329 11.849329 11.849329 11.849329 11.849329 11.849329 11.849329 11.849329 6082.329437 522.470020 110159243882.385757 43.850606 11.849329 11.849329 11.849329 412154.663174 9280.898045 6.047817 11.849329 11.849329 1.000000
11.844499 11.844499 11.844499 11.844499 11.844499 11.844499 11.844499 11.844499 337497.499425 11.844499 88090957636.630569 43.832494 11.844499 11.844499 11.844499 263669.921427 11596.325866 6.045449 11.844499 11.844499 1.000000
11.844499 11.844499 11.844499 11.844499 11.844499 11.844499 11.844499 11.844499 337497.499425 11.844499 88090957636.630569 43.832494 11.844499 11.844499 11.844499 263669.921427 11596.325866 6.045449 11.844499 11.844499 1.000000
11.844499 11.844499 11.844499 11.844499 11.844499 11.844499 11.844499 11.844499 337497.499425 11.844499 88090957636.630569 43.832494 11.844499 11.844499 11.844499 263669.921427 11596.325866 6.045449 11.844499 11.844499 1.000000
11.844562 11.844562 11.844562 11.844562 11.844562 11.844562 11.844562 11.844562 269999.463481 11.844562 88091435269.272903 54.780652 11.844562 11.844562 11.844562 329589.188818 11596.388742 6.045480 11.844562 11.844562 1.000000
11.844499 11.844499 11.844499 11.844499 11.844499 11.844499 11.844499 11.844499 337497.499425 11.844499 88090957636.630569 43.832494 11.844499 11.844499 11.844499 263669.921427 11596.325866 6.045449 11.844499 11.844499 1.000000
11.844499 11.844499 11.844499 11.844499 11.844499 11.844499 11.844499 11.844499 337497.499425 11.844499 88090957636.630569 43.832494 11.844499 11.844499 11.844499 263669.921427 11596.325866 6.045449 11.844499 11.844499 1.000000
11.844499 11.844499 11.844499 11.844499 11.844499 11.844499 11.844499 11.844499 337497.499425 11.844499 88090957636.630569 43.832494 11.844499 11.844499 11.844499 263669.921427 11596.325866 6.045449 11.844499 11.844499 1.000000
11.844499 11.844499 11.844499 11.844499 11.844499 11.844499 11.844499 11.844499 337497.499425 11.844499 88090957636.630569 43.832494 11.844499 11.844499 11.844499 263669.921427 11596.325866 6.045449 11.844499 11.844499 1.000000
11.847881 11.847881 11.847881 11.847881 11.847881 11.847881 11.847881 11.847881 421994.052268 11.847881 18124.506591 14.429018 11.847881 11.847881 11.847881 168797.620912 7423.798012 6.047107 56639.082942 11.847881 1.000000
11.844499 11.844499 11.844499 11.844499 11.844499 11.844499 11.844499 11.844499 337497.499425 11.844499 88090957636.630569 43.832494 11.844499 11.844499 11.844499 263669.921427 11596.325866 6.045449 11.844499 11.844499 1.000000
11.855795 11.855795 11.855795 11.855795 11.855795 11.855795 11.855795 11.855795 23215.088756 11.855795 54.833316 11.581897 11.855795 11.855795 11.855795 135129.601194 28.100906 5943.062879 12001919.563699 11.855795 1.000000
11.849060 11.849060 11.849060 11.849060 11.849060 11.849060 11.849060 11.849060 36252.672058 11.849060 133.756229 28.084753 11.849060 4913153.221656 11.849060 168814.659264 9280.684147 6.047685 11.849060 11.849060 1.000000
11.844499 11.844499 11.844499 11.844499 11.844499 11.844499 11.844499 11.844499 337497.499425 11.844499 88090957636.630569 43.832494 11.844499 11.844499 11.844499 263669.921427 11596.325866 6.045449 11.844499 11.844499 1.000000
11.849330 11.849330 11.849330 11.849330 11.849330 11.849330 11.849330 11.849330 6082.329901 653.086714 88127401838.874725 43.850609 11.849330 11.849330 11.849330 263779.004586 11601.123394 6.047817 11.849330 11.849330 1.000000
11.844499 11.844499 11.844499 11.844499 11.844499 11.844499 11.844499 11.844499 337497.499425 11.844499 88090957636.630569 43.832494 11.844499 11.844499 11.844499 263669.921427 11596.325866 6.045449 11.844499 11.844499 1.000000
11.844499 11.844499 11.844499 11.844499 11.844499 11.844499 11.844499 11.844499 337497.499425 11.844499 88090957636.630569 43.832494 11.844499 11.844499 11.844499 263669.921427 11596.325866 6.045449 11.844499 11.844499 1.000000
11.844499 11.844499 11.844499 11.844499 11.844499 11.844499 11.844499 11.844499 337497.499425 11.844499 88090957636.630569 43.832494 11.844499 11.844499 11.844499 263669.921427 11596.325866 6.045449 11.844499 11.844499 1.000000
11.844499 11.844499 11.844499 11.844499 11.844499 11.844499 11.844499 11.844499 337497.499425 11.844499 88090957636.630569 43.832494 11.844499 11.844499 11.844499 263669.921427 11596.325866 6.045449 11.844499 11.844499 1.000000
11.844499 11.844499 11.844499 11.844499 11.844499 11.844499 11.844499 11.844499 337497.499425 11.844499 88090957636.630569 43.832494 11.844499 11.844499 11.844499 263669.921427 11596.325866 6.045449 11.844499 11.844499 1.000000
11.844499 11.844499 11.844499 11.844499 11.844499 11.844499 11.844499 11.844499 337497.499425 11.844499 88090957636.630569 43.832494 11.844499 11.844499 11.844499 263669.921427 11596.325866 6.045449 11.844499 11.844499 1.000000
11.844499 11.844499 11.844499 11.844499 11.844499 11.844499 11.844499 11.844499 337497.499425 11.844499 88090957636.630569 43.832494 11.844499 11.844499 11.844499 263669.921427 11596.325866 6.045449 11.844499 11.844499 1.000000
11.844499 11.844499 11.844499 11.844499 11.844499 11.844499 11.844499 11.844499 337497.499425 11.844499 88090957636.630569 43.832494 11.844499 11.844499 11.844499 263669.921427 11596.325866 6.045449 11.844499 11.844499 1.000000
11.844499 11.844499 11.844499 11.844499 11.844499 11.844499 11.844499 11.844499 337497.499425 11.844499 88090957636.630569 43.832494 11.844499 11.844499 11.844499 263669.921427 11596.325866 6.045449 11.844499 11.844499 1.000000
11.844499 11.844499 11.844499 11.844499 11.844499 11.844499 11.844499 11.844499 337497.499425 11.844499 88090957636.630569 43.832494 11.844499 11.844499 11.844499 263669.921427 11596.325866 6.045449 11.844499 11.844499 1.000000
11.844499 11.844499 11.844499 11.844499 11.844499 11.844499 11.844499 11.844499 337497.499425 11.844499 88090957636.630569 43.832494 11.844499 11.844499 11.844499 263669.921427 11596.325866 6.045449 11.844499 11.844499 1.000000
11.846227 11.846227 11.846227 11.846227 11.846227 11.846227 11.846227 11.846227 270037.966239 11.846227 88103997380.341858 43.838976 11.846227 14.769970 11.846227 263708.951406 11598.042423 6.046297 11.846227 11.846227 1.000000
11.844499 11.844499 11.844499 11.844499 11.844499 11.844499 11.844499 11.844499 337497.499425 11.844499 88090957636.630569 43.832494 11.844499 11.844499 11.844499 263669.921427 11596.325866 6.045449 11.844499 11.844499 1.000000
11.844499 11.844499 11.844499 11.844499 11.844499 11.844499 11.844499 11.844499 337497.499425 11.844499 88090957636.630569 43.832494 11.844499 11.844499 11.844499 263669.921427 11596.325866 6.045449 11.844499 11.844499 1.000000
11.844499 11.844499 11.844499 11.844499 11.844499 11.844499 11.844499 11.844499 337497.499425 11.844499 88090957636.630569 43.832494 11.844499 11.844499 11.844499 263669.921427 11596.325866 6.045449 11.844499 11.844499 1.000000
11.844499 11.844499 11.844499 11.844499 11.844499 11.844499 11.844499 11.844499 337497.499425 11.844499 88090957636.630569 43.832494 11.844499 11.844499 11.844499 263669.921427 11596.325866 6.045449 11.844499 11.844499 1.000000
11.844499 11.844499 11.844499 11.844499 11.844499 11.844499 11.844499 11.844499 337497.499425 11.844499 88090957636.630569 43.832494 11.844499 11.844499 11.844499 263669.921427 11596.325866 6.045449 11.844499 11.844499 1.000000
11.844499 11.844499 11.844499 11.844499 11.844499 11.844499 11.844499 11.844499 337497.499425 11.844499 88090957636.630569 43.832494 11.844499 11.844499 11.844499 263669.921427 11596.325866 6.045449 11.844499 11.844499 1.000000
11.844499 11.844499 11.844499 11.844499 11.844499 11.844499 11.844499 11.844499 337497.499425 11.844499 88090957636.630569 43.832494 11.844499 11.844499 11.844499 263669.921427 11596.325866 6.045449 11.844499 11.844499 1.000000
11.847834 11.847834 11.847834 11.847834 11.847834 11.847834 11.847834 11.847834 421992.386385 11.847834 85.601906 14.428962 11.847834 11.847834 824203.879656 135037.563650 9279.710821 6.047084 11.847834 11.847834 1.000000
11.844499 11.844499 11.844499 11.844499 11.844499 11.844499 11.844499 11.844499 337497.499425 11.844499 88090957636.630569 43.832494 11.844499 11.844499 11.844499 263669.921427 11596.325866 6.045449 11.844499 11.844499 1.000000
11.844499 11.844499 11.844499 11.844499 11.844499 11.844499 11.844499 11.844499 337497.499425 11.844499 88090957636.630569 43.832494 11.844499 11.844499 11.844499 263669.921427 11596.325866 6.045449 11.844499 11.844499 1.000000
11.844246 11.844246 11.844246 11.844246 11.844246 11.844246 11.844246 11.844246 45297.165555 11.844246 519985958.913103 28.073209 11.844246 11.844246 11.844246 134996.073055 332791013.704386 6.045325 11.844246 11.844246 1.000000
11.844499 11.844499 11.844499 11.844499 11.844499 11.844499 11.844499 11.844499 337497.499425 11.844499 88090957636.630569 43.832494 11.844499 11.844499 11.844499 263669.921427 11596.325866 6.045449 11.844499 11.844499 1.000000
11.844499 11.844499 11.844499 11.844499 11.844499 11.844499 11.844499 11.844499 337497.499425 11.844499 88090957636.630569 43.832494 11.844499 11.844499 11.844499 263669.921427 11596.325866 6.045449 11.844499 11.844499 1.000000
11.844499 11.844499 11.844499 11.844499 11.844499 11.844499 11.844499 11.844499 337497.499425 11.844499 88090957636.630569 43.832494 11.844499 11.844499 11.844499 263669.921427 11596.325866 6.045449 11.844499 11.844499 1.000000
11.844499 11.844499 11.844499 11.844499 11.844499 11.844499 11.844499 11.844499 337497.499425 11.844499 88090957636.630569 43.832494 11.844499 11.844499 11.844499 263669.921427 11596.325866 6.045449 11.844499 11.844499 1.000000
11.844499 11.844499 11.844499 11.844499 11.844499 11.844499 11.844499 11.844499 337497.499425 11.844499 88090957636.630569 43.832494 11.844499 11.844499 11.844499 263669.921427 11596.325866 6.045449 11.844499 11.844499 1.000000
11.846971 11.846971 11.846971 11.846971 11.846971 11.846971 11.846971 11.846971 527451.471927 421961.177542 261.185147 11.573282 11.846971 11.846971 11.846971 135027.576820 9279.024531 6.046661 11.846971 11.846971 1.000000
11.844499 11.844499 11.844499 11.844499 11.844499 11.844499 11.844499 11.844499 337497.499425 11.844499 88090957636.630569 43.832494 11.844499 11.844499 11.844499 263669.921427 11596.325866 6.045449 11.844499 11.844499 1.000000
11.844499 11.844499 11.844499 11.844499 11.844499 11.844499 11.844499 11.844499 337497.499425 11.844499 88090957636.630569 43.832494 11.844499 11.844499 11.844499 263669.921427 11596.325866 6.045449 11.844499 11.844499 1.000000
11.844499 11.844499 11.844499 11.844499 11.844499 11.844499 11.844499 11.844499 337497.499425 11.844499 88090957636.630569 43.832494 11.844499 11.844499 11.844499 263669.921427 11596.325866 6.045449 11.844499 11.844499 1.000000
11.844499 11.844499 11.844499 11.844499 11.844499 11.844499 11.844499 11.844499 337497.499425 11.844499 88090957636.630569 43.832494 11.844499 11.844499 11.844499 263669.921427 11596.325866 6.045449 11.844499 11.844499 1.000000
11.844499 11.844499 11.844499 11.844499 11.844499 11.844499 11.844499 11.844499 337497.499425 11.844499 88090957636.630569 43.832494 11.844499 11.844499 11.844499 263669.921427 11596.325866 6.045449 11.844499 11.844499 1.000000
11.844499 11.844499 11.844499 11.844499 11.844499 11.844499 11.844499 11.844499 337497.499425 11.844499 88090957636.630569 43.832494 11.844499 11.844499 11.844499 263669.921427 11596.325866 6.045449 11.844499 11.844499 1.000000
11.844499 11.844499 11.844499 11.844499 11.844499 11.844499 11.844499 11.844499 337497.499425 11.844499 88090957636.630569 43.832494 11.844499 11.844499 11.844499 263669.921427 11596.325866 6.045449 11.844499 11.844499 1.000000
11.844499 11.844499 11.844499 11.844499 11.844499 11.844499 11.844499 11.844499 337497.499425 11.844499 88090957636.630569 43.832494 11.844499 11.844499 11.844499 263669.921427 11596.325866 6.045449 11.844499 11.844499 1.000000
11.844499 11.844499 11.844499 11.844499 11.844499 11.844499 11.844499 11.844499 337497.499425 11.844499 88090957636.630569 43.832494 11.844499 11.844499 11.844499 263669.921427 11596.325866 6.045449 11.844499 11.844499 1.000000
11.844499 11.844499 11.844499 11.844499 11.844499 11.844499 11.844499 11.844499 337497.499425 11.844499 88090957636.630569 43.832494 11.844499 11.844499 11.844499 263669.921427 11596.325866 6.045449 11.844499 11.844499 1.000000
11.844499 11.844499 11.844499 11.844499 11.844499 11.844499 11.844499 11.844499 337497.499425 11.844499 88090957636.630569 43.832494 11.844499 11.844499 11.844499 263669.921427 11596.325866 6.045449 11.844499 11.844499 1.000000
11.844499 11.844499 11.844499 11.844499 11.844499 11.844499 11.844499 11.844499 337497.499425 11.844499 88090957636.630569 43.832494 11.844499 11.844499 11.844499 263669.921427 11596.325866 6.045449 11.844499 11.844499 1.000000
11.844499 11.844499 11.844499 11.844499 11.844499 11.844499 11.844499 11.844499 425981732.593473 11.844499 134998.999760 43.832494 11.844499 11.844499 11.844499 134998.999760 9277.060731 6.045449 11.844499 11.844499 1.000000
11.844499 11.844499 11.844499 11.844499 11.844499 11.844499 11.844499 11.844499 337497.499425 11.844499 88090957636.630569 43.832494 11.844499 11.844499 11.844499 263669.921427 11596.325866 6.045449 11.844499 11.844499 1.000000
11.844499 11.844499 11.844499 11.844499 11.844499 11.844499 11.844499 11.844499 337497.499425 11.844499 88090957636.630569 43.832494 11.844499 11.844499 11.844499 263669.921427 11596.325866 6.045449 11.844499 11.844499 1.000000
11.844499 11.844499 11.844499 11.844499 11.844499 11.844499 11.844499 11.844499 337497.499425 11.844499 88090957636.630569 43.832494 11.844499 11.844499 11.844499 263669.921427 11596.325866 6.045449 11.844499 11.844499 1.000000
11.844499 11.844499 11.844499 11.844499 11.844499 11.844499 11.844499 11.844499 337497.499425 11.844499 88090957636.630569 43.832494 11.844499 11.844499 11.844499 263669.921427 11596.325866 6.045449 11.844499 11.844499 1.000000
11.844499 11.844499 11.844499 11.844499 11.844499 11.844499 11.844499 11.844499 337497.499425 11.844499 88090957636.630569 43.832494 11.844499 11.844499 11.844499 263669.921427 11596.325866 6.045449 11.844499 11.844499 1.000000
11.849230 11.849230 11.849230 11.849230 11.849230 11.849230 11.849230 11.849230 7602.847466 522.465605 88126650300.099747 35.090443 11.849230 11.849230 11.849230 412151.179862 9280.819608 6.047768 11.849230 11.849230 1.000000
11.844499 11.844499 11.844499 11.844499 11.844499 11.844499 11.844499 11.844499 337497.499425 11.844499 88090957636.630569 43.832494 11.844499 11.844499 11.844499 263669.921427 11596.325866 6.045449 11.844499 11.844499 1.000000
11.844499 11.844499 11.844499 11.844499 11.844499 11.844499 11.844499 11.844499 337497.499384 11.844499 88090957625.978577 43.832494 11.844499 11.844499 11.844499 329587.401742 9277.060731 6.045449 11.844499 11.844499 1.000000
11.844499 11.844499 11.844499 11.844499 11.844499 11.844499 11.844499 11.844499 337497.499384 11.844499 88090957625.978577 43.832494 11.844499 11.844499 11.844499 329587.401742 9277.060731 6.045449 11.844499 11.844499 1.000000
11.844499 11.844499 11.844499 11.844499 11.844499 11.844499 11.844499 11.844499 337497.499384 11.844499 88090957625.978577 43.832494 11.844499 11.844499 11.844499 329587.401742 9277.060731 6.045449 11.844499 11.844499 1.000000
11.844499 11.844499 11.844499 11.844499 11.844499 11.844499 11.844499 11.844499 337497.499384 11.844499 88090957625.978577 43.832494 11.844499 11.844499 11.844499 329587.401742 9277.060731 6.045449 11.844499 11.844499 1.000000
11.844499 11.844499 11.844499 11.844499 11.844499 11.844499 11.844499 11.844499 337497.499384 11.844499 88090957625.978577 43.832494 11.844499 11.844499 11.844499 329587.401742 9277.060731 6.045449 11.844499 11.844499 1.000000
11.844499 11.844499 11.844499 11.844499 11.844499 11.844499 11.844499 11.844499 337497.499384 11.844499 88090957625.978577 43.832494 11.844499 11.844499 11.844499 329587.401742 9277.060731 6.045449 11.844499 11.844499 1.000000
11.844499 11.844499 11.844499 11.844499 11.844499 11.844499 11.844499 11.844499 337497.499384 11.844499 88090957625.978577 43.832494 11.844499 11.844499 11.844499 329587.401742 9277.060731 6.045449 11.844499 11.844499 1.000000
11.844499 11.844499 11.844499 11.844499 11.844499 11.844499 11.844499 11.844499 337497.499384 11.844499 88090957625.978577 43.832494 11.844499 11.844499 11.844499 329587.401742 9277.060731 6.045449 11.844499 11.844499 1.000000
11.844499 11.844499 11.844499 11.844499 11.844499 11.844499 11.844499 11.844499 337497.499384 11.844499 88090957625.978577 43.832494 11.844499 11.844499 11.844499 329587.401742 9277.060731 6.045449 11.844499 11.844499 1.000000
11.844499 11.844499 11.844499 11.844499 11.844499 11.844499 11.844499 11.844499 337497.499384 11.844499 88090957625.978577 43.832494 11.844499 11.844499 11.844499 329587.401742 9277.060731 6.045449 11.844499 11.844499 1.000000
11.844499 11.844499 11.844499 11.844499 11.844499 11.844499 11.844499 11.844499 337497.499384 11.844499 88090957625.978577 43.832494 11.844499 11.844499 11.844499 329587.401742 9277.060731 6.045449 11.844499 11.844499 1.000000
11.844499 11.844499 11.844499 11.844499 11.844499 11.844499 11.844499 11.844499 337497.499384 11.844499 88090957625.978577 43.832494 11.844499 11.844499 11.844499 329587.401742 9277.060731 6.045449 11.844499 11.844499 1.000000
11.844499 11.844499 11.844499 11.844499 11.844499 11.844499 11.844499 11.844499 337497.499384 11.844499 88090957625.978577 43.832494 11.844499 11.844499 11.844499 329587.401742 9277.060731 6.045449 11.844499 11.844499 1.000000
11.844499 11.844499 11.844499 11.844499 11.844499 11.844499 11.844499 11.844499 337497.499384 11.844499 88090957625.978577 43.832494 11.844499 11.844499 11.844499 329587.401742 9277.060731 6.045449 11.844499 11.844499 1.000000
11.844499 11.844499 11.844499 11.844499 11.844499 11.844499 11.844499 11.844499 337497.499384 11.844499 88090957625.978577 43.832494 11.844499 11.844499 11.844499 329587.401742 9277.060731 6.045449 11.844499 11.844499 1.000000
11.844499 11.844499 11.844499 11.844499 11.844499 11.844499 11.844499 11.844499 337497.499384 11.844499 88090957625.978577 43.832494 11.844499 11.844499 11.844499 329587.401742 9277.060731 6.045449 11.844499 11.844499 1.000000
11.844499 11.844499 11.844499 11.844499 11.844499 11.844499 11.844499 11.844499 337497.499384 11.844499 88090957625.978577 43.832494 11.844499 11.844499 11.844499 329587.401742 9277.060731 6.045449 11.844499 11.844499 1.000000
11.844499 11.844499 11.844499 11.844499 11.844499 11.844499 11.844499 11.844499 337497.499384 11.844499 88090957625.978577 43.832494 11.844499 11.844499 11.844499 329587.401742 9277.060731 6.045449 11.844499 11.844499 1.000000
11.844499 11.844499 11.844499 11.844499 11.844499 11.844499 11.844499 11.844499 337497.499384 11.844499 88090957625.978577 43.832494 11.844499 11.844499 11.844499 329587.401742 9277.060731 6.045449 11.844499 11.844499 1.000000
11.844499 11.844499 11.844499 11.844499 11.844499 11.844499 11.844499 11.844499 337497.499384 11.844499 88090957625.978577 43.832494 11.844499 11.844499 11.844499 329587.401742 9277.060731 6.045449 11.844499 11.844499 1.000000
11.844499 11.844499 11.844499 11.844499 11.844499 11.844499 11.844499 11.844499 337497.499384 11.844499 88090957625.978577 43.832494 11.844499 11.844499 11.844499 329587.401742 9277.060731 6.045449 11.844499 11.844499 1.000000
11.844499 11.844499 11.844499 11.844499 11.844499 11.844499 11.844499 11.844499 337497.499384 11.844499 88090957625.978577 43.832494 11.844499 11.844499 11.844499 329587.401742 9277.060731 6.045449 11.844499 11.844499 1.000000
11.844499 11.844499 11.844499 11.844499 11.844499 11.844499 11.844499 11.844499 337497.499384 11.844499 88090957625.978577 43.832494 11.844499 11.844499 11.844499 329587.401742 9277.060731 6.045449 11.844499 11.844499 1.000000
11.844499 11.844499 11.844499 11.844499 11.844499 11.844499 11.844499 11.844499 337497.499384 11.844499 88090957625.978577 43.832494 11.844499 11.844499 11.844499 329587.401742 9277.060731 6.045449 11.844499 11.844499 1.000000
11.844499 11.844499 11.844499 11.844499 11.844499 11.844499 11.844499 11.844499 337497.499384 11.844499 88090957625.978577 43.832494 11.844499 11.844499 11.844499 329587.401742 9277.060731 6.045449 11.844499 11.844499 1.000000
11.844499 11.844499 11.844499 11.844499 11.844499 11.844499 11.844499 11.844499 337497.499384 11.844499 88090957625.978577 43.832494 11.844499 11.844499 11.844499 329587.401742 9277.060731 6.045449 11.844499 11.844499 1.000000
11.844499 11.844499 11.844499 11.844499 11.844499 11.844499 11.844499 11.844499 337497.499384 11.844499 88090957625.978577 43.832494 11.844499 11.844499 11.844499 329587.401742 9277.060731 6.045449 11.844499 11.844499 1.000000
11.844499 11.844499 11.844499 11.844499 11.844499 11.844499 11.844499 11.844499 337497.499384 11.844499 88090957625.978577 43.832494 11.844499 11.844499 11.844499 329587.401742 9277.060731 6.045449 11.844499 11.844499 1.000000
11.844499 11.844499 11.844499 11.844499 11.844499 11.844499 11.844499 11.844499 337497.499384 11.844499 88090957625.978577 43.832494 11.844499 11.844499 11.844499 329587.401742 9277.060731 6.045449 11.844499 11.844499 1.000000
11.844499 11.844499 11.844499 11.844499 11.844499 11.844499 11.844499 11.844499 337497.499384 11.844499 88090957625.978577 43.832494 11.844499 11.844499 11.844499 329587.401742 9277.060731 6.045449 11.844499 11.844499 1.000000
11.844499 11.844499 11.844499 11.844499 11.844499 11.844499 11.844499 11.844499 337497.499384 11.844499 88090957625.978577 43.832494 11.844499 11.844499 11.844499 329587.401742 9277.060731 6.045449 11.844499 11.844499 1.000000
11.844499 11.844499 11.844499 11.844499 11.844499 11.844499 11.844499 11.844499 337497.499384 11.844499 88090957625.978577 43.832494 11.844499 11.844499 11.844499 329587.401742 9277.060731 6.045449 11.844499 11.844499 1.000000
11.844499 11.844499 11.844499 11.844499 11.844499 11.844499 11.844499 11.844499 337497.499384 11.844499 88090957625.978577 43.832494 11.844499 11.844499 11.844499 329587.401742 9277.060731 6.045449 11.844499 11.844499 1.000000
11.844499 11.844499 11.844499 11.844499 11.844499 11.844499 11.844499 11.844499 337497.499384 11.844499 88090957625.978577 43.832494 11.844499 11.844499 11.844499 329587.401742 9277.060731 6.045449 11.844499 11.844499 1.000000
11.844499 11.844499 11.844499 11.844499 11.844499 11.844499 11.844499 11.844499 337497.499384 11.844499 88090957625.978577 43.832494 11.844499 11.844499 11.844499 329587.401742 9277.060731 6.045449 11.844499 11.844499 1.000000
11.844499 11.844499 11.844499 11.844499 11.844499 11.844499 11.844499 11.844499 337497.499384 11.844499 88090957625.978577 43.832494 11.844499 11.844499 11.844499 329587.401742 9277.060731 6.045449 11.844499 11.844499 1.000000
11.844499 11.844499 11.844499 11.844499 11.844499 11.844499 11.844499 11.844499 337497.499384 11.844499 88090957625.978577 43.832494 11.844499 11.844499 11.844499 329587.401742 9277.060731 6.045449 11.844499 11.844499 1.000000
11.844499 11.844499 11.844499 11.844499 11.844499 11.844499 11.844499 11.844499 337497.499384 11.844499 88090957625.978577 43.832494 11.844499 11.844499 11.844499 329587.401742 9277.060731 6.045449 11.844499 11.844499 1.000000
11.844499 11.844499 11.844499 11.844499 11.844499 11.844499 11.844499 11.844499 337497.499384 11.844499 88090957625.978577 43.832494 11.844499 11.844499 11.844499 329587.401742 9277.060731 6.045449 11.844499 11.844499 1.000000
11.844499 11.844499 11.844499 11.844499 11.844499 11.844499 11.844499 11.844499 337497.499384 11.844499 88090957625.978577 43.832494 11.844499 11.844499 11.844499 329587.401742 9277.060731 6.045449 11.844499 11.844499 1.000000
11.844499 11.844499 11.844499 11.844499 11.844499 11.844499 11.844499 11.844499 337497.499384 11.844499 88090957625.978577 43.832494 11.844499 11.844499 11.844499 329587.401742 9277.060731 6.045449 11.844499 11.844499 1.000000
11.844499 11.844499 11.844499 11.844499 11.844499 11.844499 11.844499 11.844499 337497.499384 11.844499 88090957625.978577 43.832494 11.844499 11.844499 11.844499 329587.401742 9277.060731 6.045449 11.844499 11.844499 1.000000
11.844499 11.844499 11.844499 11.844499 11.844499 11.844499 11.844499 11.844499 337497.499384 11.844499 88090957625.978577 43.832494 11.844499 11.844499 11.844499 329587.401742 9277.060731 6.045449 11.844499 11.844499 1.000000
11.844499 11.844499 11.844499 11.844499 11.844499 11.844499 11.844499 11.844499 337497.499384 11.844499 88090957625.978577 43.832494 11.844499 11.844499 11.844499 329587.401742 9277.060731 6.045449 11.844499 11.844499 1.000000
11.844499 11.844499 11.844499 11.844499 11.844499 11.844499 11.844499 11.844499 337497.499384 11.844499 88090957625.978577 43.832494 11.844499 11.844499 11.844499 329587.401742 9277.060731 6.045449 11.844499 11.844499 1.000000
11.844499 11.844499 11.844499 11.844499 11.844499 11.844499 11.844499 11.844499 337497.499384 11.844499 88090957625.978577 43.832494 11.844499 11.844499 11.844499 329587.401742 9277.060731 6.045449 11.844499 11.844499 1.000000
11.844499 11.844499 11.844499 11.844499 11.844499 11.844499 11.844499 11.844499 337497.499384 11.844499 88090957625.978577 43.832494 11.844499 11.844499 11.844499 329587.401742 9277.060731 6.045449 11.844499 11.844499 1.000000
11.844499 11.844499 11.844499 11.844499 11.844499 11.844499 11.844499 11.844499 337497.499384 11.844499 88090957625.978577 43.832494 11.844499 11.844499 11.844499 329587.401742 9277.060731 6.045449 11.844499 11.844499 1.000000
11.844499 11.844499 11.844499 11.844499 11.844499 11.844499 11.844499 11.844499 337497.499384 11.844499 88090957625.978577 43.832494 11.844499 11.844499 11.844499 329587.401742 9277.060731 6.045449 11.844499 11.844499 1.000000
11.844499 11.844499 11.844499 11.844499 11.844499 11.844499 11.844499 11.844499 337497.499384 11.844499 88090957625.978577 43.832494 11.844499 11.844499 11.844499 329587.401742 9277.060731 6.045449 11.844499 11.844499 1.000000
11.844499 11.844499 11.844499 11.844499 11.844499 11.844499 11.844499 11.844499 337497.499384 11.844499 88090957625.978577 43.832494 11.844499 11.844499 11.844499 329587.401742 9277.060731 6.045449 11.844499 11.844499 1.000000
11.844499 11.844499 11.844499 11.844499 11.844499 11.844499 11.844499 11.844499 337497.499384 11.844499 88090957625.978577 43.832494 11.844499 11.844499 11.844499 329587.401742 9277.060731 6.045449 11.844499 11.844499 1.000000
11.844499 11.844499 11.844499 11.844499 11.844499 11.844499 11.844499 11.844499 337497.499384 11.844499 88090957625.978577 43.832494 11.844499 11.844499 11.844499 329587.401742 9277.060731 6.045449 11.844499 11.844499 1.000000
11.844499 11.844499 11.844499 11.844499 11.844499 11.844499 11.844499 11.844499 337497.499384 11.844499 88090957625.978577 43.832494 11.844499 11.844499 11.844499 329587.401742 9277.060731 6.045449 11.844499 11.844499 1.000000
11.844499 11.844499 11.844499 11.844499 11.844499 11.844499 11.844499 11.844499 337497.499384 11.844499 88090957625.978577 43.832494 11.844499 11.844499 11.844499 329587.401742 9277.060731 6.045449 11.844499 11.844499 1.000000
11.844499 11.844499 11.844499 11.844499 11.844499 11.844499 11.844499 11.844499 337497.499384 11.844499 88090957625.978577 43.832494 11.844499 11.844499 11.844499 329587.401742 9277.060731 6.045449 11.844499 11.844499 1.000000
11.844499 11.844499 11.844499 11.844499 11.844499 11.844499 11.844499 11.844499 337497.499384 11.844499 88090957625.978577 43.832494 11.844499 11.844499 11.844499 329587.401742 9277.060731 6.045449 11.844499 11.844499 1.000000
11.844499 11.844499 11.844499 11.844499 11.844499 11.844499 11.844499 11.844499 337497.499384 11.844499 88090957625.978577 43.832494 11.844499 11.844499 11.844499 329587.401742 9277.060731 6.045449 11.844499 11.844499 1.000000
11.844499 11.844499 11.844499 11.844499 11.844499 11.844499 11.844499 11.844499 337497.499384 11.844499 88090957625.978577 43.832494 11.844499 11.844499 11.844499 329587.401742 9277.060731 6.045449 11.844499 11.844499 1.000000
11.844499 11.844499 11.844499 11.844499 11.844499 11.844499 11.844499 11.844499 337497.499384 11.844499 88090957625.978577 43.832494 11.844499 11.844499 11.844499 329587.401742 9277.060731 6.045449 11.844499 11.844499 1.000000
11.840019 11.840019 11.840019 11.840019 11.840019 11.840019 11.840019 11.840019 45280.767990 14982149.353799 54.759351 6.043254 11.840019 11.840019 11.840019 134947.204501 9273.501388 6.043254 11.840019 11.840019 1.000000
11.844499 11.844499 11.844499 11.844499 11.844499 11.844499 11.844499 11.844499 337497.499384 11.844499 88090957625.978577 43.832494 11.844499 11.844499 11.844499 329587.401742 9277.060731 6.045449 11.844499 11.844499 1.000000
11.844499 11.844499 11.844499 11.844499 11.844499 11.844499 11.844499 11.844499 337497.499384 11.844499 88090957625.978577 43.832494 11.844499 11.844499 11.844499 329587.401742 9277.060731 6.045449 11.844499 11.844499 1.000000
11.844499 11.844499 11.844499 11.844499 11.844499 11.844499 11.844499 11.844499 337497.499384 11.844499 88090957625.978577 43.832494 11.844499 11.844499 11.844499 329587.401742 9277.060731 6.045449 11.844499 11.844499 1.000000
11.844499 11.844499 11.844499 11.844499 11.844499 11.844499 11.844499 11.844499 337497.499384 11.844499 88090957625.978577 43.832494 11.844499 11.844499 11.844499 329587.401742 9277.060731 6.045449 11.844499 11.844499 1.000000
11.844499 11.844499 11.844499 11.844499 11.844499 11.844499 11.844499 11.844499 337497.499384 11.844499 88090957625.978577 43.832494 11.844499 11.844499 11.844499 329587.401742 9277.060731 6.045449 11.844499 11.844499 1.000000
11.844499 11.844499 11.844499 11.844499 11.844499 11.844499 11.844499 11.844499 337497.499384 11.844499 88090957625.978577 43.832494 11.844499 11.844499 11.844499 329587.401742 9277.060731 6.045449 11.844499 11.844499 1.000000
11.844499 11.844499 11.844499 11.844499 11.844499 11.844499 11.844499 11.844499 337497.499384 11.844499 88090957625.978577 43.832494 11.844499 11.844499 11.844499 329587.401742 9277.060731 6.045449 11.844499 11.844499 1.000000
11.844499 11.844499 11.844499 11.844499 11.844499 11.844499 11.844499 11.844499 337497.499384 11.844499 88090957625.978577 43.832494 11.844499 11.844499 11.844499 329587.401742 9277.060731 6.045449 11.844499 11.844499 1.000000
11.844499 11.844499 11.844499 11.844499 11.844499 11.844499 11.844499 11.844499 337497.499384 11.844499 88090957625.978577 43.832494 11.844499 11.844499 11.844499 329587.401742 9277.060731 6.045449 11.844499 11.844499 1.000000
11.844499 11.844499 11.844499 11.844499 11.844499 11.844499 11.844499 11.844499 337497.499384 11.844499 88090957625.978577 43.832494 11.844499 11.844499 11.844499 329587.401742 9277.060731 6.045449 11.844499 11.844499 1.000000
11.844499 11.844499 11.844499 11.844499 11.844499 11.844499 11.844499 11.844499 337497.499384 11.844499 88090957625.978577 43.832494 11.844499 11.844499 11.844499 329587.401742 9277.060731 6.045449 11.844499 11.844499 1.000000
11.844499 11.844499 11.844499 11.844499 11.844499 11.844499 11.844499 11.844499 337497.499384 11.844499 88090957625.978577 43.832494 11.844499 11.844499 11.844499 329587.401742 9277.060731 6.045449 11.844499 11.844499 1.000000
11.844499 11.844499 11.844499 11.844499 11.844499 11.844499 11.844499 11.844499 337497.499384 11.844499 88090957625.978577 43.832494 11.844499 11.844499 11.844499 329587.401742 9277.060731 6.045449 11.844499 11.844499 1.000000
11.848623 11.848623 11.848623 11.848623 11.848623 11.848623 11.848623 11.848623 422020.891731 11.848623 7569628511.900778 22.482957 11.848623 11.848623 11.848623 211010.445869 9280.337660 6.047471 11.848623 56.114019 1.000000
11.844499 11.844499 11.844499 11.844499 11.844499 11.844499 11.844499 11.844499 337497.499384 11.844499 88090957625.978577 43.832494 11.844499 11.844499 11.844499 329587.401742 9277.060731 6.045449 11.844499 11.844499 1.000000
11.844499 11.844499 11.844499 11.844499 11.844499 11.844499 11.844499 11.844499 337497.499384 11.844499 88090957625.978577 43.832494 11.844499 11.844499 11.844499 329587.401742 9277.060731 6.045449 11.844499 11.844499 1.000000
11.844499 11.844499 11.844499 11.844499 11.844499 11.844499 11.844499 11.844499 337497.499384 11.844499 88090957625.978577 43.832494 11.844499 11.844499 11.844499 329587.401742 9277.060731 6.045449 11.844499 11.844499 1.000000
11.844499 11.844499 11.844499 11.844499 11.844499 11.844499 11.844499 11.844499 337497.499384 11.844499 88090957625.978577 43.832494 11.844499 11.844499 11.844499 329587.401742 9277.060731 6.045449 11.844499 11.844499 1.000000
11.844499 11.844499 11.844499 11.844499 11.844499 11.844499 11.844499 11.844499 337497.499384 11.844499 88090957625.978577 43.832494 11.844499 11.844499 11.844499 329587.401742 9277.060731 6.045449 11.844499 11.844499 1.000000
11.844499 11.844499 11.844499 11.844499 11.844499 11.844499 11.844499 11.844499 337497.499384 11.844499 88090957625.978577 43.832494 11.844499 11.844499 11.844499 329587.401742 9277.060731 6.045449 11.844499 11.844499 1.000000
11.844499 11.844499 11.844499 11.844499 11.844499 11.844499 11.844499 11.844499 337497.499384 11.844499 88090957625.978577 43.832494 11.844499 11.844499 11.844499 329587.401742 9277.060731 6.045449 11.844499 11.844499 1.000000
11.844499 11.844499 11.844499 11.844499 11.844499 11.844499 11.844499 11.844499 337497.499384 11.844499 88090957625.978577 43.832494 11.844499 11.844499 11.844499 329587.401742 9277.060731 6.045449 11.844499 11.844499 1.000000
11.844499 11.844499 11.844499 11.844499 11.844499 11.844499 11.844499 11.844499 337497.499384 11.844499 88090957625.978577 43.832494 11.844499 11.844499 11.844499 329587.401742 9277.060731 6.045449 11.844499 11.844499 1.000000
11.844499 11.844499 11.844499 11.844499 11.844499 11.844499 11.844499 11.844499 337497.499384 11.844499 88090957625.978577 43.832494 11.844499 11.844499 11.844499 329587.401742 9277.060731 6.045449 11.844499 11.844499 1.000000
11.844499 11.844499 11.844499 11.844499 11.844499 11.844499 11.844499 11.844499 337497.499384 11.844499 88090957625.978577 43.832494 11.844499 11.844499 11.844499 329587.401742 9277.060731 6.045449 11.844499 11.844499 1.000000
11.844499 11.844499 11.844499 11.844499 11.844499 11.844499 11.844499 11.844499 337497.499384 11.844499 88090957625.978577 43.832494 11.844499 11.844499 11.844499 329587.401742 9277.060731 6.045449 11.844499 11.844499 1.000000
11.844499 11.844499 11.844499 11.844499 11.844499 11.844499 11.844499 11.844499 337497.499384 11.844499 88090957625.978577 43.832494 11.844499 11.844499 11.844499 329587.401742 9277.060731 6.045449 11.844499 11.844499 1.000000
11.844499 11.844499 11.844499 11.844499 11.844499 11.844499 11.844499 11.844499 337497.499384 11.844499 88090957625.978577 43.832494 11.844499 11.844499 11.844499 329587.401742 9277.060731 6.045449 11.844499 11.844499 1.000000
11.844499 11.844499 11.844499 11.844499 11.844499 11.844499 11.844499 11.844499 337497.499384 11.844499 88090957625.978577 43.832494 11.844499 11.844499 11.844499 329587.401742 9277.060731 6.045449 11.844499 11.844499 1.000000
11.844499 11.844499 11.844499 11.844499 11.844499 11.844499 11.844499 11.844499 337497.499384 11.844499 88090957625.978577 43.832494 11.844499 11.844499 11.844499 329587.401742 9277.060731 6.045449 11.844499 11.844499 1.000000
11.844499 11.844499 11.844499 11.844499 11.844499 11.844499 11.844499 11.844499 337497.499384 11.844499 88090957625.978577 43.832494 11.844499 11.844499 11.844499 329587.401742 9277.060731 6.045449 11.844499 11.844499 1.000000
11.844499 11.844499 11.844499 11.844499 11.844499 11.844499 11.844499 11.844499 337497.499384 11.844499 88090957625.978577 43.832494 11.844499 11.844499 11.844499 329587.401742 9277.060731 6.045449 11.844499 11.844499 1.000000
11.844499 11.844499 11.844499 11.844499 11.844499 11.844499 11.844499 11.844499 337497.499384 11.844499 88090957625.978577 43.832494 11.844499 11.844499 11.844499 329587.401742 9277.060731 6.045449 11.844499 11.844499 1.000000
11.844499 11.844499 11.844499 11.844499 11.844499 11.844499 11.844499 11.844499 337497.499384 11.844499 88090957625.978577 43.832494 11.844499 11.844499 11.844499 329587.401742 9277.060731 6.045449 11.844499 11.844499 1.000000
11.844499 11.844499 11.844499 11.844499 11.844499 11.844499 11.844499 11.844499 337497.499384 11.844499 88090957625.978577 43.832494 11.844499 11.844499 11.844499 329587.401742 9277.060731 6.045449 11.844499 11.844499 1.000000
11.844400 11.844400 11.844400 11.844400 11.844400 11.844400 11.844400 11.844400 337494.642123 11.844400 88090211846.092056 35.075957 11.844400 11.844400 11.844400 411980.764309 9276.982191 6.045401 11.844400 11.844400 1.000000
11.844400 11.844400 11.844400 11.844400 11.844400 11.844400 11.844400 11.844400 337494.642123 11.844400 88090211846.092056 35.075957 11.844400 11.844400 11.844400 411980.764309 9276.982191 6.045401 11.844400 11.844400 1.000000
11.844400 11.844400 11.844400 11.844400 11.844400 11.844400 11.844400 11.844400 337494.642123 11.844400 88090211846.092056 35.075957 11.844400 11.844400 11.844400 411980.764309 9276.982191 6.045401 11.844400 11.844400 1.000000
11.844400 11.844400 11.844400 11.844400 11.844400 11.844400 11.844400 11.844400 337494.642123 11.844400 88090211846.092056 35.075957 11.844400 11.844400 11.844400 411980.764309 9276.982191 6.045401 11.844400 11.844400 1.000000
11.844400 11.844400 11.844400 11.844400 11.844400 11.844400 11.844400 11.844400 337494.642123 11.844400 88090211846.092056 35.075957 11.844400 11.844400 11.844400 411980.764309 9276.982191 6.045401 11.844400 11.844400 1.000000
11.844400 11.844400 11.844400 11.844400 11.844400 11.844400 11.844400 11.844400 337494.642123 11.844400 88090211846.092056 35.075957 11.844400 11.844400 11.844400 411980.764309 9276.982191 6.045401 11.844400 11.844400 1.000000
11.844400 11.844400 11.844400 11.844400 11.844400 11.844400 11.844400 11.844400 337494.642123 11.844400 88090211846.092056 35.075957 11.844400 11.844400 11.844400 411980.764309 9276.982191 6.045401 11.844400 11.844400 1.000000
11.844400 11.844400 11.844400 11.844400 11.844400 11.844400 11.844400 11.844400 337494.642123 11.844400 88090211846.092056 35.075957 11.844400 11.844400 11.844400 411980.764309 9276.982191 6.045401 11.844400 11.844400 1.000000
11.844400 11.844400 11.844400 11.844400 11.844400 11.844400 11.844400 11.844400 337494.642123 11.844400 88090211846.092056 35.075957 11.844400 11.844400 11.844400 411980.764309 9276.982191 6.045401 11.844400 11.844400 1.000000
11.844400 11.844400 11.844400 11.844400 11.844400 11.844400 11.844400 11.844400 337494.642123 11.844400 88090211846.092056 35.075957 11.844400 11.844400 11.844400 411980.764309 9276.982191 6.045401 11.844400 11.844400 1.000000
11.844400 11.844400 11.844400 11.844400 11.844400 11.844400 11.844400 11.844400 337494.642123 11.844400 88090211846.092056 35.075957 11.844400 11.844400 11.844400 411980.764309 9276.982191 6.045401 11.844400 11.844400 1.000000
11.844400 11.844400 11.844400 11.844400 11.844400 11.844400 11.844400 11.844400 337494.642123 11.844400 88090211846.092056 35.075957 11.844400 11.844400 11.844400 411980.764309 9276.982191 6.045401 11.844400 11.844400 1.000000
11.844400 11.844400 11.844400 11.844400 11.844400 11.844400 11.844400 11.844400 337494.642123 11.844400 88090211846.092056 35.075957 11.844400 11.844400 11.844400 411980.764309 9276.982191 6.045401 11.844400 11.844400 1.000000
11.844400 11.844400 11.844400 11.844400 11.844400 11.844400 11.844400 11.844400 337494.642123 11.844400 88090211846.092056 35.075957 11.844400 11.844400 11.844400 411980.764309 9276.982191 6.045401 11.844400 11.844400 1.000000
11.844400 11.844400 11.844400 11.844400 11.844400 11.844400 11.844400 11.844400 337494.642123 11.844400 88090211846.092056 35.075957 11.844400 11.844400 11.844400 411980.764309 9276.982191 6.045401 11.844400 11.844400 1.000000
11.844400 11.844400 11.844400 11.844400 11.844400 11.844400 11.844400 11.844400 337494.642123 11.844400 88090211846.092056 35.075957 11.844400 11.844400 11.844400 411980.764309 9276.982191 6.045401 11.844400 11.844400 1.000000
11.844400 11.844400 11.844400 11.844400 11.844400 11.844400 11.844400 11.844400 337494.642123 11.844400 88090211846.092056 35.075957 11.844400 11.844400 11.844400 411980.764309 9276.982191 6.045401 11.844400 11.844400 1.000000
11.844400 11.844400 11.844400 11.844400 11.844400 11.844400 11.844400 11.844400 337494.642123 11.844400 88090211846.092056 35.075957 11.844400 11.844400 11.844400 411980.764309 9276.982191 6.045401 11.844400 11.844400 1.000000
11.844400 11.844400 11.844400 11.844400 11.844400 11.844400 11.844400 11.844400 337494.642123 11.844400 88090211846.092056 35.075957 11.844400 11.844400 11.844400 411980.764309 9276.982191 6.045401 11.844400 11.844400 1.000000
11.844400 11.844400 11.844400 11.844400 11.844400 11.844400 11.844400 11.844400 337494.642123 11.844400 88090211846.092056 35.075957 11.844400 11.844400 11.844400 411980.764309 9276.982191 6.045401 11.844400 11.844400 1.000000
11.844400 11.844400 11.844400 11.844400 11.844400 11.844400 11.844400 11.844400 337494.642123 11.844400 88090211846.092056 35.075957 11.844400 11.844400 11.844400 411980.764309 9276.982191 6.045401 11.844400 11.844400 1.000000
11.844400 11.844400 11.844400 11.844400 11.844400 11.844400 11.844400 11.844400 337494.642123 11.844400 88090211846.092056 35.075957 11.844400 11.844400 11.844400 411980.764309 9276.982191 6.045401 11.844400 11.844400 1.000000
11.844400 11.844400 11.844400 11.844400 11.844400 11.844400 11.844400 11.844400 337494.642123 11.844400 88090211846.092056 35.075957 11.844400 11.844400 11.844400 411980.764309 9276.982191 6.045401 11.844400 11.844400 1.000000
11.844400 11.844400 11.844400 11.844400 11.844400 11.844400 11.844400 11.844400 337494.642123 11.844400 88090211846.092056 35.075957 11.844400 11.844400 11.844400 411980.764309 9276.982191 6.045401 11.844400 11.844400 1.000000
11.844400 11.844400 11.844400 11.844400 11.844400 11.844400 11.844400 11.844400 337494.642123 11.844400 88090211846.092056 35.075957 11.844400 11.844400 11.844400 411980.764309 9276.982191 6.045401 11.844400 11.844400 1.000000
11.844400 11.844400 11.844400 11.844400 11.844400 11.844400 11.844400 11.844400 337494.642123 11.844400 88090211846.092056 35.075957 11.844400 11.844400 11.844400 411980.764309 9276.982191 6.045401 11.844400 11.844400 1.000000
11.844400 11.844400 11.844400 11.844400 11.844400 11.844400 11.844400 11.844400 337494.642123 11.844400 88090211846.092056 35.075957 11.844400 11.844400 11.844400 411980.764309 9276.982191 6.045401 11.844400 11.844400 1.000000
11.844400 11.844400 11.844400 11.844400 11.844400 11.844400 11.844400 11.844400 337494.642123 11.844400 88090211846.092056 35.075957 11.844400 11.844400 11.844400 411980.764309 9276.982191 6.045401 11.844400 11.844400 1.000000
11.844400 11.844400 11.844400 11.844400 11.844400 11.844400 11.844400 11.844400 337494.642123 11.844400 88090211846.092056 35.075957 11.844400 11.844400 11.844400 411980.764309 9276.982191 6.045401 11.844400 11.844400 1.000000
11.844400 11.844400 11.844400 11.844400 11.844400 11.844400 11.844400 11.844400 337494.642123 11.844400 88090211846.092056 35.075957 11.844400 11.844400 11.844400 411980.764309 9276.982191 6.045401 11.844400 11.844400 1.000000
11.844400 11.844400 11.844400 11.844400 11.844400 11.844400 11.844400 11.844400 337494.642123 11.844400 88090211846.092056 35.075957 11.844400 11.844400 11.844400 411980.764309 9276.982191 6.045401 11.844400 11.844400 1.000000
11.844400 11.844400 11.844400 11.844400 11.844400 11.844400 11.844400 11.844400 337494.642123 11.844400 88090211846.092056 35.075957 11.844400 11.844400 11.844400 411980.764309 9276.982191 6.045401 11.844400 11.844400 1.000000
11.844400 11.844400 11.844400 11.844400 11.844400 11.844400 11.844400 11.844400 337494.642123 11.844400 88090211846.092056 35.075957 11.844400 11.844400 11.844400 411980.764309 9276.982191 6.045401 11.844400 11.844400 1.000000
11.844400 11.844400 11.844400 11.844400 11.844400 11.844400 11.844400 11.844400 337494.642123 11.844400 88090211846.092056 35.075957 11.844400 11.844400 11.844400 411980.764309 9276.982191 6.045401 11.844400 11.844400 1.000000
11.844400 11.844400 11.844400 11.844400 11.844400 11.844400 11.844400 11.844400 337494.642123 11.844400 88090211846.092056 35.075957 11.844400 11.844400 11.844400 411980.764309 9276.982191 6.045401 11.844400 11.844400 1.000000
11.844400 11.844400 11.844400 11.844400 11.844400 11.844400 11.844400 11.844400 337494.642123 11.844400 88090211846.092056 35.075957 11.844400 11.844400 11.844400 411980.764309 9276.982191 6.045401 11.844400 11.844400 1.000000
11.844400 11.844400 11.844400 11.844400 11.844400 11.844400 11.844400 11.844400 337494.642123 11.844400 88090211846.092056 35.075957 11.844400 11.844400 11.844400 411980.764309 9276.982191 6.045401 11.844400 11.844400 1.000000
11.844400 11.844400 11.844400 11.844400 11.844400 11.844400 11.844400 11.844400 337494.642123 11.844400 88090211846.092056 35.075957 11.844400 11.844400 11.844400 411980.764309 9276.982191 6.045401 11.844400 11.844400 1.000000
11.844400 11.844400 11.844400 11.844400 11.844400 11.844400 11.844400 11.844400 337494.642123 11.844400 88090211846.092056 35.075957 11.844400 11.844400 11.844400 411980.764309 9276.982191 6.045401 11.844400 11.844400 1.000000
11.844400 11.844400 11.844400 11.844400 11.844400 11.844400 11.844400 11.844400 337494.642123 11.844400 88090211846.092056 35.075957 11.844400 11.844400 11.844400 411980.764309 9276.982191 6.045401 11.844400 11.844400 1.000000
11.844400 11.844400 11.844400 11.844400 11.844400 11.844400 11.844400 11.844400 337494.642123 11.844400 88090211846.092056 35.075957 11.844400 11.844400 11.844400 411980.764309 9276.982191 6.045401 11.844400 11.844400 1.000000
11.844400 11.844400 11.844400 11.844400 11.844400 11.844400 11.844400 11.844400 337494.642123 11.844400 88090211846.092056 35.075957 11.844400 11.844400 11.844400 411980.764309 9276.982191 6.045401 11.844400 11.844400 1.000000
11.844400 11.844400 11.844400 11.844400 11.844400 11.844400 11.844400 11.844400 337494.642123 11.844400 88090211846.092056 35.075957 11.844400 11.844400 11.844400 411980.764309 9276.982191 6.045401 11.844400 11.844400 1.000000
11.844400 11.844400 11.844400 11.844400 11.844400 11.844400 11.844400 11.844400 337494.642123 11.844400 88090211846.092056 35.075957 11.844400 11.844400 11.844400 411980.764309 9276.982191 6.045401 11.844400 11.844400 1.000000
11.844400 11.844400 11.844400 11.844400 11.844400 11.844400 11.844400 11.844400 337494.642123 11.844400 88090211846.092056 35.075957 11.844400 11.844400 11.844400 411980.764309 9276.982191 6.045401 11.844400 11.844400 1.000000
11.844400 11.844400 11.844400 11.844400 11.844400 11.844400 11.844400 11.844400 337494.642123 11.844400 88090211846.092056 35.075957 11.844400 11.844400 11.844400 411980.764309 9276.982191 6.045401 11.844400 11.844400 1.000000
11.844400 11.844400 11.844400 11.844400 11.844400 11.844400 11.844400 11.844400 337494.642123 11.844400 88090211846.092056 35.075957 11.844400 11.844400 11.844400 411980.764309 9276.982191 6.045401 11.844400 11.844400 1.000000
11.844400 11.844400 11.844400 11.844400 11.844400 11.844400 11.844400 11.844400 337494.642123 11.844400 88090211846.092056 35.075957 11.844400 11.844400 11.844400 411980.764309 9276.982191 6.045401 11.844400 11.844400 1.000000
11.844400 11.844400 11.844400 11.844400 11.844400 11.844400 11.844400 11.844400 337494.642123 11.844400 88090211846.092056 35.075957 11.844400 11.844400 11.844400 411980.764309 9276.982191 6.045401 11.844400 11.844400 1.000000
11.844400 11.844400 11.844400 11.844400 11.844400 11.844400 11.844400 11.844400 337494.642123 11.844400 88090211846.092056 35.075957 11.844400 11.844400 11.844400 411980.764309 9276.982191 6.045401 11.844400 11.844400 1.000000
11.844400 11.844400 11.844400 11.844400 11.844400 11.844400 11.844400 11.844400 337494.642123 11.844400 88090211846.092056 35.075957 11.844400 11.844400 11.844400 411980.764309 9276.982191 6.045401 11.844400 11.844400 1.000000
11.844400 11.844400 11.844400 11.844400 11.844400 11.844400 11.844400 11.844400 337494.642123 11.844400 88090211846.092056 35.075957 11.844400 11.844400 11.844400 411980.764309 9276.982191 6.045401 11.844400 11.844400 1.000000
11.844400 11.844400 11.844400 11.844400 11.844400 11.844400 11.844400 11.844400 337494.642123 11.844400 88090211846.092056 35.075957 11.844400 11.844400 11.844400 411980.764309 9276.982191 6.045401 11.844400 11.844400 1.000000
11.844400 11.844400 11.844400 11.844400 11.844400 11.844400 11.844400 11.844400 337494.642123 11.844400 88090211846.092056 35.075957 11.844400 11.844400 11.844400 411980.764309 9276.982191 6.045401 11.844400 11.844400 1.000000
11.844400 11.844400 11.844400 11.844400 11.844400 11.844400 11.844400 11.844400 337494.642123 11.844400 88090211846.092056 35.075957 11.844400 11.844400 11.844400 411980.764309 9276.982191 6.045401 11.844400 11.844400 1.000000
11.844400 11.844400 11.844400 11.844400 11.844400 11.844400 11.844400 11.844400 337494.642123 11.844400 88090211846.092056 35.075957 11.844400 11.844400 11.844400 411980.764309 9276.982191 6.045401 11.844400 11.844400 1.000000
11.844400 11.844400 11.844400 11.844400 11.844400 11.844400 11.844400 11.844400 337494.642123 11.844400 88090211846.092056 35.075957 11.844400 11.844400 11.844400 411980.764309 9276.982191 6.045401 11.844400 11.844400 1.000000
11.844400 11.844400 11.844400 11.844400 11.844400 11.844400 11.844400 11.844400 337494.642123 11.844400 88090211846.092056 35.075957 11.844400 11.844400 11.844400 411980.764309 9276.982191 6.045401 11.844400 11.844400 1.000000
11.844400 11.844400 11.844400 11.844400 11.844400 11.844400 11.844400 11.844400 337494.642123 11.844400 88090211846.092056 35.075957 11.844400 11.844400 11.844400 411980.764309 9276.982191 6.045401 11.844400 11.844400 1.000000
11.844400 11.844400 11.844400 11.844400 11.844400 11.844400 11.844400 11.844400 337494.642123 11.844400 88090211846.092056 35.075957 11.844400 11.844400 11.844400 411980.764309 9276.982191 6.045401 11.844400 11.844400 1.000000
11.844400 11.844400 11.844400 11.844400 11.844400 11.844400 11.844400 11.844400 337494.642123 11.844400 88090211846.092056 35.075957 11.844400 11.844400 11.844400 411980.764309 9276.982191 6.045401 11.844400 11.844400 1.000000
11.844400 11.844400 11.844400 11.844400 11.844400 11.844400 11.844400 11.844400 337494.642123 11.844400 88090211846.092056 35.075957 11.844400 11.844400 11.844400 411980.764309 9276.982191 6.045401 11.844400 11.844400 1.000000
11.844400 11.844400 11.844400 11.844400 11.844400 11.844400 11.844400 11.844400 337494.642123 11.844400 88090211846.092056 35.075957 11.844400 11.844400 11.844400 411980.764309 9276.982191 6.045401 11.844400 11.844400 1.000000
11.844400 11.844400 11.844400 11.844400 11.844400 11.844400 11.844400 11.844400 337494.642123 11.844400 88090211846.092056 35.075957 11.844400 11.844400 11.844400 411980.764309 9276.982191 6.045401 11.844400 11.844400 1.000000
11.844400 11.844400 11.844400 11.844400 11.844400 11.844400 11.844400 11.844400 337494.642123 11.844400 88090211846.092056 35.075957 11.844400 11.844400 11.844400 411980.764309 9276.982191 6.045401 11.844400 11.844400 1.000000
