0.000000 0.000000 0.000000 0.000000 0.000000 0.000000 0.000000 0.000000 0.000000 0.000000 0.000000 0.000000 0.000000 0.000000 0.000000 0.000000 0.000000 0.000000 0.000000 0.000000 0.000000
11.881236 11.881236 11.881236 11.881236 11.881236 11.881236 11.881236 11.881236 523.897058 4879.154000 22.545480 54.952586 523.897058 268.238045 70.330235 645750.627952 35.186428 35.186428 70.330235 137.343251 1.000000
11.881077 11.881077 11.881077 11.881077 11.881077 11.881077 11.881077 11.881077 523.889946 14889.793636 22.545175 43.969657 1598.780036 109.876386 70.329281 330619.833037 54.951840 54.951840 45.023850 56.269821 1.000000
11.878078 11.878078 11.878078 11.878078 11.878078 11.878078 11.878078 11.878078 523.755790 3121.816720 28.154341 14.465965 268.165716 654.693878 45.012332 1970143.128800 22.539425 14.465965 523.755790 70.311278 1.000000
11.879719 11.879719 11.879719 11.879719 11.879719 11.879719 11.879719 11.879719 268.203305 70991.836710 28.158277 28.158277 45.018635 268.203305 268.203305 645666.993438 54.945473 14.467973 87.895014 70.321130 1.000000
11.880870 11.880870 11.880870 11.880870 11.880870 11.880870 11.880870 11.880870 419.105386 14889.529678 28.161036 54.950866 1279.001637 87.903646 45.023053 264491.177608 107.299688 22.544777 171.670414 45.023053 1.000000
11.877065 11.877065 11.877065 11.877065 11.877065 11.877065 11.877065 11.877065 3121.546750 23257.333303 14.464726 14.464726 1997.790215 45.008443 36.016745 806900.839891 35.173918 18.049892 56.250559 56.250559 1.000000
11.878073 11.878073 11.878073 11.878073 11.878073 11.878073 11.878073 11.878073 818.366317 6097.295259 18.051436 14.465959 1022.957346 87.882662 45.012313 645576.229339 68.664003 14.465959 214.534161 137.306163 1.000000
11.878999 11.878999 11.878999 11.878999 11.878999 11.878999 11.878999 11.878999 1278.797331 18608.939035 18.052854 43.961862 1598.496312 28.830624 28.830624 645627.266267 22.541190 35.179717 109.856890 109.856890 1.000000
11.877737 11.877737 11.877737 11.877737 11.877737 11.877737 11.877737 11.877737 1997.904813 29073.334228 18.050921 35.175933 3121.725809 45.011022 70.309232 169229.077844 54.936179 167.602328 18.481523 23.077601 1.000000
11.877171 11.877171 11.877171 11.877171 11.877171 11.877171 11.877171 11.877171 654.643185 6096.825707 14.464855 54.933526 9526.290016 214.517640 70.305836 211526.127972 209.490104 18.050054 28.826135 18.480635 1.000000
11.880350 11.880350 11.880350 11.880350 11.880350 11.880350 11.880350 11.880350 654.820915 6098.480947 18.054925 22.543781 654.820915 654.820915 70.324916 264479.444575 85.840136 43.966930 70.324916 45.021058 1.000000
11.881031 11.881031 11.881031 11.881031 11.881031 11.881031 11.881031 11.881031 654.859004 18612.168986 43.969484 54.951625 1279.019292 36.028926 70.329005 330618.535795 43.969484 43.969484 36.028926 137.340848 1.000000
11.879035 11.879035 11.879035 11.879035 11.879035 11.879035 11.879035 11.879035 1023.041377 3902.589670 11.604584 54.942264 1598.501250 36.022794 137.317440 330562.181317 85.830500 35.179826 45.016007 214.551783 1.000000
11.877114 11.877114 11.877114 11.877114 11.877114 11.877114 11.877114 11.877114 418.971023 23257.431396 28.152031 18.049968 1997.798642 28.825996 56.250796 1575984.849941 11.602709 28.152031 335.177893 45.008633 1.000000
11.878559 11.878559 11.878559 11.878559 11.878559 11.878559 11.878559 11.878559 1278.749355 9527.419409 22.540348 11.604119 523.777325 109.852769 109.852769 645603.044198 43.960214 22.540348 70.314168 109.852769 1.000000
11.878524 11.878524 11.878524 11.878524 11.878524 11.878524 11.878524 11.878524 1278.745523 4878.024272 28.155411 11.604085 654.718835 56.257564 171.636040 807001.387176 28.155411 22.540280 137.311454 109.852440 1.000000
11.880215 11.880215 11.880215 11.880215 11.880215 11.880215 11.880215 11.880215 818.516018 45436.698644 54.947797 22.543522 1998.327639 28.833611 56.265681 169264.892577 85.839147 35.183365 56.265681 45.020539 1.000000
11.805731 11.805731 11.805731 11.805731 11.805731 11.805731 11.805731 11.805731 1016.637977 28894.561258 22.400725 34.959985 1270.797029 69.877073 44.734522 328493.129284 43.687116 68.240008 55.908096 44.734522 1.000000
11.879209 11.879209 11.879209 11.879209 11.879209 11.879209 11.879209 11.879209 523.806406 7622.358768 35.180350 28.157055 335.237861 2497.694879 137.319488 807048.612692 28.157055 28.157055 28.831141 23.080492 1.000000
11.878959 11.878959 11.878959 11.878959 11.878959 11.878959 11.878959 11.878959 1278.793069 7622.196134 11.604510 35.179600 818.428286 70.316571 45.015718 413200.073297 43.961715 35.179600 56.259654 335.230708 1.000000
11.879441 11.879441 11.879441 11.879441 11.879441 11.879441 11.879441 11.879441 268.196941 9528.137040 11.604981 28.157611 523.816777 109.861042 87.892929 135402.969692 1951.362957 43.963522 70.319462 137.322207 1.000000
11.880577 11.880577 11.880577 11.880577 11.880577 11.880577 11.880577 11.880577 818.541296 14889.157282 54.949493 22.544216 1598.711708 87.901448 36.027530 330605.703157 35.184450 68.678679 36.027530 109.871691 1.000000
11.881314 11.881314 11.881314 11.881314 11.881314 11.881314 11.881314 11.881314 335.298100 23265.772516 43.970544 85.847199 1023.240472 70.330701 171.676925 264501.209967 35.186661 43.970544 36.029794 56.270957 1.000000
11.879853 11.879853 11.879853 11.879853 11.879853 11.879853 11.879853 11.879853 654.793108 23262.870106 18.054163 28.158597 1023.112823 28.832721 87.896015 264468.213380 35.182279 85.836492 45.019148 214.566766 1.000000
11.805507 11.805507 11.805507 11.805507 11.805507 11.805507 11.805507 11.805507 813.295171 9467.987697 27.980306 22.400296 650.636690 109.167625 44.733662 513260.635788 22.400296 43.686276 87.338222 213.204817 1.000000
11.869611 11.869611 11.869611 11.869611 11.869611 11.869611 11.869611 11.869611 6092.889399 70930.566123 18.038472 11.595384 4874.311593 14.799273 56.214773 1968718.691089 22.523192 11.595384 18.468773 23.061647 1.000000
11.868824 11.868824 11.868824 11.868824 11.868824 11.868824 11.868824 11.868824 1996.384324 173158.694237 7.498713 11.594616 334.940612 334.940612 35.991438 1968586.437112 22.521685 11.594616 35.991438 23.060103 1.000000
11.876630 11.876630 11.876630 11.876630 11.876630 11.876630 11.876630 11.876630 654.612971 1278.538758 11.602237 28.150870 23256.470340 109.834680 28.824808 264395.456466 209.480436 14.464194 268.132577 28.824808 1.000000
11.793266 11.793266 11.793266 11.793266 11.793266 11.793266 11.793266 11.793266 1983.492859 215050.672005 7.451988 166.393408 2479.365847 18.348987 18.348987 1564699.574375 34.922601 11.520854 22.911756 35.759386 1.000000
11.859490 11.859490 11.859490 11.859490 11.859490 11.859490 11.859490 11.859490 4870.096156 29028.033951 7.492940 7.492940 1276.667216 23.041777 18.452894 644551.832276 167.341199 7.492940 817.067741 18.452894 1.000000
11.867529 11.867529 11.867529 11.867529 11.867529 11.867529 11.867529 11.867529 6091.805486 56734.358185 14.453058 11.593351 3119.004646 18.465507 28.802457 2460460.575203 35.145320 7.497911 70.247969 18.465507 1.000000
11.871025 11.871025 11.871025 11.871025 11.871025 11.871025 11.871025 11.871025 6093.625932 88673.925618 11.596765 11.596765 6093.625932 18.470993 23.064424 264268.891834 167.506280 18.040639 23.064424 23.064424 1.000000
11.879351 11.879351 11.879351 11.879351 11.879351 11.879351 11.879351 11.879351 214.557574 36346.677365 327.384820 22.541865 1598.544400 28.831489 36.023765 135401.924476 5955.039783 22.541865 36.023765 45.017221 1.000000
11.868098 11.868098 11.868098 11.868098 11.868098 11.868098 11.868098 11.868098 6092.102042 88651.750095 11.593907 9.313495 6092.102042 18.466401 28.803855 211362.242904 511.044502 14.453755 18.466401 18.466401 1.000000
11.869580 11.869580 11.869580 11.869580 11.869580 11.869580 11.869580 11.869580 11900.143578 2015962.723348 9.314648 18.038426 23.061587 137.206602 18.468726 516086.457179 107.196292 11.595354 23.061587 23.061587 1.000000
11.860830 11.860830 11.860830 11.860830 11.860830 11.860830 11.860830 11.860830 9512.996068 88596.678934 9.307841 7.493768 6088.317580 18.454996 28.786005 330048.348469 261.495066 7.493768 18.454996 23.044407 1.000000
11.785141 11.785141 11.785141 11.785141 11.785141 11.785141 11.785141 11.785141 6048.907342 110028.980583 11.512922 11.512922 7561.134103 18.336237 22.895801 209863.625672 1238.816997 6.016358 14.693418 18.336237 1.000000
11.867900 11.867900 11.867900 11.867900 11.867900 11.867900 11.867900 11.867900 1596.981536 173145.017194 14.453513 7.498141 6091.998874 44.973252 28.803369 1968430.947144 22.519913 14.453513 14.797130 28.803369 1.000000
11.871385 11.871385 11.871385 11.871385 11.871385 11.871385 11.871385 11.871385 4875.050679 56753.057005 9.316052 22.526594 3900.040636 23.065130 18.471557 1575213.764632 22.526594 14.457776 23.065130 70.271112 1.000000
11.874273 11.874273 11.874273 11.874273 11.874273 11.874273 11.874273 11.874273 9523.932260 2016771.080766 18.045614 18.045614 56.237154 36.008170 28.819018 169179.020229 409.052216 18.045614 18.476088 18.476088 1.000000
11.877820 11.877820 11.877820 11.877820 11.877820 11.877820 11.877820 11.877820 18.481654 23258.833733 35.176184 167.603526 6097.163863 418.996286 23.077765 135384.230476 639.335516 43.957444 23.077765 87.880768 1.000000
11.864965 11.864965 11.864965 11.864965 11.864965 11.864965 11.864965 11.864965 2494.657184 7613.088459 11.590849 11.590849 173101.587459 14.793452 23.052527 1574349.766576 43.909240 7.496326 18.461485 44.961982 1.000000
11.876757 11.876757 11.876757 11.876757 11.876757 11.876757 11.876757 11.876757 1022.842429 1997.737710 14.464349 14.464349 654.620057 14884.302161 28.825119 645503.706626 35.172996 22.536893 45.007261 28.825119 1.000000
11.872304 11.872304 11.872304 11.872304 11.872304 11.872304 11.872304 11.872304 2496.222149 23247.876700 18.042598 18.042598 1278.066318 23.066934 109.794101 1969171.748249 35.159640 7.500864 109.794101 28.814182 1.000000
11.870592 11.870592 11.870592 11.870592 11.870592 11.870592 11.870592 11.870592 3899.776369 88670.642829 11.596342 22.525074 3119.821211 28.809979 14.800503 1968883.785285 35.154506 9.315435 35.996866 35.996866 1.000000
11.797669 11.797669 11.797669 11.797669 11.797669 11.797669 11.797669 11.797669 1587.395419 36093.178795 14.367582 17.928254 1984.243991 28.630890 18.355894 134457.568709 5913.506578 9.258714 109.094106 28.630890 1.000000
11.877150 11.877150 11.877150 11.877150 11.877150 11.877150 11.877150 11.877150 9526.273261 18606.002312 18.050023 18.050023 1278.595521 36.017007 18.480603 330508.993649 107.265623 22.537647 70.305713 45.008771 1.000000
11.875201 11.875201 11.875201 11.875201 11.875201 11.875201 11.875201 11.875201 335.123118 18602.904469 18.047036 18.047036 9524.687166 18.477544 23.072622 135353.944036 18166.898898 18.047036 23.072622 109.821271 1.000000
11.874589 11.874589 11.874589 11.874589 11.874589 11.874589 11.874589 11.874589 2496.709511 45414.874182 18.046099 22.532736 2496.709511 44.998936 14.805512 1969556.209097 22.532736 14.461696 87.856525 28.819795 1.000000
11.875444 11.875444 11.875444 11.875444 11.875444 11.875444 11.875444 11.875444 70.295474 335.130093 22.534376 9.319209 18.477926 88707.407302 36.011768 135356.761620 4762.442875 43.948534 654.546664 109.823557 1.000000
11.868484 11.868484 11.868484 11.868484 11.868484 11.868484 11.868484 11.868484 418.662250 70.253703 14.454227 11.594284 174840516.096137 35.990393 18.467006 1259858.693025 28.131335 18.036746 14.797862 14.797862 1.000000
11.837594 11.837594 11.837594 11.837594 11.837594 11.837594 11.837594 11.837594 11.837594 11.837594 6.042065 6.042065 139503147.413019 11.837594 11.837594 329392.493802 411740.617251 11.564128 1019.421373 11.837594 1.000000
11.857517 11.857517 11.857517 11.857517 11.857517 11.857517 11.857517 11.857517 11.857517 337873.757569 18.019944 6.051830 18574.806312 334.616951 11.857517 329954.841376 1246.534949 9.305265 56.156715 23.037903 1.000000
11.858645 11.858645 11.858645 11.858645 11.858645 11.858645 11.858645 11.858645 1595.718370 23220.749369 6.052384 22.502171 137.078406 11.858645 18.451569 805631.579716 54.846677 11.584679 11.858645 70864.103182 1.000000
11.849603 11.849603 11.849603 11.849603 11.849603 11.849603 11.849603 11.849603 11.849603 1030410.857512 6.047951 7.486826 45317.948791 171.212211 28.758435 3070863.656732 167.199701 7.486826 14.774201 14.774201 1.000000
11.860664 11.860664 11.860664 11.860664 11.860664 11.860664 11.860664 11.860664 334.707020 6088.231041 6.053373 22.506040 334.707020 2493.739768 14.788061 168982.352476 22680.427465 7.493666 14.788061 334.707020 1.000000
11.850541 11.850541 11.850541 11.850541 11.850541 11.850541 11.850541 11.850541 14850.977933 172888.136772 9.299839 7.487406 7603.700799 11.850541 23.024208 2456888.193570 43.855152 6.048411 18.438853 11.850541 1.000000
11.847474 11.847474 11.847474 11.847474 11.847474 11.847474 11.847474 11.847474 1594.193593 1020.284478 6.046908 11.573773 28.753206 9594699.904822 23.018186 5996687.440514 6.046908 11.573773 11.847474 11.847474 1.000000
11.847968 11.847968 11.847968 11.847968 11.847968 11.847968 11.847968 11.847968 11.847968 832242721.418501 9.297837 6.047150 11.847968 522.409137 11.847968 2456346.958275 133.743726 9.297837 14.772151 56.110870 1.000000
11.848287 11.848287 11.848287 11.848287 11.848287 11.848287 11.848287 11.848287 57192846.736232 11.848287 7.486011 6.047306 11.848287 18.435316 18.435316 329694.314562 167.180860 11.574566 14.772551 36250.273275 1.000000
11.866351 11.866351 11.866351 11.866351 11.866351 11.866351 11.866351 11.866351 1596.770161 110798.143912 9.312136 35.141790 6091.192542 18.463660 18.463660 169064.550639 11618.027540 14.451618 18.463660 11.866351 1.000000
11.846831 11.846831 11.846831 11.846831 11.846831 11.846831 11.846831 11.846831 11.846831 11.846831 7.485111 85.594556 11.846831 4912216.018587 14.770727 4797085.955651 797.053873 6.046593 14.770727 36245.756719 1.000000
11.863555 11.863555 11.863555 11.863555 11.863555 11.863555 11.863555 11.863555 1596.388444 110771.656963 18.029195 28.119514 7612.170434 14.791684 23.049757 169024.134763 18148.828330 9.309961 11.863555 11.863555 1.000000
11.860541 11.860541 11.860541 11.860541 11.860541 11.860541 11.860541 11.860541 1595.977072 9512.761016 18.024577 9.307617 171.372501 18.454543 11.860541 412550.241847 261.488605 6.053313 23.043840 56700.473511 1.000000
11.857225 11.857225 11.857225 11.857225 11.857225 11.857225 11.857225 11.857225 337865.336071 23217.929145 9.305038 6.051688 1021.136300 14.783753 44.932262 515541.589461 107.083138 9.305038 14.783753 18.449341 1.000000
11.856081 11.856081 11.856081 11.856081 11.856081 11.856081 11.856081 11.856081 1994.210183 29019.570269 35.110989 7.490832 7607.306351 11.856081 11.856081 135132.904333 3803.653373 7.490832 11.856081 334.575855 1.000000
11.778468 11.778468 11.778468 11.778468 11.778468 11.778468 11.778468 11.778468 87.135342 1024136.122029 6.013088 9.243780 23061.495331 18.325767 11.778468 800106.345335 106.361777 7.442837 212.709452 14.685056 1.000000
11.852919 11.852919 11.852919 11.852919 11.852919 11.852919 11.852919 11.852919 422176.073028 6084.198581 6.049576 14.435183 18.442584 14.778356 11.852919 135096.343376 28331.756704 7.488876 1275.949671 14.778356 1.000000
11.857267 11.857267 11.857267 11.857267 11.857267 11.857267 11.857267 11.857267 138390.132087 11.857267 9.305070 85.671015 11.857267 1288858.541097 28.777256 805536.588187 85.671015 7.491565 44.932421 11.857267 1.000000
11.855557 11.855557 11.855557 11.855557 11.855557 11.855557 11.855557 11.855557 171.299464 11.855557 7.490508 18.016942 666226783.288883 87.713737 14.781662 1006773.450047 408.398278 7.490508 14.781662 14.781662 1.000000
11.852942 11.852942 11.852942 11.852942 11.852942 11.852942 11.852942 11.852942 214.073798 816.610135 7.488890 6.049588 44.915814 14.778385 18.442620 168870.764745 44268.457774 7.488890 4914786.106065 14.778385 1.000000
11.860020 11.860020 11.860020 11.860020 11.860020 11.860020 11.860020 11.860020 11.860020 1031329.652562 9.307211 167.348779 11.860020 18.453725 23.042817 264020.391060 1246.801848 7.493267 14863.026752 137.094519 1.000000
11.848493 11.848493 11.848493 11.848493 11.848493 11.848493 11.848493 11.848493 11.848493 3930332.024043 9.298246 9.298246 138286.264374 11.848493 18.435640 1965166.012022 261.219196 6.047407 11.848493 28.755709 1.000000
11.865185 11.865185 11.865185 11.865185 11.865185 11.865185 11.865185 11.865185 11.865185 528274.052432 7.496462 107.156039 36302.716484 23.052959 23.052959 169047.696783 9293.495520 18.031692 18.461830 23.052959 1.000000
11.778780 11.778780 11.778780 11.778780 11.778780 11.778780 11.778780 11.778780 11.778780 18449.692170 7.443030 7.443030 6045.595278 14.685447 14.685447 262185.894198 9224.846166 9.244023 45043.193664 18.326257 1.000000
11.842337 11.842337 11.842337 11.842337 11.842337 11.842337 11.842337 11.842337 3112.289040 28985.447457 7.482332 6.044390 11.842337 14.765095 11.842337 134974.007609 18115.904695 6.044390 14.765095 110570.707036 1.000000
11.843660 11.843660 11.843660 11.843660 11.843660 11.843660 11.843660 11.843660 11.843660 3142964.631991 6.045038 17.998716 110583.237083 18.428057 14.766753 210920.786050 18117.957617 6.045038 11.843660 11.843660 1.000000
11.852276 11.852276 11.852276 11.852276 11.852276 11.852276 11.852276 11.852276 11.852276 174598331.110829 11.578461 6.049262 11.852276 18.441576 1594.849044 263845.538181 3802.415199 9.301188 18.441576 23.027614 1.000000
11.842333 11.842333 11.842333 11.842333 11.842333 11.842333 11.842333 11.842333 11.842333 110570.671020 6.044388 7.482330 11.842333 14.765090 14.765090 210896.818187 107979.170919 6.044388 417.726579 70765.229461 1.000000
11.853730 11.853730 11.853730 11.853730 11.853730 11.853730 11.853730 11.853730 3115.326079 9507.219825 6.049974 11.579880 1595.047415 11.853730 9507.219825 2457558.697427 35.103937 7.489377 14.779372 14.779372 1.000000
11.854400 11.854400 11.854400 11.854400 11.854400 11.854400 11.854400 11.854400 267.623534 15000608.460907 510.446214 14.436995 11.854400 14.780212 171.282509 168891.836693 28335.348283 6.050303 11.854400 11.854400 1.000000
11.844381 11.844381 11.844381 11.844381 11.844381 11.844381 11.844381 11.844381 6138981.702785 4863.802606 6.045392 6.045392 109.532223 23.012113 11.844381 134997.635306 22648.844913 6.045392 23.012113 14.767656 1.000000
11.857907 11.857907 11.857907 11.857907 11.857907 11.857907 11.857907 11.857907 334.628106 111796775.675385 9.305568 107.089376 35.957909 11.857907 56.158585 168942.510835 1558.220272 6.052021 14.784606 14.784606 1.000000
11.849887 11.849887 11.849887 11.849887 11.849887 11.849887 11.849887 11.849887 23.022923 3892.877035 6.048091 6.048091 56.120086 88513.770127 11.849887 135061.294740 2456750.639471 7.487001 267.520193 18.437827 1.000000
11.853237 11.853237 11.853237 11.853237 11.853237 11.853237 11.853237 11.853237 11.853237 11883.523897 6.049733 22.491802 29012.509343 11.853237 11.853237 211093.788011 28.094771 7427.202518 11.853237 14854.404833 1.000000
11.853411 11.853411 11.853411 11.853411 11.853411 11.853411 11.853411 11.853411 11.853411 111753784.670567 9.302071 167.254198 816.642921 11.853411 14.778973 135102.035735 22666.360399 7.489180 18.443356 11.853411 1.000000
11.855192 11.855192 11.855192 11.855192 11.855192 11.855192 11.855192 11.855192 11.855192 29300049.178718 22.495551 11.581308 9508.409687 11.855192 14.781205 168903.283927 14508.681681 9.303456 14.781205 11.855192 1.000000
11.843876 11.843876 11.843876 11.843876 11.843876 11.843876 11.843876 11.843876 11.843876 1274.962307 6.045144 7.483284 14.767024 1274.962307 11.843876 3836697.771089 133.696885 7.483284 14987100.668315 11.843876 1.000000
11.849325 11.849325 11.849325 11.849325 11.849325 11.849325 11.849325 11.849325 267.507319 1020.446158 7.486653 9.298893 11.849325 29285340.385388 11.849325 168818.493506 18126.747769 7.486653 14.773852 11.849325 1.000000
11.847840 11.847840 11.847840 11.847840 11.847840 11.847840 11.847840 11.847840 11.847840 29566877740.487755 18.005119 11.574130 11.847840 11.847840 14.771991 168797.032148 14499.554723 7.485735 11.847840 14.771991 1.000000
11.909307 11.909307 11.909307 11.909307 11.909307 11.909307 11.909307 11.909307 11.909307 36439.638383 6.077218 6.077218 11.909307 18.531055 11.909307 212106.611328 18219.819233 6.077218 11.909307 18838851.485299 1.000000
11.844291 11.844291 11.844291 11.844291 11.844291 11.844291 11.844291 11.844291 2011606.021271 11.844291 6.045347 6.045347 1287427.853614 18.429047 18.429047 2455573.756435 14.424626 14.424626 11.844291 14.767544 1.000000
11.845886 11.845886 11.845886 11.845886 11.845886 11.845886 11.845886 11.845886 23421375.889098 14845.060669 9.296218 7.484527 18.431550 11.845886 11.845886 135015.039658 18121.411923 6.046129 23.015068 11.845886 1.000000
11.855669 11.855669 11.855669 11.855669 11.855669 11.855669 11.855669 11.855669 2492.674568 18571.869837 85.659306 7.490577 23214.837271 14.781802 28.773331 168910.171700 14509.273337 6.050924 14.781802 11.855669 1.000000
11.852220 11.852220 11.852220 11.852220 11.852220 11.852220 11.852220 11.852220 1275.873366 216141.222723 7.488444 18.011829 11.852220 11.852220 23207.987115 168860.330255 14504.991989 7.488444 14.777480 11.852220 1.000000
11.857091 11.857091 11.857091 11.857091 11.857091 11.857091 11.857091 11.857091 70854.681252 11887.443002 14.440287 14511.038786 653.520616 18.449130 14.783584 2458265.578533 43.879713 6.051622 11.857091 11.857091 1.000000
11.848034 11.848034 11.848034 11.848034 11.848034 11.848034 11.848034 11.848034 11.848034 337599.671061 6.047182 6.047182 56.111189 36249.488686 18.434919 210999.794416 11599.836457 7.485855 136.953998 14.772234 1.000000
11.849605 11.849605 11.849605 11.849605 11.849605 11.849605 11.849605 11.849605 2491.381457 216092.860261 6.047952 18.007824 6082.473445 11.849605 18.437385 135058.037668 28323.723415 6.047952 11.849605 18.437385 1.000000
11.861007 11.861007 11.861007 11.861007 11.861007 11.861007 11.861007 11.861007 214.221549 522.992344 6.053541 18.025292 653.739570 18.455275 28.786442 168987.322691 14515.900556 9.307980 337974.645374 11.861007 1.000000
11.851293 11.851293 11.851293 11.851293 11.851293 11.851293 11.851293 11.851293 11.851293 12114173996.724869 11.577502 28.090110 11.851293 14.776319 14.776319 168846.942251 22662.253012 7.487871 11.851293 18.440034 1.000000
11.839057 11.839057 11.839057 11.839057 11.839057 11.839057 11.839057 11.839057 11.839057 23181.842949 7.480304 6.042782 11.839057 11.839057 36574499.159193 210837.633009 14488.651885 7.480304 11.839057 14.760985 1.000000
11.846693 11.846693 11.846693 11.846693 11.846693 11.846693 11.846693 11.846693 417.882581 28996.262924 44244.785925 6.046525 2490.760418 11.846693 14.770554 168780.463806 412061.679202 6.046525 11.846693 11.846693 1.000000
11.835287 11.835287 11.835287 11.835287 11.835287 11.835287 11.835287 11.835287 11.835287 11.835287 6.040934 509.611398 11.835287 11.835287 11.835287 7488037.663760 2430.007564 6.040934 11.835287 4955167665.223389 1.000000
11.844345 11.844345 11.844345 11.844345 11.844345 11.844345 11.844345 11.844345 11.844345 28990.432150 6.045374 7.483574 421866.310582 11.844345 14.767611 168746.524238 35733466.439769 11.570718 11.844345 14.767611 1.000000
11.846475 11.846475 11.846475 11.846475 11.846475 11.846475 11.846475 11.846475 816.158204 28995.720665 6.046418 9.296676 11.846475 11.846475 421943.268603 168777.307446 18122.325449 9.296676 11.846475 11.846475 1.000000
11.843444 11.843444 11.843444 11.843444 11.843444 11.843444 11.843444 11.843444 334.214142 1019.932467 6.044933 7.483017 11.843444 18.427718 14.766483 168733.510363 22647.028442 6.044933 11.843444 18733182.822445 1.000000
11.777921 11.777921 11.777921 11.777921 11.777921 11.777921 11.777921 11.777921 11.777921 18448.327700 9.243355 54.468212 87.131241 11.777921 18.324909 167786.562511 22519.931253 6.012820 1600137.352989 11.777921 1.000000
11.839228 11.839228 11.839228 11.839228 11.839228 11.839228 11.839228 11.839228 36575034.566364 14836.596714 6.042866 7.480409 11.839228 14.761199 14.761199 168672.575539 22638.849908 6.042866 11.839228 14.761199 1.000000
11.840511 11.840511 11.840511 11.840511 11.840511 11.840511 11.840511 11.840511 11.840511 46169257922.772156 14.420001 11.566975 11.840511 11.840511 11.840511 168691.115127 22641.338250 6.043495 11.840511 11.840511 1.000000
11.908197 11.908197 11.908197 11.908197 11.908197 11.908197 11.908197 11.908197 11.908197 29148.956430 6.076674 6.076674 11.908197 11.908197 11.908197 169669.256992 4822290.321340 6.076674 2022615.158396 14.847628 1.000000
11.909489 11.909489 11.909489 11.909489 11.909489 11.909489 11.909489 11.909489 11.909489 11.909489 7.523862 6.077308 11.909489 12174511205.268902 18.531341 2469284.229896 18220.101749 6.077308 14.849246 11.909489 1.000000
11.845148 11.845148 11.845148 11.845148 11.845148 11.845148 11.845148 11.845148 652.852941 3143365.194264 7.484071 108005.205679 11.845148 11.845148 11.845148 135006.507095 263684.584159 6.045768 11.845148 14.768618 1.000000
11.909487 11.909487 11.909487 11.909487 11.909487 11.909487 11.909487 11.909487 11.909487 90707166972.929794 6.077307 7.523861 11.909487 14.849244 11.909487 1580341.733082 512.852163 6.077307 11.909487 18.531339 1.000000
11.845386 11.845386 11.845386 11.845386 11.845386 11.845386 11.845386 11.845386 522.293696 532517639.995384 6.045884 18.001360 11.845386 11.845386 14.768916 168761.576499 22650.795415 6.045884 14.768916 18.430765 1.000000
11.835764 11.835764 11.835764 11.835764 11.835764 11.835764 11.835764 11.835764 11.835764 23175.302743 7.478267 6.041168 14.756858 11.835764 11.835764 263472.687724 22632.131587 6.041168 29251344.426692 11.835764 1.000000
11.837325 11.837325 11.837325 11.837325 11.837325 11.837325 11.837325 11.837325 11.837325 28973.004584 7.479233 6.041933 11.837325 11.837325 11.837325 210806.353062 22635.159848 7.479233 11.837325 29255258.362710 1.000000
11.836349 11.836349 11.836349 11.836349 11.836349 11.836349 11.836349 11.836349 11.836349 46152798489.502815 6.041455 22.459426 11.836349 11.836349 11.836349 168630.976405 18106.613273 6.041455 14.757592 11.836349 1.000000
11.845140 11.845140 11.845140 11.845140 11.845140 11.845140 11.845140 11.845140 11.845140 28992.407398 9.295638 28.075354 334.262691 11.845140 11.845140 135006.417358 56930575012575.554688 6.045764 11.845140 11.845140 1.000000
11.908197 11.908197 11.908197 11.908197 11.908197 11.908197 11.908197 11.908197 11.908197 36436.195523 6.076674 6.076674 11.908197 11.908197 14.847628 169669.256996 86870.659590 6.076674 12055725.803600 11.908197 1.000000
11.837923 11.837923 11.837923 11.837923 11.837923 11.837923 11.837923 11.837923 11.837923 36218.109785 6.042226 9.290024 6135586.450423 14.759563 11.837923 134922.972917 329401.789332 6.042226 11.837923 11.837923 1.000000
11.843149 11.843149 11.843149 11.843149 11.843149 11.843149 11.843149 11.843149 11.843149 11.843149 7.482834 7420.790534 11.843149 6198133343.818772 14.766112 804563.707248 6.044788 208.881468 11.843149 18.427255 1.000000
11.909745 11.909745 11.909745 11.909745 11.909745 11.909745 11.909745 11.909745 4938676.060292 11.909745 6.077433 6.077433 1035715.437720 14.849567 11.909745 1580376.339294 44.077150 6.077433 14.849567 11.909745 1.000000
11.850692 11.850692 11.850692 11.850692 11.850692 11.850692 11.850692 11.850692 11.850692 138312.297078 28.088668 54.809391 1594.632844 11.850692 11.850692 168838.253266 9463711400.522623 6.048485 11.850692 14.775565 1.000000
11.838682 11.838682 11.838682 11.838682 11.838682 11.838682 11.838682 11.838682 11.838682 4908788.452082 6.042598 14.417764 11.838682 11.838682 14.760515 134931.749541 2502448376471.180176 7.480072 11.838682 11.838682 1.000000
11.835319 11.835319 11.835319 11.835319 11.835319 11.835319 11.835319 11.835319 11.835319 11.835319 6.040950 6.040950 2010060.308284 28968.021972 11.835319 210770.099787 1962949.519809 6.040950 18.414969 14.756300 1.000000
11.838953 11.838953 11.838953 11.838953 11.838953 11.838953 11.838953 11.838953 11.838953 23635505734.759140 6.042731 14.418095 11.838953 14.760855 11.838953 263544.695518 18110.653628 6.042731 11.838953 23.001456 1.000000
11.908211 11.908211 11.908211 11.908211 11.908211 11.908211 11.908211 11.908211 11.908211 11.908211 6.076681 7.523072 11.908211 11.908211 11.908211 3857836.819238 212086.822045 7.523072 11.908211 4986137223.854545 1.000000
11.845148 11.845148 11.845148 11.845148 11.845148 11.845148 11.845148 11.845148 11.845148 36240.533319 210947.667320 6.045768 652.852941 11.845148 14.768618 168758.133858 812540858.363129 7.484071 11.845148 11.845148 1.000000
11.838749 11.838749 11.838749 11.838749 11.838749 11.838749 11.838749 11.838749 11.838749 36220.673444 6.042631 326.249888 11.838749 14.760599 14.760599 168665.654108 1293742906832890.250000 6.042631 11.838749 11.838749 1.000000
11.837325 11.837325 11.837325 11.837325 11.837325 11.837325 11.837325 11.837325 11.837325 45270.319634 6.041933 7.479233 11.837325 11.837325 11.837325 168645.082465 3097520964.450744 7.479233 11.837325 56587.899533 1.000000
11.906656 11.906656 11.906656 11.906656 11.906656 11.906656 11.906656 11.906656 11.906656 45539.265801 7.522110 6.075919 11.906656 11.906656 11.906656 169646.985012 46230403144613400.000000 6.075919 11.906656 14.845696 1.000000
11.901650 11.901650 11.901650 11.901650 11.901650 11.901650 11.901650 11.901650 11.901650 71124.762180 6.073465 6.073465 11.901650 11.901650 11.901650 135659.717885 46210690450217080.000000 6.073465 11.901650 11.901650 1.000000
11.838573 11.838573 11.838573 11.838573 11.838573 11.838573 11.838573 11.838573 11.838573 11.838573 208.799614 6.042545 11.838573 11.838573 11.838573 9362683.753188 1555.643313 7.480005 7744630482.102247 11.838573 1.000000
11.898548 11.898548 11.898548 11.898548 11.898548 11.898548 11.898548 11.898548 11.898548 14.835536 6.071944 6.071944 11.898548 11.898548 11.898548 111701057698727.437500 1300371458040629.750000 6.071944 11.898548 11.898548 1.000000
11.832478 11.832478 11.832478 11.832478 11.832478 11.832478 11.832478 11.832478 11.832478 11.832478 6.039558 7.476235 11.832478 11.832478 11.832478 7486235.348123 265964507.239954 7.476235 11.832478 111553599.657457 1.000000
11.904932 11.904932 11.904932 11.904932 11.904932 11.904932 11.904932 11.904932 11.904932 71144.653037 6.075074 6.075074 11.904932 11.904932 11.904932 135697.656683 36978891040433560.000000 7.521043 11.904932 11.904932 1.000000
11.904932 11.904932 11.904932 11.904932 11.904932 11.904932 11.904932 11.904932 11.904932 56915.722436 7.521043 6.075074 11.904932 11.904932 11.904932 169622.070849 46223613800269960.000000 6.075074 11.904932 11.904932 1.000000
11.840132 11.840132 11.840132 11.840132 11.840132 11.840132 11.840132 11.840132 337371.270493 45281.205440 7418.872830 6.043309 11.840132 11.840132 11.840132 168685.635251 107958.806566 6.043309 11.840132 11.840132 1.000000
11.904932 11.904932 11.904932 11.904932 11.904932 11.904932 11.904932 11.904932 11.904932 11.904932 6.075074 6.075074 11.904932 11.904932 57470193.035295 169622.070852 45335988501.049377 7.521043 11.904932 11.904932 1.000000
11.840885 11.840885 11.840885 11.840885 11.840885 11.840885 11.840885 11.840885 11.840885 269914.427297 6.043678 11.567340 815.767526 11.840885 11.840885 134957.213654 335936320952.610229 7.481434 11.840885 11.840885 1.000000
11.840232 11.840232 11.840232 11.840232 11.840232 11.840232 11.840232 11.840232 4862.074573 111627752.961658 6.043358 14.419660 11.840232 14.762457 11.840232 168687.090932 28300.997644 6.043358 11.840232 11.840232 1.000000
11.835764 11.835764 11.835764 11.835764 11.835764 11.835764 11.835764 11.835764 14.756858 28969.128412 6.041168 7.478267 11.835764 110508.454819 11.835764 168622.520162 1585718558.919950 6.041168 11.835764 11.835764 1.000000
11.906474 11.906474 11.906474 11.906474 11.906474 11.906474 11.906474 11.906474 11.906474 29144.678010 6.075830 6.075830 11.906474 11.906474 11.906474 169644.353309 109630093.813387 6.075830 530138.604073 11.906474 1.000000
11.838581 11.838581 11.838581 11.838581 11.838581 11.838581 11.838581 11.838581 11.838581 56593.988955 7.480009 266103657.146724 11.838581 11.838581 11.838581 168663.230358 1268881116.613021 6.042549 11.838581 11.838581 1.000000
11.908197 11.908197 11.908197 11.908197 11.908197 11.908197 11.908197 11.908197 23546339.458930 36436.195521 6.076674 6.076674 11.908197 11.908197 11.908197 169669.256987 22772.622227 6.076674 14.847628 11.908197 1.000000
11.908197 11.908197 11.908197 11.908197 11.908197 11.908197 11.908197 11.908197 18655.332145 45545.244385 6.076674 6.076674 11.908197 11.908197 14.847628 135735.405579 29023104153.809109 6.076674 11.908197 11.908197 1.000000
11.835319 11.835319 11.835319 11.835319 11.835319 11.835319 11.835319 11.835319 11.835319 28968.021970 6.040950 6.040950 11.835319 18720145.413372 18.414969 210770.099775 22631.267181 6.040950 14.756300 11.835319 1.000000
11.837314 11.837314 11.837314 11.837314 11.837314 11.837314 11.837314 11.837314 652.414961 7595.092048 6.041928 6.041928 11.837314 11.837314 2513005.113487 168644.918398 18108.110284 6.041928 14.758801 11.837314 1.000000
11.906474 11.906474 11.906474 11.906474 11.906474 11.906474 11.906474 11.906474 11.906474 11.906474 6.075829 6.075829 175408146.058658 1602.246203 11.906474 7533722.507739 7461.037524 6.075829 11.906474 11.906474 1.000000
11.835569 11.835569 11.835569 11.835569 11.835569 11.835569 11.835569 11.835569 6075.164886 45263.504418 6.041072 6.041072 213.755534 11.835569 11.835569 168619.693805 1268553583.988735 6.041072 11.835569 11.835569 1.000000
11.901650 11.901650 11.901650 11.901650 11.901650 11.901650 11.901650 11.901650 11.901650 71124.762180 6.073465 6.073465 11.901650 11.901650 11.901650 135659.717885 46210690450217080.000000 6.073465 11.901650 11.901650 1.000000
11.904932 11.904932 11.904932 11.904932 11.904932 11.904932 11.904932 11.904932 11.904932 56915.722436 6.075074 7.521043 11.904932 11.904932 11.904932 169622.070849 46223613800269960.000000 6.075074 11.904932 11.904932 1.000000
11.909752 11.909752 11.909752 11.909752 11.909752 11.909752 11.909752 11.909752 11.909752 36441.019580 7.524024 6.077437 11.909752 11.909752 12057321.950086 212114.650948 86882.161038 6.077437 11.909752 11.909752 1.000000
11.835288 11.835288 11.835288 11.835288 11.835288 11.835288 11.835288 11.835288 11.835288 70722.524426 6.040935 108965302.006326 11.835288 11.835288 11.835288 168615.637814 2477584121.295997 6.040935 11.835288 11.835288 1.000000
11.836742 11.836742 11.836742 11.836742 11.836742 11.836742 11.836742 11.836742 18.417202 36214.445397 6.041647 6.041647 11.836742 11.836742 11.836742 134909.322008 2021125705079799.750000 7.478872 70.063198 11.836742 1.000000
11.908141 11.908141 11.908141 11.908141 11.908141 11.908141 11.908141 11.908141 11.908141 56931.283258 6.076647 6.076647 14.847557 11.908141 110.130197 135734.756574 533067685181156.812500 6.076647 11.908141 11.908141 1.000000
11.901650 11.901650 11.901650 11.901650 11.901650 11.901650 11.901650 11.901650 11.901650 11.901650 6.073465 6.073465 11.901650 11.901650 11.901650 18564429133.704563 824426266530.433716 6.073465 11.901650 45519.847808 1.000000
11.898548 11.898548 11.898548 11.898548 11.898548 11.898548 11.898548 11.898548 11.898548 14.835536 6.071944 6.071944 11.898548 11.898548 11.898548 111701057698727.437500 1300371458040629.750000 6.071944 11.898548 11.898548 1.000000
11.903376 11.903376 11.903376 11.903376 11.903376 11.903376 11.903376 11.903376 11.903376 56908.176257 6.074311 6.074311 14.841585 11.903376 11.903376 135679.665191 46217485236571344.000000 6.074311 11.903376 11.903376 1.000000
11.907081 11.907081 11.907081 11.907081 11.907081 11.907081 11.907081 11.907081 11.907081 56926.143445 6.076127 6.076127 11.907081 11.907081 11.907081 169653.127877 36985661706590272.000000 9.343818 11.907081 11.907081 1.000000
11.901650 11.901650 11.901650 11.901650 11.901650 11.901650 11.901650 11.901650 11.901650 71124.762180 6.073465 6.073465 11.901650 11.901650 11.901650 135659.717885 46210690450217080.000000 6.073465 11.901650 11.901650 1.000000
11.901650 11.901650 11.901650 11.901650 11.901650 11.901650 11.901650 11.901650 11.901650 71124.762180 6.073465 6.073465 11.901650 11.901650 11.901650 135659.717885 46210690450217080.000000 6.073465 11.901650 11.901650 1.000000
11.903376 11.903376 11.903376 11.903376 11.903376 11.903376 11.903376 11.903376 11.903376 56908.176257 6.074311 6.074311 14.841585 11.903376 11.903376 135679.665191 46217485236571344.000000 6.074311 11.903376 11.903376 1.000000
11.843421 11.843421 11.843421 11.843421 11.843421 11.843421 11.843421 11.843421 527291.158808 45293.965673 3799.533489 7.483002 11.843421 11.843421 11.843421 134986.536662 86391.383470 6.044921 11.843421 11.843421 1.000000
11.898548 11.898548 11.898548 11.898548 11.898548 11.898548 11.898548 11.898548 11.898548 14.835536 6.071944 6.071944 11.898548 11.898548 11.898548 174532902654262.531250 832237733146010.500000 6.071944 11.898548 11.898548 1.000000
11.901650 11.901650 11.901650 11.901650 11.901650 11.901650 11.901650 11.901650 11.901650 56899.809750 6.073465 6.073465 11.901650 11.901650 11.901650 169574.647351 57763363062431456.000000 6.073465 11.901650 11.901650 1.000000
11.908936 11.908936 11.908936 11.908936 11.908936 11.908936 11.908936 11.908936 11.908936 45548.111534 6.077037 7.523520 28.904143 11.908936 11.908936 135743.950350 15151721062930862.000000 6.077037 11.908936 11.908936 1.000000
11.901650 11.901650 11.901650 11.901650 11.901650 11.901650 11.901650 11.901650 11.901650 71124.762180 6.073465 6.073465 11.901650 11.901650 11.901650 135659.717885 46210690450217080.000000 6.073465 11.901650 11.901650 1.000000
11.909751 11.909751 11.909751 11.909751 11.909751 11.909751 11.909751 11.909751 1025.724431 36441.017572 6.077436 7.524024 11.909751 11.909751 11.909751 169691.711410 15006578914187.998047 6.077436 11.909751 11.909751 1.000000
11.838057 11.838057 11.838057 11.838057 11.838057 11.838057 11.838057 11.838057 28.730078 56591.444873 7.479685 6.042292 11.838057 110530.165741 11.838057 134924.518723 136238947.802636 6.042292 11.838057 11.838057 1.000000
11.906474 11.906474 11.906474 11.906474 11.906474 11.906474 11.906474 11.906474 11.906474 45538.559250 6.075830 6.075830 11.906474 4889.665769 11.906474 169644.352904 527849699943.653992 6.075830 11.906474 11.906474 1.000000
11.906474 11.906474 11.906474 11.906474 11.906474 11.906474 11.906474 11.906474 11.906474 29144.678007 6.075830 6.075830 11.906474 11.906474 36785755.276954 212055.441615 18215.423788 6.075830 11.906474 11.906474 1.000000
11.901650 11.901650 11.901650 11.901650 11.901650 11.901650 11.901650 11.901650 11.901650 71124.762180 6.073465 6.073465 11.901650 11.901650 11.901650 135659.717885 46210690450217080.000000 6.073465 11.901650 11.901650 1.000000
11.906656 11.906656 11.906656 11.906656 11.906656 11.906656 11.906656 11.906656 11.906656 56924.082242 6.075919 6.075919 11.906656 14.845696 11.906656 135717.588014 36984322516042104.000000 7.522110 11.906656 11.906656 1.000000
11.906474 11.906474 11.906474 11.906474 11.906474 11.906474 11.906474 11.906474 11.906474 29144.678009 6.075830 6.075830 11.906474 29428604.223082 11.906474 212055.441626 28461.599620 6.075830 11.906474 11.906474 1.000000
11.834303 11.834303 11.834303 11.834303 11.834303 11.834303 11.834303 11.834303 22.992326 23172.400095 6.040452 6.040452 11.834303 11.834303 29247680.769068 168601.400599 18103.437595 6.040452 11.834303 11.834303 1.000000
11.835288 11.835288 11.835288 11.835288 11.835288 11.835288 11.835288 11.835288 11.835288 70722.524426 87172241.605060 6.040935 11.835288 11.835288 11.835288 168615.637814 3096980151.619993 6.040935 11.835288 11.835288 1.000000
11.906474 11.906474 11.906474 11.906474 11.906474 11.906474 11.906474 11.906474 2503.509152 45538.558939 6.075829 6.075829 11.906474 11.906474 11.906474 169644.351745 2013586793284.927490 6.075829 11.906474 11.906474 1.000000
11.901650 11.901650 11.901650 11.901650 11.901650 11.901650 11.901650 11.901650 11.901650 71124.762180 6.073465 6.073465 11.901650 11.901650 11.901650 135659.717885 46210690450217080.000000 6.073465 11.901650 11.901650 1.000000
11.901650 11.901650 11.901650 11.901650 11.901650 11.901650 11.901650 11.901650 11.901650 71124.762180 6.073465 6.073465 11.901650 11.901650 11.901650 135659.717885 46210690450217080.000000 6.073465 11.901650 11.901650 1.000000
11.901650 11.901650 11.901650 11.901650 11.901650 11.901650 11.901650 11.901650 11.901650 71124.762180 6.073465 6.073465 11.901650 11.901650 11.901650 135659.717885 46210690450217080.000000 6.073465 11.901650 11.901650 1.000000
11.901650 11.901650 11.901650 11.901650 11.901650 11.901650 11.901650 11.901650 11.901650 71124.762180 6.073465 6.073465 11.901650 11.901650 11.901650 135659.717885 46210690450217080.000000 6.073465 11.901650 11.901650 1.000000
11.901650 11.901650 11.901650 11.901650 11.901650 11.901650 11.901650 11.901650 11.901650 71124.762180 6.073465 6.073465 11.901650 11.901650 11.901650 135659.717885 46210690450217080.000000 6.073465 11.901650 11.901650 1.000000
11.901650 11.901650 11.901650 11.901650 11.901650 11.901650 11.901650 11.901650 11.901650 71124.762180 6.073465 6.073465 11.901650 11.901650 11.901650 135659.717885 46210690450217080.000000 6.073465 11.901650 11.901650 1.000000
11.901650 11.901650 11.901650 11.901650 11.901650 11.901650 11.901650 11.901650 11.901650 71124.762180 6.073465 6.073465 11.901650 11.901650 11.901650 135659.717885 46210690450217080.000000 6.073465 11.901650 11.901650 1.000000
11.906474 11.906474 11.906474 11.906474 11.906474 11.906474 11.906474 11.906474 11.906474 29144.678008 6.075830 6.075830 29428604.222496 11.906474 11.906474 265069.302025 22769.279711 6.075830 11.906474 11.906474 1.000000
11.840128 11.840128 11.840128 11.840128 11.840128 11.840128 11.840128 11.840128 11.840128 56601.488023 3068372.813045 6.043307 11.840128 11.840128 11.840128 168685.579321 109010500.645648 6.043307 11.840128 417.647660 1.000000
11.909230 11.909230 11.909230 11.909230 11.909230 11.909230 11.909230 11.909230 11.909230 45549.248957 6.077181 6.077181 11.909230 11.909230 11.909230 169684.175164 7757874908251585.000000 7.523701 11.909230 36.115522 1.000000
11.901650 11.901650 11.901650 11.901650 11.901650 11.901650 11.901650 11.901650 11.901650 71124.762180 6.073465 6.073465 11.901650 11.901650 11.901650 135659.717885 46210690450217080.000000 6.073465 11.901650 11.901650 1.000000
11.906474 11.906474 11.906474 11.906474 11.906474 11.906474 11.906474 11.906474 11.906474 29144.678009 6.075830 6.075830 11.906474 29428604.223082 11.906474 212055.441626 28461.599620 6.075830 11.906474 11.906474 1.000000
11.901650 11.901650 11.901650 11.901650 11.901650 11.901650 11.901650 11.901650 11.901650 71124.762180 6.073465 6.073465 11.901650 11.901650 11.901650 135659.717885 46210690450217080.000000 6.073465 11.901650 11.901650 1.000000
11.906473 11.906473 11.906473 11.906473 11.906473 11.906473 11.906473 11.906473 11.906473 45538.555435 6.075829 6.075829 11.906473 820.350904 11.906473 169644.338693 18752986922443.203125 6.075829 11.906473 11.906473 1.000000
11.901650 11.901650 11.901650 11.901650 11.901650 11.901650 11.901650 11.901650 11.901650 71124.762180 6.073465 6.073465 11.901650 11.901650 11.901650 135659.717885 46210690450217080.000000 6.073465 11.901650 11.901650 1.000000
11.901650 11.901650 11.901650 11.901650 11.901650 11.901650 11.901650 11.901650 11.901650 71124.762180 6.073465 6.073465 11.901650 11.901650 11.901650 135659.717885 46210690450217080.000000 6.073465 11.901650 11.901650 1.000000
11.904932 11.904932 11.904932 11.904932 11.904932 11.904932 11.904932 11.904932 11.904932 56915.722436 7.521043 6.075074 11.904932 11.904932 11.904932 169622.070849 46223613800269960.000000 6.075074 11.904932 11.904932 1.000000
11.904932 11.904932 11.904932 11.904932 11.904932 11.904932 11.904932 11.904932 11.904932 56915.722436 7.521043 6.075074 11.904932 11.904932 11.904932 169622.070849 46223613800269960.000000 6.075074 11.904932 11.904932 1.000000
11.906474 11.906474 11.906474 11.906474 11.906474 11.906474 11.906474 11.906474 11.906474 36430.847495 6.075830 6.075830 11.906474 11.906474 29428604.222287 212055.441620 18215.423788 6.075830 11.906474 11.906474 1.000000
11.901650 11.901650 11.901650 11.901650 11.901650 11.901650 11.901650 11.901650 11.901650 71124.762180 6.073465 6.073465 11.901650 11.901650 11.901650 135659.717885 46210690450216752.000000 6.073465 11.901650 11.901650 1.000000
11.903376 11.903376 11.903376 11.903376 11.903376 11.903376 11.903376 11.903376 11.903376 56908.176257 6.074311 6.074311 11.903376 11.903376 11.903376 135679.665191 46217485236571344.000000 6.074311 11.903376 14.841585 1.000000
11.844675 11.844675 11.844675 11.844675 11.844675 11.844675 11.844675 11.844675 11.844675 70779.422145 108000.827235 1005836.084727 11.844675 11.844675 11.844675 168751.292546 14636841.438567 6.045536 11.844675 11.844675 1.000000
11.901650 11.901650 11.901650 11.901650 11.901650 11.901650 11.901650 11.901650 11.901650 11.901650 6.073465 6.073465 11.901650 23762469291.583668 11.901650 1010743.661804 55566.220461 6.073465 11.901650 11.901650 1.000000
11.835288 11.835288 11.835288 11.835288 11.835288 11.835288 11.835288 11.835288 11.835288 70722.524426 6.040935 212822855.481106 11.835288 11.835288 11.835288 168615.637814 1268523070.103545 6.040935 11.835288 11.835288 1.000000
11.907081 11.907081 11.907081 11.907081 11.907081 11.907081 11.907081 11.907081 11.907081 428264704.090735 6.076127 9.343818 11.907081 11.907081 11.907081 169653.127880 653480078.263450 6.076127 11.907081 11.907081 1.000000
11.901650 11.901650 11.901650 11.901650 11.901650 11.901650 11.901650 11.901650 11.901650 71124.762180 6.073465 6.073465 11.901650 11.901650 11.901650 135659.717885 46210690450217080.000000 6.073465 11.901650 11.901650 1.000000
11.901650 11.901650 11.901650 11.901650 11.901650 11.901650 11.901650 11.901650 11.901650 71124.762180 6.073465 6.073465 11.901650 11.901650 11.901650 135659.717885 46210690450217080.000000 6.073465 11.901650 11.901650 1.000000
11.901650 11.901650 11.901650 11.901650 11.901650 11.901650 11.901650 11.901650 11.901650 71124.762180 6.073465 6.073465 11.901650 11.901650 11.901650 135659.717885 46210690450217080.000000 6.073465 11.901650 11.901650 1.000000
11.901650 11.901650 11.901650 11.901650 11.901650 11.901650 11.901650 11.901650 11.901650 71124.762180 6.073465 6.073465 11.901650 11.901650 11.901650 135659.717885 46210690450217080.000000 6.073465 11.901650 11.901650 1.000000
11.901650 11.901650 11.901650 11.901650 11.901650 11.901650 11.901650 11.901650 11.901650 71124.762180 6.073465 6.073465 11.901650 11.901650 11.901650 135659.717885 46210690450217080.000000 6.073465 11.901650 11.901650 1.000000
11.904932 11.904932 11.904932 11.904932 11.904932 11.904932 11.904932 11.904932 11.904932 71144.653037 6.075074 6.075074 11.904932 11.904932 11.904932 135697.656683 36978891040433560.000000 7.521043 11.904932 11.904932 1.000000
11.901650 11.901650 11.901650 11.901650 11.901650 11.901650 11.901650 11.901650 11.901650 71124.762180 6.073465 6.073465 11.901650 11.901650 11.901650 135659.717885 46210690450217080.000000 6.073465 11.901650 11.901650 1.000000
11.901650 11.901650 11.901650 11.901650 11.901650 11.901650 11.901650 11.901650 11.901650 71124.762180 6.073465 6.073465 11.901650 11.901650 11.901650 135659.717885 46210690450217080.000000 6.073465 11.901650 11.901650 1.000000
11.906438 11.906438 11.906438 11.906438 11.906438 11.906438 11.906438 11.906438 137.638694 45538.419915 6.075812 6.075812 11.906438 11.906438 11.906438 169643.833842 666237948891560.250000 6.075812 11.906438 11.906438 1.000000
11.901650 11.901650 11.901650 11.901650 11.901650 11.901650 11.901650 11.901650 11.901650 71124.762180 6.073465 6.073465 11.901650 11.901650 11.901650 135659.717885 46210690450217080.000000 6.073465 11.901650 11.901650 1.000000
11.901650 11.901650 11.901650 11.901650 11.901650 11.901650 11.901650 11.901650 11.901650 71124.762180 6.073465 6.073465 11.901650 11.901650 11.901650 135659.717885 46210690450217080.000000 6.073465 11.901650 11.901650 1.000000
11.901650 11.901650 11.901650 11.901650 11.901650 11.901650 11.901650 11.901650 11.901650 71124.762180 6.073465 6.073465 11.901650 11.901650 11.901650 135659.717885 46210690450217080.000000 6.073465 11.901650 11.901650 1.000000
11.901650 11.901650 11.901650 11.901650 11.901650 11.901650 11.901650 11.901650 11.901650 71124.762180 6.073465 6.073465 11.901650 11.901650 11.901650 135659.717885 46210690450217080.000000 6.073465 11.901650 11.901650 1.000000
11.901650 11.901650 11.901650 11.901650 11.901650 11.901650 11.901650 11.901650 11.901650 71124.762180 6.073465 6.073465 11.901650 11.901650 11.901650 135659.717885 46210690450217080.000000 6.073465 11.901650 11.901650 1.000000
11.838581 11.838581 11.838581 11.838581 11.838581 11.838581 11.838581 11.838581 11.838581 70742.484119 995.612958 6.042549 11.838581 11.838581 11.838581 168663.225430 217050916523522.968750 7.480009 11.838581 11.838581 1.000000
11.901650 11.901650 11.901650 11.901650 11.901650 11.901650 11.901650 11.901650 11.901650 71124.762180 6.073465 6.073465 11.901650 11.901650 11.901650 135659.717885 46210690450217080.000000 6.073465 11.901650 11.901650 1.000000
11.901650 11.901650 11.901650 11.901650 11.901650 11.901650 11.901650 11.901650 11.901650 71124.762180 6.073465 6.073465 11.901650 11.901650 11.901650 135659.717885 46210690450217080.000000 6.073465 11.901650 11.901650 1.000000
11.901650 11.901650 11.901650 11.901650 11.901650 11.901650 11.901650 11.901650 11.901650 71124.762180 6.073465 6.073465 11.901650 11.901650 11.901650 135659.717885 46210690450217080.000000 6.073465 11.901650 11.901650 1.000000
11.901650 11.901650 11.901650 11.901650 11.901650 11.901650 11.901650 11.901650 11.901650 71124.762180 6.073465 6.073465 11.901650 11.901650 11.901650 135659.717885 46210690450217080.000000 6.073465 11.901650 11.901650 1.000000
11.901650 11.901650 11.901650 11.901650 11.901650 11.901650 11.901650 11.901650 11.901650 71124.762180 6.073465 6.073465 11.901650 11.901650 11.901650 135659.717885 46210690450217080.000000 6.073465 11.901650 11.901650 1.000000
11.901650 11.901650 11.901650 11.901650 11.901650 11.901650 11.901650 11.901650 11.901650 71124.762180 6.073465 6.073465 11.901650 11.901650 11.901650 135659.717885 46210690450217080.000000 6.073465 11.901650 11.901650 1.000000
11.901650 11.901650 11.901650 11.901650 11.901650 11.901650 11.901650 11.901650 11.901650 71124.762180 6.073465 6.073465 11.901650 11.901650 11.901650 135659.717885 46210690450217080.000000 6.073465 11.901650 11.901650 1.000000
11.906418 11.906418 11.906418 11.906418 11.906418 11.906418 11.906418 11.906418 11.906418 56922.926849 6.075802 6.075802 11.906418 11.906418 11.906418 135714.833342 832796001834255.125000 6.075802 110.114035 11.906418 1.000000
11.901650 11.901650 11.901650 11.901650 11.901650 11.901650 11.901650 11.901650 11.901650 71124.762180 6.073465 6.073465 11.901650 11.901650 11.901650 135659.717885 46210690450217080.000000 6.073465 11.901650 11.901650 1.000000
11.901650 11.901650 11.901650 11.901650 11.901650 11.901650 11.901650 11.901650 11.901650 71124.762180 6.073465 6.073465 11.901650 11.901650 11.901650 135659.717885 46210690450217080.000000 6.073465 11.901650 11.901650 1.000000
11.901650 11.901650 11.901650 11.901650 11.901650 11.901650 11.901650 11.901650 11.901650 71124.762180 6.073465 6.073465 11.901650 11.901650 11.901650 135659.717885 46210690450217080.000000 6.073465 11.901650 11.901650 1.000000
11.901650 11.901650 11.901650 11.901650 11.901650 11.901650 11.901650 11.901650 11.901650 71124.762180 6.073465 6.073465 11.901650 11.901650 11.901650 135659.717885 46210690450217080.000000 6.073465 11.901650 11.901650 1.000000
11.901650 11.901650 11.901650 11.901650 11.901650 11.901650 11.901650 11.901650 11.901650 71124.762180 6.073465 6.073465 11.901650 11.901650 11.901650 135659.717885 46210690450217080.000000 6.073465 11.901650 11.901650 1.000000
11.901650 11.901650 11.901650 11.901650 11.901650 11.901650 11.901650 11.901650 11.901650 71124.762180 6.073465 6.073465 11.901650 11.901650 11.901650 135659.717885 46210690450217080.000000 6.073465 11.901650 11.901650 1.000000
11.901650 11.901650 11.901650 11.901650 11.901650 11.901650 11.901650 11.901650 11.901650 71124.762180 6.073465 6.073465 11.901650 11.901650 11.901650 135659.717885 46210690450217080.000000 6.073465 11.901650 11.901650 1.000000
11.903376 11.903376 11.903376 11.903376 11.903376 11.903376 11.903376 11.903376 11.903376 56908.176257 6.074311 6.074311 11.903376 11.903376 11.903376 135679.665191 46217485236571008.000000 6.074311 11.903376 14.841585 1.000000
11.901650 11.901650 11.901650 11.901650 11.901650 11.901650 11.901650 11.901650 11.901650 71124.762180 6.073465 6.073465 11.901650 11.901650 11.901650 135659.717885 46210690450217080.000000 6.073465 11.901650 11.901650 1.000000
11.901650 11.901650 11.901650 11.901650 11.901650 11.901650 11.901650 11.901650 11.901650 71124.762180 6.073465 6.073465 11.901650 11.901650 11.901650 135659.717885 46210690450217080.000000 6.073465 11.901650 11.901650 1.000000
11.909380 11.909380 11.909380 11.909380 11.909380 11.909380 11.909380 11.909380 11.909380 45549.832015 14.504263 6.077254 11.909380 11.909380 11.909380 169686.347227 36992903775497168.000000 6.077254 11.909380 11.909380 1.000000
11.901650 11.901650 11.901650 11.901650 11.901650 11.901650 11.901650 11.901650 11.901650 71124.762180 6.073465 6.073465 11.901650 11.901650 11.901650 135659.717885 46210690450217080.000000 6.073465 11.901650 11.901650 1.000000
11.901650 11.901650 11.901650 11.901650 11.901650 11.901650 11.901650 11.901650 11.901650 71124.762180 6.073465 6.073465 11.901650 11.901650 11.901650 135659.717885 46210690450217080.000000 6.073465 11.901650 11.901650 1.000000
11.901650 11.901650 11.901650 11.901650 11.901650 11.901650 11.901650 11.901650 11.901650 71124.762180 6.073465 6.073465 11.901650 11.901650 11.901650 135659.717885 46210690450217080.000000 6.073465 11.901650 11.901650 1.000000
11.906474 11.906474 11.906474 11.906474 11.906474 11.906474 11.906474 11.906474 11.906474 36430.847495 6.075830 6.075830 11.906474 11.906474 29428604.222287 212055.441620 18215.423788 6.075830 11.906474 11.906474 1.000000
11.901650 11.901650 11.901650 11.901650 11.901650 11.901650 11.901650 11.901650 11.901650 71124.762180 6.073465 6.073465 11.901650 11.901650 11.901650 135659.717885 46210690450217080.000000 6.073465 11.901650 11.901650 1.000000
11.906474 11.906474 11.906474 11.906474 11.906474 11.906474 11.906474 11.906474 11.906474 45538.558939 6.075829 6.075829 11.906474 11.906474 11.906474 135715.481399 2516983491604.726562 6.075829 2503.509152 11.906474 1.000000
11.901650 11.901650 11.901650 11.901650 11.901650 11.901650 11.901650 11.901650 11.901650 71124.762180 6.073465 6.073465 11.901650 11.901650 11.901650 135659.717885 46210690450217080.000000 6.073465 11.901650 11.901650 1.000000
11.901650 11.901650 11.901650 11.901650 11.901650 11.901650 11.901650 11.901650 11.901650 71124.762180 6.073465 6.073465 11.901650 11.901650 11.901650 135659.717885 46210690450217080.000000 6.073465 11.901650 11.901650 1.000000
11.903376 11.903376 11.903376 11.903376 11.903376 11.903376 11.903376 11.903376 14.841585 56908.176257 6.074311 6.074311 11.903376 11.903376 11.903376 135679.665191 46217485236571344.000000 6.074311 11.903376 11.903376 1.000000
11.901650 11.901650 11.901650 11.901650 11.901650 11.901650 11.901650 11.901650 11.901650 71124.762180 6.073465 6.073465 11.901650 11.901650 11.901650 135659.717885 46210690450217080.000000 6.073465 11.901650 11.901650 1.000000
11.901650 11.901650 11.901650 11.901650 11.901650 11.901650 11.901650 11.901650 11.901650 71124.762180 6.073465 6.073465 11.901650 11.901650 11.901650 135659.717885 46210690450217080.000000 6.073465 11.901650 11.901650 1.000000
11.901650 11.901650 11.901650 11.901650 11.901650 11.901650 11.901650 11.901650 11.901650 71124.762180 6.073465 6.073465 11.901650 11.901650 11.901650 135659.717885 46210690450217080.000000 6.073465 11.901650 11.901650 1.000000
11.901650 11.901650 11.901650 11.901650 11.901650 11.901650 11.901650 11.901650 11.901650 71124.762180 6.073465 6.073465 11.901650 11.901650 11.901650 135659.717885 46210690450217080.000000 6.073465 11.901650 11.901650 1.000000
11.901650 11.901650 11.901650 11.901650 11.901650 11.901650 11.901650 11.901650 11.901650 71124.762180 6.073465 6.073465 11.901650 11.901650 11.901650 135659.717885 46210690450217080.000000 6.073465 11.901650 11.901650 1.000000
11.901650 11.901650 11.901650 11.901650 11.901650 11.901650 11.901650 11.901650 11.901650 71124.762180 6.073465 6.073465 11.901650 11.901650 11.901650 135659.717885 46210690450217080.000000 6.073465 11.901650 11.901650 1.000000
11.901650 11.901650 11.901650 11.901650 11.901650 11.901650 11.901650 11.901650 11.901650 71124.762180 6.073465 6.073465 11.901650 11.901650 11.901650 135659.717885 46210690450217080.000000 6.073465 11.901650 11.901650 1.000000
11.909462 11.909462 11.909462 11.909462 11.909462 11.909462 11.909462 11.909462 11.909462 11.909462 653612577.167108 6.077294 11.909462 11.909462 11.909462 14861429398.640842 110726277520.067581 7.523845 11.909462 11.909462 1.000000
11.901650 11.901650 11.901650 11.901650 11.901650 11.901650 11.901650 11.901650 11.901650 71124.762180 6.073465 6.073465 11.901650 11.901650 11.901650 135659.717885 46210690450217080.000000 6.073465 11.901650 11.901650 1.000000
11.903376 11.903376 11.903376 11.903376 11.903376 11.903376 11.903376 11.903376 11.903376 56908.176257 6.074311 6.074311 11.903376 11.903376 11.903376 135679.665191 46217485236571008.000000 6.074311 14.841585 11.903376 1.000000
11.901650 11.901650 11.901650 11.901650 11.901650 11.901650 11.901650 11.901650 11.901650 71124.762180 6.073465 6.073465 11.901650 11.901650 11.901650 135659.717885 46210690450217080.000000 6.073465 11.901650 11.901650 1.000000
11.901650 11.901650 11.901650 11.901650 11.901650 11.901650 11.901650 11.901650 11.901650 71124.762180 6.073465 6.073465 11.901650 11.901650 11.901650 135659.717885 46210690450217080.000000 6.073465 11.901650 11.901650 1.000000
11.901650 11.901650 11.901650 11.901650 11.901650 11.901650 11.901650 11.901650 11.901650 71124.762180 6.073465 6.073465 11.901650 11.901650 11.901650 135659.717885 46210690450217080.000000 6.073465 11.901650 11.901650 1.000000
11.908477 11.908477 11.908477 11.908477 11.908477 11.908477 11.908477 11.908477 11.908477 58047593569.440163 6.076812 11.633327 11.908477 11.908477 11.908477 169673.306096 28466.457092 6.076812 11.908477 11.908477 1.000000
11.901650 11.901650 11.901650 11.901650 11.901650 11.901650 11.901650 11.901650 11.901650 71124.762180 6.073465 6.073465 11.901650 11.901650 11.901650 135659.717885 46210690450217080.000000 6.073465 11.901650 11.901650 1.000000
11.901650 11.901650 11.901650 11.901650 11.901650 11.901650 11.901650 11.901650 11.901650 71124.762180 6.073465 6.073465 11.901650 11.901650 11.901650 135659.717885 46210690450217080.000000 6.073465 11.901650 11.901650 1.000000
11.901650 11.901650 11.901650 11.901650 11.901650 11.901650 11.901650 11.901650 11.901650 71124.762180 6.073465 6.073465 11.901650 11.901650 11.901650 135659.717885 46210690450217080.000000 6.073465 11.901650 11.901650 1.000000
11.901650 11.901650 11.901650 11.901650 11.901650 11.901650 11.901650 11.901650 11.901650 71124.762180 6.073465 6.073465 11.901650 11.901650 11.901650 135659.717885 46210690450217080.000000 6.073465 11.901650 11.901650 1.000000
11.901650 11.901650 11.901650 11.901650 11.901650 11.901650 11.901650 11.901650 11.901650 71124.762180 6.073465 6.073465 11.901650 11.901650 11.901650 135659.717885 46210690450217080.000000 6.073465 11.901650 11.901650 1.000000
11.906474 11.906474 11.906474 11.906474 11.906474 11.906474 11.906474 11.906474 11.906474 45538.558331 6.075829 6.075829 1602.246204 11.906474 11.906474 169644.349482 4915983316460.134766 6.075829 11.906474 11.906474 1.000000
11.901650 11.901650 11.901650 11.901650 11.901650 11.901650 11.901650 11.901650 11.901650 71124.762180 6.073465 6.073465 11.901650 11.901650 11.901650 135659.717885 46210690450217080.000000 6.073465 11.901650 11.901650 1.000000
11.901650 11.901650 11.901650 11.901650 11.901650 11.901650 11.901650 11.901650 11.901650 71124.762180 6.073465 6.073465 11.901650 11.901650 11.901650 135659.717885 46210690450217080.000000 6.073465 11.901650 11.901650 1.000000
11.901650 11.901650 11.901650 11.901650 11.901650 11.901650 11.901650 11.901650 11.901650 71124.762180 6.073465 6.073465 11.901650 11.901650 11.901650 135659.717885 46210690450217080.000000 6.073465 11.901650 11.901650 1.000000
11.901650 11.901650 11.901650 11.901650 11.901650 11.901650 11.901650 11.901650 11.901650 71124.762180 6.073465 6.073465 11.901650 11.901650 11.901650 135659.717885 46210690450217080.000000 6.073465 11.901650 11.901650 1.000000
11.901650 11.901650 11.901650 11.901650 11.901650 11.901650 11.901650 11.901650 11.901650 71124.762180 6.073465 6.073465 11.901650 11.901650 11.901650 135659.717885 46210690450217080.000000 6.073465 11.901650 11.901650 1.000000
11.901650 11.901650 11.901650 11.901650 11.901650 11.901650 11.901650 11.901650 11.901650 71124.762180 6.073465 6.073465 11.901650 11.901650 11.901650 135659.717885 46210690450217080.000000 6.073465 11.901650 11.901650 1.000000
11.901650 11.901650 11.901650 11.901650 11.901650 11.901650 11.901650 11.901650 11.901650 71124.762180 6.073465 6.073465 11.901650 11.901650 11.901650 135659.717885 46210690450217080.000000 6.073465 11.901650 11.901650 1.000000
11.901650 11.901650 11.901650 11.901650 11.901650 11.901650 11.901650 11.901650 11.901650 71124.762180 6.073465 6.073465 11.901650 11.901650 11.901650 135659.717885 46210690450217080.000000 6.073465 11.901650 11.901650 1.000000
11.901650 11.901650 11.901650 11.901650 11.901650 11.901650 11.901650 11.901650 11.901650 71124.762180 6.073465 6.073465 11.901650 11.901650 11.901650 135659.717885 46210690450217080.000000 6.073465 11.901650 11.901650 1.000000
11.901650 11.901650 11.901650 11.901650 11.901650 11.901650 11.901650 11.901650 11.901650 71124.762180 6.073465 6.073465 11.901650 11.901650 11.901650 135659.717885 46210690450217080.000000 6.073465 11.901650 11.901650 1.000000
11.901650 11.901650 11.901650 11.901650 11.901650 11.901650 11.901650 11.901650 11.901650 71124.762180 6.073465 6.073465 11.901650 11.901650 11.901650 135659.717885 46210690450217080.000000 6.073465 11.901650 11.901650 1.000000
11.901650 11.901650 11.901650 11.901650 11.901650 11.901650 11.901650 11.901650 11.901650 71124.762180 6.073465 6.073465 11.901650 11.901650 11.901650 135659.717885 46210690450217080.000000 6.073465 11.901650 11.901650 1.000000
11.901650 11.901650 11.901650 11.901650 11.901650 11.901650 11.901650 11.901650 11.901650 71124.762180 6.073465 6.073465 11.901650 11.901650 11.901650 135659.717885 46210690450217080.000000 6.073465 11.901650 11.901650 1.000000
11.901650 11.901650 11.901650 11.901650 11.901650 11.901650 11.901650 11.901650 11.901650 71124.762180 6.073465 6.073465 11.901650 11.901650 11.901650 135659.717885 46210690450217080.000000 6.073465 11.901650 11.901650 1.000000
11.901650 11.901650 11.901650 11.901650 11.901650 11.901650 11.901650 11.901650 11.901650 71124.762180 6.073465 6.073465 11.901650 11.901650 11.901650 135659.717885 46210690450217080.000000 6.073465 11.901650 11.901650 1.000000
11.901650 11.901650 11.901650 11.901650 11.901650 11.901650 11.901650 11.901650 11.901650 71124.762180 6.073465 6.073465 11.901650 11.901650 11.901650 135659.717885 46210690450217080.000000 6.073465 11.901650 11.901650 1.000000
11.901650 11.901650 11.901650 11.901650 11.901650 11.901650 11.901650 11.901650 11.901650 71124.762180 6.073465 6.073465 11.901650 11.901650 11.901650 135659.717885 46210690450217080.000000 6.073465 11.901650 11.901650 1.000000
11.901650 11.901650 11.901650 11.901650 11.901650 11.901650 11.901650 11.901650 11.901650 71124.762180 6.073465 6.073465 11.901650 11.901650 11.901650 135659.717885 46210690450217080.000000 6.073465 11.901650 11.901650 1.000000
11.901650 11.901650 11.901650 11.901650 11.901650 11.901650 11.901650 11.901650 11.901650 71124.762180 6.073465 6.073465 11.901650 11.901650 11.901650 135659.717885 46210690450217080.000000 6.073465 11.901650 11.901650 1.000000
11.901650 11.901650 11.901650 11.901650 11.901650 11.901650 11.901650 11.901650 11.901650 71124.762180 6.073465 6.073465 11.901650 11.901650 11.901650 135659.717885 46210690450217080.000000 6.073465 11.901650 11.901650 1.000000
11.901650 11.901650 11.901650 11.901650 11.901650 11.901650 11.901650 11.901650 11.901650 71124.762180 6.073465 6.073465 11.901650 11.901650 11.901650 135659.717885 46210690450217080.000000 6.073465 11.901650 11.901650 1.000000
11.901650 11.901650 11.901650 11.901650 11.901650 11.901650 11.901650 11.901650 11.901650 71124.762180 6.073465 6.073465 11.901650 11.901650 11.901650 135659.717885 46210690450217080.000000 6.073465 11.901650 11.901650 1.000000
11.901650 11.901650 11.901650 11.901650 11.901650 11.901650 11.901650 11.901650 11.901650 71124.762180 6.073465 6.073465 11.901650 11.901650 11.901650 135659.717885 46210690450217080.000000 6.073465 11.901650 11.901650 1.000000
11.901650 11.901650 11.901650 11.901650 11.901650 11.901650 11.901650 11.901650 11.901650 71124.762180 6.073465 6.073465 11.901650 11.901650 11.901650 135659.717885 46210690450217080.000000 6.073465 11.901650 11.901650 1.000000
11.901650 11.901650 11.901650 11.901650 11.901650 11.901650 11.901650 11.901650 11.901650 71124.762180 6.073465 6.073465 11.901650 11.901650 11.901650 135659.717885 46210690450217080.000000 6.073465 11.901650 11.901650 1.000000
11.901650 11.901650 11.901650 11.901650 11.901650 11.901650 11.901650 11.901650 11.901650 71124.762180 6.073465 6.073465 11.901650 11.901650 11.901650 135659.717885 46210690450216752.000000 6.073465 11.901650 11.901650 1.000000
11.901650 11.901650 11.901650 11.901650 11.901650 11.901650 11.901650 11.901650 11.901650 71124.762180 6.073465 6.073465 11.901650 11.901650 11.901650 135659.717885 46210690450217080.000000 6.073465 11.901650 11.901650 1.000000
11.901650 11.901650 11.901650 11.901650 11.901650 11.901650 11.901650 11.901650 11.901650 71124.762180 6.073465 6.073465 11.901650 11.901650 11.901650 135659.717885 46210690450217080.000000 6.073465 11.901650 11.901650 1.000000
11.901650 11.901650 11.901650 11.901650 11.901650 11.901650 11.901650 11.901650 11.901650 71124.762180 6.073465 6.073465 11.901650 11.901650 11.901650 135659.717885 46210690450217080.000000 6.073465 11.901650 11.901650 1.000000
11.901650 11.901650 11.901650 11.901650 11.901650 11.901650 11.901650 11.901650 11.901650 71124.762180 6.073465 6.073465 11.901650 11.901650 11.901650 135659.717885 46210690450217080.000000 6.073465 11.901650 11.901650 1.000000
11.901650 11.901650 11.901650 11.901650 11.901650 11.901650 11.901650 11.901650 11.901650 71124.762180 6.073465 6.073465 11.901650 11.901650 11.901650 135659.717885 46210690450217080.000000 6.073465 11.901650 11.901650 1.000000
11.901650 11.901650 11.901650 11.901650 11.901650 11.901650 11.901650 11.901650 11.901650 71124.762180 6.073465 6.073465 11.901650 11.901650 11.901650 135659.717885 46210690450217080.000000 6.073465 11.901650 11.901650 1.000000
11.901650 11.901650 11.901650 11.901650 11.901650 11.901650 11.901650 11.901650 11.901650 71124.762180 6.073465 6.073465 11.901650 11.901650 11.901650 135659.717885 46210690450217080.000000 6.073465 11.901650 11.901650 1.000000
11.901650 11.901650 11.901650 11.901650 11.901650 11.901650 11.901650 11.901650 11.901650 71124.762180 6.073465 6.073465 11.901650 11.901650 11.901650 135659.717885 46210690450217080.000000 6.073465 11.901650 11.901650 1.000000
11.901650 11.901650 11.901650 11.901650 11.901650 11.901650 11.901650 11.901650 11.901650 71124.762180 6.073465 6.073465 11.901650 11.901650 11.901650 135659.717885 46210690450217080.000000 6.073465 11.901650 11.901650 1.000000
11.901650 11.901650 11.901650 11.901650 11.901650 11.901650 11.901650 11.901650 11.901650 71124.762180 6.073465 6.073465 11.901650 11.901650 11.901650 135659.717885 46210690450217080.000000 6.073465 11.901650 11.901650 1.000000
11.901650 11.901650 11.901650 11.901650 11.901650 11.901650 11.901650 11.901650 11.901650 71124.762180 6.073465 6.073465 11.901650 11.901650 11.901650 135659.717885 46210690450217080.000000 6.073465 11.901650 11.901650 1.000000
11.901650 11.901650 11.901650 11.901650 11.901650 11.901650 11.901650 11.901650 11.901650 71124.762180 6.073465 6.073465 11.901650 11.901650 11.901650 135659.717885 46210690450217080.000000 6.073465 11.901650 11.901650 1.000000
11.901650 11.901650 11.901650 11.901650 11.901650 11.901650 11.901650 11.901650 11.901650 71124.762180 6.073465 6.073465 11.901650 11.901650 11.901650 135659.717885 46210690450217080.000000 6.073465 11.901650 11.901650 1.000000
11.901650 11.901650 11.901650 11.901650 11.901650 11.901650 11.901650 11.901650 11.901650 71124.762180 6.073465 6.073465 11.901650 11.901650 11.901650 135659.717885 46210690450217080.000000 6.073465 11.901650 11.901650 1.000000
11.901650 11.901650 11.901650 11.901650 11.901650 11.901650 11.901650 11.901650 11.901650 71124.762180 6.073465 6.073465 11.901650 11.901650 11.901650 135659.717885 46210690450217080.000000 6.073465 11.901650 11.901650 1.000000
11.901650 11.901650 11.901650 11.901650 11.901650 11.901650 11.901650 11.901650 11.901650 71124.762180 6.073465 6.073465 11.901650 11.901650 11.901650 135659.717885 46210690450217080.000000 6.073465 11.901650 11.901650 1.000000
11.901650 11.901650 11.901650 11.901650 11.901650 11.901650 11.901650 11.901650 11.901650 71124.762180 6.073465 6.073465 11.901650 11.901650 11.901650 135659.717885 46210690450217080.000000 6.073465 11.901650 11.901650 1.000000
11.901650 11.901650 11.901650 11.901650 11.901650 11.901650 11.901650 11.901650 11.901650 71124.762180 6.073465 6.073465 11.901650 11.901650 11.901650 135659.717885 46210690450217080.000000 6.073465 11.901650 11.901650 1.000000
11.901650 11.901650 11.901650 11.901650 11.901650 11.901650 11.901650 11.901650 11.901650 71124.762180 6.073465 6.073465 11.901650 11.901650 11.901650 135659.717885 46210690450217080.000000 6.073465 11.901650 11.901650 1.000000
11.901650 11.901650 11.901650 11.901650 11.901650 11.901650 11.901650 11.901650 11.901650 71124.762180 6.073465 6.073465 11.901650 11.901650 11.901650 135659.717885 46210690450217080.000000 6.073465 11.901650 11.901650 1.000000
11.901650 11.901650 11.901650 11.901650 11.901650 11.901650 11.901650 11.901650 11.901650 71124.762180 6.073465 6.073465 11.901650 11.901650 11.901650 135659.717885 46210690450217080.000000 6.073465 11.901650 11.901650 1.000000
11.901650 11.901650 11.901650 11.901650 11.901650 11.901650 11.901650 11.901650 11.901650 71124.762180 6.073465 6.073465 11.901650 11.901650 11.901650 135659.717885 46210690450217080.000000 6.073465 11.901650 11.901650 1.000000
11.901650 11.901650 11.901650 11.901650 11.901650 11.901650 11.901650 11.901650 11.901650 71124.762180 6.073465 6.073465 11.901650 11.901650 11.901650 135659.717885 46210690450217080.000000 6.073465 11.901650 11.901650 1.000000
11.901650 11.901650 11.901650 11.901650 11.901650 11.901650 11.901650 11.901650 11.901650 71124.762180 6.073465 6.073465 11.901650 11.901650 11.901650 135659.717885 46210690450217080.000000 6.073465 11.901650 11.901650 1.000000
11.901650 11.901650 11.901650 11.901650 11.901650 11.901650 11.901650 11.901650 11.901650 71124.762180 6.073465 6.073465 11.901650 11.901650 11.901650 135659.717885 46210690450217080.000000 6.073465 11.901650 11.901650 1.000000
11.901650 11.901650 11.901650 11.901650 11.901650 11.901650 11.901650 11.901650 11.901650 71124.762180 6.073465 6.073465 11.901650 11.901650 11.901650 135659.717885 46210690450217080.000000 6.073465 11.901650 11.901650 1.000000
11.901650 11.901650 11.901650 11.901650 11.901650 11.901650 11.901650 11.901650 11.901650 71124.762180 6.073465 6.073465 11.901650 11.901650 11.901650 135659.717885 46210690450217080.000000 6.073465 11.901650 11.901650 1.000000
11.901650 11.901650 11.901650 11.901650 11.901650 11.901650 11.901650 11.901650 11.901650 71124.762180 6.073465 6.073465 11.901650 11.901650 11.901650 135659.717885 46210690450217080.000000 6.073465 11.901650 11.901650 1.000000
11.901650 11.901650 11.901650 11.901650 11.901650 11.901650 11.901650 11.901650 11.901650 71124.762180 6.073465 6.073465 11.901650 11.901650 11.901650 135659.717885 46210690450217080.000000 6.073465 11.901650 11.901650 1.000000
11.901650 11.901650 11.901650 11.901650 11.901650 11.901650 11.901650 11.901650 11.901650 71124.762180 6.073465 6.073465 11.901650 11.901650 11.901650 135659.717885 46210690450217080.000000 6.073465 11.901650 11.901650 1.000000
11.901650 11.901650 11.901650 11.901650 11.901650 11.901650 11.901650 11.901650 11.901650 71124.762180 6.073465 6.073465 11.901650 11.901650 11.901650 135659.717885 46210690450217080.000000 6.073465 11.901650 11.901650 1.000000
11.901650 11.901650 11.901650 11.901650 11.901650 11.901650 11.901650 11.901650 11.901650 71124.762180 6.073465 6.073465 11.901650 11.901650 11.901650 135659.717885 46210690450217080.000000 6.073465 11.901650 11.901650 1.000000
11.901650 11.901650 11.901650 11.901650 11.901650 11.901650 11.901650 11.901650 11.901650 71124.762180 6.073465 6.073465 11.901650 11.901650 11.901650 135659.717885 46210690450217080.000000 6.073465 11.901650 11.901650 1.000000
11.901650 11.901650 11.901650 11.901650 11.901650 11.901650 11.901650 11.901650 11.901650 71124.762180 6.073465 6.073465 11.901650 11.901650 11.901650 135659.717885 46210690450217080.000000 6.073465 11.901650 11.901650 1.000000
11.901650 11.901650 11.901650 11.901650 11.901650 11.901650 11.901650 11.901650 11.901650 71124.762180 6.073465 6.073465 11.901650 11.901650 11.901650 135659.717885 46210690450217080.000000 6.073465 11.901650 11.901650 1.000000
11.901650 11.901650 11.901650 11.901650 11.901650 11.901650 11.901650 11.901650 11.901650 71124.762180 6.073465 6.073465 11.901650 11.901650 11.901650 135659.717885 46210690450217080.000000 6.073465 11.901650 11.901650 1.000000
11.901650 11.901650 11.901650 11.901650 11.901650 11.901650 11.901650 11.901650 11.901650 71124.762180 6.073465 6.073465 11.901650 11.901650 11.901650 135659.717885 46210690450217080.000000 6.073465 11.901650 11.901650 1.000000
11.901650 11.901650 11.901650 11.901650 11.901650 11.901650 11.901650 11.901650 11.901650 71124.762180 6.073465 6.073465 11.901650 11.901650 11.901650 135659.717885 46210690450217080.000000 6.073465 11.901650 11.901650 1.000000
11.901650 11.901650 11.901650 11.901650 11.901650 11.901650 11.901650 11.901650 11.901650 71124.762180 6.073465 6.073465 11.901650 11.901650 11.901650 135659.717885 46210690450217080.000000 6.073465 11.901650 11.901650 1.000000
11.901650 11.901650 11.901650 11.901650 11.901650 11.901650 11.901650 11.901650 11.901650 71124.762180 6.073465 6.073465 11.901650 11.901650 11.901650 135659.717885 46210690450217080.000000 6.073465 11.901650 11.901650 1.000000
11.901650 11.901650 11.901650 11.901650 11.901650 11.901650 11.901650 11.901650 11.901650 71124.762180 6.073465 6.073465 11.901650 11.901650 11.901650 135659.717885 46210690450217080.000000 6.073465 11.901650 11.901650 1.000000
11.901650 11.901650 11.901650 11.901650 11.901650 11.901650 11.901650 11.901650 11.901650 71124.762180 6.073465 6.073465 11.901650 11.901650 11.901650 135659.717885 46210690450217080.000000 6.073465 11.901650 11.901650 1.000000
11.901650 11.901650 11.901650 11.901650 11.901650 11.901650 11.901650 11.901650 11.901650 71124.762180 6.073465 6.073465 11.901650 11.901650 11.901650 135659.717885 46210690450217080.000000 6.073465 11.901650 11.901650 1.000000
11.901650 11.901650 11.901650 11.901650 11.901650 11.901650 11.901650 11.901650 11.901650 71124.762180 6.073465 6.073465 11.901650 11.901650 11.901650 135659.717885 46210690450217080.000000 6.073465 11.901650 11.901650 1.000000
11.901650 11.901650 11.901650 11.901650 11.901650 11.901650 11.901650 11.901650 11.901650 71124.762180 6.073465 6.073465 11.901650 11.901650 11.901650 135659.717885 46210690450217080.000000 6.073465 11.901650 11.901650 1.000000
11.901650 11.901650 11.901650 11.901650 11.901650 11.901650 11.901650 11.901650 11.901650 71124.762180 6.073465 6.073465 11.901650 11.901650 11.901650 135659.717885 46210690450217080.000000 6.073465 11.901650 11.901650 1.000000
11.901650 11.901650 11.901650 11.901650 11.901650 11.901650 11.901650 11.901650 11.901650 71124.762180 6.073465 6.073465 11.901650 11.901650 11.901650 135659.717885 46210690450217080.000000 6.073465 11.901650 11.901650 1.000000
11.901650 11.901650 11.901650 11.901650 11.901650 11.901650 11.901650 11.901650 11.901650 71124.762180 6.073465 6.073465 11.901650 11.901650 11.901650 135659.717885 46210690450217080.000000 6.073465 11.901650 11.901650 1.000000
11.901650 11.901650 11.901650 11.901650 11.901650 11.901650 11.901650 11.901650 11.901650 71124.762180 6.073465 6.073465 11.901650 11.901650 11.901650 135659.717885 46210690450217080.000000 6.073465 11.901650 11.901650 1.000000
11.901650 11.901650 11.901650 11.901650 11.901650 11.901650 11.901650 11.901650 11.901650 71124.762180 6.073465 6.073465 11.901650 11.901650 11.901650 135659.717885 46210690450217080.000000 6.073465 11.901650 11.901650 1.000000
11.901650 11.901650 11.901650 11.901650 11.901650 11.901650 11.901650 11.901650 11.901650 71124.762180 6.073465 6.073465 11.901650 11.901650 11.901650 135659.717885 46210690450217080.000000 6.073465 11.901650 11.901650 1.000000
11.901650 11.901650 11.901650 11.901650 11.901650 11.901650 11.901650 11.901650 11.901650 71124.762180 6.073465 6.073465 11.901650 11.901650 11.901650 135659.717885 46210690450217080.000000 6.073465 11.901650 11.901650 1.000000
11.901650 11.901650 11.901650 11.901650 11.901650 11.901650 11.901650 11.901650 11.901650 71124.762180 6.073465 6.073465 11.901650 11.901650 11.901650 135659.717885 46210690450217080.000000 6.073465 11.901650 11.901650 1.000000
11.901650 11.901650 11.901650 11.901650 11.901650 11.901650 11.901650 11.901650 11.901650 71124.762180 6.073465 6.073465 11.901650 11.901650 11.901650 135659.717885 46210690450217080.000000 6.073465 11.901650 11.901650 1.000000
11.901650 11.901650 11.901650 11.901650 11.901650 11.901650 11.901650 11.901650 11.901650 71124.762180 6.073465 6.073465 11.901650 11.901650 11.901650 135659.717885 46210690450217080.000000 6.073465 11.901650 11.901650 1.000000
11.901650 11.901650 11.901650 11.901650 11.901650 11.901650 11.901650 11.901650 11.901650 71124.762180 6.073465 6.073465 11.901650 11.901650 11.901650 169574.647352 36968552360194712.000000 6.073465 11.901650 11.901650 1.000000
11.901650 11.901650 11.901650 11.901650 11.901650 11.901650 11.901650 11.901650 11.901650 71124.762180 6.073465 6.073465 11.901650 11.901650 11.901650 169574.647352 36968552360194712.000000 6.073465 11.901650 11.901650 1.000000
11.901650 11.901650 11.901650 11.901650 11.901650 11.901650 11.901650 11.901650 11.901650 71124.762180 6.073465 6.073465 11.901650 11.901650 11.901650 169574.647352 36968552360194712.000000 6.073465 11.901650 11.901650 1.000000
11.901650 11.901650 11.901650 11.901650 11.901650 11.901650 11.901650 11.901650 11.901650 71124.762180 6.073465 6.073465 11.901650 11.901650 11.901650 169574.647352 36968552360194712.000000 6.073465 11.901650 11.901650 1.000000
11.901650 11.901650 11.901650 11.901650 11.901650 11.901650 11.901650 11.901650 11.901650 71124.762180 6.073465 6.073465 11.901650 11.901650 11.901650 169574.647352 36968552360194712.000000 6.073465 11.901650 11.901650 1.000000
11.901650 11.901650 11.901650 11.901650 11.901650 11.901650 11.901650 11.901650 11.901650 71124.762180 6.073465 6.073465 11.901650 11.901650 11.901650 169574.647352 36968552360194712.000000 6.073465 11.901650 11.901650 1.000000
11.901650 11.901650 11.901650 11.901650 11.901650 11.901650 11.901650 11.901650 11.901650 71124.762180 6.073465 6.073465 11.901650 11.901650 11.901650 169574.647352 36968552360194712.000000 6.073465 11.901650 11.901650 1.000000
11.901650 11.901650 11.901650 11.901650 11.901650 11.901650 11.901650 11.901650 11.901650 71124.762180 6.073465 6.073465 11.901650 11.901650 11.901650 169574.647352 36968552360194712.000000 6.073465 11.901650 11.901650 1.000000
11.901650 11.901650 11.901650 11.901650 11.901650 11.901650 11.901650 11.901650 11.901650 71124.762180 6.073465 6.073465 11.901650 11.901650 11.901650 169574.647352 36968552360194712.000000 6.073465 11.901650 11.901650 1.000000
11.901650 11.901650 11.901650 11.901650 11.901650 11.901650 11.901650 11.901650 11.901650 71124.762180 6.073465 6.073465 11.901650 11.901650 11.901650 169574.647352 36968552360194712.000000 6.073465 11.901650 11.901650 1.000000
11.901650 11.901650 11.901650 11.901650 11.901650 11.901650 11.901650 11.901650 11.901650 71124.762180 6.073465 6.073465 11.901650 11.901650 11.901650 169574.647352 36968552360194712.000000 6.073465 11.901650 11.901650 1.000000
11.901650 11.901650 11.901650 11.901650 11.901650 11.901650 11.901650 11.901650 11.901650 71124.762180 6.073465 6.073465 11.901650 11.901650 11.901650 169574.647352 36968552360194712.000000 6.073465 11.901650 11.901650 1.000000
11.901650 11.901650 11.901650 11.901650 11.901650 11.901650 11.901650 11.901650 11.901650 71124.762180 6.073465 6.073465 11.901650 11.901650 11.901650 169574.647352 36968552360194712.000000 6.073465 11.901650 11.901650 1.000000
