4.177560
4.135021
4.182408
4.082926
4.160661
4.058667
4.100700
4.132983
4.188332
4.135815
3.910775
3.909399
4.191904
4.094975
4.145188
3.949360
4.104020
4.211218
4.054836
4.116447
4.179694
4.139835
4.160470
4.139958
4.205363
4.074979
3.989984
3.706466
3.702299
3.881346
4.076046
4.088369
3.654719
4.050245
3.754619
3.724271
4.071401
3.981829
3.839907
4.038365
3.681901
3.863676
3.979372
3.156339
3.628832
3.703046
4.119116
3.685244
3.789078
3.590806
3.589132
3.817670
3.531774
4.050230
3.977558
4.148170
3.693733
3.469658
3.600103
3.119147
4.075206
4.038011
4.004512
3.895997
3.477623
3.070657
4.084208
3.545834
4.082290
4.046559
3.600827
3.648611
3.724176
3.517082
3.930809
3.221025
3.503015
3.675837
3.516042
3.110055
4.160145
3.171409
0.000000
3.180267
3.088420
3.709329
4.086822
3.195578
0.000000
3.192532
2.900103
3.164619
3.504779
3.245457
3.548815
3.352029
3.541718
3.197069
2.990497
3.546902
0.000000
3.095007
2.499601
0.000000
0.000000
2.899661
2.720680
0.000000
3.371024
2.338671
2.758765
3.088654
0.000000
3.345857
2.936520
2.463555
3.560741
0.000000
3.152898
3.068260
2.875694
2.550278
3.626298
2.808996
0.000000
0.000000
2.483712
0.000000
3.720320
2.619338
3.306696
0.000000
0.000000
0.000000
0.000000
2.751219
2.804324
0.000000
0.000000
2.698319
0.000000
0.000000
3.250178
0.000000
0.000000
2.850582
2.562017
0.000000
0.000000
0.000000
0.000000
0.000000
0.000000
0.000000
0.000000
0.000000
1.998022
0.000000
0.000000
2.905699
2.980842
2.582914
0.000000
0.000000
0.000000
0.000000
0.000000
0.000000
0.000000
0.000000
0.000000
2.848662
0.000000
0.000000
2.971789
0.000000
2.651234
0.000000
0.000000
0.000000
0.000000
2.689352
0.000000
0.000000
0.000000
2.751301
0.000000
0.000000
0.000000
0.000000
2.493325
0.000000
0.000000
2.722313
0.000000
0.000000
0.000000
0.000000
0.000000
0.000000
0.000000
0.000000
0.000000
0.000000
0.000000
0.000000
0.000000
0.000000
0.000000
0.000000
0.000000
0.000000
0.000000
0.000000
0.000000
0.000000
0.000000
0.000000
0.000000
0.000000
0.000000
0.000000
0.000000
0.000000
0.000000
0.000000
0.000000
0.000000
2.576712
0.000000
0.000000
0.000000
0.000000
0.000000
0.000000
0.000000
0.000000
0.000000
0.000000
