0.287826
0.242478
0.275842
0.245614
0.228413
0.225022
0.240364
0.224673
0.179273
0.195584
0.193346
0.193219
0.178361
0.203828
0.185580
0.189999
0.187822
0.171538
0.178113
0.181245
0.168576
0.191386
0.178956
0.193572
0.202357
0.155257
0.184859
0.209739
0.250410
0.200420
0.220861
0.205969
0.223618
0.168176
0.262686
0.211108
0.209283
0.188325
0.226092
0.205829
0.247540
0.207113
0.218332
0.207216
0.238127
0.227225
0.204518
0.224691
0.221204
0.209732
0.246778
0.127552
0.159597
0.235651
0.236678
0.215952
0.244076
0.232588
0.273252
0.227287
0.214451
0.246871
0.192629
0.191022
0.236316
0.267926
0.234060
0.209532
0.269568
0.212911
0.251424
0.201182
0.262437
0.225834
0.239406
0.255999
0.204782
0.225641
0.243856
0.162681
0.247796
0.251916
0.297050
0.233492
0.269004
0.225910
0.217180
0.258157
0.258994
0.243184
0.212675
0.231332
0.217887
0.126495
0.248461
0.213734
0.189575
0.211715
0.243252
0.222459
0.140763
0.227526
0.196453
0.259531
0.185317
0.187322
0.241822
0.176905
0.290516
0.162641
0.177554
0.126214
0.231900
0.182788
0.184777
0.205439
0.168657
0.197321
0.198204
0.176158
0.268378
0.207200
0.165533
0.154318
0.129944
0.120718
0.157083
0.118346
0.141125
0.161860
0.158990
0.166541
0.148011
0.125891
0.161387
0.117761
0.159799
0.133854
0.142477
0.091194
0.123004
0.155202
0.189849
0.113776
0.170782
0.159126
0.134281
0.120909
0.125225
0.276789
0.149670
0.144728
0.148822
0.145021
0.138086
0.116980
0.146084
0.136630
0.156703
0.077441
0.230514
0.128802
0.146629
0.142570
0.139418
0.131063
0.147330
0.139907
0.085343
0.142602
0.116781
0.131569
0.246176
0.130858
0.164684
0.131561
0.131916
0.130035
0.128612
0.129349
0.124725
0.132657
0.107247
0.125499
0.123951
0.123246
0.161131
0.127457
0.141318
0.123947
0.144482
0.123899
0.122830
0.120994
0.122707
0.131664
0.120630
0.129205
0.121213
0.129788
0.092915
0.122890
0.119338
0.128439
0.125026
0.137301
0.126743
0.125837
0.118806
0.125005
0.127962
0.125453
0.124945
0.122952
0.127323
0.127264
0.124171
0.120596
0.116014
0.122360
0.125339
0.123239
0.127513
0.122685
0.121982
0.121924
0.121600
0.121625
0.121061
0.124085
0.121130
0.120745
0.123139
0.120792
0.120077
0.119952
0.122864
0.119583
0.107927
0.118678
0.155884
0.076552
0.118173
0.122347
0.128375
0.122561
0.117780
0.117547
0.121730
0.117396
0.146410
0.123639
0.121359
0.116347
0.115399
0.120756
0.116279
0.120732
0.115487
0.116078
0.119907
0.115618
0.119924
0.115399
0.119829
0.115300
0.119612
0.114680
0.114676
0.118872
0.087026
0.114033
0.114159
0.070628
0.113379
0.118171
0.113430
0.113307
0.118237
0.113391
0.113377
0.117901
0.113060
0.117743
0.112931
0.117682
0.112911
0.117565
0.112351
0.117221
0.103992
0.117243
0.114437
0.111600
0.111758
0.116957
0.102766
0.116570
0.101987
0.116581
0.103355
0.113603
0.110476
0.110203
0.110023
0.102792
0.109817
0.109792
0.118876
0.109532
0.118578
0.115834
0.108895
0.118203
0.108692
0.118297
0.115560
0.108340
0.118157
0.108301
0.117841
0.115405
0.107688
0.107913
0.071418
0.117755
0.117703
0.107600
0.117767
0.117724
0.107492
0.085776
0.085063
0.084907
0.085011
0.084923
0.084890
0.085086
0.085072
0.085253
0.085263
0.085225
0.085278
0.085388
0.085346
0.085316
0.085324
0.085281
0.085240
0.085198
0.085182
0.085103
0.084931
0.084905
0.085337
0.085282
0.085271
0.085139
0.085240
0.085199
0.085137
0.085099
0.084764
0.085030
0.084962
0.084958
0.084801
0.084741
0.084712
0.084682
0.084833
0.084846
0.084930
0.084898
0.084864
0.085004
0.084626
0.084603
0.084558
0.084523
0.084785
0.084797
0.084682
