0.401619
0.420674
0.413305
0.436801
0.395752
0.409245
0.430985
0.336276
0.325738
0.368133
0.348744
0.292780
0.298074
0.278954
0.338404
0.257160
0.262178
0.284843
0.282811
0.301056
0.225271
0.235644
0.252631
0.272534
0.253272
0.348808
0.297196
0.305334
0.324372
0.290294
0.342179
0.380809
0.282743
0.364709
0.291142
0.320321
0.389352
0.340233
0.344246
0.386926
0.354229
0.349223
0.337944
0.387386
0.274367
0.331797
0.350752
0.348160
0.316648
0.303038
0.365230
0.411685
0.414357
0.382514
0.381073
0.351670
0.476912
0.357092
0.309217
0.252316
0.335014
0.317753
0.357133
0.374430
0.359126
0.372957
0.348584
0.323644
0.312800
0.356717
0.347664
0.359990
0.356748
0.270614
0.422268
0.276230
0.382232
0.455500
0.490733
0.417887
0.414723
0.343471
0.393090
0.359915
0.482980
0.399004
0.459415
0.408954
0.427938
0.452408
0.426251
0.298913
0.410128
0.316444
0.296788
0.351943
0.436872
0.314376
0.337201
0.343652
0.311494
0.438879
0.367979
0.416169
0.353624
0.363230
0.338143
0.305002
0.351535
0.442991
0.301991
0.316060
0.287148
0.206686
0.477489
0.317250
0.250800
0.223989
0.346056
0.355074
0.298153
0.358104
0.579178
0.223368
0.343718
0.285343
0.261306
0.340732
0.299421
0.220907
0.387904
0.489885
0.215122
0.290700
0.248676
0.267061
0.279190
0.226280
0.227973
0.220152
0.249081
0.619683
0.118268
0.235673
0.237865
0.162378
0.239207
0.399417
0.230091
0.373767
0.218602
0.237535
0.234195
0.195528
0.211519
0.329267
0.248089
0.209272
0.208664
0.230200
0.285299
0.159921
0.192793
0.204118
0.085973
0.192571
0.197005
0.184053
0.232300
0.238125
0.270672
0.188579
0.184417
0.257196
0.197243
0.193793
0.188647
0.221995
0.218852
0.173089
0.181901
0.181162
0.179100
0.178913
0.176552
0.175177
0.176373
0.179081
0.175772
0.175787
0.160597
0.172115
0.122263
0.172082
0.170474
0.169317
0.188987
0.170921
0.162489
0.175248
0.164167
0.163113
0.167693
0.160455
0.159853
0.202317
0.158486
0.157866
0.169273
0.163365
0.153116
0.175676
0.145900
0.151943
0.175095
0.154762
0.149269
0.190391
0.148003
0.147943
0.147639
0.145867
0.145652
0.155344
0.156547
0.153529
0.152675
0.164375
0.141861
0.152865
0.140764
0.151808
0.139162
0.147994
0.135941
0.086667
0.173721
0.123304
0.148988
0.147656
0.138676
0.099172
0.126961
0.126454
0.126453
0.131784
0.134014
0.129497
0.125832
0.137402
0.116934
0.125445
0.133545
0.163926
0.128686
0.138375
0.136805
0.134353
0.110463
0.137048
0.119401
0.075473
0.072537
0.070812
0.075855
0.073746
0.073641
0.072907
0.113078
0.073699
0.072835
0.072264
0.071869
0.071931
0.071432
0.070821
0.070256
0.070388
0.070099
0.069804
0.069549
0.069226
0.116828
0.069217
0.116677
0.070250
0.112639
0.070782
0.069576
0.068741
0.068286
0.067889
0.067844
0.067542
0.067295
0.067283
0.067094
0.067074
0.116606
0.116622
0.116631
0.067373
0.116150
0.067167
0.116237
0.066840
0.115941
0.066979
0.116371
0.115608
0.115448
0.115433
0.115721
0.067428
0.104266
0.068960
0.067295
0.066715
0.066401
0.066344
0.066225
0.115314
