0.155046
0.149880
0.165601
0.164803
0.154730
0.155799
0.166429
0.163006
0.157470
0.150781
0.154322
0.156408
0.155403
0.149351
0.156104
0.152654
0.143277
0.150227
0.144034
0.156002
0.140533
0.149830
0.143784
0.150740
0.149591
0.165588
0.174458
0.179603
0.181641
0.184571
0.181998
0.182114
0.188751
0.164041
0.166980
0.167236
0.167873
0.179743
0.167610
0.180729
0.166596
0.167121
0.177288
0.168663
0.156257
0.157898
0.170410
0.181185
0.161909
0.164641
0.165378
0.109109
0.175252
0.155235
0.160808
0.220149
0.181628
0.165489
0.197301
0.212976
0.144864
0.187830
0.196297
0.183970
0.203241
0.169757
0.208843
0.188334
0.181298
0.179116
0.215112
0.203228
0.203795
0.182605
0.134295
0.207584
0.137843
0.213345
0.102248
0.186631
0.209824
0.195077
0.117867
0.193820
0.187243
0.214417
0.194757
0.203273
0.186060
0.207810
0.206749
0.154466
0.205631
0.231353
0.174198
0.183890
0.158943
0.169800
0.225691
0.128127
0.207972
0.201447
0.185369
0.154943
0.204814
0.194887
0.178920
0.163049
0.140968
0.151945
0.167516
0.143063
0.169544
0.207491
0.194572
0.209248
0.137047
0.240725
0.147288
0.218485
0.181010
0.131806
0.110362
0.168666
0.176468
0.193757
0.105442
0.222813
0.128482
0.126749
0.100201
0.127563
0.125672
0.139303
0.118965
0.118333
0.140550
0.123452
0.156221
0.132927
0.158207
0.215964
0.115099
0.100706
0.129054
