4.187525
4.125339
4.102633
4.117058
4.141003
4.215791
4.086591
4.127720
4.170005
4.147163
4.152879
4.187091
4.139866
4.032152
4.129836
4.101358
4.116746
4.148446
4.066876
4.134592
4.192711
4.176106
4.129514
4.133497
4.140308
4.116884
4.112535
3.750493
3.766647
3.761201
3.932506
3.779658
4.039129
4.059019
4.045281
3.870951
3.995997
3.713868
3.978287
3.752760
3.720204
3.610101
3.787994
4.079971
3.610945
4.064182
4.093332
3.683503
4.013929
4.017330
3.139560
4.078916
3.455230
3.553729
3.697403
3.650570
4.098934
3.645637
3.930877
3.909782
3.497612
3.427362
3.722647
4.046265
3.655482
3.316044
3.469983
3.406299
3.270069
3.742723
3.757102
3.473267
3.528619
3.940448
3.472993
3.167509
3.296622
3.650858
3.458198
3.415027
3.415543
2.777708
3.533783
3.040602
2.721482
3.540408
3.327165
3.454294
3.439643
3.689371
3.465934
3.053402
3.410420
3.504361
3.491400
3.493406
3.432365
2.993545
3.430267
3.389117
0.000000
3.598604
3.562134
3.391263
3.246806
0.000000
3.143414
3.365393
3.650737
3.248082
1.590628
2.748703
3.340804
3.714744
3.598050
3.523718
3.595731
3.216981
1.994555
3.521573
3.312649
3.518668
3.440800
3.279475
3.387701
3.071077
2.027368
1.555982
2.072372
1.979820
3.346762
2.697547
0.248940
3.435296
0.000000
2.862624
2.947874
0.711024
2.473640
1.753964
2.824007
3.186323
3.242518
2.135275
3.385655
3.384712
3.308118
0.000000
3.200939
2.056665
1.047774
0.000000
2.173417
0.000000
1.886580
3.357425
0.000000
0.000000
1.982246
3.303924
0.000000
0.000000
0.000000
1.420656
3.036863
2.270396
3.519977
3.190490
2.977587
0.000000
1.516199
0.000000
0.000000
1.511343
1.728548
1.949937
0.000000
0.000000
2.981864
2.029181
0.000000
0.000000
2.151859
0.000000
3.201044
0.000000
3.352115
0.000000
2.027234
0.000000
1.801014
0.000000
1.951445
1.913360
0.000000
0.000000
0.000000
0.000000
3.327586
0.000000
0.000000
0.000000
0.000000
0.000000
0.000000
1.968063
1.568986
0.000000
0.000000
0.000000
0.000000
0.000000
0.000000
0.000000
0.000000
0.000000
1.390628
3.239793
0.000000
3.260228
3.327773
0.000000
0.000000
3.156295
3.328272
3.328272
3.274693
3.327773
3.327773
3.335043
3.327701
3.327971
3.327561
3.327561
3.274294
3.327561
3.327449
3.334151
3.286950
3.327447
3.327185
3.327595
3.283752
3.324835
3.319815
3.330129
3.334340
0.000000
3.326855
3.326855
3.326203
3.333706
3.334221
3.328152
3.325930
3.326302
3.325930
3.325930
3.325930
3.325790
3.325615
3.325786
3.322921
3.325274
3.325274
