0.691520
0.648693
0.702308
0.674492
0.637632
0.627151
0.624452
0.581127
0.588803
0.581229
0.627010
0.339035
0.490038
0.549001
0.468002
0.497863
0.511832
0.445709
0.457323
0.435074
0.441899
0.444998
0.425433
0.402312
0.396452
0.453448
0.450377
0.427580
0.396225
0.462015
0.398211
0.482429
0.427122
0.306083
0.319077
0.383781
0.314219
0.368016
0.413175
0.387401
0.378468
0.290268
0.297096
0.300948
0.338844
0.280983
0.328571
0.339998
0.328397
0.323332
0.327381
0.376104
0.270390
0.326905
0.317946
0.335008
0.325384
0.372364
0.206880
0.331907
0.368126
0.317660
0.343076
0.338078
0.338999
0.290714
0.345893
0.387564
0.312691
0.361259
0.333223
0.301341
0.325500
0.378260
0.236880
0.387017
0.343676
0.352460
0.212163
0.317496
0.258946
0.352576
0.372517
0.322518
0.374299
0.340340
0.384765
0.332304
0.245769
0.340104
0.215668
0.237982
0.271691
0.332443
0.317771
0.275533
0.225948
0.286679
0.221245
0.188636
0.327804
0.303243
0.315555
0.252101
0.346049
0.267931
0.398849
0.305872
0.181625
0.418876
0.309808
0.369947
0.307326
0.237597
0.193760
0.276547
0.270928
0.331074
0.395178
0.337121
0.215501
0.240603
0.275529
0.302785
0.231252
0.222540
0.339200
0.243728
0.423107
0.237401
0.238661
0.235435
0.297071
0.429400
0.230902
0.268848
0.319413
0.241656
0.224548
0.259119
0.242744
0.199402
0.235706
0.252914
0.328308
0.233288
0.229207
0.247640
0.235226
0.306707
0.241662
0.282317
0.225619
0.235798
0.314562
0.245826
0.243623
0.244728
0.270053
0.242440
0.214861
0.241508
0.324519
0.244027
0.241958
0.243234
0.239999
0.247234
0.318429
0.422397
0.239254
0.253113
0.242381
0.240783
0.243556
0.237099
0.242645
0.239288
0.242911
0.243665
0.243380
0.234681
0.232503
0.241998
0.242806
0.301259
0.230752
0.240953
0.240541
0.240201
0.241944
0.253281
0.240712
0.239616
0.239919
0.242473
0.240755
0.249467
0.239838
0.245843
0.238404
0.251376
0.297598
0.241335
0.241869
0.231602
0.241552
0.340088
0.326486
0.232438
0.242113
0.242829
0.240052
0.230257
0.240273
0.265178
0.240091
0.240430
0.238992
0.241795
0.239556
0.251934
0.239592
0.239388
0.236912
0.239219
0.296781
0.240707
0.240427
0.240338
0.241427
0.239958
0.240704
0.239766
0.239507
0.241092
0.239269
0.255632
0.240139
0.239362
0.240929
0.238132
0.238932
0.241510
0.238718
0.239718
0.242799
0.237998
0.240392
0.242632
0.238278
0.241625
0.215938
0.237935
0.237051
0.242404
0.237046
0.264230
0.242321
0.237071
0.236978
0.242119
0.236886
0.242155
0.236796
0.242083
0.239692
0.238678
0.238895
0.239428
0.239462
0.240921
0.239389
0.212477
0.240808
0.239327
0.239278
0.239229
0.274871
0.240676
0.240602
0.239041
0.238992
0.240449
0.238918
0.240358
0.238849
0.239165
0.223588
0.239479
0.239411
0.240346
0.239553
0.240845
0.238994
0.239422
0.240767
0.234650
0.238827
0.240652
0.238753
0.239188
0.240270
0.238617
0.238992
0.240075
0.234285
0.238873
0.239964
0.238367
0.238316
0.239847
0.238225
0.239767
0.238141
0.238090
0.240006
0.238009
0.238460
0.239563
0.238095
0.237835
0.239432
0.237756
0.237704
0.239311
0.233381
0.238115
0.239321
0.231311
0.238751
0.238698
0.239553
0.238848
0.233273
0.233224
0.233174
0.239274
0.233091
0.237704
0.239192
0.232967
0.237038
0.239080
0.232837
0.237468
0.238962
0.236824
0.236775
0.238849
0.232584
0.237271
0.238734
0.236583
0.237016
0.238617
0.232818
0.236317
0.238605
0.236226
0.236179
0.238461
0.236009
0.236664
0.238348
0.235895
0.235846
0.238242
0.232287
0.236351
0.238131
0.235654
0.235606
0.238082
0.232051
0.236165
0.237968
0.235416
0.231889
