4.176786
4.179891
4.127949
4.163953
4.154542
4.081414
4.204975
4.186680
4.166474
4.145567
4.170051
4.155646
4.096188
4.102424
4.137534
4.202750
4.143497
4.190000
4.186197
4.150334
4.203886
4.137192
4.194260
4.170795
4.150753
4.112434
4.089785
4.134390
3.463332
4.059490
4.104721
4.044950
4.083541
4.013081
4.058126
3.760814
4.113646
3.810105
4.189431
4.070596
3.731546
4.031649
4.065361
3.876153
3.296318
4.143359
4.002354
4.087225
4.137325
4.174052
3.970393
3.943393
4.168678
3.758606
3.283833
4.165922
3.777101
3.974138
3.639701
3.788194
3.716367
3.688760
3.479890
3.972671
3.425628
4.112792
4.086600
2.268338
3.962628
3.481090
4.011970
3.695997
3.369806
3.329452
3.293851
3.060871
3.981254
2.519184
0.000000
3.533266
3.429161
4.073401
3.673045
4.012750
3.104672
0.000000
4.142610
0.000000
3.753152
3.024206
3.662462
3.955256
3.784185
3.754637
4.102787
3.755968
4.021576
3.242257
4.036751
4.079469
4.035168
0.000000
0.000000
4.108353
0.000000
0.000000
3.818556
3.364316
1.252994
3.335141
0.000000
3.610180
1.579513
0.000000
3.833817
0.000000
4.192230
0.000000
0.000000
0.000000
0.000000
4.210638
0.000000
0.000000
3.449599
0.000000
0.000000
0.000000
0.000000
0.000000
0.000000
0.000000
0.000000
2.484426
0.000000
0.000000
0.000000
0.000000
0.000000
0.000000
0.000000
4.113752
0.000000
0.000000
0.000000
0.000000
0.000000
4.137504
1.997809
0.000000
0.000000
0.000000
0.000000
0.000000
0.000000
0.000000
0.000000
0.000000
0.000000
0.000000
0.000000
0.000000
0.000000
0.000000
0.000000
0.000000
0.000000
0.000000
0.000000
0.000000
0.000000
0.000000
0.000000
0.000000
0.000000
0.000000
0.000000
0.000000
0.000000
0.000000
0.000000
0.000000
0.000000
0.000000
0.000000
0.000000
0.000000
0.000000
0.804122
0.000000
0.000000
0.000000
0.000000
0.000000
0.000000
0.000000
0.000000
0.000000
0.000000
0.000000
0.000000
0.000000
0.000000
0.000000
0.000000
0.000000
0.000000
0.000000
0.000000
0.000000
0.000000
0.000000
