4.161543
4.108129
4.100092
4.165210
3.917380
4.117298
4.175834
4.157281
3.961525
4.138828
4.165006
4.198133
4.174455
4.099757
4.012102
4.163361
4.211699
4.179656
4.132922
4.153524
3.952837
4.187241
4.144491
4.134590
4.231200
3.790317
3.753184
3.651066
4.079545
4.024033
3.805967
4.084112
4.050636
3.730516
3.687909
4.039752
4.163331
3.914635
3.404407
3.577623
3.630442
3.755349
4.112306
4.109263
3.694954
3.773745
4.107446
3.587628
3.465213
4.039639
3.379057
3.946035
3.198989
3.438076
4.075849
3.582632
2.945931
3.611653
3.918584
3.729182
3.262509
3.970785
3.870725
3.603552
3.940956
4.056703
3.520094
3.851898
3.394960
4.045363
3.967923
3.990215
3.752745
4.050865
3.371196
2.982525
3.260835
3.934850
0.000000
3.959705
3.161956
3.155603
3.161433
0.000000
3.587743
2.424561
3.628281
2.632648
3.274073
3.333568
2.923191
2.769990
3.502966
1.817568
1.489255
2.901647
2.910671
3.004488
2.829171
3.614257
2.887675
0.000000
0.000000
3.096221
2.075268
2.828034
2.275777
0.000000
2.835325
0.000000
0.000000
3.510252
1.572187
2.219592
0.000000
0.000000
3.147980
3.147262
2.184815
0.000000
3.071894
0.000000
2.041373
0.000000
0.000000
0.535588
0.000000
2.387558
0.000000
3.096443
1.998814
0.000000
3.781402
3.746142
0.000000
3.901294
0.000000
2.821260
0.000000
2.181556
1.373944
0.000000
1.758608
0.000000
0.000000
2.144845
3.790315
2.779936
0.000000
1.310290
1.844281
1.784796
1.342397
1.723546
1.498940
1.568469
1.882127
3.751807
1.551774
1.630406
2.200282
1.157246
2.581072
3.494424
2.034572
3.174137
3.392060
1.165442
1.551839
1.738667
3.646697
3.572219
2.565833
1.659190
1.809441
1.494993
3.651311
1.513858
1.509645
0.000000
3.517122
3.802990
1.874782
2.600228
1.501222
1.547551
1.501139
2.215690
3.758182
1.591017
0.000000
1.244026
3.785812
1.594137
1.579693
1.485513
3.910302
0.000000
1.774852
1.606413
1.597824
2.184795
1.475434
3.798118
3.828860
1.632501
1.658331
1.658331
3.827923
2.827449
1.658182
1.472650
3.756353
3.827566
3.837635
0.000000
1.587071
1.601291
1.561716
3.800059
1.811454
3.786359
1.595018
1.768565
1.842826
3.827984
1.755620
1.814503
1.598893
2.201593
3.845553
3.845436
3.845436
3.845436
3.802142
3.744714
3.842758
3.842758
1.795842
1.795827
3.768117
2.811423
1.794992
1.794992
3.768117
3.768117
3.767230
3.767230
3.766279
0.000000
3.766279
3.766279
3.766279
3.766279
3.766279
3.766279
3.766279
3.765172
3.764231
3.764045
3.763984
3.763984
3.763984
3.763984
3.763984
3.763984
3.761427
3.761427
3.791833
3.761196
3.761196
3.761120
3.761120
3.761120
3.761120
3.759032
3.757929
3.757929
3.757929
3.757640
3.762849
3.757640
3.757640
3.757545
0.000000
3.849481
3.849481
3.849253
3.849039
3.853256
3.848387
3.848387
3.848387
3.846396
3.846396
3.846396
3.846182
3.845845
3.845845
3.845030
3.845030
3.845030
3.842546
3.842546
3.766067
3.842546
3.841946
3.841946
3.841859
3.840843
2.502343
1.705444
1.414950
1.414831
1.414468
1.414468
1.414468
1.414468
1.414468
1.784010
1.405835
1.798574
1.405835
1.798013
1.405835
1.405688
0.000000
1.405688
1.405241
1.405241
1.398760
1.397895
1.394604
0.000000
1.394604
1.394604
1.394604
1.394605
1.394605
1.394605
1.394605
1.394605
1.394605
1.394605
1.394605
0.000000
1.394605
1.393349
1.388719
1.388719
1.388719
1.388719
1.388719
1.388719
1.388719
0.466661
0.466661
0.466661
0.466661
0.466661
0.466661
0.466661
0.466661
0.466661
0.466661
0.466661
0.466661
0.466661
0.467052
0.467052
0.467052
0.467052
0.467052
1.516586
0.469395
0.469890
1.516586
0.000000
1.388719
1.388719
1.388719
1.388719
1.388719
1.388719
1.388719
1.388719
1.388719
1.388719
0.000000
1.388719
1.387387
1.387387
1.387387
1.387387
1.387387
1.382329
1.515494
0.466661
0.466661
1.183530
1.183530
1.183530
0.466661
1.183530
1.183530
0.469395
1.183530
0.469395
1.189074
1.190205
1.190205
1.190205
1.191377
1.191377
1.191377
1.191377
1.191377
1.191377
1.191377
2.774095
1.191377
1.387387
