0.308157
0.340962
0.293204
0.279282
0.261303
0.277247
0.249935
0.239825
0.241348
0.255464
0.252690
0.221357
0.222536
0.214106
0.254056
0.236040
0.213437
0.223803
0.209014
0.229534
0.213605
0.199105
0.190217
0.222679
0.180170
0.261699
0.232461
0.257803
0.237074
0.227908
0.221431
0.235986
0.218574
0.245431
0.236280
0.242384
0.243094
0.243647
0.244776
0.260745
0.236901
0.272314
0.273175
0.220277
0.219898
0.258956
0.263330
0.218375
0.236816
0.231448
0.279062
0.287762
0.231357
0.296857
0.237017
0.286087
0.278330
0.260311
0.295350
0.260115
0.271768
0.247565
0.300808
0.259239
0.287100
0.251197
0.245134
0.303876
0.241436
0.300779
0.250386
0.287739
0.247550
0.296451
0.267584
0.260225
0.278696
0.253619
0.311939
0.295829
0.309830
0.281755
0.309910
0.253436
0.302987
0.240034
0.309718
0.294991
0.296356
0.278239
0.275316
0.300872
0.295189
0.328936
0.308386
0.268498
0.279880
0.301698
0.245230
0.276152
0.299370
0.298675
0.317546
0.252396
0.236039
0.259620
0.272263
0.346714
0.266774
0.240815
0.264930
0.256482
0.208443
0.331914
0.274785
0.180633
0.241425
0.194739
0.207639
0.415260
0.349954
0.271209
0.211982
0.202276
0.272438
0.167770
0.171838
0.181818
0.336640
0.160396
0.158979
0.148420
0.161468
0.145841
0.186638
0.282373
0.141897
0.178905
0.137339
0.229789
0.121561
0.185013
0.123736
0.502797
0.505303
0.108026
0.147131
0.134879
0.134301
0.138540
0.128012
0.121354
0.141593
0.209964
0.128630
0.116010
0.130225
0.121666
0.217274
0.184767
0.132740
0.126598
0.129935
0.143887
0.130272
0.172097
0.145249
0.174477
0.130221
0.096188
0.128016
0.224549
0.362379
0.126826
0.125390
0.120963
0.166698
0.106564
0.119791
0.114259
0.089827
0.127733
0.092409
0.100683
0.106696
0.154166
0.114964
0.262971
0.115297
0.127578
0.092909
0.093232
0.094860
0.096780
0.119097
0.093283
0.138777
0.155304
0.120794
0.164479
0.088866
0.088074
0.099860
0.085590
0.085476
0.085465
0.086905
0.138202
0.085619
0.085364
0.213886
0.085735
0.085169
0.086478
0.085033
0.085084
0.111615
0.115211
0.086105
0.170737
0.084863
