197.000000
251.000000
232.000000
206.000000
219.000000
238.000000
222.000000
214.000000
212.000000
233.000000
194.000000
213.000000
215.000000
182.000000
239.000000
250.000000
234.000000
220.000000
204.000000
178.000000
228.000000
200.000000
217.000000
226.000000
207.000000
96.000000
62.000000
91.000000
95.000000
79.000000
91.000000
100.000000
115.000000
101.000000
91.000000
105.000000
88.000000
96.000000
95.000000
81.000000
96.000000
134.000000
97.000000
107.000000
108.000000
82.000000
85.000000
96.000000
104.000000
110.000000
61.000000
47.000000
72.000000
119.000000
58.000000
53.000000
62.000000
66.000000
43.000000
61.000000
76.000000
43.000000
74.000000
81.000000
48.000000
59.000000
51.000000
60.000000
82.000000
56.000000
49.000000
56.000000
109.000000
53.000000
59.000000
52.000000
46.000000
41.000000
31.000000
37.000000
44.000000
41.000000
31.000000
41.000000
28.000000
43.000000
57.000000
62.000000
56.000000
42.000000
52.000000
31.000000
31.000000
55.000000
27.000000
54.000000
40.000000
52.000000
52.000000
36.000000
34.000000
13.000000
28.000000
21.000000
23.000000
26.000000
28.000000
24.000000
25.000000
36.000000
33.000000
24.000000
31.000000
28.000000
44.000000
30.000000
15.000000
20.000000
17.000000
27.000000
19.000000
33.000000
18.000000
16.000000
27.000000
10.000000
15.000000
13.000000
13.000000
5.000000
19.000000
16.000000
11.000000
8.000000
12.000000
13.000000
14.000000
9.000000
10.000000
13.000000
15.000000
22.000000
13.000000
14.000000
10.000000
18.000000
17.000000
12.000000
12.000000
16.000000
6.000000
6.000000
8.000000
9.000000
9.000000
8.000000
10.000000
10.000000
9.000000
6.000000
13.000000
3.000000
5.000000
11.000000
6.000000
12.000000
8.000000
6.000000
9.000000
10.000000
8.000000
13.000000
8.000000
13.000000
8.000000
5.000000
10.000000
2.000000
2.000000
5.000000
3.000000
4.000000
2.000000
4.000000
6.000000
2.000000
7.000000
6.000000
5.000000
4.000000
2.000000
0.000000
3.000000
3.000000
4.000000
4.000000
5.000000
8.000000
4.000000
7.000000
4.000000
1.000000
2.000000
2.000000
2.000000
2.000000
4.000000
3.000000
3.000000
4.000000
4.000000
0.000000
5.000000
3.000000
1.000000
3.000000
2.000000
0.000000
3.000000
4.000000
1.000000
1.000000
1.000000
