0.455748
0.431201
0.391597
0.396756
0.305209
0.351493
0.360994
0.304354
0.290047
0.302497
0.358674
0.277776
0.298406
0.309114
0.273655
0.295592
0.296258
0.261696
0.265372
0.274121
0.296296
0.287878
0.247577
0.274739
0.249461
0.330670
0.341519
0.346731
0.333033
0.322732
0.302094
0.326669
0.309089
0.312530
0.327163
0.282868
0.340586
0.307999
0.332389
0.345596
0.335533
0.289871
0.306729
0.346580
0.333080
0.337520
0.316507
0.315821
0.348641
0.329922
0.384286
0.353340
0.362194
0.407450
0.342286
0.367291
0.394584
0.369870
0.364458
0.363782
0.347366
0.335332
0.287642
0.313789
0.401120
0.352071
0.364099
0.381711
0.428865
0.353145
0.428682
0.351060
0.379376
0.337113
0.384370
0.439746
0.181796
0.351407
0.288551
0.362323
0.363336
0.330731
0.396784
0.355002
0.404962
0.401217
0.348027
0.429513
0.338111
0.476262
0.384909
0.387314
0.436913
0.363959
0.451656
0.339293
0.352979
0.302573
0.333068
0.388695
0.460197
0.392352
0.424345
0.369969
0.317433
0.395763
0.341310
0.323804
0.394578
0.285718
0.304143
0.264198
0.291039
0.334134
0.383905
0.375660
0.485645
0.399166
0.527708
0.235250
0.398723
0.274076
0.289592
0.292528
0.314158
0.211216
0.296000
0.277838
0.418833
0.295750
0.350105
0.204739
0.278924
0.235400
0.264372
0.189821
0.217347
0.277698
0.396027
0.292546
0.207960
0.206633
0.507849
0.491708
0.233862
0.265298
0.250639
0.192228
0.189006
0.220767
0.198899
0.207484
0.251524
0.194593
0.206607
0.423783
0.223947
0.386074
0.224750
0.263628
0.222755
0.193259
0.207275
0.218678
0.193240
0.211579
0.285202
0.276864
0.245248
0.176020
0.170436
0.203095
0.225032
0.294782
0.212563
0.207970
0.208271
0.195045
0.201285
0.220066
0.314306
0.216209
0.272876
0.200955
0.202907
0.203589
0.196940
0.244355
0.302568
0.213494
0.155719
0.174098
0.227911
0.203592
0.190364
0.218428
0.194612
0.194875
0.196100
0.231172
0.196202
0.195291
0.194404
0.193526
0.239542
0.150778
0.138513
0.191999
0.188365
0.187909
0.187215
0.186683
0.186328
0.125342
0.193184
0.191324
0.309728
0.192809
0.192720
0.185118
0.184635
0.208671
0.188328
0.205154
0.176273
0.183997
0.186953
0.183038
0.216117
0.186704
0.242459
0.270059
0.186878
0.223480
0.186853
0.186188
0.185466
0.180769
0.180397
0.175680
0.183953
0.174526
0.179042
0.173809
0.179931
0.163532
0.161864
0.180748
0.173169
0.160069
0.181537
0.158929
0.186389
0.212312
0.184134
0.181268
0.182068
0.170634
0.169976
0.175902
0.173473
0.174984
0.175826
0.175243
0.127812
0.168315
0.188007
0.179565
0.171683
0.173145
0.173997
0.173841
0.173505
0.171276
0.180865
0.176486
0.176396
0.175905
0.174815
0.174477
0.174388
0.174027
0.173816
0.173753
0.128022
0.165692
0.122855
0.118873
0.187479
0.182937
0.199588
0.183665
0.115439
0.183565
0.179901
0.177935
0.176805
0.176059
0.175887
0.175455
0.175268
0.174923
0.174672
0.174577
0.174449
0.174237
0.159358
0.167909
0.179253
0.177731
0.176679
