0.279788
0.296023
0.289830
0.323110
0.300048
0.265488
0.227605
0.261848
0.233301
0.257087
0.276863
0.221941
0.252062
0.222245
0.200153
0.206328
0.216590
0.205697
0.191642
0.184015
0.188737
0.195080
0.183898
0.198549
0.194245
0.234016
0.239530
0.258116
0.232999
0.232592
0.269417
0.185919
0.220386
0.243401
0.218428
0.203662
0.234527
0.198887
0.258952
0.247285
0.231402
0.216024
0.242782
0.200020
0.232056
0.204331
0.198514
0.211211
0.257067
0.262019
0.253575
0.208290
0.102592
0.245072
0.267666
0.284313
0.211779
0.255311
0.207340
0.191551
0.230478
0.245873
0.188234
0.243898
0.241472
0.226134
0.209974
0.259326
0.252990
0.217098
0.251009
0.214388
0.197226
0.249819
0.235249
0.182033
0.158430
0.214685
0.197673
0.275530
0.201358
0.175665
0.198309
0.245603
0.216927
0.201740
0.279525
0.253693
0.236507
0.260202
0.199596
0.199156
0.218688
0.208368
0.177208
0.230503
0.233039
0.287643
0.208679
0.191424
0.254023
0.276583
0.143469
0.219595
0.195356
0.241334
0.138918
0.209490
0.223640
0.220661
0.127204
0.142817
0.192467
0.155638
0.244842
0.175192
0.220652
0.199627
0.150145
0.206729
0.202929
0.192740
0.258981
0.204580
0.291427
0.170010
0.248817
0.203595
0.193419
0.220993
0.189402
0.220062
0.204171
0.221902
0.156354
0.159386
0.176093
0.187337
0.182932
0.150662
0.169165
0.213006
0.141470
0.164867
0.243025
0.197809
0.167796
0.136024
0.226854
0.097799
0.157147
0.146801
0.155194
0.154485
0.160426
0.160838
0.137625
0.137724
0.150361
0.148770
0.135452
0.164269
0.199369
0.145855
0.144588
0.134379
0.122338
0.141217
0.145445
0.130484
