4.124438
4.151216
4.216784
4.109820
4.181930
4.132739
4.066792
4.106284
4.206010
4.205165
4.089543
3.745824
4.155067
4.049271
4.106256
4.192267
4.228006
4.160537
4.147170
4.132061
4.117757
4.095594
4.201679
4.196866
4.196433
4.103648
3.740708
3.976966
3.769014
4.032491
3.713085
3.674254
4.065542
4.080045
4.081187
4.106017
3.377399
4.098398
4.019800
4.072769
4.099645
3.797875
4.061119
3.751478
3.678383
3.767472
4.009041
4.083940
4.024273
3.994733
3.511339
3.102073
3.332807
3.261854
3.743632
3.871518
3.604394
3.378708
3.634750
3.585165
3.901668
3.578376
3.500327
3.681054
3.065702
3.116162
3.675674
4.040743
3.573782
3.541839
3.514330
4.049676
3.509230
3.960868
3.735370
3.187755
3.281704
3.810068
3.258805
3.019822
3.983397
3.089532
3.451656
3.501060
1.548996
3.529524
3.610743
2.957661
3.930872
3.481390
3.581073
3.521217
3.531869
3.275008
3.087766
3.242947
3.651841
3.257461
2.956977
3.265453
0.000000
0.000000
3.361555
2.646543
3.161936
3.674344
3.595986
2.838137
3.225280
3.266133
3.495400
2.687310
2.924221
3.565583
2.351237
3.440946
2.601637
2.495719
3.323951
2.915878
3.144994
3.343341
3.061182
3.138197
3.451352
3.159984
3.421296
2.889064
2.825183
0.124536
0.000000
2.725213
3.257057
2.714936
2.672083
3.278088
2.887099
3.191718
3.216800
2.695355
3.128075
3.154981
2.742037
2.621522
0.222870
3.072151
3.181027
3.132032
3.090545
2.830507
2.731892
2.731730
2.735937
2.735586
2.775622
2.812752
2.696957
2.726944
0.000000
2.973636
2.737355
2.685112
3.137429
2.969674
2.768561
2.732224
2.683788
3.074356
3.139172
2.732689
2.855405
2.770029
2.828515
2.692656
2.687031
2.712614
2.715729
2.740886
2.682876
2.957916
2.762355
2.730739
2.640273
2.730787
2.712423
2.784978
2.731571
2.773246
2.741331
2.731404
2.718577
2.703335
2.664428
2.738614
2.739178
2.709433
2.760435
2.651911
2.995171
2.728934
2.651894
2.691680
2.651815
2.739250
2.651134
2.651134
2.728193
2.739027
2.727883
2.738748
2.675271
2.848222
2.675095
2.653630
2.671848
2.711539
2.882567
2.695621
2.695485
0.000000
2.673045
2.770172
2.509492
2.694606
2.705717
2.694607
2.694120
2.694120
2.694120
2.644729
3.023293
2.638396
0.000000
2.611701
2.611701
2.548126
2.958394
0.038698
2.620868
2.624076
2.632039
2.703677
1.322090
2.717104
0.000000
0.038595
0.038911
2.669018
2.653510
2.619662
2.668994
2.614540
2.603472
2.716542
2.668994
2.716499
2.622766
0.000000
0.000000
0.000000
2.624156
2.623554
2.645522
2.716499
2.716719
2.627593
2.716289
0.000000
2.618566
2.717666
2.606878
2.698561
2.616235
2.596383
2.627602
2.616235
2.616235
2.616235
0.000000
2.619135
2.619368
2.619134
2.720915
2.599751
0.000000
2.626520
2.626520
0.000000
0.000000
2.621574
2.621574
0.000000
2.597767
2.597767
2.597767
2.631842
2.631779
2.631779
2.631779
2.522171
0.000000
2.632582
2.647895
2.632582
0.000000
0.000000
0.000000
2.622493
0.000000
0.000000
2.635446
2.635446
2.635446
2.635445
2.635445
2.635445
2.635445
2.635445
2.635591
2.635591
2.635624
2.635624
2.635624
2.674741
2.633644
2.633644
2.754267
0.000000
0.000000
0.000000
0.000000
0.000000
2.624600
2.624600
2.624521
2.624521
2.623961
2.621767
2.621767
0.000000
0.000000
0.000000
0.000000
2.640027
2.636094
0.000000
0.000000
0.000000
2.601418
2.593073
0.000000
2.601418
0.000000
0.000000
0.000000
2.603167
2.594811
2.627706
2.571344
2.656988
2.571344
2.571344
2.663803
0.000000
2.673028
1.756780
0.000000
1.759808
0.000000
1.760710
2.685666
0.000000
1.756737
0.000000
0.000000
0.000000
0.000000
0.000000
1.394216
1.387843
0.000000
0.000000
0.000000
0.000000
1.318729
1.318201
1.313631
0.000000
0.000000
1.390282
0.000000
0.000000
0.000000
0.000000
