4.136114
4.156835
4.042327
4.118831
4.149683
4.167625
4.051145
4.170702
4.138994
3.973706
4.164709
4.051765
4.088925
4.058488
4.112513
4.041015
4.195939
4.036662
4.132586
4.186114
4.073115
4.192623
4.166118
4.085003
4.147560
4.067331
4.001428
4.034255
3.997588
3.630889
4.051600
4.130605
3.895258
3.563358
4.118522
3.673026
4.069714
4.059716
4.064429
3.696391
3.606237
3.782321
4.107141
3.592508
3.613782
3.788525
3.658601
4.140485
4.015953
3.625841
3.725094
3.462217
3.509062
3.816442
3.990883
2.494143
3.634069
3.916849
3.793351
3.328648
3.670145
3.978907
4.030154
3.478922
3.704149
3.340418
3.604597
3.687427
3.572509
3.260279
3.575968
3.586742
2.820113
3.928169
3.605855
3.037493
3.506037
3.027767
3.875503
3.075769
3.350217
3.022510
3.557794
3.671315
3.292385
1.828952
4.044855
3.685033
3.130854
3.238116
3.925905
3.189692
3.503347
3.511382
3.137043
2.450878
3.294431
3.121805
3.653552
0.000000
2.956585
3.194990
0.000000
3.629112
3.197254
2.920956
0.000000
2.550228
0.000000
3.014903
2.796046
3.153592
3.231017
3.174183
0.000000
0.000000
3.469885
3.133441
0.000000
2.604935
3.254093
0.000000
0.415801
3.152412
3.236028
0.000000
0.000000
2.869583
0.000000
2.883820
2.928633
0.000000
3.012469
3.057193
0.113031
3.105589
3.230191
0.000000
3.169450
0.424346
2.990640
3.239349
3.231150
3.248999
3.232670
3.139412
3.073971
3.214829
3.247941
3.242196
2.644772
3.139549
3.209037
3.232750
3.067689
3.116032
3.196274
3.139359
3.222358
3.177608
3.137668
3.159261
3.200198
3.095957
3.126375
3.203756
3.212118
3.911137
3.227031
3.231116
3.085156
3.200885
2.922838
3.179801
3.066787
3.227081
3.224440
3.161470
3.212917
3.134127
3.080171
3.085750
3.127709
3.105284
3.105650
3.377163
3.009813
3.103534
3.116575
2.951830
3.152036
3.925609
3.076505
2.999927
2.985167
3.088751
3.201922
2.994451
3.369076
2.988974
2.995731
3.106310
2.962100
2.869011
2.928316
2.950922
2.941478
2.946829
2.941055
2.887487
2.927975
2.937263
2.937263
2.890136
3.120107
2.889711
3.127134
2.899266
2.928676
3.052817
2.891278
2.890747
2.890743
2.890672
2.890672
2.890267
2.889602
2.889602
3.117744
3.053439
3.063315
3.054210
3.054210
3.053489
3.061209
3.061209
3.052798
3.052798
3.061112
3.074062
3.052701
3.063262
3.063262
3.051838
3.035819
3.051838
3.062210
3.062026
3.051934
3.060319
3.051838
3.050756
3.049737
3.060319
3.049737
3.049711
3.056646
3.049711
3.056646
3.003919
3.003919
3.056646
3.043589
3.058553
3.055003
3.043589
3.023284
3.021626
3.021626
3.021626
2.940687
3.021442
3.019948
3.018348
3.016506
3.016506
3.024684
3.016506
3.016506
3.016277
3.016277
3.024341
3.013686
2.995338
2.993641
2.993641
2.993641
2.993641
2.993641
2.993357
2.993357
2.990136
2.990136
2.987488
2.987488
2.985392
2.985392
2.985392
2.985392
2.985392
2.985392
2.949634
2.949634
2.949634
2.949634
2.949634
2.949634
2.949634
2.926792
2.926792
2.926792
2.924189
2.924189
2.924189
2.924189
2.924189
2.924189
2.924189
2.924189
2.924189
2.924189
2.924189
2.924189
2.924189
2.924189
2.924189
2.924189
2.920942
2.920942
2.920942
2.920942
2.920942
2.920942
2.920942
2.920942
2.920942
2.920942
2.920942
2.915986
2.915986
2.915986
2.915986
3.087522
2.915986
3.087156
2.915639
3.087156
2.915639
2.915639
3.087156
2.915639
2.915639
3.082902
3.082902
2.915639
3.082902
2.918875
3.083360
3.083360
2.935585
3.083360
2.911605
2.911605
3.083360
2.911605
2.911605
3.083360
2.911605
2.911605
3.076848
2.911605
