0.508915
0.579482
0.547972
0.502129
0.542328
0.537136
0.488634
0.513534
0.522000
0.432400
0.454273
0.422411
0.419203
0.424671
0.343911
0.344095
0.332170
0.354815
0.383858
0.322035
0.308396
0.340095
0.368506
0.330092
0.281355
0.320113
0.361149
0.375913
0.375682
0.343746
0.405188
0.385402
0.284077
0.348019
0.353009
0.334378
0.368697
0.364329
0.346344
0.355024
0.311943
0.336480
0.363236
0.366096
0.343685
0.350608
0.377422
0.356519
0.311327
0.359451
0.431318
0.414020
0.393281
0.396271
0.295988
0.419233
0.372095
0.354463
0.407832
0.390288
0.412058
0.385644
0.421778
0.405081
0.323570
0.423677
0.301647
0.283017
0.404513
0.389176
0.373190
0.301865
0.383386
0.393681
0.365484
0.334041
0.387588
0.432426
0.399010
0.393020
0.356805
0.299269
0.389342
0.324670
0.406742
0.413439
0.396377
0.405160
0.273894
0.382918
0.333152
0.333964
0.381473
0.270527
0.406487
0.337841
0.364111
0.383571
0.372984
0.351934
0.224748
0.381252
0.152806
0.258890
0.414872
0.298052
0.240316
0.360141
0.369989
0.283507
0.316028
0.324310
0.317286
0.426466
0.323984
0.318490
0.165620
0.153198
0.237018
0.297419
0.346542
0.271206
0.329771
0.417337
0.140767
0.248976
0.306563
0.357787
0.160714
0.332303
0.300714
0.102420
0.107883
0.371595
0.199345
0.124150
0.158065
0.360252
0.273732
0.344760
0.360981
0.344521
0.311431
0.302873
0.261881
0.493756
0.373660
0.341019
0.433202
0.258176
0.311973
0.265555
0.363851
0.341775
0.299060
0.300885
0.323377
0.307956
0.354282
0.290951
0.330574
0.315658
0.314916
0.151888
0.316966
0.364950
0.319987
0.317557
0.199516
0.327156
0.285399
0.317651
0.315097
0.250549
0.326996
0.309887
0.315269
0.314977
0.312775
0.314351
0.314933
0.313833
0.314023
0.315702
0.313900
0.313012
0.312194
0.312817
0.312515
0.313832
0.176965
0.362873
0.154768
0.317147
0.317144
0.316524
0.333769
0.315891
0.316018
0.153208
0.316315
0.314682
0.330006
0.127616
0.316998
0.316786
0.315773
0.315333
0.316368
0.313993
0.314731
0.315451
0.315496
0.192431
0.317583
0.313952
0.314751
0.314683
0.314434
0.314621
0.314684
0.314502
0.314185
0.173242
0.115484
0.316324
0.332053
0.315270
0.323602
0.315578
0.314293
0.313833
0.314537
0.314488
0.314360
0.313317
0.314277
0.314246
0.313698
0.106070
0.355107
0.313215
0.313063
0.312970
0.312889
0.315120
0.312687
0.352171
0.311393
0.311225
0.311333
0.115727
0.312777
0.312629
0.312340
0.291551
0.312160
0.312003
0.311852
0.083628
0.093586
0.314863
0.314235
0.313623
0.313134
0.157027
0.312442
0.312000
0.185871
0.312304
0.311881
0.311498
0.311082
0.310684
0.310531
0.169034
0.312637
0.311713
0.311024
0.310996
0.310910
0.310718
0.310868
0.310733
0.310605
0.310779
0.310966
0.310898
0.310847
0.310802
0.112543
0.312787
0.312333
0.312322
0.312068
0.311861
0.311691
0.311864
0.311772
0.311672
0.311507
0.311439
0.311072
0.311319
0.311284
0.311252
0.112990
0.312274
0.311902
0.311655
0.311451
0.311065
0.311119
0.310998
0.310898
0.309733
0.309668
0.309621
0.309614
0.309575
0.309543
0.309510
0.111437
0.311064
0.310708
0.310419
0.310216
0.310045
0.309902
0.310036
0.309936
0.309857
0.309817
0.308940
0.308903
0.308866
0.308835
0.308803
0.121301
0.310587
0.309804
0.309984
0.309772
0.309326
0.309168
0.309051
0.309250
0.309152
0.309077
0.309068
0.309019
0.308975
0.308943
0.308926
0.308917
0.308908
0.308897
0.308889
0.308882
0.308876
0.119199
0.310526
0.310151
0.309882
0.309658
0.309576
0.309428
0.309297
0.309206
0.309152
0.309138
0.309081
0.309060
0.309027
0.309017
