0.344741
0.369477
0.347229
0.341749
0.333274
0.289439
0.263463
0.301100
0.242486
0.269204
0.291286
0.272287
0.249679
0.300968
0.251428
0.265413
0.247104
0.224406
0.231997
0.224379
0.235529
0.218442
0.227150
0.217057
0.217160
0.287126
0.284557
0.300696
0.289913
0.293639
0.271666
0.314023
0.272500
0.284001
0.306605
0.265462
0.276545
0.291960
0.316616
0.260633
0.261282
0.269352
0.259866
0.305763
0.241580
0.276707
0.276496
0.275623
0.294067
0.263798
0.332074
0.294325
0.293576
0.232635
0.356525
0.335702
0.337179
0.283978
0.308758
0.332479
0.258093
0.335710
0.311778
0.327432
0.396957
0.341312
0.285606
0.322112
0.334959
0.306850
0.311807
0.315880
0.307783
0.276979
0.308677
0.363796
0.321732
0.342597
0.356026
0.359460
0.317377
0.332478
0.260336
0.311351
0.346654
0.336031
0.333711
0.250766
0.310814
0.321506
0.266527
0.374719
0.352788
0.287633
0.273674
0.356433
0.336982
0.282355
0.332478
0.317741
0.332374
0.314189
0.348518
0.305604
0.317616
0.295673
0.235881
0.293032
0.324716
0.270346
0.303707
0.315797
0.298638
0.205717
0.185191
0.315119
0.213870
0.279961
0.275236
0.280325
0.185151
0.271824
0.299596
0.366014
0.224698
0.238969
0.284815
0.265613
0.240878
0.237653
0.254288
0.229091
0.203956
0.279541
0.248419
0.161791
0.215555
0.114406
0.161093
0.116130
0.163190
0.192364
0.209479
0.192745
0.201508
0.080377
0.161803
0.264913
0.084258
0.093795
0.124779
0.217858
0.112695
0.157342
0.275485
0.097501
0.177483
0.170413
0.083899
0.341639
0.137464
0.122513
0.124211
0.292852
0.121690
0.143634
0.247572
0.119758
0.154931
0.188499
0.148918
0.099711
0.165862
0.197999
0.210018
0.119243
0.094110
0.081691
0.168893
0.090071
0.090335
0.162863
0.130278
0.104800
0.082672
0.110057
0.155662
0.128557
0.208846
0.093007
0.159393
0.083717
0.111950
0.084420
0.085386
0.084266
0.178068
0.086300
0.083895
0.083798
0.105002
0.087349
0.083388
0.113875
0.140788
0.083228
0.140987
0.083205
0.082367
0.080294
0.075620
0.079199
0.073994
0.104881
0.077517
0.152573
0.076680
0.076872
0.140291
0.120599
0.075830
0.084433
0.146634
0.076922
0.075812
0.070814
0.069972
0.073576
0.069391
0.068992
0.071780
0.071626
0.071184
0.071704
0.070544
0.069514
0.069744
0.093852
0.146816
0.071967
0.070869
0.072722
0.068475
0.068100
0.064009
0.065795
0.066171
0.065477
0.064874
0.063259
0.062887
0.065152
0.065417
0.063608
0.062337
0.060192
0.060956
0.060378
0.061137
0.070504
0.060706
0.060797
0.060672
0.071275
0.059811
0.059681
0.100577
0.060439
0.059942
0.068460
0.058991
0.058870
0.058708
0.065814
0.057951
0.057823
0.066740
0.057367
0.057177
0.057547
0.058391
0.057549
0.056528
0.057407
0.057351
0.056371
0.056454
0.056752
0.062651
0.056865
0.056003
0.055260
0.055978
0.055154
0.055051
0.055886
0.054711
0.055377
0.055743
0.054892
0.058580
0.115914
0.055249
0.055455
0.055268
0.053872
0.055932
0.054796
0.051133
0.055785
0.054873
0.051551
0.056291
0.054397
0.059659
0.053973
0.055615
0.053637
0.056457
0.069433
0.051645
0.058020
0.053142
0.058749
0.061340
0.052040
0.053277
0.061060
0.059918
0.060156
0.052147
