4.175473
4.100930
4.142453
4.183296
4.098516
4.130577
4.100120
4.123463
4.160166
4.135895
4.131290
4.179932
4.202068
4.161887
4.169758
4.213102
4.193134
4.123954
4.024428
4.112000
4.123875
4.046262
4.181855
4.166037
4.008950
3.725485
4.002379
4.065541
3.647885
4.157153
3.946499
3.797746
4.067350
3.759058
4.057751
4.062762
4.079413
4.103351
4.079301
3.894889
3.523208
3.435211
3.930711
3.757606
4.041584
4.038637
3.880676
4.091954
4.078198
3.711238
3.297772
3.487428
4.054476
3.102601
3.683746
3.265721
3.647729
3.862382
3.162580
4.054818
3.315374
3.972770
3.531043
3.598764
3.992002
4.029868
3.618687
3.610817
3.624163
3.489817
3.346915
3.705409
3.615056
3.459293
3.889420
0.000000
3.178367
3.014738
2.383575
3.540330
1.495134
0.000000
0.000000
3.368248
0.000000
3.240253
3.684561
3.039933
3.590716
0.000000
3.152499
0.715167
3.670440
3.374811
3.001952
3.926797
0.000000
3.376189
0.000000
3.887894
1.901110
3.437111
3.231676
0.000000
1.461437
1.056387
1.132381
3.640706
3.422628
0.000000
0.000000
0.000000
0.000000
0.000000
3.536469
0.000000
3.251591
0.000000
0.000000
0.000000
0.000000
0.000000
0.000000
0.000000
2.980633
0.000000
0.000000
0.886807
3.090584
2.919528
0.000000
0.000000
2.108084
0.000000
0.000000
2.974799
0.000000
2.338384
0.000000
0.000000
0.000000
0.000000
3.178462
1.152863
0.000000
0.000000
1.196496
0.000000
0.000000
0.000000
0.000000
0.000000
0.000000
0.000000
1.046700
0.000000
0.000000
0.000000
0.000000
1.125263
3.176518
1.989195
0.000000
0.000000
0.000000
0.000000
1.062758
1.064791
0.000000
0.000000
0.000000
0.000000
0.000000
0.000000
0.000000
0.000000
0.000000
0.000000
0.000000
0.000000
2.021434
0.000000
0.000000
0.000000
0.000000
0.000000
0.000000
2.042963
0.000000
0.000000
0.000000
0.000000
0.000000
0.000000
1.079491
0.000000
0.000000
0.000000
1.047722
0.000000
0.000000
0.000000
1.045286
0.000000
0.000000
0.000000
0.000000
0.000000
0.000000
0.000000
1.034895
0.000000
1.963852
0.000000
0.000000
0.000000
1.026159
0.000000
0.000000
0.000000
0.000000
0.000000
0.000000
2.021596
2.021516
2.021360
3.161522
2.021221
2.021024
2.069185
2.020231
2.019810
2.014612
3.194117
2.018627
3.122510
2.036170
2.025309
2.014076
2.013307
2.012126
2.043252
2.008496
2.008496
2.014091
2.005169
2.032489
1.963938
1.995147
2.042611
1.994634
1.994634
1.981185
2.991004
1.993809
1.960563
0.000000
1.993383
1.984199
1.983452
1.960566
1.960566
1.992246
1.957761
0.000000
1.989951
1.989951
2.034880
3.064774
1.984964
1.984519
1.954697
1.984519
1.980164
1.984519
1.954697
1.983962
1.951246
1.983962
2.020195
1.959692
2.015043
1.999953
2.015043
1.997174
1.997174
2.015043
1.997174
1.997174
2.003962
1.993704
1.993705
2.008060
2.005714
1.995906
1.995906
1.993705
1.985185
1.993705
1.983052
0.000000
0.000000
0.000000
1.981744
1.981744
1.981744
1.981744
1.977537
1.977537
1.977537
1.977537
1.977537
1.988022
1.985397
1.983641
1.983641
1.983641
1.966515
1.966515
1.966515
1.966515
0.000000
1.966515
1.963262
1.963262
1.963262
1.963262
1.963262
1.962106
1.961669
1.961669
0.000000
1.961669
1.961669
1.961669
1.961669
1.924434
1.960795
0.000000
1.952479
1.952479
1.952479
1.952479
1.952479
1.951613
1.912565
1.948974
1.912565
1.948974
1.948974
