219.000000
181.000000
221.000000
199.000000
211.000000
244.000000
205.000000
206.000000
220.000000
209.000000
233.000000
193.000000
193.000000
222.000000
213.000000
251.000000
214.000000
217.000000
221.000000
195.000000
215.000000
232.000000
212.000000
205.000000
204.000000
98.000000
81.000000
101.000000
116.000000
111.000000
95.000000
116.000000
80.000000
110.000000
85.000000
104.000000
115.000000
110.000000
106.000000
91.000000
119.000000
90.000000
107.000000
84.000000
114.000000
88.000000
107.000000
110.000000
91.000000
92.000000
58.000000
40.000000
75.000000
50.000000
82.000000
55.000000
45.000000
48.000000
45.000000
51.000000
44.000000
39.000000
53.000000
75.000000
64.000000
48.000000
128.000000
78.000000
66.000000
62.000000
67.000000
95.000000
71.000000
72.000000
43.000000
36.000000
43.000000
35.000000
32.000000
30.000000
32.000000
35.000000
40.000000
56.000000
33.000000
32.000000
46.000000
42.000000
42.000000
46.000000
37.000000
40.000000
38.000000
31.000000
60.000000
34.000000
58.000000
60.000000
37.000000
70.000000
34.000000
25.000000
28.000000
21.000000
36.000000
29.000000
19.000000
33.000000
28.000000
22.000000
31.000000
30.000000
37.000000
23.000000
31.000000
37.000000
37.000000
31.000000
25.000000
39.000000
17.000000
36.000000
29.000000
30.000000
32.000000
11.000000
15.000000
10.000000
17.000000
15.000000
23.000000
16.000000
12.000000
17.000000
20.000000
15.000000
19.000000
15.000000
12.000000
14.000000
24.000000
18.000000
13.000000
13.000000
8.000000
20.000000
11.000000
15.000000
17.000000
11.000000
8.000000
8.000000
5.000000
4.000000
10.000000
11.000000
6.000000
6.000000
5.000000
6.000000
6.000000
8.000000
7.000000
10.000000
6.000000
10.000000
10.000000
12.000000
8.000000
8.000000
10.000000
6.000000
11.000000
10.000000
13.000000
4.000000
7.000000
4.000000
5.000000
5.000000
6.000000
2.000000
5.000000
2.000000
3.000000
4.000000
5.000000
2.000000
5.000000
4.000000
5.000000
3.000000
2.000000
2.000000
3.000000
4.000000
2.000000
2.000000
3.000000
5.000000
0.000000
3.000000
1.000000
4.000000
3.000000
2.000000
3.000000
1.000000
2.000000
2.000000
4.000000
3.000000
0.000000
0.000000
0.000000
2.000000
2.000000
2.000000
2.000000
1.000000
3.000000
2.000000
2.000000
0.000000
5.000000
0.000000
0.000000
2.000000
0.000000
0.000000
2.000000
1.000000
1.000000
1.000000
2.000000
0.000000
2.000000
1.000000
1.000000
1.000000
0.000000
0.000000
0.000000
1.000000
1.000000
1.000000
0.000000
1.000000
0.000000
0.000000
0.000000
2.000000
0.000000
2.000000
1.000000
0.000000
0.000000
1.000000
0.000000
0.000000
1.000000
0.000000
0.000000
1.000000
1.000000
1.000000
0.000000
0.000000
1.000000
0.000000
0.000000
0.000000
1.000000
0.000000
0.000000
0.000000
0.000000
0.000000
0.000000
1.000000
0.000000
0.000000
1.000000
0.000000
0.000000
0.000000
0.000000
1.000000
0.000000
0.000000
0.000000
0.000000
0.000000
0.000000
0.000000
0.000000
0.000000
0.000000
0.000000
0.000000
1.000000
0.000000
0.000000
0.000000
0.000000
0.000000
0.000000
0.000000
1.000000
1.000000
0.000000
0.000000
0.000000
0.000000
1.000000
0.000000
0.000000
0.000000
0.000000
0.000000
0.000000
2.000000
1.000000
0.000000
0.000000
0.000000
0.000000
0.000000
0.000000
0.000000
0.000000
0.000000
0.000000
0.000000
0.000000
0.000000
0.000000
0.000000
0.000000
0.000000
0.000000
0.000000
0.000000
0.000000
0.000000
0.000000
0.000000
0.000000
0.000000
0.000000
