0.557432
0.515914
0.445002
0.491937
0.397109
0.443428
0.413716
0.452381
0.433143
0.383375
0.379083
0.351836
0.400472
0.370338
0.344428
0.346037
0.291103
0.312914
0.353615
0.302768
0.281572
0.264757
0.270639
0.274404
0.300866
0.364242
0.343373
0.317129
0.319273
0.354721
0.345168
0.277045
0.320253
0.320040
0.311907
0.344370
0.276394
0.255741
0.320262
0.347029
0.275520
0.290144
0.267684
0.343146
0.278595
0.244609
0.349178
0.338963
0.311833
0.276123
0.306812
0.348707
0.298313
0.345499
0.261757
0.295899
0.305502
0.271139
0.320242
0.371333
0.310555
0.289598
0.322682
0.266178
0.277867
0.260039
0.329249
0.383913
0.305825
0.354970
0.313854
0.300904
0.337817
0.299414
0.361849
0.234480
0.285212
0.347138
0.299207
0.355961
0.310822
0.239790
0.273427
0.246270
0.310482
0.313256
0.231604
0.339490
0.260926
0.323890
0.270593
0.418259
0.262237
0.259825
0.386157
0.337551
0.243471
0.273391
0.329901
0.302272
0.192665
0.270673
0.331317
0.335737
0.153648
0.302580
0.323937
0.257031
0.260218
0.282409
0.451464
0.293356
0.341255
0.337718
0.241271
0.284238
0.343818
0.313368
0.286516
0.237491
0.215143
0.250450
0.250054
0.265144
0.289529
0.289198
0.265457
0.169472
0.202721
0.246845
0.263066
0.167135
0.388014
0.178503
0.136580
0.104534
0.191071
0.214053
0.231033
0.261991
0.189897
0.161165
0.461928
0.185545
0.311929
0.173706
0.172730
0.148449
0.184079
0.147088
0.192639
0.157999
0.141178
0.184637
0.163916
0.197097
0.267708
0.184210
0.164535
0.108261
0.192942
0.150530
0.253716
0.157910
0.272518
0.195558
0.144498
0.295593
0.084514
0.179622
0.149648
0.163653
0.162053
0.151434
0.169248
0.147552
0.172576
0.145859
0.122377
0.146508
0.145910
0.145670
0.143977
0.381076
0.140904
0.161566
0.147486
0.274005
0.147343
0.144525
0.146111
0.145919
0.128728
0.171765
0.149642
0.138353
0.146682
0.164543
0.145346
0.150639
0.192559
0.158612
0.164826
0.157890
0.156857
0.157476
0.145306
0.145477
0.145195
0.144984
0.144836
0.153848
0.155295
0.156100
0.200680
0.147194
0.178500
0.145838
0.114542
0.144875
0.144838
0.144639
0.144545
0.203019
0.146047
0.145601
0.145323
0.144935
0.145624
0.145426
0.145225
0.101527
0.144889
0.144743
0.144341
0.169413
0.144468
0.181347
0.144882
0.144630
0.143748
0.145772
0.145745
0.145614
0.142413
0.252161
0.171808
0.146285
0.145066
0.161390
0.145446
0.145248
0.121250
0.145138
0.150940
0.151211
0.151217
0.150903
0.150799
0.151103
0.151114
0.178214
0.178091
0.177999
0.178009
0.148964
0.177892
0.148467
0.182280
0.149253
0.177737
0.148514
0.176634
0.148091
0.176279
0.176402
0.176334
0.147683
0.176219
0.176152
0.147415
0.165746
0.175982
0.147290
0.180060
0.174746
0.174553
0.142874
0.174402
0.174294
0.174329
0.143227
0.174205
0.163210
0.142961
0.174170
0.174105
0.143469
0.142785
0.174258
0.162109
0.142384
0.161933
0.142323
0.174443
0.142858
0.142617
0.149405
0.142201
0.161787
0.161699
0.142181
0.160948
0.173889
0.143212
0.173782
0.142207
0.160841
0.142191
0.160864
0.151675
0.142321
0.161318
0.142181
0.161172
0.140644
0.173574
0.140370
0.153895
0.153532
0.153311
0.172820
0.141630
0.140443
0.140281
0.140237
0.140206
0.172774
0.140288
0.140176
0.153647
0.145228
0.145140
0.145097
0.172703
0.145201
0.145257
0.140318
0.172744
0.145404
0.140247
0.140096
0.161696
0.172653
0.139888
0.145019
0.172574
0.145164
0.145048
0.161545
0.161544
0.172304
0.145616
0.145379
0.161466
0.145340
0.145100
0.161454
0.145131
0.161577
0.145123
0.161642
0.145002
0.172178
0.145107
0.144936
0.161444
0.145023
0.161406
0.144999
0.161511
0.144797
0.161308
0.144854
0.144692
