4.075633
4.155830
4.096242
4.100824
4.154520
4.074783
4.175429
4.116996
4.145513
4.185181
4.077244
4.163621
4.168582
4.130480
4.069392
4.126392
4.126954
4.100615
4.165639
4.155372
4.126712
4.173089
4.170428
4.093593
4.197375
4.053411
4.109928
4.059480
4.114461
4.099958
4.084540
4.150510
3.605803
3.556879
3.578181
4.060903
4.015195
3.620869
3.862584
3.715421
4.058630
3.774857
4.107347
4.093284
4.036097
3.611479
4.146233
4.029801
4.124098
3.564783
3.330487
3.862351
3.999002
3.457983
3.748015
4.074221
3.552665
3.966154
3.889929
0.000000
3.652606
3.802859
3.541884
4.041722
3.769680
3.866945
3.977885
4.038070
3.367855
3.956349
3.106094
3.631516
4.047875
4.075894
3.717711
2.596309
3.484066
3.563895
4.094540
3.811139
3.541783
3.985936
2.523229
3.239706
0.000000
1.959475
3.807449
3.942324
3.955368
0.000000
3.781214
2.976639
3.162678
3.957260
0.000000
4.043269
3.895819
3.597693
3.913612
3.965153
3.910134
0.000000
3.177921
4.002230
0.000000
3.365588
3.238998
2.634234
3.905338
3.340024
3.839127
3.022026
3.536144
3.488555
3.561027
0.000000
3.890108
3.812229
3.140361
0.000000
3.865179
0.000000
3.400245
0.000000
0.000000
3.753782
3.084490
2.777311
3.814971
0.000000
0.000000
2.776693
2.519026
0.000000
3.575285
0.000000
0.000000
0.000000
0.000000
0.000000
0.000000
0.000000
0.000000
0.000000
3.078849
0.000000
2.847183
0.000000
3.404594
0.000000
0.000000
0.000000
0.000000
0.000000
0.000000
0.000000
0.000000
0.000000
0.000000
3.525267
3.502644
0.000000
0.000000
0.000000
0.000000
2.604013
0.000000
0.000000
0.000000
0.000000
2.583941
0.000000
0.000000
0.000000
0.000000
0.000000
1.430247
0.000000
0.000000
1.238038
0.000000
0.000000
0.000000
0.000000
0.000000
0.000000
0.000000
0.000000
0.000000
0.000000
0.000000
0.000000
0.000000
0.000000
0.000000
0.000000
0.000000
0.000000
0.000000
0.000000
0.000000
0.000000
0.000000
0.000000
0.000000
0.000000
0.000000
0.000000
0.000000
0.000000
0.000000
0.000000
0.000000
0.000000
0.000000
0.000000
0.000000
0.000000
0.000000
0.000000
0.000000
0.000000
0.000000
0.000000
0.000000
0.000000
0.000000
0.000000
0.000000
0.000000
0.000000
0.000000
0.000000
0.000000
0.000000
0.000000
0.000000
0.000000
0.000000
0.000000
0.000000
0.000000
0.000000
0.000000
0.000000
0.000000
0.000000
0.000000
0.000000
0.000000
0.000000
0.000000
0.000000
0.000000
0.000000
0.000000
0.000000
0.000000
0.000000
0.000000
0.000000
0.000000
0.000000
0.000000
0.000000
0.000000
0.000000
0.000000
0.000000
0.000000
0.000000
0.000000
0.000000
0.000000
0.000000
0.000000
0.000000
0.000000
0.000000
0.000000
0.000000
0.000000
0.000000
0.000000
0.000000
0.000000
0.000000
0.000000
0.000000
0.000000
0.000000
0.000000
0.000000
0.000000
0.000000
0.000000
0.000000
0.000000
0.000000
0.000000
0.000000
0.000000
0.000000
0.000000
0.000000
0.000000
0.000000
0.000000
0.000000
0.000000
0.000000
0.000000
0.000000
0.000000
0.000000
0.000000
