4.116192
4.117579
4.169984
4.184101
4.152282
4.189558
4.214619
4.093891
4.170629
4.109783
4.145690
4.149100
4.159194
4.103918
4.175931
4.176418
4.150578
4.101629
4.150709
4.073305
4.148942
4.161941
4.114915
4.233322
4.141736
3.767886
4.046891
4.089288
3.706906
4.048012
4.099655
4.024470
3.826136
4.000618
4.098218
3.629900
4.141731
4.109133
4.026290
4.075907
4.016262
3.700022
3.913383
4.156024
3.940377
4.078158
3.771140
4.122716
4.052930
3.713510
3.461576
2.942572
3.966935
3.397095
4.121841
3.634635
4.092861
3.375225
4.047046
4.142903
3.376749
4.045018
3.043453
3.479427
3.455655
3.689272
3.529404
3.924189
3.425231
4.066315
3.098975
3.546909
3.455362
3.787551
3.502374
3.562454
0.000000
3.540614
3.610794
2.723359
1.175031
3.401884
3.154144
3.963540
3.267190
3.101681
3.162879
3.346135
0.000000
3.289729
2.847109
3.599670
2.971953
3.419622
3.102937
0.000000
3.555997
2.887932
0.000000
3.423341
0.000000
3.264046
0.000000
3.183753
0.000000
0.000000
0.000000
3.362028
2.958856
0.000000
0.000000
4.059113
0.000000
0.000000
0.000000
0.000000
0.000000
3.080222
2.979443
0.000000
3.677548
0.000000
3.075770
3.420125
0.000000
3.029694
3.955379
0.000000
0.000000
2.927652
0.000000
0.000000
3.976839
0.000000
0.000000
3.969787
3.243137
2.775090
0.000000
0.000000
0.000000
0.000000
2.856595
2.322174
3.360070
1.808720
0.000000
0.000000
3.079006
0.000000
0.000000
0.000000
0.000000
0.000000
0.000000
0.000000
0.000000
0.000000
0.000000
0.000000
0.000000
3.155787
0.000000
0.000000
0.000000
3.551915
0.000000
0.000000
0.000000
0.000000
0.000000
0.000000
0.000000
0.000000
0.000000
3.024542
0.000000
0.000000
0.000000
0.000000
0.000000
2.956373
0.000000
0.000000
0.000000
0.000000
0.000000
0.000000
0.000000
0.000000
0.000000
0.000000
0.000000
2.908001
3.048543
0.000000
0.000000
0.000000
0.000000
2.787954
0.000000
0.000000
0.000000
0.000000
0.000000
0.000000
0.000000
0.000000
0.000000
0.000000
0.000000
0.000000
0.000000
0.000000
0.000000
0.000000
0.000000
0.000000
0.000000
0.000000
0.000000
0.000000
0.000000
