0.256348
0.244086
0.267826
0.257055
0.226743
0.226708
0.247650
0.227576
0.234880
0.242990
0.217954
0.232386
0.262199
0.249600
0.254245
0.205857
0.209787
0.236871
0.228734
0.227084
0.239918
0.230239
0.234303
0.259042
0.224039
0.329360
0.249454
0.341525
0.309852
0.297192
0.293709
0.301919
0.375491
0.288110
0.299655
0.289887
0.311834
0.277041
0.367058
0.289552
0.292723
0.344661
0.286170
0.310457
0.329640
0.266462
0.295010
0.289078
0.295041
0.289645
0.363498
0.385525
0.325201
0.344505
0.315701
0.329389
0.266008
0.339975
0.418852
0.256343
0.184947
0.234553
0.362902
0.344936
0.340094
0.321541
0.339210
0.285415
0.297123
0.345930
0.425801
0.357104
0.369642
0.402918
0.217891
0.374391
0.416481
0.297882
0.318761
0.355685
0.425539
0.364412
0.368141
0.330963
0.332503
0.237119
0.449732
0.417449
0.324211
0.215088
0.356091
0.276622
0.317510
0.391343
0.249031
0.401944
0.238968
0.295145
0.343194
0.388989
0.228041
0.338018
0.340895
0.273842
0.204665
0.248934
0.241368
0.261972
0.326323
0.338899
0.272827
0.280627
0.328856
0.169162
0.293078
0.324069
0.234101
0.346335
0.263939
0.223812
0.230071
0.266635
0.234597
0.190165
0.211912
0.246910
0.246833
0.406404
0.350624
0.230745
0.206390
0.155018
0.270365
0.218819
0.163563
0.191225
0.194586
0.334562
0.163879
0.226074
0.245082
0.125395
0.147148
0.271750
0.252199
0.337093
0.193408
0.174917
0.264799
0.345343
0.200931
0.202982
0.209928
0.339322
0.313079
0.202858
0.198881
0.175649
0.230230
0.194147
0.189965
0.185944
0.179906
0.208351
0.191567
0.182349
0.137828
0.219628
0.187228
0.173789
0.170668
0.174124
0.158106
0.286215
0.154493
0.174753
0.172432
0.153425
0.148322
0.179172
0.177995
0.182732
0.170582
0.174520
0.175998
0.132082
0.159389
0.187115
0.189862
0.176825
0.191717
0.157523
0.272852
0.252550
0.091353
0.149699
0.196354
0.200722
0.273672
0.173412
0.174623
0.170646
