4.177884
4.092704
4.072397
4.121508
4.109851
4.132426
4.115993
4.127404
3.939410
4.131338
4.034239
4.224195
4.137391
4.119418
4.126964
4.059610
4.129193
4.117913
4.174958
4.145558
4.164889
4.190087
4.065512
4.092069
4.101171
3.956906
3.880331
3.778901
4.005673
3.800620
4.100868
3.706388
3.791358
3.892832
3.781068
3.602709
3.898687
3.413982
3.719070
3.413069
4.085795
4.036381
3.897197
3.468828
3.665452
3.834450
4.092861
4.044350
3.576400
3.919760
3.753254
3.627986
3.748545
2.934048
3.183317
3.490932
3.579311
3.699866
3.214757
4.006017
3.787187
3.883357
3.853106
3.242023
3.912030
2.619333
3.476187
3.564226
3.609607
2.647741
3.329768
2.551519
3.399754
3.950709
3.467062
3.110897
3.051773
2.873705
2.392336
2.872138
3.263496
2.519122
3.805572
2.895788
