0.741116
0.614664
0.787208
0.734622
0.680708
0.666501
0.638964
0.695484
0.669174
0.622450
0.644548
0.607418
0.532681
0.579631
0.575751
0.460987
0.398641
0.468874
0.464757
0.514768
0.483049
0.435081
0.362405
0.432560
0.464735
0.432256
0.463846
0.536750
0.490378
0.377919
0.459426
0.430913
0.396673
0.439526
0.467001
0.457779
0.396801
0.441140
0.360327
0.387773
0.428400
0.382473
0.401236
0.397216
0.448234
0.388921
0.375388
0.378206
0.387401
0.367652
0.476509
0.522272
0.422730
0.419200
0.331738
0.436333
0.411615
0.341252
0.415559
0.491647
0.416389
0.440649
0.471279
0.439062
0.500001
0.391642
0.513521
0.397773
0.502149
0.507285
0.412434
0.429679
0.423390
0.400523
0.449690
0.398409
0.497310
0.530765
0.382615
0.474856
0.405591
0.341902
0.471542
0.472491
0.422491
0.431159
0.380009
0.338361
0.399984
0.225468
0.466782
0.460583
0.499850
0.541086
0.368097
0.373685
0.515600
0.440126
0.384829
0.483762
0.453864
0.497367
0.346239
0.328569
0.404833
0.473221
0.445903
0.366892
0.324844
0.382118
0.413942
0.414778
0.459838
0.413354
0.448693
0.411272
0.401293
0.460812
0.347861
0.448022
0.396701
0.366541
0.453150
0.349311
0.414548
0.377769
0.335780
0.345867
0.402061
0.457549
0.361844
0.473656
0.378304
0.366213
0.537290
0.341255
0.319361
0.326646
0.318110
0.351285
0.342078
0.479992
0.325419
0.257186
0.327168
0.422892
0.290288
0.270349
0.457725
0.419399
0.233131
0.273406
0.283863
0.296511
0.357999
0.339971
0.275695
0.278935
0.281112
0.272189
0.268955
0.566156
0.413650
0.280219
0.271734
0.244597
0.297544
0.365973
0.265982
0.270040
0.260691
0.275808
0.273595
0.252483
0.253443
0.251013
0.251178
0.254371
0.253515
0.251712
0.246234
0.244212
0.271974
0.243249
0.242454
0.527021
0.242112
0.241226
0.331274
0.250240
0.238378
0.346154
0.237392
0.235310
0.410043
0.236632
0.236361
0.233758
0.237066
0.245283
0.229442
0.229526
0.228629
0.227829
0.258518
0.245155
0.230926
0.227056
0.226642
0.222179
0.230181
0.225232
0.220955
0.223319
0.222822
0.227185
0.244232
0.216719
0.220478
0.219319
0.233708
0.219356
0.218155
0.217045
0.216117
0.220644
0.214793
0.214329
0.213961
0.211214
0.194588
0.210223
0.208801
0.207631
0.193604
0.209192
0.192496
0.207953
0.190905
0.207924
0.191697
0.206529
0.207040
0.189011
0.206836
0.208312
0.193796
0.206367
0.205327
0.189704
0.204986
0.204018
0.188068
0.202878
0.186734
0.201529
0.187731
0.187145
0.154662
0.199775
0.184693
0.199143
0.152226
0.151386
0.151653
0.150352
0.149569
0.149290
0.149036
0.148807
0.148554
0.195743
0.196698
0.148202
0.147560
0.146964
0.146700
0.146456
0.146238
0.145998
