4.183580
4.147793
4.153342
4.081787
4.138826
4.144515
4.147895
4.186077
4.106677
4.133493
4.101073
4.192840
4.168747
4.122632
4.160945
4.152964
4.100186
4.024980
4.127403
4.085312
4.163313
4.186750
4.195855
4.140720
4.130624
4.023120
4.137343
3.658381
4.068896
3.726253
3.714628
4.080316
3.817577
4.060939
4.060872
4.050352
4.028227
4.078606
3.645040
4.093586
3.653685
3.737745
4.094055
4.000066
4.024727
4.009959
3.605835
4.082147
4.105686
3.864133
4.054308
3.708295
3.806200
3.437349
3.736364
3.981237
3.485638
4.015792
3.705949
3.573127
3.616306
3.978602
3.624048
3.581054
4.036040
3.589270
3.351483
4.027077
3.517466
4.047813
3.460161
3.696996
3.930293
4.025112
3.533623
4.081589
3.419584
3.805420
3.528155
3.560618
3.310623
4.065143
4.018419
3.638105
0.000000
3.704828
3.228536
3.245554
3.613753
3.499646
3.676914
3.367927
4.143457
3.666035
4.011499
4.066469
3.702070
3.567091
4.084991
3.578926
3.927674
0.000000
0.000000
0.000000
3.098326
