215.000000
217.000000
192.000000
200.000000
203.000000
214.000000
225.000000
189.000000
207.000000
174.000000
204.000000
212.000000
220.000000
195.000000
213.000000
249.000000
281.000000
197.000000
231.000000
222.000000
239.000000
213.000000
304.000000
228.000000
209.000000
87.000000
97.000000
104.000000
86.000000
143.000000
108.000000
93.000000
89.000000
101.000000
101.000000
80.000000
103.000000
92.000000
95.000000
127.000000
104.000000
102.000000
117.000000
98.000000
79.000000
86.000000
101.000000
86.000000
93.000000
98.000000
74.000000
119.000000
44.000000
35.000000
49.000000
54.000000
57.000000
46.000000
48.000000
76.000000
66.000000
47.000000
54.000000
53.000000
111.000000
48.000000
60.000000
51.000000
118.000000
78.000000
54.000000
49.000000
35.000000
44.000000
84.000000
25.000000
36.000000
49.000000
28.000000
34.000000
22.000000
26.000000
76.000000
43.000000
24.000000
26.000000
32.000000
34.000000
29.000000
36.000000
26.000000
30.000000
37.000000
61.000000
37.000000
32.000000
71.000000
38.000000
26.000000
46.000000
28.000000
25.000000
13.000000
30.000000
13.000000
39.000000
31.000000
15.000000
28.000000
20.000000
18.000000
18.000000
24.000000
19.000000
26.000000
34.000000
44.000000
19.000000
25.000000
27.000000
25.000000
25.000000
18.000000
32.000000
21.000000
20.000000
18.000000
8.000000
15.000000
10.000000
9.000000
13.000000
13.000000
11.000000
7.000000
18.000000
17.000000
14.000000
11.000000
8.000000
7.000000
7.000000
19.000000
16.000000
17.000000
9.000000
13.000000
15.000000
5.000000
8.000000
11.000000
8.000000
15.000000
12.000000
5.000000
8.000000
8.000000
4.000000
8.000000
8.000000
3.000000
3.000000
6.000000
17.000000
6.000000
8.000000
8.000000
7.000000
10.000000
11.000000
10.000000
3.000000
12.000000
12.000000
10.000000
4.000000
3.000000
7.000000
4.000000
3.000000
3.000000
4.000000
3.000000
3.000000
2.000000
4.000000
3.000000
5.000000
1.000000
5.000000
3.000000
3.000000
4.000000
5.000000
4.000000
1.000000
9.000000
1.000000
5.000000
3.000000
4.000000
1.000000
0.000000
2.000000
3.000000
4.000000
2.000000
4.000000
3.000000
2.000000
5.000000
1.000000
1.000000
2.000000
4.000000
3.000000
1.000000
1.000000
1.000000
3.000000
3.000000
2.000000
3.000000
0.000000
2.000000
0.000000
1.000000
0.000000
2.000000
0.000000
1.000000
0.000000
0.000000
1.000000
0.000000
1.000000
0.000000
0.000000
4.000000
0.000000
0.000000
1.000000
0.000000
0.000000
4.000000
2.000000
1.000000
0.000000
2.000000
1.000000
0.000000
0.000000
0.000000
0.000000
0.000000
0.000000
0.000000
1.000000
1.000000
1.000000
0.000000
0.000000
1.000000
1.000000
1.000000
1.000000
0.000000
0.000000
0.000000
0.000000
0.000000
1.000000
0.000000
0.000000
1.000000
1.000000
1.000000
0.000000
0.000000
0.000000
