4.159915
4.120099
4.089551
4.170119
4.156270
4.187298
4.074963
4.016158
4.159197
4.216704
4.160952
4.107282
4.019512
4.181583
4.193809
4.148326
4.198223
4.049574
4.218033
4.204147
4.135153
4.182237
4.140044
4.150770
4.222282
4.063857
3.731264
4.084656
3.935852
4.065542
4.086118
4.125696
4.017607
3.778975
4.105289
3.594489
4.113992
4.015012
3.706387
3.546028
4.107317
4.118015
4.043878
4.033638
4.014613
3.591470
3.660518
3.736680
3.749429
4.094354
3.504230
4.053192
3.489070
3.337087
3.630634
3.704133
3.765550
3.493072
4.065417
3.260787
3.363314
3.947515
3.289808
3.476910
4.097680
3.925495
4.058309
4.207029
3.362696
3.479822
4.016472
3.603775
3.499831
3.393305
3.889481
3.309440
3.943236
2.955410
3.154584
3.129798
3.406712
3.679902
4.175372
3.498260
3.161118
2.924631
4.131531
3.363464
3.136825
4.059633
3.143411
3.140504
3.316351
3.774740
4.001926
4.067509
4.024489
3.131177
2.455175
3.392618
4.029236
3.378573
3.516373
0.000000
0.000000
4.052668
3.073528
2.998670
4.207390
0.000000
3.329957
4.220649
0.000000
2.945733
3.280177
0.000000
4.190862
0.000000
0.000000
3.864811
3.059750
3.676387
4.229287
2.882032
3.099865
0.000000
0.000000
0.000000
3.918138
0.000000
0.000000
0.000000
0.000000
0.000000
0.000000
4.068326
0.000000
0.000000
0.000000
4.003031
0.000000
3.680880
0.000000
2.895519
2.785925
0.000000
0.000000
0.000000
0.000000
0.000000
0.000000
0.000000
0.000000
4.190029
0.000000
0.000000
0.000000
0.000000
4.186375
0.000000
0.000000
0.000000
0.000000
0.000000
0.000000
0.000000
0.000000
0.000000
0.000000
0.000000
0.000000
4.000425
4.061734
0.000000
0.000000
0.000000
0.000000
0.000000
0.000000
0.000000
0.000000
0.000000
0.000000
0.000000
0.000000
0.000000
0.000000
3.065536
0.000000
0.000000
0.000000
0.000000
0.000000
0.000000
0.000000
0.000000
0.000000
0.000000
0.000000
0.000000
0.000000
0.000000
0.000000
0.000000
0.000000
0.000000
0.000000
0.000000
0.000000
0.000000
3.898251
0.000000
0.000000
0.000000
0.000000
0.000000
0.000000
0.000000
0.000000
0.000000
0.000000
