213.000000
208.000000
201.000000
216.000000
228.000000
192.000000
203.000000
213.000000
218.000000
220.000000
211.000000
196.000000
206.000000
208.000000
219.000000
209.000000
208.000000
237.000000
224.000000
205.000000
234.000000
203.000000
189.000000
203.000000
218.000000
95.000000
99.000000
81.000000
101.000000
87.000000
129.000000
104.000000
100.000000
80.000000
80.000000
82.000000
88.000000
101.000000
104.000000
102.000000
106.000000
85.000000
95.000000
109.000000
79.000000
120.000000
88.000000
111.000000
98.000000
93.000000
55.000000
81.000000
48.000000
46.000000
49.000000
95.000000
65.000000
43.000000
50.000000
63.000000
70.000000
53.000000
60.000000
84.000000
54.000000
59.000000
70.000000
56.000000
48.000000
53.000000
47.000000
64.000000
47.000000
53.000000
52.000000
27.000000
42.000000
31.000000
22.000000
39.000000
29.000000
26.000000
40.000000
21.000000
50.000000
25.000000
35.000000
51.000000
60.000000
24.000000
56.000000
46.000000
57.000000
56.000000
39.000000
27.000000
52.000000
52.000000
48.000000
37.000000
16.000000
13.000000
23.000000
13.000000
22.000000
19.000000
32.000000
14.000000
16.000000
24.000000
32.000000
28.000000
29.000000
12.000000
15.000000
30.000000
18.000000
21.000000
24.000000
21.000000
20.000000
22.000000
17.000000
29.000000
16.000000
13.000000
13.000000
12.000000
12.000000
16.000000
18.000000
17.000000
10.000000
11.000000
10.000000
18.000000
18.000000
9.000000
17.000000
12.000000
15.000000
19.000000
11.000000
18.000000
9.000000
8.000000
10.000000
16.000000
14.000000
11.000000
9.000000
7.000000
5.000000
9.000000
10.000000
8.000000
6.000000
9.000000
10.000000
5.000000
10.000000
5.000000
12.000000
5.000000
5.000000
11.000000
4.000000
3.000000
4.000000
6.000000
3.000000
7.000000
4.000000
9.000000
10.000000
2.000000
4.000000
8.000000
4.000000
3.000000
5.000000
3.000000
5.000000
3.000000
2.000000
1.000000
4.000000
2.000000
1.000000
4.000000
2.000000
4.000000
9.000000
4.000000
3.000000
2.000000
3.000000
7.000000
3.000000
4.000000
4.000000
1.000000
5.000000
0.000000
0.000000
1.000000
2.000000
1.000000
3.000000
0.000000
3.000000
1.000000
1.000000
1.000000
1.000000
1.000000
1.000000
3.000000
1.000000
3.000000
4.000000
0.000000
3.000000
0.000000
0.000000
3.000000
1.000000
0.000000
0.000000
1.000000
0.000000
0.000000
1.000000
1.000000
0.000000
2.000000
1.000000
0.000000
1.000000
1.000000
1.000000
0.000000
3.000000
1.000000
1.000000
0.000000
3.000000
0.000000
0.000000
3.000000
0.000000
0.000000
0.000000
1.000000
1.000000
0.000000
1.000000
0.000000
1.000000
0.000000
0.000000
0.000000
1.000000
0.000000
1.000000
1.000000
0.000000
0.000000
0.000000
0.000000
0.000000
0.000000
2.000000
0.000000
0.000000
0.000000
0.000000
0.000000
0.000000
0.000000
0.000000
0.000000
0.000000
0.000000
0.000000
0.000000
0.000000
0.000000
1.000000
0.000000
0.000000
0.000000
0.000000
0.000000
0.000000
0.000000
0.000000
0.000000
0.000000
0.000000
0.000000
0.000000
0.000000
0.000000
0.000000
0.000000
0.000000
0.000000
0.000000
0.000000
0.000000
0.000000
0.000000
0.000000
0.000000
0.000000
0.000000
0.000000
0.000000
0.000000
0.000000
1.000000
0.000000
0.000000
0.000000
0.000000
0.000000
0.000000
0.000000
0.000000
0.000000
0.000000
0.000000
0.000000
0.000000
0.000000
0.000000
0.000000
0.000000
0.000000
0.000000
0.000000
0.000000
0.000000
0.000000
0.000000
0.000000
0.000000
0.000000
0.000000
0.000000
0.000000
0.000000
0.000000
0.000000
0.000000
0.000000
0.000000
0.000000
0.000000
0.000000
0.000000
0.000000
0.000000
0.000000
0.000000
0.000000
0.000000
0.000000
0.000000
0.000000
0.000000
0.000000
0.000000
0.000000
0.000000
0.000000
0.000000
0.000000
0.000000
0.000000
0.000000
0.000000
0.000000
0.000000
0.000000
0.000000
0.000000
0.000000
0.000000
0.000000
0.000000
0.000000
0.000000
0.000000
0.000000
0.000000
0.000000
0.000000
0.000000
0.000000
0.000000
0.000000
0.000000
0.000000
0.000000
0.000000
0.000000
0.000000
0.000000
0.000000
0.000000
0.000000
0.000000
0.000000
0.000000
0.000000
0.000000
0.000000
0.000000
0.000000
0.000000
0.000000
0.000000
0.000000
0.000000
0.000000
0.000000
0.000000
0.000000
0.000000
0.000000
0.000000
0.000000
0.000000
0.000000
0.000000
0.000000
0.000000
0.000000
0.000000
0.000000
0.000000
0.000000
0.000000
0.000000
0.000000
0.000000
0.000000
0.000000
0.000000
0.000000
0.000000
0.000000
0.000000
0.000000
0.000000
0.000000
0.000000
0.000000
0.000000
0.000000
0.000000
0.000000
0.000000
0.000000
0.000000
0.000000
0.000000
0.000000
0.000000
0.000000
0.000000
0.000000
0.000000
0.000000
0.000000
0.000000
0.000000
0.000000
0.000000
0.000000
0.000000
0.000000
0.000000
0.000000
0.000000
0.000000
0.000000
0.000000
0.000000
0.000000
0.000000
0.000000
0.000000
0.000000
0.000000
0.000000
0.000000
0.000000
