0.396710
0.356463
0.394282
0.309458
0.367190
0.357698
0.351313
0.373840
0.382364
0.375874
0.378025
0.355597
0.335898
0.356065
0.351535
0.365689
0.392069
0.355289
0.343563
0.356929
0.325526
0.371134
0.354109
0.334039
0.390169
0.411051
0.412606
0.406825
0.439557
0.386836
0.417441
0.414150
0.341539
0.361009
0.349174
0.429335
0.398125
0.413743
0.419624
0.405841
0.398289
0.417236
0.401233
0.364516
0.418252
0.401487
0.388126
0.412409
0.383156
0.401354
0.432641
0.388708
0.451738
0.366004
0.335468
0.471562
0.424067
0.349077
0.366977
0.418736
0.398303
0.353003
0.458354
0.363850
0.451363
0.436524
0.323035
0.327000
0.445319
0.392839
0.482853
0.338797
0.398082
0.436225
0.463679
0.452149
0.395321
0.360179
0.462899
0.343930
0.442369
0.468942
0.499157
0.322830
0.456890
0.512001
0.381794
0.318253
0.362904
0.385010
0.402372
0.370664
0.463492
0.438330
0.387268
0.451950
0.422117
0.424410
0.477960
0.458825
0.302385
0.373870
0.420484
0.366991
0.323503
0.376834
0.338027
0.457165
0.351343
0.311385
0.431954
0.440074
0.332144
0.332237
0.325671
0.387882
0.469276
0.464602
0.297457
0.300899
0.294026
0.297127
0.350571
0.350384
0.349507
0.326728
0.262772
0.323062
0.299195
0.432511
0.308791
0.403758
0.425704
0.467471
0.260097
0.456650
0.286226
0.312788
0.424623
0.273463
0.410593
0.338908
0.279426
