221.000000
241.000000
192.000000
239.000000
217.000000
205.000000
211.000000
252.000000
243.000000
231.000000
209.000000
216.000000
203.000000
223.000000
194.000000
220.000000
247.000000
207.000000
205.000000
222.000000
185.000000
228.000000
210.000000
220.000000
195.000000
104.000000
86.000000
84.000000
100.000000
120.000000
121.000000
101.000000
105.000000
98.000000
86.000000
106.000000
156.000000
93.000000
99.000000
87.000000
107.000000
109.000000
94.000000
98.000000
110.000000
168.000000
98.000000
103.000000
90.000000
111.000000
46.000000
50.000000
45.000000
52.000000
54.000000
60.000000
57.000000
58.000000
50.000000
57.000000
55.000000
43.000000
55.000000
37.000000
61.000000
49.000000
71.000000
70.000000
42.000000
53.000000
57.000000
57.000000
52.000000
48.000000
103.000000
27.000000
35.000000
19.000000
28.000000
37.000000
20.000000
37.000000
36.000000
34.000000
30.000000
37.000000
30.000000
41.000000
41.000000
40.000000
34.000000
23.000000
30.000000
39.000000
35.000000
27.000000
42.000000
23.000000
20.000000
47.000000
22.000000
33.000000
21.000000
25.000000
27.000000
14.000000
15.000000
20.000000
20.000000
19.000000
27.000000
18.000000
20.000000
24.000000
19.000000
29.000000
12.000000
22.000000
22.000000
19.000000
21.000000
20.000000
16.000000
18.000000
18.000000
11.000000
10.000000
12.000000
10.000000
12.000000
11.000000
17.000000
10.000000
13.000000
10.000000
9.000000
9.000000
8.000000
14.000000
13.000000
8.000000
6.000000
8.000000
13.000000
8.000000
14.000000
12.000000
9.000000
13.000000
12.000000
3.000000
2.000000
8.000000
11.000000
3.000000
4.000000
2.000000
5.000000
8.000000
2.000000
5.000000
1.000000
8.000000
3.000000
11.000000
4.000000
4.000000
7.000000
4.000000
5.000000
4.000000
2.000000
3.000000
6.000000
5.000000
5.000000
6.000000
2.000000
