4.172399
4.077695
4.168661
4.080517
4.200190
4.090648
4.197087
4.149805
4.076033
4.081626
4.129369
4.122663
4.091626
4.100306
4.151037
4.043442
4.020211
4.164042
4.157335
4.216219
4.038978
4.117499
4.127364
4.180661
4.065077
3.627917
4.002207
3.584042
3.561332
3.976386
4.005001
3.993342
4.071266
4.105846
3.887384
3.699234
3.730259
4.107151
3.901807
4.110196
3.649742
4.131534
3.969305
4.157693
3.998420
3.723250
4.102405
4.033102
3.664571
4.009250
4.045607
3.102872
3.671959
3.346187
3.554712
3.754636
3.866766
3.517585
3.540521
3.881353
4.181980
3.700239
3.665100
3.892882
3.861431
3.523286
4.082084
3.951142
0.000000
3.747581
3.925440
4.072999
3.539727
3.774833
4.039486
3.994453
4.093363
3.067860
3.174214
3.070984
3.613073
3.807193
3.445424
3.178896
3.104494
3.599922
3.213191
3.000280
2.934994
3.589857
3.389339
3.763323
3.599403
3.058851
0.000000
3.028382
3.420135
3.046044
3.499724
3.436440
3.004943
0.000000
0.000000
3.940792
0.000000
4.113556
3.019422
3.193613
3.953405
0.000000
3.545101
3.015681
2.940526
3.744617
3.053510
3.687461
3.117583
2.240486
4.109160
3.029710
3.986399
3.322378
3.180227
3.125141
3.202459
2.983975
2.898036
0.000000
3.980788
0.000000
2.851055
3.126008
3.210819
3.141736
3.192080
0.000000
0.000000
2.790239
2.503622
2.988647
3.162156
3.221856
2.437552
3.065722
0.000000
3.019590
3.022572
3.292018
3.164448
3.006315
3.148873
3.262780
3.130187
3.272712
3.267922
3.128040
3.196431
3.651022
3.151027
3.079433
3.205869
3.263521
3.128505
3.091389
3.132012
2.467072
3.063108
3.062523
2.984254
3.175045
3.136925
3.151455
3.016501
0.000000
3.088681
3.223640
3.113458
3.122931
3.107520
3.185437
3.226819
3.140455
3.119876
3.132176
3.123925
0.000000
3.115948
3.070111
3.103666
3.113926
3.176073
3.104472
3.111100
3.103665
3.100488
0.576557
3.189536
3.429375
3.222245
2.982686
3.102240
4.087473
2.972633
2.968025
3.822811
0.000000
3.149124
3.137331
3.214935
2.968025
2.968025
0.000000
3.194714
3.102794
3.878558
3.098810
3.702868
3.140805
3.096150
3.093389
3.030063
3.093382
3.113673
0.000000
3.087469
3.088267
3.701113
3.186373
3.087461
3.094727
3.067025
3.081147
3.081147
3.138742
3.083920
3.077324
3.017131
3.068955
3.123341
3.078117
2.954374
2.954414
2.954374
2.954374
2.954374
2.948873
2.953500
2.957476
2.996747
2.948873
2.948873
2.942027
2.942027
2.942027
2.942027
2.942027
2.942027
2.918200
2.941873
2.941873
3.083893
2.941913
2.933360
2.933360
2.933360
2.933360
2.933400
2.933400
2.933400
2.933400
2.941873
2.933400
2.972473
2.932857
2.933209
2.933214
2.933214
2.933214
2.941959
2.933214
2.933214
2.933214
2.933214
