4.184367
4.136137
4.103820
4.137978
4.143512
4.164308
4.172936
4.162450
4.070996
4.139727
4.070257
4.013231
4.145452
4.138376
4.134832
4.203071
4.127955
4.142874
4.173367
4.055734
4.164894
4.155980
4.152885
4.130015
4.101313
3.817655
3.666830
4.079807
3.743273
4.048582
3.994988
4.050725
4.086163
3.769251
4.044577
4.016376
3.795035
4.078025
3.445711
3.964084
4.021568
3.794618
3.626267
3.530973
4.075560
3.751739
3.703324
3.858571
3.941787
3.661162
4.004322
3.454864
3.337455
3.908823
3.791975
3.800104
3.244903
3.986594
4.073447
3.250052
3.456223
3.161296
3.815617
3.687128
4.030568
3.698274
4.038334
4.078855
3.714626
3.314371
3.472120
3.407101
3.503053
3.335585
3.926109
3.196748
3.170075
4.072943
3.990477
3.145623
3.530723
3.624184
3.571669
3.104190
3.169581
3.784599
4.028990
3.122446
3.088059
2.977933
3.718249
3.971233
4.085305
3.738025
3.336151
3.216708
3.602169
3.018647
3.283644
3.188261
3.057329
3.772211
3.902413
3.127203
4.018006
3.655711
3.588159
3.107841
3.669780
3.382221
3.167939
3.120584
3.753449
2.885595
3.951973
3.078132
3.955753
3.047806
3.141936
3.992211
2.741078
3.952477
3.068888
3.679116
3.143234
3.186281
3.115479
2.980490
3.081625
3.108244
2.947423
2.836174
3.190291
3.707552
3.095433
3.930384
3.109775
3.669333
3.152831
3.143247
0.712689
3.127147
3.965168
3.665049
3.974769
3.216521
3.144067
3.147597
2.884128
3.614399
3.666919
3.678258
3.125676
3.604585
3.953812
3.130410
3.112195
3.143206
2.969967
3.960995
3.115587
3.094466
3.937080
3.115908
2.931656
3.122221
3.049187
3.102077
3.126208
3.126319
3.097842
3.832452
3.175364
3.143668
2.977021
3.126269
3.117883
3.122059
3.126269
3.612314
3.124966
3.505842
3.049540
3.126167
3.081505
2.937724
3.117720
3.107470
3.117720
3.121994
3.117720
3.210476
3.114470
3.116079
3.141773
3.104245
3.142460
3.117580
3.117580
3.130085
3.125964
3.176907
2.975267
3.117503
3.192307
3.121645
3.130020
3.056976
3.097336
3.606637
3.093113
3.121614
3.138373
3.124499
3.129922
3.121517
3.121517
3.121517
3.121517
3.121517
3.121517
3.117231
3.117231
3.117231
2.930478
3.125433
3.117231
3.117231
3.111890
3.135402
3.117052
3.117052
3.117052
3.117052
3.117052
3.117052
3.116931
3.116931
3.116931
3.116931
3.116931
3.116931
3.116931
3.116931
3.116931
3.116931
3.116931
3.116931
3.116707
3.116707
3.116707
3.125312
3.116707
2.951458
3.116707
3.121840
3.130219
3.121840
2.974543
3.090270
3.121840
3.121840
3.124895
3.121840
3.121840
3.126125
3.121840
2.986842
3.121840
3.121840
3.126125
3.121840
3.121840
3.121840
3.121840
3.121840
3.121840
3.121801
3.121801
3.121801
3.121650
3.056189
3.121801
3.121801
3.121801
3.182674
3.088031
3.088031
3.088031
3.088031
3.088031
3.088041
3.088041
3.088041
3.087887
3.087887
3.087887
3.087887
3.087887
3.087887
3.087887
3.087887
3.087887
3.087887
3.087887
3.087887
3.087887
3.087887
3.087887
3.087887
3.087887
3.087887
3.087887
3.087887
2.927878
3.087887
3.087887
3.087887
3.087887
3.087887
3.087887
3.087887
3.087887
3.087887
3.087887
3.087887
3.087887
3.087887
3.087887
3.087887
3.087887
3.087887
3.087887
3.087887
3.087887
3.087887
3.087887
3.087887
3.087887
3.087887
3.087887
3.087887
3.087887
3.087887
3.087887
3.087887
3.087887
3.087887
3.087887
3.087887
3.087887
3.087887
3.087887
3.087887
3.087887
3.087887
3.087887
3.087887
3.087887
3.087887
3.087887
3.087887
3.087887
2.982460
2.982460
3.087887
2.982460
2.982460
