4.173051
4.151524
4.221785
4.162622
4.163444
4.078885
4.056767
4.172281
4.132368
4.069931
4.161991
3.683465
3.856239
4.077722
4.190021
4.165646
4.144924
4.122770
4.209596
4.199387
4.183010
4.146154
4.164295
4.123145
4.125530
4.064661
4.064805
4.017647
4.027211
4.058810
4.085733
4.080174
4.039299
3.703793
3.486070
4.046713
3.922665
3.923651
4.077621
4.083026
4.030412
4.128848
3.633941
4.069123
3.832817
3.964047
3.675618
4.080588
4.019153
3.537985
0.000000
3.721635
4.087142
3.789013
3.573538
3.313227
3.230307
3.590290
3.856588
3.860972
4.086193
3.180297
3.710639
3.989601
3.719398
3.179718
3.403958
3.780820
3.687269
3.877524
3.132325
3.492403
3.452891
3.711935
3.494709
3.251730
3.296555
2.844197
3.981691
2.953158
3.593301
3.048680
3.360499
3.057290
3.395307
3.762465
3.527812
3.796963
3.850945
3.466899
3.357852
3.260518
3.569390
3.173346
3.003080
3.349028
3.415182
3.455998
2.476618
3.577302
2.959119
2.901476
2.931550
2.769297
2.617939
3.345269
2.897976
3.308338
0.349021
3.141663
3.123399
2.997438
3.271629
2.847936
2.893574
2.381048
3.149430
2.899921
2.917467
2.947520
3.774922
2.708427
2.927163
3.441874
3.290554
2.733256
3.273381
2.749407
2.925841
3.220858
2.788185
2.779812
2.941613
2.920617
2.721583
2.743025
2.843997
2.731347
2.945063
3.075904
2.746945
2.795025
2.811032
3.366724
2.958979
3.111903
3.613748
2.766121
2.631896
2.786131
2.884718
3.049962
2.390696
2.758090
2.973612
2.738343
2.966156
2.740640
0.000000
2.930192
2.674720
2.704414
2.926838
2.792600
2.760146
2.738732
2.745981
2.903783
2.950574
2.862345
2.824015
2.886098
2.724605
2.714180
2.718044
2.731305
2.733350
2.732418
2.740920
2.706226
2.738732
2.920860
2.719174
2.724632
2.724670
0.000000
2.944228
2.728297
2.735408
2.728297
2.781097
2.814909
2.728297
2.736913
2.728297
2.415412
2.721214
2.916978
2.728297
2.872159
2.727928
2.736026
0.000000
2.728263
2.731276
2.609575
2.728263
2.905856
2.996315
2.719421
2.724653
2.771924
2.721181
1.677854
2.721181
3.031202
2.721181
2.731228
2.728263
2.731698
2.728263
2.627919
2.721181
2.721181
2.735228
2.726374
0.000000
2.721181
2.721181
2.723999
2.724632
2.728263
2.731698
2.728263
2.721181
2.724632
2.721181
2.356661
2.732807
2.721139
2.724632
2.728221
2.721139
2.732730
2.721139
2.731698
2.719930
2.732342
2.724632
2.719930
2.721139
2.725620
2.195815
2.721139
2.721139
2.719930
2.723957
2.976967
2.719930
2.721139
2.721139
2.694043
2.721139
2.719930
2.721139
2.719930
2.803933
2.724572
2.731638
2.720904
2.732609
2.732733
2.732609
2.951415
2.732733
2.732609
2.732609
2.732609
2.775573
2.732733
2.732733
2.732609
2.732609
2.732733
2.732609
2.732733
2.732609
2.732609
2.946432
2.732730
2.739895
2.732730
2.724632
2.732733
2.732575
2.724632
2.732733
2.732768
2.732575
2.732733
2.732575
2.724632
2.715705
2.732575
2.724632
2.715705
2.732768
2.724632
2.715705
2.732575
2.732575
2.715705
2.732575
2.715705
2.732575
2.732575
2.722446
2.732575
2.724632
2.715705
2.739740
2.732575
2.715705
2.732575
2.732575
2.715705
2.732768
2.724632
2.715707
2.950344
2.732722
2.732722
2.722850
2.732722
2.732734
2.732734
2.732734
2.722847
2.732734
2.724632
2.722847
2.732734
2.732575
2.722847
2.732734
2.724632
2.722847
2.732575
2.732575
2.722847
2.732734
2.724632
2.722847
2.732575
2.724632
2.722847
2.732734
2.732575
2.722850
2.732575
2.732575
2.722850
2.732533
2.724632
2.722850
2.732533
2.732533
2.722850
2.732734
2.724605
2.722850
2.732533
2.732533
2.728570
2.732734
2.724605
2.728570
2.732533
2.732734
