214.000000
220.000000
195.000000
221.000000
183.000000
212.000000
201.000000
209.000000
233.000000
227.000000
232.000000
232.000000
210.000000
195.000000
214.000000
214.000000
212.000000
227.000000
210.000000
223.000000
182.000000
219.000000
169.000000
201.000000
194.000000
100.000000
97.000000
90.000000
101.000000
108.000000
86.000000
87.000000
101.000000
101.000000
102.000000
127.000000
75.000000
91.000000
97.000000
90.000000
109.000000
76.000000
100.000000
107.000000
112.000000
96.000000
134.000000
125.000000
75.000000
119.000000
58.000000
63.000000
64.000000
50.000000
42.000000
119.000000
94.000000
44.000000
41.000000
47.000000
49.000000
46.000000
70.000000
89.000000
50.000000
60.000000
98.000000
39.000000
59.000000
58.000000
63.000000
58.000000
96.000000
46.000000
45.000000
41.000000
32.000000
28.000000
26.000000
35.000000
73.000000
26.000000
37.000000
29.000000
34.000000
26.000000
32.000000
33.000000
31.000000
30.000000
23.000000
36.000000
25.000000
36.000000
36.000000
48.000000
27.000000
22.000000
19.000000
52.000000
25.000000
20.000000
30.000000
16.000000
19.000000
13.000000
20.000000
15.000000
27.000000
18.000000
18.000000
15.000000
16.000000
16.000000
26.000000
38.000000
18.000000
37.000000
34.000000
27.000000
18.000000
26.000000
27.000000
23.000000
15.000000
19.000000
10.000000
9.000000
18.000000
15.000000
14.000000
16.000000
7.000000
11.000000
16.000000
8.000000
9.000000
14.000000
13.000000
13.000000
10.000000
10.000000
12.000000
14.000000
18.000000
8.000000
13.000000
14.000000
9.000000
12.000000
6.000000
4.000000
6.000000
4.000000
3.000000
2.000000
3.000000
6.000000
6.000000
8.000000
4.000000
0.000000
4.000000
8.000000
4.000000
6.000000
4.000000
10.000000
6.000000
2.000000
3.000000
4.000000
4.000000
6.000000
3.000000
1.000000
1.000000
6.000000
3.000000
3.000000
2.000000
3.000000
1.000000
0.000000
3.000000
3.000000
2.000000
5.000000
8.000000
2.000000
2.000000
8.000000
2.000000
3.000000
1.000000
1.000000
4.000000
2.000000
7.000000
7.000000
2.000000
1.000000
3.000000
1.000000
1.000000
1.000000
1.000000
2.000000
1.000000
3.000000
2.000000
1.000000
1.000000
0.000000
1.000000
1.000000
2.000000
2.000000
0.000000
3.000000
0.000000
0.000000
0.000000
0.000000
1.000000
0.000000
1.000000
0.000000
1.000000
1.000000
1.000000
1.000000
0.000000
1.000000
2.000000
2.000000
0.000000
0.000000
2.000000
2.000000
1.000000
0.000000
0.000000
0.000000
1.000000
0.000000
0.000000
0.000000
1.000000
0.000000
0.000000
0.000000
0.000000
0.000000
0.000000
0.000000
0.000000
0.000000
0.000000
0.000000
0.000000
0.000000
0.000000
2.000000
0.000000
0.000000
0.000000
0.000000
0.000000
0.000000
2.000000
0.000000
0.000000
1.000000
1.000000
0.000000
1.000000
0.000000
0.000000
0.000000
0.000000
1.000000
0.000000
0.000000
0.000000
0.000000
0.000000
0.000000
0.000000
0.000000
0.000000
1.000000
0.000000
0.000000
0.000000
0.000000
0.000000
0.000000
0.000000
0.000000
0.000000
0.000000
0.000000
0.000000
0.000000
0.000000
0.000000
0.000000
0.000000
0.000000
0.000000
0.000000
0.000000
0.000000
0.000000
0.000000
0.000000
0.000000
0.000000
0.000000
0.000000
0.000000
0.000000
0.000000
0.000000
0.000000
0.000000
0.000000
0.000000
0.000000
0.000000
0.000000
0.000000
0.000000
0.000000
0.000000
0.000000
0.000000
0.000000
0.000000
0.000000
0.000000
0.000000
0.000000
0.000000
0.000000
0.000000
0.000000
0.000000
0.000000
0.000000
0.000000
0.000000
0.000000
0.000000
0.000000
1.000000
0.000000
0.000000
1.000000
0.000000
0.000000
0.000000
0.000000
0.000000
0.000000
0.000000
0.000000
0.000000
0.000000
0.000000
