0.219327
0.227371
0.223788
0.220049
0.214202
0.200543
0.188261
0.211287
0.187984
0.195711
0.169559
0.183013
0.179394
0.161713
0.149895
0.182483
0.154976
0.158006
0.152138
0.135566
0.142529
0.153471
0.173378
0.152082
0.135205
0.177883
0.180398
0.167240
0.178908
0.164130
0.167833
0.180387
0.183139
0.173905
0.171129
0.173291
0.181210
0.172577
0.172211
0.174545
0.155322
0.171926
0.165314
0.159573
0.182870
0.165783
0.186312
0.172000
0.175867
0.155552
0.187358
0.214964
0.200998
0.195702
0.211254
0.158733
0.177870
0.164000
0.209941
0.204046
0.168139
0.181203
0.175661
0.211359
0.195390
0.194976
0.198882
0.176596
0.180469
0.187397
0.203087
0.208680
0.177725
0.181139
0.187926
0.205991
0.203454
0.182090
0.177043
0.209679
0.200022
0.208484
0.203929
0.167992
0.221803
0.160818
0.184190
0.211147
0.172098
0.169156
0.183900
0.213416
0.217477
0.159792
0.170257
0.148165
0.162206
0.109141
0.155235
0.223724
0.201339
0.195623
0.162285
0.200556
0.191342
0.206578
0.169954
0.222020
0.173411
0.208772
0.254823
0.165574
0.180072
0.132495
0.182177
0.189442
0.193535
0.280839
0.187906
0.194988
0.171784
0.183717
0.162811
0.188924
0.146961
0.184638
0.213062
0.157745
0.161978
0.173948
0.181685
0.199350
0.177992
0.164086
0.174278
0.181186
0.156142
0.170611
0.131593
0.177038
0.131484
0.195790
0.174552
0.170775
0.129183
0.160726
0.089585
0.193057
0.172985
0.163220
0.092280
0.168606
0.119351
0.169170
0.043964
0.173465
0.172418
0.167387
0.178152
0.167719
0.176901
0.169681
0.170736
0.152544
0.119390
0.166434
0.050986
0.078984
0.048047
0.072084
0.134072
0.103236
0.128863
0.138880
0.144402
0.081557
0.077374
0.089671
0.104819
0.076192
0.170688
0.075519
0.075319
0.051769
0.074951
0.096946
0.088645
0.154647
0.075125
0.078674
0.078585
0.113820
0.073648
0.053505
0.088738
0.104486
0.138236
0.073274
0.078963
0.066398
0.072676
0.043320
0.073863
0.078672
0.078772
0.078335
0.175662
0.079356
0.070515
0.078408
0.086374
0.078231
0.085434
0.077990
0.078217
0.077780
0.079192
0.077606
0.078060
0.165464
0.079237
0.078871
0.079035
0.078884
0.077578
0.077561
0.077185
0.076920
0.067056
0.076709
0.066238
0.066704
0.044768
0.066415
0.076578
0.066473
0.066319
0.051856
0.066748
0.066514
0.066291
0.066305
0.075379
0.117794
0.097117
0.096837
0.096790
0.079185
0.069062
0.192789
0.081092
0.080750
0.094027
0.078277
0.093695
0.080091
0.077538
0.077457
0.077353
0.077249
0.064918
0.064698
0.090828
0.065175
0.077995
0.065556
0.085308
0.064750
0.064619
0.064520
0.064564
0.064424
0.088546
0.064610
0.064480
0.064617
0.088276
0.064642
0.075261
0.088293
0.066531
0.066239
0.065898
0.066017
0.065821
0.087290
0.066113
0.065486
0.065850
0.065557
0.086536
0.065841
0.065553
0.067556
0.065353
0.065322
0.065274
0.075935
0.065485
0.065283
0.065038
0.064837
0.075534
0.064286
0.064858
0.064784
0.064748
0.064642
0.063488
0.064664
0.064641
0.075175
0.064824
0.065009
0.046315
0.072812
0.075729
0.072480
0.085179
0.072389
0.072220
0.084802
0.072112
0.075254
0.084357
0.084412
0.071877
0.071787
0.083906
0.071669
0.083809
0.087344
0.071933
0.071632
0.082988
0.044692
0.083265
0.082448
0.082032
0.044641
0.082795
0.081694
0.081124
0.043748
0.073891
0.042526
0.082623
0.081268
0.080062
0.072146
0.046993
0.046961
0.080913
0.075108
0.046165
0.079717
0.078826
0.078232
0.085492
0.078290
0.085430
0.073641
0.045461
0.079706
0.078845
0.078628
0.078547
0.078500
0.078470
0.083474
0.078457
0.083450
0.078183
0.078859
0.078591
0.078687
0.078549
0.078489
0.078444
0.078431
0.083284
0.083156
0.083110
0.082975
0.078549
0.076883
0.082917
0.074829
0.076795
0.078383
0.078326
0.078325
0.078303
0.078684
0.078739
0.078734
0.078772
0.078755
0.078744
0.078729
0.078722
0.078880
0.079422
