215.000000
202.000000
226.000000
199.000000
203.000000
212.000000
221.000000
230.000000
169.000000
225.000000
240.000000
204.000000
224.000000
246.000000
200.000000
241.000000
226.000000
223.000000
235.000000
202.000000
230.000000
197.000000
203.000000
207.000000
211.000000
99.000000
89.000000
108.000000
102.000000
97.000000
90.000000
104.000000
103.000000
91.000000
112.000000
110.000000
91.000000
105.000000
132.000000
133.000000
75.000000
105.000000
109.000000
107.000000
100.000000
91.000000
100.000000
111.000000
106.000000
104.000000
81.000000
61.000000
57.000000
71.000000
55.000000
38.000000
37.000000
56.000000
54.000000
45.000000
59.000000
43.000000
46.000000
48.000000
58.000000
49.000000
54.000000
50.000000
61.000000
64.000000
55.000000
65.000000
42.000000
52.000000
56.000000
26.000000
20.000000
38.000000
30.000000
35.000000
54.000000
25.000000
35.000000
21.000000
22.000000
43.000000
27.000000
64.000000
42.000000
31.000000
34.000000
45.000000
58.000000
35.000000
28.000000
34.000000
32.000000
69.000000
41.000000
45.000000
39.000000
30.000000
20.000000
17.000000
30.000000
31.000000
31.000000
19.000000
24.000000
23.000000
19.000000
19.000000
28.000000
28.000000
19.000000
19.000000
17.000000
29.000000
36.000000
18.000000
29.000000
18.000000
22.000000
16.000000
19.000000
16.000000
13.000000
7.000000
9.000000
11.000000
19.000000
19.000000
9.000000
15.000000
10.000000
17.000000
12.000000
9.000000
10.000000
9.000000
15.000000
10.000000
9.000000
14.000000
19.000000
12.000000
13.000000
13.000000
13.000000
6.000000
6.000000
8.000000
9.000000
2.000000
10.000000
8.000000
14.000000
8.000000
10.000000
7.000000
6.000000
4.000000
0.000000
10.000000
8.000000
7.000000
5.000000
4.000000
11.000000
6.000000
9.000000
11.000000
7.000000
9.000000
5.000000
4.000000
3.000000
3.000000
3.000000
5.000000
3.000000
5.000000
4.000000
6.000000
3.000000
3.000000
3.000000
2.000000
3.000000
6.000000
5.000000
3.000000
6.000000
0.000000
3.000000
2.000000
2.000000
4.000000
6.000000
2.000000
4.000000
1.000000
4.000000
1.000000
4.000000
6.000000
2.000000
1.000000
3.000000
3.000000
2.000000
1.000000
1.000000
4.000000
3.000000
1.000000
2.000000
2.000000
2.000000
3.000000
3.000000
2.000000
1.000000
3.000000
3.000000
0.000000
0.000000
1.000000
0.000000
1.000000
0.000000
0.000000
1.000000
1.000000
1.000000
0.000000
1.000000
1.000000
1.000000
1.000000
1.000000
1.000000
0.000000
1.000000
2.000000
2.000000
1.000000
1.000000
1.000000
1.000000
0.000000
0.000000
1.000000
0.000000
1.000000
1.000000
0.000000
1.000000
0.000000
1.000000
1.000000
0.000000
0.000000
1.000000
0.000000
0.000000
2.000000
2.000000
0.000000
0.000000
0.000000
0.000000
0.000000
1.000000
0.000000
0.000000
0.000000
1.000000
1.000000
0.000000
0.000000
0.000000
0.000000
0.000000
0.000000
0.000000
0.000000
0.000000
0.000000
0.000000
0.000000
0.000000
1.000000
0.000000
0.000000
0.000000
0.000000
0.000000
0.000000
0.000000
0.000000
0.000000
0.000000
0.000000
0.000000
0.000000
0.000000
0.000000
0.000000
0.000000
0.000000
0.000000
0.000000
0.000000
0.000000
0.000000
0.000000
0.000000
0.000000
0.000000
0.000000
0.000000
0.000000
0.000000
0.000000
0.000000
0.000000
0.000000
0.000000
0.000000
0.000000
0.000000
0.000000
0.000000
0.000000
0.000000
0.000000
0.000000
0.000000
0.000000
0.000000
0.000000
0.000000
0.000000
0.000000
0.000000
0.000000
0.000000
0.000000
0.000000
0.000000
0.000000
0.000000
0.000000
0.000000
0.000000
0.000000
0.000000
0.000000
0.000000
0.000000
0.000000
0.000000
0.000000
0.000000
0.000000
0.000000
0.000000
1.000000
0.000000
0.000000
0.000000
0.000000
0.000000
0.000000
0.000000
0.000000
0.000000
0.000000
0.000000
0.000000
0.000000
0.000000
0.000000
0.000000
0.000000
0.000000
0.000000
0.000000
0.000000
0.000000
0.000000
0.000000
0.000000
0.000000
0.000000
0.000000
0.000000
0.000000
0.000000
0.000000
0.000000
0.000000
0.000000
0.000000
0.000000
0.000000
0.000000
0.000000
0.000000
0.000000
0.000000
0.000000
0.000000
0.000000
0.000000
0.000000
0.000000
0.000000
0.000000
0.000000
0.000000
0.000000
