3.972981
4.201298
4.146252
4.090885
4.152622
4.000233
4.043377
4.141746
4.065560
4.196457
4.143713
4.203196
4.083203
4.140857
3.940895
4.079921
4.040565
4.078443
4.144800
4.187071
4.180117
4.138872
4.133722
4.137749
4.082079
4.047199
3.867800
3.487141
3.739998
3.797385
4.087690
4.072324
4.044857
4.070425
4.032373
3.799982
3.728817
4.042799
3.638951
3.631053
4.023960
4.075792
4.037550
3.537875
3.890257
4.013429
4.066271
4.062477
3.747610
4.058152
3.508746
3.701632
3.027310
3.055252
3.509990
3.644561
3.544676
3.806898
3.440177
3.880723
3.566202
3.536771
3.083779
3.589223
3.127058
3.772364
3.712620
3.458396
3.426514
3.564137
3.566392
3.469167
3.734418
4.064623
3.525820
3.249781
3.066957
0.931242
3.079313
2.922319
3.614716
2.952637
3.955414
3.553677
3.613706
2.962952
2.881121
3.912015
3.879933
3.145565
3.885171
3.176853
3.038322
3.381088
2.604345
3.016130
3.619837
2.825309
3.001453
2.936971
0.030208
3.387947
2.667918
2.785774
2.797199
2.803549
3.470333
3.028274
3.829370
3.899214
2.880428
1.906160
2.846015
2.399010
2.625606
3.075383
2.708309
2.883198
2.932299
2.629566
2.920356
2.841511
2.851216
3.438507
2.946643
0.000000
2.771800
2.745340
0.059913
0.572846
0.579333
0.226948
3.394824
3.026153
2.923587
3.749881
1.972105
3.119435
0.015735
0.842828
2.651775
2.899354
2.366684
2.681136
2.965073
0.686605
2.992745
2.548798
2.772469
2.844521
2.786025
0.237188
2.650336
0.648885
2.707261
1.249832
2.809178
0.022690
2.703725
0.058946
1.556218
2.169021
1.762537
0.014825
2.913421
2.712583
0.224989
0.000000
2.658403
2.659884
3.047417
1.610229
0.000000
1.367480
2.160889
0.012254
0.011673
0.007847
1.630605
2.840641
2.802612
0.010849
0.395639
0.366243
0.012381
0.395639
0.037499
0.016782
0.397269
0.000000
0.340703
2.953329
