4.241950
4.169002
4.197698
4.143592
4.176673
4.142468
4.182658
4.189579
4.132781
4.130327
4.138088
4.069697
4.040455
4.180622
4.182708
4.194638
4.138121
4.194576
4.188973
4.173448
4.126165
4.115939
4.094796
4.093974
4.163628
3.758049
3.643956
3.779800
4.093472
4.105840
4.041913
4.072902
3.605772
3.998128
4.107862
4.074754
4.102060
4.102535
4.070417
4.025321
3.905911
3.774298
3.827798
4.144781
4.089277
4.072822
4.030839
4.136786
4.067505
4.118822
0.000000
3.334695
4.111866
3.064039
3.863901
3.630644
3.439219
3.501107
3.543658
3.932966
3.251879
4.036414
4.037756
4.017686
3.668238
3.567307
3.653273
3.991332
3.519902
4.080370
4.076410
3.604028
3.604094
3.526828
3.557322
4.079585
3.231183
0.000000
3.571467
3.774414
3.741561
4.169341
3.177623
3.942679
3.561440
0.000000
3.146745
3.474175
4.076934
3.939956
3.120203
3.268258
3.960526
3.047688
3.103752
3.996708
3.687899
4.131439
3.462036
4.056923
3.613134
0.000000
0.000000
0.000000
0.000000
2.435520
3.336906
0.000000
3.521980
0.000000
2.602429
0.000000
3.478965
0.000000
3.968944
0.000000
0.000000
3.015453
3.274052
3.210170
3.707814
3.488480
0.000000
0.000000
0.000000
2.525818
0.000000
0.000000
0.000000
2.813470
0.000000
0.000000
0.000000
0.000000
2.808305
0.000000
0.000000
0.000000
0.000000
0.000000
0.000000
0.000000
3.212821
0.000000
3.394944
0.000000
0.000000
0.054640
0.000000
4.182409
3.750102
0.000000
0.000000
0.000000
0.000000
0.000000
0.000000
0.000000
0.000000
0.000000
1.507629
0.000000
0.000000
0.000000
0.000000
0.000000
0.000000
0.000000
0.000000
0.000000
0.000000
0.000000
3.584904
0.000000
0.000000
0.000000
0.000000
0.000000
0.000000
0.000000
0.000000
0.000000
0.000000
0.000000
0.000000
0.000000
0.000000
0.000000
2.234102
0.000000
2.294212
0.000000
0.000000
0.000000
0.000000
0.000000
0.000000
0.000000
0.000000
0.000000
0.000000
0.000000
0.000000
0.000000
0.000000
0.000000
0.000000
0.000000
0.000000
0.000000
0.000000
0.000000
0.000000
0.000000
0.000000
0.000000
0.000000
0.000000
0.000000
0.000000
0.000000
0.000000
0.000000
0.000000
0.000000
0.000000
0.000000
0.000000
0.000000
0.000000
0.000000
0.000000
0.000000
0.000000
0.000000
0.000000
0.000000
0.000000
0.000000
0.000000
0.000000
0.000000
0.000000
0.000000
0.000000
0.000000
0.000000
0.000000
0.000000
0.000000
0.000000
0.000000
0.000000
0.000000
0.000000
0.000000
0.000000
0.000000
0.000000
0.000000
0.000000
0.000000
0.000000
0.000000
0.000000
0.000000
0.000000
0.000000
0.000000
0.000000
0.000000
0.000000
0.000000
0.000000
0.000000
0.000000
0.000000
0.000000
0.000000
0.000000
0.000000
0.000000
0.000000
0.000000
0.000000
0.000000
0.000000
0.000000
0.000000
0.000000
0.000000
0.000000
0.000000
0.000000
0.000000
0.000000
0.000000
0.000000
0.000000
0.000000
0.000000
0.000000
0.000000
0.000000
0.000000
0.000000
0.000000
0.000000
0.000000
0.000000
0.000000
0.000000
0.000000
0.000000
0.000000
0.000000
0.000000
0.000000
0.000000
0.000000
0.000000
0.000000
0.000000
0.000000
0.000000
0.000000
0.000000
0.000000
0.000000
0.000000
0.000000
0.000000
0.000000
0.000000
0.000000
0.000000
0.000000
0.000000
0.000000
0.000000
0.000000
0.000000
0.000000
0.000000
0.000000
0.000000
0.000000
0.000000
0.000000
0.000000
0.000000
0.000000
0.000000
0.000000
0.000000
0.000000
0.000000
0.000000
0.000000
0.000000
0.000000
0.000000
0.000000
0.000000
0.000000
0.000000
0.000000
0.000000
0.000000
0.000000
0.000000
0.000000
0.000000
0.000000
0.000000
0.000000
0.000000
0.000000
0.000000
0.000000
0.000000
0.000000
0.000000
