221.000000
238.000000
207.000000
195.000000
188.000000
225.000000
203.000000
209.000000
215.000000
239.000000
209.000000
202.000000
201.000000
217.000000
201.000000
214.000000
223.000000
213.000000
218.000000
185.000000
208.000000
207.000000
231.000000
200.000000
226.000000
109.000000
95.000000
94.000000
107.000000
108.000000
103.000000
87.000000
77.000000
96.000000
99.000000
89.000000
92.000000
89.000000
112.000000
98.000000
106.000000
97.000000
98.000000
111.000000
104.000000
101.000000
96.000000
133.000000
108.000000
105.000000
129.000000
65.000000
56.000000
55.000000
46.000000
39.000000
55.000000
50.000000
51.000000
43.000000
87.000000
54.000000
49.000000
34.000000
45.000000
53.000000
51.000000
60.000000
42.000000
58.000000
56.000000
47.000000
47.000000
42.000000
70.000000
30.000000
56.000000
47.000000
44.000000
27.000000
15.000000
38.000000
41.000000
58.000000
64.000000
32.000000
37.000000
19.000000
56.000000
31.000000
38.000000
41.000000
38.000000
29.000000
43.000000
24.000000
50.000000
43.000000
30.000000
35.000000
27.000000
22.000000
31.000000
35.000000
13.000000
12.000000
26.000000
22.000000
32.000000
28.000000
22.000000
27.000000
30.000000
23.000000
10.000000
20.000000
33.000000
16.000000
30.000000
12.000000
18.000000
26.000000
39.000000
20.000000
20.000000
4.000000
17.000000
6.000000
14.000000
12.000000
26.000000
10.000000
17.000000
12.000000
12.000000
14.000000
9.000000
24.000000
12.000000
11.000000
11.000000
10.000000
15.000000
4.000000
24.000000
