4.132328
4.051202
4.120385
4.189880
4.169316
4.200116
4.080914
4.139182
4.176911
4.131493
4.133628
4.112355
4.162378
4.086296
4.187055
4.165968
4.026632
4.192797
4.138284
4.171580
4.103914
4.100154
4.161095
4.131608
4.179127
4.028082
3.789678
4.009510
4.005298
4.123595
3.637685
3.579408
4.114086
4.017150
4.152568
4.107235
3.632528
4.094515
3.660874
4.105497
4.095565
3.876725
3.679204
3.576827
4.068016
3.711827
3.425944
4.063221
4.024045
4.181541
3.734276
0.000000
3.408486
3.440249
3.698655
3.577762
3.576595
3.313546
2.533774
4.057026
3.012424
3.686086
3.643064
3.769013
3.007227
3.190545
3.968249
3.762074
2.863605
3.609296
3.493794
3.880766
3.574107
3.938903
3.309875
3.478024
3.321533
3.528928
3.368952
3.874548
2.993563
3.045905
3.393323
3.398996
3.453196
3.362514
3.416787
3.412408
0.000000
0.000000
3.415115
3.934274
3.421739
3.554101
1.787675
3.517787
2.985130
2.953060
3.011018
2.545972
1.435825
0.000000
0.000000
0.000000
3.406497
0.000000
3.267430
0.000000
0.000000
3.843826
0.000000
0.000000
0.000000
0.000000
3.211955
3.362386
3.880241
3.757932
3.399311
3.376569
2.697149
3.369041
2.887910
3.087636
0.000000
0.000000
0.000000
2.599188
3.262574
0.000000
3.215431
2.999072
0.000000
0.000000
0.000000
0.000000
0.000000
0.000000
0.000000
0.000000
0.000000
2.753492
0.000000
0.507672
0.000000
0.000000
0.000000
3.282915
0.000000
3.440665
0.000000
0.000000
0.000000
0.000000
0.000000
2.451121
0.000000
0.000000
0.000000
0.000000
2.882781
0.000000
0.000000
0.000000
0.000000
0.000000
0.000000
0.000000
0.000000
0.000000
0.000000
0.000000
0.000000
0.226505
3.383663
0.000000
0.000000
0.000000
0.000000
0.000000
0.000000
0.000000
0.000000
0.000000
0.000000
0.000000
0.000000
0.000000
0.000000
0.000000
0.000000
0.000000
0.000000
0.000000
0.000000
0.000000
0.000000
0.000000
0.000000
0.000000
0.000000
0.000000
0.000000
0.000000
0.000000
0.000000
0.000000
0.000000
0.000000
0.000000
0.000000
0.000000
0.000000
0.000000
0.000000
0.000000
0.000000
0.000000
0.000000
0.000000
0.000000
0.000000
0.000000
0.000000
0.000000
0.000000
0.000000
0.000000
0.000000
0.000000
0.000000
0.000000
0.000000
0.000000
0.000000
0.000000
0.000000
0.000000
0.000000
0.000000
0.000000
0.000000
0.000000
0.000000
0.000000
0.000000
0.000000
0.000000
0.000000
0.000000
0.000000
0.000000
0.000000
0.000000
0.000000
0.000000
0.000000
0.000000
0.000000
0.000000
0.000000
0.000000
0.000000
0.000000
0.000000
0.000000
0.000000
0.000000
0.000000
0.000000
0.000000
0.000000
0.000000
0.000000
0.000000
0.000000
0.000000
0.000000
0.000000
0.000000
0.000000
0.000000
0.000000
0.000000
0.000000
0.000000
0.000000
0.000000
0.000000
0.000000
0.000000
0.000000
0.000000
0.000000
0.000000
0.000000
0.000000
0.000000
0.000000
0.000000
0.000000
0.000000
0.000000
0.000000
0.000000
0.000000
0.000000
0.000000
0.000000
0.000000
0.000000
0.000000
0.000000
0.000000
0.000000
0.000000
0.000000
0.000000
0.000000
0.000000
0.000000
0.000000
