198.000000
180.000000
171.000000
238.000000
221.000000
204.000000
253.000000
220.000000
213.000000
212.000000
239.000000
225.000000
197.000000
235.000000
226.000000
222.000000
217.000000
191.000000
194.000000
231.000000
219.000000
210.000000
210.000000
218.000000
217.000000
90.000000
95.000000
90.000000
86.000000
85.000000
82.000000
113.000000
73.000000
105.000000
90.000000
85.000000
82.000000
104.000000
78.000000
102.000000
83.000000
147.000000
95.000000
87.000000
151.000000
115.000000
88.000000
133.000000
96.000000
76.000000
101.000000
50.000000
52.000000
62.000000
57.000000
65.000000
54.000000
58.000000
46.000000
44.000000
76.000000
60.000000
39.000000
48.000000
58.000000
48.000000
48.000000
90.000000
59.000000
64.000000
74.000000
93.000000
39.000000
57.000000
56.000000
35.000000
23.000000
30.000000
36.000000
39.000000
42.000000
20.000000
57.000000
32.000000
38.000000
26.000000
30.000000
40.000000
27.000000
39.000000
60.000000
35.000000
34.000000
39.000000
41.000000
52.000000
36.000000
24.000000
34.000000
23.000000
28.000000
17.000000
7.000000
21.000000
11.000000
29.000000
17.000000
21.000000
27.000000
17.000000
20.000000
21.000000
11.000000
18.000000
23.000000
10.000000
13.000000
22.000000
13.000000
19.000000
17.000000
20.000000
21.000000
30.000000
19.000000
9.000000
9.000000
10.000000
11.000000
12.000000
9.000000
14.000000
12.000000
8.000000
18.000000
9.000000
6.000000
15.000000
14.000000
12.000000
16.000000
6.000000
16.000000
9.000000
13.000000
10.000000
15.000000
20.000000
7.000000
5.000000
6.000000
13.000000
1.000000
10.000000
7.000000
6.000000
6.000000
11.000000
5.000000
4.000000
8.000000
2.000000
7.000000
7.000000
5.000000
5.000000
4.000000
8.000000
4.000000
7.000000
3.000000
3.000000
2.000000
9.000000
5.000000
3.000000
3.000000
3.000000
2.000000
4.000000
2.000000
3.000000
6.000000
3.000000
3.000000
3.000000
7.000000
3.000000
6.000000
7.000000
6.000000
3.000000
2.000000
5.000000
3.000000
5.000000
7.000000
1.000000
1.000000
2.000000
0.000000
2.000000
1.000000
2.000000
0.000000
1.000000
2.000000
1.000000
1.000000
3.000000
1.000000
2.000000
1.000000
1.000000
1.000000
2.000000
1.000000
3.000000
3.000000
4.000000
2.000000
3.000000
2.000000
2.000000
0.000000
0.000000
1.000000
1.000000
0.000000
2.000000
1.000000
0.000000
0.000000
0.000000
3.000000
0.000000
0.000000
2.000000
1.000000
1.000000
1.000000
2.000000
1.000000
1.000000
2.000000
2.000000
1.000000
1.000000
0.000000
0.000000
0.000000
1.000000
1.000000
1.000000
0.000000
0.000000
0.000000
0.000000
0.000000
0.000000
0.000000
0.000000
1.000000
0.000000
0.000000
