4.225914
4.202930
4.146093
4.136334
4.164186
4.167340
4.139907
4.130279
4.225713
4.122976
4.199289
4.126116
4.153151
4.185220
4.191242
4.187993
4.131589
4.140407
4.107911
4.169110
4.129269
4.157975
4.110531
4.161590
4.212024
4.104160
4.200732
4.103230
4.110604
4.089608
4.036442
3.812240
3.517890
4.045547
4.070901
4.010338
4.094599
4.132099
3.508942
4.065118
4.083510
3.580858
3.719011
3.764248
4.095260
3.801052
4.084777
3.900033
4.132081
3.678006
3.318487
3.641237
3.479999
3.406384
3.521350
3.466716
3.410008
3.943382
3.654781
3.868024
3.383073
3.937473
3.566044
3.396848
4.044334
3.736554
3.774339
4.003367
3.852805
4.081533
3.514445
3.471195
3.736468
3.891320
3.402267
0.000000
3.509626
3.212070
2.972138
0.000000
3.538162
3.403228
3.337545
3.252819
3.512985
3.381406
3.562498
3.229298
3.083157
3.631040
3.369171
3.105065
2.997451
2.941168
3.127606
0.000000
3.122282
3.339202
0.000000
3.467726
0.000000
0.000000
2.388300
3.032331
3.295182
3.008239
3.101818
0.000000
3.286061
3.174984
3.483105
3.749693
3.147069
0.000000
3.858065
3.961758
3.001684
3.429077
3.275635
0.000000
3.376821
3.800142
3.414896
3.284299
0.000000
3.083242
3.077575
3.096224
3.153726
0.000000
2.988302
2.884043
2.817839
0.000000
0.000000
3.614393
0.145159
2.505085
2.975795
0.000000
2.949487
3.401028
0.000000
2.932635
3.141530
0.000000
0.000000
0.000000
3.020657
0.000000
0.000000
0.000000
0.000000
0.000000
0.000000
0.000000
0.000000
0.000000
3.070902
0.000000
0.000000
0.000000
0.000000
0.000000
3.430130
0.000000
0.000000
0.000000
0.000000
0.000000
2.730599
0.000000
0.000000
0.000000
3.182882
0.000000
0.000000
0.000000
0.000000
3.304108
0.000000
0.000000
0.000000
0.000000
0.000000
3.209371
0.000000
0.000000
0.000000
0.000000
3.019058
0.000000
0.000000
0.000000
3.208980
0.000000
0.000000
3.321461
2.838312
0.000000
0.000000
3.764633
0.000000
0.000000
0.000000
0.000000
0.000000
0.000000
0.000000
0.000000
0.000000
0.000000
0.000000
0.000000
0.000000
0.000000
0.000000
0.000000
0.000000
0.000000
0.000000
0.000000
0.000000
0.000000
0.000000
0.000000
0.000000
3.148888
0.000000
0.000000
0.000000
0.000000
0.000000
0.000000
0.000000
0.000000
0.000000
0.000000
0.000000
0.000000
0.000000
0.000000
0.000000
0.000000
0.000000
0.000000
0.000000
0.000000
0.000000
