4.154114
4.162099
4.144044
4.149686
4.139498
4.187223
4.181514
4.104914
4.147989
4.155983
4.165694
4.140439
4.144663
4.182660
3.905379
4.120917
4.116367
4.186628
4.057484
4.194092
4.186629
4.163147
4.160065
4.145588
4.147973
3.595931
3.768102
4.098424
3.804950
4.063211
4.114740
4.116762
3.706538
3.663389
4.093499
4.003629
3.494538
4.109585
3.603083
3.516560
3.613090
3.801921
3.662836
3.906723
3.699933
3.925962
4.121959
3.957808
3.907067
4.080253
3.235471
3.658425
0.710068
4.042480
3.500496
3.576938
3.531237
3.155014
3.667022
3.858448
3.465363
4.065476
4.055355
4.133296
4.008501
3.638985
3.437536
3.290220
3.630269
3.958415
3.911228
3.733674
3.398301
3.686227
4.061503
3.201033
3.600345
3.199571
3.346027
3.850971
3.999816
3.708462
3.187329
3.155378
3.025834
3.464743
3.344016
3.942753
0.000000
3.426016
2.160187
0.000000
3.158162
3.441988
0.000000
3.258384
3.067407
3.255382
3.881891
3.290608
2.843495
0.000000
3.562640
0.000000
3.526103
2.989129
0.000000
3.020604
4.002021
3.162800
3.195263
2.772072
3.022145
0.000000
3.245427
0.000000
3.842569
3.534176
3.339296
3.780557
2.992736
3.143422
0.000000
0.000000
3.533009
0.000000
0.000000
0.000000
0.000000
0.000000
1.905880
0.000000
0.000000
0.000000
2.216228
0.000000
0.000000
0.000000
0.768576
1.188905
0.000000
0.663687
0.000000
3.182871
0.000000
0.000000
0.000000
0.000000
3.002151
0.000000
0.000000
0.000000
0.000000
0.000000
0.000000
0.000000
0.000000
0.000000
0.000000
0.000000
0.000000
2.930272
0.000000
0.000000
0.000000
0.000000
0.000000
0.000000
0.000000
0.000000
0.000000
0.000000
0.000000
0.000000
0.000000
0.000000
0.000000
0.000000
0.000000
0.000000
0.000000
0.000000
0.000000
0.000000
0.000000
0.000000
0.000000
0.000000
0.000000
1.449177
0.000000
0.000000
0.000000
0.000000
0.000000
0.000000
0.000000
0.000000
0.000000
0.000000
0.000000
0.000000
0.000000
0.000000
0.000000
0.000000
0.000000
0.000000
0.000000
0.000000
0.000000
0.000000
0.000000
0.000000
0.000000
0.000000
0.000000
0.000000
0.000000
0.000000
0.000000
0.000000
0.000000
0.000000
0.000000
0.000000
0.000000
0.000000
0.000000
0.000000
0.000000
0.000000
0.000000
0.000000
0.000000
0.000000
0.000000
0.000000
0.000000
0.000000
0.000000
0.000000
0.000000
0.000000
0.000000
0.000000
0.000000
0.000000
0.000000
