0.530830
0.604045
0.541390
0.595978
0.539970
0.578428
0.552585
0.528396
0.514903
0.405805
0.364507
0.438405
0.476463
0.386332
0.436217
0.439127
0.419817
0.369342
0.371780
0.409653
0.388540
0.376602
0.336369
0.363215
0.374456
0.423085
0.436879
0.426691
0.427032
0.390696
0.385844
0.367469
0.421861
0.383212
0.358639
0.331262
0.425485
0.411286
0.385173
0.414954
0.339154
0.417504
0.424337
0.383248
0.417723
0.406381
0.380066
0.395490
0.398458
0.319930
0.385121
0.430529
0.376003
0.446810
0.410574
0.391285
0.366204
0.458947
0.415389
0.438610
0.389704
0.390477
0.448512
0.432121
0.426231
0.441639
0.439319
0.412305
0.413122
0.378408
0.434084
0.340094
0.456554
0.400032
0.440168
0.296549
0.357968
0.419263
0.479570
0.246251
0.496022
0.387019
0.383170
0.271947
0.456424
0.359662
0.460959
0.410957
0.324256
0.449028
0.443933
0.246880
0.412068
0.388867
0.535406
0.404259
0.439131
0.182599
0.402610
0.332332
0.347094
0.456114
0.457626
0.231570
0.344138
0.382182
0.222445
0.378215
0.476253
0.342545
0.339170
0.289127
0.402980
0.365252
0.399600
0.457745
0.288401
0.377008
0.313313
0.361279
0.331751
0.313546
0.310243
0.309024
0.338573
0.377686
0.245447
0.289129
0.240335
0.192783
0.439825
0.302977
0.308102
0.245263
0.284575
0.186279
0.352517
0.265217
0.412002
0.476260
0.439216
0.314231
0.368501
0.242874
0.410349
0.318061
0.428870
0.508751
0.396754
0.406846
0.241449
0.227178
0.231225
0.460578
0.356974
0.302294
0.264601
0.232276
0.352666
0.261408
0.450354
0.380432
0.382999
0.425593
0.263028
0.308217
0.372243
0.216459
0.270910
0.248690
0.329521
0.226216
0.307279
0.252682
0.284595
0.287307
0.314495
0.383719
0.264487
0.406221
0.286441
0.279555
0.287513
0.314878
0.219023
0.340282
0.253294
0.271339
0.281250
0.299891
0.278642
0.238717
0.279349
0.304160
0.281354
0.306452
0.320307
0.378825
0.249096
0.278777
0.273804
0.274573
0.274268
0.379768
0.345679
0.224983
0.274259
0.302984
0.255760
0.273975
0.276541
0.300902
0.281566
0.273670
0.301872
0.273648
0.273537
0.273582
0.301251
0.277173
0.324592
0.241819
0.273492
0.317937
0.316974
0.316745
0.301722
0.316043
0.314998
0.314756
0.312791
0.278914
0.287382
0.278726
0.278213
0.278581
0.278672
0.310673
0.279146
0.277993
0.382946
0.277935
0.278531
0.310912
0.275921
0.279021
0.278792
0.310387
0.279114
0.277487
0.278498
0.305994
0.250882
0.250336
0.278767
0.278730
0.278677
0.278714
0.317115
0.278616
0.280431
0.317840
0.272903
0.258698
0.318121
0.272249
0.279771
0.271289
0.270323
0.269340
0.268668
0.300587
0.267201
0.266592
0.266642
0.266182
0.265851
0.265499
0.264914
0.264880
0.264658
0.264468
0.285520
0.297962
0.402448
0.284370
0.298064
0.264498
0.401395
0.298374
0.285531
0.283254
0.296504
0.293033
0.283586
0.297191
0.297115
0.283377
0.297266
0.297149
0.297078
0.297020
0.282866
0.297346
0.297038
0.296969
0.296909
0.296867
0.282788
0.297040
0.296927
0.296865
0.296796
0.282696
0.296990
0.296875
0.296805
0.296730
0.283117
0.296923
0.296802
0.296719
0.296221
0.282762
0.296314
0.296009
0.282421
0.296416
0.296079
0.296011
0.295943
0.295907
0.282195
0.296096
0.295875
0.295824
0.295602
0.295565
0.281431
0.295755
0.295630
0.325026
0.281354
0.280750
0.296961
0.296561
0.295865
0.296059
0.295661
0.295549
0.295344
0.324261
0.281040
0.296300
0.295785
0.295865
0.295415
0.295304
0.323990
0.281319
0.281067
0.296661
0.296252
0.295959
0.295352
0.295224
0.295135
0.324410
0.281291
0.296212
0.295482
0.295293
0.295146
0.295041
0.324040
0.281119
0.280492
0.280211
0.296446
0.296224
0.296120
0.295817
0.295582
0.295004
0.294909
0.294840
0.324165
0.280497
0.295283
0.295059
0.294886
0.294736
0.294639
0.294578
0.323339
0.280374
0.279952
0.296166
0.295558
0.295068
0.294876
0.294714
0.294557
0.294161
0.294127
0.294280
0.322953
0.272364
0.295160
0.295135
0.294518
0.294390
0.294294
0.294238
0.322694
0.272382
0.295331
0.294620
0.294453
0.294298
0.294201
0.294133
0.321458
0.272186
0.271576
0.295439
0.295094
0.294849
0.294395
0.294242
0.294125
0.294046
0.323197
0.272091
0.295092
0.294818
0.294363
0.294208
0.294080
0.294001
0.293939
0.323199
