0.632560
0.573182
0.576660
0.503511
0.578938
0.524047
0.494869
0.440566
0.473157
0.475211
0.496697
0.491755
0.456021
0.414794
0.343561
0.411010
0.428293
0.378599
0.323627
0.356487
0.378603
0.362411
0.324350
0.312906
0.296898
0.395244
0.362368
0.380734
0.387766
0.382129
0.406408
0.424832
0.353280
0.379924
0.337755
0.406433
0.373428
0.354627
0.370896
0.324833
0.381196
0.376733
0.379701
0.356313
0.331381
0.343814
0.349424
0.368019
0.359629
0.361868
0.338692
0.362905
0.416532
0.403928
0.401622
0.476748
0.349503
0.287656
0.444889
0.423869
0.333146
0.221507
0.461332
0.292255
0.422057
0.433936
0.454247
0.392418
0.242238
0.410605
0.403062
0.402642
0.417668
0.309006
0.419974
0.269411
0.240203
0.287159
0.467421
0.414291
0.360308
0.362995
0.413343
0.556713
0.350215
0.341150
0.431644
0.328206
0.394413
0.288160
0.446921
0.514137
0.434542
0.465446
0.341279
0.452650
0.433891
0.320791
0.397923
0.369903
0.338696
0.280636
0.368745
0.339730
0.329617
0.333184
0.345349
0.395591
0.261813
0.312237
0.297339
0.257056
0.335022
0.245832
0.267146
0.339015
0.373924
0.213142
0.183344
0.291940
0.239714
0.290432
0.215567
0.349530
0.337148
0.128897
0.294506
0.204561
0.229674
0.127776
0.192429
0.233948
0.147235
0.293416
0.170157
0.131099
0.186532
0.155831
0.175358
0.229933
0.134118
0.283604
0.171041
0.267408
0.161501
0.138036
0.065481
0.443342
0.140196
0.214879
0.137383
0.215548
0.145647
0.222264
0.220559
0.129036
0.249924
0.230845
0.233608
0.205353
0.170379
0.150476
0.188412
0.195168
0.145232
0.196380
0.173540
0.184403
0.171214
0.140994
0.156570
0.096235
0.147488
0.245954
0.204833
0.154045
0.169998
0.136033
0.145431
0.192800
0.133919
0.163081
0.134575
0.140882
0.149861
0.132792
0.133355
0.120961
0.186588
0.143641
0.132074
0.144364
0.091723
0.120821
0.110150
0.138559
0.146502
0.124859
0.135358
0.141984
0.109560
0.106586
0.174174
0.107373
0.104812
0.101273
0.098437
0.105618
0.097936
0.252966
0.125027
0.253729
