0.306313
0.308791
0.336766
0.296656
0.367890
0.331231
0.347900
0.298977
0.345686
0.324126
0.309293
0.322111
0.302607
0.290128
0.305668
0.304447
0.286658
0.325481
0.297430
0.305913
0.299390
0.300306
0.304294
0.292024
0.290664
0.362459
0.337962
0.381729
0.350680
0.375670
0.365687
0.351078
0.363278
0.325424
0.345872
0.403296
0.356829
0.369688
0.340167
0.360151
0.377204
0.368459
0.329004
0.357251
0.313188
0.327312
0.377410
0.340392
0.348552
0.349766
0.381445
0.366203
0.372458
0.388344
0.381847
0.328606
0.345042
0.404630
0.271343
0.385885
0.348571
0.415375
0.396988
0.337154
0.429479
0.344048
0.360459
0.388612
0.348433
0.293721
0.394513
0.367865
0.313037
0.425607
0.370077
0.260488
0.267665
0.195974
0.376886
0.404661
0.371519
0.435405
0.404839
0.366553
0.222211
0.368101
0.428828
0.389194
0.384510
0.216956
0.277785
0.396681
0.408425
0.326424
0.434787
0.363716
0.269005
0.378933
0.442487
0.385514
0.374725
0.413600
0.397007
0.456141
0.419545
0.335109
0.344213
0.389196
0.347394
0.349574
0.334947
0.373562
0.361094
0.373575
0.450620
0.379224
0.302828
0.353001
0.239548
0.351196
0.372837
0.322017
0.419367
0.370748
0.363750
0.371689
0.402191
0.356144
0.240311
0.348054
0.357398
0.429437
0.417316
0.376408
0.374991
0.359057
0.314907
0.340356
0.411435
0.358699
0.345617
0.357304
0.402424
0.362217
0.387590
0.337992
0.324372
0.409093
0.342107
0.266233
0.331307
0.367936
0.383468
0.373383
0.321400
0.291171
0.265549
0.325946
0.305916
0.306274
0.276898
0.260367
0.248933
0.251719
0.267777
0.216440
0.257054
0.236416
0.390573
0.133804
0.271692
0.255313
0.390670
0.255518
0.230184
0.238387
0.229203
0.211149
0.219432
0.205016
0.218362
0.209626
0.213092
0.173076
0.198521
0.201452
0.196343
0.227781
0.203379
0.203966
0.217604
0.181118
0.205085
0.207431
0.205694
0.204556
0.208818
0.206648
0.474342
0.386490
0.166056
0.179436
0.208278
0.213256
0.215883
0.208898
0.207786
0.207558
0.206806
0.207620
0.170079
0.210347
0.205724
0.206137
0.206196
0.204515
0.362655
0.354384
0.210863
0.354828
0.350387
0.348801
0.266318
0.340685
0.337509
0.334586
0.332830
0.331560
0.330253
0.328871
0.327357
0.326718
0.325709
0.324170
0.326954
0.326910
0.326152
0.325795
0.325791
0.325386
0.322199
0.322309
0.324007
0.323851
0.323517
0.323565
0.340579
0.339090
0.302192
0.336793
0.335251
0.333889
0.300864
0.300732
0.332436
0.331792
0.300320
0.330846
0.331059
0.300162
0.330287
0.300489
0.329544
0.328919
0.292495
0.328652
0.328547
0.292674
0.328119
0.292803
0.327749
0.327113
0.293059
0.326822
0.326319
0.326051
0.293600
0.325618
0.326141
0.325619
0.296478
0.328233
0.454829
0.297390
0.326891
0.297279
0.326965
0.324703
0.325595
0.298884
0.325624
0.325372
0.324985
0.323131
0.305036
0.324847
0.324430
0.324276
0.305561
0.324349
0.324161
0.305784
0.324422
0.324061
0.324089
0.323963
0.306988
0.324281
0.323929
0.323586
0.307453
0.323937
0.322277
0.323223
0.322929
0.308280
0.323264
0.322968
0.308145
0.323265
0.322966
0.322674
0.307951
0.323025
0.322730
0.322582
0.322296
0.308567
0.322666
0.322377
0.322108
0.321841
0.309266
0.322241
0.321969
0.321717
0.309573
0.322110
0.322025
0.321678
0.310088
0.322487
0.321756
0.321519
0.310078
0.321908
0.321655
0.319970
0.324369
0.324002
0.323662
0.323341
0.307303
0.323623
0.323257
0.310715
0.310656
0.323303
0.310698
0.323147
0.310750
0.307275
0.323599
0.323273
0.310679
0.323116
0.310726
0.303644
0.303543
0.303455
0.303418
0.303350
0.303281
0.303244
0.303195
0.303153
0.303123
0.303094
0.303054
0.303028
0.302992
0.302951
0.303316
0.303296
0.303276
0.303257
0.303248
0.303141
0.303124
0.303107
