0.353586
0.318065
0.292745
0.323804
0.312784
0.328522
0.288430
0.306513
0.281237
0.309910
0.236041
0.204685
0.237832
0.219661
0.260707
0.204060
0.238628
0.246885
0.205482
0.215183
0.191529
0.192067
0.213263
0.183021
0.208631
0.224899
0.208395
0.211989
0.228919
0.253019
0.243424
0.222509
0.243472
0.233933
0.244540
0.238268
0.223313
0.248560
0.261630
0.221009
0.233732
0.201994
0.220209
0.199991
0.218336
0.233771
0.218617
0.225332
0.245903
0.232108
0.247989
0.252640
0.255091
0.298904
0.260853
0.299508
0.238410
0.281028
0.242296
0.213051
0.250516
0.229368
0.250563
0.257311
0.247478
0.271324
0.243451
0.262838
0.199608
0.227726
0.248384
0.267844
0.237756
0.242290
0.258781
0.260530
0.214655
0.323870
0.309762
0.260921
0.251203
0.264507
0.276759
0.238212
0.217683
0.245941
0.197530
0.225643
0.195001
0.170228
0.246797
0.224096
0.164072
0.222377
0.249523
0.229014
0.232431
0.240295
0.261690
0.236931
0.302395
0.233791
0.244322
0.187337
0.222628
0.243991
0.227431
0.250741
0.235730
0.242975
0.242929
0.225601
0.184689
0.248281
0.233963
0.222009
0.236554
0.183172
0.185464
0.166676
0.234058
0.174881
0.207557
0.255541
0.190357
0.214048
0.145618
0.220233
0.243539
0.214880
0.215981
0.181614
0.199229
0.178886
0.125936
0.210519
0.248710
0.157854
0.159346
0.205541
0.133666
0.158259
0.190671
0.191239
0.151098
0.195259
0.247700
0.162603
0.122729
0.118661
0.127822
0.138132
0.122278
0.133635
0.145323
0.112301
0.171390
0.149937
0.099322
0.242748
0.217154
0.204239
0.127453
0.097387
0.106489
0.124887
0.108480
0.108053
0.126666
0.151324
0.131483
0.173165
0.105660
0.117801
0.194144
0.137102
0.229169
0.120969
0.126433
0.148191
0.111581
0.183394
0.103835
0.114166
0.110193
0.239245
0.129117
0.100266
0.147169
0.115843
0.182466
0.105771
0.096971
0.206733
0.102846
0.103426
0.129232
0.109977
0.129770
0.120574
0.100287
0.097285
0.126271
0.096574
0.121013
0.092094
0.101669
0.092611
0.090531
0.092407
0.095559
0.096423
0.111790
0.127260
0.092908
0.091399
0.100467
0.103724
0.094058
0.090869
0.110247
0.109880
0.094015
0.093026
0.096843
0.094068
0.092389
0.090714
0.214100
0.125767
0.089651
0.091333
0.090492
0.088151
0.099191
0.100595
0.093717
0.107875
0.089787
