4.054532
4.196843
4.113294
4.170694
4.063021
4.209254
4.182799
4.093050
4.201920
4.137219
4.097057
4.227134
4.159273
4.090416
4.126344
4.139178
3.977919
4.263231
4.214461
4.171487
3.887578
4.093635
4.171637
4.162102
4.195078
4.092960
4.009671
3.838576
4.115570
4.130434
3.957569
4.112774
3.722723
3.975423
4.108250
3.638462
4.077888
4.034915
4.097860
4.032826
4.125370
4.103803
3.699380
4.101549
4.055624
4.133794
4.119676
3.727715
4.060424
4.143149
3.994702
3.723390
3.931704
3.469539
3.495102
3.454207
4.061050
4.010473
3.858865
3.524815
3.219248
3.956123
2.310095
3.907468
4.078522
3.182493
3.679284
3.611347
3.476929
4.006234
2.806392
3.542259
4.073883
4.069009
3.681283
2.548180
1.991616
3.311660
3.277850
3.974411
2.760451
3.822904
3.979458
2.715603
3.402434
2.954784
3.938546
4.018690
3.874270
3.866114
3.768360
4.064165
4.066277
3.973279
4.074200
3.592738
3.997337
3.715520
3.954406
3.980407
2.889614
3.929807
3.876974
3.963976
3.431962
3.770558
3.767081
3.877119
3.950322
3.457404
0.000000
0.000000
3.525189
0.028569
3.071946
0.000000
0.000000
3.705654
3.823447
3.835206
3.673110
3.221043
3.441272
0.000000
3.905588
3.972358
3.909575
0.000000
3.723912
3.893548
0.000000
0.000000
3.730095
3.922964
3.872081
3.861136
3.851654
0.000000
0.000000
3.376517
3.927385
0.000000
0.000000
4.138762
3.766577
0.000000
0.928061
3.705693
3.727862
3.770851
