0.390962
0.385525
0.352628
0.304960
0.287500
0.302972
0.323345
0.295131
0.260699
0.279918
0.244085
0.297163
0.274235
0.310047
0.253011
0.279123
0.248269
0.243354
0.235295
0.255782
0.227417
0.241349
0.258967
0.236840
0.242319
0.285702
0.272264
0.309577
0.305675
0.188695
0.282710
0.255775
0.310975
0.286733
0.256754
0.303949
0.282342
0.274313
0.304268
0.278803
0.327860
0.293923
0.291736
0.293227
0.277650
0.297895
0.292670
0.274580
0.278051
0.291068
0.325659
0.282519
0.337811
0.334626
0.293876
0.327046
0.299684
0.347189
0.333298
0.249214
0.312247
0.332936
0.260988
0.310706
0.290669
0.324258
0.318602
0.300271
0.299302
0.307504
0.317784
0.266540
0.296677
0.225712
0.315819
0.246781
0.229017
0.303169
0.101230
0.228048
0.284796
0.284033
0.340675
0.237132
0.290695
0.322304
0.304510
0.298347
0.302138
0.241980
0.355055
0.233301
0.188832
0.334328
0.320634
0.189790
0.178885
0.185155
0.250177
0.333739
0.228216
0.213794
0.274789
0.223617
0.299036
0.208765
0.248133
0.249937
0.208489
0.221617
0.241286
0.176056
0.256286
0.178228
0.317885
0.272322
0.247611
0.354555
0.240823
0.272638
0.234017
0.337092
0.326902
0.245560
0.309845
0.255658
0.155504
0.196424
0.334875
0.203403
0.247392
0.178645
0.303882
0.378932
0.168356
0.245170
0.189745
0.128706
0.154962
0.297114
0.118872
0.378395
0.186365
0.177709
0.215638
0.303907
0.150189
0.174805
0.210181
0.142453
0.132770
0.114847
0.107003
0.198909
0.113062
0.101590
0.177902
0.314077
0.101458
0.099043
0.120214
0.146800
0.102951
0.197498
0.112715
0.121005
0.230251
0.197539
0.104437
0.196495
0.111203
0.114135
0.118034
0.117357
0.116065
0.395007
0.115053
0.107847
0.235384
0.109332
0.098515
0.113410
0.106914
0.103961
0.092073
0.117578
0.218975
0.111202
0.115986
0.146629
0.133582
0.096836
0.113687
0.106318
0.117206
0.115327
0.109053
0.118419
0.134715
0.116854
