225.000000
229.000000
203.000000
239.000000
216.000000
219.000000
222.000000
221.000000
193.000000
202.000000
205.000000
190.000000
182.000000
215.000000
194.000000
192.000000
205.000000
189.000000
215.000000
227.000000
200.000000
237.000000
202.000000
215.000000
227.000000
74.000000
88.000000
110.000000
95.000000
124.000000
85.000000
105.000000
102.000000
101.000000
92.000000
98.000000
102.000000
82.000000
99.000000
83.000000
83.000000
90.000000
104.000000
97.000000
109.000000
98.000000
90.000000
84.000000
91.000000
73.000000
52.000000
50.000000
45.000000
59.000000
34.000000
55.000000
70.000000
57.000000
74.000000
55.000000
43.000000
45.000000
46.000000
46.000000
49.000000
64.000000
46.000000
47.000000
55.000000
74.000000
60.000000
36.000000
51.000000
40.000000
72.000000
35.000000
30.000000
37.000000
23.000000
18.000000
16.000000
24.000000
24.000000
28.000000
35.000000
31.000000
22.000000
20.000000
21.000000
44.000000
56.000000
19.000000
31.000000
30.000000
32.000000
37.000000
34.000000
21.000000
30.000000
34.000000
28.000000
19.000000
21.000000
21.000000
12.000000
17.000000
7.000000
10.000000
13.000000
23.000000
15.000000
8.000000
19.000000
16.000000
13.000000
17.000000
17.000000
13.000000
20.000000
21.000000
18.000000
15.000000
12.000000
11.000000
12.000000
8.000000
15.000000
20.000000
8.000000
16.000000
6.000000
3.000000
10.000000
6.000000
15.000000
10.000000
12.000000
18.000000
10.000000
2.000000
18.000000
5.000000
4.000000
5.000000
5.000000
11.000000
11.000000
10.000000
10.000000
6.000000
9.000000
3.000000
8.000000
5.000000
13.000000
6.000000
5.000000
5.000000
9.000000
4.000000
7.000000
8.000000
8.000000
7.000000
7.000000
4.000000
4.000000
4.000000
7.000000
8.000000
9.000000
8.000000
4.000000
8.000000
4.000000
1.000000
2.000000
2.000000
4.000000
5.000000
1.000000
6.000000
2.000000
3.000000
5.000000
5.000000
6.000000
1.000000
3.000000
7.000000
7.000000
4.000000
4.000000
3.000000
4.000000
4.000000
1.000000
2.000000
3.000000
5.000000
1.000000
2.000000
0.000000
1.000000
2.000000
0.000000
0.000000
3.000000
3.000000
0.000000
2.000000
2.000000
3.000000
3.000000
3.000000
3.000000
1.000000
1.000000
3.000000
1.000000
2.000000
0.000000
2.000000
0.000000
3.000000
1.000000
1.000000
0.000000
1.000000
0.000000
0.000000
0.000000
5.000000
1.000000
1.000000
0.000000
0.000000
0.000000
0.000000
0.000000
1.000000
1.000000
1.000000
0.000000
1.000000
0.000000
0.000000
0.000000
0.000000
0.000000
0.000000
0.000000
0.000000
0.000000
0.000000
0.000000
0.000000
0.000000
0.000000
0.000000
0.000000
0.000000
0.000000
0.000000
0.000000
0.000000
0.000000
1.000000
0.000000
0.000000
0.000000
0.000000
0.000000
0.000000
0.000000
0.000000
0.000000
1.000000
0.000000
0.000000
0.000000
0.000000
2.000000
0.000000
0.000000
0.000000
0.000000
1.000000
0.000000
0.000000
0.000000
0.000000
0.000000
1.000000
0.000000
0.000000
0.000000
0.000000
0.000000
0.000000
0.000000
0.000000
0.000000
0.000000
0.000000
0.000000
0.000000
0.000000
0.000000
0.000000
0.000000
0.000000
1.000000
0.000000
0.000000
0.000000
0.000000
0.000000
0.000000
0.000000
0.000000
0.000000
0.000000
0.000000
0.000000
0.000000
0.000000
0.000000
0.000000
0.000000
0.000000
0.000000
0.000000
0.000000
0.000000
0.000000
0.000000
0.000000
0.000000
0.000000
0.000000
0.000000
0.000000
0.000000
0.000000
0.000000
0.000000
0.000000
0.000000
0.000000
0.000000
0.000000
0.000000
0.000000
0.000000
0.000000
0.000000
0.000000
0.000000
0.000000
0.000000
0.000000
0.000000
0.000000
0.000000
0.000000
0.000000
0.000000
0.000000
0.000000
0.000000
0.000000
0.000000
0.000000
0.000000
0.000000
0.000000
0.000000
0.000000
0.000000
0.000000
0.000000
0.000000
0.000000
0.000000
0.000000
0.000000
0.000000
0.000000
0.000000
