0.658206
0.629374
0.709677
0.616926
0.644620
0.643735
0.584790
0.575025
0.545946
0.515457
0.544975
0.550015
0.516717
0.461574
0.512746
0.484554
0.426017
0.457188
0.444960
0.423161
0.449484
0.393799
0.370283
0.363992
0.395351
0.408880
0.416304
0.420714
0.375540
0.378956
0.308489
0.385952
0.403261
0.344637
0.363573
0.380251
0.361264
0.375981
0.383264
0.387565
0.383213
0.317857
0.373662
0.326179
0.341461
0.347821
0.351984
0.357834
0.379601
0.390872
0.382234
0.383984
0.396482
0.383934
0.371551
0.278290
0.405071
0.315305
0.381991
0.369892
0.411088
0.369771
0.376036
0.373033
0.387793
0.413091
0.437473
0.381461
0.380962
0.267654
0.392475
0.320949
0.365484
0.258693
0.380507
0.296664
0.455198
0.405501
0.375597
0.421930
0.382735
0.343179
0.243915
0.426699
0.231072
0.380541
0.272209
0.370243
0.435603
0.190496
0.432583
0.446309
0.352159
0.391201
0.366260
0.415547
0.321863
0.459828
0.401466
0.395799
0.444980
0.263943
0.428547
0.271409
0.376179
0.397215
0.380572
0.349441
0.286021
0.355504
0.336416
0.356645
0.363163
0.283265
0.492857
0.154210
0.363692
0.396039
0.278794
0.356387
0.303841
0.337447
0.294862
0.275216
0.433927
0.336417
0.368758
0.384402
0.377437
0.302602
0.387516
0.261305
0.362233
0.305620
0.292658
0.420788
0.412936
0.359632
0.330897
0.347111
0.360855
0.351281
0.365855
0.399479
0.351937
0.456360
0.225264
0.327814
0.246873
0.359250
0.309712
0.336586
0.345583
0.301739
0.337259
0.346345
0.326253
0.330188
0.325430
0.325058
0.364834
0.324086
0.323540
0.329347
0.227928
0.322795
0.322773
0.210618
0.361268
0.327210
0.326295
0.321277
0.328893
0.284264
0.365762
0.292845
0.359795
0.323577
