0.375429
0.429158
0.463630
0.426120
0.391474
0.391253
0.369452
0.420570
0.297994
0.345591
0.371155
0.338974
0.275171
0.342329
0.307622
0.346276
0.326072
0.307902
0.281332
0.289712
0.293544
0.296393
0.280019
0.284906
0.270030
0.318755
0.359543
0.361301
0.393757
0.369373
0.320993
0.316522
0.365562
0.393959
0.351002
0.298266
0.389667
0.358910
0.381930
0.405734
0.338772
0.378903
0.321575
0.402083
0.332688
0.330831
0.416665
0.369294
0.371277
0.334917
0.332805
0.308415
0.402164
0.353507
0.361073
0.377120
0.349677
0.391260
0.496439
0.266538
0.385039
0.410619
0.348274
0.411097
0.414008
0.359578
0.357359
0.290433
0.370746
0.463072
0.440759
0.423351
0.250547
0.299075
0.391773
0.250770
0.375212
0.219771
0.373820
0.220074
0.370041
0.362523
0.372908
0.241337
0.435953
0.405929
0.356586
0.323671
0.185588
0.199788
0.348805
0.370422
0.430131
0.289282
0.278518
0.406614
0.381750
0.436961
0.327163
0.319847
0.341774
0.402028
0.260384
0.426371
0.376164
0.257676
0.317279
0.401766
0.378457
0.289005
0.446583
0.298181
0.405620
0.261820
0.262104
0.351431
0.249526
0.247064
0.320004
0.240846
0.260189
0.220352
0.301279
0.257597
0.276662
0.413066
0.359891
0.280959
0.263956
0.338425
0.246940
0.315435
0.267288
0.258193
0.385789
0.308706
0.280359
0.313341
0.320453
0.274313
0.264452
0.273221
0.247694
0.263972
0.445952
0.290893
0.293525
0.336427
0.272221
0.424133
0.267851
0.260185
0.266191
0.293204
0.287167
0.276721
0.337754
0.264188
0.291327
0.234438
0.282422
0.291828
0.264674
0.289976
0.490426
0.290160
0.259182
0.303406
0.316214
0.295360
0.326441
0.259604
0.279929
0.242374
0.274063
0.273897
0.256504
0.257371
0.268872
0.266117
0.270040
0.245397
0.244287
0.240758
0.229782
0.238254
0.221549
0.226027
0.235353
0.276052
0.243676
0.514871
