4.011260
3.991933
4.194060
4.198098
4.105436
4.087119
4.203328
4.053257
4.157544
3.857227
4.018533
4.045002
4.171195
4.043132
4.070804
4.072944
3.996542
4.053940
4.121392
4.070315
4.066774
4.126699
4.103630
4.192487
4.162175
3.627382
3.972575
3.542995
4.101027
3.928205
3.579488
3.733138
3.969025
3.787304
3.711545
3.967680
3.691503
4.133798
3.832026
3.457899
3.647158
4.061456
3.666225
4.006516
3.994061
3.983265
3.807320
3.972251
4.020217
3.905787
3.303131
3.797306
3.316739
3.269510
3.778125
3.874904
3.219170
3.445724
3.368704
3.634200
3.814590
2.782400
4.029706
3.142784
3.634325
2.666437
4.048993
3.547721
3.545055
3.219304
3.039667
3.278856
3.407081
3.678725
3.779186
3.479902
3.081675
2.315033
2.856883
2.974987
2.820603
3.103074
2.862616
2.776559
3.501867
2.349535
3.888916
0.000000
3.082460
2.438244
3.304852
2.783815
3.409412
2.770720
3.015793
3.677504
3.573584
0.000000
3.358445
2.859236
2.539286
0.000000
2.800036
3.015159
0.000000
0.000000
0.000000
2.109478
1.058533
2.883719
3.092111
0.523319
3.423901
0.000000
2.569583
2.383682
3.431813
2.049103
2.718601
1.892864
1.426828
2.257719
3.046622
2.945093
2.375899
1.343162
2.798130
0.000000
2.803473
2.527096
0.000000
0.000000
0.902977
2.497624
2.685503
0.000000
0.000000
2.885819
3.078872
0.000000
1.752060
1.875545
3.006254
1.656697
0.000000
0.000000
0.000000
0.000000
0.000000
3.310567
0.000000
0.076417
0.000000
0.000000
0.000000
0.000000
2.719681
0.427289
0.000000
0.000000
0.000000
0.000000
0.000000
0.000000
0.000000
0.000000
0.000000
2.763754
0.000000
0.000000
0.000000
0.000000
1.605909
2.765776
1.378459
0.000000
2.580037
0.000000
0.000000
0.000000
0.000000
0.000000
0.000000
0.000000
0.000000
0.000000
0.000000
1.774356
2.422335
0.000000
0.000000
0.000000
2.249814
0.000000
2.667382
0.000000
0.000000
0.000000
0.000000
0.000000
0.000000
0.000000
0.000000
0.000000
0.000000
1.708144
0.000000
0.000000
0.000000
0.000000
2.224758
1.803220
0.000000
1.958903
0.000000
0.000000
1.572373
0.000000
0.000000
1.317556
2.198673
0.000000
0.000000
0.000000
0.000000
0.000000
0.000000
0.000000
1.270727
0.000000
1.270354
1.270355
0.000000
0.000000
0.000000
0.000000
0.765092
1.270318
0.000000
1.270318
1.276833
1.275495
0.000000
1.306647
0.000000
0.000000
0.000000
0.000000
0.000000
1.765110
1.271138
1.271138
1.411462
1.404313
1.404313
1.388798
1.404313
0.000000
1.443928
1.450855
1.450642
1.442914
1.442914
1.442914
0.000000
1.442779
0.941018
1.277005
1.442779
1.442779
0.000000
1.442779
1.442779
0.000000
1.441777
1.441777
1.447285
1.454803
0.000000
1.638568
1.447117
1.637450
1.446854
1.446854
1.446854
1.446854
1.446854
1.651119
1.465931
1.465931
1.465931
1.465931
1.680954
1.465823
1.465825
1.465823
1.671541
0.000000
1.465615
1.465615
0.000000
1.671355
1.464362
1.464363
1.464363
1.464363
1.464035
1.670873
0.000000
1.508531
1.508531
1.508531
1.508531
1.548292
1.679432
0.000000
1.548021
1.548021
1.679051
2.597413
2.597413
2.597413
2.597413
2.597413
2.597413
2.546795
2.546795
2.546795
2.546795
2.546795
2.546795
2.546795
2.546795
2.546799
2.546799
2.546495
2.546495
2.546236
2.546236
2.546236
2.546236
2.546236
2.546236
2.546236
2.546236
2.546236
2.546236
2.546236
2.546236
2.546236
2.546236
2.546242
2.546242
2.544795
2.544795
2.541974
2.541974
2.541974
2.541974
2.541974
2.541974
2.541974
2.541235
2.541235
2.541235
2.540857
2.543283
2.543283
2.551913
2.543283
2.541481
2.541481
2.541481
2.541481
2.541481
2.541481
2.541481
2.541481
2.541481
2.541481
2.541481
2.541481
2.539072
2.539072
2.541490
2.537977
2.537977
2.534363
2.534363
2.534363
2.534363
2.536779
2.536309
2.536309
2.536309
2.535392
2.535392
2.535392
2.535392
2.535403
2.535403
2.535403
2.535403
2.543622
2.541098
2.541098
2.541098
2.541098
2.541098
2.541098
2.541098
2.541098
2.536779
2.536779
2.536779
2.536796
2.536796
2.558437
2.558437
2.558437
2.557860
2.557860
