0.399572
0.459844
0.413151
0.461654
0.371301
0.365242
0.364590
0.387258
0.387203
0.375646
0.340108
0.360677
0.316246
0.329122
0.308503
0.342621
0.339750
0.327839
0.310335
0.298209
0.342511
0.312960
0.326036
0.289010
0.328357
0.326592
0.391762
0.384533
0.390680
0.386791
0.356980
0.359477
0.318730
0.391340
0.393233
0.385020
0.350477
0.344546
0.354270
0.388448
0.389798
0.382112
0.354272
0.313240
0.391770
0.435301
0.361725
0.362965
0.324928
0.305254
0.414480
0.442228
0.460843
0.389533
0.397341
0.332019
0.387773
0.332820
0.359655
0.373500
0.397142
0.390302
0.290096
0.262209
0.390122
0.294745
0.357790
0.358028
0.409296
0.372807
0.479091
0.325327
0.376701
0.257393
0.332492
0.397520
0.249607
0.396146
0.411579
0.410702
0.442697
0.491828
0.298724
0.399442
0.379221
0.297260
0.418044
0.311780
0.393467
0.351575
0.348532
0.392822
0.402999
0.253200
0.388473
0.387456
0.414272
0.278460
0.373339
0.388837
0.390228
0.379229
0.319363
0.348110
0.397067
0.342952
0.409977
0.352005
0.296310
0.190511
0.344311
0.319513
0.388650
0.281265
0.467904
0.301104
0.278583
0.321596
0.366910
0.229588
0.338262
0.369459
0.300158
0.260586
0.490122
0.213079
0.294315
0.267704
0.287479
0.292543
0.297924
0.265071
0.508489
0.270493
0.277533
0.235439
0.245898
0.204830
0.450160
0.272037
0.370902
0.388634
0.253037
0.210182
0.309538
0.245370
0.239404
0.228672
0.223964
0.435345
0.338487
0.340101
0.318013
0.221499
0.338671
0.438907
0.337231
0.423755
0.337722
0.237822
0.336036
0.336303
0.334449
0.333712
0.218245
0.277439
0.214958
0.311824
0.207821
0.205586
0.203213
0.338878
0.207448
0.301027
0.435263
0.427829
0.333886
0.339977
0.328018
0.191740
0.328987
0.328835
0.198717
0.302063
0.218831
0.324850
0.325459
0.319850
