236.000000
213.000000
237.000000
195.000000
202.000000
208.000000
198.000000
202.000000
246.000000
211.000000
211.000000
204.000000
209.000000
192.000000
195.000000
218.000000
216.000000
179.000000
205.000000
226.000000
211.000000
181.000000
245.000000
201.000000
225.000000
90.000000
96.000000
101.000000
93.000000
84.000000
98.000000
100.000000
105.000000
99.000000
78.000000
91.000000
99.000000
94.000000
114.000000
104.000000
101.000000
131.000000
87.000000
89.000000
80.000000
85.000000
106.000000
80.000000
91.000000
111.000000
63.000000
61.000000
99.000000
61.000000
77.000000
63.000000
80.000000
34.000000
57.000000
59.000000
89.000000
63.000000
67.000000
42.000000
49.000000
71.000000
44.000000
42.000000
53.000000
49.000000
56.000000
95.000000
38.000000
41.000000
43.000000
60.000000
37.000000
43.000000
47.000000
61.000000
42.000000
36.000000
38.000000
43.000000
38.000000
47.000000
18.000000
32.000000
14.000000
23.000000
27.000000
28.000000
23.000000
20.000000
38.000000
64.000000
28.000000
31.000000
63.000000
32.000000
30.000000
32.000000
37.000000
14.000000
14.000000
16.000000
16.000000
30.000000
27.000000
18.000000
12.000000
22.000000
29.000000
27.000000
17.000000
15.000000
26.000000
20.000000
20.000000
29.000000
20.000000
8.000000
20.000000
29.000000
30.000000
13.000000
22.000000
11.000000
11.000000
15.000000
11.000000
8.000000
17.000000
15.000000
13.000000
11.000000
12.000000
9.000000
11.000000
13.000000
8.000000
19.000000
18.000000
8.000000
11.000000
10.000000
11.000000
8.000000
11.000000
13.000000
7.000000
8.000000
7.000000
5.000000
7.000000
6.000000
8.000000
8.000000
4.000000
2.000000
10.000000
9.000000
5.000000
5.000000
5.000000
5.000000
5.000000
5.000000
10.000000
9.000000
4.000000
6.000000
7.000000
6.000000
11.000000
3.000000
3.000000
1.000000
2.000000
5.000000
3.000000
5.000000
2.000000
8.000000
2.000000
2.000000
6.000000
3.000000
6.000000
3.000000
4.000000
3.000000
1.000000
0.000000
3.000000
1.000000
3.000000
2.000000
4.000000
8.000000
1.000000
2.000000
2.000000
1.000000
1.000000
4.000000
3.000000
0.000000
1.000000
0.000000
3.000000
2.000000
1.000000
2.000000
1.000000
2.000000
2.000000
3.000000
2.000000
3.000000
2.000000
0.000000
0.000000
3.000000
1.000000
1.000000
3.000000
2.000000
1.000000
1.000000
0.000000
0.000000
0.000000
1.000000
1.000000
0.000000
0.000000
1.000000
2.000000
1.000000
2.000000
1.000000
2.000000
1.000000
1.000000
2.000000
1.000000
1.000000
0.000000
