0.330257
0.324116
0.344855
0.292414
0.314666
0.339517
0.293533
0.349958
0.270093
0.317152
0.324681
0.323229
0.328057
0.293246
0.300692
0.301714
0.332616
0.319148
0.315985
0.319967
0.318915
0.316418
0.314769
0.311394
0.294619
0.390085
0.394682
0.439112
0.381055
0.418960
0.381426
0.379504
0.399823
0.417500
0.401260
0.372752
0.361129
0.392881
0.394408
0.400820
0.401944
0.468505
0.382552
0.360255
0.430267
0.390479
0.449738
0.410590
0.378240
0.365628
0.442311
0.404312
0.418956
0.346791
0.419571
0.441767
0.443337
0.394216
0.275162
0.368234
0.506239
0.456113
0.493990
0.425626
0.407168
0.450417
0.448198
0.456462
0.366900
0.459161
0.434511
0.343718
0.231019
0.383044
0.456977
0.234564
0.417565
0.326904
0.488805
0.334654
0.505644
0.343143
0.438169
0.434214
0.413466
0.307616
0.508788
0.499198
0.364125
0.370743
0.458580
0.390698
0.283375
0.395936
0.375429
0.428268
0.493299
0.439272
0.378155
0.485410
0.336659
0.331629
0.481317
0.424548
0.342464
