4.073622
4.160650
4.106096
4.154707
4.066024
4.085686
4.131837
4.212015
4.151421
4.168957
4.143963
4.203725
4.112309
4.198784
4.109675
4.187214
4.118145
4.088852
4.058072
4.129688
4.105736
4.135517
4.153197
4.166943
3.995675
3.780854
3.672700
4.042672
3.677480
3.723271
3.326351
3.869622
3.639865
3.948103
3.788349
3.843435
3.530823
4.061950
3.734864
4.083972
4.117373
3.695544
3.666513
3.996714
3.548429
3.759372
4.017817
3.723006
4.023251
4.019658
3.535267
3.223980
2.912571
3.495912
3.449489
3.312288
3.257953
3.398880
3.594805
3.158977
2.976418
3.646902
3.405712
3.449531
3.030624
3.100877
3.864084
3.699241
3.401455
3.788199
3.019003
3.254906
3.420069
3.394978
3.407000
3.425959
2.951673
3.533190
3.323175
3.183032
3.034525
2.887084
3.135086
3.104040
3.178206
3.295785
2.162032
2.948394
3.089243
3.693911
3.510189
3.008400
2.934581
1.736615
3.584475
2.508880
3.082796
3.148177
2.951951
3.453436
0.080656
2.923160
0.057645
2.994455
2.591148
2.295962
0.243168
2.435279
2.316783
2.792443
3.041931
2.756208
2.487141
0.000000
2.168835
2.588988
2.943308
0.005716
2.105405
3.153548
2.860049
2.859264
2.813548
2.911702
3.014927
1.748327
0.000000
0.000000
2.888461
1.468106
0.000000
2.834623
2.621919
2.536851
0.000000
2.263670
2.540155
2.848270
1.698570
2.949585
3.311084
2.562796
0.000000
1.080574
2.484381
2.738020
2.361331
2.250314
1.960485
2.598553
2.520669
0.000000
0.000000
2.952901
0.000000
0.000000
0.000000
0.000000
2.330747
0.000000
0.000000
0.000000
0.000000
0.000000
2.511608
0.000000
1.019966
2.910958
0.000000
0.000000
2.915513
0.000000
2.491377
0.000000
0.817700
0.000000
0.040994
0.000000
0.000000
0.000000
0.000000
0.000000
0.000000
0.000000
0.000000
0.000000
0.000000
1.290673
0.000000
0.000000
0.000000
0.900259
0.000000
0.712451
0.000000
0.000000
0.000000
2.545927
0.000000
0.000000
0.000000
0.000000
0.000000
0.000000
0.000000
0.000000
0.000000
0.000000
0.000000
0.000000
0.000000
0.000000
0.000000
0.000000
0.000000
0.000000
0.000000
0.000000
0.000000
0.000000
0.000000
0.000000
0.000000
2.673037
0.000000
2.360963
0.000000
0.000000
0.000000
0.000000
0.000000
0.000000
0.000000
2.774392
0.000000
0.000000
0.000000
0.000000
0.000000
2.413337
0.000000
0.000000
0.000000
0.000000
0.000000
0.000000
0.000000
0.000000
2.674901
1.994990
0.000000
0.000000
0.000000
0.000000
0.000000
0.000000
0.000000
0.000000
0.000000
0.000000
1.031005
0.000000
0.000000
0.000000
0.000000
0.000000
0.000000
0.000000
0.000000
0.000000
0.000000
0.000000
0.000000
0.000000
0.000000
0.000000
0.000000
0.000000
0.000000
0.000000
0.000000
0.000000
0.000000
0.000000
0.000000
0.000000
0.000000
0.000000
0.000000
0.000000
0.000000
0.000000
0.000000
0.000000
0.000000
0.000000
0.000000
0.000000
0.000000
0.000000
0.000000
0.000000
0.000000
0.000000
0.000000
0.000000
0.000000
0.000000
0.000000
0.000000
0.000000
0.000000
0.000000
0.000000
2.248724
0.000000
0.000000
0.000000
0.000000
0.000000
0.000000
0.000000
0.000000
0.000000
0.000000
0.000000
0.000000
0.000000
0.000000
0.000000
0.000000
0.000000
0.000000
0.000000
0.000000
0.000000
0.000000
0.000000
0.000000
0.000000
0.000000
0.000000
0.000000
0.000000
0.000000
0.000000
0.000000
0.000000
0.000000
0.000000
0.000000
0.000000
0.000000
0.000000
0.000000
0.000000
0.000000
0.000000
0.000000
0.000000
0.000000
0.000000
0.000000
0.000000
0.000000
0.000000
0.000000
0.000000
0.000000
0.000000
0.000000
0.000000
0.000000
0.000000
0.000000
0.000000
0.000000
0.000000
0.000000
0.000000
0.000000
0.000000
0.000000
0.000000
0.000000
0.000000
0.000000
0.000000
0.000000
0.000000
0.000000
