0.379913
0.289211
0.356827
0.402564
0.345606
0.338510
0.333301
0.286847
0.340982
0.316043
0.324102
0.327879
0.310285
0.337247
0.305761
0.330858
0.292575
0.302780
0.292383
0.306049
0.295603
0.291790
0.290111
0.307601
0.292115
0.376930
0.379712
0.348622
0.353779
0.353249
0.355578
0.358133
0.324089
0.358073
0.394369
0.343554
0.339980
0.328227
0.331057
0.334596
0.303656
0.328337
0.350376
0.378757
0.360337
0.345122
0.358174
0.353421
0.327941
0.316005
0.326957
0.353964
0.350240
0.365804
0.383187
0.306684
0.336315
0.300809
0.321926
0.351946
0.324743
0.368056
0.422524
0.285574
0.339839
0.341597
0.433500
0.269361
0.317009
0.346640
0.319416
0.333424
0.308141
0.253025
0.447190
0.207659
0.280933
0.331079
0.380450
0.417586
0.338576
0.251238
0.309942
0.392649
0.366189
0.357102
0.370042
0.341019
0.383784
0.349255
0.263766
0.333560
0.432846
0.399121
0.330372
0.370230
0.348507
0.308664
0.321015
0.334520
0.296560
0.350273
0.343996
0.385597
0.337273
0.239847
0.270890
0.195080
0.324765
0.190401
0.394992
0.333695
0.316987
0.255860
0.376946
0.185951
0.340481
0.203891
0.316805
0.306044
0.370107
0.313832
0.296011
0.446836
0.349985
0.235538
0.161881
0.226405
0.351377
0.252370
0.319638
0.216341
0.199085
0.439064
0.144827
0.282592
0.241111
0.170339
0.114623
0.313938
0.222573
0.314379
0.347255
0.093974
0.357701
0.193508
0.324094
0.216366
0.233670
0.207389
0.158779
0.178219
0.162199
0.199353
0.262869
0.194828
0.193501
0.334019
0.270776
0.141253
0.189445
0.178053
0.200722
0.264394
0.147651
0.212657
0.392674
0.140673
0.142989
0.180317
0.097174
0.178830
0.113087
0.139223
0.120743
0.227590
0.150043
0.145146
0.131209
0.197973
0.155512
0.318924
0.155596
0.154527
0.151772
0.145990
0.216688
0.151327
