4.087125
4.127710
4.110369
4.098839
4.122493
4.138597
4.158186
4.168482
4.049593
4.010988
4.101274
4.126392
4.168109
4.183746
4.117758
4.188635
4.108564
4.095415
4.196588
4.135281
4.132082
4.181294
4.066043
4.129989
4.110807
3.831462
4.064823
4.028140
3.946601
3.747214
3.484005
3.729334
3.720930
3.575033
3.959730
3.520382
3.702188
3.999128
4.013896
3.673954
4.034917
3.548106
3.961430
4.063538
3.660490
3.693181
3.872746
3.658090
3.489840
3.840288
3.398836
3.523949
3.332533
3.525315
4.237617
3.596521
3.246473
3.183780
3.053304
3.525440
3.333418
3.441734
3.727725
3.749201
3.340833
3.825303
3.565072
2.959948
3.005890
3.889665
3.120960
3.379568
3.423108
3.552536
3.214404
3.015884
2.916808
0.000000
3.265538
0.000000
3.501945
0.000000
3.932431
0.000000
2.535852
2.353182
3.226479
2.633495
2.586748
1.792824
3.433433
3.725853
3.087879
2.678113
2.763768
3.097477
2.858798
3.246446
0.000000
3.225054
1.461324
1.292471
2.768519
0.000000
2.426439
0.000000
3.096198
1.149294
2.722220
3.760092
0.000000
2.876018
2.985848
3.601200
0.233137
0.000000
0.000000
1.539874
1.601298
3.256219
3.021787
3.103519
0.000000
2.732906
0.000000
0.000000
0.000000
0.000000
0.000000
2.585457
2.671955
0.000000
0.000000
2.568943
0.000000
0.000000
0.000000
0.000000
0.000000
0.000000
0.000000
0.000000
2.754620
0.000000
0.000000
0.000000
2.553513
3.148170
0.019067
0.000000
0.000000
0.000000
2.293217
0.000000
2.914693
1.589116
1.751450
0.000000
0.000000
0.000000
0.000000
0.000000
1.751080
0.000000
0.000000
0.000000
0.000000
0.000000
0.000000
0.000000
0.000000
0.000000
0.000000
0.000000
0.000000
0.000000
0.000000
0.000000
0.000000
0.000000
0.000000
0.000000
0.000000
0.000000
0.000000
0.000000
0.000000
0.000000
0.000000
0.000000
0.000000
0.000000
0.000000
0.000000
0.000000
0.000000
0.000000
0.000000
0.000000
0.000000
0.000000
0.000000
0.000000
0.000000
0.000000
0.005188
0.000000
0.000000
0.000000
0.000000
0.000000
0.000000
0.000000
0.000000
0.000000
0.000000
0.000000
0.000000
0.000000
0.000000
0.000000
0.000000
0.000000
0.000000
0.000000
0.000000
0.000000
0.000000
0.000000
0.000000
0.000000
0.000000
0.000000
0.000000
0.000000
0.000000
0.000000
0.000000
0.000000
0.000000
0.000000
0.000000
0.000000
0.000000
0.000000
0.000000
0.000000
0.000000
0.000000
0.000000
0.000000
0.000000
0.000000
0.000000
0.000000
0.000000
0.000000
0.000000
0.000000
0.000000
0.000000
0.000000
0.000000
0.000000
0.000000
0.000000
0.000000
0.000000
0.000000
0.000000
0.000000
0.000000
0.000000
0.000000
0.000000
0.000000
