4.181806
4.171017
4.081049
4.078534
4.141350
4.177951
4.107115
4.150539
4.135638
4.176235
4.153448
4.131554
4.058887
4.196281
4.132070
4.117450
4.099035
4.057737
4.025543
4.204061
4.093522
4.017306
4.067168
4.164991
4.145415
3.784300
3.882842
4.080173
4.049881
3.851768
4.056302
3.832139
4.161257
4.008080
3.855005
4.102955
3.731068
4.018346
4.013384
4.079834
3.605640
4.129137
3.958666
4.068537
4.010938
4.102579
4.078706
3.916508
3.787605
3.955230
3.503922
4.038989
3.788182
4.089898
3.507183
4.028990
3.651609
4.035402
3.146304
3.597233
3.848288
3.555144
3.776328
3.364308
3.689456
3.528394
3.876321
3.525074
3.244888
3.732218
3.963052
3.624397
3.258542
3.655159
3.711875
3.605217
3.467218
2.889823
2.869248
3.050140
3.210333
3.007596
3.127792
3.152205
2.923925
3.498123
3.162358
3.285941
3.627355
2.905860
3.624744
2.500524
3.492247
3.446814
3.717724
3.625630
3.681269
3.889015
4.036696
3.099814
3.419934
3.105969
3.139557
3.132572
2.939946
3.644258
2.816374
3.641701
3.111833
3.047350
3.036343
3.606972
3.248891
3.620547
3.433894
3.216030
2.869853
3.002779
2.948331
3.111274
3.169029
2.881994
3.415116
2.954745
2.845557
3.030389
3.006240
2.915859
3.123410
3.032610
3.043340
2.973056
2.920941
2.934380
3.039234
3.012683
3.002075
2.927778
2.921239
2.938952
2.934343
2.968773
3.143650
2.463957
2.927885
2.895201
3.056642
3.160074
3.123059
3.162854
2.914712
3.053022
2.927795
2.927681
3.123525
2.931731
3.111587
2.918050
3.038110
2.933489
2.920542
3.124543
2.928127
2.926771
2.892442
3.019054
3.084259
2.927702
2.921239
2.920550
2.956933
2.914712
2.915739
2.920228
2.918558
2.921239
2.914712
2.924294
2.914712
2.914712
3.149220
2.915468
2.914712
2.916871
2.915987
2.915427
2.925118
2.921861
2.921004
2.903342
2.933304
2.934187
2.915427
2.936784
2.921706
2.937731
2.915427
2.922423
2.915427
2.978655
2.921954
2.921954
2.915427
2.915427
2.918580
2.915427
3.059937
2.915427
2.915427
2.915427
2.919270
2.915427
3.043863
2.915427
2.921954
2.921954
2.915427
2.920575
2.916898
2.911265
2.916806
2.924975
2.910394
2.936502
2.921004
2.910394
2.910394
2.916806
2.910394
2.910394
2.910394
2.910394
2.910394
2.910394
2.910391
2.910391
2.910391
2.910391
2.981901
2.910391
2.916803
2.910391
2.910391
2.916895
2.910391
2.910391
2.910391
2.916895
2.910391
2.915467
2.969333
2.910391
2.917484
2.910391
2.916895
2.910391
2.910391
2.910391
2.910391
2.916803
2.910391
2.910391
2.910391
2.910391
2.916803
2.910391
2.897932
2.910391
2.910391
2.913536
2.910391
2.910391
2.910391
3.054033
2.910391
2.910391
2.910391
2.910391
2.910391
2.910391
2.916895
2.910391
2.910391
2.909695
2.909695
2.909695
2.909695
2.909695
2.909695
2.909695
2.909695
2.909695
2.909695
2.909695
2.909695
2.909695
2.909695
2.909695
2.909695
2.909695
2.909695
2.909695
2.909695
2.909695
2.909695
3.153352
2.909695
2.909695
2.909695
2.909695
2.904514
2.904514
2.904514
2.904514
2.904514
2.904514
2.904514
2.904514
2.904514
2.903430
2.903430
2.903430
2.903430
2.903430
2.903430
2.903430
2.903430
2.903430
2.903430
2.903430
2.903430
2.903430
2.903430
2.903430
2.903430
2.903430
2.903430
2.903430
2.903430
2.903430
2.903430
2.903430
2.903430
2.903430
2.903430
2.903430
2.903430
2.903430
2.903430
2.903430
2.903430
2.903430
2.903430
2.903430
2.903430
2.903430
2.903430
2.903430
2.903430
2.903430
2.903430
2.903430
2.903430
2.903430
2.903430
2.903430
2.903430
2.903430
2.903430
2.893251
2.903430
2.893251
2.903430
2.893251
2.893251
2.893251
2.903430
2.893251
2.893251
2.903430
2.893251
2.893251
2.903430
2.893251
2.893251
2.894331
2.888346
2.894331
2.894331
2.888346
2.894331
2.888346
2.894331
2.888346
2.894331
2.894331
2.894331
2.893562
2.894331
2.894331
2.894331
2.894331
2.893562
2.894330
2.894330
2.894330
