226.000000
208.000000
200.000000
192.000000
191.000000
209.000000
250.000000
203.000000
224.000000
219.000000
174.000000
216.000000
203.000000
239.000000
222.000000
213.000000
188.000000
223.000000
233.000000
235.000000
271.000000
217.000000
225.000000
210.000000
236.000000
101.000000
90.000000
128.000000
120.000000
92.000000
99.000000
98.000000
116.000000
81.000000
140.000000
91.000000
85.000000
82.000000
109.000000
82.000000
82.000000
104.000000
96.000000
103.000000
91.000000
112.000000
96.000000
111.000000
100.000000
111.000000
43.000000
44.000000
71.000000
80.000000
61.000000
54.000000
45.000000
47.000000
59.000000
71.000000
54.000000
47.000000
56.000000
68.000000
70.000000
52.000000
47.000000
79.000000
57.000000
67.000000
61.000000
46.000000
56.000000
48.000000
50.000000
57.000000
39.000000
45.000000
37.000000
36.000000
35.000000
34.000000
37.000000
34.000000
22.000000
50.000000
30.000000
54.000000
36.000000
38.000000
39.000000
35.000000
36.000000
24.000000
30.000000
34.000000
39.000000
36.000000
39.000000
36.000000
24.000000
15.000000
26.000000
22.000000
27.000000
25.000000
32.000000
36.000000
12.000000
17.000000
20.000000
28.000000
21.000000
21.000000
37.000000
20.000000
19.000000
34.000000
28.000000
35.000000
31.000000
22.000000
15.000000
18.000000
14.000000
13.000000
11.000000
11.000000
15.000000
14.000000
18.000000
11.000000
12.000000
15.000000
18.000000
15.000000
10.000000
14.000000
16.000000
15.000000
16.000000
12.000000
11.000000
18.000000
12.000000
5.000000
8.000000
20.000000
12.000000
12.000000
5.000000
10.000000
9.000000
6.000000
8.000000
8.000000
6.000000
6.000000
5.000000
10.000000
6.000000
10.000000
8.000000
3.000000
10.000000
7.000000
6.000000
4.000000
4.000000
5.000000
