0.250558
0.225960
0.226538
0.238540
0.213203
0.222000
0.231711
0.199842
0.202863
0.194537
0.197234
0.192661
0.182901
0.188381
0.192397
0.182959
0.167479
0.159679
0.177922
0.195031
0.180267
0.173511
0.171158
0.176667
0.174403
0.227490
0.209482
0.201052
0.198263
0.202610
0.208542
0.213658
0.178413
0.211743
0.178858
0.195747
0.208472
0.190455
0.202442
0.165642
0.188732
0.210454
0.190871
0.218226
0.195671
0.193865
0.197071
0.192777
0.183120
0.190231
0.216982
0.195407
0.203170
0.195585
0.207993
0.194607
0.211613
0.197776
0.217392
0.202724
0.218107
0.195585
0.216495
0.231712
0.189604
0.197958
0.200925
0.216412
0.157793
0.189088
0.205374
0.198458
0.205512
0.186957
0.186337
0.109545
0.203216
0.239957
0.204408
0.207729
0.208344
0.178674
0.186322
0.209506
0.181572
0.198478
0.203797
0.212588
0.170276
0.209248
0.209522
0.222548
0.211875
0.219341
0.199691
0.214005
0.241159
0.201951
0.233326
0.189456
0.213767
0.192487
0.169427
0.216079
0.199999
0.173197
0.191818
0.195621
0.169320
0.165457
0.207437
0.164672
0.192543
0.238049
0.160657
0.209719
0.194068
0.209402
0.184141
0.196867
0.155085
0.194336
0.184263
0.195440
0.200466
0.203505
0.183582
0.206231
0.137998
0.193880
0.165414
0.152803
0.200168
0.167053
0.186401
0.198445
0.155982
0.169464
0.137622
0.189090
0.194818
0.173803
0.170855
0.225079
0.204972
0.170173
0.211088
0.151975
0.144032
0.157079
0.176425
0.174981
0.156961
0.160653
0.181400
0.139916
0.171031
0.227628
0.154165
0.162577
0.148124
0.142978
0.147113
0.140451
0.152752
0.145907
0.131910
0.146565
0.147004
0.148768
0.134160
0.131046
0.140875
0.154165
0.137108
0.118636
0.134324
0.134188
0.134401
0.149194
0.192971
0.130560
0.154459
0.127749
0.145255
0.141521
0.168411
0.155609
0.224883
0.138503
0.130446
0.147911
0.126126
0.127184
0.122532
0.121058
0.139811
0.120112
0.117975
0.116338
0.115033
0.174814
0.166355
0.230347
0.168822
0.117130
0.125268
0.152309
0.113162
0.174147
0.155564
0.159662
0.105124
0.150046
0.116325
0.119843
0.158830
0.165621
0.157550
0.110240
0.159589
0.181084
0.113611
0.127411
0.172879
0.114441
0.112248
0.116008
0.150164
0.108657
0.162686
0.151186
0.161152
0.121838
0.163545
0.161974
0.161617
0.109850
0.163828
0.099120
0.165124
0.163712
0.187753
0.159997
0.107197
0.160999
0.105769
0.169443
0.168576
0.161694
0.107972
0.174734
0.142285
0.110650
0.166854
0.165953
0.164952
0.164446
0.105575
0.166339
0.164866
0.164221
0.163562
0.162777
0.159441
0.107290
0.162102
0.160878
0.159419
0.159191
0.157453
0.117431
0.159476
0.158292
0.155757
0.152931
0.151310
0.115190
0.106313
0.160375
0.159990
0.157341
0.155974
0.105663
0.159605
0.158921
0.157525
0.153042
0.189240
0.105397
0.154507
0.105236
0.164979
0.153165
0.151544
0.104799
0.152677
0.147086
0.143886
0.114180
0.153834
0.151663
0.125480
0.116133
