0.315073
0.306745
0.295706
0.311785
0.328029
0.316273
0.299012
0.318974
0.291299
0.309702
0.332673
0.313396
0.335482
0.286782
0.310251
0.310170
0.305753
0.291744
0.306717
0.297692
0.314891
0.304845
0.279592
0.318395
0.291578
0.366120
0.370083
0.333437
0.411610
0.392623
0.355288
0.376858
0.394160
0.354475
0.330328
0.374712
0.346830
0.355429
0.357041
0.378846
0.371322
0.342956
0.357715
0.343207
0.360246
0.376154
0.387769
0.362808
0.348275
0.387338
0.399077
0.366392
0.397403
0.388357
0.405567
0.369259
0.368869
0.375624
0.372984
0.373916
0.397579
0.369436
0.361356
0.388855
0.324404
0.373008
0.370142
0.373009
0.385530
0.381349
0.349497
0.398867
0.392401
0.366090
0.407729
0.348083
0.416464
0.385846
0.398356
0.369809
0.401414
0.368948
0.421179
0.430477
0.343062
0.420482
0.384704
0.401658
0.394399
0.433954
0.401453
0.409351
0.417748
0.406345
0.438735
0.388512
0.420303
0.397731
0.475962
0.399219
0.372644
0.380310
0.402278
0.406084
0.400822
0.412190
0.426773
0.432919
0.425687
0.423412
0.345546
0.400009
0.440865
0.393511
0.382312
0.369734
0.439826
0.382884
0.399552
0.398960
0.423327
0.386830
0.384811
0.289108
0.430799
0.423705
0.412706
0.417622
0.415310
0.419747
0.415305
0.392068
0.417230
0.408271
0.386374
0.416491
0.422317
0.410642
0.366392
0.394832
0.420048
0.395226
0.365075
0.365454
0.401452
0.411002
0.319618
0.370346
0.411368
0.416149
0.401003
0.393969
0.392408
0.417931
0.414114
0.433093
0.427327
0.322356
0.360806
0.425048
0.424337
0.418678
0.314386
0.426556
0.371104
0.420561
0.414806
0.413455
0.419209
0.418269
0.417746
0.421140
0.414545
0.384923
0.452095
0.419361
0.419103
0.419436
0.419768
0.417504
0.385065
0.423976
0.417526
0.419714
0.424628
0.418427
0.418335
0.418366
0.418157
0.418067
0.418045
0.417188
0.419252
0.415567
0.416549
0.390110
0.414969
0.412232
0.393679
0.401455
0.418772
0.418584
0.418610
0.417713
0.417853
0.418426
0.412479
0.417026
0.415631
0.418445
0.416551
0.417071
0.418255
0.418189
0.418124
0.418059
0.414902
0.415623
0.417867
0.417801
0.417736
0.418299
0.415828
0.416519
0.411235
0.417436
0.417370
0.417304
0.417243
0.385022
0.417168
0.417106
0.417044
0.416979
0.416917
0.416856
0.416792
0.416734
0.416627
0.416572
0.366526
0.415237
0.417059
0.416982
0.415145
0.416821
0.416744
0.416668
0.416791
0.416502
0.416639
0.416561
0.416474
0.416413
0.416035
0.412269
0.416224
0.416162
0.414147
0.415010
0.415975
0.415913
0.415852
0.415790
0.415727
0.415895
0.415606
0.415548
0.415490
0.415410
0.415357
0.415303
0.415249
0.416017
0.415141
0.415086
0.415035
0.414983
0.414931
0.414878
0.413715
0.414773
0.414721
0.414669
0.414618
0.414566
0.414515
0.414463
0.414414
0.414388
0.414338
0.414288
0.414238
0.414188
0.414324
0.414274
0.414224
0.414187
0.411075
0.414046
0.413992
0.414035
0.413982
0.413930
0.413877
0.414550
0.414475
0.414427
0.414378
0.414425
0.414376
0.414326
0.414275
0.414225
0.414176
0.414127
0.414077
0.414028
0.413974
0.413925
0.413876
0.413826
0.413776
0.413727
0.413678
0.413628
0.413579
0.413527
0.413479
0.413430
0.413382
0.413334
0.413286
0.413238
0.413189
0.413141
0.413245
0.413196
0.413147
0.413098
0.413220
0.413171
0.413121
0.413072
0.413021
0.412971
0.412922
0.412873
0.412824
0.412775
0.412719
0.412670
