240.000000
204.000000
269.000000
208.000000
190.000000
218.000000
204.000000
230.000000
234.000000
218.000000
211.000000
238.000000
187.000000
226.000000
201.000000
231.000000
218.000000
215.000000
203.000000
209.000000
216.000000
185.000000
202.000000
219.000000
195.000000
93.000000
97.000000
84.000000
86.000000
103.000000
115.000000
87.000000
87.000000
95.000000
88.000000
106.000000
113.000000
102.000000
99.000000
91.000000
87.000000
98.000000
113.000000
107.000000
89.000000
91.000000
95.000000
88.000000
84.000000
106.000000
38.000000
51.000000
51.000000
44.000000
55.000000
56.000000
56.000000
51.000000
53.000000
46.000000
42.000000
54.000000
41.000000
62.000000
37.000000
65.000000
57.000000
62.000000
58.000000
47.000000
39.000000
50.000000
57.000000
51.000000
51.000000
40.000000
31.000000
25.000000
25.000000
30.000000
25.000000
27.000000
37.000000
40.000000
39.000000
49.000000
30.000000
28.000000
29.000000
29.000000
22.000000
30.000000
25.000000
21.000000
32.000000
29.000000
28.000000
27.000000
35.000000
39.000000
25.000000
23.000000
29.000000
20.000000
10.000000
19.000000
17.000000
38.000000
32.000000
30.000000
36.000000
16.000000
11.000000
21.000000
21.000000
31.000000
16.000000
11.000000
31.000000
30.000000
29.000000
21.000000
23.000000
29.000000
14.000000
11.000000
9.000000
21.000000
11.000000
8.000000
17.000000
19.000000
12.000000
7.000000
17.000000
9.000000
20.000000
12.000000
11.000000
10.000000
15.000000
10.000000
9.000000
13.000000
13.000000
12.000000
15.000000
13.000000
13.000000
15.000000
10.000000
9.000000
6.000000
5.000000
10.000000
11.000000
10.000000
9.000000
7.000000
10.000000
7.000000
13.000000
6.000000
4.000000
8.000000
9.000000
8.000000
5.000000
5.000000
7.000000
6.000000
7.000000
6.000000
9.000000
4.000000
2.000000
7.000000
4.000000
4.000000
2.000000
3.000000
5.000000
5.000000
3.000000
3.000000
2.000000
1.000000
4.000000
4.000000
3.000000
3.000000
6.000000
1.000000
4.000000
4.000000
6.000000
3.000000
2.000000
4.000000
4.000000
0.000000
1.000000
3.000000
1.000000
0.000000
2.000000
0.000000
0.000000
4.000000
2.000000
2.000000
4.000000
2.000000
1.000000
0.000000
4.000000
2.000000
2.000000
2.000000
3.000000
2.000000
1.000000
1.000000
0.000000
1.000000
0.000000
0.000000
1.000000
1.000000
2.000000
1.000000
2.000000
2.000000
1.000000
2.000000
0.000000
1.000000
0.000000
2.000000
0.000000
0.000000
0.000000
0.000000
0.000000
0.000000
0.000000
3.000000
2.000000
0.000000
1.000000
1.000000
0.000000
0.000000
1.000000
0.000000
0.000000
0.000000
0.000000
0.000000
0.000000
0.000000
0.000000
0.000000
1.000000
0.000000
0.000000
0.000000
1.000000
0.000000
0.000000
0.000000
0.000000
1.000000
0.000000
0.000000
0.000000
0.000000
1.000000
0.000000
1.000000
0.000000
0.000000
1.000000
0.000000
0.000000
0.000000
0.000000
0.000000
0.000000
0.000000
0.000000
1.000000
0.000000
1.000000
0.000000
0.000000
0.000000
0.000000
0.000000
0.000000
0.000000
0.000000
0.000000
0.000000
0.000000
0.000000
0.000000
0.000000
0.000000
0.000000
0.000000
0.000000
0.000000
0.000000
0.000000
0.000000
0.000000
0.000000
1.000000
0.000000
0.000000
0.000000
0.000000
1.000000
0.000000
2.000000
0.000000
0.000000
0.000000
0.000000
0.000000
0.000000
0.000000
0.000000
0.000000
0.000000
0.000000
1.000000
0.000000
0.000000
0.000000
0.000000
0.000000
1.000000
0.000000
1.000000
0.000000
0.000000
1.000000
0.000000
0.000000
0.000000
0.000000
0.000000
0.000000
0.000000
0.000000
0.000000
0.000000
0.000000
0.000000
0.000000
0.000000
0.000000
0.000000
0.000000
0.000000
0.000000
0.000000
0.000000
0.000000
0.000000
0.000000
0.000000
0.000000
0.000000
0.000000
0.000000
0.000000
