194.000000
231.000000
207.000000
188.000000
202.000000
222.000000
215.000000
233.000000
200.000000
223.000000
186.000000
367.000000
241.000000
213.000000
268.000000
226.000000
190.000000
239.000000
244.000000
254.000000
226.000000
194.000000
203.000000
232.000000
215.000000
87.000000
100.000000
67.000000
90.000000
88.000000
88.000000
78.000000
93.000000
129.000000
150.000000
84.000000
100.000000
92.000000
94.000000
86.000000
84.000000
102.000000
120.000000
127.000000
89.000000
110.000000
137.000000
87.000000
95.000000
121.000000
115.000000
50.000000
58.000000
58.000000
60.000000
50.000000
58.000000
44.000000
70.000000
42.000000
44.000000
76.000000
55.000000
52.000000
60.000000
60.000000
40.000000
64.000000
55.000000
47.000000
47.000000
70.000000
95.000000
47.000000
85.000000
32.000000
21.000000
22.000000
39.000000
28.000000
39.000000
25.000000
34.000000
53.000000
38.000000
27.000000
34.000000
19.000000
37.000000
32.000000
28.000000
27.000000
36.000000
17.000000
18.000000
45.000000
33.000000
28.000000
29.000000
39.000000
13.000000
10.000000
14.000000
18.000000
17.000000
18.000000
9.000000
23.000000
18.000000
17.000000
14.000000
14.000000
21.000000
16.000000
21.000000
26.000000
21.000000
9.000000
12.000000
12.000000
35.000000
18.000000
21.000000
13.000000
22.000000
10.000000
12.000000
6.000000
8.000000
10.000000
8.000000
15.000000
9.000000
2.000000
20.000000
9.000000
6.000000
9.000000
5.000000
10.000000
9.000000
12.000000
13.000000
10.000000
7.000000
11.000000
9.000000
9.000000
12.000000
9.000000
5.000000
7.000000
5.000000
11.000000
6.000000
3.000000
5.000000
5.000000
11.000000
8.000000
10.000000
2.000000
3.000000
5.000000
6.000000
2.000000
5.000000
3.000000
7.000000
3.000000
6.000000
4.000000
1.000000
4.000000
4.000000
4.000000
1.000000
4.000000
3.000000
3.000000
2.000000
2.000000
1.000000
1.000000
0.000000
5.000000
3.000000
1.000000
3.000000
1.000000
5.000000
4.000000
2.000000
3.000000
3.000000
2.000000
0.000000
2.000000
3.000000
1.000000
3.000000
4.000000
1.000000
1.000000
2.000000
1.000000
1.000000
1.000000
2.000000
2.000000
1.000000
2.000000
0.000000
2.000000
0.000000
2.000000
0.000000
2.000000
1.000000
2.000000
1.000000
2.000000
0.000000
1.000000
1.000000
2.000000
1.000000
0.000000
0.000000
1.000000
0.000000
1.000000
2.000000
1.000000
0.000000
0.000000
0.000000
0.000000
1.000000
0.000000
0.000000
1.000000
0.000000
1.000000
0.000000
1.000000
0.000000
2.000000
0.000000
1.000000
0.000000
1.000000
2.000000
0.000000
1.000000
0.000000
1.000000
1.000000
0.000000
0.000000
0.000000
1.000000
0.000000
0.000000
0.000000
0.000000
1.000000
0.000000
1.000000
1.000000
0.000000
0.000000
0.000000
2.000000
0.000000
0.000000
0.000000
0.000000
1.000000
0.000000
0.000000
0.000000
0.000000
0.000000
0.000000
0.000000
0.000000
0.000000
3.000000
1.000000
1.000000
0.000000
0.000000
0.000000
0.000000
0.000000
0.000000
0.000000
0.000000
0.000000
0.000000
0.000000
0.000000
0.000000
0.000000
0.000000
0.000000
0.000000
0.000000
0.000000
0.000000
0.000000
0.000000
0.000000
0.000000
0.000000
1.000000
0.000000
0.000000
0.000000
1.000000
0.000000
0.000000
0.000000
0.000000
0.000000
0.000000
0.000000
0.000000
1.000000
0.000000
0.000000
0.000000
0.000000
0.000000
0.000000
0.000000
0.000000
0.000000
0.000000
0.000000
0.000000
0.000000
0.000000
0.000000
0.000000
0.000000
0.000000
0.000000
0.000000
0.000000
0.000000
0.000000
0.000000
0.000000
0.000000
0.000000
0.000000
0.000000
0.000000
0.000000
0.000000
0.000000
0.000000
0.000000
0.000000
0.000000
0.000000
0.000000
0.000000
0.000000
0.000000
0.000000
0.000000
0.000000
0.000000
0.000000
0.000000
0.000000
