212.000000
222.000000
205.000000
223.000000
201.000000
191.000000
226.000000
204.000000
233.000000
268.000000
209.000000
218.000000
215.000000
246.000000
245.000000
194.000000
212.000000
260.000000
207.000000
230.000000
212.000000
220.000000
209.000000
229.000000
201.000000
88.000000
98.000000
124.000000
87.000000
101.000000
100.000000
105.000000
106.000000
78.000000
97.000000
102.000000
101.000000
96.000000
84.000000
91.000000
148.000000
120.000000
111.000000
101.000000
86.000000
85.000000
120.000000
88.000000
106.000000
98.000000
42.000000
55.000000
48.000000
53.000000
53.000000
45.000000
60.000000
50.000000
59.000000
78.000000
114.000000
58.000000
99.000000
88.000000
48.000000
43.000000
55.000000
36.000000
57.000000
63.000000
60.000000
88.000000
55.000000
65.000000
73.000000
49.000000
25.000000
54.000000
24.000000
31.000000
42.000000
38.000000
30.000000
66.000000
69.000000
38.000000
29.000000
24.000000
30.000000
35.000000
29.000000
38.000000
46.000000
24.000000
35.000000
46.000000
34.000000
45.000000
31.000000
42.000000
22.000000
28.000000
32.000000
32.000000
15.000000
