0.656970
0.592862
0.637586
0.515214
0.531967
0.532966
0.578644
0.543813
0.482348
0.486804
0.451008
0.481290
0.507446
0.464130
0.451369
0.446647
0.406874
0.391223
0.418386
0.408748
0.391950
0.343435
0.366504
0.349129
0.357838
0.415632
0.395668
0.358148
0.371356
0.365167
0.453471
0.396090
0.390820
0.378673
0.387688
0.397402
0.393898
0.362924
0.356554
0.384894
0.355236
0.365844
0.405957
0.379678
0.349945
0.316245
0.360794
0.384378
0.336785
0.347657
0.380188
0.400927
0.392073
0.437846
0.385457
0.386147
0.390116
0.353162
0.393101
0.382057
0.351646
0.373190
0.411572
0.396016
0.389678
0.406575
0.395230
0.372086
0.381730
0.462244
0.440390
0.371304
0.362682
0.443366
0.433349
0.408641
0.428585
0.432003
0.425734
0.424125
0.455210
0.479771
0.384925
0.390870
0.377202
0.381170
0.370924
0.428232
0.435213
0.400685
0.428464
0.436950
0.440344
0.423731
0.411501
0.402295
0.431563
0.457627
0.428751
0.385122
0.367101
0.430047
0.450262
0.413051
0.434286
0.419642
0.398632
0.376248
0.419798
0.405077
0.399930
0.444837
0.413274
0.344872
0.378021
0.455064
0.323952
0.426145
0.475742
0.549906
0.455720
0.416149
0.393492
0.357775
0.323429
0.306270
0.280400
0.340232
0.457521
0.354797
0.407047
0.342201
0.291715
0.317975
0.285169
0.310554
0.284703
0.235990
0.408221
0.283611
0.286000
0.323331
0.268539
0.277294
0.276638
0.348742
0.288676
