0.806390
0.764519
0.779351
0.728350
0.719883
0.628668
0.715495
0.711566
0.683461
0.684851
0.685903
0.625778
0.636592
0.597433
0.594598
0.596982
0.530439
0.572794
0.534198
0.491871
0.523572
0.470408
0.463990
0.482859
0.492407
0.533618
0.425900
0.426018
0.451454
0.457897
0.446962
0.394193
0.425156
0.400909
0.438483
0.421896
0.420387
0.442521
0.397116
0.437198
0.349908
0.409109
0.428776
0.421556
0.384054
0.398702
0.390135
0.352862
0.420884
0.387138
0.424952
0.428185
0.367149
0.339267
0.415512
0.379540
0.359945
0.334192
0.431382
0.393415
0.354041
0.370592
0.333190
0.411481
0.382585
0.363222
0.410158
0.327974
0.305779
0.402765
0.379431
0.381455
0.315664
0.419151
0.428211
0.416805
0.202958
0.386407
0.400561
0.378938
0.374605
0.348382
0.385810
0.491680
0.405787
0.376963
0.377030
0.459174
0.299733
0.439023
0.352114
0.382049
0.459132
0.289150
0.405615
0.376638
0.325781
0.361715
0.382717
0.394014
0.405555
0.440724
0.383206
0.410975
0.414289
0.489039
0.314028
0.216525
0.315060
0.331872
0.318924
0.192205
0.488875
0.255223
0.467408
0.367524
0.407942
0.401423
0.350642
0.343245
0.235269
0.277089
0.333100
0.353971
0.470906
0.364518
0.456336
0.377456
0.384006
0.192884
0.376775
0.434552
0.225099
0.409588
0.241581
0.310577
0.331222
0.363701
0.421815
0.358806
0.348153
0.332085
0.348470
0.324527
0.275533
0.288691
0.375432
0.340509
0.195123
0.316959
0.316835
0.307267
0.299798
0.309080
0.290912
0.285974
0.258982
0.432133
0.260494
0.264294
0.266023
0.243748
0.261905
0.427424
0.225672
0.250684
0.217851
0.262973
0.296266
0.433080
0.260040
0.258935
0.280606
0.201269
0.234152
0.232026
0.204243
0.205241
0.201519
0.311517
0.219740
0.214850
0.185714
0.184080
0.190101
0.388955
0.300958
0.318707
0.220620
0.194025
0.211618
0.204024
0.241339
0.210495
0.188212
0.198533
0.212415
0.292487
0.297275
0.238621
0.196584
0.187438
0.194269
0.234103
0.179295
0.182907
0.197585
0.156444
0.456532
0.153099
0.168172
0.167760
0.196874
0.172781
0.167716
0.171277
0.235097
0.168982
0.168832
0.169407
0.176296
0.172102
0.188957
0.168681
0.199287
0.168373
0.182546
0.167593
0.167410
0.151591
0.167363
0.167664
0.167432
0.170389
0.269116
0.169147
0.103868
0.258040
0.166207
0.167205
0.167256
0.195432
0.168301
0.169057
0.229334
0.169267
0.168753
0.176044
0.172826
0.172482
0.171530
0.171208
0.171772
0.171400
0.170151
0.169498
0.170449
0.169171
0.155744
0.169238
0.168229
0.168716
0.168407
0.168328
0.167603
0.172466
0.166608
0.162619
0.166777
0.267428
0.171312
0.175009
0.173377
0.175506
0.221522
0.176967
0.178237
0.177067
0.180557
0.180191
0.180356
0.182142
0.182604
0.183053
0.184841
0.185242
0.180543
0.186601
0.186386
0.186572
0.188990
0.189080
0.189306
0.306694
0.181850
0.191024
0.191452
0.187797
0.187731
0.189133
0.187531
0.189045
0.188975
0.189032
0.188919
0.188844
0.188722
0.188619
0.190045
0.189972
0.193354
0.195104
0.195009
0.190209
0.201549
0.201412
0.233784
0.201846
0.201790
0.201706
0.201596
0.210567
0.221236
0.208679
0.208276
0.206986
0.205285
0.204683
0.203418
0.203192
0.202733
0.202350
0.201812
0.201854
0.201215
0.200970
0.200737
0.200253
0.200063
0.199877
0.199955
0.199810
0.199489
0.199365
0.198659
0.198534
0.198405
0.197897
0.197770
0.197651
0.197561
0.197325
0.197224
0.197101
0.197000
0.197089
0.196981
0.196891
0.197136
0.197004
0.196925
0.196864
0.196455
0.196621
0.196205
0.196266
0.196647
0.196153
0.196435
0.196401
0.196366
0.196386
0.196354
