0.647803
0.606889
0.539000
0.622776
0.549837
0.557442
0.566017
0.539321
0.557330
0.492268
0.455018
0.534435
0.465525
0.539574
0.489567
0.454505
0.421060
0.352816
0.366631
0.406166
0.370333
0.437502
0.350467
0.346581
0.361183
0.335464
0.317738
0.334779
0.373240
0.347857
0.304684
0.342832
0.441535
0.314130
0.328829
0.398074
0.310637
0.325199
0.331393
0.342555
0.341290
0.327658
0.386569
0.363688
0.347604
0.350185
0.390193
0.346558
0.396724
0.365501
0.372529
0.412109
0.284196
0.290101
0.355262
0.246104
0.420285
0.368882
0.361483
0.385001
0.346902
0.406004
0.426168
0.415112
0.382687
0.338219
0.377352
0.297781
0.441691
0.317662
0.422462
0.352949
0.373651
0.357834
0.363354
0.418359
0.393665
0.417452
0.308553
0.377376
0.316913
0.391273
0.335563
0.384913
0.430050
0.353407
0.217285
0.430057
0.184697
0.373662
0.331219
0.465408
0.380240
0.306050
0.342608
0.311976
0.345164
0.437936
0.321344
0.209979
0.248841
0.335042
0.287479
0.301136
0.371111
0.231057
0.217060
0.254266
0.464781
0.350227
0.344117
0.268419
0.262692
0.420775
0.389460
0.271804
0.328697
0.388566
0.407670
0.334159
0.431148
0.299220
0.280754
0.386178
0.301596
0.384014
0.296924
0.250047
0.281314
0.315915
0.391336
0.192360
0.208650
0.273231
0.193622
0.236844
0.287945
0.300694
0.277362
0.323158
0.190715
0.247973
0.234979
0.392885
0.251029
0.348467
0.216741
0.204207
0.252108
0.226357
0.255708
0.360944
0.229976
0.252033
